0001 0014 1655797251482607 -231.0625 -63.5 4.399456899656019 3 
0001 0005 1655797251495590 -6.5 -63.5 6.031612457966341 3 
0001 0000 1655797251511973 18.6875 -68.0 5.497787143782138 3 
0001 0015 1655797251518918 -6.0625 -71.5 0.8713010875190442 3 
0001 0006 1655797251527271 -4.25 -70.5 6.17273869045182 3 
0001 0008 1655797251605082 9.75 -63.0 1.4664856332186729 3 
0001 0004 1655797251609880 -42.3125 -63.0 2.767301341345697 3 
0001 0014 1655797251613968 -100.875 -64.0 4.196971435655114 3 
0001 0005 1655797251621947 -9.75 -64.5 5.9088939949354895 3 
0001 0000 1655797251642601 33.3125 -68.5 2.334718759161946 3 
0001 0006 1655797251653302 -6.0625 -72.0 6.17273869045182 3 
0001 0015 1655797251661718 11.5625 -71.5 0.7485826244881929 3 
0001 0005 1655797251738675 48.8125 -62.0 5.841398840268521 3 
0001 0008 1655797251742805 -78.0625 -63.5 1.4664856332186729 3 
0001 0004 1655797251745933 -6.5 -63.5 2.6813984172241008 3 
0001 0014 1655797251747334 -83.0 -64.5 4.06811704947272 3 
0001 0000 1655797251749380 -221.3125 -68.0 5.822991070813893 3 
0001 0006 1655797251771014 -4.25 -71.0 6.209554229361076 3 
0001 0015 1655797251774610 -6.6875 -72.0 0.7976700097005334 3 
0001 0005 1655797251850553 -3.25 -64.0 5.884350302329319 3 
0001 0014 1655797251853458 13.8125 -64.0 4.1417481272912315 3 
0001 0004 1655797251854819 9.75 -62.0 2.60776733940559 3 
0001 0008 1655797251855955 162.75 -63.0 1.1535535524900022 3 
0001 0000 1655797251863895 58.5625 -68.5 5.325981295538946 3 
0001 0015 1655797251876710 19.5 -72.0 0.7669903939428205 3 
0001 0006 1655797251885771 -4.875 -71.5 6.264777537724958 3 
0001 0014 1655797251962715 -113.875 -64.0 4.289010282928253 3 
0001 0004 1655797251964529 -74.8125 -63.5 2.736621725587984 3 
0001 0008 1655797251968362 -68.3125 -62.5 1.521708941582556 3 
0001 0005 1655797251986959 34.125 -63.5 5.893554187056633 3 
0001 0000 1655797251993163 3.25 -68.5 5.4149521812363135 3 
0001 0015 1655797252006923 17.0625 -71.5 0.7301748550335652 3 
0001 0006 1655797252011999 -12.1875 -71.5 0.006135923151542565 3 
0001 0008 1655797252087844 -97.625 -63.5 1.5155730184310134 3 
0001 0014 1655797252089345 -29.25 -64.5 4.276738436625168 3 
0001 0005 1655797252094852 22.75 -64.5 5.896622148632405 3 
0001 0004 1655797252099236 130.1875 -63.5 2.6016314162540475 3 
0001 0000 1655797252122373 -3.25 -68.5 5.448699758569798 3 
0001 0015 1655797252138269 -19.5 -72.0 0.8406214717613314 3 
0001 0006 1655797252141251 -11.5625 -72.0 6.234097921967246 3 
0001 0005 1655797252219464 -26.0 -65.0 5.945709533844745 3 
0001 0014 1655797252220399 -107.375 -62.5 4.325825821837508 3 
0001 0004 1655797252221833 -58.5625 -63.5 2.791845033951867 3 
0001 0008 1655797252223435 -136.6875 -63.5 1.5707963267948966 3 
0001 0000 1655797252238606 50.4375 -69.0 5.304505564508547 3 
0001 0006 1655797252256423 19.5 -71.5 6.074563920027139 3 
0001 0015 1655797252259966 -14.625 -72.0 0.8406214717613314 3 
0001 0014 1655797252336238 -13.0 -64.5 4.1417481272912315 3 
0001 0008 1655797252338311 39.0 -63.0 1.282407938672396 3 
0001 0004 1655797252339889 -35.75 -62.5 2.675262494072558 3 
0001 0005 1655797252371922 -9.75 -64.5 2.8777479580734626 3 
0001 0006 1655797252378395 4.25 -71.5 6.215690152512618 3 
0001 0000 1655797252382594 4.25 -69.5 5.460971604872882 3 
0001 0015 1655797252385532 -19.5 -71.5 0.9694758579437253 3 
0001 0004 1655797252468900 -55.3125 -62.5 2.6384469551633027 3 
0001 0014 1655797252470475 29.25 -64.5 4.04357335686655 3 
0001 0008 1655797252473109 42.3125 -63.0 1.3130875544301088 3 
0001 0000 1655797252484870 48.8125 -69.0 5.283029833478148 3 
0001 0005 1655797252488636 18.6875 -65.0 2.8194566881338083 3 
0001 0015 1655797252507130 -20.75 -71.5 0.9265243958829272 3 
0001 0006 1655797252514794 14.0 -72.0 6.1420590746941075 3 
0001 0014 1655797252589161 22.75 -64.5 4.184699589352029 3 
0001 0008 1655797252592895 -94.375 -63.0 1.5278448647340985 3 
0001 0004 1655797252598470 3.25 -62.0 2.5280003384355365 3 
0001 0005 1655797252604309 -19.5 -63.0 6.013204688511713 3 
0001 0000 1655797252627699 8.125 -69.0 5.390408488630143 3 
0001 0015 1655797252640651 1.8125 -71.0 0.6381360077604268 3 
0001 0006 1655797252643617 19.5 -71.5 6.1420590746941075 3 
0001 0014 1655797252720511 231.0625 -64.0 3.773592738198677 3 
0001 0004 1655797252723561 52.0625 -62.0 2.5893595699509624 3 
0001 0008 1655797252725364 48.8125 -62.5 1.2333205534600555 3 
0001 0005 1655797252746591 7.3125 -65.0 6.000932842208628 3 
0001 0000 1655797252758590 7.875 -69.0 2.2334760271614935 3 
0001 0006 1655797252764507 -3.0 -71.5 0.04295146206079795 3 
0001 0015 1655797252768818 12.8125 -71.0 0.6320000846088841 3 
0001 0014 1655797252843152 -81.375 -63.5 4.442408361716817 3 
0001 0004 1655797252847087 19.5 -62.0 2.521864415283994 3 
0001 0008 1655797252848036 19.5 -62.5 1.337631247036279 3 
0001 0005 1655797252873938 4.0625 -65.0 5.927301764390117 3 
0001 0000 1655797252891305 -6.6875 -69.5 5.442563835418255 3 
0001 0006 1655797252896022 2.4375 -71.5 6.215690152512618 3 
0001 0015 1655797252900190 -9.125 -71.0 0.8651651643675016 3 
0001 0005 1655797252976062 -3.25 -64.5 5.957981380147831 3 
0001 0014 1655797252976996 -3.25 -63.5 3.890175278077986 3 
0001 0004 1655797252980432 149.6875 -63.0 2.3623304133438876 3 
0001 0008 1655797252982849 -52.0625 -62.5 1.5033011721279284 3 
0001 0015 1655797253020741 37.1875 -70.5 0.5460971604872883 3 
0001 0006 1655797253023054 30.5 -71.5 6.14819499784565 3 
0001 0000 1655797253025459 -8.5 -69.0 5.405748296509 3 
0001 0004 1655797253103999 104.125 -61.0 2.4850488763747385 3 
0001 0008 1655797253105546 113.875 -62.5 1.1596894756415448 3 
0001 0014 1655797253109220 -175.75 -64.0 4.3933209765044765 3 
0001 0005 1655797253116271 19.5 -64.0 5.964117303299373 3 
0001 0000 1655797253141896 22.5625 -69.0 5.295301679781233 3 
0001 0006 1655797253146574 6.6875 -71.0 6.0991076126333095 3 
0001 0015 1655797253176329 1.8125 -72.5 0.760854470791278 3 
0001 0008 1655797253229919 -94.375 -61.5 1.6382914814618648 3 
0001 0005 1655797253231198 120.4375 -62.5 5.730952223540755 3 
0001 0014 1655797253234355 -26.0 -64.5 4.23378697456437 3 
0001 0004 1655797253235278 35.75 -61.5 2.675262494072558 3 
0001 0006 1655797253259843 3.0 -71.0 6.178874613603362 3 
0001 0015 1655797253262895 17.0625 -70.5 0.521553467881118 3 
0001 0000 1655797253269560 -4.25 -69.5 5.50392306693368 3 
0001 0008 1655797253346375 113.875 -61.5 1.2026409377023426 3 
0001 0004 1655797253349614 159.5 -62.5 2.3439226438892597 3 
0001 0014 1655797253351266 -48.8125 -62.5 3.933126740138784 3 
0001 0005 1655797253353015 117.125 -61.5 5.663457068873787 3 
0001 0000 1655797253376725 0.8125 -69.5 5.227806525114265 3 
0001 0015 1655797253385069 -2.4375 -70.5 0.6504078540635119 3 
0001 0006 1655797253395988 -9.125 -71.5 6.209554229361076 3 
0001 0004 1655797253468528 -13.0 -62.5 2.5954954931025047 3 
0001 0014 1655797253471053 104.125 -64.0 3.8533597391687304 3 
0001 0008 1655797253472060 133.4375 -62.5 1.0676506283684062 3 
0001 0005 1655797253490402 -65.0625 -62.5 5.945709533844745 3 
0001 0006 1655797253505522 6.0625 -71.5 6.105243535784852 3 
0001 0000 1655797253514993 6.0625 -70.0 5.332117218690489 3 
0001 0015 1655797253520635 7.3125 -70.5 0.5460971604872883 3 
0001 0014 1655797253596277 -113.875 -64.5 4.246058820867455 3 
0001 0008 1655797253603260 -322.25 -62.0 1.718058482431918 3 
0001 0004 1655797253607251 19.5 -62.5 2.5832236467994196 3 
0001 0005 1655797253646157 1.8125 -65.0 5.902758071783947 3 
0001 0006 1655797253649719 -10.375 -71.0 0.018407769454627694 3 
0001 0015 1655797253652196 3.0 -70.5 0.705631162427395 3 
0001 0000 1655797253654517 -0.5625 -70.0 5.295301679781233 3 
0001 0014 1655797253732544 -61.8125 -64.0 3.9944859716542096 3 
0001 0004 1655797253736017 39.0 -62.5 2.564815877344792 3 
0001 0008 1655797253738782 -55.3125 -63.0 1.3744467859455345 3 
0001 0005 1655797253750476 9.75 -62.5 5.9088939949354895 3 
0001 0000 1655797253776117 16.4375 -70.5 2.184388641949153 3 
0001 0015 1655797253781123 -14.0 -70.5 0.8467573949128739 3 
0001 0006 1655797253784438 17.6875 -71.5 6.092971689481767 3 
0001 0014 1655797253862818 -78.0625 -63.0 4.025165587411922 3 
0001 0008 1655797253864406 -172.5 -62.5 1.662835174068035 3 
0001 0005 1655797253881086 27.625 -64.0 5.838330878692751 3 
0001 0004 1655797253882419 -13.8125 -64.0 5.798447378207723 3 
0001 0015 1655797253889166 -4.875 -70.5 0.7485826244881929 3 
0001 0006 1655797253902392 7.875 -70.5 6.117515382087937 3 
0001 0000 1655797253904744 6.0625 -70.5 5.283029833478148 3 
0001 0001 1655797253950669 29.25 -75.0 0.7547185476397354 3 
0001 0014 1655797254003383 139.125 -63.5 3.877903431774901 3 
0001 0008 1655797254007111 52.0625 -63.0 1.4051264017032472 3 
0001 0004 1655797254017384 65.0625 -63.0 2.3623304133438876 3 
0001 0005 1655797254040747 -12.1875 -64.0 5.924233802814347 3 
0001 0015 1655797254058210 14.0 -71.5 0.8099418560036186 3 
0001 0000 1655797254061248 20.125 -71.5 5.037592907416445 3 
0001 0006 1655797254063574 6.0625 -71.0 6.000932842208628 3 
0001 0001 1655797254106267 -9.75 -75.0 1.2517283229146832 3 
0001 0014 1655797254156469 -52.0625 -64.5 3.706097583531709 3 
0001 0005 1655797254161880 6.5 -62.0 6.000932842208628 3 
0001 0008 1655797254163437 0.0 -62.0 1.3008157081270237 3 
0001 0004 1655797254165932 9.75 -62.0 2.5157284921324514 3 
0001 0006 1655797254189311 -2.4375 -70.5 6.025476534814799 3 
0001 0015 1655797254192331 -3.625 -71.0 0.7915340865489908 3 
0001 0000 1655797254202529 -4.25 -71.5 5.141903600992669 3 
0001 0005 1655797254279189 48.8125 -64.0 0.47860200582032003 3 
0001 0014 1655797254280335 -74.8125 -64.5 4.454680208019902 3 
0001 0008 1655797254282629 0.0 -62.5 1.2087768608538851 3 
0001 0015 1655797254306854 3.625 -68.0 6.12365130523948 3 
0001 0006 1655797254314493 4.875 -73.0 1.9205439464328227 3 
0001 0002 1655797254325110 -34.75 -74.5 1.9757672547967058 3 
0001 0014 1655797254407523 -6.5 -64.0 3.8410878928656453 3 
0001 0015 1655797254408976 107.375 -63.0 0.36815538909255385 3 
0001 0005 1655797254417051 -48.8125 -64.0 4.718524903536232 3 
0001 0007 1655797254429693 13.8125 -67.0 4.76147636559703 3 
0001 0006 1655797254445775 3.625 -73.0 4.325825821837508 3 
0001 0008 1655797254473274 0.5625 -65.0 6.22182607566416 3 
0001 0014 1655797254525203 133.4375 -61.5 3.3379421944391554 3 
0001 0015 1655797254529342 152.9375 -60.0 0.09203884727313846 3 
0001 0008 1655797254530404 39.0 -61.0 1.8653206380689396 3 
0001 0005 1655797254531613 -126.9375 -61.0 1.6321555583103222 3 
0001 0009 1655797254532961 -110.625 -62.5 1.6996507129772904 3 
0001 0011 1655797254547555 9.75 -73.0 5.356660911296659 3 
0001 0004 1655797254615858 2.4375 -68.5 0.4663301595172349 3 
0001 0010 1655797254633894 8.4375 -70.0 0.5645049299419159 3 
0001 0005 1655797254641732 -74.8125 -57.0 3.730641276137879 3 
0001 0015 1655797254643794 0.0 -58.5 6.0991076126333095 3 
0001 0009 1655797254644764 -52.0625 -58.0 1.9266798695843652 3 
0001 0014 1655797254649323 -100.875 -61.5 3.792000507653305 3 
0001 0004 1655797254657281 45.5625 -63.5 2.675262494072558 3 
0001 0010 1655797254666713 -7.3125 -68.0 1.064582666792635 3 
0001 0008 1655797254672300 78.125 -65.5 4.221515128261284 3 
0001 0011 1655797254673619 34.125 -66.0 0.23316507975861744 3 
0001 0001 1655797254693332 -15.8125 -72.5 1.7241944055834606 3 
0001 0002 1655797254695680 16.4375 -70.0 0.7853981633974483 3 
0001 0015 1655797254770327 42.3125 -58.0 5.626641529964532 3 
0001 0009 1655797254771758 16.25 -56.0 6.1850105367549055 3 
0001 0008 1655797254772978 97.625 -62.0 1.41126232485479 3 
0001 0002 1655797254774471 -139.9375 -62.5 4.362641360746763 3 
0001 0014 1655797254775433 79.75 -61.0 3.3747577333484107 3 
0001 0010 1655797254778251 136.6875 -61.0 3.3011266555298997 3 
0001 0005 1655797254780438 94.375 -60.5 1.576932249946439 3 
0001 0007 1655797254795454 87.875 -63.5 4.908738521234052 3 
0001 0011 1655797254803243 -8.9375 -68.5 0.7884661249732196 3 
0001 0004 1655797254841150 -17.375 -74.5 1.9144080232812801 3 
0001 0003 1655797254854054 -14.3125 -74.0 0.3865631585471816 3 
0001 0009 1655797254903992 -84.625 -55.5 2.0064468705544187 3 
0001 0010 1655797254905508 -16.25 -60.0 5.473243451175968 3 
0001 0015 1655797254906713 -6.5 -56.0 5.338253141842031 3 
0001 0005 1655797254907851 52.0625 -56.5 1.736466251886546 3 
0001 0014 1655797254908797 22.75 -60.0 3.5342917352885173 3 
0001 0011 1655797254909763 74.8125 -60.5 1.3069516312785663 3 
0001 0004 1655797254924339 48.0 -66.5 0.3313398501832985 3 
0001 0008 1655797254930629 -3.25 -65.5 0.1932815792735908 3 
0001 0003 1655797254947327 10.9375 -71.5 0.7485826244881929 3 
0001 0014 1655797255021587 -52.0625 -58.0 3.497476196379262 3 
0001 0010 1655797255023877 3.25 -58.0 0.8222137023067037 3 
0001 0015 1655797255029624 0.0 -55.0 5.092816215780329 3 
0001 0011 1655797255032553 45.5625 -60.5 2.435961491162398 3 
0001 0012 1655797255045296 136.6875 -60.5 1.736466251886546 3 
0001 0013 1655797255048003 -13.0 -60.5 5.534602682691394 3 
0001 0005 1655797255051066 -78.0625 -63.0 2.4175537217077703 3 
0001 0009 1655797255053225 91.125 -62.5 0.5276893910326605 3 
0001 0003 1655797255066762 -2.4375 -69.5 1.0246991663076084 3 
0001 0008 1655797255075466 2.4375 -72.5 4.246058820867455 3 
0001 0006 1655797255083037 12.8125 -70.0 0.6504078540635119 3 
0001 0014 1655797255156026 30.875 -59.0 3.1968159619536762 3 
0001 0010 1655797255158050 22.75 -58.0 1.4173982480063325 3 
0001 0015 1655797255160095 -16.25 -55.0 5.056000676871073 3 
0001 0011 1655797255161045 39.0 -59.5 3.393165502803038 3 
0001 0009 1655797255164019 -65.0625 -58.5 1.9880391010997909 3 
0001 0012 1655797255165340 35.75 -60.5 2.834796496012665 3 
0001 0013 1655797255172176 -149.6875 -61.0 5.387340527054372 3 
0001 0005 1655797255173726 -110.625 -61.0 2.116893487282185 3 
0001 0003 1655797255196520 -12.8125 -68.0 0.3436116964863836 3 
0001 0006 1655797255202696 9.125 -69.0 3.80427235395639 3 
0001 0007 1655797255206195 6.6875 -69.5 5.841398840268521 3 
0001 0012 1655797255294514 -55.3125 -60.0 3.4606606574700063 3 
0001 0009 1655797255295718 -19.5 -56.5 2.356194490192345 3 
0001 0014 1655797255296881 104.125 -57.5 3.749049045592507 3 
0001 0015 1655797255297815 -6.5 -55.0 5.019185137961818 3 
0001 0010 1655797255299543 74.8125 -57.5 1.662835174068035 3 
0001 0011 1655797255300931 55.3125 -60.0 3.9392626632903265 3 
0001 0013 1655797255303977 182.25 -59.0 4.798291904506286 3 
0001 0005 1655797255304929 -26.0 -63.0 2.4911847995262812 3 
0001 0007 1655797255333245 -1.625 -66.0 0.4540583132141498 3 
0001 0006 1655797255335074 4.0625 -67.5 0.782330201821677 3 
0001 0003 1655797255367686 1.8125 -67.5 6.252505691421874 3 
0001 0015 1655797255442487 -9.75 -54.5 5.019185137961818 3 
0001 0013 1655797255445524 48.8125 -60.0 4.804427827657828 3 
0001 0012 1655797255447100 52.0625 -60.5 3.067961575771282 3 
0001 0011 1655797255448022 84.625 -59.5 3.902447124381071 3 
0001 0010 1655797255448986 -55.3125 -58.0 1.8837284075235674 3 
0001 0009 1655797255450420 81.375 -57.0 1.9880391010997909 3 
0001 0014 1655797255453013 78.0625 -57.5 3.877903431774901 3 
0001 0007 1655797255477381 13.8125 -66.0 3.724505352986337 3 
0001 0006 1655797255481790 -18.6875 -67.0 3.9239228554114702 3 
0001 0003 1655797255486448 -10.5625 -66.5 0.03681553890925539 3 
0001 0009 1655797255572625 32.5 -58.5 2.055534255766759 3 
0001 0015 1655797255575264 52.0625 -55.0 4.957825906446392 3 
0001 0013 1655797255576373 107.375 -59.5 4.822835597112456 3 
0001 0010 1655797255578469 149.6875 -57.5 1.423534171157875 3 
0001 0014 1655797255579416 39.0 -57.5 3.9515345095934116 3 
0001 0012 1655797255580381 -6.5 -60.5 3.067961575771282 3 
0001 0011 1655797255583445 156.1875 -60.5 3.5956509668039427 3 
0001 0007 1655797255598267 -22.75 -66.5 4.129476280988146 3 
0001 0005 1655797255601410 0.8125 -64.0 5.954913418572059 3 
0001 0006 1655797255603076 -10.5625 -67.5 0.9387962421860124 3 
0001 0003 1655797255624111 7.3125 -67.5 6.12365130523948 3 
0001 0014 1655797255700493 -156.1875 -57.0 4.3074180523828804 3 
0001 0011 1655797255704179 -162.75 -59.0 4.319689898685965 3 
0001 0010 1655797255707578 110.625 -57.0 1.4542137869155878 3 
0001 0012 1655797255709983 -19.5 -60.5 3.117048960983623 3 
0001 0015 1655797255711799 -97.625 -55.5 5.154175447295755 3 
0001 0013 1655797255713472 -26.0 -60.0 4.97623367590102 3 
0001 0009 1655797255720484 136.6875 -61.0 1.748738098189631 3 
0001 0007 1655797255723392 -156.1875 -65.0 4.246058820867455 3 
0001 0005 1655797255747363 40.6875 -64.5 5.893554187056633 3 
0001 0006 1655797255760153 3.625 -68.5 4.104932588381976 3 
0001 0003 1655797255765593 15.8125 -67.5 6.166602767300278 3 
0001 0015 1655797255839532 -19.5 -55.0 5.049864753719531 3 
0001 0012 1655797255841378 -97.625 -59.5 3.1231848841351653 3 
0001 0009 1655797255843192 48.8125 -60.0 1.8346410223112268 3 
0001 0014 1655797255844139 42.3125 -57.5 3.8533597391687304 3 
0001 0010 1655797255845073 126.9375 -57.0 1.380582709097077 3 
0001 0011 1655797255847055 -19.5 -57.5 4.0558452031696355 3 
0001 0013 1655797255848418 -39.0 -60.0 4.970097752749477 3 
0001 0007 1655797255850500 32.5 -63.5 4.0987966652304335 3 
0001 0005 1655797255871955 -7.3125 -64.0 6.163534805724506 3 
0001 0003 1655797255876492 13.8125 -67.0 3.175340230923277 3 
0001 0006 1655797255878096 59.375 -67.0 4.015961702684608 3 
0001 0012 1655797255966954 0.0 -59.5 3.1968159619536762 3 
0001 0011 1655797255969085 32.5 -57.0 4.1172044346850605 3 
0001 0009 1655797255970519 -87.875 -59.0 2.356194490192345 3 
0001 0013 1655797255971477 0.0 -59.0 4.890330751779424 3 
0001 0007 1655797255972439 621.6875 -63.5 3.472932503773092 3 
0001 0014 1655797255973411 6.5 -57.0 3.9576704327449543 3 
0001 0010 1655797255974587 -39.0 -57.5 1.8285050991596843 3 
0001 0015 1655797255976232 58.5625 -55.0 4.853515212870168 3 
0001 0005 1655797255979550 22.75 -62.5 3.2213596545598464 3 
0001 0006 1655797255993357 64.25 -66.5 0.9602719732164113 3 
0001 0003 1655797256010605 0.0 -68.0 0.14726215563702155 3 
0001 0015 1655797256088158 -55.3125 -55.5 5.062136600022616 3 
0001 0011 1655797256089733 -68.3125 -59.0 4.325825821837508 3 
0001 0006 1655797256091292 68.3125 -65.0 1.0615147052168636 3 
0001 0007 1655797256092275 -279.9375 -62.5 4.7307967498393175 3 
0001 0014 1655797256093474 -22.75 -58.0 3.9515345095934116 3 
0001 0012 1655797256094389 -166.0 -59.5 3.4606606574700063 3 
0001 0013 1655797256095322 3.25 -59.5 4.921010367537137 3 
0001 0009 1655797256096262 -42.3125 -58.5 2.3316507975861747 3 
0001 0010 1655797256097151 -48.8125 -58.0 1.9819031779482483 3 
0001 0003 1655797256106006 -34.125 -67.5 0.030679615757712823 3 
0001 0005 1655797256112295 34.9375 -63.0 0.05522330836388308 3 
0001 0010 1655797256198318 9.75 -58.0 1.9389517158874505 3 
0001 0015 1655797256200260 -32.5 -55.0 5.0682725231741586 3 
0001 0013 1655797256201946 120.4375 -60.5 4.8351074434155406 3 
0001 0012 1655797256202881 -179.0 -60.5 3.429981041712294 3 
0001 0009 1655797256204583 -26.0 -60.0 2.2580197197676637 3 
0001 0011 1655797256206043 143.1875 -59.0 4.061981126321178 3 
0001 0005 1655797256208552 52.0625 -63.0 3.104777114680538 3 
0001 0014 1655797256209557 113.875 -58.0 3.810408277107933 3 
0001 0007 1655797256230529 13.8125 -65.5 4.335029706564822 3 
0001 0006 1655797256234459 10.5625 -66.5 1.2793399770966247 3 
0001 0003 1655797256239856 -5.6875 -67.5 0.04601942363656923 3 
0001 0013 1655797256326322 -39.0 -59.5 5.105088062083414 3 
0001 0009 1655797256327474 -55.3125 -60.0 2.478912953223196 3 
0001 0010 1655797256328451 52.0625 -58.0 2.024854640009046 3 
0001 0015 1655797256330095 -45.5625 -55.5 5.105088062083414 3 
0001 0011 1655797256331073 100.875 -58.5 4.166291819897402 3 
0001 0014 1655797256332276 35.75 -57.5 3.902447124381071 3 
0001 0012 1655797256336171 16.25 -62.0 3.3072625786814425 3 
0001 0007 1655797256345895 35.75 -63.5 4.037437433715008 3 
0001 0006 1655797256372285 9.75 -66.5 4.568194786323439 3 
0001 0005 1655797256378697 11.375 -64.0 6.2034183062095325 3 
0001 0003 1655797256385479 -17.875 -67.0 6.231029960391474 3 
