0001 0005 1655971624184440 100.875 -67.5 2.9329712664373457 9 
0001 0012 1655971624186755 -126.9375 -69.0 5.749359992995383 9 
0001 0009 1655971624188955 -65.0625 -70.0 4.196971435655114 9 
0001 0015 1655971624204037 3.0 -69.0 1.2455923997631406 9 
0001 0005 1655971624286018 120.4375 -66.5 3.6815538909255388 9 
0001 0009 1655971624288100 29.25 -64.5 3.9699422790480394 9 
0001 0003 1655971624289874 -71.5625 -70.5 1.227184630308513 9 
0001 0015 1655971624290794 -16.25 -57.5 4.28287435977671 9 
0001 0005 1655971624392035 -19.5 -63.5 4.779884135051658 9 
0001 0015 1655971624393870 26.0 -67.0 4.614214209960009 9 
0001 0009 1655971624394765 52.0625 -65.5 4.4362724385652745 9 
0001 0003 1655971624396450 -84.625 -70.0 1.5830681730979816 9 
0001 0004 1655971624444126 -4.875 -76.0 0.34974761963792617 9 
0001 0002 1655971624499579 -0.8125 -75.5 0.944932165337555 9 
0001 0011 1655971624506470 -9.875 -78.0 1.7978254834019713 9 
0001 0005 1655971624513059 16.25 -60.0 5.902758071783947 9 
0001 0004 1655971624515382 97.625 -69.5 0.7792622402459057 9 
0001 0009 1655971624517191 -6.5 -67.0 5.755495916146925 9 
0001 0015 1655971624519506 9.75 -62.0 6.166602767300278 9 
0001 0003 1655971624523736 244.125 -72.0 3.4913402732277192 9 
0001 0011 1655971624544986 -15.8125 -77.5 1.9512235621905356 9 
0001 0002 1655971624568335 8.1875 -74.5 4.368777283898306 9 
0001 0012 1655971624624720 71.5625 -68.5 2.2457478734645786 9 
0001 0014 1655971624626146 -183.875 -68.0 2.724349879284899 9 
0001 0015 1655971624630583 0.0 -63.0 5.71868037723767 9 
0001 0005 1655971624631525 -45.5625 -58.0 0.7853981633974483 9 
0001 0009 1655971624632503 29.25 -65.5 0.8283496254582462 9 
0001 0004 1655971624633824 45.5625 -66.5 1.533980787885641 9 
0001 0003 1655971624634757 3.25 -70.5 5.111223985234957 9 
0001 0002 1655971624653994 15.8125 -74.5 4.97623367590102 9 
0001 0011 1655971624694717 3.3125 -78.5 4.356505437595221 9 
0001 0009 1655971624747678 -29.25 -63.5 2.399145952253143 9 
0001 0003 1655971624749480 -149.6875 -72.5 0.23316507975861744 9 
0001 0005 1655971624752349 -26.0 -58.0 2.172116795646068 9 
0001 0004 1655971624753897 -35.75 -65.0 2.718213956133356 9 
0001 0012 1655971624756432 -45.5625 -66.0 3.7429131224409646 9 
0001 0014 1655971624758018 45.5625 -67.5 2.8532042654672924 9 
0001 0011 1655971624773303 6.6875 -78.0 2.116893487282185 9 
0001 0015 1655971624809298 -5.4375 -71.0 0.07976700097005335 9 
0001 0014 1655971624864600 -93.5625 -67.0 3.693825737228624 9 
0001 0009 1655971624870069 -19.5 -64.5 4.2031073588066565 9 
0001 0015 1655971624871035 -91.125 -67.0 6.062292073724054 9 
0001 0005 1655971624871943 22.75 -58.5 4.006757817957295 9 
0001 0004 1655971624873252 156.1875 -68.5 4.724660826687775 9 
0001 0003 1655971624875626 234.3125 -74.5 1.6751070203711202 9 
0001 0011 1655971624893140 52.0625 -75.0 1.1382137446111458 9 
0001 0013 1655971624934111 1.1875 -73.0 5.964117303299373 9 
0001 0005 1655971624984606 -6.5 -55.5 5.338253141842031 9 
0001 0013 1655971624985840 13.0 -67.0 0.619728238305799 9 
0001 0014 1655971624986972 -48.8125 -64.0 5.780039608753096 9 
0001 0009 1655971624990638 3.25 -63.5 5.681864838328415 9 
0001 0015 1655971624991620 68.3125 -66.0 5.890486225480862 9 
0001 0004 1655971624994544 9.75 -67.5 0.7731263170943632 9 
0001 0011 1655971624996770 -110.625 -72.5 2.945243112740431 9 
0001 0003 1655971625019559 2.4375 -75.0 3.8717675086233583 9 
0001 0010 1655971625025618 -8.5 -76.0 1.4848934026733007 9 
0001 0002 1655971625071706 4.6875 -75.5 1.1290098598838318 9 
0001 0004 1655971625108691 -113.875 -66.5 1.8100973297050567 9 
0001 0014 1655971625109595 -41.5 -65.5 4.675573441475434 9 
0001 0015 1655971625112872 3.25 -62.5 6.050020227420969 9 
0001 0013 1655971625113852 97.625 -66.5 2.024854640009046 9 
0001 0005 1655971625114815 -6.5 -54.5 0.01227184630308513 9 
0001 0009 1655971625118742 6.5 -62.5 0.7424467013366504 9 
0001 0003 1655971625121433 -32.5 -71.5 4.595806440505381 9 
0001 0011 1655971625165092 1.1875 -75.5 0.7363107781851077 9 
0001 0002 1655971625167457 -10.9375 -74.5 1.6935147898257479 9 
0001 0008 1655971625232349 4.0 -75.5 5.829126993965437 9 
0001 0005 1655971625250671 -29.25 -55.5 0.760854470791278 9 
0001 0009 1655971625251622 -32.5 -61.5 2.1046216409791 9 
0001 0004 1655971625253293 71.5625 -67.5 1.7916895602504288 9 
0001 0008 1655971625254457 52.0625 -72.0 2.773437264497239 9 
0001 0014 1655971625255627 -7.3125 -56.0 0.7731263170943632 9 
0001 0002 1655971625256639 -123.6875 -70.5 2.509592568980909 9 
0001 0015 1655971625258057 48.8125 -60.5 0.380427235395639 9 
0001 0013 1655971625259415 9.75 -60.0 3.5772431973493153 9 
0001 0003 1655971625261893 -9.75 -73.5 5.780039608753096 9 
0001 0011 1655971625312025 -25.1875 -74.0 4.917942405961366 9 
0001 0011 1655971625397210 87.875 -73.0 5.350524988145116 9 
0001 0004 1655971625398997 -22.75 -69.0 2.350058567040802 9 
0001 0015 1655971625400217 6.5 -56.5 2.442097414313941 9 
0001 0014 1655971625402962 0.0 -61.5 4.387185053352934 9 
0001 0008 1655971625404287 29.25 -70.5 3.847223816017188 9 
0001 0013 1655971625405264 -16.25 -67.0 5.1725832167503825 9 
0001 0009 1655971625406186 58.5625 -64.0 2.497320722677824 9 
0001 0005 1655971625407137 -22.75 -57.0 1.662835174068035 9 
0001 0003 1655971625439273 -1.8125 -76.0 1.0369710126106935 9 
0001 0001 1655971625477604 0.0 -75.5 1.4971652489763858 9 
0001 0015 1655971625527641 19.5 -59.5 3.4054373491061236 9 
0001 0009 1655971625529700 -42.3125 -62.5 3.9269908169872414 9 
0001 0013 1655971625531100 -9.75 -68.0 4.9823695990525625 9 
0001 0014 1655971625532885 -21.125 -55.5 5.056000676871073 9 
0001 0004 1655971625534046 -9.75 -69.0 3.5772431973493153 9 
0001 0005 1655971625534966 0.0 -58.5 2.509592568980909 9 
0001 0008 1655971625542605 218.0625 -72.0 4.104932588381976 9 
0001 0003 1655971625543638 71.5625 -72.0 1.576932249946439 9 
0001 0011 1655971625565777 73.1875 -74.0 0.04295146206079795 9 
0001 0014 1655971625690106 -73.1875 -68.0 1.3867186322486196 9 
0001 0009 1655971625692617 -29.25 -61.0 5.258486140871978 9 
0001 0005 1655971625693680 3.25 -58.0 4.417864669110647 9 
0001 0015 1655971625694619 -6.5 -63.0 2.000310947402876 9 
0001 0004 1655971625695813 -94.375 -68.0 5.663457068873787 9 
0001 0013 1655971625696703 -16.25 -62.5 4.4976316700806995 9 
0001 0011 1655971625703348 143.1875 -70.0 1.761009944492716 9 
0001 0003 1655971625729890 7.875 -76.5 5.945709533844745 9 
0001 0010 1655971625810610 14.1875 -77.5 3.8963112012295285 9 
0001 0013 1655971625829305 16.25 -62.5 4.994641445355648 9 
0001 0005 1655971625830254 -6.5 -55.5 5.8659425328746915 9 
0001 0009 1655971625831165 -52.0625 -63.5 0.25770877236478773 9 
0001 0015 1655971625832583 19.5 -64.0 2.073942025221387 9 
0001 0004 1655971625834581 55.3125 -66.5 0.7301748550335652 9 
0001 0014 1655971625835529 -149.6875 -68.0 1.8407769454627694 9 
0001 0011 1655971625837299 -58.5625 -70.5 3.3072625786814425 9 
0001 0010 1655971625861143 10.375 -78.0 1.1474176293384597 9 
0001 0009 1655971625936865 3.25 -63.5 1.368310862793992 9 
0001 0014 1655971625939558 79.75 -65.0 1.0246991663076084 9 
0001 0015 1655971625941117 32.5 -64.0 3.067961575771282 9 
0001 0005 1655971625942081 9.75 -57.0 0.5890486225480862 9 
0001 0013 1655971625943281 0.0 -65.0 5.5714182216006485 9 
0001 0004 1655971625944645 -3.25 -65.0 1.3314953238847365 9 
0001 0011 1655971625955919 35.75 -72.5 4.147884050442774 9 
0001 0012 1655971625959611 -1.625 -73.5 0.5399612373357456 9 
0001 0009 1655971626058672 0.0 -64.5 2.9759227284981438 9 
0001 0005 1655971626060876 -48.8125 -59.5 1.9696313316451632 9 
0001 0012 1655971626062081 9.75 -59.0 5.160311370447297 9 
0001 0015 1655971626063092 -52.0625 -60.5 4.546719055293041 9 
0001 0014 1655971626064393 -24.375 -64.0 0.6135923151542565 9 
0001 0004 1655971626065892 68.3125 -65.0 1.8714565612204823 9 
0001 0011 1655971626067905 55.3125 -69.5 5.411884219660542 9 
0001 0015 1655971626160044 0.0 -65.0 0.6933593161243098 9 
0001 0012 1655971626161283 -26.0 -56.5 5.5100589900852235 9 
0001 0009 1655971626162486 6.5 -64.0 3.8963112012295285 9 
0001 0004 1655971626163635 19.5 -66.0 2.804116880254952 9 
0001 0014 1655971626166143 -6.5 -62.5 0.44178646691106466 9 
0001 0005 1655971626168941 22.75 -60.5 2.705942109830271 9 
0001 0010 1655971626235483 4.375 -78.5 0.7424467013366504 9 
0001 0015 1655971626284118 -13.0 -56.0 3.0250101137104846 9 
0001 0009 1655971626286371 58.5625 -64.0 4.037437433715008 9 
0001 0005 1655971626287903 -16.25 -62.5 3.2520392703175593 9 
0001 0014 1655971626288851 45.5625 -61.5 0.4295146206079795 9 
0001 0004 1655971626289830 -19.5 -67.5 4.135612204139688 9 
0001 0012 1655971626290809 19.5 -57.5 5.344389064993574 9 
0001 0003 1655971626377508 -1.25 -76.5 0.9817477042468103 9 
0001 0005 1655971626397762 0.0 -64.0 3.9822141253511245 9 
0001 0012 1655971626399170 29.25 -63.5 3.2949907323783574 9 
0001 0004 1655971626400104 -48.8125 -68.5 4.9823695990525625 9 
0001 0015 1655971626401777 -45.5625 -65.5 4.485359823777615 9 
0001 0014 1655971626403314 79.75 -63.5 1.4664856332186729 9 
0001 0009 1655971626404233 9.75 -62.0 4.6878452877785195 9 
0001 0003 1655971626425629 14.625 -74.5 4.061981126321178 9 
0001 0007 1655971626436519 20.125 -76.5 0.9387962421860124 9 
0001 0009 1655971626511032 -52.0625 -62.5 5.620505606812989 9 
0001 0004 1655971626511952 65.0625 -66.0 5.2768939103266055 9 
0001 0012 1655971626514506 22.75 -64.5 2.6998061866787286 9 
0001 0005 1655971626515487 -71.5625 -63.5 4.706253057233147 9 
0001 0015 1655971626516943 9.75 -59.0 6.1850105367549055 9 
0001 0007 1655971626526251 22.75 -73.5 1.2885438618239387 9 
0001 0003 1655971626533848 -130.1875 -72.5 4.184699589352029 9 
0001 0014 1655971626556253 23.75 -72.0 5.252350217720435 9 
0001 0005 1655971626631668 -22.75 -61.5 5.209398755659637 9 
0001 0003 1655971626632621 221.3125 -73.0 4.111068511533518 9 
0001 0009 1655971626635493 -13.0 -60.5 5.841398840268521 9 
0001 0012 1655971626637321 -19.5 -65.5 3.380893656499953 9 
0001 0015 1655971626638271 19.5 -65.0 4.215379205109742 9 
0001 0004 1655971626640394 -42.3125 -64.0 6.068427996875596 9 
0001 0014 1655971626650317 -21.9375 -71.5 4.577398671050753 9 
0001 0007 1655971626670210 -18.25 -77.0 2.1046216409791 9 
0001 0001 1655971626734802 -2.4375 -75.5 1.6812429435226628 9 
0001 0005 1655971626751950 16.25 -60.0 5.780039608753096 9 
0001 0012 1655971626753713 -48.8125 -66.0 0.705631162427395 9 
0001 0009 1655971626755161 -91.125 -67.5 5.7616318392984684 9 
0001 0004 1655971626756786 0.0 -63.0 0.30066023442558565 9 
0001 0015 1655971626760505 -35.75 -62.5 4.970097752749477 9 
0001 0014 1655971626772908 -31.6875 -70.5 5.092816215780329 9 
0001 0001 1655971626787854 15.8125 -74.5 5.141903600992669 9 
0001 0005 1655971626860663 87.875 -63.5 0.9203884727313847 9 
0001 0004 1655971626863227 19.5 -63.0 1.030835089459151 9 
0001 0015 1655971626866958 -16.25 -61.0 4.608078286808466 9 
0001 0012 1655971626867909 -35.75 -59.0 1.5707963267948966 9 
0001 0014 1655971626871018 -52.0625 -63.5 6.166602767300278 9 
0001 0011 1655971626899231 -31.125 -77.0 2.4911847995262812 9 
0001 0002 1655971626956404 3.125 -74.5 6.154330920997192 9 
0001 0014 1655971626980813 -9.75 -64.0 0.7976700097005334 9 
0001 0012 1655971626984190 42.3125 -59.5 2.497320722677824 9 
0001 0004 1655971626987352 -65.0625 -66.0 2.6568547246179306 9 
0001 0005 1655971626989406 104.125 -63.5 3.847223816017188 9 
0001 0002 1655971626991654 32.5 -71.0 0.2699806186678728 9 
0001 0013 1655971627021846 58.5625 -74.5 4.718524903536232 9 
0001 0004 1655971627108183 26.0 -67.0 5.737088146692298 9 
0001 0005 1655971627111290 3.25 -61.0 5.6941366846315 9 
0001 0012 1655971627112216 -52.0625 -62.5 4.522175362686871 9 
0001 0013 1655971627113761 94.375 -68.0 3.834951969714103 9 
0001 0014 1655971627114692 -3.25 -64.0 1.3437671701878218 9 
0001 0002 1655971627115804 -139.9375 -69.0 1.4173982480063325 9 
0001 0006 1655971627225725 10.4375 -77.5 5.0253210611133605 9 
0001 0009 1655971627232620 -0.25 -70.0 4.503767593232243 9 
0001 0001 1655971627239884 -0.4375 -75.0 5.829126993965437 9 
0001 0009 1655971627249433 0.0 -66.5 1.607611865704152 9 
0001 0004 1655971627250600 19.5 -62.0 1.7916895602504288 9 
0001 0015 1655971627251762 13.0 -63.0 5.037592907416445 9 
0001 0013 1655971627252719 0.0 -56.0 5.553010452146021 9 
0001 0005 1655971627254648 -9.75 -63.5 1.932815792735908 9 
0001 0002 1655971627255985 -9.75 -69.5 2.386874105950058 9 
0001 0001 1655971627283322 3.0 -75.0 0.07976700097005335 9 
0001 0006 1655971627318638 -24.375 -76.0 0.7424467013366504 9 
0001 0014 1655971627334694 3.8125 -59.5 4.485359823777615 9 
0001 0009 1655971627393831 -35.75 -60.5 3.129320807286708 9 
0001 0005 1655971627394723 -19.5 -60.5 4.430136515413731 9 
0001 0004 1655971627397817 -22.75 -64.0 3.1784081924990484 9 
0001 0013 1655971627399661 13.0 -56.0 0.607456392002714 9 
0001 0015 1655971627401265 22.75 -61.0 5.221670601962723 9 
0001 0014 1655971627402172 -166.8125 -64.5 4.675573441475434 9 
0001 0002 1655971627411450 6.5 -72.0 4.466952054322987 9 
0001 0006 1655971627436802 -18.25 -76.0 1.3314953238847365 9 
0001 0004 1655971627523272 39.0 -69.0 4.025165587411922 9 
0001 0009 1655971627524224 -32.5 -56.5 4.368777283898306 9 
0001 0002 1655971627525433 -45.5625 -71.0 5.485515297479052 9 
0001 0014 1655971627526873 7.3125 -58.5 6.037748381117884 9 
0001 0015 1655971627528309 81.375 -62.5 5.325981295538946 9 
0001 0005 1655971627530692 -29.25 -57.5 5.66959299202533 9 
0001 0013 1655971627532334 26.0 -59.0 2.0923497946760143 9 
0001 0006 1655971627551623 -37.375 -74.0 2.089281833100243 9 
0001 0002 1655971627635405 -126.9375 -66.0 0.23930100291016002 9 
0001 0004 1655971627637712 -22.75 -70.0 5.203262832508095 9 
0001 0013 1655971627639200 -42.3125 -68.5 2.7550294950426117 9 
0001 0005 1655971627640193 -16.25 -56.0 0.030679615757712823 9 
0001 0015 1655971627641329 13.0 -59.0 0.9081166264282996 9 
0001 0014 1655971627643041 -7.3125 -61.0 3.5036121195308043 9 
0001 0009 1655971627644417 -29.25 -58.0 4.822835597112456 9 
0001 0008 1655971627648583 -136.6875 -71.0 0.7424467013366504 9 
0001 0006 1655971627676432 37.375 -73.5 0.06135923151542565 9 
0001 0007 1655971627689975 35.375 -77.0 4.417864669110647 9 
0001 0013 1655971627768571 19.5 -65.5 3.522019888985432 9 
0001 0009 1655971627770465 -6.5 -57.5 6.215690152512618 9 
0001 0015 1655971627771418 -16.25 -62.5 0.5767767762450011 9 
0001 0008 1655971627772341 -58.5625 -70.5 1.7119225592803755 9 
0001 0005 1655971627774750 22.75 -56.0 0.9510680884890975 9 
0001 0004 1655971627779104 42.3125 -68.0 0.11658253987930872 9 
0001 0014 1655971627780145 0.0 -56.5 2.435961491162398 9 
0001 0002 1655971627782250 39.0 -65.0 0.9081166264282996 9 
0001 0006 1655971627791375 68.3125 -74.5 1.1965050145508 9 
0001 0007 1655971627812224 -17.0625 -77.5 5.056000676871073 9 
0001 0015 1655971627892193 -26.0 -60.0 5.853670686571607 9 
0001 0009 1655971627893215 -16.25 -54.5 1.8775924843720249 9 
0001 0004 1655971627894165 35.75 -64.5 1.2455923997631406 9 
0001 0014 1655971627896686 -30.875 -59.5 0.5767767762450011 9 
0001 0002 1655971627898529 35.75 -68.5 1.5953400194010667 9 
0001 0005 1655971627900614 68.3125 -58.0 2.030990563160589 9 
0001 0013 1655971627902422 9.75 -61.0 3.810408277107933 9 
0001 0008 1655971627912216 -270.125 -72.5 3.3011266555298997 9 
0001 0006 1655971627924184 61.8125 -75.0 5.037592907416445 9 
0001 0001 1655971627939088 -26.8125 -74.5 1.8346410223112268 9 
0001 0015 1655971628013367 9.75 -62.0 5.921165841238575 9 
0001 0009 1655971628016540 -16.25 -58.5 3.06182565261974 9 
0001 0005 1655971628018116 -19.5 -58.5 4.1601558967458585 9 
0001 0014 1655971628022890 -68.3125 -61.5 4.6448938257177215 9 
0001 0013 1655971628024121 -13.0 -60.0 4.301282129231338 9 
0001 0004 1655971628025156 -9.75 -64.5 2.5157284921324514 9 
0001 0006 1655971628059203 4.25 -76.0 0.3374757733348411 9 
0001 0004 1655971628135863 -58.5625 -65.0 4.344233591292136 9 
0001 0015 1655971628139551 3.25 -60.5 0.23316507975861744 9 
0001 0014 1655971628140727 35.75 -62.0 4.0128937411088375 9 
0001 0005 1655971628141659 0.0 -54.5 5.534602682691394 9 
0001 0009 1655971628142641 -6.5 -62.0 4.215379205109742 9 
0001 0013 1655971628143607 -65.0625 -62.5 5.21553467881118 9 
0001 0002 1655971628146965 -9.75 -73.0 5.675728915176872 9 
0001 0012 1655971628163330 13.8125 -75.0 5.325981295538946 9 
0001 0006 1655971628174722 -7.875 -76.5 1.3069516312785663 9 
0001 0004 1655971628262650 22.75 -63.0 5.755495916146925 9 
0001 0009 1655971628263843 32.5 -60.5 5.681864838328415 9 
0001 0002 1655971628265379 146.4375 -68.5 6.135923151542564 9 
0001 0012 1655971628267394 -42.3125 -64.5 4.638757902566179 9 
0001 0005 1655971628268315 9.75 -53.0 0.5767767762450011 9 
0001 0014 1655971628270877 13.8125 -60.0 4.608078286808466 9 
0001 0015 1655971628271858 -48.8125 -60.5 1.7978254834019713 9 
0001 0001 1655971628291188 3.0 -74.0 5.970253226450915 9 
0001 0006 1655971628330006 -18.25 -77.5 0.30066023442558565 9 
0001 0009 1655971628401624 -6.5 -62.0 0.7363107781851077 9 
0001 0005 1655971628404180 19.5 -54.0 1.3989904785517047 9 
0001 0014 1655971628405756 17.0625 -60.0 4.890330751779424 9 
0001 0004 1655971628407074 22.75 -61.0 0.6442719309119693 9 
0001 0012 1655971628408055 -9.75 -59.5 5.730952223540755 9 
0001 0015 1655971628408963 3.25 -62.0 2.36846633649543 9 
0001 0001 1655971628439603 -12.1875 -74.5 0.944932165337555 9 
0001 0006 1655971628448927 18.875 -77.5 4.000621894805752 9 
0001 0007 1655971628575083 11.6875 -77.5 1.1044661672776617 9 
0001 0005 1655971628583639 0.0 -55.5 2.442097414313941 9 
0001 0009 1655971628585062 32.5 -61.0 1.3008157081270237 9 
0001 0004 1655971628587584 -45.5625 -61.0 1.662835174068035 9 
0001 0014 1655971628590316 78.0625 -62.0 5.1725832167503825 9 
0001 0015 1655971628591279 -22.75 -60.0 0.3313398501832985 9 
0001 0001 1655971628622380 -3.625 -74.5 2.8102528034064944 9 
0001 0007 1655971628627629 -1.1875 -76.0 1.7241944055834606 9 
0001 0006 1655971628630574 10.9375 -76.0 5.080544369477243 9 
0001 0004 1655971628713278 16.25 -62.5 2.067806102069844 9 
0001 0005 1655971628716998 26.0 -55.0 3.761320891895592 9 
0001 0015 1655971628718004 -6.5 -53.5 3.5956509668039427 9 
0001 0009 1655971628719889 -19.5 -58.0 2.086213871524472 9 
0001 0014 1655971628720922 -13.8125 -68.0 4.061981126321178 9 
0001 0007 1655971628723050 87.875 -75.0 5.516194913236766 9 
0001 0006 1655971628754495 7.3125 -76.0 5.675728915176872 9 
0001 0001 1655971628828276 87.875 -70.0 4.221515128261284 9 
0001 0014 1655971628831207 -17.0625 -64.0 3.736777199289422 9 
0001 0005 1655971628832341 -9.75 -54.0 4.6878452877785195 9 
0001 0004 1655971628833520 -48.8125 -62.5 2.9636508821950587 9 
0001 0009 1655971628839407 9.75 -59.5 2.804116880254952 9 
0001 0015 1655971628840330 -13.0 -59.0 2.6875343403756435 9 
0001 0006 1655971628858108 -35.375 -77.0 5.835262917116979 9 
0001 0007 1655971628877502 19.8125 -79.5 0.30679615757712825 9 
0001 0012 1655971628935132 0.9375 -72.0 0.9387962421860124 9 
0001 0001 1655971628951911 97.625 -70.0 4.853515212870168 9 
0001 0002 1655971628953731 81.375 -72.0 5.786175531904639 9 
0001 0014 1655971628955984 -13.8125 -61.5 3.9576704327449543 9 
0001 0004 1655971628956907 -48.8125 -62.0 4.04357335686655 9 
0001 0015 1655971628958114 -35.75 -55.0 0.14112623248547898 9 
0001 0005 1655971628960298 3.25 -54.0 5.66959299202533 9 
0001 0012 1655971628962505 71.5625 -66.0 1.3560390164909069 9 
0001 0004 1655971629053677 -3.25 -59.5 4.957825906446392 9 
0001 0005 1655971629056219 6.5 -56.0 0.6258641614573416 9 
0001 0014 1655971629057604 -42.3125 -62.5 4.006757817957295 9 
0001 0001 1655971629058807 -100.875 -71.0 5.816855147662351 9 
0001 0012 1655971629060068 19.5 -59.0 1.4910293258248433 9 
0001 0002 1655971629062129 -68.3125 -72.0 0.1718058482431918 9 
0001 0015 1655971629082114 4.875 -68.0 2.2150682577068657 9 
