0001 0015 1656417438809103 110.625 -68.0 3.098641191528995 19 
0001 0005 1656417438811239 -16.25 -67.5 5.375068680751287 19 
0001 0004 1656417438812442 149.6875 -71.5 5.8659425328746915 19 
0001 0003 1656417438814723 -84.625 -64.0 4.184699589352029 19 
0001 0009 1656417438816606 3.25 -72.5 1.5033011721279284 19 
0001 0007 1656417438817543 48.8125 -70.0 1.239456476611598 19 
0001 0001 1656417438818717 -143.1875 -69.0 5.737088146692298 19 
0001 0013 1656417438822616 -39.0 -72.0 1.8653206380689396 19 
0001 0011 1656417438844530 11.5625 -75.0 0.7976700097005334 19 
0001 0015 1656417438925041 149.6875 -68.5 3.11091303783208 19 
0001 0003 1656417438926001 -9.75 -65.0 3.9944859716542096 19 
0001 0005 1656417438928170 -68.3125 -66.5 5.473243451175968 19 
0001 0010 1656417438929144 -39.0 -69.0 1.1474176293384597 19 
0001 0007 1656417438932032 -211.5625 -71.0 1.8100973297050567 19 
0001 0001 1656417438936193 -9.75 -68.5 5.663457068873787 19 
0001 0009 1656417438941417 58.5625 -71.5 1.7119225592803755 19 
0001 0013 1656417438942482 -188.75 -72.0 1.8039614065535141 19 
0001 0004 1656417438956073 97.625 -72.5 5.697204646207271 19 
0001 0011 1656417438983903 1.8125 -76.0 4.06811704947272 19 
0001 0015 1656417439057644 3.25 -67.0 3.153864499892878 19 
0001 0007 1656417439058891 104.125 -70.5 1.2762720155208536 19 
0001 0009 1656417439060350 -87.875 -70.0 1.9941750242513334 19 
0001 0010 1656417439062630 117.9375 -70.5 1.0492428589137786 19 
0001 0013 1656417439064337 -16.25 -71.5 1.8162332528565992 19 
0001 0003 1656417439065275 55.3125 -65.0 3.9699422790480394 19 
0001 0001 1656417439068067 68.3125 -68.5 5.473243451175968 19 
0001 0005 1656417439069899 48.8125 -67.0 5.141903600992669 19 
0001 0004 1656417439083583 48.0 -72.5 5.7616318392984684 19 
0001 0011 1656417439099671 39.0625 -75.0 0.7485826244881929 19 
0001 0009 1656417439177726 152.9375 -70.5 1.423534171157875 19 
0001 0003 1656417439179977 -9.75 -65.0 4.06811704947272 19 
0001 0015 1656417439181160 113.875 -68.0 3.11091303783208 19 
0001 0001 1656417439183411 42.3125 -68.5 5.399612373357457 19 
0001 0007 1656417439188979 130.1875 -72.0 1.368310862793992 19 
0001 0010 1656417439189953 94.375 -70.5 1.2026409377023426 19 
0001 0005 1656417439190921 42.3125 -67.0 5.197126909356553 19 
0001 0013 1656417439200229 91.125 -73.0 1.521708941582556 19 
0001 0004 1656417439223133 6.0625 -73.0 5.773903685601553 19 
0001 0011 1656417439230962 18.25 -75.0 4.086524818927348 19 
0001 0003 1656417439306090 -61.8125 -65.5 4.172427743048944 19 
0001 0009 1656417439308419 -100.875 -71.0 1.9634954084936207 19 
0001 0010 1656417439310310 -16.25 -69.0 1.1965050145508 19 
0001 0005 1656417439311264 -78.0625 -67.5 5.4671075280244255 19 
0001 0015 1656417439312171 -35.75 -68.0 3.368621810196868 19 
0001 0013 1656417439314290 -97.625 -70.0 1.859184714917397 19 
0001 0007 1656417439320102 32.5 -70.0 1.3744467859455345 19 
0001 0001 1656417439321023 -133.4375 -68.0 5.749359992995383 19 
0001 0004 1656417439346669 -18.875 -73.0 5.915029918087033 19 
0001 0011 1656417439352338 37.1875 -76.0 0.8406214717613314 19 
0001 0009 1656417439438384 -104.125 -70.0 1.859184714917397 19 
0001 0004 1656417439439599 -136.6875 -71.0 6.031612457966341 19 
0001 0015 1656417439440803 91.125 -68.5 3.172272269347506 19 
0001 0013 1656417439441781 139.9375 -72.0 1.533980787885641 19 
0001 0007 1656417439442701 16.25 -70.5 1.4971652489763858 19 
0001 0005 1656417439444120 -13.0 -67.0 5.368932757599744 19 
0001 0010 1656417439445097 -120.4375 -70.5 1.4787574795217582 19 
0001 0003 1656417439448734 0.0 -65.0 4.0558452031696355 19 
0001 0001 1656417439451731 -166.0 -68.0 5.66959299202533 19 
0001 0011 1656417439480715 -0.5625 -75.0 3.902447124381071 19 
0001 0009 1656417439556697 113.875 -70.5 1.6505633277649499 19 
0001 0003 1656417439558157 -35.75 -65.0 4.09266074207889 19 
0001 0010 1656417439559118 29.25 -69.5 1.2885438618239387 19 
0001 0005 1656417439562136 52.0625 -67.0 5.154175447295755 19 
0001 0015 1656417439565806 13.0 -68.0 3.227495577711389 19 
0001 0004 1656417439567340 55.3125 -70.0 5.737088146692298 19 
0001 0001 1656417439569006 -26.0 -68.5 5.546874528994478 19 
0001 0007 1656417439570323 81.375 -71.0 1.3744467859455345 19 
0001 0013 1656417439574095 -429.625 -71.0 1.9757672547967058 19 
0001 0011 1656417439601644 22.5625 -74.5 4.01902966426038 19 
0001 0009 1656417439679036 -35.75 -70.5 2.0800779483729293 19 
0001 0015 1656417439679973 -68.3125 -67.5 3.2827188860752723 19 
0001 0003 1656417439680922 35.75 -65.5 3.988350048502667 19 
0001 0010 1656417439686474 -83.0 -70.0 1.4296700943094176 19 
0001 0007 1656417439688301 -39.0 -71.0 1.3008157081270237 19 
0001 0005 1656417439689537 -107.375 -67.0 5.405748296509 19 
0001 0013 1656417439690469 -71.5625 -71.0 1.859184714917397 19 
0001 0001 1656417439691854 -6.5 -69.0 5.522330836388308 19 
0001 0004 1656417439694429 -208.3125 -71.0 6.013204688511713 19 
0001 0011 1656417439718679 14.625 -75.0 4.031301510563465 19 
0001 0007 1656417439796882 136.6875 -71.0 1.2946797849754812 19 
0001 0005 1656417439798205 -42.3125 -67.0 5.424156065963627 19 
0001 0010 1656417439799391 -123.6875 -69.5 1.3989904785517047 19 
0001 0013 1656417439800849 -123.6875 -72.0 1.9389517158874505 19 
0001 0003 1656417439802282 26.0 -64.0 4.049709280018092 19 
0001 0009 1656417439803472 9.75 -69.5 1.859184714917397 19 
0001 0015 1656417439804664 -13.0 -67.0 3.160000423044421 19 
0001 0001 1656417439806183 94.375 -68.5 5.2768939103266055 19 
0001 0004 1656417439809063 -29.25 -71.5 5.957981380147831 19 
0001 0011 1656417439841793 3.0 -75.5 0.9326603190344698 19 
0001 0009 1656417439929808 -3.25 -70.5 1.7732817907958012 19 
0001 0005 1656417439930747 -71.5625 -67.0 5.411884219660542 19 
0001 0003 1656417439931962 22.75 -65.5 3.9822141253511245 19 
0001 0007 1656417439934033 -26.0 -71.5 1.41126232485479 19 
0001 0001 1656417439935222 -65.0625 -68.5 5.565282298449106 19 
0001 0015 1656417439936528 61.8125 -68.5 3.147728576741336 19 
0001 0004 1656417439937691 -48.8125 -70.5 5.890486225480862 19 
0001 0010 1656417439938622 -29.25 -70.5 1.1596894756415448 19 
0001 0013 1656417439947137 117.125 -72.0 1.337631247036279 19 
0001 0011 1656417439968128 15.25 -75.0 3.933126740138784 19 
0001 0004 1656417440050170 -65.0625 -72.0 5.939573610693203 19 
0001 0005 1656417440051193 42.3125 -66.5 5.240078371417351 19 
0001 0001 1656417440052902 -84.625 -68.5 5.651185222570702 19 
0001 0009 1656417440054079 -117.125 -69.5 2.2457478734645786 19 
0001 0015 1656417440055509 78.0625 -68.5 3.147728576741336 19 
0001 0003 1656417440056459 -182.25 -65.0 4.368777283898306 19 
0001 0010 1656417440057673 -71.5625 -70.0 1.1658253987930873 19 
0001 0007 1656417440058665 -16.25 -70.0 1.552388557340269 19 
0001 0013 1656417440062508 -87.875 -71.0 1.662835174068035 19 
0001 0011 1656417440088253 28.0625 -75.0 0.7179030087304801 19 
0001 0010 1656417440168761 -45.5625 -70.0 1.1903690913992575 19 
0001 0015 1656417440170763 97.625 -69.0 3.184544115650591 19 
0001 0005 1656417440171984 -58.5625 -67.0 5.448699758569798 19 
0001 0013 1656417440173469 143.1875 -72.0 1.325359400733194 19 
0001 0003 1656417440174448 -26.0 -65.0 4.0987966652304335 19 
0001 0004 1656417440176031 -208.3125 -71.0 6.135923151542564 19 
0001 0009 1656417440177080 22.75 -70.5 1.88986433067511 19 
0001 0007 1656417440178033 -123.6875 -70.0 1.607611865704152 19 
0001 0001 1656417440179206 -169.25 -69.0 5.810719224510809 19 
0001 0011 1656417440202135 23.1875 -75.0 3.9208548938356986 19 
0001 0009 1656417440282641 -61.8125 -71.5 1.8653206380689396 19 
0001 0005 1656417440283608 -107.375 -66.5 5.491651220630596 19 
0001 0003 1656417440286189 -42.3125 -65.5 4.09266074207889 19 
0001 0013 1656417440288498 146.4375 -72.5 1.4726215563702154 19 
0001 0004 1656417440289869 -42.3125 -72.5 5.927301764390117 19 
0001 0001 1656417440290818 113.875 -68.5 5.411884219660542 19 
0001 0007 1656417440292882 -65.0625 -70.5 1.41126232485479 19 
0001 0010 1656417440293799 -110.625 -69.0 1.3621749396424494 19 
0001 0015 1656417440294999 3.25 -68.0 3.184544115650591 19 
0001 0011 1656417440316347 18.25 -75.0 4.086524818927348 19 
0001 0005 1656417440399133 -94.375 -68.5 5.6143696836614465 19 
0001 0015 1656417440402888 -3.25 -68.5 3.2213596545598464 19 
0001 0003 1656417440403797 29.25 -65.5 3.9822141253511245 19 
0001 0010 1656417440404928 38.1875 -69.0 1.3130875544301088 19 
0001 0009 1656417440406150 -305.9375 -71.0 2.3316507975861747 19 
0001 0007 1656417440408031 133.4375 -71.5 1.227184630308513 19 
0001 0013 1656417440409644 -169.25 -72.0 2.043262409463674 19 
0001 0001 1656417440411185 48.8125 -68.5 5.399612373357457 19 
0001 0004 1656417440413240 71.5625 -72.5 6.062292073724054 19 
0001 0011 1656417440442487 -4.875 -75.5 4.031301510563465 19 
0001 0007 1656417440518895 45.5625 -72.0 1.3621749396424494 19 
0001 0005 1656417440522568 136.6875 -67.0 5.086680292628786 19 
0001 0003 1656417440524140 84.625 -65.0 3.865631585471816 19 
0001 0013 1656417440528464 -68.3125 -72.5 1.7303303287350031 19 
0001 0015 1656417440530106 9.75 -67.5 3.2459033471660166 19 
0001 0009 1656417440531365 71.5625 -72.0 1.6873788666742053 19 
0001 0001 1656417440532342 -162.75 -68.0 5.485515297479052 19 
0001 0010 1656417440533310 0.0 -70.5 1.239456476611598 19 
0001 0004 1656417440534267 -292.9375 -71.0 5.982525072754001 19 
0001 0011 1656417440561922 18.875 -75.5 0.9265243958829272 19 
0001 0013 1656417440637456 -26.0 -71.0 1.6137477888556946 19 
0001 0015 1656417440639701 81.375 -68.0 3.2090878082567613 19 
0001 0010 1656417440640916 71.5625 -70.5 1.1780972450961724 19 
0001 0001 1656417440642049 100.875 -68.0 5.307573526084319 19 
0001 0003 1656417440643736 48.8125 -64.5 4.04357335686655 19 
0001 0005 1656417440645721 58.5625 -67.0 5.160311370447297 19 
0001 0007 1656417440648695 -22.75 -70.0 1.3130875544301088 19 
0001 0004 1656417440650526 -78.0625 -72.0 5.896622148632405 19 
0001 0009 1656417440661343 -20.3125 -73.5 4.899534636506738 19 
0001 0011 1656417440674345 36.0 -75.5 0.8835729338221293 19 
0001 0010 1656417440755342 -156.1875 -68.5 1.4910293258248433 19 
0001 0003 1656417440757836 32.5 -65.0 4.061981126321178 19 
0001 0007 1656417440760176 133.4375 -70.0 1.1167380135807468 19 
0001 0013 1656417440761747 159.5 -71.5 1.3130875544301088 19 
0001 0005 1656417440763602 68.3125 -67.0 5.135767677841127 19 
0001 0009 1656417440765403 -13.0 -72.5 1.8346410223112268 19 
0001 0001 1656417440766534 87.875 -68.5 5.399612373357457 19 
0001 0015 1656417440767642 -61.8125 -69.5 3.368621810196868 19 
0001 0004 1656417440768564 -100.875 -71.0 5.994796919057086 19 
0001 0011 1656417440794499 16.4375 -75.0 4.031301510563465 19 
0001 0005 1656417440868308 -16.25 -66.5 5.368932757599744 19 
0001 0010 1656417440870855 -45.5625 -70.0 1.3069516312785663 19 
0001 0004 1656417440872399 6.5 -71.5 5.786175531904639 19 
0001 0013 1656417440873378 143.1875 -70.5 1.3314953238847365 19 
0001 0003 1656417440874549 -32.5 -64.0 4.129476280988146 19 
0001 0001 1656417440875749 -188.75 -68.5 5.773903685601553 19 
0001 0015 1656417440876898 -19.5 -69.0 3.2827188860752723 19 
0001 0007 1656417440878189 100.875 -71.5 1.2701360923693108 19 
0001 0009 1656417440881980 -123.6875 -72.0 1.7855536370988863 19 
0001 0011 1656417440912152 -4.25 -75.5 0.9326603190344698 19 
0001 0010 1656417440988853 71.5625 -71.0 1.1780972450961724 19 
0001 0015 1656417440990656 94.375 -68.0 3.074097498922825 19 
0001 0004 1656417440992114 22.75 -70.5 5.810719224510809 19 
0001 0001 1656417440993546 -146.4375 -69.0 5.608233760509904 19 
0001 0005 1656417440994466 -9.75 -67.5 5.3627968344482015 19 
0001 0009 1656417440996169 208.3125 -73.5 1.1290098598838318 19 
0001 0003 1656417440997102 -39.0 -64.5 4.074252972624263 19 
0001 0007 1656417440998547 -42.3125 -70.0 1.4603497100671303 19 
0001 0013 1656417441001924 -13.0 -71.5 1.6812429435226628 19 
0001 0011 1656417441031250 0.0 -76.0 3.988350048502667 19 
0001 0010 1656417441108033 -58.5625 -71.0 1.4787574795217582 19 
0001 0007 1656417441109932 -94.375 -70.0 1.6444274046134073 19 
0001 0004 1656417441111480 -65.0625 -71.5 5.976389149602458 19 
0001 0015 1656417441114012 13.0 -68.5 3.2213596545598464 19 
0001 0001 1656417441117169 -58.5625 -69.0 5.485515297479052 19 
0001 0005 1656417441118346 26.0 -66.5 5.197126909356553 19 
0001 0003 1656417441119438 -29.25 -64.5 4.0987966652304335 19 
0001 0013 1656417441121937 -152.9375 -72.0 1.8960002538266525 19 
0001 0009 1656417441146657 28.4375 -75.0 1.6106798272799232 19 
0001 0011 1656417441150924 6.0625 -74.5 0.8958447801252144 19 
0001 0013 1656417441238230 214.8125 -70.5 1.423534171157875 19 
0001 0003 1656417441241775 35.75 -65.0 3.9392626632903265 19 
0001 0015 1656417441243008 -16.25 -68.0 3.2459033471660166 19 
0001 0001 1656417441245100 74.8125 -68.5 5.350524988145116 19 
0001 0005 1656417441246194 -16.25 -67.0 5.350524988145116 19 
0001 0004 1656417441249705 113.875 -71.0 5.602097837358362 19 
0001 0010 1656417441252159 3.25 -69.0 1.1719613219446299 19 
0001 0007 1656417441254415 139.9375 -71.0 1.1596894756415448 19 
0001 0011 1656417441285182 1.1875 -75.5 0.9142525495798421 19 
0001 0009 1656417441287547 17.0625 -75.5 4.7307967498393175 19 
0001 0015 1656417441376851 -45.5625 -67.5 3.2520392703175593 19 
0001 0010 1656417441381096 -48.8125 -69.5 1.3560390164909069 19 
0001 0001 1656417441382087 -61.8125 -69.0 5.589825991055276 19 
0001 0003 1656417441383008 -39.0 -65.5 4.04357335686655 19 
0001 0007 1656417441385089 29.25 -70.5 1.2885438618239387 19 
0001 0005 1656417441386424 -68.3125 -67.0 5.553010452146021 19 
0001 0004 1656417441393841 -100.875 -71.0 6.062292073724054 19 
0001 0013 1656417441395116 113.875 -71.0 1.4603497100671303 19 
0001 0009 1656417441406918 19.5 -74.0 4.709321018808918 19 
0001 0011 1656417441414393 4.875 -75.5 1.0246991663076084 19 
0001 0013 1656417441500671 -13.0 -72.5 1.6321555583103222 19 
0001 0003 1656417441502525 -91.125 -65.5 4.252194744018997 19 
0001 0015 1656417441504568 -107.375 -67.5 3.5158839658338894 19 
0001 0001 1656417441505502 -78.0625 -68.0 5.595961914206819 19 
0001 0010 1656417441506662 130.1875 -69.5 0.9203884727313847 19 
0001 0005 1656417441507613 -133.4375 -67.0 5.516194913236766 19 
0001 0007 1656417441509397 218.0625 -70.5 1.0369710126106935 19 
0001 0004 1656417441510344 22.75 -71.0 5.780039608753096 19 
0001 0011 1656417441526054 -29.875 -76.0 1.0185632431560658 19 
0001 0009 1656417441535656 -26.1875 -74.5 1.8285050991596843 19 
0001 0015 1656417441614236 139.9375 -67.5 3.0372819600135696 19 
0001 0003 1656417441617494 -13.0 -65.0 4.074252972624263 19 
0001 0005 1656417441619589 42.3125 -67.0 5.313709449235861 19 
0001 0013 1656417441621650 -52.0625 -71.5 1.736466251886546 19 
0001 0009 1656417441623479 195.25 -73.5 1.2946797849754812 19 
0001 0010 1656417441624398 -100.875 -69.0 1.227184630308513 19 
0001 0001 1656417441625490 -65.0625 -68.0 5.700272607783043 19 
0001 0007 1656417441628319 201.8125 -71.5 1.012427320004523 19 
0001 0004 1656417441630557 -61.8125 -71.0 5.737088146692298 19 
0001 0011 1656417441656514 17.0625 -76.0 0.8897088569736719 19 
0001 0003 1656417441734224 16.25 -65.0 4.000621894805752 19 
0001 0015 1656417441735472 -61.8125 -68.0 3.313398501832985 19 
0001 0001 1656417441736953 -9.75 -69.0 5.436427912266712 19 
0001 0005 1656417441740131 97.625 -67.0 5.190990986205009 19 
0001 0007 1656417441744751 201.8125 -70.5 1.282407938672396 19 
0001 0009 1656417441745671 -61.8125 -72.5 1.7119225592803755 19 
0001 0010 1656417441748028 24.375 -69.5 1.2210487071569704 19 
0001 0013 1656417441751503 -74.8125 -71.5 1.7855536370988863 19 
0001 0004 1656417441759848 27.625 -72.5 5.715612415661899 19 
0001 0011 1656417441779992 10.375 -76.0 0.9142525495798421 19 
0001 0003 1656417441856818 -9.75 -65.0 4.06811704947272 19 
0001 0007 1656417441858275 42.3125 -70.0 1.2701360923693108 19 
0001 0001 1656417441860044 -143.1875 -68.0 5.632777453116074 19 
0001 0005 1656417441861718 162.75 -67.0 5.006913291658733 19 
0001 0010 1656417441864839 -24.375 -70.0 1.3008157081270237 19 
0001 0013 1656417441866115 65.0625 -72.5 1.4971652489763858 19 
0001 0004 1656417441867754 166.0 -70.5 5.47937937432751 19 
0001 0009 1656417441870483 -104.125 -71.5 1.932815792735908 19 
0001 0015 1656417441871462 48.8125 -68.0 3.1354567304382504 19 
0001 0011 1656417441891023 0.5625 -75.0 0.7669903939428205 19 
0001 0007 1656417441978119 81.375 -70.5 1.1351457830353744 19 
0001 0013 1656417441979906 45.5625 -71.0 1.5707963267948966 19 
0001 0005 1656417441981113 19.5 -66.5 5.381204603902829 19 
0001 0015 1656417441983493 35.75 -68.0 3.147728576741336 19 
0001 0001 1656417441984429 -55.3125 -68.5 5.4671075280244255 19 
0001 0004 1656417441985324 328.75 -72.5 5.313709449235861 19 
0001 0010 1656417441986212 -172.5 -70.5 1.3867186322486196 19 
0001 0003 1656417441987112 0.0 -65.0 4.1172044346850605 19 
0001 0009 1656417441992174 143.1875 -71.5 1.5462526341887264 19 
0001 0011 1656417442011168 -13.375 -75.0 0.8835729338221293 19 
0001 0007 1656417442093180 6.5 -70.5 1.4603497100671303 19 
0001 0001 1656417442094438 -13.0 -68.5 5.497787143782138 19 
0001 0003 1656417442096737 -104.125 -64.5 4.172427743048944 19 
0001 0015 1656417442098590 65.0625 -68.5 3.215223731408304 19 
0001 0005 1656417442099939 19.5 -66.5 5.141903600992669 19 
0001 0010 1656417442101114 13.0 -70.0 1.1106020904292042 19 
0001 0004 1656417442105545 -169.25 -71.0 6.22182607566416 19 
0001 0013 1656417442106903 133.4375 -70.0 1.380582709097077 19 
0001 0009 1656417442107882 -286.4375 -72.0 2.1598449493429825 19 
0001 0011 1656417442146248 4.25 -75.0 0.9326603190344698 19 
0001 0015 1656417442223087 13.0 -68.0 3.2336315008629315 19 
0001 0013 1656417442224236 107.375 -71.5 1.533980787885641 19 
0001 0003 1656417442225937 -29.25 -64.5 4.111068511533518 19 
0001 0005 1656417442229930 9.75 -66.5 5.399612373357457 19 
0001 0010 1656417442231077 100.875 -70.0 1.1780972450961724 19 
0001 0007 1656417442232212 -166.0 -70.5 1.6935147898257479 19 
0001 0001 1656417442234947 -9.75 -69.5 5.344389064993574 19 
0001 0004 1656417442236297 -19.5 -72.0 5.829126993965437 19 
0001 0009 1656417442238905 26.0 -70.5 1.5462526341887264 19 
0001 0011 1656417442271477 1.8125 -76.0 0.7853981633974483 19 
0001 0005 1656417442349196 -143.1875 -67.5 5.540738605842936 19 
0001 0010 1656417442351220 201.8125 -71.0 0.9694758579437253 19 
0001 0001 1656417442352408 -52.0625 -68.0 5.595961914206819 19 
0001 0013 1656417442353356 -227.8125 -72.0 2.2580197197676637 19 
0001 0007 1656417442355042 65.0625 -71.5 1.2026409377023426 19 
0001 0003 1656417442357025 -87.875 -65.0 4.166291819897402 19 
0001 0015 1656417442361612 13.0 -67.5 3.2704470397721868 19 
0001 0004 1656417442362644 0.0 -72.5 5.737088146692298 19 
0001 0009 1656417442363843 -214.8125 -71.0 2.2886993355253766 19 
0001 0011 1656417442401281 -15.25 -75.0 4.1601558967458585 19 
0001 0001 1656417442480929 -45.5625 -69.5 5.5284667595398505 19 
0001 0003 1656417442482119 68.3125 -65.0 4.01902966426038 19 
0001 0013 1656417442484231 45.5625 -71.0 1.4787574795217582 19 
0001 0009 1656417442486840 -9.75 -70.0 1.932815792735908 19 
0001 0005 1656417442488290 -146.4375 -67.0 5.546874528994478 19 
0001 0015 1656417442489239 32.5 -68.5 3.1231848841351653 19 
0001 0004 1656417442494165 156.1875 -72.0 5.792311455056181 19 
0001 0010 1656417442495096 71.5625 -70.5 1.141281706186917 19 
0001 0007 1656417442496403 61.8125 -71.0 1.3621749396424494 19 
0001 0011 1656417442535216 -5.4375 -75.0 0.9510680884890975 19 
0001 0009 1656417442610884 39.0 -71.0 1.7978254834019713 19 
0001 0015 1656417442612659 -52.0625 -68.5 3.3195344249845276 19 
0001 0001 1656417442613575 9.75 -68.0 5.3627968344482015 19 
0001 0005 1656417442615306 45.5625 -67.5 5.264622064023521 19 
0001 0003 1656417442616495 -104.125 -65.0 4.172427743048944 19 
0001 0007 1656417442617573 68.3125 -72.0 1.2517283229146832 19 
0001 0010 1656417442622406 128.5625 -69.5 0.9940195505498954 19 
0001 0004 1656417442623949 -6.5 -71.0 5.730952223540755 19 
0001 0013 1656417442627678 -146.4375 -71.5 1.748738098189631 19 
0001 0004 1656417442631777 -8.9375 -72.5 2.521864415283994 19 
0001 0011 1656417442656014 14.625 -75.0 4.086524818927348 19 
0001 0004 1656417442730462 32.5 -70.0 6.043884304269426 19 
0001 0003 1656417442732020 -19.5 -65.0 4.086524818927348 19 
0001 0015 1656417442733242 -48.8125 -67.5 3.393165502803038 19 
0001 0013 1656417442734417 94.375 -72.0 1.41126232485479 19 
0001 0009 1656417442736955 -58.5625 -70.0 2.2027964114037806 19 
0001 0001 1656417442738381 -55.3125 -69.0 5.64504929941916 19 
0001 0010 1656417442739809 170.0625 -71.0 0.9940195505498954 19 
0001 0005 1656417442740744 -45.5625 -66.5 5.497787143782138 19 
0001 0007 1656417442743702 0.0 -71.5 1.509437095279471 19 
0001 0004 1656417442754707 -6.5 -73.0 5.878214379177777 19 
0001 0011 1656417442771932 -20.75 -75.5 4.252194744018997 19 
0001 0004 1656417442848907 -87.875 -74.0 5.859806609723149 19 
0001 0005 1656417442850266 22.75 -67.0 5.264622064023521 19 
0001 0003 1656417442851202 -32.5 -65.0 4.2031073588066565 19 
0001 0007 1656417442852862 214.8125 -70.5 1.030835089459151 19 
0001 0001 1656417442853778 3.25 -69.0 5.5284667595398505 19 
0001 0013 1656417442855479 120.4375 -71.5 1.4787574795217582 19 
0001 0015 1656417442857109 -58.5625 -68.5 3.313398501832985 19 
0001 0010 1656417442861406 253.875 -70.5 0.9142525495798421 19 
0001 0011 1656417442889582 0.5625 -75.0 0.9019807032767571 19 
0001 0005 1656417442963314 -133.4375 -67.5 5.540738605842936 19 
0001 0015 1656417442965365 -84.625 -70.0 3.3379421944391554 19 
0001 0004 1656417442968159 -35.75 -70.0 5.9518454569962875 19 
0001 0009 1656417442970702 6.5 -69.0 2.0371264863121317 19 
0001 0001 1656417442971652 26.0 -68.0 5.491651220630596 19 
0001 0003 1656417442975687 -35.75 -65.0 4.09266074207889 19 
0001 0007 1656417442978284 19.5 -71.0 1.1903690913992575 19 
0001 0010 1656417442979858 55.3125 -69.5 1.227184630308513 19 
0001 0013 1656417442988156 97.625 -72.5 1.7119225592803755 19 
0001 0011 1656417443016706 12.1875 -75.5 4.074252972624263 19 
0001 0005 1656417443090202 -52.0625 -67.0 5.448699758569798 19 
0001 0010 1656417443093577 -130.1875 -69.0 1.4173982480063325 19 
0001 0007 1656417443095022 205.0625 -70.5 1.2701360923693108 19 
0001 0009 1656417443096682 117.125 -69.5 1.7548740213411735 19 
0001 0003 1656417443098280 -19.5 -64.5 4.01902966426038 19 
0001 0015 1656417443099657 74.8125 -68.5 3.2643111166206444 19 
0001 0004 1656417443100563 -45.5625 -71.5 5.939573610693203 19 
0001 0013 1656417443102263 123.6875 -71.0 1.4296700943094176 19 
0001 0001 1656417443103225 -166.0 -68.0 5.688000761479957 19 
0001 0004 1656417443115153 15.4375 -72.0 5.844466801844293 19 
0001 0011 1656417443133367 -9.125 -75.0 4.129476280988146 19 
0001 0004 1656417443208844 6.5 -72.0 5.982525072754001 19 
0001 0003 1656417443212476 81.375 -65.5 3.9515345095934116 19 
0001 0007 1656417443213368 68.3125 -71.0 1.2333205534600555 19 
0001 0010 1656417443215107 281.5625 -71.0 0.9326603190344698 19 
0001 0009 1656417443216974 -104.125 -69.5 2.1598449493429825 19 
0001 0001 1656417443218746 29.25 -68.5 5.45483568172134 19 
0001 0015 1656417443220847 22.75 -67.5 3.1784081924990484 19 
0001 0005 1656417443222053 -48.8125 -67.0 5.442563835418255 19 
0001 0013 1656417443236448 -42.3125 -71.5 1.5830681730979816 19 
0001 0011 1656417443264728 -7.3125 -75.0 4.037437433715008 19 
0001 0013 1656417443337869 159.5 -71.5 1.3008157081270237 19 
0001 0009 1656417443339031 -169.25 -70.0 2.2457478734645786 19 
0001 0001 1656417443340461 29.25 -68.5 5.43029198911517 19 
0001 0005 1656417443341652 39.0 -67.0 5.3198453723874035 19 
0001 0003 1656417443342573 32.5 -65.0 4.04357335686655 19 
0001 0007 1656417443346305 175.75 -71.0 1.1044661672776617 19 
0001 0010 1656417443347973 -17.0625 -69.5 1.2762720155208536 19 
0001 0015 1656417443351721 -19.5 -67.5 3.2213596545598464 19 
0001 0004 1656417443353376 42.3125 -70.5 5.780039608753096 19 
0001 0011 1656417443372484 -3.0 -76.5 4.086524818927348 19 
0001 0007 1656417443457957 -32.5 -72.5 1.2701360923693108 19 
0001 0005 1656417443460255 -35.75 -67.0 5.460971604872882 19 
0001 0003 1656417443462312 -58.5625 -64.5 4.111068511533518 19 
0001 0001 1656417443463760 74.8125 -69.0 5.47937937432751 19 
0001 0015 1656417443465420 -123.6875 -68.0 3.4606606574700063 19 
0001 0010 1656417443470825 142.375 -70.0 1.1474176293384597 19 
0001 0009 1656417443472669 -48.8125 -69.0 1.9144080232812801 19 
0001 0004 1656417443478908 32.5 -72.5 5.730952223540755 19 
0001 0013 1656417443481157 29.25 -72.0 1.5830681730979816 19 
0001 0011 1656417443517033 4.25 -75.5 0.944932165337555 19 
0001 0015 1656417443592222 166.0 -68.0 2.9820586516496865 19 
0001 0004 1656417443593411 -188.75 -71.5 6.0991076126333095 19 
0001 0001 1656417443594643 227.8125 -69.0 5.178719139901925 19 
0001 0010 1656417443595800 142.375 -69.5 1.000155473701438 19 
0001 0005 1656417443599031 -61.8125 -67.0 5.473243451175968 19 
0001 0013 1656417443601864 -110.625 -71.0 1.718058482431918 19 
0001 0003 1656417443603392 -6.5 -65.5 4.0128937411088375 19 
0001 0007 1656417443606164 35.75 -70.5 1.3008157081270237 19 
0001 0009 1656417443607723 -9.75 -70.5 1.7794177139473437 19 
0001 0011 1656417443635464 25.0 -74.5 0.9387962421860124 19 
