0001 0010 1656417525222683 -32.5 -70.5 1.1474176293384597 19 
0001 0005 1656417525223619 9.75 -67.0 5.381204603902829 19 
0001 0001 1656417525226881 -48.8125 -69.5 5.638913376267617 19 
0001 0013 1656417525227844 -42.3125 -72.5 1.8837284075235674 19 
0001 0007 1656417525229814 -45.5625 -71.0 1.4051264017032472 19 
0001 0003 1656417525232791 -42.3125 -65.0 4.129476280988146 19 
0001 0015 1656417525233855 -3.25 -67.0 3.2827188860752723 19 
0001 0004 1656417525236391 6.5 -70.5 5.939573610693203 19 
0001 0011 1656417525261728 14.0 -75.5 0.8774370106705868 19 
0001 0004 1656417525339693 42.3125 -70.5 5.9088939949354895 19 
0001 0003 1656417525341267 -29.25 -65.0 4.1417481272912315 19 
0001 0013 1656417525342201 94.375 -72.0 1.5401167110371838 19 
0001 0005 1656417525343169 -110.625 -66.5 5.460971604872882 19 
0001 0015 1656417525346177 117.125 -68.0 3.129320807286708 19 
0001 0001 1656417525347970 9.75 -69.0 5.589825991055276 19 
0001 0009 1656417525350969 61.8125 -69.0 1.748738098189631 19 
0001 0010 1656417525352861 -39.0 -70.0 1.1658253987930873 19 
0001 0007 1656417525357044 113.875 -70.5 1.3437671701878218 19 
0001 0011 1656417525377945 -23.75 -75.5 1.043106935762236 19 
0001 0003 1656417525457673 -42.3125 -64.0 4.123340357836604 19 
0001 0007 1656417525459090 -16.25 -70.5 1.4542137869155878 19 
0001 0013 1656417525461673 -143.1875 -72.0 1.8162332528565992 19 
0001 0010 1656417525462999 107.375 -70.5 1.0369710126106935 19 
0001 0009 1656417525464814 159.5 -69.0 1.8653206380689396 19 
0001 0005 1656417525465779 68.3125 -67.0 5.350524988145116 19 
0001 0015 1656417525468345 -126.9375 -67.0 3.485204350076177 19 
0001 0001 1656417525469546 130.1875 -68.5 5.332117218690489 19 
0001 0004 1656417525471927 -3.25 -72.0 5.853670686571607 19 
0001 0011 1656417525497773 -3.625 -75.5 0.8835729338221293 19 
0001 0010 1656417525575596 -62.625 -70.5 1.227184630308513 19 
0001 0005 1656417525577909 117.125 -67.5 5.129631754689584 19 
0001 0003 1656417525579523 -19.5 -64.5 4.074252972624263 19 
0001 0001 1656417525582939 -19.5 -69.5 5.393476450205914 19 
0001 0015 1656417525585051 -78.0625 -68.5 3.3440781175906977 19 
0001 0007 1656417525586904 270.125 -70.5 1.1719613219446299 19 
0001 0009 1656417525587868 113.875 -70.5 1.6996507129772904 19 
0001 0004 1656417525590501 -9.75 -70.5 5.706408530934585 19 
0001 0011 1656417525613027 7.875 -75.0 3.9760782021995817 19 
0001 0013 1656417525691398 -110.625 -72.0 1.6505633277649499 19 
0001 0005 1656417525693072 97.625 -67.0 5.178719139901925 19 
0001 0009 1656417525694620 -32.5 -71.0 1.902136176978195 19 
0001 0003 1656417525695827 52.0625 -65.5 4.0128937411088375 19 
0001 0010 1656417525696784 6.5 -71.0 1.1903690913992575 19 
0001 0001 1656417525698470 133.4375 -68.5 5.221670601962723 19 
0001 0015 1656417525700625 -81.375 -67.5 3.442252888015379 19 
0001 0007 1656417525703894 13.0 -70.5 1.3314953238847365 19 
0001 0004 1656417525709388 45.5625 -71.5 5.822991070813893 19 
0001 0011 1656417525731020 -17.6875 -75.5 0.8897088569736719 19 
0001 0003 1656417525878298 -104.125 -65.0 4.2092432819582 19 
0001 0005 1656417525879362 -42.3125 -66.0 5.491651220630596 19 
0001 0010 1656417525882989 -19.5 -69.5 1.0983302441261191 19 
0001 0001 1656417525883936 -13.0 -68.0 5.240078371417351 19 
0001 0015 1656417525884887 -39.0 -67.0 3.3747577333484107 19 
0001 0013 1656417525886246 -185.5 -72.0 1.9082721001297376 19 
0001 0007 1656417525891268 71.5625 -69.5 1.1780972450961724 19 
0001 0009 1656417525892871 -159.5 -71.0 1.9389517158874505 19 
0001 0004 1656417525898126 -208.3125 -70.0 0.018407769454627694 19 
0001 0011 1656417525917778 -3.0 -75.0 0.9756117810952678 19 
0001 0010 1656417526001432 26.0 -69.5 1.0185632431560658 19 
0001 0005 1656417526002355 -100.875 -67.0 5.448699758569798 19 
0001 0015 1656417526003787 42.3125 -67.0 3.2459033471660166 19 
0001 0009 1656417526006185 6.5 -71.5 1.7916895602504288 19 
0001 0003 1656417526007847 -152.9375 -65.0 4.331961744989051 19 
0001 0001 1656417526009290 -45.5625 -69.5 5.2768939103266055 19 
0001 0004 1656417526019203 -5.6875 -72.0 2.7335537640122127 19 
0001 0011 1656417526039634 12.1875 -75.0 1.0676506283684062 19 
0001 0003 1656417526121644 -13.0 -65.0 4.111068511533518 19 
0001 0009 1656417526122613 -231.0625 -72.5 2.1782527187976104 19 
0001 0005 1656417526123857 -32.5 -67.0 5.516194913236766 19 
0001 0015 1656417526125022 -55.3125 -68.0 3.3747577333484107 19 
0001 0001 1656417526126013 113.875 -69.0 5.086680292628786 19 
0001 0013 1656417526126976 302.6875 -73.5 1.3744467859455345 19 
0001 0007 1656417526130289 16.25 -71.0 1.2640001692177683 19 
0001 0010 1656417526131634 197.6875 -70.0 0.9142525495798421 19 
0001 0004 1656417526148313 -31.6875 -73.0 6.050020227420969 19 
0001 0011 1656417526165645 3.0 -75.5 1.012427320004523 19 
0001 0003 1656417526243270 -104.125 -64.5 4.23378697456437 19 
0001 0005 1656417526244223 35.75 -67.0 5.240078371417351 19 
0001 0004 1656417526245895 61.8125 -72.0 5.767767762450011 19 
0001 0001 1656417526246814 26.0 -68.0 5.105088062083414 19 
0001 0013 1656417526250905 -162.75 -72.5 1.9389517158874505 19 
0001 0015 1656417526251981 -9.75 -68.0 3.3440781175906977 19 
0001 0010 1656417526252973 52.0625 -70.0 1.0615147052168636 19 
0001 0009 1656417526253953 107.375 -72.5 1.6566992509164924 19 
0001 0007 1656417526255261 182.25 -70.5 0.9203884727313847 19 
0001 0011 1656417526273407 2.4375 -75.5 0.9081166264282996 19 
0001 0007 1656417526355043 -78.0625 -71.0 1.5953400194010667 19 
0001 0005 1656417526358022 -48.8125 -67.0 5.411884219660542 19 
0001 0009 1656417526360806 -120.4375 -72.5 1.9819031779482483 19 
0001 0001 1656417526362006 172.5 -68.5 5.031456984264903 19 
0001 0015 1656417526364600 87.875 -68.0 3.2090878082567613 19 
0001 0013 1656417526366133 -231.0625 -71.0 1.9266798695843652 19 
0001 0003 1656417526367320 22.75 -64.5 4.086524818927348 19 
0001 0010 1656417526368254 -74.8125 -70.5 1.2762720155208536 19 
0001 0004 1656417526381070 -49.625 -72.5 5.9088939949354895 19 
0001 0011 1656417526399995 -9.75 -75.5 0.944932165337555 19 
0001 0015 1656417526477046 -156.1875 -67.5 3.6017868899554855 19 
0001 0013 1656417526479199 234.3125 -70.0 1.3744467859455345 19 
0001 0007 1656417526480504 45.5625 -70.5 1.3008157081270237 19 
0001 0005 1656417526481412 -68.3125 -67.0 5.5100589900852235 19 
0001 0003 1656417526482390 -81.375 -65.0 4.276738436625168 19 
0001 0001 1656417526485377 -74.8125 -69.0 5.460971604872882 19 
0001 0010 1656417526489157 -52.0625 -71.0 1.2210487071569704 19 
0001 0004 1656417526505577 -14.625 -72.0 5.819923109238123 19 
0001 0011 1656417526520583 3.625 -75.5 4.025165587411922 19 
0001 0005 1656417526601370 6.5 -66.5 5.418020142812084 19 
0001 0003 1656417526602278 -32.5 -65.0 4.037437433715008 19 
0001 0015 1656417526604125 32.5 -67.5 3.2213596545598464 19 
0001 0007 1656417526605885 81.375 -70.5 1.3069516312785663 19 
0001 0001 1656417526607059 -39.0 -68.5 5.160311370447297 19 
0001 0010 1656417526608233 -225.375 -71.5 1.6751070203711202 19 
0001 0013 1656417526609432 58.5625 -71.5 1.5278448647340985 19 
0001 0004 1656417526632506 -8.9375 -73.0 5.887418263905091 19 
0001 0011 1656417526645834 28.0625 -75.5 0.8713010875190442 19 
0001 0009 1656417526650268 -4.25 -74.5 1.748738098189631 19 
0001 0001 1656417526729352 130.1875 -69.5 4.970097752749477 19 
0001 0015 1656417526731474 -26.0 -68.5 3.3747577333484107 19 
0001 0005 1656417526732395 -3.25 -67.5 5.332117218690489 19 
0001 0003 1656417526736001 -13.0 -64.5 4.111068511533518 19 
0001 0010 1656417526740327 19.5 -69.0 1.1965050145508 19 
0001 0007 1656417526742409 -87.875 -70.5 1.6689710972195777 19 
0001 0013 1656417526743750 -65.0625 -71.0 1.8530487917658545 19 
0001 0009 1656417526744687 283.1875 -71.5 1.4296700943094176 19 
0001 0011 1656417526769524 23.75 -75.5 0.8528933180644165 19 
0001 0004 1656417526775893 7.3125 -73.0 5.921165841238575 19 
0001 0004 1656417526864307 13.0 -70.5 5.9088939949354895 19 
0001 0001 1656417526866373 -71.5625 -69.5 5.589825991055276 19 
0001 0005 1656417526868425 -35.75 -67.0 5.405748296509 19 
0001 0003 1656417526869618 -26.0 -64.5 4.147884050442774 19 
0001 0015 1656417526870484 -19.5 -67.5 3.393165502803038 19 
0001 0013 1656417526871989 130.1875 -71.0 1.5892040962495242 19 
0001 0007 1656417526873082 -120.4375 -69.5 1.5462526341887264 19 
0001 0009 1656417526875177 175.75 -70.5 1.5278448647340985 19 
0001 0010 1656417526876763 -135.0625 -70.0 1.4664856332186729 19 
0001 0011 1656417526896638 -6.6875 -75.5 0.9326603190344698 19 
0001 0001 1656417526976701 126.9375 -69.0 5.295301679781233 19 
0001 0003 1656417526978625 -3.25 -65.0 4.1172044346850605 19 
0001 0015 1656417526979608 244.125 -67.5 2.8777479580734626 19 
0001 0004 1656417526982134 143.1875 -71.0 5.6143696836614465 19 
0001 0005 1656417526983084 -9.75 -67.0 5.325981295538946 19 
0001 0010 1656417526989000 -120.4375 -71.0 1.2455923997631406 19 
0001 0009 1656417526990447 -110.625 -71.0 1.9880391010997909 19 
0001 0007 1656417526991676 3.25 -71.5 1.2640001692177683 19 
0001 0013 1656417526995231 -107.375 -70.5 1.9634954084936207 19 
0001 0011 1656417527014562 4.875 -75.5 4.037437433715008 19 
0001 0010 1656417527094902 107.375 -70.5 1.030835089459151 19 
0001 0001 1656417527097622 -9.75 -69.0 5.497787143782138 19 
0001 0009 1656417527098827 9.75 -70.0 1.8837284075235674 19 
0001 0015 1656417527100035 -39.0 -67.0 3.2949907323783574 19 
0001 0005 1656417527101439 -68.3125 -66.5 5.491651220630596 19 
0001 0004 1656417527102896 152.9375 -71.5 5.792311455056181 19 
0001 0003 1656417527103826 0.0 -64.5 4.0987966652304335 19 
0001 0013 1656417527106735 -71.5625 -72.0 1.846912868614312 19 
0001 0007 1656417527107913 -52.0625 -69.5 1.3621749396424494 19 
0001 0011 1656417527128162 15.25 -75.0 0.8897088569736719 19 
0001 0001 1656417527208788 -26.0 -68.0 5.436427912266712 19 
0001 0003 1656417527209766 94.375 -65.5 3.9453985864418692 19 
0001 0013 1656417527213678 104.125 -72.0 1.4603497100671303 19 
0001 0004 1656417527214672 -328.75 -70.5 0.07363107781851078 19 
0001 0015 1656417527216720 -16.25 -67.5 3.393165502803038 19 
0001 0010 1656417527218829 114.6875 -70.5 0.9878836273983529 19 
0001 0009 1656417527220950 16.25 -70.0 1.6812429435226628 19 
0001 0005 1656417527221918 -74.8125 -67.0 5.418020142812084 19 
0001 0007 1656417527223294 -65.0625 -70.0 1.4542137869155878 19 
0001 0011 1656417527249301 19.5 -75.0 4.154019973594316 19 
0001 0003 1656417527329293 6.5 -65.0 4.080388895775806 19 
0001 0007 1656417527331333 -61.8125 -72.0 1.533980787885641 19 
0001 0013 1656417527332255 42.3125 -70.5 1.7855536370988863 19 
0001 0005 1656417527333177 -35.75 -67.5 5.448699758569798 19 
0001 0001 1656417527334608 -65.0625 -68.0 5.595961914206819 19 
0001 0009 1656417527335982 -84.625 -69.5 1.8775924843720249 19 
0001 0015 1656417527339674 -78.0625 -67.5 3.32567034813607 19 
0001 0010 1656417527341187 3.25 -70.0 1.1290098598838318 19 
0001 0004 1656417527342752 -123.6875 -73.0 6.031612457966341 19 
0001 0011 1656417527366727 -10.375 -75.0 1.086058397823034 19 
0001 0004 1656417527446082 162.75 -73.0 5.737088146692298 19 
0001 0009 1656417527447029 3.25 -69.0 1.9205439464328227 19 
0001 0013 1656417527447966 139.9375 -72.5 1.3989904785517047 19 
0001 0001 1656417527448898 -48.8125 -68.0 5.516194913236766 19 
0001 0003 1656417527450059 13.0 -64.0 4.061981126321178 19 
0001 0007 1656417527451748 -58.5625 -70.0 1.4848934026733007 19 
0001 0015 1656417527452896 97.625 -67.0 3.1661363461959633 19 
0001 0005 1656417527453861 13.0 -67.0 5.258486140871978 19 
0001 0010 1656417527456156 -107.375 -71.0 1.3008157081270237 19 
0001 0011 1656417527482987 -17.6875 -75.0 1.141281706186917 19 
0001 0007 1656417527564920 -175.75 -70.0 1.7303303287350031 19 
0001 0013 1656417527566334 -123.6875 -71.0 1.9757672547967058 19 
0001 0001 1656417527568626 84.625 -69.5 5.418020142812084 19 
0001 0009 1656417527570676 -42.3125 -68.5 1.9757672547967058 19 
0001 0003 1656417527571724 -22.75 -65.5 4.086524818927348 19 
0001 0005 1656417527574232 -45.5625 -67.0 5.424156065963627 19 
0001 0004 1656417527576099 175.75 -71.0 5.516194913236766 19 
0001 0015 1656417527577274 22.75 -68.0 3.2336315008629315 19 
0001 0010 1656417527578433 -24.375 -70.0 1.2701360923693108 19 
0001 0011 1656417527604410 9.75 -75.5 0.7669903939428205 19 
0001 0013 1656417527682161 26.0 -71.5 1.761009944492716 19 
0001 0003 1656417527683138 22.75 -65.5 4.06811704947272 19 
0001 0015 1656417527686272 9.75 -67.5 3.3195344249845276 19 
0001 0005 1656417527687182 26.0 -67.0 5.368932757599744 19 
0001 0009 1656417527688358 -13.0 -68.5 1.9144080232812801 19 
0001 0001 1656417527691472 -29.25 -68.5 5.491651220630596 19 
0001 0007 1656417527701562 -71.5625 -70.5 1.3192234775816514 19 
0001 0010 1656417527706613 -7.3125 -70.0 1.2455923997631406 19 
0001 0004 1656417527714058 24.375 -72.5 5.930369725965889 19 
0001 0011 1656417527731260 14.625 -75.0 3.890175278077986 19 
0001 0003 1656417527814311 -16.25 -65.0 4.0558452031696355 19 
0001 0005 1656417527816437 61.8125 -67.0 5.301437602932776 19 
0001 0013 1656417527818311 -6.5 -71.5 1.718058482431918 19 
0001 0009 1656417527819278 -39.0 -68.5 2.0800779483729293 19 
0001 0010 1656417527820253 104.125 -70.5 1.0185632431560658 19 
0001 0007 1656417527821939 84.625 -69.5 1.4051264017032472 19 
0001 0015 1656417527823273 6.5 -67.5 3.2213596545598464 19 
0001 0001 1656417527824178 19.5 -69.0 5.338253141842031 19 
0001 0004 1656417527836407 -4.875 -72.5 5.954913418572059 19 
0001 0011 1656417527859531 13.375 -75.5 0.8222137023067037 19 
0001 0001 1656417527932933 29.25 -69.0 5.442563835418255 19 
0001 0010 1656417527935470 156.1875 -70.0 0.8528933180644165 19 
0001 0015 1656417527936689 -91.125 -67.5 3.4606606574700063 19 
0001 0003 1656417527937607 -16.25 -65.5 4.049709280018092 19 
0001 0013 1656417527939503 35.75 -71.5 1.4971652489763858 19 
0001 0007 1656417527941208 152.9375 -70.5 1.2640001692177683 19 
0001 0004 1656417527942468 16.25 -72.0 6.000932842208628 19 
0001 0005 1656417527943478 -146.4375 -66.5 5.485515297479052 19 
0001 0009 1656417527945805 -78.0625 -69.0 2.1659808724945253 19 
0001 0011 1656417527985470 -3.0 -75.0 0.9203884727313847 19 
0001 0010 1656417528062334 -130.1875 -71.5 1.227184630308513 19 
0001 0001 1656417528063507 13.0 -69.0 5.47937937432751 19 
0001 0005 1656417528066020 -48.8125 -66.5 5.387340527054372 19 
0001 0003 1656417528067249 0.0 -64.0 4.123340357836604 19 
0001 0009 1656417528068460 -22.75 -68.5 2.061670178918302 19 
0001 0007 1656417528069636 74.8125 -70.0 1.2087768608538851 19 
0001 0015 1656417528070587 -68.3125 -67.5 3.3747577333484107 19 
0001 0013 1656417528072457 35.75 -71.5 1.576932249946439 19 
0001 0004 1656417528075187 -97.625 -74.0 5.976389149602458 19 
0001 0011 1656417528106657 -3.0 -75.0 1.012427320004523 19 
0001 0003 1656417528184136 -87.875 -65.0 4.178563666200486 19 
0001 0009 1656417528185045 146.4375 -69.5 1.5953400194010667 19 
0001 0015 1656417528186223 -65.0625 -67.5 3.399301425954581 19 
0001 0007 1656417528188216 -48.8125 -70.0 1.4971652489763858 19 
0001 0013 1656417528189421 -315.6875 -71.5 2.0800779483729293 19 
0001 0001 1656417528190565 58.5625 -68.5 5.442563835418255 19 
0001 0005 1656417528191741 -9.75 -67.0 5.307573526084319 19 
0001 0004 1656417528192849 39.0 -73.5 5.939573610693203 19 
0001 0010 1656417528202639 13.8125 -69.5 1.1658253987930873 19 
0001 0011 1656417528227871 -14.625 -75.0 1.0185632431560658 19 
0001 0003 1656417528302395 -45.5625 -65.0 4.135612204139688 19 
0001 0005 1656417528304961 3.25 -67.0 5.3627968344482015 19 
0001 0007 1656417528305913 -42.3125 -70.0 1.4051264017032472 19 
0001 0010 1656417528309367 159.5 -72.0 1.1044661672776617 19 
0001 0001 1656417528312121 45.5625 -69.0 5.393476450205914 19 
0001 0013 1656417528313971 -162.75 -72.5 1.88986433067511 19 
0001 0015 1656417528315189 -19.5 -67.5 3.313398501832985 19 
0001 0009 1656417528316651 156.1875 -70.0 1.6935147898257479 19 
0001 0004 1656417528323397 -198.5625 -71.5 6.037748381117884 19 
0001 0011 1656417528345862 -15.8125 -75.0 4.1601558967458585 19 
0001 0015 1656417528428180 -84.625 -67.5 3.4054373491061236 19 
0001 0005 1656417528429144 -16.25 -67.0 5.301437602932776 19 
0001 0007 1656417528431658 237.5625 -71.0 1.0983302441261191 19 
0001 0003 1656417528433056 -6.5 -65.0 4.111068511533518 19 
0001 0010 1656417528434032 -100.875 -72.0 1.2026409377023426 19 
0001 0001 1656417528436880 192.0 -68.5 5.332117218690489 19 
0001 0013 1656417528437815 299.4375 -70.5 1.4542137869155878 19 
0001 0009 1656417528438978 -52.0625 -69.5 1.8837284075235674 19 
0001 0004 1656417528443409 104.125 -70.5 5.565282298449106 19 
0001 0011 1656417528476004 0.0 -75.5 4.0558452031696355 19 
0001 0004 1656417528558252 -84.625 -71.5 6.086835766330224 19 
0001 0005 1656417528560665 -13.0 -67.5 5.240078371417351 19 
0001 0003 1656417528562559 3.25 -64.5 3.988350048502667 19 
0001 0010 1656417528564258 13.8125 -70.5 1.2333205534600555 19 
0001 0001 1656417528565278 -39.0 -68.5 5.632777453116074 19 
0001 0007 1656417528566721 58.5625 -69.5 1.2762720155208536 19 
0001 0009 1656417528568368 -91.125 -72.0 2.012582793705961 19 
0001 0015 1656417528569529 19.5 -67.5 3.2090878082567613 19 
0001 0013 1656417528581179 120.4375 -70.5 1.5155730184310134 19 
0001 0011 1656417528608593 -4.875 -75.5 1.0492428589137786 19 
0001 0007 1656417528686785 48.8125 -71.5 1.423534171157875 19 
0001 0009 1656417528693596 -84.625 -72.0 2.110757564130642 19 
0001 0005 1656417528694801 -58.5625 -66.0 5.356660911296659 19 
0001 0001 1656417528696227 78.0625 -69.0 5.295301679781233 19 
0001 0015 1656417528697799 16.25 -67.5 3.3011266555298997 19 
0001 0013 1656417528698707 182.25 -72.0 1.1719613219446299 19 
0001 0003 1656417528699897 -139.9375 -65.0 4.252194744018997 19 
0001 0010 1656417528702377 177.375 -70.5 0.9694758579437253 19 
0001 0004 1656417528707633 1.625 -72.5 5.841398840268521 19 
0001 0011 1656417528726395 -0.5625 -75.5 0.9510680884890975 19 
0001 0001 1656417528814336 6.5 -67.5 5.405748296509 19 
0001 0005 1656417528815826 -39.0 -67.0 5.442563835418255 19 
0001 0015 1656417528819740 -48.8125 -67.5 3.32567034813607 19 
0001 0009 1656417528820649 231.0625 -69.5 1.4910293258248433 19 
0001 0003 1656417528822292 -107.375 -65.0 4.246058820867455 19 
0001 0013 1656417528823379 -3.25 -71.5 1.761009944492716 19 
0001 0004 1656417528824360 94.375 -71.0 5.700272607783043 19 
0001 0007 1656417528826303 126.9375 -70.0 1.1106020904292042 19 
0001 0010 1656417528827363 52.0625 -70.0 1.1167380135807468 19 
0001 0011 1656417528851190 13.375 -76.0 0.9572040116406401 19 
0001 0001 1656417528931484 55.3125 -68.5 5.424156065963627 19 
0001 0007 1656417528933115 -130.1875 -70.5 1.6137477888556946 19 
0001 0003 1656417528934007 -48.8125 -64.5 4.154019973594316 19 
0001 0005 1656417528934959 -45.5625 -67.0 5.418020142812084 19 
0001 0010 1656417528936418 52.0625 -71.0 1.1719613219446299 19 
0001 0015 1656417528938601 32.5 -69.0 3.3502140407422405 19 
0001 0004 1656417528940065 -149.6875 -71.5 6.062292073724054 19 
0001 0009 1656417528943421 -231.0625 -71.0 2.2457478734645786 19 
0001 0013 1656417528952385 13.0 -70.0 1.5401167110371838 19 
0001 0011 1656417528991590 -21.3125 -75.5 1.0676506283684062 19 
0001 0015 1656417529065748 -61.8125 -68.5 3.32567034813607 19 
0001 0001 1656417529066893 -71.5625 -68.5 5.393476450205914 19 
0001 0004 1656417529067773 192.0 -71.0 5.71868037723767 19 
0001 0013 1656417529069431 -276.625 -72.0 2.36846633649543 19 
0001 0007 1656417529071043 55.3125 -70.5 1.239456476611598 19 
0001 0009 1656417529072275 244.125 -72.5 1.3621749396424494 19 
0001 0005 1656417529073663 -107.375 -66.5 5.546874528994478 19 
0001 0003 1656417529075363 -100.875 -65.0 4.215379205109742 19 
0001 0010 1656417529081489 62.625 -69.5 0.9633399347921826 19 
0001 0011 1656417529114368 -8.5 -75.5 0.9940195505498954 19 
0001 0005 1656417529189249 -26.0 -66.5 5.344389064993574 19 
0001 0007 1656417529191337 -335.25 -72.0 1.7241944055834606 19 
0001 0013 1656417529192890 -6.5 -70.5 1.7241944055834606 19 
0001 0003 1656417529194348 35.75 -64.5 4.037437433715008 19 
0001 0015 1656417529195978 -120.4375 -67.5 3.479068426924634 19 
0001 0001 1656417529200737 107.375 -69.0 5.368932757599744 19 
0001 0010 1656417529205342 240.875 -69.5 0.9572040116406401 19 
0001 0004 1656417529209164 -39.0 -71.5 6.14819499784565 19 
0001 0009 1656417529211346 -9.75 -71.0 1.6382914814618648 19 
0001 0011 1656417529236822 20.75 -75.0 0.9387962421860124 19 
0001 0001 1656417529313002 107.375 -68.5 5.240078371417351 19 
0001 0015 1656417529314803 -58.5625 -67.0 3.2459033471660166 19 
0001 0010 1656417529316785 201.8125 -71.0 0.9387962421860124 19 
0001 0003 1656417529317761 -39.0 -64.0 4.0987966652304335 19 
0001 0005 1656417529319728 -13.0 -66.5 5.325981295538946 19 
0001 0009 1656417529321261 -91.125 -71.5 1.7916895602504288 19 
0001 0007 1656417529322806 159.5 -71.0 1.184233168247715 19 
0001 0004 1656417529330942 -91.125 -72.0 5.798447378207723 19 
0001 0013 1656417529331919 -91.125 -73.0 1.6689710972195777 19 
0001 0011 1656417529346589 9.75 -75.0 4.037437433715008 19 
0001 0005 1656417529432837 78.0625 -67.0 5.166447293598839 19 
0001 0010 1656417529434025 166.0 -69.5 0.9326603190344698 19 
0001 0003 1656417529436335 6.5 -65.0 4.049709280018092 19 
0001 0015 1656417529439840 -84.625 -68.0 3.4177091954092087 19 
0001 0001 1656417529443484 -39.0 -69.5 5.424156065963627 19 
0001 0013 1656417529444824 6.5 -70.0 1.7426021750380885 19 
0001 0007 1656417529447189 166.0 -71.0 1.325359400733194 19 
0001 0009 1656417529449667 104.125 -72.0 1.6505633277649499 19 
0001 0004 1656417529450603 -42.3125 -70.5 5.810719224510809 19 
0001 0011 1656417529474089 -15.8125 -75.0 1.0369710126106935 19 
0001 0001 1656417529557078 42.3125 -67.5 5.424156065963627 19 
0001 0009 1656417529559485 -250.625 -70.0 2.405281875404685 19 
0001 0003 1656417529560831 -149.6875 -65.0 4.276738436625168 19 
0001 0005 1656417529562023 -100.875 -66.5 5.460971604872882 19 
0001 0015 1656417529563243 -35.75 -67.5 3.479068426924634 19 
0001 0007 1656417529565141 -94.375 -69.5 1.3130875544301088 19 
0001 0004 1656417529566136 -22.75 -70.5 5.786175531904639 19 
0001 0013 1656417529567724 45.5625 -72.0 1.4848934026733007 19 
0001 0010 1656417529572514 78.0625 -70.0 0.9142525495798421 19 
0001 0011 1656417529601346 6.0625 -75.0 0.9510680884890975 19 
0001 0004 1656417529678129 117.125 -71.0 5.712544454086128 19 
0001 0005 1656417529679948 110.625 -67.0 5.178719139901925 19 
0001 0001 1656417529682199 -35.75 -68.5 5.589825991055276 19 
0001 0009 1656417529683830 -16.25 -69.5 1.9880391010997909 19 
0001 0015 1656417529685939 -42.3125 -67.5 3.3195344249845276 19 
0001 0003 1656417529686887 -6.5 -65.0 4.1601558967458585 19 
0001 0010 1656417529689237 113.875 -72.0 1.1106020904292042 19 
0001 0007 1656417529692174 -6.5 -70.5 1.3928545554001621 19 
0001 0013 1656417529695177 156.1875 -71.0 1.5585244804918115 19 
0001 0011 1656417529714578 3.625 -76.0 0.9326603190344698 19 
0001 0015 1656417529798636 -29.25 -67.5 3.3011266555298997 19 
0001 0003 1656417529799942 -58.5625 -64.5 4.184699589352029 19 
0001 0005 1656417529802010 -81.375 -67.0 5.43029198911517 19 
0001 0001 1656417529802958 55.3125 -69.0 5.381204603902829 19 
0001 0009 1656417529805048 94.375 -70.5 1.6137477888556946 19 
0001 0004 1656417529811285 -58.5625 -71.0 5.749359992995383 19 
0001 0013 1656417529816592 -429.625 -71.5 2.3193789512830896 19 
0001 0007 1656417529817651 42.3125 -71.5 1.2455923997631406 19 
0001 0011 1656417529840768 38.4375 -75.5 3.9638063558964967 19 
0001 0015 1656417529920095 -58.5625 -67.5 3.393165502803038 19 
0001 0001 1656417529921282 87.875 -69.0 5.227806525114265 19 
0001 0005 1656417529922178 -58.5625 -67.0 5.546874528994478 19 
0001 0004 1656417529923073 276.625 -72.0 5.522330836388308 19 
0001 0003 1656417529924048 91.125 -65.5 4.01902966426038 19 
0001 0013 1656417529925947 -71.5625 -71.0 1.8407769454627694 19 
0001 0007 1656417529929688 -270.125 -69.5 1.736466251886546 19 
0001 0009 1656417529931315 185.5 -70.5 1.7303303287350031 19 
0001 0010 1656417529932839 94.375 -70.5 1.0676506283684062 19 
0001 0011 1656417529955509 6.6875 -75.0 3.9638063558964967 19 
0001 0015 1656417530035899 42.3125 -67.0 3.1784081924990484 19 
0001 0003 1656417530036863 -29.25 -65.0 4.111068511533518 19 
0001 0005 1656417530037783 6.5 -67.0 5.405748296509 19 
0001 0007 1656417530039189 -136.6875 -69.5 1.705786636128833 19 
0001 0001 1656417530040150 185.5 -68.5 5.2768939103266055 19 
0001 0009 1656417530041383 -39.0 -71.0 1.8530487917658545 19 
0001 0013 1656417530043764 192.0 -70.0 1.2026409377023426 19 
0001 0004 1656417530047718 -6.5 -72.5 6.074563920027139 19 
0001 0010 1656417530051796 -19.5 -70.0 1.2946797849754812 19 
0001 0011 1656417530073871 1.8125 -75.0 0.9326603190344698 19 
0001 0013 1656417530153590 19.5 -71.5 1.8407769454627694 19 
0001 0003 1656417530154826 -42.3125 -64.5 4.1417481272912315 19 
0001 0007 1656417530156301 -48.8125 -70.5 1.380582709097077 19 
0001 0001 1656417530157815 52.0625 -68.5 5.350524988145116 19 
0001 0004 1656417530161430 58.5625 -71.5 5.810719224510809 19 
0001 0009 1656417530162691 -68.3125 -70.5 2.116893487282185 19 
0001 0005 1656417530164760 -22.75 -66.5 5.411884219660542 19 
0001 0015 1656417530167058 9.75 -66.5 3.3011266555298997 19 
0001 0010 1656417530168772 78.0625 -71.0 1.2026409377023426 19 
0001 0011 1656417530189271 0.5625 -75.5 3.9515345095934116 19 
