0001 0010 1655798580905350 -6.5 -58.0 2.1782527187976104 4 
0001 0013 1655798580906839 -13.0 -55.5 4.9394181369917645 4 
0001 0015 1655798580907761 13.0 -62.5 5.105088062083414 4 
0001 0003 1655798580909437 -159.5 -73.5 1.8100973297050567 4 
0001 0011 1655798580910654 -9.75 -60.5 5.062136600022616 4 
0001 0005 1655798580911565 87.875 -64.0 0.944932165337555 4 
0001 0007 1655798580912997 -48.8125 -69.0 4.7307967498393175 4 
0001 0004 1655798580914145 22.75 -67.0 1.859184714917397 4 
0001 0012 1655798580915281 -42.3125 -57.5 3.5036121195308043 4 
0001 0002 1655798580917711 -39.0 -70.5 3.1354567304382504 4 
0001 0014 1655798581007926 26.0 -61.0 2.7550294950426117 4 
0001 0009 1655798581009088 -26.0 -58.5 2.767301341345697 4 
0001 0012 1655798581011358 -29.25 -57.5 3.5588354278946874 4 
0001 0013 1655798581013670 -45.5625 -55.5 4.9823695990525625 4 
0001 0011 1655798581015056 3.25 -60.0 5.098952138931871 4 
0001 0010 1655798581016032 16.25 -58.0 2.2089323345553233 4 
0001 0005 1655798581017639 74.8125 -64.0 1.0062913968529805 4 
0001 0015 1655798581019213 -52.0625 -63.0 5.264622064023521 4 
0001 0002 1655798581020106 84.625 -69.0 3.031146036862027 4 
0001 0004 1655798581021057 81.375 -66.5 1.859184714917397 4 
0001 0003 1655798581022106 35.75 -72.5 1.2333205534600555 4 
0001 0007 1655798581023057 -68.3125 -67.0 4.798291904506286 4 
0001 0007 1655798581112671 -74.8125 -67.5 4.902602598082509 4 
0001 0011 1655798581114652 9.75 -60.5 5.086680292628786 4 
0001 0002 1655798581115846 42.3125 -70.5 3.160000423044421 4 
0001 0004 1655798581117547 -35.75 -66.0 2.0923497946760143 4 
0001 0005 1655798581118528 45.5625 -64.5 1.030835089459151 4 
0001 0010 1655798581120226 -29.25 -58.5 2.2886993355253766 4 
0001 0015 1655798581122595 16.25 -63.5 5.148039524144211 4 
0001 0003 1655798581123531 39.0 -74.5 1.4051264017032472 4 
0001 0013 1655798581124707 -35.75 -56.0 4.970097752749477 4 
0001 0012 1655798581128832 0.0 -57.5 3.509748042682347 4 
0001 0009 1655798581129800 -9.75 -58.5 2.8286605728611223 4 
0001 0014 1655798581131001 3.25 -60.5 2.779573187648782 4 
0001 0013 1655798581221980 9.75 -55.5 4.945554060143307 4 
0001 0012 1655798581224352 -39.0 -57.5 3.6017868899554855 4 
0001 0011 1655798581225244 -19.5 -60.5 5.129631754689584 4 
0001 0005 1655798581226453 104.125 -65.0 0.8835729338221293 4 
0001 0007 1655798581227389 -65.0625 -67.5 4.847379289718626 4 
0001 0009 1655798581229096 0.0 -59.0 2.816388726558037 4 
0001 0014 1655798581230048 -3.25 -60.5 2.816388726558037 4 
0001 0015 1655798581231001 13.0 -62.5 5.178719139901925 4 
0001 0010 1655798581232400 -9.75 -57.5 2.2886993355253766 4 
0001 0002 1655798581234773 -6.5 -69.5 3.380893656499953 4 
0001 0004 1655798581236020 55.3125 -66.0 1.9880391010997909 4 
0001 0003 1655798581238416 45.5625 -71.5 1.6935147898257479 4 
0001 0005 1655798581328410 61.8125 -65.0 0.9817477042468103 4 
0001 0009 1655798581330325 -13.0 -59.0 2.8654761117703775 4 
0001 0011 1655798581331526 0.0 -60.0 5.105088062083414 4 
0001 0003 1655798581335491 149.6875 -73.5 0.9203884727313847 4 
0001 0013 1655798581336679 9.75 -56.0 4.914874444385594 4 
0001 0012 1655798581337632 -61.8125 -57.5 3.6324665057131984 4 
0001 0014 1655798581338591 3.25 -61.0 2.834796496012665 4 
0001 0015 1655798581339530 -13.0 -62.5 5.190990986205009 4 
0001 0010 1655798581340501 0.0 -58.0 2.2518837966161214 4 
0001 0007 1655798581341799 -91.125 -67.5 4.767612288748572 4 
0001 0004 1655798581342987 9.75 -66.5 2.1046216409791 4 
0001 0002 1655798581344284 133.4375 -70.0 3.2029518851052186 4 
0001 0013 1655798581433716 -6.5 -55.5 4.933282213840222 4 
0001 0005 1655798581434895 13.0 -64.5 1.0921943209745766 4 
0001 0014 1655798581435812 -7.3125 -61.0 2.8286605728611223 4 
0001 0011 1655798581437020 -39.0 -60.0 5.086680292628786 4 
0001 0012 1655798581438198 29.25 -57.5 3.4913402732277192 4 
0001 0015 1655798581439429 0.0 -62.5 5.092816215780329 4 
0001 0009 1655798581441306 -42.3125 -59.5 2.8654761117703775 4 
0001 0010 1655798581443246 32.5 -58.0 2.184388641949153 4 
0001 0004 1655798581444167 35.75 -66.0 2.0923497946760143 4 
0001 0002 1655798581445162 32.5 -71.0 3.399301425954581 4 
0001 0007 1655798581449631 -97.625 -68.5 4.828971520263998 4 
0001 0003 1655798581450669 -52.0625 -71.5 1.6198837120072371 4 
0001 0011 1655798581543953 -45.5625 -60.5 5.117359908386499 4 
0001 0009 1655798581545426 13.0 -59.5 2.761165418194154 4 
0001 0012 1655798581547157 -29.25 -57.5 3.54042765844006 4 
0001 0010 1655798581548600 19.5 -58.0 2.2027964114037806 4 
0001 0013 1655798581549533 3.25 -56.0 4.92714629068868 4 
0001 0015 1655798581551962 26.0 -63.0 5.154175447295755 4 
0001 0005 1655798581552941 16.25 -65.5 1.030835089459151 4 
0001 0004 1655798581554744 68.3125 -66.5 2.061670178918302 4 
0001 0014 1655798581555917 26.0 -61.0 2.7550294950426117 4 
0001 0007 1655798581557095 26.0 -68.0 4.638757902566179 4 
0001 0002 1655798581558061 13.0 -70.0 3.442252888015379 4 
0001 0003 1655798581559013 130.1875 -73.0 1.2026409377023426 4 
0001 0005 1655798581649362 123.6875 -64.5 0.9081166264282996 4 
0001 0007 1655798581651967 -104.125 -67.5 4.792155981354743 4 
0001 0015 1655798581652943 6.5 -63.0 5.190990986205009 4 
0001 0014 1655798581655226 6.5 -61.0 2.767301341345697 4 
0001 0010 1655798581656679 19.5 -58.0 2.1782527187976104 4 
0001 0009 1655798581657616 -19.5 -59.0 2.791845033951867 4 
0001 0013 1655798581658580 -16.25 -56.0 4.957825906446392 4 
0001 0003 1655798581659499 9.75 -74.5 1.423534171157875 4 
0001 0012 1655798581660748 -9.75 -57.5 3.5342917352885173 4 
0001 0011 1655798581661642 9.75 -60.0 4.994641445355648 4 
0001 0002 1655798581663223 107.375 -69.0 3.0250101137104846 4 
0001 0004 1655798581664115 68.3125 -65.5 1.9205439464328227 4 
0001 0007 1655798581752424 162.75 -69.0 4.221515128261284 4 
0001 0011 1655798581755747 -16.25 -60.5 5.049864753719531 4 
0001 0010 1655798581756809 13.0 -58.0 2.1598449493429825 4 
0001 0014 1655798581758235 -3.25 -60.5 2.804116880254952 4 
0001 0012 1655798581759483 -29.25 -57.5 3.552699504743145 4 
0001 0013 1655798581760685 -9.75 -56.0 4.95168998329485 4 
0001 0004 1655798581761778 -22.75 -66.5 2.116893487282185 4 
0001 0009 1655798581762715 19.5 -59.0 2.761165418194154 4 
0001 0015 1655798581763666 -9.75 -63.0 5.197126909356553 4 
0001 0003 1655798581764633 19.5 -74.0 1.552388557340269 4 
0001 0005 1655798581765998 113.875 -65.0 0.8958447801252144 4 
0001 0002 1655798581767035 39.0 -70.0 3.2029518851052186 4 
0001 0007 1655798581855450 61.8125 -67.5 4.558990901596125 4 
0001 0015 1655798581856898 -39.0 -63.0 5.141903600992669 4 
0001 0014 1655798581858911 55.3125 -61.0 2.718213956133356 4 
0001 0002 1655798581859834 -35.75 -70.5 3.472932503773092 4 
0001 0011 1655798581861068 16.25 -60.5 4.988505522204105 4 
0001 0004 1655798581862275 -35.75 -66.0 2.2334760271614935 4 
0001 0005 1655798581863284 65.0625 -65.5 1.000155473701438 4 
0001 0010 1655798581864426 6.5 -58.0 2.172116795646068 4 
0001 0009 1655798581865394 42.3125 -59.0 2.6998061866787286 4 
0001 0013 1655798581866567 -3.25 -56.0 4.914874444385594 4 
0001 0012 1655798581867520 -9.75 -57.5 3.454524734318464 4 
0001 0003 1655798581872051 -253.875 -74.5 1.9819031779482483 4 
0001 0015 1655798581961265 -35.75 -63.0 5.240078371417351 4 
0001 0004 1655798581962219 -58.5625 -66.0 2.2457478734645786 4 
0001 0014 1655798581963675 32.5 -61.0 2.7550294950426117 4 
0001 0002 1655798581966046 -107.375 -70.5 3.380893656499953 4 
0001 0009 1655798581968326 0.0 -59.0 2.779573187648782 4 
0001 0010 1655798581969486 3.25 -58.0 2.1966604882522383 4 
0001 0003 1655798581970709 198.5625 -73.5 1.2517283229146832 4 
0001 0005 1655798581972184 42.3125 -64.5 1.000155473701438 4 
0001 0013 1655798581973369 0.0 -55.5 4.95168998329485 4 
0001 0011 1655798581974578 -3.25 -60.0 5.019185137961818 4 
0001 0012 1655798581975529 -13.0 -58.0 3.436116964863836 4 
0001 0007 1655798581978413 -113.875 -67.5 4.73693267299086 4 
0001 0010 1655798582068430 -13.0 -58.0 2.1782527187976104 4 
0001 0007 1655798582069338 -35.75 -68.0 4.651029748869264 4 
0001 0013 1655798582070540 -32.5 -55.5 4.9823695990525625 4 
0001 0002 1655798582071959 -19.5 -71.0 3.411573272257666 4 
0001 0015 1655798582073138 -22.75 -63.0 5.184855063053467 4 
0001 0009 1655798582074339 0.0 -59.0 2.7550294950426117 4 
0001 0004 1655798582075266 32.5 -66.5 2.043262409463674 4 
0001 0014 1655798582077685 26.0 -61.0 2.7550294950426117 4 
0001 0011 1655798582080605 16.25 -60.0 4.9823695990525625 4 
0001 0012 1655798582081798 -29.25 -57.5 3.497476196379262 4 
0001 0005 1655798582082749 26.0 -65.0 1.030835089459151 4 
0001 0003 1655798582087425 221.3125 -74.0 1.1228739367322893 4 
0001 0011 1655798582177220 -26.0 -60.5 5.031456984264903 4 
0001 0012 1655798582178636 9.75 -57.5 3.454524734318464 4 
0001 0009 1655798582179573 -6.5 -58.5 2.724349879284899 4 
0001 0013 1655798582181827 -9.75 -55.5 4.957825906446392 4 
0001 0014 1655798582182791 13.0 -61.0 2.8102528034064944 4 
0001 0010 1655798582183737 13.0 -58.0 2.172116795646068 4 
0001 0004 1655798582184716 -13.0 -66.5 2.1475731030398975 4 
0001 0007 1655798582185696 32.5 -67.5 4.546719055293041 4 
0001 0005 1655798582187654 13.0 -65.0 1.0676506283684062 4 
0001 0015 1655798582189811 -71.5625 -63.0 5.270757987175063 4 
0001 0003 1655798582191359 -224.5625 -74.5 1.6812429435226628 4 
0001 0002 1655798582192991 42.3125 -70.5 3.2581751934691017 4 
0001 0009 1655798582283211 0.0 -58.5 2.7550294950426117 4 
0001 0010 1655798582285480 -9.75 -58.0 2.2089323345553233 4 
0001 0013 1655798582286444 -13.0 -55.5 4.95168998329485 4 
0001 0011 1655798582288330 -29.25 -60.5 5.0682725231741586 4 
0001 0014 1655798582290355 26.0 -61.0 2.748893571891069 4 
0001 0005 1655798582292469 -39.0 -64.5 1.1106020904292042 4 
0001 0012 1655798582293915 -16.25 -58.0 3.497476196379262 4 
0001 0004 1655798582296016 -29.25 -65.5 2.1353012567368124 4 
0001 0015 1655798582297534 -3.25 -63.0 5.1725832167503825 4 
0001 0002 1655798582298658 32.5 -70.0 3.1906800388021335 4 
0001 0007 1655798582300272 -123.6875 -68.0 4.871922982324796 4 
0001 0003 1655798582301719 107.375 -73.5 1.3499030933393643 4 
0001 0009 1655798582391292 26.0 -58.5 2.742757648739526 4 
0001 0014 1655798582392481 -39.0 -61.0 2.859340188618835 4 
0001 0010 1655798582393426 13.0 -58.0 2.1537090261914402 4 
0001 0002 1655798582394408 -13.0 -70.0 3.32567034813607 4 
0001 0012 1655798582395601 -39.0 -57.5 3.5588354278946874 4 
0001 0011 1655798582397347 -13.0 -61.0 5.0253210611133605 4 
0001 0015 1655798582400057 84.625 -62.5 5.019185137961818 4 
0001 0013 1655798582402948 -35.75 -55.5 5.0253210611133605 4 
0001 0004 1655798582403899 26.0 -66.0 2.055534255766759 4 
0001 0005 1655798582405316 -9.75 -64.5 1.086058397823034 4 
0001 0007 1655798582408980 -6.5 -68.0 4.681709364626977 4 
0001 0003 1655798582438636 15.25 -75.5 1.3928545554001621 4 
0001 0014 1655798582509985 -16.25 -61.0 2.804116880254952 4 
0001 0004 1655798582512980 -84.625 -66.0 2.1905245651006955 4 
0001 0005 1655798582514014 0.0 -64.5 1.0492428589137786 4 
0001 0015 1655798582514956 -13.0 -63.0 5.184855063053467 4 
0001 0011 1655798582515935 16.25 -60.5 5.013049214810275 4 
0001 0012 1655798582517863 -13.0 -57.5 3.485204350076177 4 
0001 0013 1655798582519182 -26.0 -55.5 4.994641445355648 4 
0001 0003 1655798582520164 104.125 -73.5 1.227184630308513 4 
0001 0007 1655798582522034 -110.625 -67.5 4.81056375080937 4 
0001 0010 1655798582522964 -19.5 -58.5 2.1966604882522383 4 
0001 0002 1655798582523961 -81.375 -70.5 3.454524734318464 4 
0001 0009 1655798582525449 3.25 -58.5 2.736621725587984 4 
0001 0009 1655798582615711 13.0 -58.5 2.724349879284899 4 
0001 0011 1655798582618220 9.75 -60.0 5.056000676871073 4 
0001 0015 1655798582619343 -13.0 -63.0 5.1725832167503825 4 
0001 0014 1655798582620487 -16.25 -60.5 2.8409324191642074 4 
0001 0010 1655798582621702 6.5 -58.0 2.1782527187976104 4 
0001 0013 1655798582623958 -9.75 -56.0 4.970097752749477 4 
0001 0002 1655798582625423 -58.5625 -70.5 3.3502140407422405 4 
0001 0012 1655798582627051 0.0 -57.5 3.466796580621549 4 
0001 0007 1655798582628005 -45.5625 -67.5 4.657165672020807 4 
0001 0005 1655798582631407 91.125 -65.0 0.8835729338221293 4 
0001 0004 1655798582632443 -19.5 -66.5 2.110757564130642 4 
0001 0003 1655798582641461 -7.3125 -74.5 4.5497870168688115 4 
0001 0004 1655798582724335 -13.0 -66.0 2.067806102069844 4 
0001 0015 1655798582726351 22.75 -63.0 5.111223985234957 4 
0001 0007 1655798582727317 29.25 -67.5 4.577398671050753 4 
0001 0011 1655798582728268 -35.75 -60.5 5.092816215780329 4 
0001 0005 1655798582729235 48.8125 -64.5 0.9510680884890975 4 
0001 0012 1655798582730159 -26.0 -57.5 3.522019888985432 4 
0001 0002 1655798582731508 78.0625 -70.5 3.11091303783208 4 
0001 0009 1655798582732414 19.5 -58.0 2.6998061866787286 4 
0001 0013 1655798582733786 6.5 -56.0 4.963961829597935 4 
0001 0010 1655798582735002 -3.25 -58.0 2.2027964114037806 4 
0001 0014 1655798582736149 -6.5 -60.5 2.804116880254952 4 
0001 0003 1655798582737526 94.375 -73.0 1.0062913968529805 4 
0001 0010 1655798582843370 -9.75 -58.0 2.2027964114037806 4 
0001 0011 1655798582844817 -9.75 -60.5 5.013049214810275 4 
0001 0012 1655798582846053 -22.75 -57.5 3.509748042682347 4 
0001 0002 1655798582847475 -52.0625 -70.5 3.393165502803038 4 
0001 0009 1655798582848411 -26.0 -57.5 2.6875343403756435 4 
0001 0003 1655798582849336 -175.75 -73.0 1.282407938672396 4 
0001 0004 1655798582850553 19.5 -66.0 1.9266798695843652 4 
0001 0013 1655798582853414 3.25 -56.0 4.95168998329485 4 
0001 0007 1655798582855087 6.5 -67.0 4.595806440505381 4 
0001 0015 1655798582856326 48.8125 -62.5 5.074408446325701 4 
0001 0005 1655798582857518 84.625 -64.5 0.8344855486097889 4 
0001 0014 1655798582858503 0.0 -61.0 2.742757648739526 4 
0001 0012 1655798582953888 -29.25 -58.0 3.454524734318464 4 
0001 0009 1655798582955434 -26.0 -58.0 2.6200391857086753 4 
0001 0002 1655798582956795 -29.25 -69.5 3.1968159619536762 4 
0001 0014 1655798582958004 0.0 -61.0 2.7979809571034093 4 
0001 0005 1655798582958903 100.875 -64.5 0.7424467013366504 4 
0001 0004 1655798582960477 32.5 -66.0 1.8285050991596843 4 
0001 0015 1655798582961343 -29.25 -63.0 5.190990986205009 4 
0001 0003 1655798582962310 289.6875 -72.5 0.44178646691106466 4 
0001 0007 1655798582963514 42.3125 -67.5 4.546719055293041 4 
0001 0013 1655798582965087 -19.5 -56.0 4.957825906446392 4 
0001 0011 1655798582966742 9.75 -60.0 4.9394181369917645 4 
0001 0010 1655798582967690 -19.5 -58.5 2.1598449493429825 4 
0001 0010 1655798583057569 -22.75 -58.0 2.1598449493429825 4 
0001 0015 1655798583059870 -35.75 -63.0 5.209398755659637 4 
0001 0007 1655798583060821 16.25 -66.5 4.6878452877785195 4 
0001 0014 1655798583062861 -6.5 -60.5 2.791845033951867 4 
0001 0012 1655798583064065 0.0 -57.5 3.411573272257666 4 
0001 0009 1655798583065047 9.75 -58.0 2.552544031041707 4 
0001 0013 1655798583066238 -19.5 -55.5 4.9394181369917645 4 
0001 0002 1655798583067162 -19.5 -69.5 3.215223731408304 4 
0001 0011 1655798583068470 -65.0625 -60.5 5.031456984264903 4 
0001 0004 1655798583069389 -6.5 -66.5 1.932815792735908 4 
0001 0003 1655798583070667 58.5625 -73.0 0.9142525495798421 4 
0001 0005 1655798583071575 -100.875 -64.5 1.0676506283684062 4 
0001 0009 1655798583160760 26.0 -58.0 2.5280003384355365 4 
0001 0002 1655798583162070 -172.5 -70.5 3.4177091954092087 4 
0001 0014 1655798583163003 39.0 -61.0 2.6813984172241008 4 
0001 0007 1655798583165017 -107.375 -66.5 4.700117134081604 4 
0001 0011 1655798583165950 22.75 -60.5 4.92714629068868 4 
0001 0012 1655798583166929 0.0 -57.5 3.399301425954581 4 
0001 0005 1655798583168595 39.0 -64.5 0.8467573949128739 4 
0001 0010 1655798583169513 9.75 -58.0 2.067806102069844 4 
0001 0013 1655798583170704 -13.0 -55.5 4.902602598082509 4 
0001 0004 1655798583172039 32.5 -65.5 1.7794177139473437 4 
0001 0015 1655798583172962 3.25 -62.5 5.141903600992669 4 
0001 0003 1655798583173917 -55.3125 -74.0 1.1106020904292042 4 
0001 0010 1655798583267022 9.75 -58.0 2.073942025221387 4 
0001 0007 1655798583268232 -55.3125 -67.5 4.718524903536232 4 
0001 0005 1655798583269123 3.25 -64.0 0.8713010875190442 4 
0001 0004 1655798583270102 -3.25 -66.0 1.7671458676442586 4 
0001 0002 1655798583271045 29.25 -69.0 3.055689729468197 4 
0001 0014 1655798583272191 29.25 -61.0 2.761165418194154 4 
0001 0009 1655798583273125 6.5 -58.5 2.5341362615870793 4 
0001 0011 1655798583275038 -22.75 -60.5 4.921010367537137 4 
0001 0012 1655798583275949 -42.3125 -57.5 3.442252888015379 4 
0001 0013 1655798583276883 -48.8125 -56.0 4.97623367590102 4 
0001 0015 1655798583278459 -19.5 -63.0 5.184855063053467 4 
0001 0003 1655798583279992 123.6875 -73.5 1.0062913968529805 4 
0001 0014 1655798583370668 3.25 -61.0 2.761165418194154 4 
0001 0012 1655798583372244 -9.75 -57.5 3.356349963893783 4 
0001 0002 1655798583373454 -29.25 -70.5 2.9943304979527716 4 
0001 0009 1655798583374432 -45.5625 -59.0 2.564815877344792 4 
0001 0010 1655798583375578 -65.0625 -58.0 2.116893487282185 4 
0001 0007 1655798583376771 -78.0625 -67.5 4.73693267299086 4 
0001 0011 1655798583378484 -3.25 -61.0 4.95168998329485 4 
0001 0015 1655798583379396 -39.0 -63.0 5.190990986205009 4 
0001 0013 1655798583380556 -22.75 -56.0 4.902602598082509 4 
0001 0005 1655798583383183 81.375 -64.0 0.760854470791278 4 
0001 0004 1655798583384105 126.9375 -66.5 1.6137477888556946 4 
0001 0003 1655798583385369 185.5 -71.0 0.7915340865489908 4 
0001 0011 1655798583474372 -22.75 -60.5 4.95168998329485 4 
0001 0012 1655798583475548 -3.25 -57.5 3.380893656499953 4 
0001 0004 1655798583477764 26.0 -66.0 1.6689710972195777 4 
0001 0005 1655798583478742 -3.25 -64.0 0.8958447801252144 4 
0001 0015 1655798583480644 32.5 -62.5 5.105088062083414 4 
0001 0009 1655798583481862 16.25 -59.0 2.5280003384355365 4 
0001 0013 1655798583482797 -13.0 -56.0 4.902602598082509 4 
0001 0002 1655798583484231 -29.25 -69.5 3.1784081924990484 4 
0001 0010 1655798583485190 3.25 -58.0 2.0493983326152168 4 
0001 0014 1655798583487486 -9.75 -61.0 2.7857091108003242 4 
0001 0007 1655798583488570 -52.0625 -67.5 4.71238898038469 4 
0001 0003 1655798583490028 91.125 -72.0 0.9817477042468103 4 
0001 0005 1655798583581105 65.0625 -64.5 0.8160777791551611 4 
0001 0014 1655798583582872 0.0 -61.0 2.7857091108003242 4 
0001 0011 1655798583584875 -6.5 -60.5 4.921010367537137 4 
0001 0010 1655798583585795 -22.75 -58.0 2.055534255766759 4 
0001 0009 1655798583587029 6.5 -59.5 2.5157284921324514 4 
0001 0012 1655798583587966 -16.25 -57.5 3.393165502803038 4 
0001 0013 1655798583589113 -39.0 -56.0 4.963961829597935 4 
0001 0007 1655798583590064 -65.0625 -67.0 4.767612288748572 4 
0001 0015 1655798583591129 -29.25 -62.5 5.227806525114265 4 
0001 0004 1655798583592093 -19.5 -66.5 1.7978254834019713 4 
0001 0003 1655798583593058 61.8125 -73.0 0.9265243958829272 4 
0001 0002 1655798583594366 -39.0 -70.5 3.117048960983623 4 
0001 0011 1655798583682475 3.25 -60.5 4.865787059173254 4 
0001 0005 1655798583684151 29.25 -64.0 0.944932165337555 4 
0001 0014 1655798583686375 -26.0 -60.5 2.834796496012665 4 
0001 0010 1655798583687547 6.5 -58.0 1.9512235621905356 4 
0001 0004 1655798583688738 -9.75 -66.0 1.8530487917658545 4 
0001 0009 1655798583689703 -32.5 -59.5 2.454369260617026 4 
0001 0013 1655798583690637 -19.5 -56.0 4.933282213840222 4 
0001 0012 1655798583691814 9.75 -57.0 3.380893656499953 4 
0001 0015 1655798583693248 22.75 -62.5 5.197126909356553 4 
0001 0002 1655798583694174 -52.0625 -69.5 3.2397674240144743 4 
0001 0007 1655798583697070 -104.125 -67.0 4.675573441475434 4 
0001 0003 1655798583709186 20.3125 -75.5 4.215379205109742 4 
0001 0009 1655798583790300 -6.5 -59.0 2.1905245651006955 4 
0001 0007 1655798583791963 -65.0625 -68.0 4.565126824747668 4 
0001 0014 1655798583794017 -16.25 -61.5 2.8961557275280905 4 
0001 0015 1655798583794952 -6.5 -62.5 5.2768939103266055 4 
0001 0010 1655798583797286 3.25 -58.5 1.7426021750380885 4 
0001 0011 1655798583798222 -13.0 -61.0 4.657165672020807 4 
0001 0004 1655798583799159 29.25 -65.5 1.748738098189631 4 
0001 0013 1655798583800108 -13.0 -55.5 4.859651136021712 4 
0001 0012 1655798583801030 -6.5 -57.5 3.32567034813607 4 
0001 0005 1655798583802507 29.25 -65.0 0.944932165337555 4 
0001 0002 1655798583804524 52.0625 -69.5 3.160000423044421 4 
0001 0006 1655798583830654 -4.875 -74.0 1.564660403643354 4 
0001 0015 1655798583899444 -42.3125 -61.5 5.270757987175063 4 
0001 0014 1655798583901198 6.5 -62.0 2.773437264497239 4 
0001 0009 1655798583902135 16.25 -58.5 1.6689710972195777 4 
0001 0013 1655798583903112 -22.75 -55.5 4.595806440505381 4 
0001 0012 1655798583905636 6.5 -58.0 3.0250101137104846 4 
0001 0010 1655798583906783 -26.0 -59.0 1.3130875544301088 4 
0001 0007 1655798583907989 -78.0625 -67.5 4.381049130201391 4 
0001 0006 1655798583909209 -107.375 -71.5 4.534447208989955 4 
0001 0004 1655798583910131 -55.3125 -64.5 1.846912868614312 4 
0001 0011 1655798583911196 -55.3125 -60.5 4.1601558967458585 4 
0001 0005 1655798583912344 -16.25 -65.0 1.0737865515199487 4 
0001 0002 1655798583913226 -126.9375 -69.5 3.847223816017188 4 
0001 0007 1655798584002748 -156.1875 -69.0 4.0558452031696355 4 
0001 0002 1655798584003713 42.3125 -69.5 4.442408361716817 4 
0001 0004 1655798584004662 3.25 -64.0 1.6689710972195777 4 
0001 0012 1655798584005882 22.75 -58.0 2.497320722677824 4 
0001 0013 1655798584007343 -42.3125 -55.5 4.246058820867455 4 
0001 0010 1655798584008289 32.5 -60.0 0.3436116964863836 4 
0001 0011 1655798584009990 13.0 -60.0 3.104777114680538 4 
0001 0014 1655798584011873 -13.0 -63.0 2.60776733940559 4 
0001 0009 1655798584013009 -26.0 -59.0 0.7240389318820226 4 
0001 0015 1655798584015435 -19.5 -61.0 5.123495831538041 4 
0001 0006 1655798584017693 -61.8125 -66.5 4.080388895775806 4 
0001 0005 1655798584021083 42.3125 -66.0 0.8160777791551611 4 
0001 0008 1655798584110883 45.5625 -68.0 1.2210487071569704 4 
0001 0011 1655798584113665 -39.0 -57.5 1.932815792735908 4 
0001 0014 1655798584114809 3.25 -63.5 2.356194490192345 4 
0001 0004 1655798584115719 48.8125 -64.5 1.4971652489763858 4 
0001 0010 1655798584116693 -16.25 -58.5 5.227806525114265 4 
0001 0002 1655798584117873 -91.125 -71.0 0.3313398501832985 4 
0001 0013 1655798584119276 -39.0 -59.5 3.890175278077986 4 
0001 0005 1655798584121332 39.0 -64.0 0.5460971604872883 4 
0001 0015 1655798584122282 -6.5 -60.5 4.945554060143307 4 
0001 0012 1655798584123956 -6.5 -60.5 1.5033011721279284 4 
0001 0009 1655798584126110 48.8125 -64.5 5.043728830567988 4 
0001 0006 1655798584127072 29.25 -63.0 2.9943304979527716 4 
0001 0007 1655798584219786 -3.6875 -75.5 0.20248546400090464 4 
0001 0015 1655798584226752 -16.25 -60.5 4.71238898038469 4 
0001 0005 1655798584227689 45.5625 -59.5 0.4540583132141498 4 
0001 0008 1655798584229673 22.75 -59.0 0.5154175447295755 4 
0001 0009 1655798584231106 29.25 -61.5 1.945087639038993 4 
0001 0013 1655798584232040 -81.375 -65.5 2.6323110320117604 4 
0001 0006 1655798584232987 3.25 -62.0 1.8530487917658545 4 
0001 0010 1655798584233947 -6.5 -59.5 4.28287435977671 4 
0001 0011 1655798584234884 -16.25 -59.0 0.8283496254582462 4 
0001 0012 1655798584237307 -35.75 -61.5 5.4671075280244255 4 
0001 0014 1655798584238241 104.125 -64.5 1.5585244804918115 4 
0001 0007 1655798584242017 -48.8125 -69.0 2.693670263527186 4 
0001 0003 1655798584273690 -18.25 -77.0 0.34974761963792617 4 
0001 0011 1655798584341248 -13.0 -65.5 6.19728238305799 4 
0001 0010 1655798584342182 48.8125 -66.5 3.0495538063166547 4 
0001 0014 1655798584343595 9.75 -68.5 0.859029241215959 4 
0001 0013 1655798584344515 -6.5 -68.5 1.2640001692177683 4 
0001 0005 1655798584345936 -29.25 -59.5 0.32520392703175593 4 
0001 0015 1655798584346856 3.25 -59.5 4.473087977474529 4 
0001 0008 1655798584348545 87.875 -63.5 5.626641529964532 4 
0001 0009 1655798584350003 -6.5 -53.5 0.6381360077604268 4 
0001 0006 1655798584351934 42.3125 -67.5 0.4663301595172349 4 
0001 0007 1655798584353603 -3.25 -62.0 1.4726215563702154 4 
0001 0003 1655798584354555 35.75 -70.0 0.3436116964863836 4 
0001 0012 1655798584355477 13.0 -63.5 3.8840393549264434 4 
0001 0001 1655798584356442 -175.75 -70.5 4.104932588381976 4 
0001 0000 1655798584357423 -39.0 -67.5 1.902136176978195 4 
0001 0003 1655798584450979 -55.3125 -68.0 0.47860200582032003 4 
0001 0000 1655798584451903 35.75 -69.5 1.2455923997631406 4 
0001 0013 1655798584452866 -13.0 -66.5 1.3560390164909069 4 
0001 0015 1655798584453805 -61.8125 -59.0 4.73693267299086 4 
0001 0011 1655798584454740 -39.0 -66.0 5.890486225480862 4 
0001 0009 1655798584458500 13.0 -59.5 5.93343768754166 4 
0001 0004 1655798584459480 94.375 -66.5 1.0921943209745766 4 
0001 0012 1655798584460672 6.5 -65.5 3.399301425954581 4 
0001 0007 1655798584463552 45.5625 -61.5 0.0859029241215959 4 
0001 0002 1655798584464761 42.3125 -70.5 3.0925052683774528 4 
0001 0001 1655798584465722 6.5 -71.0 1.6566992509164924 4 
0001 0008 1655798584466972 65.0625 -62.5 1.368310862793992 4 
0001 0005 1655798584470175 -94.375 -71.5 4.0128937411088375 4 
0001 0011 1655798584567557 -48.8125 -66.5 5.595961914206819 4 
0001 0001 1655798584568746 68.3125 -64.5 5.9088939949354895 4 
0001 0005 1655798584569981 26.0 -62.0 1.6996507129772904 4 
0001 0002 1655798584573444 -58.5625 -72.5 3.767456815047135 4 
0001 0008 1655798584575482 6.5 -58.5 0.5092816215780329 4 
0001 0015 1655798584577101 13.0 -58.5 4.460816131171445 4 
0001 0009 1655798584579224 -201.8125 -72.0 4.09266074207889 4 
0001 0004 1655798584580287 -22.75 -69.0 1.5892040962495242 4 
0001 0003 1655798584582105 143.1875 -72.0 5.45483568172134 4 
0001 0007 1655798584583307 -6.5 -63.5 5.154175447295755 4 
0001 0012 1655798584584871 -126.9375 -70.0 2.761165418194154 4 
0001 0000 1655798584598489 34.9375 -75.5 0.5522330836388308 4 
0001 0011 1655798584688482 -87.875 -66.5 5.436427912266712 4 
0001 0015 1655798584690140 -16.25 -58.0 4.571262747899211 4 
0001 0002 1655798584691076 9.75 -74.5 4.09266074207889 4 
0001 0004 1655798584692031 247.375 -69.5 1.6751070203711202 4 
0001 0007 1655798584693733 -52.0625 -64.5 4.589670517353839 4 
0001 0008 1655798584704522 6.5 -59.0 0.32520392703175593 4 
0001 0001 1655798584706792 -81.375 -71.0 5.295301679781233 4 
0001 0005 1655798584708727 6.5 -59.0 1.2946797849754812 4 
0001 0012 1655798584709670 224.5625 -71.0 1.380582709097077 4 
0001 0003 1655798584711722 -100.875 -72.5 4.3503695144436785 4 
0001 0002 1655798584713173 -169.25 -72.5 4.558990901596125 4 
0001 0000 1655798584724998 -45.5625 -73.0 2.9329712664373457 4 
0001 0009 1655798584747894 1.1875 -76.0 5.773903685601553 4 
0001 0011 1655798584819939 45.5625 -66.5 5.332117218690489 4 
0001 0013 1655798584821002 -35.75 -70.5 6.068427996875596 4 
0001 0015 1655798584822149 -3.25 -58.5 4.454680208019902 4 
0001 0001 1655798584823112 3.25 -68.5 5.546874528994478 4 
0001 0008 1655798584824034 19.5 -59.0 0.44178646691106466 4 
0001 0007 1655798584824983 9.75 -65.0 4.914874444385594 4 
0001 0004 1655798584826725 -58.5625 -69.5 1.9266798695843652 4 
0001 0012 1655798584827690 -39.0 -69.0 1.6812429435226628 4 
0001 0005 1655798584829166 39.0 -60.0 1.4051264017032472 4 
0001 0009 1655798584840299 -136.6875 -73.5 3.4054373491061236 4 
0001 0003 1655798584841619 211.5625 -72.5 4.6878452877785195 4 
0001 0000 1655798584842840 -133.4375 -72.5 3.8410878928656453 4 
0001 0002 1655798584869866 -15.8125 -74.5 4.06811704947272 4 
0001 0002 1655798584936658 -81.375 -72.5 4.1172044346850605 4 
0001 0004 1655798584938928 136.6875 -70.0 1.5278448647340985 4 
0001 0012 1655798584939865 -78.0625 -68.5 2.0800779483729293 4 
0001 0008 1655798584940827 22.75 -58.5 0.6381360077604268 4 
0001 0011 1655798584942301 -13.0 -67.0 5.418020142812084 4 
0001 0005 1655798584944213 -9.75 -61.0 1.7978254834019713 4 
0001 0007 1655798584945459 6.5 -63.0 5.43029198911517 4 
0001 0013 1655798584946608 -35.75 -69.0 0.11044661672776616 4 
0001 0015 1655798584947615 -19.5 -59.5 4.356505437595221 4 
0001 0001 1655798584950715 16.25 -64.5 6.17273869045182 4 
0001 0003 1655798584952382 94.375 -71.5 5.620505606812989 4 
0001 0009 1655798584955027 35.75 -70.5 4.080388895775806 4 
0001 0000 1655798584956051 139.9375 -74.0 4.147884050442774 4 
0001 0015 1655798585045826 13.0 -60.0 4.252194744018997 4 
0001 0003 1655798585047003 -52.0625 -72.0 0.07363107781851078 4 
0001 0007 1655798585049257 58.5625 -61.5 5.632777453116074 4 
0001 0001 1655798585050843 19.5 -64.5 0.09203884727313846 4 
0001 0005 1655798585051805 0.0 -62.0 2.043262409463674 4 
0001 0009 1655798585053031 58.5625 -68.0 4.6448938257177215 4 
0001 0012 1655798585053980 -39.0 -68.5 2.110757564130642 4 
0001 0011 1655798585055171 -42.3125 -66.0 5.626641529964532 4 
0001 0008 1655798585056120 -13.0 -58.5 1.012427320004523 4 
0001 0013 1655798585057680 -84.625 -69.0 0.30066023442558565 4 
0001 0004 1655798585059774 48.8125 -69.0 1.6198837120072371 4 
0001 0002 1655798585061906 -211.5625 -72.5 4.3074180523828804 4 
0001 0000 1655798585074456 88.6875 -75.0 1.88986433067511 4 
0001 0013 1655798585155319 -110.625 -69.0 0.6135923151542565 4 
0001 0007 1655798585156238 -32.5 -61.5 5.994796919057086 4 
0001 0001 1655798585157441 32.5 -63.5 0.35588354278946877 4 
0001 0009 1655798585159411 -9.75 -68.5 5.062136600022616 4 
0001 0012 1655798585160862 -65.0625 -68.0 2.466641106920111 4 
0001 0015 1655798585163117 -19.5 -59.5 4.509903516383785 4 
0001 0003 1655798585164791 35.75 -71.0 0.4295146206079795 4 
0001 0008 1655798585166620 9.75 -59.0 1.227184630308513 4 
0001 0011 1655798585169461 -13.0 -66.5 5.792311455056181 4 
0001 0004 1655798585170398 -42.3125 -69.5 1.846912868614312 4 
0001 0005 1655798585171662 19.5 -62.5 2.12916533358527 4 
0001 0000 1655798585172602 -185.5 -74.5 5.743224069843841 4 
0001 0002 1655798585174392 61.8125 -71.5 4.3074180523828804 4 
0001 0010 1655798585220645 8.5 -78.0 5.810719224510809 4 
0001 0002 1655798585273427 -247.375 -71.5 4.902602598082509 4 
0001 0005 1655798585274379 48.8125 -63.5 2.3071071049800045 4 
0001 0015 1655798585276249 -6.5 -60.0 4.595806440505381 4 
0001 0004 1655798585277714 -224.5625 -68.0 2.386874105950058 4 
0001 0003 1655798585279372 84.625 -70.5 0.39269908169872414 4 
0001 0008 1655798585280349 19.5 -59.0 1.423534171157875 4 
0001 0012 1655798585282518 16.25 -68.5 2.5402721847386216 4 
0001 0011 1655798585283682 58.5625 -65.5 5.8475347634200645 4 
0001 0007 1655798585285098 13.0 -61.0 6.086835766330224 4 
0001 0013 1655798585288078 152.9375 -68.5 0.3865631585471816 4 
0001 0001 1655798585289025 42.3125 -64.0 0.5276893910326605 4 
0001 0009 1655798585291366 -126.9375 -68.0 5.47937937432751 4 
0001 0000 1655798585304720 -175.75 -73.0 5.816855147662351 4 
0001 0010 1655798585330871 7.3125 -76.5 2.890019804376548 4 
0001 0013 1655798585398837 48.8125 -68.5 0.9265243958829272 4 
0001 0011 1655798585400227 26.0 -65.5 6.074563920027139 4 
0001 0001 1655798585401175 35.75 -64.0 0.7240389318820226 4 
0001 0008 1655798585402363 -6.5 -59.0 1.6321555583103222 4 
0001 0012 1655798585404563 -68.3125 -66.5 2.6384469551633027 4 
0001 0015 1655798585406720 -29.25 -60.0 4.663301595172349 4 
0001 0009 1655798585407914 52.0625 -66.0 5.583690067903734 4 
0001 0002 1655798585409136 55.3125 -73.0 4.485359823777615 4 
0001 0005 1655798585410071 -9.75 -64.0 2.4727770300716534 4 
0001 0007 1655798585411489 -6.5 -61.5 0.0 4 
0001 0003 1655798585413730 -16.25 -69.5 0.6933593161243098 4 
0001 0004 1655798585414892 -22.75 -70.5 2.116893487282185 4 
0001 0000 1655798585423279 -19.5 -71.5 6.0991076126333095 4 
0001 0010 1655798585442308 11.375 -75.0 6.258641614573416 4 
0001 0009 1655798585526482 13.0 -66.0 5.792311455056181 4 
0001 0004 1655798585527563 -35.75 -70.5 2.1537090261914402 4 
0001 0008 1655798585528498 22.75 -59.5 1.6689710972195777 4 
0001 0001 1655798585529713 -68.3125 -64.0 0.9633399347921826 4 
0001 0015 1655798585530649 32.5 -60.0 4.589670517353839 4 
0001 0013 1655798585531794 71.5625 -68.0 0.8713010875190442 4 
0001 0011 1655798585532759 84.625 -65.0 6.0991076126333095 4 
0001 0010 1655798585533863 -74.8125 -71.5 3.2643111166206444 4 
0001 0007 1655798585534814 -52.0625 -61.0 0.1043106935762236 4 
0001 0005 1655798585535795 -74.8125 -64.5 2.6384469551633027 4 
0001 0012 1655798585536760 22.75 -67.0 2.6691265709210157 4 
0001 0002 1655798585537812 78.0625 -71.0 4.71238898038469 4 
0001 0003 1655798585539610 -35.75 -69.5 1.1228739367322893 4 
0001 0000 1655798585542063 -68.3125 -73.5 6.22182607566416 4 
0001 0005 1655798585631065 9.75 -65.0 2.5341362615870793 4 
0001 0008 1655798585632386 3.25 -59.5 1.705786636128833 4 
0001 0009 1655798585633340 -65.0625 -65.5 5.988660995905543 4 
0001 0001 1655798585634287 45.5625 -64.0 0.8713010875190442 4 
0001 0007 1655798585635490 -13.0 -61.0 0.06135923151542565 4 
0001 0015 1655798585636684 26.0 -60.0 4.577398671050753 4 
0001 0000 1655798585637637 -84.625 -73.5 6.135923151542564 4 
0001 0012 1655798585640903 -9.75 -67.0 2.742757648739526 4 
0001 0011 1655798585642255 32.5 -65.5 6.135923151542564 4 
0001 0013 1655798585643502 -74.8125 -68.0 1.0246991663076084 4 
0001 0002 1655798585644442 -123.6875 -71.5 4.945554060143307 4 
0001 0004 1655798585646273 16.25 -69.5 2.116893487282185 4 
0001 0003 1655798585647678 110.625 -69.5 0.8651651643675016 4 
0001 0010 1655798585654277 -10.5625 -75.0 6.224894037239932 4 
0001 0004 1655798585739181 -65.0625 -69.5 2.2150682577068657 4 
0001 0012 1655798585740383 9.75 -67.0 2.7979809571034093 4 
0001 0007 1655798585742937 -19.5 -61.0 0.04295146206079795 4 
0001 0003 1655798585743902 -19.5 -71.0 0.944932165337555 4 
0001 0001 1655798585745163 84.625 -64.5 0.6872233929727672 4 
0001 0009 1655798585746822 3.25 -65.5 5.8475347634200645 4 
0001 0000 1655798585747821 -130.1875 -72.0 0.16566992509164924 4 
0001 0011 1655798585748996 91.125 -65.5 6.037748381117884 4 
0001 0008 1655798585749929 9.75 -59.5 1.748738098189631 4 
0001 0015 1655798585751123 -13.0 -60.0 4.620350133111551 4 
0001 0010 1655798585752413 -81.375 -72.5 3.147728576741336 4 
0001 0013 1655798585754469 9.75 -68.5 0.9633399347921826 4 
0001 0005 1655798585755679 -61.8125 -64.5 2.5709518004963345 4 
0001 0002 1655798585756973 -117.125 -72.0 5.031456984264903 4 
0001 0013 1655798585847212 -42.3125 -68.0 1.0676506283684062 4 
0001 0012 1655798585848446 13.0 -67.0 2.662990647769473 4 
0001 0002 1655798585849666 48.8125 -71.5 4.798291904506286 4 
0001 0007 1655798585852228 9.75 -61.0 0.018407769454627694 4 
0001 0011 1655798585853407 32.5 -65.5 6.043884304269426 4 
0001 0004 1655798585854388 -81.375 -70.5 2.454369260617026 4 
0001 0001 1655798585855586 0.0 -64.0 0.9142525495798421 4 
0001 0005 1655798585856782 3.25 -64.0 2.5341362615870793 4 
0001 0008 1655798585859846 -13.0 -59.5 1.7671458676442586 4 
0001 0015 1655798585861436 -16.25 -60.0 4.663301595172349 4 
0001 0009 1655798585862389 -78.0625 -65.0 5.957981380147831 4 
0001 0003 1655798585863789 139.9375 -70.5 0.7731263170943632 4 
0001 0000 1655798585867177 205.0625 -73.5 6.092971689481767 4 
0001 0010 1655798585873281 -175.75 -73.5 3.356349963893783 4 
