0001 0009 1655973375947118 9.75 -61.5 3.724505352986337 14 
0001 0014 1655973375951608 21.125 -61.5 2.448233337465483 14 
0001 0015 1655973375952660 -91.125 -62.5 4.215379205109742 14 
0001 0002 1655973376049366 65.0625 -69.0 2.8654761117703775 14 
0001 0006 1655973376052769 -39.0 -68.5 5.957981380147831 14 
0001 0015 1655973376055394 -39.0 -62.0 4.086524818927348 14 
0001 0014 1655973376056810 34.9375 -61.0 2.4605051837685683 14 
0001 0009 1655973376058615 29.25 -61.5 3.6263305825616556 14 
0001 0005 1655973376059836 -74.8125 -73.0 4.577398671050753 14 
0001 0002 1655973376157099 9.75 -68.0 2.9575149590435164 14 
0001 0009 1655973376160122 22.75 -61.5 3.6754179677739964 14 
0001 0015 1655973376161430 -87.875 -62.5 4.2092432819582 14 
0001 0014 1655973376162815 69.125 -61.0 2.448233337465483 14 
0001 0006 1655973376164516 -19.5 -68.5 5.994796919057086 14 
0001 0005 1655973376166152 -120.4375 -73.5 4.6878452877785195 14 
0001 0015 1655973376266173 6.5 -62.5 4.0558452031696355 14 
0001 0002 1655973376268300 -117.125 -70.0 3.0066023442558567 14 
0001 0014 1655973376269261 34.9375 -61.5 2.454369260617026 14 
0001 0005 1655973376271122 250.625 -72.0 4.374913207049849 14 
0001 0006 1655973376272805 -19.5 -68.0 6.092971689481767 14 
0001 0009 1655973376277036 -16.25 -62.0 3.706097583531709 14 
0001 0015 1655973376375879 9.75 -62.5 4.025165587411922 14 
0001 0009 1655973376377740 -13.0 -62.0 3.706097583531709 14 
0001 0014 1655973376378675 -125.3125 -61.5 2.705942109830271 14 
0001 0005 1655973376380320 133.4375 -71.5 4.448544284868359 14 
0001 0002 1655973376383623 -55.3125 -68.5 2.9329712664373457 14 
0001 0006 1655973376384586 -48.8125 -68.5 6.111379458936394 14 
0001 0002 1655973376481337 -61.8125 -68.0 2.9943304979527716 14 
0001 0006 1655973376484132 -152.9375 -68.5 6.154330920997192 14 
0001 0009 1655973376485946 3.25 -61.5 3.6999616603801666 14 
0001 0005 1655973376487739 -182.25 -71.0 4.963961829597935 14 
0001 0014 1655973376488645 -55.3125 -61.0 2.5586799541932495 14 
0001 0015 1655973376489695 -39.0 -63.0 4.111068511533518 14 
0001 0005 1655973376501313 26.8125 -72.5 1.533980787885641 14 
0001 0009 1655973376592587 58.5625 -61.5 3.56497135104623 14 
0001 0006 1655973376593623 -192.0 -67.5 6.178874613603362 14 
0001 0014 1655973376598039 -34.9375 -61.0 2.5157284921324514 14 
0001 0002 1655973376599021 100.875 -68.0 2.6323110320117604 14 
0001 0015 1655973376600184 13.0 -62.5 4.01902966426038 14 
0001 0005 1655973376601237 -185.5 -71.0 5.135767677841127 14 
0001 0009 1655973376699019 0.0 -61.5 3.6692820446224537 14 
0001 0015 1655973376701936 35.75 -63.0 3.9699422790480394 14 
0001 0014 1655973376702897 13.8125 -61.0 2.4850488763747385 14 
0001 0006 1655973376704352 0.0 -69.0 5.896622148632405 14 
0001 0002 1655973376705920 6.5 -68.0 2.730485802436441 14 
0001 0005 1655973376707369 13.0 -70.5 4.522175362686871 14 
0001 0002 1655973376806224 -100.875 -68.5 2.988194574801229 14 
0001 0009 1655973376807476 48.8125 -62.5 3.6999616603801666 14 
0001 0015 1655973376809134 22.75 -62.5 3.988350048502667 14 
0001 0006 1655973376811618 55.3125 -69.0 5.706408530934585 14 
0001 0005 1655973376812784 302.6875 -72.0 4.540583132141498 14 
0001 0014 1655973376814480 17.0625 -61.0 2.448233337465483 14 
0001 0002 1655973376914663 -35.75 -68.5 2.9391071895888885 14 
0001 0015 1655973376915613 -19.5 -63.0 4.0128937411088375 14 
0001 0014 1655973376917044 -81.375 -61.0 2.5832236467994196 14 
0001 0005 1655973376918464 -45.5625 -70.5 4.853515212870168 14 
0001 0009 1655973376919938 -16.25 -62.0 3.6999616603801666 14 
0001 0006 1655973376923474 -26.0 -69.5 6.068427996875596 14 
0001 0015 1655973377021015 9.75 -63.0 4.0128937411088375 14 
0001 0009 1655973377023329 39.0 -62.0 3.6324665057131984 14 
0001 0014 1655973377025625 24.375 -61.0 2.4727770300716534 14 
0001 0005 1655973377026991 68.3125 -71.0 4.577398671050753 14 
0001 0002 1655973377035416 22.75 -67.5 2.8716120349219203 14 
0001 0006 1655973377036341 113.875 -69.0 5.755495916146925 14 
0001 0009 1655973377135146 32.5 -61.5 3.6079228131070282 14 
0001 0006 1655973377136182 19.5 -69.0 5.767767762450011 14 
0001 0002 1655973377137632 -39.0 -68.5 2.8286605728611223 14 
0001 0014 1655973377139313 -7.3125 -60.5 2.4727770300716534 14 
0001 0005 1655973377140314 283.1875 -71.0 4.331961744989051 14 
0001 0015 1655973377141945 -39.0 -62.0 4.111068511533518 14 
0001 0006 1655973377243775 -130.1875 -69.5 6.117515382087937 14 
0001 0014 1655973377246735 30.875 -61.0 2.448233337465483 14 
0001 0005 1655973377247955 -156.1875 -71.5 4.957825906446392 14 
0001 0015 1655973377249021 -42.3125 -62.5 4.074252972624263 14 
0001 0009 1655973377249987 -52.0625 -61.5 3.767456815047135 14 
0001 0002 1655973377251111 162.75 -67.5 2.748893571891069 14 
0001 0009 1655973377349114 13.0 -62.0 3.693825737228624 14 
0001 0015 1655973377351146 29.25 -63.0 3.9638063558964967 14 
0001 0014 1655973377352389 -10.5625 -61.0 2.521864415283994 14 
0001 0005 1655973377353855 179.0 -71.0 4.295146206079795 14 
0001 0002 1655973377356283 13.0 -67.5 2.859340188618835 14 
0001 0006 1655973377357292 -110.625 -68.5 6.191146459906448 14 
0001 0015 1655973377455797 -13.0 -62.5 4.0128937411088375 14 
0001 0006 1655973377456690 -6.5 -67.5 5.859806609723149 14 
0001 0014 1655973377458587 -21.125 -61.5 2.5034566458293663 14 
0001 0002 1655973377459737 -9.75 -67.5 2.804116880254952 14 
0001 0009 1655973377460691 65.0625 -62.0 3.6815538909255388 14 
0001 0005 1655973377464935 -29.25 -70.5 4.675573441475434 14 
0001 0006 1655973377562342 -29.25 -68.5 6.013204688511713 14 
0001 0015 1655973377563279 -81.375 -62.0 4.166291819897402 14 
0001 0005 1655973377564471 22.75 -70.5 4.534447208989955 14 
0001 0002 1655973377566120 -39.0 -69.0 3.055689729468197 14 
0001 0009 1655973377568687 26.0 -61.5 3.6140587362585705 14 
0001 0014 1655973377571808 52.0625 -61.0 2.380738182798515 14 
0001 0015 1655973377670211 -19.5 -62.5 4.0987966652304335 14 
0001 0005 1655973377672300 61.8125 -72.0 4.608078286808466 14 
0001 0006 1655973377673506 -182.25 -68.0 6.092971689481767 14 
0001 0002 1655973377674698 -71.5625 -68.5 2.9759227284981438 14 
0001 0014 1655973377675660 38.1875 -61.0 2.448233337465483 14 
0001 0009 1655973377676824 13.0 -61.5 3.706097583531709 14 
0001 0009 1655973377777907 22.75 -62.0 3.650874275167826 14 
0001 0005 1655973377779553 78.0625 -72.0 4.509903516383785 14 
0001 0002 1655973377782932 -110.625 -69.0 3.0372819600135696 14 
0001 0006 1655973377784265 -29.25 -67.0 6.062292073724054 14 
0001 0014 1655973377785228 59.375 -61.5 2.411417798556228 14 
0001 0015 1655973377786388 0.0 -62.5 4.04357335686655 14 
0001 0005 1655973377885588 -149.6875 -71.0 4.755340442445488 14 
0001 0002 1655973377887136 -35.75 -69.5 2.9759227284981438 14 
0001 0015 1655973377888527 -16.25 -62.5 4.074252972624263 14 
0001 0014 1655973377889505 41.5 -61.0 2.429825568010856 14 
0001 0009 1655973377890441 13.0 -62.0 3.6815538909255388 14 
0001 0006 1655973377891561 -107.375 -68.5 6.1420590746941075 14 
0001 0009 1655973377991241 39.0 -62.0 3.6447383520162835 14 
0001 0002 1655973377992676 22.75 -68.5 3.018874190558942 14 
0001 0006 1655973377993838 -61.8125 -69.0 5.994796919057086 14 
0001 0014 1655973377995308 -3.25 -60.5 2.5157284921324514 14 
0001 0015 1655973377996927 -22.75 -62.0 4.061981126321178 14 
0001 0005 1655973377999894 146.4375 -70.0 4.473087977474529 14 
0001 0015 1655973378099623 -61.8125 -62.0 4.123340357836604 14 
0001 0009 1655973378100840 -6.5 -62.0 3.706097583531709 14 
0001 0006 1655973378101777 -68.3125 -68.0 6.074563920027139 14 
0001 0002 1655973378103473 -149.6875 -68.5 3.074097498922825 14 
0001 0014 1655973378104404 24.375 -61.5 2.4605051837685683 14 
0001 0005 1655973378108269 -227.8125 -71.0 4.9823695990525625 14 
0001 0015 1655973378208663 -32.5 -62.5 4.074252972624263 14 
0001 0005 1655973378209603 -52.0625 -71.0 4.706253057233147 14 
0001 0009 1655973378211047 -9.75 -62.0 3.718369429834794 14 
0001 0006 1655973378212256 45.5625 -68.5 5.915029918087033 14 
0001 0014 1655973378213146 -34.9375 -61.0 2.521864415283994 14 
0001 0002 1655973378214709 -45.5625 -67.0 2.9820586516496865 14 
0001 0014 1655973378312919 3.25 -61.0 2.5402721847386216 14 
0001 0002 1655973378314740 -55.3125 -68.5 3.0495538063166547 14 
0001 0009 1655973378315706 52.0625 -62.0 3.6079228131070282 14 
0001 0015 1655973378317577 -29.25 -62.5 4.061981126321178 14 
0001 0005 1655973378321198 61.8125 -71.0 4.552854978444583 14 
0001 0006 1655973378322373 -94.375 -67.5 6.1850105367549055 14 
0001 0002 1655973378419908 58.5625 -68.0 2.773437264497239 14 
0001 0006 1655973378420873 -65.0625 -68.0 6.007068765360171 14 
0001 0014 1655973378424711 0.0 -61.0 2.509592568980909 14 
0001 0009 1655973378426249 -26.0 -62.0 3.736777199289422 14 
0001 0015 1655973378427158 -13.0 -62.5 4.01902966426038 14 
0001 0005 1655973378428490 0.0 -71.0 4.534447208989955 14 
0001 0006 1655973378527263 -39.0 -68.5 5.988660995905543 14 
0001 0002 1655973378528468 6.5 -68.5 2.84706834231575 14 
0001 0009 1655973378529462 -13.0 -62.0 3.6876898140770815 14 
0001 0014 1655973378531148 -34.9375 -61.0 2.5832236467994196 14 
0001 0015 1655973378532310 -48.8125 -62.5 4.1601558967458585 14 
0001 0005 1655973378537193 19.5 -71.5 4.405592822807561 14 
0001 0005 1655973378634856 -126.9375 -71.0 4.485359823777615 14 
0001 0014 1655973378635800 -3.25 -61.5 2.509592568980909 14 
0001 0009 1655973378637432 -9.75 -62.0 3.6754179677739964 14 
0001 0015 1655973378639320 32.5 -62.5 3.9699422790480394 14 
0001 0002 1655973378642714 -94.375 -69.0 3.06182565261974 14 
0001 0006 1655973378643917 -9.75 -67.5 5.994796919057086 14 
0001 0014 1655973378744493 45.5625 -61.0 2.423689644859313 14 
0001 0006 1655973378745683 -6.5 -67.0 5.982525072754001 14 
0001 0015 1655973378747203 -6.5 -62.5 4.06811704947272 14 
0001 0009 1655973378748184 -32.5 -61.5 3.693825737228624 14 
0001 0002 1655973378749502 -78.0625 -69.5 3.0127382674073995 14 
0001 0005 1655973378750469 143.1875 -71.0 4.546719055293041 14 
0001 0015 1655973378848675 -35.75 -62.5 4.074252972624263 14 
0001 0009 1655973378851185 13.0 -62.5 3.6324665057131984 14 
0001 0014 1655973378852757 -55.3125 -61.5 2.564815877344792 14 
0001 0002 1655973378854064 26.0 -68.0 2.7857091108003242 14 
0001 0006 1655973378855028 29.25 -69.0 5.945709533844745 14 
0001 0005 1655973378857274 -185.5 -72.5 4.816699673960914 14 
0001 0015 1655973378967067 52.0625 -62.5 3.9453985864418692 14 
0001 0005 1655973378968017 -42.3125 -70.5 4.76147636559703 14 
0001 0014 1655973378969700 -7.3125 -61.5 2.4911847995262812 14 
0001 0006 1655973378971957 32.5 -67.5 5.841398840268521 14 
0001 0002 1655973378973135 58.5625 -67.5 2.7550294950426117 14 
0001 0009 1655973378976698 -52.0625 -61.5 3.767456815047135 14 
0001 0015 1655973379074594 48.8125 -62.5 3.9638063558964967 14 
0001 0009 1655973379077403 6.5 -62.0 3.6324665057131984 14 
0001 0002 1655973379078343 -45.5625 -69.0 2.9145634969827183 14 
0001 0014 1655973379080114 38.1875 -61.0 2.3930100291016 14 
0001 0006 1655973379083021 -3.25 -69.0 5.9518454569962875 14 
0001 0005 1655973379084073 -19.5 -71.5 4.859651136021712 14 
0001 0015 1655973379181352 19.5 -62.0 3.9760782021995817 14 
0001 0006 1655973379182797 9.75 -68.5 5.878214379177777 14 
0001 0014 1655973379183746 -13.8125 -61.5 2.478912953223196 14 
0001 0005 1655973379186275 -198.5625 -71.5 4.81056375080937 14 
0001 0009 1655973379188005 16.25 -62.0 3.6324665057131984 14 
0001 0002 1655973379189766 29.25 -68.0 2.8838838812250054 14 
0001 0009 1655973379287616 22.75 -62.0 3.6386024288647407 14 
0001 0015 1655973379290414 29.25 -62.0 4.000621894805752 14 
0001 0006 1655973379293346 -13.0 -68.0 5.957981380147831 14 
0001 0005 1655973379294300 61.8125 -72.0 4.7307967498393175 14 
0001 0014 1655973379295233 -17.0625 -61.0 2.509592568980909 14 
0001 0002 1655973379296514 201.8125 -68.5 2.6445828783148455 14 
0001 0006 1655973379394505 45.5625 -67.5 5.890486225480862 14 
0001 0005 1655973379396041 -120.4375 -70.5 4.6878452877785195 14 
0001 0009 1655973379396992 -84.625 -61.5 3.792000507653305 14 
0001 0015 1655973379398439 -45.5625 -62.5 4.111068511533518 14 
0001 0014 1655973379400193 -21.125 -61.5 2.4605051837685683 14 
0001 0002 1655973379403461 -61.8125 -68.0 3.0127382674073995 14 
0001 0009 1655973379502999 3.25 -62.5 3.693825737228624 14 
0001 0002 1655973379503957 -113.875 -69.0 3.06182565261974 14 
0001 0005 1655973379504909 -172.5 -71.5 4.718524903536232 14 
0001 0014 1655973379507885 73.1875 -61.0 2.411417798556228 14 
0001 0006 1655973379509672 -22.75 -68.0 5.970253226450915 14 
0001 0015 1655973379510597 -45.5625 -62.5 4.1601558967458585 14 
0001 0009 1655973379612065 -48.8125 -62.0 3.767456815047135 14 
0001 0002 1655973379612976 -179.0 -68.0 3.2459033471660166 14 
0001 0006 1655973379613966 -3.25 -68.0 5.93343768754166 14 
0001 0014 1655973379615427 -13.0 -61.0 2.4727770300716534 14 
0001 0015 1655973379618010 -26.0 -62.0 4.061981126321178 14 
0001 0005 1655973379619811 -9.75 -71.5 4.718524903536232 14 
0001 0014 1655973379718110 0.0 -61.5 2.435961491162398 14 
0001 0002 1655973379720908 32.5 -68.5 2.8102528034064944 14 
0001 0006 1655973379723560 -19.5 -68.0 6.000932842208628 14 
0001 0005 1655973379724500 26.0 -71.5 4.381049130201391 14 
0001 0009 1655973379727808 -61.8125 -61.5 3.7429131224409646 14 
0001 0015 1655973379728787 -6.5 -62.0 4.080388895775806 14 
0001 0006 1655973379825401 133.4375 -68.0 5.620505606812989 14 
0001 0015 1655973379827939 -6.5 -62.0 4.061981126321178 14 
0001 0005 1655973379829377 -117.125 -71.0 5.019185137961818 14 
0001 0002 1655973379830556 -97.625 -68.5 3.018874190558942 14 
0001 0014 1655973379831730 -21.125 -61.0 2.497320722677824 14 
0001 0009 1655973379833430 6.5 -61.5 3.6570101983193686 14 
0001 0006 1655973379933864 -97.625 -68.0 5.896622148632405 14 
0001 0015 1655973379937536 -52.0625 -62.0 4.123340357836604 14 
0001 0009 1655973379938585 22.75 -62.5 3.6140587362585705 14 
0001 0014 1655973379939490 -45.5625 -61.0 2.5341362615870793 14 
0001 0002 1655973379940712 -107.375 -68.5 3.031146036862027 14 
0001 0005 1655973379942387 81.375 -71.0 4.331961744989051 14 
0001 0014 1655973380040125 -7.3125 -61.5 2.5402721847386216 14 
0001 0002 1655973380041421 -45.5625 -68.5 2.988194574801229 14 
0001 0009 1655973380042853 -35.75 -62.0 3.6815538909255388 14 
0001 0006 1655973380044061 110.625 -68.0 5.921165841238575 14 
0001 0005 1655973380047960 29.25 -70.5 4.558990901596125 14 
0001 0015 1655973380049154 -48.8125 -63.0 4.1172044346850605 14 
0001 0015 1655973380148314 13.0 -62.0 4.000621894805752 14 
0001 0006 1655973380149663 -58.5625 -67.5 5.964117303299373 14 
0001 0009 1655973380150841 -16.25 -62.0 3.6570101983193686 14 
0001 0002 1655973380151808 -39.0 -69.0 2.8777479580734626 14 
0001 0014 1655973380153495 29.25 -61.5 2.4175537217077703 14 
0001 0005 1655973380154547 -185.5 -70.5 5.056000676871073 14 
0001 0015 1655973380254919 58.5625 -62.0 3.9760782021995817 14 
0001 0014 1655973380256506 -30.875 -61.0 2.5341362615870793 14 
0001 0002 1655973380258295 -35.75 -68.5 3.0127382674073995 14 
0001 0009 1655973380259727 -16.25 -62.5 3.663146121470911 14 
0001 0006 1655973380260808 94.375 -68.5 5.829126993965437 14 
0001 0005 1655973380280191 2.4375 -72.5 1.4787574795217582 14 
0001 0006 1655973380368685 -22.75 -68.0 5.93343768754166 14 
0001 0014 1655973380371180 48.8125 -61.0 2.399145952253143 14 
0001 0009 1655973380372145 -13.0 -62.0 3.693825737228624 14 
0001 0015 1655973380376751 -13.0 -63.0 4.06811704947272 14 
0001 0002 1655973380377892 104.125 -69.0 2.6384469551633027 14 
0001 0005 1655973380378984 -16.25 -72.5 4.743068596142402 14 
0001 0005 1655973380476377 -179.0 -70.5 4.914874444385594 14 
0001 0014 1655973380479511 -55.3125 -61.5 2.521864415283994 14 
0001 0006 1655973380480444 3.25 -68.0 5.872078456026235 14 
0001 0002 1655973380481370 -32.5 -68.0 2.945243112740431 14 
0001 0015 1655973380482335 35.75 -62.0 4.01902966426038 14 
0001 0009 1655973380483783 -68.3125 -62.0 3.773592738198677 14 
0001 0009 1655973380582613 -52.0625 -62.5 3.693825737228624 14 
0001 0006 1655973380584388 74.8125 -67.5 5.780039608753096 14 
0001 0002 1655973380585383 -16.25 -68.5 2.988194574801229 14 
0001 0014 1655973380589038 -10.5625 -61.0 2.497320722677824 14 
0001 0005 1655973380590020 19.5 -71.0 4.700117134081604 14 
0001 0015 1655973380591355 -61.8125 -62.5 4.154019973594316 14 
0001 0005 1655973380689742 16.25 -72.5 4.405592822807561 14 
0001 0002 1655973380692513 152.9375 -67.5 2.6261751088602177 14 
0001 0009 1655973380693546 9.75 -62.0 3.6201946594101133 14 
0001 0014 1655973380694766 111.4375 -61.0 2.3623304133438876 14 
0001 0015 1655973380695718 -68.3125 -62.0 4.1601558967458585 14 
0001 0006 1655973380697448 71.5625 -67.0 5.792311455056181 14 
0001 0006 1655973380793920 -19.5 -67.5 5.8659425328746915 14 
0001 0009 1655973380795823 58.5625 -63.0 3.6324665057131984 14 
0001 0014 1655973380797653 -48.8125 -61.5 2.521864415283994 14 
0001 0002 1655973380800577 3.25 -69.5 2.9943304979527716 14 
0001 0005 1655973380801562 117.125 -70.5 4.509903516383785 14 
0001 0015 1655973380802514 -39.0 -62.5 4.080388895775806 14 
0001 0014 1655973380908272 -21.125 -61.5 2.497320722677824 14 
0001 0009 1655973380910316 -45.5625 -62.5 3.724505352986337 14 
0001 0002 1655973380911723 -29.25 -67.5 3.018874190558942 14 
0001 0015 1655973380913498 -6.5 -62.5 4.09266074207889 14 
0001 0006 1655973380914421 -29.25 -68.0 5.976389149602458 14 
0001 0005 1655973380916877 94.375 -70.0 4.399456899656019 14 
