0001 0014 1655973447815840 73.1875 -61.0 2.386874105950058 14 
0001 0002 1655973447817951 -48.8125 -68.5 3.098641191528995 14 
0001 0009 1655973447819385 -32.5 -63.0 3.6692820446224537 14 
0001 0006 1655973447820321 -87.875 -69.0 6.068427996875596 14 
0001 0005 1655973447821978 -6.5 -70.5 4.681709364626977 14 
0001 0015 1655973447823973 -42.3125 -63.5 4.037437433715008 14 
0001 0014 1655973447926059 -45.5625 -61.5 2.435961491162398 14 
0001 0009 1655973447927844 13.0 -62.0 3.6017868899554855 14 
0001 0015 1655973447930026 0.0 -63.5 4.049709280018092 14 
0001 0006 1655973447931591 39.0 -69.0 5.853670686571607 14 
0001 0002 1655973447932529 -81.375 -68.5 3.141592653589793 14 
0001 0005 1655973447933835 65.0625 -71.5 4.657165672020807 14 
0001 0002 1655973448030814 -3.25 -68.5 2.9943304979527716 14 
0001 0006 1655973448032246 -19.5 -69.0 5.792311455056181 14 
0001 0014 1655973448033508 24.375 -61.0 2.466641106920111 14 
0001 0009 1655973448034430 16.25 -62.5 3.6263305825616556 14 
0001 0005 1655973448036108 -279.9375 -72.0 4.8351074434155406 14 
0001 0015 1655973448041527 19.5 -63.0 3.9699422790480394 14 
0001 0014 1655973448139482 -17.0625 -61.5 2.454369260617026 14 
0001 0002 1655973448142281 -16.25 -67.5 2.9575149590435164 14 
0001 0015 1655973448143460 19.5 -63.0 3.9699422790480394 14 
0001 0009 1655973448144953 -32.5 -63.0 3.6263305825616556 14 
0001 0006 1655973448148115 -123.6875 -68.5 6.080699843178682 14 
0001 0005 1655973448149064 9.75 -71.0 4.424000592262189 14 
0001 0014 1655973448248436 76.4375 -61.0 2.3439226438892597 14 
0001 0009 1655973448250226 13.0 -63.5 3.6140587362585705 14 
0001 0002 1655973448251662 -29.25 -67.5 3.227495577711389 14 
0001 0015 1655973448253378 19.5 -63.5 3.9515345095934116 14 
0001 0006 1655973448254399 -16.25 -68.0 5.872078456026235 14 
0001 0005 1655973448255353 491.5 -71.5 3.9944859716542096 14 
0001 0014 1655973448355319 -21.125 -61.5 2.478912953223196 14 
0001 0006 1655973448357430 16.25 -68.5 5.786175531904639 14 
0001 0015 1655973448358952 -13.0 -63.0 4.0128937411088375 14 
0001 0009 1655973448360735 -19.5 -64.0 3.6815538909255388 14 
0001 0002 1655973448361816 97.625 -68.5 2.8409324191642074 14 
0001 0005 1655973448364353 133.4375 -71.5 4.516039439535327 14 
0001 0015 1655973448461575 35.75 -62.5 3.9760782021995817 14 
0001 0006 1655973448462495 -16.25 -68.5 5.890486225480862 14 
0001 0014 1655973448464310 -45.5625 -61.5 2.5341362615870793 14 
0001 0009 1655973448465233 26.0 -63.0 3.5956509668039427 14 
0001 0002 1655973448469151 123.6875 -68.0 2.7857091108003242 14 
0001 0005 1655973448470414 -91.125 -70.0 4.7307967498393175 14 
0001 0006 1655973448569901 97.625 -69.5 5.884350302329319 14 
0001 0009 1655973448570980 -19.5 -63.5 3.650874275167826 14 
0001 0002 1655973448572190 -110.625 -67.5 3.098641191528995 14 
0001 0015 1655973448573423 -42.3125 -62.5 4.074252972624263 14 
0001 0014 1655973448574881 17.0625 -61.0 2.429825568010856 14 
0001 0005 1655973448577509 -309.1875 -71.0 4.865787059173254 14 
0001 0002 1655973448674240 -19.5 -68.0 3.018874190558942 14 
0001 0009 1655973448675672 19.5 -63.5 3.5833791205008576 14 
0001 0006 1655973448679122 -45.5625 -68.5 6.013204688511713 14 
0001 0015 1655973448680030 -22.75 -62.5 4.04357335686655 14 
0001 0005 1655973448681495 -166.0 -71.5 4.9394181369917645 14 
0001 0014 1655973448682428 -45.5625 -61.5 2.5034566458293663 14 
0001 0014 1655973448782761 -35.75 -61.0 2.521864415283994 14 
0001 0009 1655973448784339 32.5 -63.0 3.5895150436524004 14 
0001 0002 1655973448785334 -100.875 -68.0 3.08636934522591 14 
0001 0005 1655973448786315 -58.5625 -72.0 4.466952054322987 14 
0001 0015 1655973448787945 -35.75 -63.0 4.049709280018092 14 
0001 0006 1655973448789265 81.375 -69.0 5.773903685601553 14 
0001 0002 1655973448888156 65.0625 -68.0 2.890019804376548 14 
0001 0006 1655973448889476 -120.4375 -69.0 6.000932842208628 14 
0001 0015 1655973448891817 -22.75 -62.5 4.06811704947272 14 
0001 0014 1655973448893093 -27.625 -61.0 2.435961491162398 14 
0001 0009 1655973448894001 -19.5 -63.0 3.6201946594101133 14 
0001 0005 1655973448896285 -139.9375 -71.0 4.693981210930062 14 
0001 0009 1655973448993949 6.5 -63.0 3.6140587362585705 14 
0001 0002 1655973448996024 19.5 -68.5 3.0372819600135696 14 
0001 0014 1655973448997569 -13.8125 -61.0 2.4850488763747385 14 
0001 0015 1655973448999683 -3.25 -63.0 4.000621894805752 14 
0001 0005 1655973449001006 81.375 -71.5 4.706253057233147 14 
0001 0006 1655973449001970 -32.5 -68.5 5.724816300389213 14 
0001 0009 1655973449098857 22.75 -63.0 3.5895150436524004 14 
0001 0002 1655973449100622 -260.375 -68.5 3.3011266555298997 14 
0001 0014 1655973449101802 0.0 -61.0 2.411417798556228 14 
0001 0006 1655973449102983 26.0 -68.5 5.780039608753096 14 
0001 0015 1655973449104425 -29.25 -63.0 4.074252972624263 14 
0001 0005 1655973449108797 -104.125 -70.0 4.663301595172349 14 
0001 0006 1655973449208568 0.0 -69.0 5.816855147662351 14 
0001 0009 1655973449209495 -32.5 -62.5 3.6324665057131984 14 
0001 0014 1655973449211376 -24.375 -61.0 2.478912953223196 14 
0001 0002 1655973449213707 61.8125 -67.0 2.791845033951867 14 
0001 0015 1655973449215809 -42.3125 -63.5 4.037437433715008 14 
0001 0005 1655973449217117 42.3125 -71.5 4.779884135051658 14 
0001 0015 1655973449327767 6.5 -63.0 4.031301510563465 14 
0001 0005 1655973449329316 -3.25 -70.5 4.601942363656923 14 
0001 0002 1655973449331231 169.25 -68.0 2.693670263527186 14 
0001 0006 1655973449332478 110.625 -69.0 5.620505606812989 14 
0001 0014 1655973449333665 -93.5625 -61.5 2.5770877236478773 14 
0001 0009 1655973449335084 -42.3125 -62.0 3.6754179677739964 14 
0001 0015 1655973449433182 -45.5625 -63.0 4.1172044346850605 14 
0001 0009 1655973449435767 -45.5625 -62.5 3.650874275167826 14 
0001 0002 1655973449437004 179.0 -68.0 2.7120780329818137 14 
0001 0014 1655973449439813 30.875 -61.0 2.350058567040802 14 
0001 0006 1655973449441388 -172.5 -69.0 6.050020227420969 14 
0001 0005 1655973449442977 9.75 -71.5 4.485359823777615 14 
0001 0014 1655973449540640 -21.125 -61.5 2.4850488763747385 14 
0001 0002 1655973449541722 26.0 -67.5 2.9022916506796332 14 
0001 0009 1655973449543409 -16.25 -63.0 3.6324665057131984 14 
0001 0015 1655973449545695 -45.5625 -62.5 4.129476280988146 14 
0001 0006 1655973449549066 16.25 -69.0 5.7616318392984684 14 
0001 0005 1655973449550092 -104.125 -71.5 4.81056375080937 14 
0001 0002 1655973449650105 -188.75 -67.5 3.313398501832985 14 
0001 0005 1655973449651298 29.25 -71.0 4.626486056263094 14 
0001 0006 1655973449652217 -3.25 -68.5 5.792311455056181 14 
0001 0015 1655973449653625 -91.125 -62.5 4.129476280988146 14 
0001 0014 1655973449654573 -39.0 -61.5 2.429825568010856 14 
0001 0009 1655973449659583 -26.0 -62.5 3.6386024288647407 14 
0001 0006 1655973449756993 58.5625 -68.5 5.749359992995383 14 
0001 0002 1655973449759622 -87.875 -68.5 3.104777114680538 14 
0001 0014 1655973449761038 -22.75 -61.5 2.466641106920111 14 
0001 0015 1655973449765143 -29.25 -62.5 4.01902966426038 14 
0001 0009 1655973449766052 -45.5625 -62.5 3.650874275167826 14 
0001 0005 1655973449767132 -126.9375 -70.5 4.4976316700806995 14 
0001 0014 1655973449864278 41.5 -61.0 2.337786720737717 14 
0001 0002 1655973449866778 -117.125 -68.0 3.0925052683774528 14 
0001 0005 1655973449868086 -185.5 -71.5 4.902602598082509 14 
0001 0015 1655973449869233 -13.0 -63.0 4.031301510563465 14 
0001 0009 1655973449870199 -26.0 -62.5 3.5833791205008576 14 
0001 0006 1655973449871899 16.25 -68.5 5.71868037723767 14 
0001 0002 1655973449969734 -97.625 -68.5 3.1231848841351653 14 
0001 0015 1655973449972260 94.375 -62.5 3.792000507653305 14 
0001 0009 1655973449973437 -32.5 -62.0 3.6999616603801666 14 
0001 0014 1655973449974569 41.5 -61.5 2.313243028131547 14 
0001 0006 1655973449975783 0.0 -69.5 5.792311455056181 14 
0001 0005 1655973449978270 6.5 -71.5 4.6448938257177215 14 
0001 0006 1655973450077753 -61.8125 -68.5 5.773903685601553 14 
0001 0015 1655973450081630 -45.5625 -62.5 4.0987966652304335 14 
0001 0009 1655973450083149 -22.75 -62.5 3.6140587362585705 14 
0001 0014 1655973450084606 -35.75 -61.0 2.429825568010856 14 
0001 0005 1655973450085701 -13.0 -71.0 4.595806440505381 14 
0001 0002 1655973450086698 -97.625 -68.0 3.141592653589793 14 
0001 0006 1655973450185136 -133.4375 -69.5 6.007068765360171 14 
0001 0014 1655973450186338 -26.0 -61.0 2.435961491162398 14 
0001 0015 1655973450187845 -126.9375 -62.5 4.221515128261284 14 
0001 0005 1655973450191251 42.3125 -71.0 4.6448938257177215 14 
0001 0009 1655973450192468 9.75 -61.5 3.5833791205008576 14 
0001 0002 1655973450193394 74.8125 -68.5 3.031146036862027 14 
0001 0005 1655973450290836 58.5625 -69.0 4.828971520263998 14 
0001 0015 1655973450293634 48.8125 -62.5 3.9392626632903265 14 
0001 0006 1655973450295419 -6.5 -69.0 5.890486225480862 14 
0001 0014 1655973450296383 34.9375 -61.0 2.380738182798515 14 
0001 0009 1655973450298085 48.8125 -62.5 3.552699504743145 14 
0001 0002 1655973450299660 16.25 -68.5 2.945243112740431 14 
0001 0005 1655973450397813 -48.8125 -70.0 4.626486056263094 14 
0001 0006 1655973450398834 -48.8125 -69.0 5.829126993965437 14 
0001 0014 1655973450400008 17.0625 -61.0 2.435961491162398 14 
0001 0015 1655973450403325 0.0 -62.5 4.025165587411922 14 
0001 0009 1655973450404254 -65.0625 -62.5 3.6815538909255388 14 
0001 0002 1655973450406098 -61.8125 -67.5 2.9697868053466014 14 
0001 0009 1655973450506113 -19.5 -62.5 3.6386024288647407 14 
0001 0014 1655973450508198 -52.0625 -60.5 2.423689644859313 14 
0001 0002 1655973450509134 -22.75 -68.0 3.000466421104314 14 
0001 0015 1655973450512638 39.0 -63.0 3.9699422790480394 14 
0001 0006 1655973450514379 68.3125 -68.5 5.688000761479957 14 
0001 0005 1655973450516123 -201.8125 -69.5 4.81056375080937 14 
0001 0015 1655973450613333 26.0 -62.5 3.9638063558964967 14 
0001 0009 1655973450616752 -42.3125 -62.5 3.6447383520162835 14 
0001 0014 1655973450617797 -3.25 -61.5 2.435961491162398 14 
0001 0002 1655973450618752 -87.875 -67.5 3.0925052683774528 14 
0001 0006 1655973450619714 16.25 -68.5 5.964117303299373 14 
0001 0005 1655973450621236 55.3125 -70.5 4.626486056263094 14 
0001 0006 1655973450717762 16.25 -69.0 5.853670686571607 14 
0001 0014 1655973450719245 3.25 -61.0 2.337786720737717 14 
0001 0002 1655973450720681 55.3125 -67.5 2.9391071895888885 14 
0001 0015 1655973450724738 -9.75 -62.5 4.0128937411088375 14 
0001 0005 1655973450726128 -97.625 -72.0 4.970097752749477 14 
0001 0009 1655973450727559 -6.5 -63.0 3.5895150436524004 14 
0001 0009 1655973450825714 6.5 -63.0 3.5711072741977725 14 
0001 0002 1655973450827533 -42.3125 -68.5 3.11091303783208 14 
0001 0014 1655973450828507 -10.5625 -61.0 2.36846633649543 14 
0001 0015 1655973450829957 -35.75 -63.5 4.0558452031696355 14 
0001 0006 1655973450833068 -52.0625 -69.0 5.988660995905543 14 
0001 0005 1655973450834884 113.875 -70.0 4.6878452877785195 14 
0001 0014 1655973450931649 -59.375 -61.0 2.4727770300716534 14 
0001 0009 1655973450936367 0.0 -63.0 3.6263305825616556 14 
0001 0015 1655973450937791 -42.3125 -62.5 4.080388895775806 14 
0001 0006 1655973450940919 68.3125 -68.0 5.798447378207723 14 
0001 0002 1655973450941801 -130.1875 -68.0 3.0925052683774528 14 
0001 0005 1655973450943109 -130.1875 -71.5 5.111223985234957 14 
0001 0014 1655973451041377 3.25 -60.5 2.4175537217077703 14 
0001 0015 1655973451044318 -45.5625 -62.5 4.037437433715008 14 
0001 0006 1655973451045479 -68.3125 -69.0 5.896622148632405 14 
0001 0009 1655973451046416 -48.8125 -63.0 3.6876898140770815 14 
0001 0005 1655973451047526 143.1875 -71.5 4.595806440505381 14 
0001 0002 1655973451048463 -100.875 -68.0 3.074097498922825 14 
0001 0005 1655973451145379 52.0625 -71.5 4.546719055293041 14 
0001 0014 1655973451147886 -69.125 -61.5 2.4850488763747385 14 
0001 0009 1655973451149900 -22.75 -63.0 3.6263305825616556 14 
0001 0006 1655973451151091 -29.25 -68.5 5.8659425328746915 14 
0001 0015 1655973451152296 -9.75 -63.0 3.9822141253511245 14 
0001 0002 1655973451154155 -136.6875 -68.0 3.184544115650591 14 
0001 0002 1655973451259978 6.5 -69.0 3.0127382674073995 14 
0001 0009 1655973451262869 13.0 -63.5 3.6079228131070282 14 
0001 0005 1655973451264079 133.4375 -71.5 4.828971520263998 14 
0001 0014 1655973451265293 13.8125 -61.0 2.350058567040802 14 
0001 0015 1655973451267210 32.5 -62.5 3.933126740138784 14 
0001 0006 1655973451271382 78.0625 -68.0 5.608233760509904 14 
0001 0009 1655973451369568 -42.3125 -62.5 3.6570101983193686 14 
0001 0002 1655973451371357 19.5 -68.5 3.031146036862027 14 
0001 0005 1655973451372764 -32.5 -71.0 4.675573441475434 14 
0001 0006 1655973451373714 -45.5625 -68.0 5.749359992995383 14 
0001 0014 1655973451374647 -29.25 -61.5 2.4605051837685683 14 
0001 0015 1655973451375582 -6.5 -62.5 4.0128937411088375 14 
0001 0015 1655973451475493 -3.25 -62.0 4.000621894805752 14 
0001 0009 1655973451476729 -45.5625 -62.5 3.6201946594101133 14 
0001 0014 1655973451478823 -3.25 -61.5 2.4175537217077703 14 
0001 0006 1655973451480057 -39.0 -67.5 5.939573610693203 14 
0001 0002 1655973451481052 22.75 -68.0 2.8532042654672924 14 
0001 0005 1655973451484545 -19.5 -70.0 4.6878452877785195 14 
0001 0005 1655973451583119 84.625 -72.0 4.571262747899211 14 
0001 0014 1655973451584862 -16.25 -61.5 2.3623304133438876 14 
0001 0002 1655973451586042 45.5625 -68.0 2.9329712664373457 14 
0001 0009 1655973451587403 -6.5 -63.0 3.6263305825616556 14 
0001 0015 1655973451588413 -26.0 -63.0 4.025165587411922 14 
0001 0006 1655973451589704 -45.5625 -69.0 5.724816300389213 14 
0001 0009 1655973451687219 -169.25 -62.5 3.890175278077986 14 
0001 0006 1655973451691319 -45.5625 -68.0 5.988660995905543 14 
0001 0002 1655973451692271 -81.375 -68.5 3.067961575771282 14 
0001 0015 1655973451693238 -55.3125 -63.0 4.061981126321178 14 
0001 0014 1655973451694679 17.0625 -61.5 2.3930100291016 14 
0001 0005 1655973451696002 -26.0 -71.0 4.583534594202296 14 
0001 0015 1655973451796952 26.0 -63.0 3.933126740138784 14 
0001 0014 1655973451797884 -9.75 -61.0 2.448233337465483 14 
0001 0006 1655973451799349 126.9375 -68.0 5.534602682691394 14 
0001 0009 1655973451800298 -16.25 -62.5 3.6570101983193686 14 
0001 0002 1655973451802957 -29.25 -68.0 3.0802334220743677 14 
0001 0005 1655973451804009 52.0625 -71.0 4.651029748869264 14 
0001 0009 1655973451901027 -9.75 -62.0 3.6201946594101133 14 
0001 0006 1655973451902263 -52.0625 -69.0 5.878214379177777 14 
0001 0014 1655973451904034 -45.5625 -61.5 2.4911847995262812 14 
0001 0005 1655973451906576 -136.6875 -71.0 4.693981210930062 14 
0001 0015 1655973451908108 -91.125 -63.0 4.1417481272912315 14 
0001 0002 1655973451909418 -84.625 -68.0 2.945243112740431 14 
0001 0005 1655973452008026 -214.8125 -71.5 4.994641445355648 14 
0001 0009 1655973452009413 9.75 -63.0 3.5895150436524004 14 
0001 0006 1655973452010833 29.25 -68.0 5.737088146692298 14 
0001 0014 1655973452012246 -7.3125 -61.0 2.4175537217077703 14 
0001 0015 1655973452013696 -13.0 -63.0 4.031301510563465 14 
0001 0002 1655973452016866 -52.0625 -68.5 2.9206994201342606 14 
0001 0014 1655973452114384 -100.875 -61.5 2.5402721847386216 14 
0001 0009 1655973452115873 6.5 -63.0 3.6017868899554855 14 
0001 0015 1655973452117890 -3.25 -62.5 4.037437433715008 14 
0001 0002 1655973452119354 -29.25 -68.0 2.9329712664373457 14 
0001 0006 1655973452120291 -139.9375 -68.5 5.945709533844745 14 
0001 0005 1655973452125727 -87.875 -71.0 4.601942363656923 14 
0001 0005 1655973452223642 152.9375 -71.0 4.466952054322987 14 
0001 0006 1655973452225684 55.3125 -68.0 5.743224069843841 14 
0001 0002 1655973452226651 126.9375 -67.0 2.718213956133356 14 
0001 0015 1655973452227813 -16.25 -63.0 4.06811704947272 14 
0001 0009 1655973452230851 19.5 -63.0 3.522019888985432 14 
0001 0014 1655973452232683 -17.0625 -61.5 2.429825568010856 14 
0001 0014 1655973452331913 13.0 -61.5 2.405281875404685 14 
0001 0002 1655973452333346 -35.75 -68.0 3.147728576741336 14 
0001 0009 1655973452334764 -3.25 -63.0 3.6201946594101133 14 
0001 0006 1655973452336666 -32.5 -68.5 5.9088939949354895 14 
0001 0015 1655973452337603 -32.5 -63.0 4.006757817957295 14 
0001 0005 1655973452338583 -87.875 -71.5 4.700117134081604 14 
0001 0009 1655973452440254 -19.5 -63.0 3.6386024288647407 14 
0001 0005 1655973452443276 -179.0 -72.0 5.006913291658733 14 
0001 0014 1655973452444803 -24.375 -61.0 2.478912953223196 14 
0001 0006 1655973452445753 52.0625 -69.0 5.559146375297564 14 
0001 0015 1655973452446747 13.0 -63.0 3.988350048502667 14 
0001 0002 1655973452447800 -32.5 -68.0 3.0066023442558567 14 
0001 0009 1655973452544831 -16.25 -63.0 3.6140587362585705 14 
0001 0014 1655973452547354 -10.5625 -62.0 2.36846633649543 14 
0001 0015 1655973452550520 42.3125 -62.5 3.9576704327449543 14 
0001 0002 1655973452551430 107.375 -68.5 2.8102528034064944 14 
0001 0006 1655973452552507 -87.875 -68.5 5.976389149602458 14 
0001 0005 1655973452554418 -19.5 -71.0 4.724660826687775 14 
0001 0006 1655973452653278 -65.0625 -69.5 5.7616318392984684 14 
0001 0014 1655973452656437 62.625 -61.0 2.356194490192345 14 
0001 0002 1655973452658370 -45.5625 -68.0 2.988194574801229 14 
0001 0009 1655973452659727 -13.0 -62.0 3.6324665057131984 14 
0001 0015 1655973452661162 -16.25 -62.5 4.061981126321178 14 
0001 0005 1655973452662527 39.0 -72.5 4.516039439535327 14 
