0001 0001 1656416441983059 -48.8125 -71.5 3.877903431774901 17 
0001 0014 1656416441985367 24.375 -55.5 0.19634954084936207 17 
0001 0007 1656416441990641 -91.125 -70.5 0.23930100291016002 17 
0001 0014 1656416442100617 -22.75 -55.5 0.2699806186678728 17 
0001 0001 1656416442107469 123.6875 -71.5 3.5895150436524004 17 
0001 0007 1656416442109710 -94.375 -71.0 6.277049384028044 17 
0001 0014 1656416442207688 -22.75 -55.5 0.2761165418194154 17 
0001 0001 1656416442216844 286.4375 -71.0 3.184544115650591 17 
0001 0007 1656416442227622 84.625 -73.0 6.24330180669456 17 
0001 0014 1656416442321343 -3.25 -55.5 0.25157284921324513 17 
0001 0007 1656416442330607 -179.0 -71.5 0.3129320807286708 17 
0001 0001 1656416442333098 -52.0625 -70.0 3.9699422790480394 17 
0001 0014 1656416442436674 -6.5 -55.5 0.25157284921324513 17 
0001 0001 1656416442439300 -32.5 -70.0 3.810408277107933 17 
0001 0007 1656416442444970 55.3125 -71.0 0.17794177139473438 17 
0001 0007 1656416442549145 205.0625 -71.0 5.970253226450915 17 
0001 0001 1656416442550491 -16.25 -71.0 3.77972866135022 17 
0001 0014 1656416442553226 -22.75 -56.0 0.2638446955163303 17 
0001 0001 1656416442660489 -19.5 -71.5 3.8410878928656453 17 
0001 0014 1656416442661644 0.0 -55.5 0.23316507975861744 17 
0001 0007 1656416442674309 -0.8125 -73.5 6.200350344633762 17 
0001 0014 1656416442775506 -9.75 -55.5 0.2699806186678728 17 
0001 0001 1656416442778438 -55.3125 -71.0 3.890175278077986 17 
0001 0007 1656416442782589 52.0625 -73.5 6.22182607566416 17 
0001 0014 1656416442887199 -3.25 -55.5 0.23316507975861744 17 
0001 0001 1656416442890824 35.75 -72.0 3.5281558121369745 17 
0001 0007 1656416442894561 -42.3125 -72.0 6.22182607566416 17 
0001 0001 1656416443002583 -81.375 -71.5 3.859495662320273 17 
0001 0014 1656416443004094 -39.0 -55.5 0.3129320807286708 17 
0001 0007 1656416443011753 19.5 -72.0 0.04295146206079795 17 
0001 0001 1656416443114659 -6.5 -72.0 3.552699504743145 17 
0001 0014 1656416443116658 -16.25 -55.5 0.2699806186678728 17 
0001 0007 1656416443120650 -195.25 -73.0 6.277049384028044 17 
0001 0014 1656416443229258 3.25 -55.5 0.2270291566070749 17 
0001 0007 1656416443231321 39.0 -72.0 6.227961998815704 17 
0001 0001 1656416443235197 -123.6875 -70.0 3.8533597391687304 17 
0001 0014 1656416443341609 -9.75 -55.5 0.2638446955163303 17 
0001 0007 1656416443343225 -91.125 -71.5 6.1420590746941075 17 
0001 0001 1656416443347273 16.25 -72.0 3.847223816017188 17 
0001 0014 1656416443451795 -6.5 -55.5 0.25770877236478773 17 
0001 0001 1656416443480723 4.25 -72.5 0.705631162427395 17 
0001 0007 1656416443485092 6.0625 -74.0 6.178874613603362 17 
0001 0014 1656416443571059 -6.5 -56.0 0.25157284921324513 17 
0001 0001 1656416443572595 208.3125 -71.0 3.5036121195308043 17 
0001 0007 1656416443589856 -3.0 -74.5 6.22182607566416 17 
0001 0014 1656416443682556 -3.25 -55.5 0.23316507975861744 17 
0001 0001 1656416443705255 0.0 -72.0 3.745981084016736 17 
0001 0007 1656416443724929 -21.9375 -74.0 6.277049384028044 17 
0001 0014 1656416443814384 -3.25 -55.5 0.21475731030398976 17 
0001 0001 1656416443855739 -6.6875 -72.5 0.6749515466696822 17 
0001 0007 1656416443866740 14.625 -74.0 6.086835766330224 17 
0001 0014 1656416443952595 7.3125 -55.5 0.22089323345553233 17 
0001 0007 1656416443955795 -71.5625 -73.0 6.166602767300278 17 
0001 0001 1656416443970009 8.9375 -71.5 3.7643888534713636 17 
0001 0014 1656416444065929 -24.375 -55.5 0.2638446955163303 17 
0001 0001 1656416444073415 19.5 -71.0 3.6876898140770815 17 
0001 0007 1656416444082631 52.0625 -73.5 6.074563920027139 17 
0001 0014 1656416444183892 -7.3125 -56.0 0.23316507975861744 17 
0001 0001 1656416444185693 188.75 -71.5 3.448388811166921 17 
0001 0007 1656416444188119 -26.0 -73.5 6.209554229361076 17 
0001 0014 1656416444294979 17.0625 -56.0 0.20248546400090464 17 
0001 0001 1656416444298637 -192.0 -70.5 4.037437433715008 17 
0001 0007 1656416444317974 -4.0625 -73.0 6.21875811408839 17 
0001 0014 1656416444420597 -16.25 -56.0 0.23316507975861744 17 
0001 0007 1656416444429326 97.625 -73.0 6.050020227420969 17 
0001 0001 1656416444433922 29.25 -70.0 3.865631585471816 17 
0001 0014 1656416444538832 -17.0625 -55.5 0.36815538909255385 17 
0001 0007 1656416444552427 139.9375 -72.0 6.013204688511713 17 
0001 0014 1656416444681943 21.125 -55.0 0.6872233929727672 17 
0001 0007 1656416444684737 -68.3125 -71.5 0.39269908169872414 17 
0001 0014 1656416444786402 -22.75 -53.5 0.8774370106705868 17 
0001 0005 1656416444789150 -214.8125 -69.5 5.773903685601553 17 
0001 0007 1656416444821862 14.625 -74.5 0.7976700097005334 17 
0001 0001 1656416444831672 21.9375 -73.5 0.1902136176978195 17 
0001 0002 1656416444833986 -26.1875 -75.5 4.902602598082509 17 
0001 0004 1656416444853731 -0.5625 -73.5 4.111068511533518 17 
0001 0000 1656416444859666 -0.25 -68.0 6.270913460876501 17 
0001 0014 1656416444928987 9.75 -53.0 0.8528933180644165 17 
0001 0004 1656416444929923 -74.8125 -65.5 1.1106020904292042 17 
0001 0005 1656416444931837 -55.3125 -65.5 0.6994952392758523 17 
0001 0000 1656416444933199 -6.5 -60.5 5.47937937432751 17 
0001 0002 1656416444956151 -6.0625 -75.0 3.761320891895592 17 
0001 0009 1656416445032907 120.4375 -66.0 1.521708941582556 17 
0001 0005 1656416445035512 9.75 -66.5 1.8714565612204823 17 
0001 0014 1656416445037029 13.8125 -54.0 0.6810874698212247 17 
0001 0004 1656416445038460 26.0 -65.5 0.4479223900626072 17 
0001 0000 1656416445039982 39.0 -65.5 4.706253057233147 17 
0001 0002 1656416445041546 97.625 -71.0 3.5895150436524004 17 
0001 0001 1656416445043770 -274.1875 -72.0 5.534602682691394 17 
0001 0001 1656416445051543 28.4375 -72.0 4.97623367590102 17 
0001 0008 1656416445126539 -0.8125 -76.0 5.307573526084319 17 
0001 0000 1656416445149694 29.25 -66.5 6.277049384028044 17 
0001 0005 1656416445153432 -74.8125 -66.0 2.423689644859313 17 
0001 0009 1656416445154369 -29.25 -59.0 0.6933593161243098 17 
0001 0014 1656416445156021 -6.5 -54.5 0.4724660826687775 17 
0001 0004 1656416445163311 -247.375 -71.5 4.871922982324796 17 
0001 0008 1656416445195304 18.25 -74.5 4.669437518323892 17 
0001 0002 1656416445225005 -4.5625 -74.5 0.44178646691106466 17 
0001 0001 1656416445235995 -7.3125 -75.0 5.393476450205914 17 
0001 0002 1656416445284744 -32.5 -68.5 5.154175447295755 17 
0001 0009 1656416445288912 -3.25 -62.0 0.06135923151542565 17 
0001 0011 1656416445290263 162.75 -73.0 4.743068596142402 17 
0001 0000 1656416445291230 16.25 -62.5 5.098952138931871 17 
0001 0014 1656416445292190 -6.5 -54.0 0.5399612373357456 17 
0001 0005 1656416445293812 110.625 -68.5 5.356660911296659 17 
0001 0004 1656416445295170 -182.25 -71.0 1.7119225592803755 17 
0001 0008 1656416445301877 84.625 -72.5 0.4663301595172349 17 
0001 0010 1656416445398162 -2.5625 -78.5 4.7860200582032 17 
0001 0014 1656416445449338 -13.0 -54.5 0.4479223900626072 17 
0001 0009 1656416445451632 13.0 -59.5 6.135923151542564 17 
0001 0002 1656416445453466 146.4375 -66.5 0.9878836273983529 17 
0001 0005 1656416445454656 -22.75 -67.0 2.337786720737717 17 
0001 0004 1656416445455963 -149.6875 -71.5 2.4911847995262812 17 
0001 0011 1656416445459010 113.875 -72.5 4.104932588381976 17 
0001 0010 1656416445482581 -11.5625 -77.5 1.6812429435226628 17 
0001 0008 1656416445597173 -5.3125 -75.5 0.7363107781851077 17 
0001 0002 1656416445603914 -32.5 -67.5 4.92714629068868 17 
0001 0009 1656416445607475 -22.75 -58.0 5.436427912266712 17 
0001 0014 1656416445609611 -17.0625 -55.0 0.28838838812250056 17 
0001 0005 1656416445612696 -78.0625 -70.0 5.325981295538946 17 
0001 0004 1656416445616868 6.5 -71.5 5.190990986205009 17 
0001 0008 1656416445646445 4.25 -73.5 0.5645049299419159 17 
0001 0010 1656416445654603 6.6875 -75.0 1.1106020904292042 17 
0001 0011 1656416445659643 -12.1875 -76.5 1.2087768608538851 17 
0001 0005 1656416445755659 -65.0625 -70.0 4.080388895775806 17 
0001 0004 1656416445758735 26.0 -71.5 4.589670517353839 17 
0001 0009 1656416445761496 3.25 -57.5 5.356660911296659 17 
0001 0014 1656416445762724 -3.25 -55.0 0.2270291566070749 17 
0001 0002 1656416445765995 -42.3125 -67.0 4.289010282928253 17 
0001 0008 1656416445782053 -32.3125 -76.5 3.859495662320273 17 
0001 0011 1656416445791033 5.4375 -76.0 1.2026409377023426 17 
0001 0010 1656416445793376 14.0 -74.5 1.0983302441261191 17 
0001 0002 1656416445933308 91.125 -66.5 3.9147189706841563 17 
0001 0009 1656416445934884 39.0 -57.5 5.21553467881118 17 
0001 0014 1656416445937938 -17.0625 -55.0 0.23316507975861744 17 
0001 0004 1656416445941801 -166.0 -72.5 4.546719055293041 17 
0001 0005 1656416445946757 35.75 -71.0 3.5342917352885173 17 
0001 0008 1656416445974759 10.375 -76.0 6.264777537724958 17 
0001 0010 1656416445983756 -17.6875 -76.0 4.368777283898306 17 
0001 0011 1656416445986716 7.3125 -76.0 0.9510680884890975 17 
0001 0014 1656416446121361 -7.3125 -54.5 0.21475731030398976 17 
0001 0009 1656416446123277 35.75 -57.5 5.160311370447297 17 
0001 0002 1656416446128227 97.625 -68.0 3.816544200259475 17 
0001 0005 1656416446151667 -17.0625 -72.0 0.35895150436524004 17 
0001 0011 1656416446159312 32.3125 -75.5 4.23378697456437 17 
0001 0004 1656416446168925 -24.375 -75.0 4.595806440505381 17 
0001 0010 1656416446171907 6.0625 -75.0 1.141281706186917 17 
0001 0008 1656416446178096 -17.0625 -76.0 0.48473792897186263 17 
0001 0009 1656416446360827 -39.0 -57.0 5.325981295538946 17 
0001 0002 1656416446362020 -42.3125 -67.0 4.123340357836604 17 
0001 0005 1656416446365671 -39.0 -70.5 3.4913402732277192 17 
0001 0014 1656416446367689 -13.8125 -55.0 0.18407769454627693 17 
0001 0011 1656416446404031 -1.1875 -76.0 4.28287435977671 17 
0001 0004 1656416446412083 12.8125 -75.0 1.4358060174609601 17 
0001 0010 1656416446414353 20.75 -74.5 1.012427320004523 17 
0001 0008 1656416446467345 0.875 -77.5 0.39269908169872414 17 
0001 0002 1656416446623421 -126.9375 -66.0 4.295146206079795 17 
0001 0014 1656416446624413 13.0 -54.5 0.1902136176978195 17 
0001 0009 1656416446625633 -13.0 -57.5 5.258486140871978 17 
0001 0005 1656416446631611 -263.625 -70.5 3.6876898140770815 17 
0001 0010 1656416446679051 9.75 -75.0 1.0983302441261191 17 
0001 0004 1656416446687255 6.6875 -75.0 4.430136515413731 17 
0001 0011 1656416446692094 11.5625 -76.0 4.23378697456437 17 
0001 0008 1656416446732925 -18.25 -77.5 0.607456392002714 17 
0001 0014 1656416446812097 -3.25 -54.5 0.22089323345553233 17 
0001 0002 1656416446814412 26.0 -66.5 4.178563666200486 17 
0001 0009 1656416446815390 -6.5 -58.0 5.2339424482658075 17 
0001 0005 1656416446842234 3.25 -72.5 0.25770877236478773 17 
0001 0011 1656416446852572 0.0 -76.0 1.043106935762236 17 
0001 0004 1656416446858960 18.25 -74.0 4.546719055293041 17 
0001 0010 1656416446862002 8.5 -75.0 1.0921943209745766 17 
