0001 0009 1655627212788323 -19.5 -51.5 4.0558452031696355 1 
0001 0003 1655627212877181 6.5 -60.0 5.178719139901925 1 
0001 0013 1655627212878072 -3.25 -56.5 2.018718716857504 1 
0001 0005 1655627212881606 152.9375 -65.5 0.9265243958829272 1 
0001 0015 1655627212882616 -58.5625 -65.5 2.2457478734645786 1 
0001 0001 1655627212884048 -52.0625 -69.0 2.3746022596469727 1 
0001 0009 1655627212885013 -32.5 -52.0 4.123340357836604 1 
0001 0014 1655627212886799 -9.75 -67.0 2.227340104009951 1 
0001 0001 1655627212977250 71.5625 -69.5 2.1537090261914402 1 
0001 0015 1655627212979265 -45.5625 -65.5 2.227340104009951 1 
0001 0009 1655627212981349 -3.25 -52.0 4.061981126321178 1 
0001 0003 1655627212982974 3.25 -60.0 5.117359908386499 1 
0001 0013 1655627212984164 -3.25 -56.0 2.0064468705544187 1 
0001 0014 1655627212985071 74.8125 -66.5 2.0493983326152168 1 
0001 0005 1655627212985952 29.25 -66.0 1.0799224746714913 1 
0001 0013 1655627213077143 -13.0 -56.0 1.9941750242513334 1 
0001 0005 1655627213078083 68.3125 -65.5 1.1474176293384597 1 
0001 0001 1655627213079725 16.25 -70.0 2.1782527187976104 1 
0001 0015 1655627213083828 -22.75 -65.5 2.1046216409791 1 
0001 0009 1655627213084780 -22.75 -52.0 4.111068511533518 1 
0001 0003 1655627213086482 -16.25 -59.5 5.227806525114265 1 
0001 0014 1655627213088683 162.75 -67.5 1.932815792735908 1 
0001 0009 1655627213177440 -26.0 -52.0 4.135612204139688 1 
0001 0001 1655627213179212 -123.6875 -68.5 2.399145952253143 1 
0001 0015 1655627213181623 6.5 -66.0 2.2089323345553233 1 
0001 0003 1655627213182840 -13.0 -59.5 5.203262832508095 1 
0001 0013 1655627213183817 13.0 -56.0 1.9573594853420782 1 
0001 0014 1655627213184895 -55.3125 -67.0 2.2396119503130363 1 
0001 0005 1655627213187208 71.5625 -66.0 1.0492428589137786 1 
0001 0009 1655627213275026 -13.0 -52.0 4.147884050442774 1 
0001 0003 1655627213278033 26.0 -59.5 5.197126909356553 1 
0001 0013 1655627213279621 13.0 -56.0 1.9266798695843652 1 
0001 0001 1655627213280784 143.1875 -70.5 1.9757672547967058 1 
0001 0014 1655627213283813 130.1875 -67.5 2.110757564130642 1 
0001 0015 1655627213284878 120.4375 -66.5 1.9082721001297376 1 
0001 0005 1655627213286311 100.875 -66.0 1.0492428589137786 1 
0001 0013 1655627213375075 13.0 -56.0 1.9634954084936207 1 
0001 0003 1655627213376024 -22.75 -59.5 5.338253141842031 1 
0001 0005 1655627213377501 -29.25 -66.0 1.214912784005428 1 
0001 0014 1655627213378690 29.25 -68.0 2.1659808724945253 1 
0001 0009 1655627213382181 -26.0 -52.0 4.178563666200486 1 
0001 0015 1655627213383216 3.25 -67.0 1.945087639038993 1 
0001 0001 1655627213384975 -126.9375 -70.0 2.521864415283994 1 
0001 0014 1655627213475264 -65.875 -67.5 2.2641556429192065 1 
0001 0001 1655627213476566 -87.875 -70.0 2.3439226438892597 1 
0001 0003 1655627213478792 -22.75 -60.0 5.3627968344482015 1 
0001 0009 1655627213479716 -26.0 -52.0 4.215379205109742 1 
0001 0013 1655627213480663 -13.0 -56.0 2.0064468705544187 1 
0001 0005 1655627213481873 84.625 -66.0 1.0799224746714913 1 
0001 0015 1655627213484258 19.5 -66.0 2.110757564130642 1 
0001 0003 1655627213572743 -6.5 -60.0 5.393476450205914 1 
0001 0009 1655627213574760 6.5 -52.0 4.2031073588066565 1 
0001 0005 1655627213575743 52.0625 -66.0 1.1167380135807468 1 
0001 0013 1655627213577640 32.5 -56.0 1.9573594853420782 1 
0001 0015 1655627213581315 130.1875 -67.0 1.8960002538266525 1 
0001 0014 1655627213585999 -6.5 -68.0 2.2089323345553233 1 
0001 0001 1655627213596565 25.1875 -72.0 2.334718759161946 1 
0001 0015 1655627213678741 6.5 -67.0 2.086213871524472 1 
0001 0003 1655627213681069 29.25 -60.0 5.375068680751287 1 
0001 0013 1655627213682402 29.25 -56.0 1.945087639038993 1 
0001 0009 1655627213683592 -9.75 -52.0 4.264466590322082 1 
0001 0005 1655627213684825 22.75 -66.0 1.1474176293384597 1 
0001 0014 1655627213685748 58.5625 -67.5 2.1659808724945253 1 
0001 0001 1655627213698575 6.5 -71.5 2.411417798556228 1 
0001 0013 1655627213779855 22.75 -56.0 2.0064468705544187 1 
0001 0015 1655627213780779 91.125 -66.0 1.9205439464328227 1 
0001 0009 1655627213782028 -26.0 -51.5 4.270602513473625 1 
0001 0003 1655627213783942 -35.75 -60.0 5.485515297479052 1 
0001 0014 1655627213785353 -13.0 -67.5 2.2396119503130363 1 
0001 0005 1655627213787640 91.125 -66.0 1.0983302441261191 1 
0001 0001 1655627213810140 -2.4375 -72.0 5.565282298449106 1 
0001 0015 1655627213881629 -81.375 -66.0 2.1598449493429825 1 
0001 0013 1655627213882574 3.25 -56.0 2.061670178918302 1 
0001 0014 1655627213883552 39.0 -67.5 2.1659808724945253 1 
0001 0003 1655627213884983 -16.25 -60.0 5.485515297479052 1 
0001 0005 1655627213888994 58.5625 -65.5 1.1780972450961724 1 
0001 0009 1655627213891035 -6.5 -51.5 4.25833066717054 1 
0001 0001 1655627213914974 7.3125 -71.5 2.380738182798515 1 
0001 0012 1655627213992316 -1.4375 -74.5 6.117515382087937 1 
0001 0015 1655627213999926 -13.0 -67.0 2.110757564130642 1 
0001 0003 1655627214001147 -26.0 -60.0 5.5714182216006485 1 
0001 0009 1655627214003047 -16.25 -51.5 4.28287435977671 1 
0001 0013 1655627214004009 13.0 -56.0 2.0923497946760143 1 
0001 0005 1655627214005601 -55.3125 -65.5 1.3621749396424494 1 
0001 0014 1655627214006578 30.875 -67.5 2.2150682577068657 1 
0001 0001 1655627214032998 8.5 -72.0 5.534602682691394 1 
0001 0012 1655627214092646 -1.9375 -74.5 6.092971689481767 1 
0001 0003 1655627214110303 -32.5 -60.0 5.50392306693368 1 
0001 0009 1655627214112106 -16.25 -51.5 4.289010282928253 1 
0001 0015 1655627214113513 -126.9375 -66.5 2.3193789512830896 1 
0001 0005 1655627214114437 133.4375 -65.0 1.086058397823034 1 
0001 0013 1655627214115397 16.25 -56.0 2.055534255766759 1 
0001 0014 1655627214116303 -32.5 -67.5 2.356194490192345 1 
0001 0001 1655627214128098 -2.4375 -72.0 5.595961914206819 1 
0001 0012 1655627214182313 2.5625 -74.5 6.031612457966341 1 
0001 0013 1655627214218970 16.25 -56.0 2.0493983326152168 1 
0001 0009 1655627214222230 -22.75 -51.5 4.289010282928253 1 
0001 0003 1655627214223152 -26.0 -60.0 5.534602682691394 1 
0001 0015 1655627214224571 -91.125 -66.5 2.337786720737717 1 
0001 0014 1655627214226469 83.0 -68.0 2.116893487282185 1 
0001 0005 1655627214229117 -35.75 -65.5 1.325359400733194 1 
0001 0001 1655627214251575 3.0 -72.0 5.540738605842936 1 
0001 0012 1655627214327293 1.5625 -74.5 6.056156150572511 1 
0001 0012 1655627214336697 0.875 -74.5 6.050020227420969 1 
0001 0012 1655627214346015 -1.25 -74.0 6.129787228391022 1 
0001 0012 1655627214355402 -2.5625 -74.5 6.105243535784852 1 
0001 0012 1655627214365000 1.4375 -74.0 2.8532042654672924 1 
0001 0012 1655627214374325 -1.5625 -74.0 6.129787228391022 1 
0001 0012 1655627214383668 -1.5625 -74.0 6.117515382087937 1 
0001 0012 1655627214392973 -1.9375 -74.0 6.062292073724054 1 
0001 0012 1655627214402346 -0.25 -74.0 6.080699843178682 1 
0001 0012 1655627214411697 0.4375 -74.0 6.062292073724054 1 
0001 0012 1655627214421073 -1.4375 -74.0 6.074563920027139 1 
0001 0012 1655627214430450 -0.9375 -74.5 6.074563920027139 1 
0001 0012 1655627214439759 -2.5625 -74.5 6.050020227420969 1 
0001 0012 1655627214449115 -0.625 -74.5 6.129787228391022 1 
0001 0012 1655627214458507 4.1875 -74.5 6.062292073724054 1 
0001 0012 1655627214467830 0.625 -74.0 6.043884304269426 1 
0001 0012 1655627214477107 -0.9375 -74.0 6.14819499784565 1 
0001 0012 1655627214492789 2.5 -74.0 5.945709533844745 1 
0001 0012 1655627214502145 -2.25 -74.0 6.0991076126333095 1 
0001 0013 1655627214509687 -22.75 -56.0 2.098485717827557 1 
0001 0014 1655627214511730 29.25 -67.5 2.0923497946760143 1 
0001 0005 1655627214512710 78.0625 -65.0 1.2026409377023426 1 
0001 0003 1655627214514183 -3.25 -59.5 5.47937937432751 1 
0001 0009 1655627214517834 -22.75 -51.5 4.23378697456437 1 
0001 0015 1655627214523124 -35.75 -66.0 2.2089323345553233 1 
0001 0001 1655627214530319 30.0625 -71.5 5.50085510535791 1 
0001 0012 1655627214588961 -2.875 -74.0 6.135923151542564 1 
0001 0005 1655627214624149 198.5625 -65.0 0.9756117810952678 1 
0001 0003 1655627214626275 -39.0 -60.0 5.485515297479052 1 
0001 0013 1655627214627379 16.25 -56.0 2.0371264863121317 1 
0001 0014 1655627214628299 -9.75 -68.0 2.227340104009951 1 
0001 0009 1655627214629209 -29.25 -51.0 4.239922897715912 1 
0001 0001 1655627214630144 126.9375 -69.5 2.1659808724945253 1 
0001 0015 1655627214631406 87.875 -66.5 1.902136176978195 1 
0001 0001 1655627214637040 -18.6875 -72.0 2.448233337465483 1 
0001 0012 1655627214689934 4.5625 -73.5 5.9518454569962875 1 
0001 0013 1655627214738806 16.25 -56.0 2.012582793705961 1 
0001 0009 1655627214739769 -3.25 -51.0 4.178563666200486 1 
0001 0005 1655627214741163 78.0625 -65.5 1.2026409377023426 1 
0001 0001 1655627214743544 182.25 -70.0 2.2089323345553233 1 
0001 0014 1655627214744726 0.0 -68.5 2.0923497946760143 1 
0001 0015 1655627214747504 3.25 -66.0 2.2027964114037806 1 
0001 0003 1655627214748482 -22.75 -60.5 5.424156065963627 1 
0001 0012 1655627214765318 -21.9375 -73.5 6.092971689481767 1 
0001 0013 1655627214842632 39.0 -56.0 1.9819031779482483 1 
0001 0009 1655627214844660 -13.0 -51.0 4.184699589352029 1 
0001 0014 1655627214846063 156.1875 -68.0 1.859184714917397 1 
0001 0003 1655627214847479 13.0 -60.0 5.3627968344482015 1 
0001 0001 1655627214849870 -214.8125 -71.0 2.767301341345697 1 
0001 0005 1655627214851557 45.5625 -65.5 1.1351457830353744 1 
0001 0015 1655627214854482 -26.0 -66.0 2.1905245651006955 1 
0001 0012 1655627214881649 9.75 -73.0 5.982525072754001 1 
0001 0015 1655627214948997 42.3125 -66.0 1.9634954084936207 1 
0001 0009 1655627214950061 -3.25 -51.0 4.166291819897402 1 
0001 0001 1655627214952194 175.75 -70.0 2.12916533358527 1 
0001 0005 1655627214953117 78.0625 -65.5 1.055378782065321 1 
0001 0013 1655627214954590 32.5 -56.0 2.012582793705961 1 
0001 0003 1655627214956006 -6.5 -60.0 5.411884219660542 1 
0001 0014 1655627214958184 62.625 -66.5 1.9389517158874505 1 
0001 0012 1655627214975073 3.0 -72.5 2.890019804376548 1 
0001 0013 1655627215050999 9.75 -56.0 2.055534255766759 1 
0001 0009 1655627215055101 -16.25 -51.0 4.190835512503572 1 
0001 0005 1655627215056453 143.1875 -65.5 1.0185632431560658 1 
0001 0015 1655627215057388 -39.0 -66.0 2.1475731030398975 1 
0001 0003 1655627215058391 -6.5 -60.0 5.436427912266712 1 
0001 0014 1655627215059485 104.125 -68.0 2.0371264863121317 1 
0001 0001 1655627215064408 -222.125 -70.5 2.693670263527186 1 
0001 0012 1655627215082979 7.3125 -73.5 6.013204688511713 1 
0001 0013 1655627215157426 29.25 -56.0 2.0371264863121317 1 
0001 0014 1655627215158713 19.5 -67.5 2.172116795646068 1 
0001 0009 1655627215160954 -13.0 -51.0 4.227651051412827 1 
0001 0003 1655627215162261 -16.25 -60.0 5.491651220630596 1 
0001 0005 1655627215163544 58.5625 -65.0 1.1228739367322893 1 
0001 0015 1655627215166002 -19.5 -66.0 2.1905245651006955 1 
0001 0001 1655627215169225 16.25 -69.5 2.5341362615870793 1 
0001 0012 1655627215185846 0.5625 -73.0 6.000932842208628 1 
0001 0003 1655627215261199 0.0 -60.0 5.5100589900852235 1 
0001 0013 1655627215263309 22.75 -56.5 2.055534255766759 1 
0001 0005 1655627215264688 91.125 -65.0 1.0676506283684062 1 
0001 0009 1655627215265937 6.5 -51.0 4.221515128261284 1 
0001 0015 1655627215267808 48.8125 -66.5 2.1598449493429825 1 
0001 0014 1655627215268729 -26.0 -68.0 2.2150682577068657 1 
0001 0001 1655627215279355 39.0625 -72.0 5.887418263905091 1 
0001 0012 1655627215293656 12.8125 -72.5 6.086835766330224 1 
0001 0005 1655627215364562 68.3125 -64.5 1.3192234775816514 1 
0001 0013 1655627215366814 -6.5 -56.5 2.061670178918302 1 
0001 0003 1655627215369152 -6.5 -59.0 5.792311455056181 1 
0001 0009 1655627215370503 -16.25 -51.5 4.135612204139688 1 
0001 0015 1655627215371478 0.0 -68.5 2.3623304133438876 1 
0001 0014 1655627215372686 -32.5 -66.0 2.380738182798515 1 
0001 0012 1655627215383633 29.25 -72.5 5.954913418572059 1 
0001 0001 1655627215400336 3.625 -72.5 0.2270291566070749 1 
0001 0008 1655627215441784 6.25 -76.5 0.9203884727313847 1 
0001 0002 1655627215476958 -0.625 -73.0 3.9085830475326135 1 
0001 0013 1655627215492831 -13.0 -59.5 2.2027964114037806 1 
0001 0005 1655627215494020 0.0 -63.5 1.4542137869155878 1 
0001 0008 1655627215495049 -221.3125 -70.5 4.154019973594316 1 
0001 0003 1655627215500515 -9.75 -59.0 0.1718058482431918 1 
0001 0014 1655627215502130 32.5 -66.0 2.5709518004963345 1 
0001 0009 1655627215503065 9.75 -53.5 3.6140587362585705 1 
0001 0001 1655627215504399 -172.5 -69.5 4.479223900626073 1 
0001 0002 1655627215516622 -43.9375 -71.0 0.9418642037617837 1 
0001 0005 1655627215596846 6.5 -60.0 0.32520392703175593 1 
0001 0001 1655627215598744 16.25 -66.5 5.252350217720435 1 
0001 0009 1655627215599655 55.3125 -64.0 2.497320722677824 1 
0001 0008 1655627215602418 -6.5 -58.5 2.8716120349219203 1 
0001 0007 1655627215603386 -117.125 -70.0 0.01227184630308513 1 
0001 0002 1655627215605670 -6.5 -67.0 1.2210487071569704 1 
0001 0013 1655627215607219 39.0 -57.5 2.0493983326152168 1 
0001 0003 1655627215608379 -3.25 -63.0 0.5645049299419159 1 
0001 0010 1655627215617478 -117.125 -69.5 3.6386024288647407 1 
0001 0006 1655627215623737 3.25 -70.5 0.21782527187976106 1 
0001 0004 1655627215625761 -2.4375 -68.0 0.16260196351587797 1 
0001 0000 1655627215709144 -3.125 -73.0 4.700117134081604 1 
0001 0005 1655627215716382 -3.25 -56.5 5.688000761479957 1 
0001 0004 1655627215717732 78.0625 -60.0 2.693670263527186 1 
0001 0006 1655627215719840 -39.0 -64.0 5.2768939103266055 1 
0001 0008 1655627215720999 -6.5 -60.0 2.2641556429192065 1 
0001 0000 1655627215722169 -214.8125 -67.0 4.804427827657828 1 
0001 0009 1655627215724084 -3.25 -55.0 4.651029748869264 1 
0001 0007 1655627215725262 6.5 -63.0 6.092971689481767 1 
0001 0001 1655627215726525 45.5625 -68.0 0.9694758579437253 1 
0001 0010 1655627215727684 58.5625 -70.5 5.93343768754166 1 
0001 0015 1655627215728622 35.75 -61.0 1.9389517158874505 1 
0001 0003 1655627215729783 -13.0 -61.5 5.448699758569798 1 
0001 0002 1655627215741050 9.75 -71.0 5.688000761479957 1 
0001 0006 1655627215822758 42.3125 -68.5 2.650718801466388 1 
0001 0004 1655627215824005 9.75 -62.5 0.39269908169872414 1 
0001 0015 1655627215825229 117.125 -63.0 1.8039614065535141 1 
0001 0008 1655627215826448 -32.5 -54.0 4.669437518323892 1 
0001 0000 1655627215827360 -130.1875 -65.0 4.1601558967458585 1 
0001 0007 1655627215832047 29.25 -62.0 2.5280003384355365 1 
0001 0009 1655627215833264 -3.25 -55.0 0.5338253141842031 1 
0001 0005 1655627215835174 -16.25 -52.0 1.6321555583103222 1 
0001 0001 1655627215837101 -68.3125 -68.0 5.350524988145116 1 
0001 0003 1655627215856985 10.375 -72.0 5.141903600992669 1 
0001 0010 1655627215861699 -13.375 -75.5 1.6382914814618648 1 
0001 0002 1655627215909588 4.5625 -75.0 5.074408446325701 1 
0001 0003 1655627215938688 -87.875 -67.5 0.6381360077604268 1 
0001 0008 1655627215941288 3.25 -55.0 6.068427996875596 1 
0001 0006 1655627215942466 74.8125 -63.0 2.067806102069844 1 
0001 0000 1655627215943391 -42.3125 -59.5 5.798447378207723 1 
0001 0009 1655627215944328 -65.0625 -62.5 4.442408361716817 1 
0001 0005 1655627215945759 6.5 -57.0 5.896622148632405 1 
0001 0015 1655627215947280 94.375 -62.0 1.9757672547967058 1 
0001 0004 1655627215958905 1.625 -64.0 1.6168157504314657 1 
0001 0002 1655627215967077 -9.125 -75.5 1.4173982480063325 1 
0001 0001 1655627215985124 -4.375 -72.0 0.1349903093339364 1 
0001 0007 1655627215995998 1.8125 -69.0 0.3313398501832985 1 
0001 0001 1655627216054206 -81.375 -66.5 2.804116880254952 1 
0001 0005 1655627216055399 58.5625 -60.5 2.6200391857086753 1 
0001 0007 1655627216057082 45.5625 -65.5 3.6201946594101133 1 
0001 0015 1655627216058798 22.75 -61.5 2.5954954931025047 1 
0001 0004 1655627216059792 58.5625 -61.5 1.9205439464328227 1 
0001 0000 1655627216060983 -3.25 -55.5 0.8774370106705868 1 
0001 0006 1655627216062248 -97.625 -66.0 5.2768939103266055 1 
0001 0003 1655627216066694 -71.5625 -72.0 2.4605051837685683 1 
0001 0008 1655627216097843 1.8125 -68.0 5.816855147662351 1 
0001 0002 1655627216120988 -3.625 -78.0 5.565282298449106 1 
0001 0001 1655627216161538 -1.9375 -74.0 2.5832236467994196 1 
0001 0009 1655627216170599 1.75 -76.0 5.246214294568893 1 
0001 0015 1655627216178835 13.0 -68.0 3.380893656499953 1 
0001 0008 1655627216186285 -29.25 -63.0 5.013049214810275 1 
0001 0000 1655627216187802 71.5625 -62.5 1.6566992509164924 1 
0001 0001 1655627216189541 -97.625 -69.0 5.043728830567988 1 
0001 0003 1655627216194230 -312.4375 -73.0 0.5951845456996288 1 
0001 0004 1655627216199530 8.125 -69.0 0.05522330836388308 1 
0001 0005 1655627216205015 35.75 -71.5 5.942641572268974 1 
0001 0009 1655627216206320 -9.75 -74.0 5.421088104387856 1 
0001 0008 1655627216287219 -3.25 -62.0 5.031456984264903 1 
0001 0009 1655627216288513 87.875 -71.0 1.9082721001297376 1 
0001 0004 1655627216289716 0.0 -64.5 2.9636508821950587 1 
0001 0015 1655627216290716 -22.75 -67.0 3.8840393549264434 1 
0001 0001 1655627216291874 -22.75 -66.0 4.252194744018997 1 
0001 0003 1655627216293465 58.5625 -70.0 5.203262832508095 1 
0001 0005 1655627216294871 -26.0 -66.5 2.6384469551633027 1 
0001 0004 1655627216382965 -13.0 -63.5 2.9759227284981438 1 
0001 0015 1655627216383921 126.9375 -68.0 3.6876898140770815 1 
0001 0009 1655627216385313 123.6875 -70.0 2.399145952253143 1 
0001 0005 1655627216390123 -19.5 -64.0 2.8654761117703775 1 
0001 0003 1655627216391190 -130.1875 -68.0 5.5100589900852235 1 
0001 0001 1655627216392137 71.5625 -65.0 3.9147189706841563 1 
0001 0008 1655627216393113 -6.5 -62.5 5.105088062083414 1 
0001 0007 1655627216480877 -4.875 -75.5 1.1596894756415448 1 
0001 0003 1655627216489639 179.0 -71.5 4.804427827657828 1 
0001 0001 1655627216491454 -166.0 -66.0 4.227651051412827 1 
0001 0004 1655627216492746 45.5625 -63.0 2.9084275738311756 1 
0001 0005 1655627216493710 -22.75 -64.0 3.147728576741336 1 
0001 0008 1655627216496482 -55.3125 -62.5 5.154175447295755 1 
0001 0015 1655627216498298 -123.6875 -70.0 3.822680123411018 1 
0001 0009 1655627216500862 -26.0 -70.0 2.6813984172241008 1 
0001 0007 1655627216501898 -169.25 -71.0 4.049709280018092 1 
0001 0004 1655627216597757 9.75 -64.5 2.705942109830271 1 
0001 0003 1655627216600028 42.3125 -71.0 5.252350217720435 1 
0001 0009 1655627216601079 65.0625 -69.5 2.466641106920111 1 
0001 0001 1655627216602296 -133.4375 -66.5 4.338097668140593 1 
0001 0005 1655627216603743 -68.3125 -63.0 2.9022916506796332 1 
0001 0008 1655627216604709 -143.1875 -63.0 5.129631754689584 1 
0001 0007 1655627216606256 55.3125 -68.0 3.80427235395639 1 
0001 0015 1655627216625323 -12.1875 -72.5 0.5399612373357456 1 
0001 0003 1655627216703289 -234.3125 -71.0 5.50392306693368 1 
0001 0004 1655627216704323 -48.8125 -63.5 2.5954954931025047 1 
0001 0005 1655627216705274 32.5 -60.5 2.693670263527186 1 
0001 0001 1655627216706435 -172.5 -67.0 4.221515128261284 1 
0001 0007 1655627216707853 29.25 -67.5 3.6692820446224537 1 
0001 0008 1655627216710347 -13.0 -62.5 4.878058905476339 1 
0001 0009 1655627216711385 166.0 -70.5 2.141437179888355 1 
0001 0003 1655627216799437 -55.3125 -68.5 5.092816215780329 1 
0001 0004 1655627216803042 -39.0 -64.0 2.6445828783148455 1 
0001 0008 1655627216804275 -87.875 -62.5 4.921010367537137 1 
0001 0001 1655627216805690 74.8125 -66.5 3.7551849687440497 1 
0001 0005 1655627216806882 19.5 -60.0 2.380738182798515 1 
0001 0007 1655627216808189 42.3125 -69.5 4.006757817957295 1 
0001 0009 1655627216809152 35.75 -71.0 2.2764274892222915 1 
0001 0004 1655627216898103 -16.25 -63.5 2.5586799541932495 1 
0001 0007 1655627216899184 -149.6875 -70.5 4.460816131171445 1 
0001 0001 1655627216901487 -192.0 -66.5 4.135612204139688 1 
0001 0003 1655627216902450 -48.8125 -68.0 5.043728830567988 1 
0001 0005 1655627216903401 35.75 -60.0 2.043262409463674 1 
0001 0008 1655627216906538 -45.5625 -62.5 4.871922982324796 1 
0001 0009 1655627216907632 -117.125 -69.0 2.5893595699509624 1 
0001 0008 1655627216995989 0.0 -63.0 4.76147636559703 1 
0001 0001 1655627216998051 -136.6875 -67.5 3.933126740138784 1 
0001 0003 1655627216999368 3.25 -69.0 5.092816215780329 1 
0001 0007 1655627217000335 -74.8125 -69.5 4.215379205109742 1 
0001 0005 1655627217001803 61.8125 -59.5 1.8653206380689396 1 
0001 0004 1655627217003037 35.75 -63.0 2.4911847995262812 1 
0001 0009 1655627217003960 -130.1875 -69.5 2.730485802436441 1 
0001 0005 1655627217092511 58.5625 -59.5 1.8407769454627694 1 
0001 0007 1655627217095307 -71.5625 -69.0 4.2092432819582 1 
0001 0009 1655627217096841 -100.875 -68.5 2.736621725587984 1 
0001 0004 1655627217098430 29.25 -63.0 2.6016314162540475 1 
0001 0003 1655627217099411 -110.625 -69.0 5.1725832167503825 1 
0001 0008 1655627217100317 -74.8125 -63.0 4.871922982324796 1 
0001 0001 1655627217101877 32.5 -67.5 3.663146121470911 1 
0001 0006 1655627217207631 -1.5625 -76.5 0.4908738521234052 1 
0001 0001 1655627217213642 -32.5 -67.0 3.6263305825616556 1 
0001 0009 1655627217216422 78.0625 -69.5 2.466641106920111 1 
0001 0008 1655627217218183 -58.5625 -63.0 4.884194828627882 1 
0001 0005 1655627217219358 9.75 -59.5 1.8346410223112268 1 
0001 0004 1655627217220295 65.0625 -62.5 2.5034566458293663 1 
0001 0007 1655627217221488 -26.0 -70.0 4.319689898685965 1 
0001 0003 1655627217223261 -81.375 -67.5 4.914874444385594 1 
0001 0006 1655627217294944 -1.5625 -75.5 0.5951845456996288 1 
0001 0003 1655627217319004 -149.6875 -68.5 5.203262832508095 1 
0001 0005 1655627217321800 13.0 -59.5 1.8346410223112268 1 
0001 0001 1655627217323076 -19.5 -67.0 3.6692820446224537 1 
0001 0008 1655627217324058 -55.3125 -62.5 4.841243366567084 1 
0001 0004 1655627217325036 -55.3125 -62.0 2.6813984172241008 1 
0001 0009 1655627217326521 9.75 -68.5 2.442097414313941 1 
0001 0007 1655627217328341 -110.625 -70.0 4.571262747899211 1 
0001 0006 1655627217381950 4.0625 -75.0 0.5338253141842031 1 
0001 0009 1655627217426461 130.1875 -67.5 2.2518837966161214 1 
0001 0007 1655627217427892 26.0 -69.0 4.344233591292136 1 
0001 0001 1655627217429948 87.875 -67.0 3.479068426924634 1 
0001 0008 1655627217431379 -22.75 -63.0 4.773748211900116 1 
0001 0003 1655627217432544 -201.8125 -68.5 5.184855063053467 1 
0001 0004 1655627217434839 -22.75 -61.0 2.6139032625571326 1 
0001 0005 1655627217437843 16.25 -59.5 1.8223691760081417 1 
0001 0006 1655627217460729 13.375 -74.0 0.6442719309119693 1 
0001 0009 1655627217530418 91.125 -67.5 2.3009711818284617 1 
0001 0001 1655627217533335 133.4375 -68.0 3.3870295796514958 1 
0001 0005 1655627217535108 3.25 -59.5 1.8162332528565992 1 
0001 0003 1655627217537543 16.25 -69.0 5.117359908386499 1 
0001 0004 1655627217540009 16.25 -60.5 2.497320722677824 1 
0001 0008 1655627217541116 -13.0 -63.5 4.73693267299086 1 
0001 0006 1655627217551846 -15.4375 -72.0 3.9699422790480394 1 
0001 0007 1655627217560734 0.5625 -71.5 4.767612288748572 1 
0001 0015 1655627217615712 -7.0 -74.5 1.055378782065321 1 
0001 0001 1655627217661589 13.0 -68.5 3.2029518851052186 1 
0001 0008 1655627217662555 -35.75 -62.0 4.779884135051658 1 
0001 0005 1655627217665133 42.3125 -59.0 1.7855536370988863 1 
0001 0009 1655627217666821 84.625 -69.0 2.2457478734645786 1 
0001 0004 1655627217668268 29.25 -61.0 2.4605051837685683 1 
0001 0003 1655627217671868 -120.4375 -69.0 5.123495831538041 1 
0001 0006 1655627217672830 29.25 -70.0 1.1290098598838318 1 
0001 0007 1655627217692475 9.125 -71.0 4.988505522204105 1 
0001 0015 1655627217701041 -14.0 -73.0 4.2031073588066565 1 
0001 0006 1655627217770518 146.4375 -68.5 1.030835089459151 1 
0001 0008 1655627217771991 -45.5625 -62.5 4.749204519293945 1 
0001 0005 1655627217774142 13.0 -59.0 1.761009944492716 1 
0001 0004 1655627217775348 52.0625 -60.5 2.411417798556228 1 
0001 0009 1655627217776283 87.875 -68.0 2.2150682577068657 1 
0001 0003 1655627217779015 -22.75 -69.0 4.9823695990525625 1 
0001 0001 1655627217780328 0.0 -69.0 3.147728576741336 1 
