0006 0015 1665976269287628 21.9375 -56.5 1.2455923997631406 4 
0006 0004 1665976269289376 -4.0625 -58.0 2.552544031041707 4 
0006 0013 1665976269290928 -74.0 -62.5 0.8222137023067037 4 
0006 0005 1665976269291853 -13.0 -57.0 0.803805932852076 4 
0006 0011 1665976269292924 -39.0 -64.5 1.7671458676442586 4 
0006 0005 1665976269390045 -4.0625 -57.0 0.7976700097005334 4 
0006 0004 1665976269391796 -26.0 -58.0 2.5770877236478773 4 
0006 0011 1665976269393232 -8.9375 -64.0 1.736466251886546 4 
0006 0010 1665976269394595 0.0 -61.0 2.1598449493429825 4 
0006 0013 1665976269395770 34.9375 -62.5 0.7117670855789375 4 
0006 0007 1665976269396667 -30.0625 -59.5 1.214912784005428 4 
0006 0015 1665976269397550 21.9375 -56.5 1.2517283229146832 4 
0006 0005 1665976269506997 -13.0 -57.0 0.7976700097005334 4 
0006 0015 1665976269507896 21.9375 -56.5 1.2578642460662257 4 
0006 0007 1665976269509274 -4.0625 -59.5 1.1780972450961724 4 
0006 0011 1665976269510213 0.0 -65.0 1.761009944492716 4 
0006 0010 1665976269511837 -13.0 -60.0 2.110757564130642 4 
0006 0013 1665976269513554 -74.0 -63.0 0.8467573949128739 4 
0006 0004 1665976269514720 -21.9375 -58.0 2.5893595699509624 4 
0006 0013 1665976269615068 -26.0 -62.5 0.8099418560036186 4 
0006 0015 1665976269616223 26.0 -56.5 1.2455923997631406 4 
0006 0011 1665976269617376 4.0625 -65.5 1.7241944055834606 4 
0006 0007 1665976269618798 8.9375 -60.0 1.1535535524900022 4 
0006 0004 1665976269620746 17.0625 -58.5 2.5954954931025047 4 
0006 0005 1665976269621842 -34.9375 -57.0 0.7915340865489908 4 
0006 0010 1665976269623376 -13.0 -61.0 2.1598449493429825 4 
0006 0010 1665976269720372 8.9375 -60.5 2.1537090261914402 4 
0006 0015 1665976269721953 -30.0625 -56.5 1.2946797849754812 4 
0006 0007 1665976269724776 -39.0 -59.5 1.1780972450961724 4 
0006 0004 1665976269727191 13.0 -58.0 2.6261751088602177 4 
0006 0005 1665976269728087 4.0625 -56.5 0.7179030087304801 4 
0006 0013 1665976269729423 0.0 -62.5 0.7915340865489908 4 
0006 0011 1665976269730684 165.1875 -65.0 1.5278448647340985 4 
0006 0007 1665976269827080 -26.0 -59.5 1.1780972450961724 4 
0006 0004 1665976269829111 8.9375 -58.0 2.6261751088602177 4 
0006 0010 1665976269830022 -8.9375 -60.0 2.1230294104337273 4 
0006 0013 1665976269831634 39.0 -62.5 0.6688156235181395 4 
0006 0011 1665976269832731 82.1875 -65.0 1.705786636128833 4 
0006 0005 1665976269833856 -30.0625 -57.0 0.7915340865489908 4 
0006 0015 1665976269835278 4.0625 -56.5 1.2762720155208536 4 
0006 0010 1665976269934401 -21.9375 -61.0 2.1659808724945253 4 
0006 0015 1665976269935645 4.0625 -56.5 1.2885438618239387 4 
0006 0007 1665976269937053 -8.9375 -59.5 1.1719613219446299 4 
0006 0004 1665976269937994 17.0625 -58.5 2.6200391857086753 4 
0006 0011 1665976269940748 -100.0625 -64.5 1.8285050991596843 4 
0006 0005 1665976269941615 -34.9375 -57.0 0.7976700097005334 4 
0006 0013 1665976269943025 -17.0625 -63.0 0.8099418560036186 4 
0006 0004 1665976270042919 -34.9375 -58.0 2.662990647769473 4 
0006 0010 1665976270043817 -56.125 -60.5 2.1966604882522383 4 
0006 0005 1665976270044970 -17.0625 -57.0 0.7915340865489908 4 
0006 0013 1665976270046877 -17.0625 -62.5 0.7669903939428205 4 
0006 0011 1665976270047777 -69.125 -65.0 1.8223691760081417 4 
0006 0015 1665976270049456 -4.0625 -56.5 1.2701360923693108 4 
0006 0007 1665976270051802 -8.9375 -60.0 1.2087768608538851 4 
0006 0006 1665976270155360 3.1875 -74.5 6.013204688511713 4 
0006 0010 1665976270165419 21.9375 -61.0 2.061670178918302 4 
0006 0005 1665976270166564 -21.9375 -56.5 0.803805932852076 4 
0006 0004 1665976270167717 -21.9375 -58.5 2.6998061866787286 4 
0006 0015 1665976270168630 -13.0 -57.0 1.2946797849754812 4 
0006 0007 1665976270169780 4.0625 -59.5 1.2087768608538851 4 
0006 0013 1665976270170951 -21.9375 -62.5 0.803805932852076 4 
0006 0011 1665976270173449 -13.0 -64.5 1.8223691760081417 4 
0006 0006 1665976270253269 0.5625 -74.0 6.19728238305799 4 
0006 0013 1665976270285245 -21.9375 -62.5 0.8774370106705868 4 
0006 0015 1665976270286144 -26.0 -56.5 1.3192234775816514 4 
0006 0004 1665976270288900 -43.125 -59.0 2.6445828783148455 4 
0006 0007 1665976270290434 -56.125 -59.5 1.2701360923693108 4 
0006 0005 1665976270291373 4.0625 -57.0 0.7915340865489908 4 
0006 0010 1665976270293747 26.0 -60.5 2.012582793705961 4 
0006 0011 1665976270294790 -104.125 -64.5 1.8346410223112268 4 
0006 0006 1665976270384918 0.8125 -74.0 6.160466844148735 4 
0006 0007 1665976270400160 -30.0625 -60.0 1.2455923997631406 4 
0006 0015 1665976270401072 13.0 -56.5 1.3008157081270237 4 
0006 0005 1665976270402226 -30.0625 -56.5 0.8222137023067037 4 
0006 0004 1665976270403605 87.0625 -58.5 2.4911847995262812 4 
0006 0010 1665976270407895 -43.125 -60.5 2.110757564130642 4 
0006 0011 1665976270412849 69.125 -65.5 1.6321555583103222 4 
0006 0013 1665976270413793 -39.0 -62.0 0.8958447801252144 4 
0006 0006 1665976270516602 -0.1875 -74.5 6.025476534814799 4 
0006 0005 1665976270527384 -39.0 -56.5 0.803805932852076 4 
0006 0015 1665976270528920 -4.0625 -56.5 1.3069516312785663 4 
0006 0010 1665976270530745 65.0625 -60.5 1.9880391010997909 4 
0006 0013 1665976270533076 30.0625 -62.5 0.8160777791551611 4 
0006 0011 1665976270534330 34.9375 -64.5 1.7732817907958012 4 
0006 0007 1665976270535226 -26.0 -59.5 1.214912784005428 4 
0006 0004 1665976270536090 0.0 -58.5 2.6568547246179306 4 
0006 0006 1665976270630258 2.9375 -74.0 6.019340611663256 4 
0006 0010 1665976270639198 -8.9375 -60.5 1.9512235621905356 4 
0006 0015 1665976270641433 34.9375 -56.5 1.2701360923693108 4 
0006 0004 1665976270643661 -4.0625 -58.5 2.6998061866787286 4 
0006 0005 1665976270645227 -26.0 -56.5 0.8406214717613314 4 
0006 0013 1665976270646083 -21.9375 -62.5 0.8406214717613314 4 
0006 0011 1665976270647124 13.0 -64.0 1.6566992509164924 4 
0006 0007 1665976270648050 -21.9375 -60.0 1.184233168247715 4 
0006 0006 1665976270693146 5.625 -74.0 6.191146459906448 4 
0006 0010 1665976270750276 -65.0625 -61.5 1.6198837120072371 4 
0006 0015 1665976270751186 -8.9375 -56.5 1.2640001692177683 4 
0006 0005 1665976270752086 -52.0625 -56.0 0.9694758579437253 4 
0006 0004 1665976270754171 -4.0625 -59.5 2.9697868053466014 4 
0006 0011 1665976270755100 -13.0 -63.5 1.4296700943094176 4 
0006 0013 1665976270757491 -56.125 -62.0 0.7301748550335652 4 
0006 0007 1665976270759832 13.0 -60.5 1.043106935762236 4 
0006 0006 1665976270769557 -29.25 -72.0 0.11658253987930872 4 
0006 0008 1665976270857547 2.625 -76.5 4.816699673960914 4 
0006 0010 1665976270873006 21.9375 -60.5 0.7915340865489908 4 
0006 0015 1665976270874460 48.0 -56.0 1.2026409377023426 4 
0006 0006 1665976270876120 13.0 -70.5 3.2520392703175593 4 
0006 0004 1665976270877260 -13.0 -59.0 3.466796580621549 4 
0006 0005 1665976270879136 -4.0625 -55.5 1.1658253987930873 4 
0006 0007 1665976270880109 -26.0 -61.0 0.9694758579437253 4 
0006 0011 1665976270881259 -8.9375 -63.5 0.8835729338221293 4 
0006 0013 1665976270882192 48.0 -61.0 0.25157284921324513 4 
0006 0008 1665976270906824 -14.625 -74.0 1.7732817907958012 4 
0006 0004 1665976270988854 13.0 -59.5 3.865631585471816 4 
0006 0005 1665976270990828 4.0625 -55.5 1.4480778637640452 4 
0006 0010 1665976270991869 -8.9375 -59.0 0.0674951546669682 4 
0006 0015 1665976270993340 -34.9375 -56.0 1.2701360923693108 4 
0006 0008 1665976270994252 -321.4375 -69.0 1.8714565612204823 4 
0006 0007 1665976270995133 -100.0625 -61.0 1.0185632431560658 4 
0006 0013 1665976270997872 48.0 -61.0 6.050020227420969 4 
0006 0011 1665976270998966 4.0625 -62.0 0.36815538909255385 4 
0006 0011 1665976271100437 8.9375 -62.0 6.215690152512618 4 
0006 0007 1665976271101722 -48.0 -61.5 0.9878836273983529 4 
0006 0013 1665976271102649 -8.9375 -60.0 5.338253141842031 4 
0006 0004 1665976271104766 -8.9375 -61.0 4.374913207049849 4 
0006 0012 1665976271106702 169.25 -69.5 2.5402721847386216 4 
0006 0008 1665976271108436 52.0625 -64.0 1.337631247036279 4 
0006 0015 1665976271109601 -17.0625 -56.0 1.3069516312785663 4 
0006 0005 1665976271110498 -4.0625 -55.0 1.9144080232812801 4 
0006 0010 1665976271111792 8.9375 -57.5 5.123495831538041 4 
0006 0015 1665976271217516 -21.9375 -57.0 1.2578642460662257 4 
0006 0011 1665976271219092 -39.0 -62.5 5.117359908386499 4 
0006 0012 1665976271220022 78.0625 -66.5 2.2089323345553233 4 
0006 0008 1665976271222194 52.0625 -55.5 1.3314953238847365 4 
0006 0010 1665976271223343 -21.9375 -55.5 3.454524734318464 4 
0006 0005 1665976271224240 -17.0625 -55.5 2.4727770300716534 4 
0006 0004 1665976271225350 -74.0 -60.0 4.957825906446392 4 
0006 0013 1665976271226277 -4.0625 -61.0 3.129320807286708 4 
0006 0006 1665976271228268 109.0 -68.0 3.393165502803038 4 
0006 0007 1665976271229547 -17.0625 -61.0 0.7976700097005334 4 
0006 0000 1665976271273925 3.0 -75.0 5.884350302329319 4 
0006 0006 1665976271331726 -42.3125 -64.5 3.706097583531709 4 
0006 0011 1665976271333090 -21.9375 -61.5 3.6140587362585705 4 
0006 0000 1665976271335577 17.0625 -69.0 5.178719139901925 4 
0006 0007 1665976271336845 -21.9375 -63.0 0.30679615757712825 4 
0006 0010 1665976271338007 0.0 -54.0 1.88986433067511 4 
0006 0015 1665976271338954 -34.9375 -57.5 1.0062913968529805 4 
0006 0008 1665976271339850 -34.9375 -54.0 0.9387962421860124 4 
0006 0004 1665976271341623 30.0625 -57.0 5.246214294568893 4 
0006 0013 1665976271342737 -43.125 -66.5 2.3316507975861747 4 
0006 0005 1665976271343648 -30.0625 -59.0 3.2336315008629315 4 
0006 0004 1665976271442013 -87.0625 -61.0 5.460971604872882 4 
0006 0008 1665976271442980 -30.0625 -59.0 0.944932165337555 4 
0006 0010 1665976271444134 52.0625 -65.5 0.6258641614573416 4 
0006 0005 1665976271445046 -21.9375 -68.0 3.2704470397721868 4 
0006 0009 1665976271445973 -147.25 -67.5 5.2768939103266055 4 
0006 0013 1665976271447129 74.0 -72.5 2.1905245651006955 4 
0006 0015 1665976271448522 -26.0 -57.0 0.8835729338221293 4 
0006 0000 1665976271450214 -26.0 -57.0 3.6324665057131984 4 
0006 0007 1665976271451123 -8.9375 -62.5 6.117515382087937 4 
0006 0011 1665976271452904 -100.0625 -66.5 2.761165418194154 4 
0006 0001 1665976271460182 -33.75 -72.0 2.2089323345553233 4 
0006 0006 1665976271530099 0.4375 -72.0 1.227184630308513 4 
0006 0004 1665976271559283 -34.9375 -68.0 3.399301425954581 4 
0006 0009 1665976271561983 156.1875 -67.5 4.0558452031696355 4 
0006 0011 1665976271563222 208.3125 -69.5 1.521708941582556 4 
0006 0005 1665976271564149 87.0625 -66.0 1.4419419406125027 4 
0006 0015 1665976271565289 -39.0 -56.5 1.055378782065321 4 
0006 0007 1665976271566214 8.9375 -68.0 5.148039524144211 4 
0006 0000 1665976271567098 -17.0625 -55.5 3.227495577711389 4 
0006 0006 1665976271568717 -33.3125 -68.0 1.2455923997631406 4 
0006 0008 1665976271577787 -5.25 -69.5 0.6596117387908257 4 
0006 0013 1665976271618433 -8.5 -79.0 0.3988350048502667 4 
0006 0001 1665976271624713 -6.375 -73.5 4.289010282928253 4 
0006 0015 1665976271677504 34.9375 -58.5 1.214912784005428 4 
0006 0005 1665976271678643 -26.0 -68.0 1.3499030933393643 4 
0006 0008 1665976271681384 -21.9375 -64.0 2.9329712664373457 4 
0006 0007 1665976271683613 -156.1875 -69.5 3.4913402732277192 4 
0006 0004 1665976271686928 165.1875 -67.5 0.944932165337555 4 
0006 0006 1665976271687852 -166.0 -66.0 2.1659808724945253 4 
0006 0001 1665976271688789 -13.0 -65.5 3.055689729468197 4 
0006 0014 1665976271709688 -5.625 -73.0 1.0921943209745766 4 
0006 0000 1665976271743690 1.1875 -73.0 5.724816300389213 4 
0006 0008 1665976271796925 91.125 -66.5 1.5953400194010667 4 
0006 0000 1665976271799197 13.0 -64.5 5.0682725231741586 4 
0006 0015 1665976271801824 -13.0 -62.5 1.7241944055834606 4 
0006 0001 1665976271811708 -13.0 -69.0 2.0064468705544187 4 
0006 0014 1665976271812620 -39.0 -67.5 2.1475731030398975 4 
0006 0003 1665976271854631 -17.0625 -79.5 5.47937937432751 4 
0006 0000 1665976271927022 95.1875 -64.5 4.196971435655114 4 
0006 0015 1665976271929054 78.0625 -67.0 2.184388641949153 4 
0006 0001 1665976271953094 20.25 -73.0 4.988505522204105 4 
0006 0015 1665976272036124 147.25 -71.5 2.509592568980909 4 
0006 0000 1665976272038461 4.0625 -67.5 3.749049045592507 4 
0006 0001 1665976272039800 -104.125 -71.0 4.1601558967458585 4 
0006 0001 1665976272142117 152.125 -70.5 3.0066023442558567 4 
0006 0011 1665976272216454 2.625 -75.5 4.3503695144436785 4 
0006 0000 1665976272222535 0.625 -73.5 0.20248546400090464 4 
0006 0015 1665976272261486 4.375 -74.0 6.215690152512618 4 
0006 0001 1665976272274350 -74.0 -71.5 2.8777479580734626 4 
0006 0011 1665976272295477 19.5 -74.0 1.0492428589137786 4 
0006 0015 1665976272298283 13.875 -73.0 5.93343768754166 4 
0006 0000 1665976272368280 -0.1875 -73.0 0.20248546400090464 4 
0006 0015 1665976272392377 126.125 -68.5 2.478912953223196 4 
0006 0001 1665976272397672 251.4375 -71.5 2.9145634969827183 4 
0006 0011 1665976272424577 12.1875 -74.0 1.043106935762236 4 
0006 0000 1665976272455764 -6.8125 -73.0 3.479068426924634 4 
0006 0015 1665976272510659 147.25 -67.5 2.521864415283994 4 
0006 0000 1665976272532658 17.0625 -72.0 0.19634954084936207 4 
0006 0011 1665976272544778 12.9375 -74.5 0.9878836273983529 4 
0006 0001 1665976272620081 -169.25 -71.5 3.411573272257666 4 
0006 0015 1665976272625839 -130.1875 -67.5 2.816388726558037 4 
0006 0011 1665976272674387 10.9375 -75.5 4.1172044346850605 4 
0006 0015 1665976272794785 65.0625 -69.5 2.8838838812250054 4 
0006 0001 1665976272798123 -182.25 -70.0 3.0127382674073995 4 
0006 0011 1665976272855767 2.4375 -75.0 1.0615147052168636 4 
0006 0001 1665976272908646 -43.125 -70.5 2.509592568980909 4 
0006 0015 1665976272930962 -8.0625 -73.5 5.896622148632405 4 
0006 0011 1665976272936937 1.625 -74.5 1.030835089459151 4 
0006 0001 1665976273030832 69.125 -69.5 2.705942109830271 4 
0006 0011 1665976273052547 -11.4375 -74.5 0.9510680884890975 4 
0006 0015 1665976273093373 2.875 -74.0 5.589825991055276 4 
0006 0001 1665976273150005 34.9375 -71.5 2.4727770300716534 4 
0006 0011 1665976273175649 -15.375 -74.5 1.0615147052168636 4 
0006 0015 1665976273180470 1.625 -72.5 5.663457068873787 4 
0006 0000 1665976273183898 17.0625 -72.5 2.4727770300716534 4 
0006 0001 1665976273267065 143.1875 -71.0 2.552544031041707 4 
0006 0015 1665976273269524 212.375 -70.5 2.2027964114037806 4 
0006 0011 1665976273293585 -1.625 -74.5 4.246058820867455 4 
0006 0000 1665976273296304 -0.75 -72.5 5.706408530934585 4 
0006 0001 1665976273374839 65.0625 -70.5 2.742757648739526 4 
0006 0015 1665976273377537 -139.125 -69.0 2.761165418194154 4 
0006 0000 1665976273404625 12.9375 -72.5 5.706408530934585 4 
0006 0011 1665976273406934 0.0 -74.0 4.3074180523828804 4 
0006 0001 1665976273486005 178.1875 -70.5 2.718213956133356 4 
0006 0015 1665976273490674 -61.0 -68.5 2.748893571891069 4 
0006 0011 1665976273512805 4.0625 -74.0 4.516039439535327 4 
0006 0000 1665976273545760 -2.125 -73.5 2.82252464970958 4 
0006 0015 1665976273606612 69.125 -70.5 2.6568547246179306 4 
0006 0001 1665976273609743 169.25 -70.5 2.6998061866787286 4 
0006 0011 1665976273632384 41.5 -73.5 4.565126824747668 4 
0006 0000 1665976273695448 -0.625 -74.0 6.056156150572511 4 
0006 0001 1665976273721730 -34.9375 -70.0 3.380893656499953 4 
0006 0015 1665976273725931 -126.125 -71.0 2.509592568980909 4 
0006 0011 1665976273753976 15.375 -73.5 1.6935147898257479 4 
0006 0000 1665976273826184 0.625 -74.0 6.277049384028044 4 
0006 0001 1665976273840994 56.125 -70.5 3.2888548092268146 4 
0006 0015 1665976273846134 269.3125 -73.0 2.2396119503130363 4 
0006 0011 1665976273874254 -23.625 -73.5 5.0682725231741586 4 
0006 0001 1665976273951715 -61.0 -69.5 3.5342917352885173 4 
0006 0011 1665976273975602 -16.3125 -73.5 5.080544369477243 4 
0006 0015 1665976273981094 25.125 -73.0 5.473243451175968 4 
0006 0001 1665976274064040 82.1875 -70.5 3.5772431973493153 4 
0006 0011 1665976274089352 -16.3125 -73.5 5.21553467881118 4 
0006 0015 1665976274097580 9.75 -72.5 5.559146375297564 4 
0006 0015 1665976274175871 -269.3125 -70.5 2.4727770300716534 4 
0006 0001 1665976274177036 134.25 -67.5 3.479068426924634 4 
0006 0011 1665976274177921 -334.4375 -72.5 2.399145952253143 4 
0006 0015 1665976274274866 160.3125 -70.5 2.2150682577068657 4 
0006 0001 1665976274278514 -39.0 -69.0 3.810408277107933 4 
0006 0011 1665976274279612 195.25 -71.5 2.043262409463674 4 
