0006 0009 1665976906149754 91.125 -67.0 5.3198453723874035 5 
0006 0015 1665976906150953 69.125 -62.0 2.0371264863121317 5 
0006 0005 1665976906151909 -43.125 -66.0 0.3190680038802134 5 
0006 0006 1665976906152732 90.3125 -67.0 4.743068596142402 5 
0006 0008 1665976906153670 4.0625 -60.5 4.908738521234052 5 
0006 0014 1665976906156740 -169.25 -67.5 3.06182565261974 5 
0006 0007 1665976906161552 48.0 -70.5 5.289165756629691 5 
0006 0010 1665976906163671 39.0 -68.5 4.890330751779424 5 
0006 0005 1665976906261164 -78.0625 -65.5 0.39269908169872414 5 
0006 0014 1665976906262556 -17.0625 -69.0 2.7979809571034093 5 
0006 0009 1665976906264065 -100.0625 -66.5 5.546874528994478 5 
0006 0008 1665976906264990 -69.125 -61.0 4.97623367590102 5 
0006 0006 1665976906267529 -38.1875 -67.5 4.921010367537137 5 
0006 0015 1665976906268415 -48.0 -62.5 2.1905245651006955 5 
0006 0010 1665976906269824 -65.0625 -68.0 5.080544369477243 5 
0006 0007 1665976906271219 -165.1875 -71.5 5.712544454086128 5 
0006 0000 1665976906361668 1.25 -73.0 2.6323110320117604 5 
0006 0009 1665976906378787 -82.1875 -66.0 5.5284667595398505 5 
0006 0006 1665976906379680 4.875 -67.0 4.822835597112456 5 
0006 0015 1665976906381729 34.9375 -62.0 2.12916533358527 5 
0006 0010 1665976906382613 -26.0 -67.0 4.902602598082509 5 
0006 0014 1665976906383537 21.9375 -69.5 2.724349879284899 5 
0006 0005 1665976906385400 -95.1875 -66.5 0.44178646691106466 5 
0006 0007 1665976906386539 -74.0 -71.0 5.608233760509904 5 
0006 0008 1665976906388400 -78.0625 -60.5 5.0253210611133605 5 
0006 0000 1665976906466842 -0.875 -73.0 5.829126993965437 5 
0006 0006 1665976906495761 -104.125 -66.5 5.00077736850719 5 
0006 0010 1665976906499732 108.1875 -68.0 4.8351074434155406 5 
0006 0008 1665976906500955 48.0 -61.0 4.908738521234052 5 
0006 0014 1665976906502387 43.125 -69.0 2.779573187648782 5 
0006 0007 1665976906504065 34.9375 -71.0 5.411884219660542 5 
0006 0005 1665976906505047 -4.0625 -66.0 0.3190680038802134 5 
0006 0015 1665976906506230 13.0 -62.0 2.1046216409791 5 
0006 0009 1665976906507484 69.125 -66.5 5.338253141842031 5 
0006 0000 1665976906586289 -4.375 -73.0 2.6139032625571326 5 
0006 0006 1665976906613152 137.5 -67.0 4.7307967498393175 5 
0006 0005 1665976906614275 -21.9375 -65.5 0.4172427743048944 5 
0006 0010 1665976906616123 -39.0 -67.5 5.0682725231741586 5 
0006 0014 1665976906617079 -251.4375 -71.0 2.9575149590435164 5 
0006 0007 1665976906618429 30.0625 -71.0 5.675728915176872 5 
0006 0015 1665976906620092 -87.0625 -62.5 2.282563412373834 5 
0006 0008 1665976906621018 -48.0 -61.0 4.95168998329485 5 
0006 0009 1665976906621927 -21.9375 -66.5 5.485515297479052 5 
0006 0000 1665976906768301 0.1875 -72.5 5.822991070813893 5 
0006 0008 1665976906783207 -61.0 -61.0 5.037592907416445 5 
0006 0005 1665976906784814 -65.0625 -66.0 0.3865631585471816 5 
0006 0015 1665976906790261 8.9375 -62.5 2.1659808724945253 5 
0006 0006 1665976906791129 -18.6875 -67.0 4.908738521234052 5 
0006 0007 1665976906792143 -182.25 -70.5 5.712544454086128 5 
0006 0014 1665976906793490 -34.9375 -68.5 2.816388726558037 5 
0006 0009 1665976906795238 -109.0 -66.5 5.534602682691394 5 
0006 0010 1665976906796090 4.0625 -66.0 5.080544369477243 5 
0006 0000 1665976906839571 -0.875 -73.0 5.902758071783947 5 
0006 0006 1665976906900658 -95.1875 -67.0 4.914874444385594 5 
0006 0008 1665976906902533 -69.125 -61.0 5.037592907416445 5 
0006 0005 1665976906904014 -87.0625 -65.5 0.4111068511533518 5 
0006 0014 1665976906904910 78.0625 -69.0 2.779573187648782 5 
0006 0009 1665976906907443 130.1875 -67.5 5.387340527054372 5 
0006 0015 1665976906908566 -4.0625 -62.5 2.1782527187976104 5 
0006 0007 1665976906909465 -4.0625 -71.0 5.565282298449106 5 
0006 0010 1665976906911103 169.25 -68.0 4.767612288748572 5 
0006 0000 1665976906966994 1.1875 -72.5 5.896622148632405 5 
0006 0005 1665976907019384 104.125 -66.0 0.23316507975861744 5 
0006 0009 1665976907023296 -30.0625 -67.5 5.45483568172134 5 
0006 0007 1665976907024182 -277.4375 -70.0 5.688000761479957 5 
0006 0008 1665976907027376 -56.125 -61.0 5.0253210611133605 5 
0006 0014 1665976907028273 48.0 -68.0 2.6813984172241008 5 
0006 0010 1665976907029128 -152.125 -67.0 5.264622064023521 5 
0006 0015 1665976907030395 69.125 -62.0 2.110757564130642 5 
0006 0006 1665976907032172 -208.3125 -66.5 5.160311370447297 5 
0006 0000 1665976907085527 -3.8125 -72.5 5.896622148632405 5 
0006 0015 1665976907140319 -8.9375 -62.5 2.1782527187976104 5 
0006 0008 1665976907141938 4.0625 -60.5 4.970097752749477 5 
0006 0007 1665976907143364 52.0625 -71.0 5.2339424482658075 5 
0006 0005 1665976907144288 -17.0625 -66.0 0.35588354278946877 5 
0006 0009 1665976907145896 130.1875 -68.0 5.393476450205914 5 
0006 0006 1665976907146790 14.625 -67.5 4.970097752749477 5 
0006 0014 1665976907147703 104.125 -69.5 2.6261751088602177 5 
0006 0010 1665976907150647 -273.375 -67.0 5.381204603902829 5 
0006 0000 1665976907177996 0.0 -72.0 5.7616318392984684 5 
0006 0009 1665976907253781 -48.0 -67.0 5.5714182216006485 5 
0006 0015 1665976907254935 -17.0625 -62.5 2.1598449493429825 5 
0006 0008 1665976907255804 -43.125 -61.0 5.049864753719531 5 
0006 0006 1665976907265846 23.5625 -66.5 4.914874444385594 5 
0006 0005 1665976907266973 52.0625 -66.0 0.28838838812250056 5 
0006 0014 1665976907268763 100.0625 -69.0 2.564815877344792 5 
0006 0010 1665976907273031 78.0625 -66.5 5.086680292628786 5 
0006 0007 1665976907273960 299.4375 -71.0 5.019185137961818 5 
0006 0000 1665976907299163 -9.0 -72.0 5.810719224510809 5 
0006 0006 1665976907374894 151.3125 -67.0 4.816699673960914 5 
0006 0014 1665976907375831 -13.0 -67.5 2.8532042654672924 5 
0006 0007 1665976907377453 13.0 -70.5 5.50392306693368 5 
0006 0005 1665976907378368 56.125 -66.0 0.1718058482431918 5 
0006 0008 1665976907379504 -13.0 -61.0 4.767612288748572 5 
0006 0015 1665976907380644 -56.125 -62.0 2.043262409463674 5 
0006 0010 1665976907382010 -143.1875 -67.5 5.184855063053467 5 
0006 0009 1665976907385825 43.125 -66.0 5.375068680751287 5 
0006 0000 1665976907440430 -3.3125 -72.5 5.810719224510809 5 
0006 0005 1665976907493201 -69.125 -66.5 0.36815538909255385 5 
0006 0015 1665976907496838 34.9375 -62.5 1.9389517158874505 5 
0006 0006 1665976907497707 -52.0625 -67.0 5.013049214810275 5 
0006 0008 1665976907499306 0.0 -61.0 4.7860200582032 5 
0006 0010 1665976907500594 52.0625 -67.0 5.049864753719531 5 
0006 0009 1665976907503284 34.9375 -66.0 5.350524988145116 5 
0006 0014 1665976907505531 -108.1875 -68.0 2.7979809571034093 5 
0006 0007 1665976907506798 143.1875 -70.5 5.227806525114265 5 
0006 0000 1665976907563298 8.0625 -72.5 5.792311455056181 5 
0006 0010 1665976907612175 -21.9375 -68.5 5.043728830567988 5 
0006 0008 1665976907613312 -34.9375 -61.0 4.841243366567084 5 
0006 0015 1665976907615371 48.0 -62.0 1.88986433067511 5 
0006 0009 1665976907616538 121.25 -66.0 5.240078371417351 5 
0006 0005 1665976907617748 -39.0 -66.5 0.3129320807286708 5 
0006 0006 1665976907618840 -38.1875 -67.0 4.945554060143307 5 
0006 0014 1665976907622548 160.3125 -68.5 2.466641106920111 5 
0006 0007 1665976907623999 -74.0 -70.0 5.577554144752192 5 
0006 0000 1665976907678247 -2.5625 -73.0 5.859806609723149 5 
0006 0015 1665976907732547 0.0 -62.5 1.9082721001297376 5 
0006 0005 1665976907733493 13.0 -66.5 0.2761165418194154 5 
0006 0009 1665976907737167 139.125 -66.0 5.258486140871978 5 
0006 0008 1665976907738431 -8.9375 -61.0 4.792155981354743 5 
0006 0007 1665976907739374 26.0 -71.0 5.411884219660542 5 
0006 0010 1665976907741208 -30.0625 -67.5 5.098952138931871 5 
0006 0006 1665976907742701 -52.0625 -67.0 4.957825906446392 5 
0006 0014 1665976907743624 8.9375 -67.5 2.748893571891069 5 
0006 0000 1665976907758818 0.75 -72.0 5.945709533844745 5 
0006 0007 1665976907842996 113.0625 -70.5 5.283029833478148 5 
0006 0008 1665976907844386 -8.9375 -61.0 4.7860200582032 5 
0006 0010 1665976907845272 74.0 -67.0 4.957825906446392 5 
0006 0006 1665976907847940 -170.875 -67.5 5.135767677841127 5 
0006 0009 1665976907848850 69.125 -66.5 5.332117218690489 5 
0006 0014 1665976907849734 139.125 -68.5 2.6200391857086753 5 
0006 0005 1665976907851369 -13.0 -66.5 0.23316507975861744 5 
0006 0015 1665976907855271 17.0625 -62.5 1.9205439464328227 5 
0006 0000 1665976907875943 -1.625 -72.0 5.890486225480862 5 
0006 0014 1665976907959047 21.9375 -69.0 2.6445828783148455 5 
0006 0007 1665976907959964 277.4375 -71.0 5.178719139901925 5 
0006 0015 1665976907960904 4.0625 -62.5 1.8960002538266525 5 
0006 0010 1665976907964731 -204.25 -67.5 5.344389064993574 5 
0006 0009 1665976907965641 -95.1875 -66.0 5.45483568172134 5 
0006 0005 1665976907966796 87.0625 -65.5 0.25157284921324513 5 
0006 0008 1665976907967977 -78.0625 -60.5 4.884194828627882 5 
0006 0006 1665976907968872 90.3125 -67.0 4.7860200582032 5 
0006 0000 1665976907982981 3.1875 -72.0 5.9088939949354895 5 
0006 0006 1665976908069092 80.5625 -67.0 4.884194828627882 5 
0006 0010 1665976908070756 -56.125 -67.5 5.141903600992669 5 
0006 0015 1665976908071907 4.0625 -62.5 1.9880391010997909 5 
0006 0008 1665976908073072 -8.9375 -61.0 4.7860200582032 5 
0006 0014 1665976908073985 91.125 -69.5 2.60776733940559 5 
0006 0007 1665976908074926 -52.0625 -70.5 5.405748296509 5 
0006 0005 1665976908080622 -17.0625 -66.0 0.3374757733348411 5 
0006 0009 1665976908081529 0.0 -66.0 5.4671075280244255 5 
0006 0000 1665976908104585 -18.75 -72.0 6.025476534814799 5 
0006 0010 1665976908187565 -139.125 -68.5 5.313709449235861 5 
0006 0015 1665976908188477 -56.125 -62.0 1.9696313316451632 5 
0006 0009 1665976908189879 0.0 -66.0 5.436427912266712 5 
0006 0007 1665976908190795 17.0625 -71.0 5.399612373357457 5 
0006 0005 1665976908192220 -26.0 -66.0 0.4111068511533518 5 
0006 0006 1665976908193412 -18.6875 -67.0 4.988505522204105 5 
0006 0008 1665976908194578 -61.0 -60.5 4.816699673960914 5 
0006 0014 1665976908196582 -43.125 -69.0 2.7979809571034093 5 
0006 0000 1665976908234435 -2.5625 -72.5 5.976389149602458 5 
0006 0007 1665976908304185 -182.25 -71.0 5.675728915176872 5 
0006 0010 1665976908305579 -78.0625 -67.5 5.117359908386499 5 
0006 0008 1665976908307042 -21.9375 -61.0 4.81056375080937 5 
0006 0005 1665976908310158 143.1875 -65.5 0.16566992509164924 5 
0006 0006 1665976908311081 -184.6875 -67.5 5.135767677841127 5 
0006 0015 1665976908312067 52.0625 -62.5 1.9389517158874505 5 
0006 0009 1665976908312950 -234.3125 -66.0 5.7616318392984684 5 
0006 0014 1665976908314228 -169.25 -69.0 2.8286605728611223 5 
0006 0000 1665976908369414 2.5625 -72.5 5.890486225480862 5 
0006 0005 1665976908419814 -17.0625 -65.5 0.3865631585471816 5 
0006 0006 1665976908421577 -166.0 -66.5 5.086680292628786 5 
0006 0010 1665976908423298 -156.1875 -67.5 5.295301679781233 5 
0006 0008 1665976908425312 -126.125 -61.0 4.95168998329485 5 
0006 0015 1665976908426493 -17.0625 -62.0 1.9696313316451632 5 
0006 0014 1665976908430882 -17.0625 -69.0 2.705942109830271 5 
0006 0009 1665976908431864 -13.0 -66.5 5.485515297479052 5 
0006 0007 1665976908433018 -13.0 -71.5 5.5284667595398505 5 
0006 0000 1665976908487364 -2.5625 -72.5 5.902758071783947 5 
0006 0005 1665976908539768 74.0 -66.0 0.380427235395639 5 
0006 0014 1665976908540722 -113.0625 -68.5 2.8838838812250054 5 
0006 0007 1665976908543240 -286.4375 -70.5 5.853670686571607 5 
0006 0006 1665976908544178 -42.3125 -67.0 5.031456984264903 5 
0006 0008 1665976908545360 -56.125 -61.0 4.804427827657828 5 
0006 0010 1665976908546271 34.9375 -68.0 4.970097752749477 5 
0006 0015 1665976908549591 56.125 -62.5 1.8714565612204823 5 
0006 0009 1665976908552931 48.0 -66.0 5.3627968344482015 5 
0006 0000 1665976908748224 -1.75 -72.5 5.927301764390117 5 
0006 0015 1665976908779324 0.0 -62.0 1.9266798695843652 5 
0006 0009 1665976908780465 43.125 -66.0 5.344389064993574 5 
0006 0014 1665976908782099 39.0 -69.0 2.6998061866787286 5 
0006 0010 1665976908784360 91.125 -68.0 5.006913291658733 5 
0006 0005 1665976908786067 21.9375 -65.0 0.3620194659410113 5 
0006 0006 1665976908787177 161.125 -66.5 4.755340442445488 5 
0006 0008 1665976908788311 -4.0625 -60.5 4.755340442445488 5 
0006 0007 1665976908791190 21.9375 -70.0 5.313709449235861 5 
0006 0000 1665976908906885 -0.4375 -73.0 5.878214379177777 5 
0006 0010 1665976908921820 -243.3125 -68.5 5.436427912266712 5 
0006 0009 1665976908922954 95.1875 -65.5 5.325981295538946 5 
0006 0014 1665976908923908 117.125 -68.0 2.5464081078901644 5 
0006 0015 1665976908927415 -48.0 -62.0 2.018718716857504 5 
0006 0007 1665976908929687 91.125 -71.5 5.301437602932776 5 
0006 0005 1665976908930587 -56.125 -66.0 0.4663301595172349 5 
0006 0006 1665976908931495 -75.625 -67.0 4.902602598082509 5 
0006 0008 1665976908932887 -43.125 -60.5 4.755340442445488 5 
0006 0000 1665976909029167 3.3125 -72.5 5.829126993965437 5 
0006 0010 1665976909077751 -191.1875 -69.0 5.307573526084319 5 
0006 0008 1665976909079397 -21.9375 -60.5 4.76147636559703 5 
0006 0006 1665976909080363 18.6875 -67.0 4.890330751779424 5 
0006 0015 1665976909084495 48.0 -62.0 1.902136176978195 5 
0006 0009 1665976909085392 -113.0625 -65.5 5.516194913236766 5 
0006 0007 1665976909086306 273.375 -72.0 5.178719139901925 5 
0006 0005 1665976909088955 8.9375 -65.5 0.4049709280018093 5 
0006 0014 1665976909090480 -130.1875 -70.0 2.82252464970958 5 
0006 0000 1665976909135903 0.0 -73.0 5.755495916146925 5 
0006 0015 1665976909208997 87.0625 -61.5 1.8223691760081417 5 
0006 0009 1665976909209921 -82.1875 -65.5 5.534602682691394 5 
0006 0006 1665976909211271 -132.625 -66.5 4.95168998329485 5 
0006 0010 1665976909212379 39.0 -68.0 4.9823695990525625 5 
0006 0008 1665976909213233 -87.0625 -60.0 4.914874444385594 5 
0006 0014 1665976909214668 30.0625 -69.0 2.6200391857086753 5 
0006 0007 1665976909215864 -143.1875 -72.0 5.418020142812084 5 
0006 0005 1665976909218917 43.125 -66.0 0.380427235395639 5 
0006 0000 1665976909278667 1.1875 -72.5 5.66959299202533 5 
0006 0008 1665976909332754 -91.125 -60.0 4.945554060143307 5 
0006 0007 1665976909333625 -78.0625 -70.5 5.577554144752192 5 
0006 0015 1665976909335063 -82.1875 -62.0 2.012582793705961 5 
0006 0006 1665976909336470 -127.75 -67.0 4.816699673960914 5 
0006 0005 1665976909337624 52.0625 -65.5 0.4049709280018093 5 
0006 0014 1665976909339484 74.0 -69.5 2.6691265709210157 5 
0006 0010 1665976909340396 -186.3125 -68.0 5.246214294568893 5 
0006 0009 1665976909342783 -52.0625 -66.5 5.491651220630596 5 
0006 0000 1665976909367550 -18.75 -72.0 5.810719224510809 5 
0006 0008 1665976909444837 0.0 -60.0 4.841243366567084 5 
0006 0007 1665976909447119 -195.25 -71.0 5.5714182216006485 5 
0006 0010 1665976909449572 -65.0625 -68.5 5.123495831538041 5 
0006 0015 1665976909450486 108.1875 -62.0 1.846912868614312 5 
0006 0005 1665976909451638 87.0625 -66.0 0.32520392703175593 5 
0006 0014 1665976909452521 152.125 -68.5 2.5709518004963345 5 
0006 0009 1665976909454818 4.0625 -65.5 5.491651220630596 5 
0006 0006 1665976909455772 42.3125 -67.0 4.743068596142402 5 
0006 0000 1665976909475633 -3.1875 -72.0 5.749359992995383 5 
0006 0015 1665976909556059 8.9375 -62.0 1.9880391010997909 5 
0006 0014 1665976909559170 52.0625 -69.0 2.748893571891069 5 
0006 0008 1665976909560120 -4.0625 -60.0 4.865787059173254 5 
0006 0007 1665976909561345 -342.5625 -71.5 5.6573211457222445 5 
0006 0009 1665976909562497 -108.1875 -65.5 5.651185222570702 5 
0006 0005 1665976909563631 4.0625 -65.0 0.5031456984264903 5 
0006 0010 1665976909567642 -48.0 -68.0 5.141903600992669 5 
0006 0006 1665976909568537 -47.1875 -66.5 4.828971520263998 5 
0006 0000 1665976909591028 3.1875 -72.0 5.780039608753096 5 
0006 0010 1665976909667973 -117.125 -69.0 5.252350217720435 5 
0006 0015 1665976909670205 -43.125 -62.0 1.9941750242513334 5 
0006 0007 1665976909673653 8.9375 -71.5 5.651185222570702 5 
0006 0006 1665976909675711 -109.0 -67.0 4.828971520263998 5 
0006 0009 1665976909676678 -34.9375 -66.0 5.485515297479052 5 
0006 0014 1665976909679818 -182.25 -67.5 2.8961557275280905 5 
0006 0008 1665976909680727 -8.9375 -60.0 4.902602598082509 5 
0006 0005 1665976909681670 -74.0 -67.0 0.4724660826687775 5 
0006 0000 1665976909704939 -10.5 -72.0 5.884350302329319 5 
0006 0005 1665976909782767 -8.9375 -65.5 0.36815538909255385 5 
0006 0008 1665976909784218 -48.0 -60.0 4.933282213840222 5 
0006 0007 1665976909785343 74.0 -71.5 5.411884219660542 5 
0006 0006 1665976909788070 -132.625 -67.5 5.00077736850719 5 
0006 0014 1665976909791430 82.1875 -68.5 2.5954954931025047 5 
0006 0010 1665976909792597 -91.125 -69.0 5.166447293598839 5 
0006 0015 1665976909793793 69.125 -62.5 1.8714565612204823 5 
0006 0009 1665976909795011 0.0 -66.0 5.399612373357457 5 
0006 0000 1665976909820463 -11.4375 -72.0 5.810719224510809 5 
0006 0006 1665976909896683 94.375 -67.0 4.76147636559703 5 
0006 0014 1665976909901025 -212.375 -69.0 3.0066023442558567 5 
0006 0007 1665976909902572 -13.0 -71.5 5.442563835418255 5 
0006 0008 1665976909903497 26.0 -60.0 4.828971520263998 5 
0006 0015 1665976909904411 74.0 -62.0 1.859184714917397 5 
0006 0010 1665976909906754 -121.25 -68.5 5.283029833478148 5 
0006 0009 1665976909908697 -87.0625 -65.5 5.534602682691394 5 
0006 0005 1665976909910009 -82.1875 -66.0 0.4724660826687775 5 
0006 0000 1665976909943973 6.8125 -72.5 5.767767762450011 5 
0006 0007 1665976910015013 0.0 -71.5 5.534602682691394 5 
0006 0008 1665976910017078 -34.9375 -60.0 4.914874444385594 5 
0006 0015 1665976910019324 4.0625 -62.0 1.9757672547967058 5 
0006 0010 1665976910020280 -17.0625 -69.5 5.184855063053467 5 
0006 0006 1665976910021670 -38.1875 -68.0 4.816699673960914 5 
0006 0005 1665976910024382 -26.0 -65.5 0.3988350048502667 5 
0006 0009 1665976910025450 -69.125 -66.0 5.522330836388308 5 
0006 0014 1665976910027803 26.0 -67.5 2.650718801466388 5 
0006 0000 1665976910075711 5.4375 -73.0 5.749359992995383 5 
0006 0008 1665976910132824 -56.125 -60.0 4.921010367537137 5 
0006 0015 1665976910134007 43.125 -62.5 1.945087639038993 5 
0006 0005 1665976910135119 52.0625 -66.5 0.39269908169872414 5 
0006 0014 1665976910138837 -34.9375 -68.5 2.5954954931025047 5 
0006 0009 1665976910139834 -26.0 -66.0 5.381204603902829 5 
0006 0010 1665976910143277 39.0 -69.0 4.988505522204105 5 
0006 0007 1665976910145313 -91.125 -71.5 5.6573211457222445 5 
0006 0006 1665976910147159 4.875 -66.5 4.693981210930062 5 
0006 0000 1665976910287620 -0.1875 -72.5 5.773903685601553 5 
0006 0008 1665976910304543 26.0 -60.0 4.828971520263998 5 
0006 0015 1665976910307737 -8.9375 -62.5 1.945087639038993 5 
0006 0010 1665976910308751 82.1875 -69.0 4.945554060143307 5 
0006 0007 1665976910309920 52.0625 -70.5 5.393476450205914 5 
0006 0005 1665976910311296 -13.0 -65.5 0.44178646691106466 5 
0006 0014 1665976910312466 -78.0625 -67.5 2.773437264497239 5 
0006 0006 1665976910313460 14.625 -67.0 4.798291904506286 5 
0006 0009 1665976910315799 -104.125 -65.5 5.589825991055276 5 
0006 0000 1665976910427527 1.75 -73.0 5.681864838328415 5 
0006 0006 1665976910441273 104.125 -66.5 4.7860200582032 5 
0006 0007 1665976910442613 -186.3125 -71.5 5.64504929941916 5 
0006 0015 1665976910443751 -13.0 -62.0 1.9266798695843652 5 
0006 0008 1665976910446208 8.9375 -60.0 4.878058905476339 5 
0006 0009 1665976910448340 -8.9375 -66.0 5.4671075280244255 5 
0006 0005 1665976910449269 65.0625 -66.5 0.3374757733348411 5 
0006 0014 1665976910451013 34.9375 -68.5 2.552544031041707 5 
0006 0010 1665976910452039 -95.1875 -69.5 5.203262832508095 5 
0006 0009 1665976910556611 4.0625 -66.0 5.405748296509 5 
0006 0010 1665976910557526 104.125 -69.5 5.049864753719531 5 
0006 0008 1665976910559401 -78.0625 -60.0 4.957825906446392 5 
0006 0006 1665976910562721 -99.25 -67.5 4.963961829597935 5 
0006 0005 1665976910563621 34.9375 -66.5 0.3313398501832985 5 
0006 0015 1665976910564505 -39.0 -61.5 1.9757672547967058 5 
0006 0014 1665976910565886 126.125 -69.0 2.5832236467994196 5 
0006 0007 1665976910567381 -82.1875 -70.5 5.387340527054372 5 
0006 0007 1665976910665479 -21.9375 -71.0 5.47937937432751 5 
0006 0015 1665976910666620 -56.125 -61.5 2.024854640009046 5 
0006 0006 1665976910667786 -143.1875 -67.5 4.957825906446392 5 
0006 0005 1665976910670069 56.125 -65.0 0.28225246497095796 5 
0006 0008 1665976910671475 -82.1875 -60.0 4.933282213840222 5 
0006 0010 1665976910672344 56.125 -68.5 4.97623367590102 5 
0006 0009 1665976910673255 95.1875 -66.0 5.381204603902829 5 
0006 0014 1665976910674849 -173.3125 -68.5 2.9084275738311756 5 
0006 0007 1665976910775762 34.9375 -71.5 5.368932757599744 5 
0006 0009 1665976910776687 56.125 -66.0 5.399612373357457 5 
0006 0008 1665976910777867 -78.0625 -60.5 4.970097752749477 5 
0006 0014 1665976910778762 -43.125 -68.5 2.724349879284899 5 
0006 0006 1665976910779643 38.1875 -66.5 4.822835597112456 5 
0006 0005 1665976910782021 -30.0625 -66.0 0.36815538909255385 5 
0006 0010 1665976910783160 -43.125 -68.5 5.0682725231741586 5 
0006 0015 1665976910784059 -74.0 -62.0 2.043262409463674 5 
0006 0010 1665976910884243 8.9375 -68.5 5.111223985234957 5 
0006 0014 1665976910885724 130.1875 -69.0 2.5341362615870793 5 
0006 0009 1665976910886831 95.1875 -65.5 5.3627968344482015 5 
0006 0007 1665976910888538 108.1875 -71.5 5.246214294568893 5 
0006 0015 1665976910890770 -65.0625 -62.0 1.9941750242513334 5 
0006 0008 1665976910891652 -61.0 -60.0 4.957825906446392 5 
0006 0005 1665976910893388 56.125 -66.0 0.36815538909255385 5 
0006 0006 1665976910894469 -28.4375 -67.5 4.896466674930966 5 
0006 0010 1665976910991839 -178.1875 -68.5 5.197126909356553 5 
0006 0007 1665976910992722 100.0625 -72.0 5.368932757599744 5 
0006 0009 1665976910994741 69.125 -65.5 5.3627968344482015 5 
0006 0005 1665976910995654 -143.1875 -65.5 0.5767767762450011 5 
0006 0015 1665976910996536 -21.9375 -62.0 1.9512235621905356 5 
0006 0006 1665976910997658 -33.3125 -67.5 4.908738521234052 5 
0006 0014 1665976910998543 -325.5 -68.5 3.0802334220743677 5 
0006 0008 1665976910999438 -61.0 -60.0 4.95168998329485 5 
