0006 0014 1665977039324502 -34.9375 -60.5 5.442563835418255 5 
0006 0010 1665977039326703 4.0625 -65.0 1.4910293258248433 5 
0006 0005 1665977039328358 -277.4375 -68.5 2.7857091108003242 5 
0006 0008 1665977039330377 -134.25 -69.0 2.5402721847386216 5 
0006 0000 1665977039331583 52.0625 -70.5 0.9940195505498954 5 
0006 0015 1665977039332524 30.0625 -63.5 5.411884219660542 5 
0006 0007 1665977039334275 -82.1875 -71.5 0.2638446955163303 5 
0006 0004 1665977039344423 -95.625 -76.0 1.1688933603688585 5 
0006 0010 1665977039436327 -61.0 -65.5 1.5830681730979816 5 
0006 0005 1665977039438133 -39.0 -68.0 2.5034566458293663 5 
0006 0014 1665977039439057 -39.0 -60.5 5.473243451175968 5 
0006 0015 1665977039439956 26.0 -63.5 5.411884219660542 5 
0006 0008 1665977039441403 -30.0625 -69.5 2.497320722677824 5 
0006 0007 1665977039451453 -152.125 -71.5 0.35588354278946877 5 
0006 0004 1665977039471786 -3.1875 -76.5 1.043106935762236 5 
0006 0000 1665977039477971 7.3125 -71.5 1.1719613219446299 5 
0006 0012 1665977039543114 1.625 -76.5 4.914874444385594 5 
0006 0010 1665977039564678 -17.0625 -66.0 1.4542137869155878 5 
0006 0005 1665977039567225 113.0625 -68.5 2.270291566070749 5 
0006 0015 1665977039568239 95.1875 -63.5 5.356660911296659 5 
0006 0008 1665977039569164 152.125 -69.0 2.423689644859313 5 
0006 0014 1665977039571332 -126.125 -60.5 5.546874528994478 5 
0006 0007 1665977039576808 113.0625 -72.0 0.2945243112740431 5 
0006 0000 1665977039609587 7.3125 -72.0 1.0737865515199487 5 
0006 0004 1665977039612359 26.0625 -77.0 1.0062913968529805 5 
0006 0012 1665977039656765 1.875 -77.0 5.062136600022616 5 
0006 0008 1665977039694338 91.125 -69.5 2.356194490192345 5 
0006 0015 1665977039695847 17.0625 -63.5 5.45483568172134 5 
0006 0010 1665977039698599 -95.1875 -65.5 1.4848934026733007 5 
0006 0014 1665977039699923 -26.0 -60.5 5.43029198911517 5 
0006 0005 1665977039702037 -134.25 -68.0 2.454369260617026 5 
0006 0007 1665977039705339 8.9375 -73.0 0.25770877236478773 5 
0006 0000 1665977039723247 9.75 -71.5 1.012427320004523 5 
0006 0012 1665977039790614 4.25 -77.0 5.049864753719531 5 
0006 0014 1665977039814365 26.0 -61.0 5.375068680751287 5 
0006 0005 1665977039816341 -56.125 -68.0 2.399145952253143 5 
0006 0008 1665977039818890 -39.0 -69.5 2.521864415283994 5 
0006 0015 1665977039820340 -39.0 -63.5 5.460971604872882 5 
0006 0010 1665977039821464 -117.125 -65.5 1.5401167110371838 5 
0006 0007 1665977039822386 0.0 -72.0 0.19634954084936207 5 
0006 0000 1665977039844768 1.625 -72.0 1.0737865515199487 5 
0006 0004 1665977039881130 6.8125 -77.0 1.0615147052168636 5 
0006 0012 1665977039940271 -2.9375 -76.5 4.957825906446392 5 
0006 0014 1665977039952816 -30.0625 -61.0 5.448699758569798 5 
0006 0015 1665977039953984 13.0 -64.0 5.442563835418255 5 
0006 0010 1665977039955096 -74.0 -65.5 1.3744467859455345 5 
0006 0005 1665977039962877 8.9375 -69.0 2.2641556429192065 5 
0006 0007 1665977039972142 30.0625 -71.5 0.1227184630308513 5 
0006 0000 1665977039990853 4.0625 -71.5 1.012427320004523 5 
0006 0004 1665977039994875 -18.75 -77.0 1.1719613219446299 5 
0006 0008 1665977039999024 9.75 -70.0 2.4727770300716534 5 
0006 0012 1665977040058151 5.3125 -77.0 4.957825906446392 5 
0006 0005 1665977040089466 -34.9375 -68.0 2.423689644859313 5 
0006 0015 1665977040092853 -126.125 -63.5 5.632777453116074 5 
0006 0014 1665977040094034 -30.0625 -61.0 5.424156065963627 5 
0006 0010 1665977040094947 26.0 -66.0 1.4051264017032472 5 
0006 0007 1665977040099909 26.0 -72.5 0.14726215563702155 5 
0006 0008 1665977040116661 12.1875 -70.0 5.638913376267617 5 
0006 0000 1665977040122052 0.0 -71.5 1.1351457830353744 5 
0006 0004 1665977040130942 23.625 -77.5 1.055378782065321 5 
0006 0012 1665977040192547 0.5625 -76.5 5.111223985234957 5 
0006 0005 1665977040211618 43.125 -68.5 2.3009711818284617 5 
0006 0014 1665977040216726 -26.0 -61.0 5.399612373357457 5 
0006 0015 1665977040218039 -130.1875 -63.5 5.491651220630596 5 
0006 0010 1665977040220491 -82.1875 -65.5 1.4480778637640452 5 
0006 0007 1665977040222522 178.1875 -73.0 0.1595340019401067 5 
0006 0000 1665977040242576 6.5 -71.5 1.086058397823034 5 
0006 0004 1665977040250027 -25.125 -76.5 1.1474176293384597 5 
0006 0008 1665977040254343 -4.875 -70.5 2.5709518004963345 5 
0006 0012 1665977040320636 7.0 -77.0 5.154175447295755 5 
0006 0007 1665977040337943 -56.125 -71.0 0.23930100291016002 5 
0006 0005 1665977040342589 -95.1875 -69.0 2.3193789512830896 5 
0006 0015 1665977040343771 13.0 -64.0 5.424156065963627 5 
0006 0014 1665977040347212 -8.9375 -61.0 5.387340527054372 5 
0006 0010 1665977040348762 -43.125 -66.0 1.4910293258248433 5 
0006 0004 1665977040353377 -65.0625 -76.0 0.9081166264282996 5 
0006 0008 1665977040373271 -3.1875 -70.5 5.688000761479957 5 
0006 0000 1665977040376653 -1.625 -71.5 1.055378782065321 5 
0006 0012 1665977040452565 -1.0625 -76.5 5.221670601962723 5 
0006 0014 1665977040467280 -87.0625 -61.0 5.485515297479052 5 
0006 0015 1665977040472412 -191.1875 -63.5 5.730952223540755 5 
0006 0010 1665977040473438 82.1875 -65.5 1.380582709097077 5 
0006 0005 1665977040475784 0.0 -69.0 2.405281875404685 5 
0006 0007 1665977040482211 21.9375 -73.0 6.258641614573416 5 
0006 0000 1665977040507679 -7.3125 -71.5 1.055378782065321 5 
0006 0008 1665977040511935 8.0625 -70.5 5.651185222570702 5 
0006 0004 1665977040514867 21.1875 -77.0 1.1106020904292042 5 
0006 0012 1665977040578687 3.8125 -77.0 5.00077736850719 5 
0006 0000 1665977040595647 121.25 -70.0 0.944932165337555 5 
0006 0014 1665977040596830 -39.0 -61.5 5.411884219660542 5 
0006 0010 1665977040599837 56.125 -65.5 1.3928545554001621 5 
0006 0015 1665977040603172 87.0625 -64.0 5.442563835418255 5 
0006 0005 1665977040606484 -17.0625 -69.0 2.356194490192345 5 
0006 0007 1665977040609275 -56.125 -73.5 0.3129320807286708 5 
0006 0008 1665977040631962 5.625 -70.5 2.564815877344792 5 
0006 0000 1665977040635440 -9.75 -71.5 1.0676506283684062 5 
0006 0004 1665977040639587 30.9375 -77.0 1.227184630308513 5 
0006 0012 1665977040694641 -3.1875 -76.5 5.135767677841127 5 
0006 0015 1665977040721453 -160.3125 -63.5 5.663457068873787 5 
0006 0010 1665977040722306 21.9375 -66.5 1.564660403643354 5 
0006 0005 1665977040725083 -117.125 -69.0 2.521864415283994 5 
0006 0014 1665977040726488 -17.0625 -61.0 5.405748296509 5 
0006 0000 1665977040728794 -212.375 -70.5 1.1903690913992575 5 
0006 0007 1665977040734788 -134.25 -73.0 0.2454369260617026 5 
0006 0004 1665977040759119 7.3125 -77.5 1.086058397823034 5 
0006 0008 1665977040761205 -7.3125 -71.0 2.6200391857086753 5 
0006 0012 1665977040806468 -2.9375 -76.5 5.117359908386499 5 
0006 0014 1665977040848941 -39.0 -61.5 5.448699758569798 5 
0006 0007 1665977040850535 100.0625 -73.0 0.32520392703175593 5 
0006 0000 1665977040852283 -43.125 -70.5 1.086058397823034 5 
0006 0010 1665977040853706 -39.0 -65.0 1.6014759425526093 5 
0006 0005 1665977040855370 126.125 -69.0 2.2764274892222915 5 
0006 0015 1665977040858433 -169.25 -64.0 5.64504929941916 5 
0006 0008 1665977040882993 -0.75 -71.0 5.724816300389213 5 
0006 0004 1665977040887827 4.875 -77.0 1.1903690913992575 5 
0006 0012 1665977040939966 2.9375 -77.0 5.0253210611133605 5 
0006 0000 1665977040977450 -273.375 -69.0 1.4603497100671303 5 
0006 0010 1665977040981657 26.0 -66.0 1.6321555583103222 5 
0006 0007 1665977040982670 -186.3125 -73.0 0.4908738521234052 5 
0006 0014 1665977040983593 -61.0 -61.0 5.47937937432751 5 
0006 0015 1665977040984564 -95.1875 -64.0 5.6143696836614465 5 
0006 0005 1665977040985506 -61.0 -69.5 2.4911847995262812 5 
0006 0004 1665977041011903 -27.5625 -76.5 1.3744467859455345 5 
0006 0008 1665977041030904 -6.8125 -71.5 5.810719224510809 5 
0006 0012 1665977041068555 6.125 -76.5 4.97623367590102 5 
0006 0015 1665977041102054 -13.0 -64.0 5.534602682691394 5 
0006 0005 1665977041104523 -56.125 -69.5 2.724349879284899 5 
0006 0007 1665977041106105 -139.125 -72.0 0.5092816215780329 5 
0006 0010 1665977041107699 17.0625 -66.0 1.6996507129772904 5 
0006 0014 1665977041108626 -30.0625 -62.0 5.45483568172134 5 
0006 0000 1665977041109694 69.125 -71.0 1.2578642460662257 5 
0006 0004 1665977041136532 -0.75 -77.0 1.4358060174609601 5 
0006 0008 1665977041171197 -6.8125 -71.5 5.945709533844745 5 
0006 0012 1665977041196221 -0.4375 -77.0 5.111223985234957 5 
0006 0015 1665977041232192 26.0 -64.0 5.270757987175063 5 
0006 0005 1665977041233675 -143.1875 -69.5 2.6813984172241008 5 
0006 0014 1665977041234880 17.0625 -61.0 5.368932757599744 5 
0006 0000 1665977041236289 -69.125 -70.0 1.325359400733194 5 
0006 0010 1665977041237217 52.0625 -66.0 1.718058482431918 5 
0006 0007 1665977041246538 -126.125 -73.0 0.37429131224409645 5 
0006 0008 1665977041281919 2.4375 -71.0 5.890486225480862 5 
0006 0004 1665977041286702 11.4375 -76.5 1.3069516312785663 5 
0006 0012 1665977041355840 -5.6875 -76.0 5.258486140871978 5 
0006 0015 1665977041372624 43.125 -64.0 5.258486140871978 5 
0006 0014 1665977041375036 -4.0625 -61.0 5.436427912266712 5 
0006 0010 1665977041378086 26.0 -66.0 1.8162332528565992 5 
0006 0005 1665977041379012 21.9375 -69.0 2.6016314162540475 5 
0006 0000 1665977041380687 -104.125 -69.5 1.368310862793992 5 
0006 0007 1665977041382656 87.0625 -72.5 0.2638446955163303 5 
0006 0004 1665977041404714 -4.0625 -76.5 1.3192234775816514 5 
0006 0008 1665977041418257 -6.5 -71.0 2.7979809571034093 5 
0006 0012 1665977041462647 4.625 -76.5 5.283029833478148 5 
0006 0005 1665977041500009 13.0 -70.5 2.5034566458293663 5 
0006 0014 1665977041501768 -48.0 -61.0 5.45483568172134 5 
0006 0015 1665977041502894 95.1875 -64.0 5.178719139901925 5 
0006 0000 1665977041504301 -56.125 -71.0 1.4603497100671303 5 
0006 0010 1665977041507971 -26.0 -65.5 1.7671458676442586 5 
0006 0007 1665977041512458 104.125 -74.0 0.16566992509164924 5 
0006 0008 1665977041551002 0.0 -71.0 5.878214379177777 5 
0006 0004 1665977041553894 -6.5 -76.5 1.3989904785517047 5 
0006 0012 1665977041622814 3.5625 -76.0 5.240078371417351 5 
0006 0015 1665977041644640 100.0625 -63.5 5.178719139901925 5 
0006 0010 1665977041646161 100.0625 -66.0 1.607611865704152 5 
0006 0005 1665977041647060 69.125 -69.5 2.423689644859313 5 
0006 0014 1665977041647942 34.9375 -61.0 5.350524988145116 5 
0006 0007 1665977041655589 30.0625 -73.5 0.22089323345553233 5 
0006 0004 1665977041657450 260.375 -73.5 1.0246991663076084 5 
0006 0008 1665977041673975 6.5 -71.0 2.675262494072558 5 
0006 0012 1665977041746460 -2.125 -76.0 5.2339424482658075 5 
0006 0015 1665977041766282 -26.0 -64.5 5.307573526084319 5 
0006 0007 1665977041769008 -152.125 -71.5 0.4356505437595221 5 
0006 0014 1665977041771091 -48.0 -61.0 5.45483568172134 5 
0006 0005 1665977041775477 104.125 -69.5 2.3316507975861747 5 
0006 0010 1665977041777036 4.0625 -65.5 1.6444274046134073 5 
0006 0000 1665977041779459 113.0625 -70.5 1.055378782065321 5 
0006 0008 1665977041802083 4.0625 -70.5 5.8045833013592665 5 
0006 0004 1665977041805541 15.375 -77.0 1.3069516312785663 5 
0006 0012 1665977041883351 4.25 -76.0 5.062136600022616 5 
0006 0014 1665977041893376 0.0 -60.5 5.375068680751287 5 
0006 0015 1665977041894351 -34.9375 -64.0 5.307573526084319 5 
0006 0010 1665977041902297 -26.0 -66.5 1.718058482431918 5 
0006 0007 1665977041904329 78.0625 -71.5 0.18407769454627693 5 
0006 0000 1665977041905250 0.0 -70.0 1.0799224746714913 5 
0006 0005 1665977041906663 56.125 -70.0 2.509592568980909 5 
0006 0008 1665977041928952 9.0 -70.5 5.743224069843841 5 
0006 0004 1665977041938601 4.0625 -76.0 1.1719613219446299 5 
0006 0012 1665977041982266 1.875 -76.5 5.123495831538041 5 
0006 0015 1665977042021125 -61.0 -64.0 5.375068680751287 5 
0006 0014 1665977042022051 34.9375 -61.0 5.313709449235861 5 
0006 0000 1665977042023232 100.0625 -69.0 1.1290098598838318 5 
0006 0005 1665977042024373 30.0625 -69.5 2.435961491162398 5 
0006 0010 1665977042026460 82.1875 -67.0 1.552388557340269 5 
0006 0007 1665977042039910 -121.25 -72.5 0.34974761963792617 5 
0006 0008 1665977042077246 9.0 -70.5 5.786175531904639 5 
0006 0004 1665977042079366 -0.75 -76.5 1.4296700943094176 5 
0006 0012 1665977042135221 -4.1875 -76.0 5.227806525114265 5 
0006 0008 1665977042160861 -143.1875 -69.0 2.859340188618835 5 
0006 0015 1665977042163162 48.0 -64.0 5.221670601962723 5 
0006 0014 1665977042164667 -52.0625 -61.0 5.442563835418255 5 
0006 0010 1665977042166057 56.125 -66.0 1.6321555583103222 5 
0006 0000 1665977042167180 -61.0 -70.5 1.2762720155208536 5 
0006 0005 1665977042168092 43.125 -69.0 2.478912953223196 5 
0006 0004 1665977042170914 113.0625 -76.0 1.2026409377023426 5 
0006 0012 1665977042248413 -4.25 -76.5 5.203262832508095 5 
0006 0000 1665977042277153 152.125 -69.0 1.2087768608538851 5 
0006 0015 1665977042278364 -48.0 -63.5 5.313709449235861 5 
0006 0005 1665977042279828 -39.0 -68.5 2.5464081078901644 5 
0006 0014 1665977042283677 21.9375 -61.0 5.350524988145116 5 
0006 0007 1665977042285768 -173.3125 -72.5 0.4356505437595221 5 
0006 0010 1665977042288075 -130.1875 -67.0 1.9266798695843652 5 
0006 0008 1665977042300065 -1.1875 -70.0 2.705942109830271 5 
0006 0004 1665977042316182 17.8125 -77.0 4.528311285838413 5 
0006 0012 1665977042362810 -4.0 -76.5 5.283029833478148 5 
0006 0000 1665977042403641 -195.25 -71.5 1.5155730184310134 5 
0006 0008 1665977042404550 43.125 -69.0 2.5586799541932495 5 
0006 0015 1665977042407248 -8.9375 -64.5 5.307573526084319 5 
0006 0014 1665977042408668 34.9375 -61.0 5.332117218690489 5 
0006 0005 1665977042410017 8.9375 -68.5 2.521864415283994 5 
0006 0010 1665977042411369 -13.0 -66.0 1.7671458676442586 5 
0006 0007 1665977042416820 139.125 -73.0 6.240233845118788 5 
0006 0004 1665977042451384 -32.5 -77.0 1.576932249946439 5 
0006 0000 1665977042456148 -7.3125 -71.5 1.2885438618239387 5 
0006 0012 1665977042518439 -3.5625 -76.5 5.086680292628786 5 
0006 0014 1665977042546053 17.0625 -61.0 5.368932757599744 5 
0006 0010 1665977042547658 4.0625 -66.0 1.8285050991596843 5 
0006 0005 1665977042550559 -108.1875 -69.5 2.5893595699509624 5 
0006 0008 1665977042551468 87.0625 -69.5 2.6568547246179306 5 
0006 0015 1665977042552366 -4.0625 -64.0 5.301437602932776 5 
0006 0007 1665977042568847 60.625 -74.0 0.25464081078901646 5 
0006 0004 1665977042571441 -87.875 -76.0 4.562058863171897 5 
0006 0000 1665977042581109 11.4375 -71.5 1.282407938672396 5 
0006 0012 1665977042624745 -1.0625 -76.5 5.056000676871073 5 
0006 0008 1665977042670776 87.0625 -69.0 2.6139032625571326 5 
0006 0010 1665977042671788 100.0625 -66.0 1.7548740213411735 5 
0006 0014 1665977042674892 -4.0625 -60.5 5.393476450205914 5 
0006 0015 1665977042676361 -56.125 -64.0 5.368932757599744 5 
0006 0005 1665977042677362 95.1875 -69.5 2.478912953223196 5 
0006 0007 1665977042683924 -256.3125 -72.0 0.5522330836388308 5 
0006 0000 1665977042723205 -0.75 -71.5 1.2946797849754812 5 
0006 0004 1665977042726837 -8.0625 -76.5 1.5830681730979816 5 
0006 0012 1665977042787059 2.5 -76.5 5.111223985234957 5 
0006 0015 1665977042812727 -26.0 -64.5 5.375068680751287 5 
0006 0005 1665977042814252 43.125 -69.5 2.6200391857086753 5 
0006 0010 1665977042816254 -8.9375 -66.0 1.932815792735908 5 
0006 0008 1665977042817476 39.0 -70.0 2.6261751088602177 5 
0006 0014 1665977042820263 21.9375 -60.5 5.375068680751287 5 
0006 0007 1665977042831181 113.0625 -72.5 0.12885438618239387 5 
0006 0000 1665977042847666 4.0625 -72.0 1.3008157081270237 5 
0006 0012 1665977042911554 0.4375 -76.5 5.190990986205009 5 
0006 0010 1665977042939050 -56.125 -66.5 1.8775924843720249 5 
0006 0014 1665977042942485 34.9375 -60.5 5.338253141842031 5 
0006 0008 1665977042945715 -43.125 -68.5 2.7550294950426117 5 
0006 0007 1665977042946656 -74.0 -73.0 0.4908738521234052 5 
0006 0015 1665977042947571 -34.9375 -64.5 5.313709449235861 5 
0006 0005 1665977042950233 -95.1875 -69.0 2.6998061866787286 5 
0006 0000 1665977042981986 -2.4375 -72.5 1.368310862793992 5 
0006 0004 1665977042985499 -4.875 -76.5 1.5278448647340985 5 
0006 0012 1665977043056283 6.375 -76.5 5.086680292628786 5 
0006 0015 1665977043071258 -117.125 -64.5 5.436427912266712 5 
0006 0010 1665977043073756 -8.9375 -66.0 1.88986433067511 5 
0006 0008 1665977043075870 74.0 -69.0 2.5954954931025047 5 
0006 0014 1665977043078602 34.9375 -61.0 5.368932757599744 5 
0006 0005 1665977043079645 69.125 -69.5 2.435961491162398 5 
0006 0007 1665977043109343 0.75 -74.5 0.3865631585471816 5 
0006 0000 1665977043112919 6.5 -72.0 1.4173982480063325 5 
0006 0012 1665977043166785 10.1875 -76.0 5.117359908386499 5 
0006 0008 1665977043207987 48.0 -68.0 2.5832236467994196 5 
0006 0014 1665977043208899 34.9375 -61.0 5.3198453723874035 5 
0006 0007 1665977043212318 -117.125 -74.0 0.25770877236478773 5 
0006 0005 1665977043213258 -91.125 -69.5 2.705942109830271 5 
0006 0015 1665977043214667 -91.125 -64.0 5.442563835418255 5 
0006 0010 1665977043215593 -13.0 -66.0 1.8346410223112268 5 
0006 0004 1665977043246407 30.9375 -76.5 1.6014759425526093 5 
0006 0000 1665977043249134 -14.625 -72.0 1.3928545554001621 5 
0006 0012 1665977043312283 1.0625 -76.5 5.154175447295755 5 
0006 0014 1665977043333307 0.0 -61.0 5.356660911296659 5 
0006 0015 1665977043334590 -48.0 -63.5 5.338253141842031 5 
0006 0010 1665977043337283 -4.0625 -66.0 1.8039614065535141 5 
0006 0008 1665977043338746 -247.375 -68.0 2.988194574801229 5 
0006 0007 1665977043339928 -78.0625 -73.0 0.35588354278946877 5 
0006 0005 1665977043340840 -69.125 -68.5 2.6568547246179306 5 
0006 0004 1665977043346814 -364.5625 -74.5 1.8039614065535141 5 
0006 0000 1665977043368232 9.75 -72.0 1.3069516312785663 5 
0006 0012 1665977043432494 -4.625 -77.0 5.092816215780329 5 
0006 0014 1665977043455350 -56.125 -60.5 5.411884219660542 5 
0006 0008 1665977043457392 100.0625 -69.0 2.4727770300716534 5 
0006 0010 1665977043458334 -165.1875 -66.0 1.9757672547967058 5 
0006 0015 1665977043459202 69.125 -64.5 5.264622064023521 5 
0006 0005 1665977043463100 -4.0625 -68.5 2.497320722677824 5 
0006 0007 1665977043464297 -377.5625 -72.0 0.6258641614573416 5 
0006 0004 1665977043485784 35.8125 -76.0 1.4480778637640452 5 
0006 0000 1665977043489382 -4.875 -72.5 1.2455923997631406 5 
0006 0012 1665977043566225 9.75 -76.5 5.086680292628786 5 
0006 0015 1665977043575278 17.0625 -64.0 5.270757987175063 5 
0006 0005 1665977043578727 -91.125 -69.5 2.6384469551633027 5 
0006 0014 1665977043579752 -26.0 -61.0 5.356660911296659 5 
0006 0010 1665977043580631 0.0 -65.5 1.8162332528565992 5 
0006 0008 1665977043583670 152.125 -69.5 2.448233337465483 5 
0006 0007 1665977043585243 4.0625 -73.0 0.28838838812250056 5 
0006 0004 1665977043602878 50.8125 -75.0 1.521708941582556 5 
0006 0000 1665977043609986 -5.625 -72.0 1.2946797849754812 5 
0006 0012 1665977043664782 7.625 -76.5 5.00077736850719 5 
0006 0014 1665977043703417 -65.0625 -60.5 5.43029198911517 5 
0006 0015 1665977043704842 -52.0625 -64.0 5.368932757599744 5 
0006 0008 1665977043707071 -30.0625 -69.5 2.454369260617026 5 
0006 0005 1665977043708237 -199.375 -68.5 2.742757648739526 5 
0006 0010 1665977043709429 8.9375 -66.0 1.8223691760081417 5 
0006 0007 1665977043711236 -26.0 -72.0 0.17794177139473438 5 
0006 0004 1665977043741331 17.0625 -76.5 1.3744467859455345 5 
0006 0000 1665977043748900 14.625 -72.0 4.331961744989051 5 
0006 0012 1665977043789588 -3.5625 -76.5 5.006913291658733 5 
0006 0010 1665977043836092 21.9375 -65.5 1.6751070203711202 5 
0006 0007 1665977043837232 95.1875 -72.5 0.17794177139473438 5 
0006 0014 1665977043838198 13.0 -61.0 5.325981295538946 5 
0006 0005 1665977043840243 69.125 -69.5 2.350058567040802 5 
0006 0015 1665977043841171 -48.0 -64.0 5.4671075280244255 5 
0006 0008 1665977043842746 39.0 -69.0 2.448233337465483 5 
0006 0004 1665977043847262 603.0 -74.5 0.521553467881118 5 
0006 0000 1665977043871455 3.1875 -72.0 1.1965050145508 5 
0006 0012 1665977043927862 9.125 -76.5 4.970097752749477 5 
0006 0010 1665977043955130 126.125 -66.0 1.5953400194010667 5 
0006 0014 1665977043957077 -30.0625 -61.0 5.405748296509 5 
0006 0008 1665977043961404 0.0 -68.5 2.5402721847386216 5 
0006 0005 1665977043962295 -95.1875 -69.5 2.399145952253143 5 
0006 0015 1665977043963462 17.0625 -64.5 5.295301679781233 5 
0006 0007 1665977043974499 78.0625 -73.0 0.17794177139473438 5 
0006 0000 1665977044002674 6.5 -71.5 4.3074180523828804 5 
0006 0004 1665977044007602 -0.75 -76.5 1.3437671701878218 5 
0006 0012 1665977044080232 4.875 -76.5 5.013049214810275 5 
0006 0010 1665977044092995 -17.0625 -65.5 1.6935147898257479 5 
0006 0008 1665977044094402 48.0 -68.5 2.448233337465483 5 
0006 0005 1665977044096139 56.125 -69.0 2.227340104009951 5 
0006 0015 1665977044098132 17.0625 -64.0 5.2768939103266055 5 
0006 0014 1665977044099041 -4.0625 -60.5 5.375068680751287 5 
0006 0004 1665977044100480 -282.375 -75.0 1.9389517158874505 5 
0006 0000 1665977044101418 -143.1875 -71.5 1.2333205534600555 5 
0006 0007 1665977044102358 -61.0 -71.0 0.25770877236478773 5 
0006 0000 1665977044109795 3.25 -71.5 4.362641360746763 5 
0006 0012 1665977044185819 -0.1875 -76.5 5.105088062083414 5 
0006 0010 1665977044212271 -56.125 -66.5 1.6873788666742053 5 
0006 0014 1665977044213538 21.9375 -60.5 5.3198453723874035 5 
0006 0015 1665977044216571 4.0625 -64.5 5.246214294568893 5 
0006 0005 1665977044218914 87.0625 -68.5 2.1475731030398975 5 
0006 0008 1665977044221342 43.125 -68.0 2.386874105950058 5 
0006 0007 1665977044223991 182.25 -72.0 6.264777537724958 5 
0006 0000 1665977044246707 -0.75 -71.5 1.0246991663076084 5 
0006 0004 1665977044255453 37.375 -76.5 1.184233168247715 5 
0006 0012 1665977044320465 -9.25 -76.5 5.160311370447297 5 
