0006 0014 1665977855695630 21.9375 -64.0 6.007068765360171 7 
0006 0010 1665977855697023 21.9375 -64.5 2.1353012567368124 7 
0006 0004 1665977855701002 -17.0625 -59.0 6.056156150572511 7 
0006 0006 1665977855701956 118.75 -68.5 2.5464081078901644 7 
0006 0007 1665977855702840 74.0 -68.5 3.2029518851052186 7 
0006 0011 1665977855716769 17.0625 -71.0 5.71868037723767 7 
0006 0015 1665977855745174 2.4375 -72.5 5.47937937432751 7 
0006 0003 1665977855750535 8.8125 -79.5 0.5399612373357456 7 
0006 0015 1665977855809466 -34.9375 -67.0 2.5280003384355365 7 
0006 0007 1665977855811685 69.125 -68.5 4.6878452877785195 7 
0006 0006 1665977855812596 142.375 -68.0 1.9819031779482483 7 
0006 0014 1665977855814255 -52.0625 -66.5 5.21553467881118 7 
0006 0010 1665977855815137 43.125 -64.5 2.270291566070749 7 
0006 0004 1665977855816019 -74.0 -59.5 6.013204688511713 7 
0006 0011 1665977855818334 65.0625 -64.0 1.0062913968529805 7 
0006 0003 1665977855840986 18.75 -77.5 4.657165672020807 7 
0006 0011 1665977855942905 87.0625 -62.0 1.9144080232812801 7 
0006 0006 1665977855945387 -132.625 -68.0 2.5464081078901644 7 
0006 0000 1665977855946610 -113.0625 -68.0 5.638913376267617 7 
0006 0010 1665977855947774 -74.0 -64.0 4.4362724385652745 7 
0006 0015 1665977855949437 -113.0625 -69.0 3.1661363461959633 7 
0006 0014 1665977855951022 8.9375 -64.5 1.607611865704152 7 
0006 0004 1665977855952190 -8.9375 -64.5 1.1596894756415448 7 
0006 0003 1665977855956830 34.9375 -76.0 5.497787143782138 7 
0006 0005 1665977856053142 48.0 -70.5 3.8533597391687304 7 
0006 0014 1665977856054307 -52.0625 -62.0 2.693670263527186 7 
0006 0010 1665977856059460 39.0 -65.5 1.0492428589137786 7 
0006 0011 1665977856060371 -8.9375 -65.5 3.4606606574700063 7 
0006 0003 1665977856068853 260.375 -73.0 0.42337869745643697 7 
0006 0004 1665977856086485 3.1875 -72.0 6.086835766330224 7 
0006 0013 1665977856155054 -1.25 -71.0 1.2026409377023426 7 
0006 0003 1665977856184918 -169.25 -72.0 3.06182565261974 7 
0006 0013 1665977856186897 39.0 -69.0 1.2578642460662257 7 
0006 0014 1665977856188844 -56.125 -65.0 5.939573610693203 7 
0006 0010 1665977856189771 -100.0625 -65.5 5.00077736850719 7 
0006 0007 1665977856191225 -52.0625 -67.5 3.865631585471816 7 
0006 0004 1665977856192107 -8.9375 -61.0 2.9943304979527716 7 
0006 0005 1665977856194736 0.0 -71.0 5.154175447295755 7 
0006 0009 1665977856225682 10.1875 -79.0 5.21553467881118 7 
0006 0011 1665977856297085 2.875 -73.0 1.1044661672776617 7 
0006 0010 1665977856304215 -113.0625 -63.0 0.5154175447295755 7 
0006 0007 1665977856305669 212.375 -71.0 4.252194744018997 7 
0006 0014 1665977856309777 56.125 -66.0 5.049864753719531 7 
0006 0011 1665977856310873 91.125 -69.0 0.9756117810952678 7 
0006 0005 1665977856389419 -0.1875 -70.0 6.000932842208628 7 
0006 0007 1665977856424391 -39.0 -62.5 4.129476280988146 7 
0006 0011 1665977856425660 -61.0 -66.0 2.141437179888355 7 
0006 0010 1665977856426600 100.0625 -68.0 2.5157284921324514 7 
0006 0014 1665977856428726 -82.1875 -66.0 5.767767762450011 7 
0006 0005 1665977856431199 -74.0 -64.5 5.706408530934585 7 
0006 0012 1665977856432977 95.1875 -64.5 2.6200391857086753 7 
0006 0007 1665977856529568 82.1875 -68.0 0.619728238305799 7 
0006 0006 1665977856531246 -56.9375 -62.0 3.479068426924634 7 
0006 0005 1665977856532215 -126.125 -70.0 0.3620194659410113 7 
0006 0012 1665977856534674 43.125 -66.0 4.301282129231338 7 
0006 0015 1665977856535815 -13.0 -60.0 0.006135923151542565 7 
0006 0014 1665977856537689 4.0625 -66.0 6.14819499784565 7 
0006 0010 1665977856539810 -26.0 -63.0 4.6448938257177215 7 
0006 0003 1665977856568685 9.0 -77.5 4.381049130201391 7 
0006 0008 1665977856645247 2.875 -74.5 5.111223985234957 7 
0006 0015 1665977856652547 126.125 -68.5 2.7857091108003242 7 
0006 0014 1665977856654279 -34.9375 -62.5 2.227340104009951 7 
0006 0007 1665977856655179 134.25 -71.5 6.056156150572511 7 
0006 0010 1665977856656839 4.0625 -58.5 4.816699673960914 7 
0006 0003 1665977856660540 26.0 -69.0 5.50392306693368 7 
0006 0012 1665977856662811 -156.1875 -67.5 4.675573441475434 7 
0006 0008 1665977856673613 1.1875 -72.5 2.448233337465483 7 
0006 0008 1665977856762307 8.9375 -68.5 2.9575149590435164 7 
0006 0010 1665977856764527 -26.0 -57.5 5.595961914206819 7 
0006 0012 1665977856765396 8.9375 -64.5 5.0253210611133605 7 
0006 0014 1665977856767513 13.0 -67.0 2.337786720737717 7 
0006 0015 1665977856769771 -34.9375 -64.5 5.700272607783043 7 
0006 0007 1665977856770897 13.0 -70.0 3.485204350076177 7 
0006 0003 1665977856771776 -13.0 -66.5 0.1227184630308513 7 
0006 0005 1665977856820371 2.4375 -72.0 5.688000761479957 7 
0006 0010 1665977856875999 21.9375 -57.0 1.2333205534600555 7 
0006 0012 1665977856877794 -21.9375 -68.0 5.589825991055276 7 
0006 0014 1665977856879201 -48.0 -65.0 0.2638446955163303 7 
0006 0003 1665977856883485 126.125 -66.5 0.9510680884890975 7 
0006 0007 1665977856885447 -78.0625 -64.5 5.767767762450011 7 
0006 0005 1665977856886501 -21.9375 -65.5 1.9144080232812801 7 
0006 0008 1665977856935141 8.8125 -74.5 4.540583132141498 7 
0006 0006 1665977856979600 -1.5 -68.5 6.209554229361076 7 
0006 0010 1665977856999327 -13.0 -61.0 2.2948352586769194 7 
0006 0007 1665977857000508 -26.0 -63.5 5.577554144752192 7 
0006 0011 1665977857001657 56.125 -71.0 4.853515212870168 7 
0006 0008 1665977857004096 -100.0625 -66.0 0.030679615757712823 7 
0006 0006 1665977857006538 -94.375 -63.5 5.381204603902829 7 
0006 0005 1665977857008327 4.0625 -67.0 1.9941750242513334 7 
0006 0003 1665977857033057 7.3125 -73.5 5.037592907416445 7 
0006 0004 1665977857038512 10.5 -68.0 5.074408446325701 7 
0006 0012 1665977857041157 0.75 -67.0 0.36815538909255385 7 
0006 0014 1665977857044525 2.4375 -71.0 4.749204519293945 7 
0006 0008 1665977857125022 -1.9375 -75.0 4.963961829597935 7 
0006 0010 1665977857134665 -52.0625 -57.0 4.92714629068868 7 
0006 0004 1665977857137050 39.0 -56.5 2.012582793705961 7 
0006 0007 1665977857137981 217.25 -69.0 2.791845033951867 7 
0006 0014 1665977857138847 -178.1875 -71.0 6.215690152512618 7 
0006 0003 1665977857140493 30.0625 -67.0 0.32520392703175593 7 
0006 0002 1665977857160276 115.125 -75.5 5.52539879796408 7 
0006 0011 1665977857165275 -12.1875 -71.0 1.932815792735908 7 
0006 0006 1665977857168061 -2.4375 -66.5 1.325359400733194 7 
0006 0009 1665977857253304 -416.625 -71.5 2.6568547246179306 7 
0006 0007 1665977857254425 -61.0 -64.5 5.442563835418255 7 
0006 0004 1665977857256684 21.9375 -60.0 1.1535535524900022 7 
0006 0013 1665977857258463 17.0625 -67.5 4.871922982324796 7 
0006 0010 1665977857259332 -17.0625 -59.0 0.0674951546669682 7 
0006 0005 1665977857268237 -286.4375 -74.0 1.8162332528565992 7 
0006 0001 1665977857297542 -4.0625 -73.5 5.546874528994478 7 
0006 0014 1665977857358341 2.4375 -71.0 5.792311455056181 7 
0006 0004 1665977857379670 -30.0625 -64.0 0.7240389318820226 7 
0006 0007 1665977857380838 -61.0 -71.0 2.2641556429192065 7 
0006 0005 1665977857383123 30.0625 -70.5 0.7915340865489908 7 
0006 0010 1665977857385632 -61.0 -67.0 6.1420590746941075 7 
0006 0013 1665977857386648 34.9375 -62.5 5.3198453723874035 7 
0006 0001 1665977857387575 182.25 -70.0 0.8897088569736719 7 
0006 0014 1665977857388698 -48.0 -62.5 4.086524818927348 7 
0006 0015 1665977857403857 -2.4375 -73.0 4.853515212870168 7 
0006 0015 1665977857487970 -4.0625 -65.0 1.1106020904292042 7 
0006 0004 1665977857490159 8.9375 -60.5 1.4603497100671303 7 
0006 0010 1665977857491584 34.9375 -68.0 0.14112623248547898 7 
0006 0011 1665977857493561 17.0625 -65.5 0.9817477042468103 7 
0006 0005 1665977857494729 -91.125 -67.0 1.3314953238847365 7 
0006 0007 1665977857495626 -82.1875 -64.5 4.000621894805752 7 
0006 0014 1665977857496609 43.125 -63.5 3.32567034813607 7 
0006 0013 1665977857497765 -43.125 -59.5 5.9088939949354895 7 
0006 0001 1665977857499049 117.125 -70.5 2.172116795646068 7 
0006 0003 1665977857525414 -1.8125 -77.0 4.718524903536232 7 
0006 0006 1665977857604871 1.125 -74.0 2.2089323345553233 7 
0006 0013 1665977857618643 21.9375 -63.0 1.1474176293384597 7 
0006 0015 1665977857620660 -8.9375 -65.0 1.325359400733194 7 
0006 0014 1665977857621944 30.0625 -61.5 4.4976316700806995 7 
0006 0007 1665977857623337 -104.125 -71.5 5.553010452146021 7 
0006 0011 1665977857624491 -130.1875 -68.5 2.6323110320117604 7 
0006 0008 1665977857625401 -173.3125 -68.0 2.9575149590435164 7 
0006 0004 1665977857626309 -4.0625 -58.5 2.761165418194154 7 
0006 0010 1665977857627309 82.1875 -67.0 2.043262409463674 7 
0006 0006 1665977857628444 75.625 -70.5 2.693670263527186 7 
0006 0001 1665977857629764 26.0 -69.0 4.147884050442774 7 
0006 0005 1665977857631356 225.375 -69.5 1.9880391010997909 7 
0006 0003 1665977857643243 139.9375 -76.0 5.936505649117431 7 
0006 0012 1665977857721643 2.6875 -78.5 0.2454369260617026 7 
0006 0005 1665977857740288 -199.375 -68.0 3.9944859716542096 7 
0006 0007 1665977857741228 173.3125 -69.5 0.5276893910326605 7 
0006 0006 1665977857742900 -66.6875 -71.0 0.32520392703175593 7 
0006 0010 1665977857745159 -165.1875 -62.0 5.626641529964532 7 
0006 0004 1665977857746281 -30.0625 -59.5 5.651185222570702 7 
0006 0014 1665977857747162 30.0625 -59.5 5.884350302329319 7 
0006 0001 1665977857748554 -26.0 -69.5 5.71868037723767 7 
0006 0013 1665977857765392 -5.625 -73.5 4.540583132141498 7 
0006 0003 1665977857774159 -42.5625 -78.5 1.3314953238847365 7 
0006 0014 1665977857851883 -104.125 -68.0 5.792311455056181 7 
0006 0007 1665977857852765 -48.0 -66.5 5.5714182216006485 7 
0006 0013 1665977857855525 -39.0 -64.0 5.706408530934585 7 
0006 0010 1665977857856989 -13.0 -61.0 2.325514874434632 7 
0006 0004 1665977857858128 21.9375 -57.5 3.117048960983623 7 
0006 0001 1665977857859295 -82.1875 -68.5 0.9940195505498954 7 
0006 0005 1665977857862183 -78.0625 -68.0 5.313709449235861 7 
0006 0006 1665977857868429 37.8125 -72.0 5.485515297479052 7 
0006 0009 1665977857912245 3.625 -78.0 5.822991070813893 7 
0006 0005 1665977857964490 -39.0 -65.5 4.97623367590102 7 
0006 0006 1665977857965398 90.3125 -67.0 1.9512235621905356 7 
0006 0010 1665977857966778 -113.0625 -61.5 4.663301595172349 7 
0006 0004 1665977857967659 -17.0625 -54.5 0.25157284921324513 7 
0006 0008 1665977857969749 56.125 -68.5 1.846912868614312 7 
0006 0001 1665977857970915 -34.9375 -70.0 2.742757648739526 7 
0006 0015 1665977857972309 87.0625 -69.0 1.1719613219446299 7 
0006 0009 1665977857973672 34.9375 -72.5 0.21475731030398976 7 
0006 0007 1665977857975321 21.9375 -66.0 0.3988350048502667 7 
0006 0012 1665977858003356 -17.0625 -70.0 1.4542137869155878 7 
0006 0014 1665977858025304 -0.875 -73.5 1.4296700943094176 7 
0006 0011 1665977858030975 -1.9375 -72.0 0.2761165418194154 7 
0006 0007 1665977858094302 87.0625 -65.0 0.1043106935762236 7 
0006 0006 1665977858095354 -18.6875 -67.5 6.277049384028044 7 
0006 0005 1665977858096524 -30.0625 -63.5 3.724505352986337 7 
0006 0012 1665977858099247 208.3125 -71.0 0.6135923151542565 7 
0006 0011 1665977858100260 191.1875 -69.5 2.2764274892222915 7 
0006 0015 1665977858110139 -11.75 -68.0 1.8438449070385408 7 
0006 0001 1665977858178132 -1.9375 -75.0 2.742757648739526 7 
0006 0006 1665977858209663 -28.4375 -61.0 2.724349879284899 7 
0006 0007 1665977858212404 -8.9375 -62.0 3.988350048502667 7 
0006 0005 1665977858213716 56.125 -66.5 1.239456476611598 7 
0006 0012 1665977858216158 30.0625 -64.0 4.147884050442774 7 
0006 0015 1665977858217553 -43.125 -63.5 3.184544115650591 7 
0006 0003 1665977858316384 -198.5625 -71.5 5.080544369477243 7 
0006 0012 1665977858318131 17.0625 -63.5 4.374913207049849 7 
0006 0010 1665977858319261 69.125 -65.0 1.8162332528565992 7 
0006 0006 1665977858320144 -161.125 -68.5 4.957825906446392 7 
0006 0007 1665977858322492 8.9375 -68.0 3.877903431774901 7 
0006 0014 1665977858324002 160.3125 -67.5 6.209554229361076 7 
0006 0015 1665977858412408 1.0625 -69.0 6.1420590746941075 7 
0006 0005 1665977858430730 52.0625 -72.5 4.221515128261284 7 
0006 0007 1665977858431923 -21.9375 -60.5 4.657165672020807 7 
0006 0010 1665977858432991 -178.1875 -69.5 4.528311285838413 7 
0006 0012 1665977858434924 -21.9375 -63.5 4.663301595172349 7 
0006 0015 1665977858436773 104.125 -65.5 3.6140587362585705 7 
0006 0014 1665977858439876 -221.3125 -69.5 5.252350217720435 7 
0006 0011 1665977858441028 69.125 -69.5 0.5706408530934585 7 
0006 0006 1665977858517567 -0.4375 -71.5 5.240078371417351 7 
0006 0001 1665977858529898 -0.625 -74.0 2.2518837966161214 7 
0006 0003 1665977858536013 -3.375 -75.0 5.6143696836614465 7 
0006 0013 1665977858562334 -6.125 -76.0 5.387340527054372 7 
0006 0011 1665977858570864 -52.0625 -64.5 3.6999616603801666 7 
0006 0007 1665977858571789 -17.0625 -65.5 2.5464081078901644 7 
0006 0010 1665977858575163 13.0 -62.0 1.1965050145508 7 
0006 0006 1665977858576357 56.9375 -64.5 1.9880391010997909 7 
0006 0005 1665977858577451 8.9375 -59.5 0.44178646691106466 7 
0006 0001 1665977858578376 39.0 -69.5 6.019340611663256 7 
0006 0012 1665977858579291 -69.125 -65.0 5.270757987175063 7 
0006 0015 1665977858580562 -87.0625 -70.5 4.0128937411088375 7 
0006 0013 1665977858587271 1.1875 -71.5 1.718058482431918 7 
0006 0008 1665977858628490 3.8125 -73.0 6.050020227420969 7 
0006 0003 1665977858633757 5.3125 -75.0 4.853515212870168 7 
0006 0001 1665977858688939 52.0625 -70.0 1.5401167110371838 7 
0006 0007 1665977858690261 34.9375 -63.5 1.5462526341887264 7 
0006 0005 1665977858691383 -95.1875 -61.0 5.460971604872882 7 
0006 0003 1665977858692732 -18.6875 -71.0 6.013204688511713 7 
0006 0011 1665977858693658 21.9375 -62.0 0.6565437772150544 7 
0006 0006 1665977858694592 0.0 -67.0 6.000932842208628 7 
0006 0012 1665977858696292 -34.9375 -61.5 5.626641529964532 7 
0006 0008 1665977858750326 8.8125 -75.0 4.71238898038469 7 
0006 0010 1665977858780604 1.5 -64.5 5.056000676871073 7 
0006 0015 1665977858787082 1.25 -72.0 5.700272607783043 7 
0006 0013 1665977858797024 -0.875 -74.0 5.375068680751287 7 
0006 0009 1665977858839242 -2.4375 -74.0 4.522175362686871 7 
0006 0005 1665977858845590 17.0625 -60.5 5.608233760509904 7 
0006 0010 1665977858848170 -34.9375 -60.5 0.15339807878856412 7 
0006 0007 1665977858849890 13.0 -68.0 1.012427320004523 7 
0006 0011 1665977858850818 -61.0 -59.5 2.6384469551633027 7 
0006 0004 1665977858852232 -13.0 -58.5 2.1598449493429825 7 
0006 0013 1665977858854039 247.375 -69.5 1.41126232485479 7 
0006 0006 1665977858854976 -108.1875 -68.5 1.8775924843720249 7 
0006 0001 1665977858855943 -82.1875 -71.0 4.657165672020807 7 
0006 0003 1665977858859692 8.9375 -69.5 0.2761165418194154 7 
0006 0009 1665977858860634 -95.1875 -69.0 1.8653206380689396 7 
0006 0008 1665977858862100 -65.0625 -67.5 4.356505437595221 7 
0006 0004 1665977858967124 -43.125 -61.5 0.37429131224409645 7 
0006 0013 1665977858968223 -56.125 -60.0 3.7981364308048478 7 
0006 0001 1665977858970029 34.9375 -69.0 0.6381360077604268 7 
0006 0005 1665977858971238 -30.0625 -68.5 5.810719224510809 7 
0006 0014 1665977858973830 39.0 -68.5 2.6016314162540475 7 
0006 0010 1665977858975341 30.0625 -62.5 1.2026409377023426 7 
0006 0003 1665977858976420 17.0625 -72.5 2.5341362615870793 7 
0006 0007 1665977858977489 -17.0625 -62.5 3.5158839658338894 7 
0006 0011 1665977859066447 0.875 -72.5 0.8713010875190442 7 
0006 0004 1665977859083391 91.125 -65.0 0.25157284921324513 7 
0006 0013 1665977859084518 -26.0 -60.5 3.552699504743145 7 
0006 0001 1665977859085658 74.0 -71.5 2.9084275738311756 7 
0006 0007 1665977859089733 -43.125 -64.0 3.3502140407422405 7 
0006 0005 1665977859090915 26.0 -70.0 1.2210487071569704 7 
0006 0011 1665977859092937 -351.5 -68.5 4.565126824747668 7 
0006 0010 1665977859093876 65.0625 -64.0 1.2701360923693108 7 
0006 0014 1665977859104074 9.75 -68.0 0.3528155812136975 7 
0006 0003 1665977859116850 92.3125 -75.0 4.01902966426038 7 
0006 0010 1665977859205214 -39.0 -65.5 1.9696313316451632 7 
0006 0004 1665977859207495 0.0 -64.0 1.4664856332186729 7 
0006 0007 1665977859208354 95.1875 -64.0 6.12365130523948 7 
0006 0013 1665977859209268 21.9375 -63.5 3.522019888985432 7 
0006 0014 1665977859211157 65.0625 -59.5 2.724349879284899 7 
0006 0005 1665977859212632 -30.0625 -64.5 2.6139032625571326 7 
0006 0003 1665977859214903 104.125 -74.0 4.9823695990525625 7 
0006 0008 1665977859215971 -195.25 -71.0 1.4726215563702154 7 
0006 0001 1665977859217305 -13.0 -69.5 4.485359823777615 7 
0006 0006 1665977859238865 -10.5 -74.0 6.252505691421874 7 
0006 0011 1665977859266503 4.375 -72.0 4.319689898685965 7 
0006 0013 1665977859322393 -87.0625 -64.0 4.325825821837508 7 
0006 0011 1665977859324903 0.0 -66.5 1.7426021750380885 7 
0006 0010 1665977859325990 -17.0625 -61.0 4.172427743048944 7 
0006 0007 1665977859328398 -30.0625 -62.5 0.7731263170943632 7 
0006 0005 1665977859329283 -147.25 -65.0 4.295146206079795 7 
0006 0004 1665977859330463 56.125 -63.5 2.9391071895888885 7 
0006 0001 1665977859332874 -56.125 -67.0 5.8045833013592665 7 
0006 0014 1665977859334872 -17.0625 -67.0 0.6872233929727672 7 
0006 0003 1665977859378351 22.75 -75.0 0.9357282806102412 7 
0006 0012 1665977859389297 12.9375 -75.5 5.0682725231741586 7 
0006 0008 1665977859414365 0.0 -74.0 4.693981210930062 7 
0006 0005 1665977859475256 4.0625 -67.5 5.9518454569962875 7 
0006 0014 1665977859477169 0.0 -60.5 1.2517283229146832 7 
0006 0007 1665977859478284 -82.1875 -62.0 4.239922897715912 7 
0006 0008 1665977859479933 295.375 -71.5 5.3627968344482015 7 
0006 0013 1665977859482204 -30.0625 -68.0 2.4605051837685683 7 
0006 0004 1665977859483582 26.0 -64.0 0.7179030087304801 7 
0006 0001 1665977859485599 -26.0 -64.5 1.1290098598838318 7 
0006 0010 1665977859486737 -26.0 -56.5 2.12916533358527 7 
0006 0003 1665977859508777 32.5 -75.0 3.816544200259475 7 
0006 0009 1665977859529123 -9.75 -77.0 4.921010367537137 7 
0006 0002 1665977859542870 11.4375 -80.0 0.39269908169872414 7 
0006 0011 1665977859605683 1.5 -73.0 0.9265243958829272 7 
0006 0011 1665977859614371 -61.0 -69.0 0.7301748550335652 7 
0006 0008 1665977859615878 -39.0 -65.5 1.7978254834019713 7 
0006 0004 1665977859616802 8.9375 -55.5 0.21475731030398976 7 
0006 0010 1665977859618677 -43.125 -55.5 4.767612288748572 7 
0006 0013 1665977859619593 -165.1875 -71.5 4.04357335686655 7 
0006 0001 1665977859620601 8.9375 -69.0 3.2827188860752723 7 
0006 0003 1665977859622047 13.0 -66.5 0.07363107781851078 7 
0006 0007 1665977859623087 -61.0 -62.0 4.798291904506286 7 
0006 0006 1665977859623954 -66.6875 -66.5 5.393476450205914 7 
0006 0002 1665977859628152 -65.0625 -74.5 5.21553467881118 7 
0006 0009 1665977859629887 -69.125 -71.5 5.3627968344482015 7 
0006 0005 1665977859631041 -91.125 -72.0 4.7307967498393175 7 
0006 0014 1665977859649654 -2.4375 -73.5 0.30679615757712825 7 
0006 0015 1665977859715247 11.25 -74.5 6.111379458936394 7 
0006 0006 1665977859737892 52.0625 -64.5 1.368310862793992 7 
0006 0011 1665977859739285 61.0 -63.5 6.240233845118788 7 
0006 0003 1665977859740989 74.0 -68.0 2.3439226438892597 7 
0006 0010 1665977859741857 -56.125 -56.0 0.23930100291016002 7 
0006 0001 1665977859742697 -165.1875 -68.0 5.5714182216006485 7 
0006 0005 1665977859743835 -82.1875 -61.0 3.3379421944391554 7 
0006 0007 1665977859744700 0.0 -58.5 5.485515297479052 7 
0006 0012 1665977859745561 -61.0 -61.5 3.356349963893783 7 
0006 0008 1665977859746444 48.0 -65.0 3.3870295796514958 7 
0006 0009 1665977859747708 -21.9375 -70.5 1.1719613219446299 7 
0006 0015 1665977859796622 6.5 -62.5 0.8713010875190442 7 
0006 0001 1665977859852308 34.9375 -69.5 0.6749515466696822 7 
0006 0005 1665977859853686 21.9375 -64.5 2.6016314162540475 7 
0006 0015 1665977859854586 -61.0 -60.0 3.9760782021995817 7 
0006 0010 1665977859856490 52.0625 -59.5 1.7855536370988863 7 
0006 0007 1665977859858624 0.0 -57.5 3.454524734318464 7 
0006 0012 1665977859859629 -61.0 -64.0 5.608233760509904 7 
0006 0006 1665977859861645 13.0 -62.0 4.589670517353839 7 
0006 0008 1665977859862628 -87.0625 -65.0 4.522175362686871 7 
0006 0011 1665977859863528 117.125 -66.0 3.7551849687440497 7 
0006 0009 1665977859885989 4.0625 -78.5 1.932815792735908 7 
0006 0007 1665977859965495 0.0 -59.5 3.141592653589793 7 
0006 0010 1665977859967135 30.0625 -56.5 1.8530487917658545 7 
0006 0014 1665977859968838 -4.0625 -63.0 1.4296700943094176 7 
0006 0008 1665977859970843 -30.0625 -67.5 5.626641529964532 7 
0006 0006 1665977859971707 -38.1875 -59.0 4.01902966426038 7 
0006 0005 1665977859973622 56.125 -63.0 3.1906800388021335 7 
0006 0012 1665977859976486 -134.25 -68.0 5.884350302329319 7 
0006 0011 1665977859977624 21.9375 -63.0 5.424156065963627 7 
0006 0001 1665977859978454 230.25 -71.0 2.380738182798515 7 
0006 0015 1665977860026961 0.75 -73.5 4.773748211900116 7 
0006 0000 1665977860068235 -9.25 -77.0 0.2454369260617026 7 
0006 0003 1665977860080546 1.125 -75.5 1.000155473701438 7 
0006 0014 1665977860093326 39.0 -62.0 1.718058482431918 7 
0006 0005 1665977860094691 34.9375 -61.0 4.123340357836604 7 
0006 0011 1665977860096099 -17.0625 -64.0 5.970253226450915 7 
0006 0006 1665977860098343 -42.3125 -57.5 5.743224069843841 7 
0006 0010 1665977860099749 -17.0625 -55.0 2.662990647769473 7 
0006 0007 1665977860100887 -8.9375 -59.5 4.227651051412827 7 
0006 0008 1665977860102012 -17.0625 -62.0 1.7978254834019713 7 
0006 0012 1665977860105087 82.1875 -66.0 5.675728915176872 7 
0006 0003 1665977860109795 122.875 -73.0 1.0737865515199487 7 
0006 0001 1665977860156692 3.3125 -75.0 5.675728915176872 7 
0006 0015 1665977860205339 3.375 -69.0 5.780039608753096 7 
0006 0001 1665977860220727 -74.0 -70.5 0.14112623248547898 7 
0006 0015 1665977860223693 -39.0 -69.5 3.1231848841351653 7 
0006 0014 1665977860224619 -34.9375 -67.0 5.773903685601553 7 
0006 0006 1665977860225555 -47.1875 -56.5 6.22182607566416 7 
0006 0010 1665977860227255 -4.0625 -55.0 4.902602598082509 7 
0006 0007 1665977860228572 0.0 -58.5 0.11658253987930872 7 
0006 0011 1665977860229490 87.0625 -62.0 1.6935147898257479 7 
0006 0003 1665977860230389 230.25 -70.5 2.9820586516496865 7 
0006 0005 1665977860231693 -91.125 -63.5 5.45483568172134 7 
0006 0008 1665977860234308 126.125 -69.0 2.018718716857504 7 
0006 0002 1665977860255630 17.0625 -77.5 2.3316507975861747 7 
0006 0013 1665977860272420 7.75 -80.0 5.927301764390117 7 
0006 0012 1665977860289926 0.75 -73.0 0.07363107781851078 7 
0006 0009 1665977860294553 8.5 -76.5 4.399456899656019 7 
0006 0012 1665977860348118 48.0 -66.5 0.23316507975861744 7 
0006 0010 1665977860349270 -43.125 -61.5 5.663457068873787 7 
0006 0007 1665977860350169 -34.9375 -58.0 3.865631585471816 7 
0006 0001 1665977860351048 8.9375 -68.5 2.356194490192345 7 
0006 0008 1665977860352714 -104.125 -67.5 3.5588354278946874 7 
0006 0011 1665977860354151 -26.0 -61.0 4.473087977474529 7 
0006 0003 1665977860355033 -95.1875 -67.0 5.7616318392984684 7 
0006 0014 1665977860355915 74.0 -69.5 4.7860200582032 7 
0006 0005 1665977860357210 -43.125 -63.5 4.104932588381976 7 
0006 0006 1665977860359271 109.0 -62.0 2.067806102069844 7 
0006 0002 1665977860387778 43.125 -77.0 3.215223731408304 7 
0006 0007 1665977860465706 -43.125 -60.5 3.3011266555298997 7 
0006 0009 1665977860466871 -13.0 -71.0 3.147728576741336 7 
0006 0010 1665977860468475 -13.0 -54.0 1.8775924843720249 7 
0006 0005 1665977860469403 104.125 -63.0 1.5953400194010667 7 
0006 0001 1665977860470299 -121.25 -66.5 4.933282213840222 7 
0006 0014 1665977860471948 104.125 -65.5 5.264622064023521 7 
0006 0006 1665977860473623 -34.9375 -63.5 2.9759227284981438 7 
0006 0012 1665977860474838 221.3125 -63.5 1.945087639038993 7 
0006 0011 1665977860476487 52.0625 -65.0 0.28838838812250056 7 
0006 0004 1665977860477881 -26.0 -52.5 5.64504929941916 7 
0006 0003 1665977860480343 13.0 -67.5 1.0615147052168636 7 
0006 0008 1665977860482900 34.9375 -64.0 5.700272607783043 7 
0006 0002 1665977860488829 568.8125 -74.0 4.25833066717054 7 
0006 0000 1665977860547086 -3.0 -78.5 5.325981295538946 7 
0006 0008 1665977860601985 212.375 -69.0 1.2333205534600555 7 
0006 0007 1665977860602966 43.125 -57.5 1.7241944055834606 7 
0006 0006 1665977860605959 38.1875 -70.5 2.024854640009046 7 
0006 0003 1665977860606884 48.0 -70.0 1.4603497100671303 7 
0006 0004 1665977860607753 -48.0 -54.0 5.773903685601553 7 
0006 0009 1665977860608635 -52.0625 -65.5 5.006913291658733 7 
0006 0005 1665977860610731 8.9375 -58.0 0.4663301595172349 7 
0006 0010 1665977860612409 4.0625 -54.5 4.503767593232243 7 
0006 0001 1665977860613970 21.9375 -65.0 0.5890486225480862 7 
0006 0011 1665977860615252 17.0625 -60.0 1.8653206380689396 7 
0006 0002 1665977860616192 -100.0625 -73.0 6.227961998815704 7 
0006 0014 1665977860618014 -48.0 -65.0 4.933282213840222 7 
0006 0000 1665977860643542 18.75 -77.0 0.6258641614573416 7 
