0006 0004 1665978629745028 65.0625 -62.5 0.9940195505498954 8 
0006 0014 1665978629746945 48.0 -66.0 5.786175531904639 8 
0006 0007 1665978629749378 -225.375 -66.5 4.374913207049849 8 
0006 0011 1665978629751142 104.125 -69.5 1.2210487071569704 8 
0006 0010 1665978629752140 -113.0625 -69.0 4.755340442445488 8 
0006 0005 1665978629753548 26.0 -67.5 1.8960002538266525 8 
0006 0015 1665978629779201 1.625 -73.0 3.9576704327449543 8 
0006 0012 1665978629804652 10.5 -71.5 5.411884219660542 8 
0006 0006 1665978629816381 -7.3125 -74.0 5.240078371417351 8 
0006 0012 1665978629890129 117.125 -69.0 3.3502140407422405 8 
0006 0011 1665978629892885 -13.0 -67.5 3.509748042682347 8 
0006 0005 1665978629894051 -17.0625 -66.0 2.718213956133356 8 
0006 0007 1665978629895802 -30.0625 -65.0 4.828971520263998 8 
0006 0014 1665978629896983 -95.1875 -63.0 5.080544369477243 8 
0006 0010 1665978629898408 204.25 -70.0 1.6751070203711202 8 
0006 0004 1665978629900823 -87.0625 -65.0 3.834951969714103 8 
0006 0015 1665978629901724 -178.1875 -70.0 3.650874275167826 8 
0006 0010 1665978629996313 104.125 -68.5 4.583534594202296 8 
0006 0014 1665978629997806 39.0 -65.0 4.71238898038469 8 
0006 0012 1665978629999232 -52.0625 -64.5 5.0253210611133605 8 
0006 0015 1665978630001209 4.0625 -69.0 3.8533597391687304 8 
0006 0005 1665978630002988 -34.9375 -62.5 3.423845118560751 8 
0006 0003 1665978630026597 4.875 -76.0 5.700272607783043 8 
0006 0009 1665978630032053 0.75 -72.0 0.09817477042468103 8 
0006 0011 1665978630062921 4.875 -73.0 3.810408277107933 8 
0006 0007 1665978630103653 -1.125 -75.0 1.0676506283684062 8 
0006 0007 1665978630122511 8.9375 -67.5 6.031612457966341 8 
0006 0012 1665978630123752 8.9375 -61.5 0.25770877236478773 8 
0006 0005 1665978630124919 -17.0625 -60.5 0.17794177139473438 8 
0006 0010 1665978630125833 -26.0 -69.5 1.5278448647340985 8 
0006 0014 1665978630127225 100.0625 -65.5 4.724660826687775 8 
0006 0011 1665978630128137 8.9375 -61.5 0.1349903093339364 8 
0006 0015 1665978630129449 -17.0625 -66.0 1.3744467859455345 8 
0006 0009 1665978630150095 -6.5 -72.0 6.215690152512618 8 
0006 0006 1665978630182891 -0.4375 -72.5 0.8774370106705868 8 
0006 0011 1665978630242764 26.0 -65.0 2.8777479580734626 8 
0006 0006 1665978630244483 -39.0 -68.0 6.2463697682703305 8 
0006 0012 1665978630245904 8.9375 -68.0 2.1598449493429825 8 
0006 0010 1665978630247910 -134.25 -68.0 3.3440781175906977 8 
0006 0007 1665978630249645 26.0 -61.0 5.166447293598839 8 
0006 0015 1665978630255882 -4.0625 -65.0 0.42337869745643697 8 
0006 0005 1665978630256783 26.0 -65.5 5.915029918087033 8 
0006 0014 1665978630306744 8.5 -71.5 6.240233845118788 8 
0006 0006 1665978630354076 -28.4375 -63.0 5.019185137961818 8 
0006 0007 1665978630357895 -21.9375 -63.5 4.878058905476339 8 
0006 0010 1665978630359048 8.9375 -63.5 4.970097752749477 8 
0006 0011 1665978630360753 -8.9375 -68.0 3.792000507653305 8 
0006 0015 1665978630362084 117.125 -67.0 2.356194490192345 8 
0006 0005 1665978630363956 65.0625 -68.0 0.7301748550335652 8 
0006 0014 1665978630365240 -78.0625 -67.5 5.436427912266712 8 
0006 0012 1665978630366095 100.0625 -69.5 4.651029748869264 8 
0006 0003 1665978630455970 -3.9375 -75.5 0.15339807878856412 8 
0006 0010 1665978630472639 61.0 -66.5 0.4172427743048944 8 
0006 0006 1665978630475591 -56.9375 -64.0 0.16566992509164924 8 
0006 0014 1665978630476587 91.125 -68.5 5.227806525114265 8 
0006 0003 1665978630481483 91.125 -71.0 0.5583690067903734 8 
0006 0015 1665978630502946 -7.3125 -73.5 1.859184714917397 8 
0006 0012 1665978630506343 -14.625 -72.5 0.18407769454627693 8 
0006 0007 1665978630527084 1.1875 -67.0 0.2270291566070749 8 
0006 0011 1665978630530842 -4.875 -72.5 0.1349903093339364 8 
0006 0005 1665978630548760 -4.875 -73.5 4.798291904506286 8 
0006 0008 1665978630582833 1.125 -73.0 2.337786720737717 8 
0006 0004 1665978630596823 0.0 -74.5 0.8283496254582462 8 
0006 0007 1665978630611436 199.375 -71.5 0.1043106935762236 8 
0006 0011 1665978630612960 -126.125 -66.0 5.117359908386499 8 
0006 0010 1665978630615174 -17.0625 -69.0 3.479068426924634 8 
0006 0005 1665978630617408 -26.0 -63.5 2.2334760271614935 8 
0006 0006 1665978630618559 -75.625 -67.0 5.522330836388308 8 
0006 0004 1665978630620821 -273.375 -72.0 4.04357335686655 8 
0006 0014 1665978630623144 -30.0625 -67.0 6.277049384028044 8 
0006 0003 1665978630646507 -20.25 -75.0 5.325981295538946 8 
0006 0011 1665978630726140 17.0625 -68.5 2.442097414313941 8 
0006 0013 1665978630728553 43.125 -67.5 1.6444274046134073 8 
0006 0010 1665978630731037 -4.0625 -54.5 5.64504929941916 8 
0006 0014 1665978630731950 56.125 -62.5 1.7916895602504288 8 
0006 0004 1665978630733160 56.125 -62.0 1.7671458676442586 8 
0006 0005 1665978630734685 -65.0625 -66.5 4.227651051412827 8 
0006 0003 1665978630735625 -108.1875 -69.0 0.28225246497095796 8 
0006 0009 1665978630743894 8.5 -72.5 0.6227961998815703 8 
0006 0006 1665978630746670 26.0 -71.5 2.0156507552817327 8 
0006 0015 1665978630833528 52.0625 -70.0 6.105243535784852 8 
0006 0010 1665978630834439 13.0 -58.5 0.380427235395639 8 
0006 0001 1665978630836045 -65.0625 -71.0 3.6876898140770815 8 
0006 0005 1665978630836941 -69.125 -71.5 4.221515128261284 8 
0006 0007 1665978630838096 -30.0625 -66.0 1.1106020904292042 8 
0006 0004 1665978630839022 52.0625 -65.5 0.0674951546669682 8 
0006 0003 1665978630842355 82.1875 -71.5 0.5276893910326605 8 
0006 0013 1665978630847515 -139.125 -69.0 4.700117134081604 8 
0006 0006 1665978630866019 3.1875 -71.5 5.743224069843841 8 
0006 0014 1665978630939937 0.4375 -70.5 1.2578642460662257 8 
0006 0012 1665978630948046 -4.625 -77.5 1.859184714917397 8 
0006 0005 1665978630958633 13.0 -64.0 1.932815792735908 8 
0006 0014 1665978630960012 95.1875 -66.5 2.0493983326152168 8 
0006 0013 1665978630961425 -113.0625 -70.0 5.755495916146925 8 
0006 0010 1665978630965365 17.0625 -63.0 1.0921943209745766 8 
0006 0006 1665978630966290 -70.75 -70.0 0.23930100291016002 8 
0006 0015 1665978630968310 87.0625 -64.0 5.037592907416445 8 
0006 0001 1665978630990713 -21.9375 -74.0 0.04295146206079795 8 
0006 0012 1665978630992832 6.5 -72.5 6.154330920997192 8 
0006 0003 1665978631067717 5.0625 -76.5 2.024854640009046 8 
0006 0004 1665978631073801 2.625 -70.5 0.23930100291016002 8 
0006 0014 1665978631086449 139.125 -69.0 0.3374757733348411 8 
0006 0004 1665978631089129 74.0 -67.5 3.8410878928656453 8 
0006 0010 1665978631092100 -39.0 -63.0 3.9638063558964967 8 
0006 0012 1665978631094742 21.9375 -64.5 0.4970097752749477 8 
0006 0005 1665978631095641 30.0625 -63.5 3.2029518851052186 8 
0006 0003 1665978631108041 13.0 -75.5 5.59902987578259 8 
0006 0001 1665978631121224 -1.625 -73.5 5.516194913236766 8 
0006 0006 1665978631194965 3.125 -72.0 0.4111068511533518 8 
0006 0009 1665978631201568 -0.5625 -74.5 5.988660995905543 8 
0006 0009 1665978631209303 95.1875 -71.0 2.767301341345697 8 
0006 0004 1665978631211598 21.9375 -59.0 0.7240389318820226 8 
0006 0010 1665978631212767 26.0 -61.5 1.0369710126106935 8 
0006 0012 1665978631213682 -30.0625 -62.5 1.1228739367322893 8 
0006 0007 1665978631214791 -30.0625 -66.0 5.062136600022616 8 
0006 0005 1665978631215717 56.125 -61.0 2.675262494072558 8 
0006 0003 1665978631217960 -56.125 -69.5 1.368310862793992 8 
0006 0001 1665978631254605 12.8125 -74.5 4.147884050442774 8 
0006 0006 1665978631310189 6.625 -68.0 0.6442719309119693 8 
0006 0011 1665978631330357 -126.125 -65.0 3.4177091954092087 8 
0006 0008 1665978631331566 52.0625 -65.5 6.191146459906448 8 
0006 0003 1665978631332979 0.0 -66.0 3.055689729468197 8 
0006 0004 1665978631334390 -17.0625 -56.5 0.4540583132141498 8 
0006 0010 1665978631335303 30.0625 -59.5 2.736621725587984 8 
0006 0005 1665978631336486 -56.125 -62.0 5.405748296509 8 
0006 0012 1665978631338557 -4.0625 -61.0 2.0064468705544187 8 
0006 0015 1665978631341284 34.9375 -61.0 2.4605051837685683 8 
0006 0007 1665978631342139 21.9375 -64.5 3.6079228131070282 8 
0006 0006 1665978631352121 7.6875 -67.5 5.8045833013592665 8 
0006 0009 1665978631353372 7.6875 -70.0 4.749204519293945 8 
0006 0001 1665978631361919 24.375 -73.0 5.706408530934585 8 
0006 0011 1665978631443356 8.9375 -67.0 0.01227184630308513 8 
0006 0009 1665978631444538 -21.9375 -70.5 0.5460971604872883 8 
0006 0015 1665978631445468 -52.0625 -61.0 5.93343768754166 8 
0006 0001 1665978631446335 100.0625 -71.0 0.8651651643675016 8 
0006 0007 1665978631449387 -69.125 -63.0 4.221515128261284 8 
0006 0008 1665978631450263 0.0 -68.0 0.9878836273983529 8 
0006 0010 1665978631454842 -43.125 -63.5 4.172427743048944 8 
0006 0006 1665978631455723 47.1875 -64.0 0.7792622402459057 8 
0006 0005 1665978631456637 -56.125 -66.5 4.111068511533518 8 
0006 0012 1665978631457609 -56.125 -64.0 3.77972866135022 8 
0006 0003 1665978631459587 -403.625 -72.0 4.626486056263094 8 
0006 0006 1665978631554552 -4.875 -66.5 1.1719613219446299 8 
0006 0012 1665978631555465 8.9375 -63.5 4.871922982324796 8 
0006 0008 1665978631556890 -139.125 -70.5 2.859340188618835 8 
0006 0003 1665978631557829 -225.375 -72.5 5.086680292628786 8 
0006 0010 1665978631560394 -48.0 -64.5 5.2339424482658075 8 
0006 0011 1665978631563139 -34.9375 -70.0 1.945087639038993 8 
0006 0001 1665978631565778 -21.9375 -69.5 3.2888548092268146 8 
0006 0005 1665978631566703 -8.9375 -70.0 4.71238898038469 8 
0006 0015 1665978631567618 26.0 -64.0 0.1718058482431918 8 
0006 0007 1665978631656273 -1.75 -72.0 5.166447293598839 8 
0006 0013 1665978631672796 0.8125 -72.0 1.5830681730979816 8 
0006 0012 1665978631688962 -26.0 -65.0 1.1106020904292042 8 
0006 0008 1665978631690622 -13.0 -72.5 5.209398755659637 8 
0006 0006 1665978631691503 38.1875 -64.5 4.09266074207889 8 
0006 0005 1665978631695376 0.0 -60.0 5.93343768754166 8 
0006 0010 1665978631697087 -13.0 -64.5 1.761009944492716 8 
0006 0007 1665978631698834 -65.0625 -69.5 5.135767677841127 8 
0006 0013 1665978631699776 -17.0625 -71.5 4.632621979414636 8 
0006 0001 1665978631700802 61.0 -70.0 5.6573211457222445 8 
0006 0011 1665978631782553 4.625 -73.0 0.5092816215780329 8 
0006 0008 1665978631801375 61.0 -67.5 0.6872233929727672 8 
0006 0015 1665978631803126 -48.0 -67.5 0.12885438618239387 8 
0006 0005 1665978631804279 178.1875 -70.5 4.460816131171445 8 
0006 0010 1665978631805928 56.125 -66.5 3.7429131224409646 8 
0006 0012 1665978631806840 8.9375 -64.5 2.730485802436441 8 
0006 0011 1665978631808224 78.0625 -67.0 1.1535535524900022 8 
0006 0007 1665978631809165 -87.0625 -65.5 4.589670517353839 8 
0006 0001 1665978631810557 56.125 -70.5 1.086058397823034 8 
0006 0006 1665978631812619 -113.0625 -68.0 2.9820586516496865 8 
0006 0003 1665978631813529 -160.3125 -69.0 5.822991070813893 8 
0006 0009 1665978631830048 -4.0625 -73.5 1.0799224746714913 8 
0006 0013 1665978631904974 8.5625 -73.5 5.688000761479957 8 
0006 0006 1665978631917276 -2.4375 -71.0 6.025476534814799 8 
0006 0005 1665978631925944 -69.125 -68.5 5.209398755659637 8 
0006 0009 1665978631926884 -160.3125 -68.0 2.282563412373834 8 
0006 0015 1665978631927797 78.0625 -73.5 5.970253226450915 8 
0006 0008 1665978631928707 39.0 -66.0 2.9943304979527716 8 
0006 0004 1665978631930130 -39.0 -57.5 3.215223731408304 8 
0006 0013 1665978631931043 4.0625 -70.5 0.6749515466696822 8 
0006 0006 1665978631932448 -23.5625 -66.5 2.454369260617026 8 
0006 0007 1665978631933362 -34.9375 -69.0 2.84706834231575 8 
0006 0011 1665978631934502 -30.0625 -61.5 3.663146121470911 8 
0006 0010 1665978631937432 -121.25 -66.0 0.8835729338221293 8 
0006 0001 1665978631975246 1.1875 -74.5 1.2885438618239387 8 
0006 0010 1665978632036422 69.125 -64.5 2.5770877236478773 8 
0006 0006 1665978632038100 255.5 -67.0 1.4787574795217582 8 
0006 0004 1665978632039885 13.0 -55.5 2.8286605728611223 8 
0006 0009 1665978632040811 56.125 -64.5 4.356505437595221 8 
0006 0011 1665978632042164 -104.125 -68.5 5.442563835418255 8 
0006 0005 1665978632044536 -13.0 -62.5 4.859651136021712 8 
0006 0013 1665978632045935 30.0625 -67.5 4.9394181369917645 8 
0006 0001 1665978632047712 -56.125 -71.0 5.982525072754001 8 
0006 0015 1665978632049207 17.0625 -66.0 5.7616318392984684 8 
0006 0007 1665978632050376 56.125 -70.5 1.1044661672776617 8 
0006 0003 1665978632054984 108.1875 -73.0 3.9269908169872414 8 
0006 0010 1665978632151925 299.4375 -70.5 4.172427743048944 8 
0006 0013 1665978632153476 17.0625 -66.5 0.14726215563702155 8 
0006 0007 1665978632154388 199.375 -70.5 1.086058397823034 8 
0006 0004 1665978632155764 13.0 -61.5 1.3928545554001621 8 
0006 0001 1665978632156659 4.0625 -70.5 1.6505633277649499 8 
0006 0003 1665978632159854 -173.3125 -72.5 5.295301679781233 8 
0006 0006 1665978632181930 -4.875 -74.5 0.02454369260617026 8 
0006 0005 1665978632246308 4.0 -72.5 0.4295146206079795 8 
0006 0004 1665978632263759 4.0625 -64.5 1.7732817907958012 8 
0006 0005 1665978632264658 -17.0625 -70.5 0.6320000846088841 8 
0006 0015 1665978632266439 -30.0625 -63.0 4.908738521234052 8 
0006 0010 1665978632270151 69.125 -68.5 5.675728915176872 8 
0006 0013 1665978632271902 -43.125 -67.0 1.6689710972195777 8 
0006 0001 1665978632274304 -91.125 -70.5 3.6079228131070282 8 
0006 0007 1665978632275457 21.9375 -66.0 4.890330751779424 8 
0006 0014 1665978632276370 -43.125 -65.0 3.1968159619536762 8 
0006 0003 1665978632284240 212.375 -73.0 0.48473792897186263 8 
0006 0012 1665978632293707 50.8125 -69.5 3.3532820023180117 8 
0006 0006 1665978632380334 -3.5625 -73.0 4.246058820867455 8 
0006 0012 1665978632386785 34.9375 -68.5 0.2086213871524472 8 
0006 0006 1665978632387681 -70.75 -70.0 1.1535535524900022 8 
0006 0004 1665978632389341 -17.0625 -65.0 4.614214209960009 8 
0006 0005 1665978632390496 -61.0 -68.5 0.2638446955163303 8 
0006 0007 1665978632392355 8.9375 -65.0 3.5588354278946874 8 
0006 0015 1665978632393286 -69.125 -69.0 5.227806525114265 8 
0006 0013 1665978632394666 4.0625 -66.0 2.435961491162398 8 
0006 0001 1665978632395803 4.0625 -70.0 5.3627968344482015 8 
0006 0010 1665978632396675 82.1875 -67.5 1.6751070203711202 8 
0006 0014 1665978632397769 -56.125 -62.5 6.025476534814799 8 
0006 0003 1665978632417140 1.1875 -74.5 0.1043106935762236 8 
0006 0009 1665978632429189 -14.625 -74.5 0.8774370106705868 8 
0006 0006 1665978632506383 117.125 -69.5 1.9205439464328227 8 
0006 0011 1665978632508951 -113.0625 -65.0 5.307573526084319 8 
0006 0012 1665978632509836 95.1875 -65.0 0.5338253141842031 8 
0006 0010 1665978632510789 -4.0625 -61.0 3.5833791205008576 8 
0006 0003 1665978632512225 30.0625 -69.5 4.902602598082509 8 
0006 0004 1665978632514085 13.0 -61.0 3.368621810196868 8 
0006 0005 1665978632515408 17.0625 -57.0 1.7241944055834606 8 
0006 0014 1665978632516986 -48.0 -62.5 5.5100589900852235 8 
0006 0008 1665978632517898 126.125 -70.0 0.4540583132141498 8 
0006 0015 1665978632518825 21.9375 -66.0 5.681864838328415 8 
0006 0009 1665978632519950 -126.125 -68.5 4.908738521234052 8 
0006 0001 1665978632522060 82.1875 -70.0 0.8406214717613314 8 
0006 0007 1665978632523002 -130.1875 -71.0 2.705942109830271 8 
0006 0002 1665978632554904 -0.875 -78.5 4.878058905476339 8 
0006 0011 1665978632622497 -61.0 -63.0 5.706408530934585 8 
0006 0014 1665978632624567 -8.9375 -63.5 5.872078456026235 8 
0006 0012 1665978632625499 43.125 -63.0 2.4727770300716534 8 
0006 0009 1665978632626424 69.125 -67.5 0.5092816215780329 8 
0006 0005 1665978632627861 26.0 -63.5 4.988505522204105 8 
0006 0006 1665978632628953 -9.75 -62.0 0.619728238305799 8 
0006 0010 1665978632631199 -65.0625 -64.5 5.792311455056181 8 
0006 0003 1665978632632180 43.125 -70.0 0.7240389318820226 8 
0006 0015 1665978632633063 -8.9375 -59.5 2.1046216409791 8 
0006 0007 1665978632634743 -95.1875 -62.0 0.9694758579437253 8 
0006 0001 1665978632636274 -87.0625 -70.5 2.423689644859313 8 
0006 0008 1665978632637455 -56.125 -69.5 2.086213871524472 8 
0006 0004 1665978632656802 0.75 -74.5 4.798291904506286 8 
0006 0002 1665978632670499 4.0625 -77.0 0.4908738521234052 8 
0006 0014 1665978632743527 -21.9375 -67.0 1.1474176293384597 8 
0006 0015 1665978632745051 21.9375 -62.0 6.14819499784565 8 
0006 0011 1665978632746642 -8.9375 -62.0 2.055534255766759 8 
0006 0008 1665978632748366 -130.1875 -69.5 4.0128937411088375 8 
0006 0001 1665978632749290 117.125 -70.5 3.9638063558964967 8 
0006 0003 1665978632750481 156.1875 -70.5 1.1903690913992575 8 
0006 0010 1665978632751689 -126.125 -70.5 0.8222137023067037 8 
0006 0006 1665978632752596 -66.6875 -56.5 5.019185137961818 8 
0006 0012 1665978632753895 -182.25 -64.0 3.822680123411018 8 
0006 0005 1665978632755047 69.125 -68.0 2.791845033951867 8 
0006 0007 1665978632756572 -26.0 -70.0 2.184388641949153 8 
0006 0013 1665978632849188 2.9375 -73.5 5.442563835418255 8 
0006 0010 1665978632857358 -17.0625 -62.5 2.282563412373834 8 
0006 0007 1665978632858275 156.1875 -69.0 1.509437095279471 8 
0006 0011 1665978632860420 -82.1875 -67.0 3.153864499892878 8 
0006 0012 1665978632863203 -65.0625 -65.0 4.608078286808466 8 
0006 0013 1665978632864119 -69.125 -69.5 2.8777479580734626 8 
0006 0001 1665978632867122 -78.0625 -71.5 0.6688156235181395 8 
0006 0006 1665978632869122 8.9375 -64.5 4.215379205109742 8 
0006 0008 1665978632870050 -56.125 -66.0 6.258641614573416 8 
0006 0003 1665978632873248 -48.0 -71.0 2.5832236467994196 8 
0006 0005 1665978632874204 39.0 -72.0 4.798291904506286 8 
0006 0001 1665978632969107 312.4375 -70.0 2.3193789512830896 8 
0006 0013 1665978632970773 113.0625 -67.5 3.454524734318464 8 
0006 0006 1665978632972291 -18.6875 -60.0 5.209398755659637 8 
0006 0007 1665978632973389 100.0625 -70.5 0.8099418560036186 8 
0006 0012 1665978632975916 0.0 -66.5 5.411884219660542 8 
0006 0011 1665978632976778 -108.1875 -67.5 4.896466674930966 8 
0006 0003 1665978632977900 -230.25 -70.5 5.47937937432751 8 
0006 0008 1665978632978781 -34.9375 -67.5 1.6996507129772904 8 
0006 0010 1665978632979648 -4.0625 -62.0 3.890175278077986 8 
0006 0002 1665978633069679 0.1875 -76.5 1.1228739367322893 8 
0006 0004 1665978633080063 6.625 -73.0 5.270757987175063 8 
0006 0012 1665978633088867 -78.0625 -70.0 0.5645049299419159 8 
0006 0011 1665978633090541 -26.0 -60.5 1.3499030933393643 8 
0006 0008 1665978633092591 39.0 -67.5 2.9391071895888885 8 
0006 0004 1665978633094381 39.0 -65.0 5.411884219660542 8 
0006 0003 1665978633095531 13.0 -62.5 2.2212041808584084 8 
0006 0005 1665978633096444 -48.0 -66.0 6.1850105367549055 8 
0006 0001 1665978633097414 -425.5625 -70.5 5.080544369477243 8 
0006 0010 1665978633098322 100.0625 -63.0 5.3627968344482015 8 
0006 0006 1665978633100804 28.4375 -64.0 1.1474176293384597 8 
0006 0007 1665978633102357 -230.25 -66.5 2.5034566458293663 8 
0006 0002 1665978633104160 -82.1875 -73.0 1.1658253987930873 8 
0006 0013 1665978633154210 0.4375 -73.0 4.871922982324796 8 
0006 0008 1665978633203709 -100.0625 -65.5 4.994641445355648 8 
0006 0013 1665978633205279 82.1875 -67.5 0.4172427743048944 8 
0006 0007 1665978633206645 78.0625 -67.5 5.405748296509 8 
0006 0010 1665978633207526 -8.9375 -51.5 1.2333205534600555 8 
0006 0004 1665978633209390 26.0 -52.5 4.565126824747668 8 
0006 0003 1665978633210794 -69.125 -65.0 4.356505437595221 8 
0006 0011 1665978633211731 -4.0625 -61.5 3.5772431973493153 8 
0006 0009 1665978633212657 -39.0 -68.5 2.705942109830271 8 
0006 0001 1665978633213668 -17.0625 -70.0 0.05522330836388308 8 
0006 0006 1665978633214578 -104.125 -70.0 0.04295146206079795 8 
0006 0005 1665978633216013 -21.9375 -69.5 1.8530487917658545 8 
0006 0014 1665978633219362 108.1875 -71.0 0.4663301595172349 8 
0006 0002 1665978633299935 11.25 -79.0 4.779884135051658 8 
0006 0003 1665978633326955 -152.125 -72.0 5.675728915176872 8 
0006 0007 1665978633328335 156.1875 -67.5 3.2827188860752723 8 
0006 0010 1665978633329486 -13.0 -54.5 2.945243112740431 8 
0006 0004 1665978633332215 13.0 -56.5 3.08636934522591 8 
0006 0008 1665978633334127 -117.125 -71.5 0.03681553890925539 8 
0006 0005 1665978633335022 -8.9375 -59.0 2.1046216409791 8 
0006 0014 1665978633338186 52.0625 -69.5 1.705786636128833 8 
0006 0013 1665978633339173 134.25 -66.0 3.6324665057131984 8 
0006 0001 1665978633340311 -69.125 -68.5 2.0493983326152168 8 
0006 0009 1665978633341238 -342.5625 -70.5 5.66959299202533 8 
0006 0015 1665978633428997 0.5625 -68.5 4.908738521234052 8 
0006 0005 1665978633445463 -130.1875 -68.0 3.9638063558964967 8 
0006 0013 1665978633446628 0.0 -66.0 4.804427827657828 8 
0006 0014 1665978633448567 -139.125 -65.0 4.080388895775806 8 
0006 0003 1665978633452494 104.125 -69.5 0.6749515466696822 8 
0006 0007 1665978633453400 0.0 -61.0 4.374913207049849 8 
0006 0004 1665978633454328 4.0625 -60.5 2.3316507975861747 8 
0006 0010 1665978633455720 0.0 -58.0 3.429981041712294 8 
0006 0015 1665978633457633 -65.0625 -65.0 1.902136176978195 8 
0006 0001 1665978633496857 -1.1875 -74.5 5.111223985234957 8 
0006 0008 1665978633566119 -1.25 -75.5 0.9387962421860124 8 
0006 0014 1665978633583967 43.125 -60.0 3.153864499892878 8 
0006 0003 1665978633585332 295.375 -70.5 1.3989904785517047 8 
0006 0004 1665978633586297 -17.0625 -58.5 4.4362724385652745 8 
0006 0010 1665978633587435 -74.0 -57.5 5.902758071783947 8 
0006 0013 1665978633589327 -30.0625 -67.0 0.9203884727313847 8 
0006 0001 1665978633591795 87.0625 -71.0 0.4970097752749477 8 
0006 0007 1665978633592664 -56.125 -61.5 5.583690067903734 8 
0006 0008 1665978633593889 108.1875 -71.5 4.460816131171445 8 
0006 0005 1665978633595907 95.1875 -66.0 0.4295146206079795 8 
0006 0006 1665978633597058 -47.1875 -69.5 4.933282213840222 8 
0006 0015 1665978633606013 0.0 -72.5 4.144816088867002 8 
0006 0002 1665978633691685 1.75 -75.5 0.8344855486097889 8 
0006 0004 1665978633700297 56.125 -59.5 1.1044661672776617 8 
0006 0001 1665978633701974 -221.3125 -71.5 2.2089323345553233 8 
0006 0014 1665978633703164 4.0625 -61.5 3.454524734318464 8 
0006 0010 1665978633705758 26.0 -53.5 1.8714565612204823 8 
0006 0012 1665978633706898 -195.25 -69.0 4.945554060143307 8 
0006 0007 1665978633707808 -48.0 -61.5 1.662835174068035 8 
0006 0005 1665978633714512 -48.0 -53.0 4.945554060143307 8 
0006 0008 1665978633715424 52.0625 -68.0 6.080699843178682 8 
0006 0002 1665978633717873 -217.25 -71.0 4.289010282928253 8 
0006 0009 1665978633719739 -39.0 -66.5 3.9269908169872414 8 
0006 0003 1665978633721338 -21.9375 -69.0 4.448544284868359 8 
0006 0015 1665978633735082 31.3125 -71.0 4.424000592262189 8 
0006 0006 1665978633804369 4.375 -72.5 0.5767767762450011 8 
0006 0015 1665978633827632 -121.25 -64.5 3.1784081924990484 8 
0006 0006 1665978633828542 -161.125 -64.0 5.71868037723767 8 
0006 0008 1665978633830216 52.0625 -60.5 1.3437671701878218 8 
0006 0007 1665978633831136 0.0 -62.5 5.5714182216006485 8 
0006 0004 1665978633832799 0.0 -56.5 0.5706408530934585 8 
0006 0014 1665978633833941 30.0625 -60.0 3.2459033471660166 8 
0006 0005 1665978633837007 30.0625 -61.5 1.141281706186917 8 
0006 0010 1665978633838415 21.9375 -52.5 3.4054373491061236 8 
0006 0011 1665978633839790 0.0 -57.5 4.466952054322987 8 
0006 0009 1665978633841427 160.3125 -68.5 0.06135923151542565 8 
0006 0012 1665978633844658 -4.0625 -61.0 0.3374757733348411 8 
0006 0002 1665978633847104 -260.375 -72.5 0.8528933180644165 8 
0006 0003 1665978633848367 143.1875 -72.0 5.534602682691394 8 
0006 0001 1665978633867566 17.0625 -73.5 4.448544284868359 8 
0006 0015 1665978633945596 4.0625 -58.5 0.7547185476397354 8 
0006 0007 1665978633946935 -82.1875 -60.5 4.828971520263998 8 
0006 0011 1665978633949688 -21.9375 -59.5 0.25770877236478773 8 
0006 0006 1665978633951464 -42.3125 -61.0 5.301437602932776 8 
0006 0014 1665978633952756 13.0 -65.5 3.497476196379262 8 
0006 0010 1665978633953950 -52.0625 -57.5 5.835262917116979 8 
0006 0005 1665978633954988 -26.0 -60.0 5.135767677841127 8 
0006 0012 1665978633956353 39.0 -62.0 2.110757564130642 8 
0006 0008 1665978633957234 26.0 -61.5 3.0372819600135696 8 
0006 0009 1665978633958340 -13.0 -61.0 1.8837284075235674 8 
0006 0001 1665978633959350 -13.0 -71.0 5.786175531904639 8 
0006 0002 1665978633972707 -10.9375 -74.0 1.05231082048955 8 
0006 0004 1665978634007704 -9.75 -77.5 1.564660403643354 8 
0006 0006 1665978634068301 21.9375 -53.5 1.533980787885641 8 
0006 0008 1665978634070471 0.0 -63.5 4.773748211900116 8 
0006 0001 1665978634072762 -156.1875 -67.5 1.5401167110371838 8 
0006 0012 1665978634073618 -48.0 -64.0 2.435961491162398 8 
0006 0010 1665978634074740 -8.9375 -57.5 0.2699806186678728 8 
0006 0015 1665978634076840 4.0625 -59.5 4.994641445355648 8 
0006 0005 1665978634078022 -4.0625 -63.5 4.95168998329485 8 
0006 0011 1665978634081513 65.0625 -70.5 2.767301341345697 8 
0006 0009 1665978634083431 74.0 -67.0 3.368621810196868 8 
0006 0007 1665978634084345 52.0625 -66.5 3.6201946594101133 8 
0006 0002 1665978634087294 21.9375 -73.5 6.092971689481767 8 
0006 0007 1665978634181776 -69.125 -66.5 4.620350133111551 8 
0006 0010 1665978634183426 -39.0 -57.0 1.4848934026733007 8 
0006 0009 1665978634184578 -69.125 -68.0 4.558990901596125 8 
0006 0001 1665978634186452 -204.25 -68.0 4.0558452031696355 8 
0006 0012 1665978634187648 -17.0625 -62.5 2.3193789512830896 8 
0006 0013 1665978634188550 13.0 -68.5 1.6382914814618648 8 
0006 0008 1665978634189489 17.0625 -63.5 0.25157284921324513 8 
0006 0002 1665978634190400 -8.9375 -71.5 1.564660403643354 8 
0006 0006 1665978634193054 -13.0 -53.0 4.196971435655114 8 
0006 0005 1665978634196409 17.0625 -61.0 6.056156150572511 8 
0006 0003 1665978634200411 -21.9375 -71.5 4.399456899656019 8 
0006 0000 1665978634225171 19.5 -76.5 1.2946797849754812 8 
0006 0011 1665978634252842 4.0625 -69.5 2.7550294950426117 8 
0006 0004 1665978634301445 9.5 -75.0 1.8285050991596843 8 
0006 0005 1665978634314291 0.0 -63.0 4.896466674930966 8 
0006 0010 1665978634315193 56.125 -58.5 2.9636508821950587 8 
0006 0012 1665978634316121 -78.0625 -60.5 2.724349879284899 8 
0006 0009 1665978634317559 8.9375 -68.0 0.6749515466696822 8 
0006 0004 1665978634319945 360.5 -69.5 4.718524903536232 8 
0006 0006 1665978634320893 18.6875 -54.5 3.129320807286708 8 
0006 0002 1665978634321836 152.125 -74.5 3.3011266555298997 8 
0006 0001 1665978634323725 130.1875 -68.0 0.5154175447295755 8 
0006 0011 1665978634324692 74.0 -59.5 0.6749515466696822 8 
0006 0008 1665978634328624 -30.0625 -60.5 2.399145952253143 8 
0006 0003 1665978634331080 21.9375 -67.0 2.3193789512830896 8 
0006 0007 1665978634332047 8.9375 -65.0 6.178874613603362 8 
0006 0014 1665978634375745 4.6875 -71.5 1.576932249946439 8 
0006 0000 1665978634389366 5.9375 -78.5 4.614214209960009 8 
0006 0001 1665978634437500 -34.9375 -66.0 3.1661363461959633 8 
0006 0006 1665978634438394 -18.6875 -58.5 2.9759227284981438 8 
0006 0011 1665978634439320 30.0625 -56.0 3.055689729468197 8 
0006 0014 1665978634440218 34.9375 -68.5 2.110757564130642 8 
0006 0010 1665978634441641 -52.0625 -60.0 0.03681553890925539 8 
0006 0012 1665978634443078 -173.3125 -69.0 4.589670517353839 8 
0006 0008 1665978634444228 39.0 -60.0 5.221670601962723 8 
0006 0009 1665978634445607 173.3125 -65.0 2.2150682577068657 8 
0006 0004 1665978634446787 -17.0625 -51.5 5.405748296509 8 
0006 0000 1665978634449371 -156.1875 -74.5 5.743224069843841 8 
0006 0005 1665978634450238 4.0625 -59.0 0.006135923151542565 8 
0006 0003 1665978634451135 -21.9375 -61.0 5.620505606812989 8 
0006 0015 1665978634453839 -26.0 -68.5 4.239922897715912 8 
0006 0002 1665978634454777 -39.0 -72.0 5.037592907416445 8 
0006 0007 1665978634457506 52.0625 -62.0 2.4911847995262812 8 
0006 0010 1665978634555527 8.9375 -53.0 2.0493983326152168 8 
0006 0009 1665978634556440 56.125 -65.5 4.558990901596125 8 
0006 0005 1665978634557812 0.0 -54.5 4.988505522204105 8 
0006 0001 1665978634558714 -43.125 -65.5 5.344389064993574 8 
0006 0007 1665978634559908 -61.0 -65.5 6.068427996875596 8 
0006 0008 1665978634561089 -39.0 -62.0 1.6444274046134073 8 
0006 0006 1665978634563022 74.0 -67.0 6.234097921967246 8 
0006 0004 1665978634563946 -13.0 -52.5 4.534447208989955 8 
0006 0003 1665978634564828 91.125 -61.5 0.11044661672776616 8 
0006 0015 1665978634565983 -82.1875 -65.0 4.239922897715912 8 
0006 0011 1665978634569063 61.0 -58.0 0.3865631585471816 8 
0006 0014 1665978634570840 -74.0 -64.5 4.503767593232243 8 
0006 0000 1665978634574660 -386.5 -73.0 2.172116795646068 8 
0006 0002 1665978634598941 17.8125 -78.0 6.0991076126333095 8 
0006 0011 1665978634674310 30.0625 -61.5 2.350058567040802 8 
0006 0007 1665978634675191 -17.0625 -59.5 0.9203884727313847 8 
0006 0003 1665978634676102 173.3125 -65.5 2.5280003384355365 8 
0006 0001 1665978634678701 -65.0625 -64.0 1.086058397823034 8 
0006 0015 1665978634679613 8.9375 -68.0 5.473243451175968 8 
0006 0005 1665978634681803 26.0 -53.0 4.921010367537137 8 
0006 0014 1665978634683026 65.0625 -70.0 1.509437095279471 8 
0006 0009 1665978634684674 -160.3125 -69.5 1.1044661672776617 8 
0006 0004 1665978634685598 -30.0625 -61.5 2.454369260617026 8 
0006 0010 1665978634686963 -39.0 -57.0 4.411728745959104 8 
0006 0008 1665978634687902 -56.125 -65.0 3.3195344249845276 8 
0006 0006 1665978634729326 -2.5625 -73.5 4.9394181369917645 8 
