0006 0005 1665978924915566 -21.9375 -63.0 5.111223985234957 8 
0006 0003 1665978924916975 134.25 -71.5 5.203262832508095 8 
0006 0007 1665978924920714 34.9375 -69.5 1.3928545554001621 8 
0006 0014 1665978924923324 74.0 -68.5 6.007068765360171 8 
0006 0012 1665978924925130 186.3125 -67.0 1.6873788666742053 8 
0006 0011 1665978924926056 13.0 -67.5 2.2764274892222915 8 
0006 0008 1665978924928739 -121.25 -70.0 2.705942109830271 8 
0006 0005 1665978925025900 -17.0625 -63.0 5.5100589900852235 8 
0006 0011 1665978925027451 -30.0625 -68.0 3.423845118560751 8 
0006 0012 1665978925028905 -104.125 -70.0 3.847223816017188 8 
0006 0014 1665978925029903 -225.375 -68.0 5.0253210611133605 8 
0006 0015 1665978925087732 -2.4375 -74.5 5.66959299202533 8 
0006 0007 1665978925128642 8.4375 -76.0 5.706408530934585 8 
0006 0006 1665978925147632 1.125 -74.0 4.540583132141498 8 
0006 0005 1665978925157338 13.0 -64.0 0.32520392703175593 8 
0006 0014 1665978925158860 -4.0625 -69.0 5.47937937432751 8 
0006 0013 1665978925160047 -126.125 -70.5 0.25157284921324513 8 
0006 0011 1665978925160917 143.1875 -68.0 4.755340442445488 8 
0006 0007 1665978925166722 61.0 -71.0 4.080388895775806 8 
0006 0015 1665978925184426 9.0 -73.5 0.5154175447295755 8 
0006 0012 1665978925232260 11.6875 -73.5 1.8039614065535141 8 
0006 0006 1665978925278832 -3.5625 -73.5 2.448233337465483 8 
0006 0013 1665978925290145 238.4375 -70.0 1.4971652489763858 8 
0006 0005 1665978925293723 -139.125 -71.5 0.2638446955163303 8 
0006 0007 1665978925294837 -225.375 -73.0 3.2336315008629315 8 
0006 0006 1665978925301318 16.25 -72.0 4.850447251294398 8 
0006 0011 1665978925322866 -14.625 -68.5 4.865787059173254 8 
0006 0003 1665978925326341 0.0 -74.5 1.3989904785517047 8 
0006 0011 1665978925402784 -104.125 -67.5 4.362641360746763 8 
0006 0003 1665978925407792 -117.125 -68.0 1.7671458676442586 8 
0006 0007 1665978925409299 -56.125 -68.5 4.657165672020807 8 
0006 0004 1665978925410154 -30.0625 -61.0 4.325825821837508 8 
0006 0013 1665978925411227 82.1875 -68.0 4.724660826687775 8 
0006 0010 1665978925422909 45.5625 -70.0 5.482447335903282 8 
0006 0009 1665978925435285 4.875 -73.0 2.429825568010856 8 
0006 0005 1665978925512620 0.0 -70.0 5.418020142812084 8 
0006 0011 1665978925519317 -21.9375 -66.5 5.608233760509904 8 
0006 0009 1665978925520499 104.125 -70.0 3.890175278077986 8 
0006 0010 1665978925521412 69.125 -67.5 3.6570101983193686 8 
0006 0004 1665978925524154 -26.0 -63.0 3.54042765844006 8 
0006 0005 1665978925525562 39.0 -69.0 2.6200391857086753 8 
0006 0007 1665978925529684 191.1875 -72.0 6.068427996875596 8 
0006 0013 1665978925531137 43.125 -70.5 5.595961914206819 8 
0006 0014 1665978925578769 3.1875 -71.5 6.068427996875596 8 
0006 0015 1665978925625377 1.25 -74.0 6.12365130523948 8 
0006 0014 1665978925646641 69.125 -65.5 4.264466590322082 8 
0006 0015 1665978925648181 -186.3125 -71.0 2.84706834231575 8 
0006 0011 1665978925672648 -3.1875 -71.5 4.178563666200486 8 
0006 0004 1665978925702485 -0.4375 -74.0 0.0674951546669682 8 
0006 0014 1665978925752591 -30.0625 -65.0 4.473087977474529 8 
0006 0005 1665978925754855 108.1875 -72.0 2.1537090261914402 8 
0006 0004 1665978925756365 -82.1875 -67.5 3.834951969714103 8 
0006 0011 1665978925757745 -13.0 -69.5 1.6812429435226628 8 
0006 0010 1665978925820738 0.75 -72.5 5.540738605842936 8 
0006 0012 1665978925880927 -0.8125 -73.0 0.8222137023067037 8 
0006 0012 1665978925888453 17.0625 -70.5 3.9515345095934116 8 
0006 0014 1665978925889404 0.0 -64.0 4.387185053352934 8 
0006 0010 1665978925893965 -160.3125 -68.0 4.09266074207889 8 
0006 0005 1665978925895248 -264.4375 -68.5 2.8961557275280905 8 
0006 0004 1665978925896142 43.125 -59.5 5.773903685601553 8 
0006 0007 1665978925920561 -13.875 -74.0 2.399145952253143 8 
0006 0010 1665978925996888 8.9375 -65.5 4.921010367537137 8 
0006 0009 1665978925999188 -4.0625 -70.0 4.387185053352934 8 
0006 0004 1665978926000698 -48.0 -61.5 2.429825568010856 8 
0006 0012 1665978926002225 -121.25 -64.0 4.71238898038469 8 
0006 0014 1665978926003669 -8.9375 -62.0 4.1601558967458585 8 
0006 0005 1665978926004920 -82.1875 -66.5 6.129787228391022 8 
0006 0007 1665978926020437 -46.75 -73.0 0.6381360077604268 8 
0006 0003 1665978926036600 2.4375 -74.5 6.178874613603362 8 
0006 0008 1665978926105964 9.5 -74.5 6.12365130523948 8 
0006 0015 1665978926116385 2.6875 -73.5 5.534602682691394 8 
0006 0014 1665978926126122 -117.125 -62.5 4.325825821837508 8 
0006 0012 1665978926127629 21.9375 -62.0 5.872078456026235 8 
0006 0010 1665978926128757 152.125 -65.0 0.859029241215959 8 
0006 0011 1665978926129654 95.1875 -66.5 0.4295146206079795 8 
0006 0005 1665978926131062 -61.0 -59.5 4.111068511533518 8 
0006 0009 1665978926132159 312.4375 -71.5 0.0674951546669682 8 
0006 0015 1665978926136709 -282.375 -67.5 3.6017868899554855 8 
0006 0007 1665978926139141 -13.0 -71.0 2.662990647769473 8 
0006 0006 1665978926144143 9.75 -71.0 4.88112686705211 8 
0006 0003 1665978926159314 -15.375 -75.5 4.331961744989051 8 
0006 0008 1665978926166726 18.75 -73.0 3.902447124381071 8 
0006 0005 1665978926243985 -95.1875 -66.0 4.049709280018092 8 
0006 0012 1665978926244884 74.0 -67.0 0.8099418560036186 8 
0006 0015 1665978926247615 39.0 -70.5 0.8651651643675016 8 
0006 0010 1665978926248926 30.0625 -67.0 1.1903690913992575 8 
0006 0007 1665978926250051 -108.1875 -66.5 3.9208548938356986 8 
0006 0011 1665978926250978 134.25 -64.0 1.932815792735908 8 
0006 0003 1665978926271001 23.625 -75.0 1.5892040962495242 8 
0006 0014 1665978926300698 2.5625 -68.5 0.37429131224409645 8 
0006 0006 1665978926354932 -0.8125 -69.5 5.602097837358362 8 
0006 0005 1665978926368379 56.125 -66.0 4.25833066717054 8 
0006 0014 1665978926370127 13.0 -63.5 4.522175362686871 8 
0006 0006 1665978926372675 9.75 -66.5 2.767301341345697 8 
0006 0011 1665978926375804 65.0625 -66.5 2.9636508821950587 8 
0006 0007 1665978926376701 21.9375 -67.0 3.6876898140770815 8 
0006 0012 1665978926377587 52.0625 -70.0 2.0371264863121317 8 
0006 0011 1665978926478378 -87.0625 -68.0 4.479223900626073 8 
0006 0006 1665978926480108 -9.75 -64.0 3.2765829629237295 8 
0006 0014 1665978926481873 -91.125 -64.0 4.779884135051658 8 
0006 0005 1665978926483011 -74.0 -62.0 5.221670601962723 8 
0006 0007 1665978926500592 4.875 -72.0 1.0185632431560658 8 
0006 0013 1665978926502710 -27.5625 -74.5 5.583690067903734 8 
0006 0012 1665978926564708 -3.1875 -73.0 0.8283496254582462 8 
0006 0010 1665978926591971 0.0 -74.0 0.6565437772150544 8 
0006 0011 1665978926599285 8.9375 -67.5 0.46019423636569234 8 
0006 0005 1665978926601831 113.0625 -68.5 6.191146459906448 8 
0006 0004 1665978926604881 26.0 -69.0 5.411884219660542 8 
0006 0013 1665978926606007 21.9375 -66.0 1.0062913968529805 8 
0006 0014 1665978926606905 -69.125 -65.0 4.828971520263998 8 
0006 0010 1665978926617069 -13.0 -71.0 1.1719613219446299 8 
0006 0003 1665978926627892 9.75 -74.5 0.9019807032767571 8 
0006 0007 1665978926636478 26.0625 -74.0 2.1966604882522383 8 
0006 0006 1665978926712239 -0.8125 -71.0 0.06135923151542565 8 
0006 0014 1665978926720274 52.0625 -66.0 5.872078456026235 8 
0006 0010 1665978926723432 -13.0 -59.5 1.6689710972195777 8 
0006 0006 1665978926725193 -9.75 -67.5 5.964117303299373 8 
0006 0013 1665978926726125 134.25 -65.5 2.6691265709210157 8 
0006 0007 1665978926728519 17.0625 -71.5 0.006135923151542565 8 
0006 0011 1665978926729377 195.25 -70.0 3.2090878082567613 8 
0006 0005 1665978926736857 57.375 -74.5 5.513126951660994 8 
0006 0009 1665978926739690 33.75 -72.5 1.6045439041283807 8 
0006 0004 1665978926786679 -8.5 -73.0 1.2333205534600555 8 
0006 0005 1665978926848089 104.125 -71.5 2.172116795646068 8 
0006 0013 1665978926849006 -195.25 -71.5 4.71238898038469 8 
0006 0010 1665978926850514 26.0 -61.0 2.7857091108003242 8 
0006 0004 1665978926852106 61.0 -67.5 6.117515382087937 8 
0006 0007 1665978926856073 204.25 -70.5 2.9636508821950587 8 
0006 0014 1665978926903232 3.0 -66.5 2.1475731030398975 8 
0006 0006 1665978926912134 -2.875 -74.0 5.019185137961818 8 
0006 0015 1665978926916379 -3.625 -73.5 4.73693267299086 8 
0006 0006 1665978926968146 75.625 -66.5 1.521708941582556 8 
0006 0010 1665978926970420 -8.9375 -64.5 3.5342917352885173 8 
0006 0007 1665978926975059 0.0 -65.0 0.3313398501832985 8 
0006 0014 1665978926976203 48.0 -67.0 2.804116880254952 8 
0006 0001 1665978927094277 0.625 -75.0 4.313553975534423 8 
0006 0010 1665978927111374 4.0625 -65.0 5.534602682691394 8 
0006 0007 1665978927113579 69.125 -63.5 0.5829126993965437 8 
0006 0014 1665978927114986 52.0625 -66.0 2.3193789512830896 8 
0006 0012 1665978927117016 -74.0 -70.0 0.9081166264282996 8 
0006 0003 1665978927119949 8.9375 -69.5 5.442563835418255 8 
0006 0006 1665978927209054 1.625 -73.0 1.9696313316451632 8 
0006 0006 1665978927226366 -109.0 -69.0 5.620505606812989 8 
0006 0014 1665978927227278 104.125 -68.5 1.932815792735908 8 
0006 0007 1665978927228657 -95.1875 -68.5 5.240078371417351 8 
0006 0010 1665978927229523 8.9375 -61.5 1.8162332528565992 8 
0006 0012 1665978927230452 8.9375 -65.0 1.0062913968529805 8 
0006 0003 1665978927233319 52.0625 -67.5 0.6442719309119693 8 
0006 0005 1665978927236142 4.0625 -68.0 5.988660995905543 8 
0006 0004 1665978927250234 -3.25 -68.5 4.28287435977671 8 
0006 0015 1665978927258254 3.1875 -73.0 5.516194913236766 8 
0006 0002 1665978927269369 30.9375 -77.0 0.28225246497095796 8 
0006 0011 1665978927343681 -1.125 -69.0 1.368310862793992 8 
0006 0014 1665978927353036 169.25 -67.5 1.4051264017032472 8 
0006 0012 1665978927354218 -26.0 -67.0 2.116893487282185 8 
0006 0010 1665978927357004 -39.0 -60.5 3.06182565261974 8 
0006 0004 1665978927357888 126.125 -66.0 4.025165587411922 8 
0006 0003 1665978927358798 -48.0 -68.5 2.2334760271614935 8 
0006 0005 1665978927359936 -26.0 -59.5 2.6998061866787286 8 
0006 0015 1665978927361133 -74.0 -65.5 2.693670263527186 8 
0006 0007 1665978927363415 -117.125 -62.5 2.767301341345697 8 
0006 0011 1665978927364711 -30.0625 -66.0 3.6447383520162835 8 
0006 0009 1665978927406537 -11.4375 -72.0 4.442408361716817 8 
0006 0006 1665978927408676 13.875 -70.5 2.1353012567368124 8 
0006 0002 1665978927445162 8.8125 -78.0 0.8713010875190442 8 
0006 0011 1665978927498427 21.9375 -63.0 5.325981295538946 8 
0006 0014 1665978927500457 -8.9375 -67.0 1.9389517158874505 8 
0006 0010 1665978927502236 -21.9375 -62.5 5.375068680751287 8 
0006 0015 1665978927504084 -48.0 -67.5 1.4603497100671303 8 
0006 0007 1665978927505040 -74.0 -64.0 2.3746022596469727 8 
0006 0003 1665978927505967 -208.3125 -70.0 2.9022916506796332 8 
0006 0012 1665978927508310 -195.25 -71.0 4.97623367590102 8 
0006 0006 1665978927509671 18.6875 -60.0 0.1718058482431918 8 
0006 0005 1665978927511424 152.125 -69.0 2.705942109830271 8 
0006 0008 1665978927532473 19.5 -74.0 0.8835729338221293 8 
0006 0008 1665978927613678 -74.0 -69.5 2.3930100291016 8 
0006 0007 1665978927614590 13.0 -61.5 1.4358060174609601 8 
0006 0010 1665978927615757 -21.9375 -60.5 6.013204688511713 8 
0006 0006 1665978927618726 -69.125 -65.5 5.313709449235861 8 
0006 0005 1665978927622906 -78.0625 -70.0 3.9085830475326135 8 
0006 0011 1665978927623804 26.0 -65.5 0.23316507975861744 8 
0006 0012 1665978927624904 -30.0625 -70.5 0.5092816215780329 8 
0006 0012 1665978927722874 61.0 -68.5 1.4848934026733007 8 
0006 0010 1665978927723727 8.9375 -61.5 0.521553467881118 8 
0006 0006 1665978927724665 4.875 -60.5 0.6013204688511713 8 
0006 0007 1665978927727068 -21.9375 -69.0 2.5402721847386216 8 
0006 0011 1665978927728932 26.0 -67.5 0.8835729338221293 8 
0006 0005 1665978927731347 4.0625 -66.0 3.5465635815916023 8 
0006 0001 1665978927732909 0.0 -72.0 3.2397674240144743 8 
0006 0001 1665978927737343 -6.5 -73.0 0.26691265709210155 8 
0006 0008 1665978927815299 0.4375 -74.0 1.8346410223112268 8 
0006 0003 1665978927825215 2.875 -72.5 5.516194913236766 8 
0006 0010 1665978927852847 -8.9375 -64.0 2.1475731030398975 8 
0006 0003 1665978927854523 165.1875 -69.0 2.7857091108003242 8 
0006 0006 1665978927856806 -4.875 -60.5 0.3190680038802134 8 
0006 0011 1665978927857720 -87.0625 -69.5 4.338097668140593 8 
0006 0008 1665978927858631 121.25 -71.0 5.325981295538946 8 
0006 0012 1665978927859767 -8.9375 -68.0 2.650718801466388 8 
0006 0007 1665978927860696 -21.9375 -67.0 3.6140587362585705 8 
0006 0001 1665978927881410 12.9375 -74.0 2.030990563160589 8 
0006 0005 1665978927902472 3.1875 -72.5 4.061981126321178 8 
0006 0007 1665978927968467 -147.25 -68.5 5.368932757599744 8 
0006 0003 1665978927969492 42.3125 -69.5 4.28287435977671 8 
0006 0011 1665978927970888 -61.0 -65.5 0.760854470791278 8 
0006 0010 1665978927971813 8.9375 -62.5 5.0253210611133605 8 
0006 0014 1665978927972995 39.0 -67.5 2.1230294104337273 8 
0006 0004 1665978927975536 39.0 -58.0 2.067806102069844 8 
0006 0006 1665978927976757 4.875 -66.5 0.6994952392758523 8 
0006 0001 1665978927977894 -13.0 -69.5 0.5092816215780329 8 
0006 0009 1665978927979044 -4.0625 -71.0 6.092971689481767 8 
0006 0008 1665978927980155 182.25 -72.0 0.7485826244881929 8 
0006 0013 1665978927988028 -5.25 -72.0 0.1349903093339364 8 
0006 0005 1665978928063145 0.8125 -76.5 5.381204603902829 8 
0006 0009 1665978928079333 -0.875 -75.0 3.767456815047135 8 
0006 0007 1665978928092629 48.0 -70.0 2.7550294950426117 8 
0006 0010 1665978928093736 4.0625 -56.0 6.252505691421874 8 
0006 0011 1665978928096852 13.0 -66.5 2.9084275738311756 8 
0006 0001 1665978928099212 -69.125 -71.0 2.350058567040802 8 
0006 0004 1665978928100434 13.0 -58.5 0.760854470791278 8 
0006 0006 1665978928101570 -14.625 -69.5 1.705786636128833 8 
0006 0009 1665978928103769 -61.0 -69.5 0.9817477042468103 8 
0006 0003 1665978928106720 -134.25 -72.0 1.325359400733194 8 
0006 0005 1665978928108307 52.0625 -73.0 4.724660826687775 8 
0006 0015 1665978928202660 2.9375 -72.0 1.3008157081270237 8 
0006 0014 1665978928210955 0.0 -71.0 5.66959299202533 8 
0006 0010 1665978928217583 -26.0 -59.5 0.2454369260617026 8 
0006 0004 1665978928218509 -39.0 -57.0 5.565282298449106 8 
0006 0014 1665978928221004 -91.125 -67.5 5.896622148632405 8 
0006 0001 1665978928223047 -143.1875 -71.5 4.061981126321178 8 
0006 0009 1665978928224425 182.25 -71.0 3.792000507653305 8 
0006 0003 1665978928225334 -204.25 -70.0 2.1537090261914402 8 
0006 0015 1665978928226541 -61.0 -66.5 4.822835597112456 8 
0006 0007 1665978928228234 61.0 -69.5 1.9205439464328227 8 
0006 0006 1665978928320842 2.625 -74.5 1.1596894756415448 8 
0006 0010 1665978928336842 -48.0 -61.5 1.4971652489763858 8 
0006 0007 1665978928339230 -139.125 -69.5 4.681709364626977 8 
0006 0004 1665978928340183 -61.0 -58.0 5.681864838328415 8 
0006 0009 1665978928343741 152.125 -71.0 5.013049214810275 8 
0006 0003 1665978928344920 -90.3125 -71.5 2.6998061866787286 8 
0006 0014 1665978928349898 11.75 -68.5 4.64182586414195 8 
0006 0001 1665978928371817 -10.5 -74.0 0.14726215563702155 8 
0006 0013 1665978928399779 -2.4375 -75.0 0.4908738521234052 8 
0006 0006 1665978928449277 1.125 -73.0 4.945554060143307 8 
0006 0007 1665978928462457 -30.0625 -64.0 3.902447124381071 8 
0006 0004 1665978928466819 -8.9375 -65.0 2.834796496012665 8 
0006 0010 1665978928468665 82.1875 -61.0 3.822680123411018 8 
0006 0013 1665978928471007 78.0625 -68.0 0.8344855486097889 8 
0006 0008 1665978928471960 -17.0625 -70.0 1.748738098189631 8 
0006 0005 1665978928474036 -156.1875 -70.0 0.1043106935762236 8 
0006 0014 1665978928475415 -108.1875 -64.0 5.485515297479052 8 
0006 0009 1665978928476325 43.125 -68.5 0.25157284921324513 8 
0006 0002 1665978928506557 10.5 -76.5 0.8528933180644165 8 
0006 0011 1665978928511351 2.4375 -71.0 5.822991070813893 8 
0006 0006 1665978928534469 9.25 -73.5 4.252194744018997 8 
0006 0001 1665978928538854 14.75 -75.0 5.706408530934585 8 
0006 0012 1665978928587005 3.1875 -68.0 2.442097414313941 8 
0006 0015 1665978928597430 -5.3125 -72.0 1.8960002538266525 8 
0006 0012 1665978928612177 -17.0625 -65.5 0.01227184630308513 8 
0006 0004 1665978928613102 8.9375 -56.0 1.9144080232812801 8 
0006 0014 1665978928614285 -82.1875 -63.5 5.301437602932776 8 
0006 0015 1665978928615243 -74.0 -69.0 4.816699673960914 8 
0006 0001 1665978928616426 -182.25 -72.5 3.7981364308048478 8 
0006 0008 1665978928617335 -69.125 -69.5 3.147728576741336 8 
0006 0007 1665978928618460 -34.9375 -64.5 4.491495746929157 8 
0006 0009 1665978928619400 -199.375 -70.5 2.2948352586769194 8 
0006 0005 1665978928620341 -130.1875 -63.0 5.105088062083414 8 
0006 0010 1665978928621493 -17.0625 -61.5 6.240233845118788 8 
0006 0011 1665978928623878 0.0 -65.0 3.08636934522591 8 
0006 0006 1665978928625046 28.4375 -68.0 3.153864499892878 8 
0006 0015 1665978928731172 -65.0625 -67.0 2.2150682577068657 8 
0006 0012 1665978928734446 -13.0 -61.0 1.9082721001297376 8 
0006 0014 1665978928735486 -91.125 -65.0 5.4671075280244255 8 
0006 0007 1665978928736651 -21.9375 -60.0 4.681709364626977 8 
0006 0001 1665978928737971 113.0625 -70.5 4.534447208989955 8 
0006 0009 1665978928740283 26.0 -65.0 4.399456899656019 8 
0006 0010 1665978928741566 82.1875 -64.5 2.030990563160589 8 
0006 0006 1665978928743894 -66.6875 -68.0 0.05522330836388308 8 
0006 0011 1665978928746241 -117.125 -65.0 3.11091303783208 8 
0006 0008 1665978928747178 -74.0 -66.0 5.080544369477243 8 
0006 0005 1665978928748261 95.1875 -69.0 2.3009711818284617 8 
0006 0007 1665978928844439 -69.125 -65.0 3.80427235395639 8 
0006 0008 1665978928845351 -82.1875 -66.5 6.234097921967246 8 
0006 0006 1665978928848831 -213.1875 -69.5 1.607611865704152 8 
0006 0011 1665978928849829 -165.1875 -66.0 5.418020142812084 8 
0006 0015 1665978928851207 -17.0625 -64.5 5.927301764390117 8 
0006 0012 1665978928852119 13.0 -60.5 2.834796496012665 8 
0006 0010 1665978928853949 -17.0625 -64.0 3.2827188860752723 8 
0006 0005 1665978928855061 -48.0 -65.5 1.4480778637640452 8 
0006 0009 1665978928855928 13.0 -70.5 0.17794177139473438 8 
0006 0001 1665978928884189 15.375 -74.0 0.14112623248547898 8 
0006 0012 1665978928959207 30.0625 -62.0 3.5465635815916023 8 
0006 0005 1665978928962160 208.3125 -69.5 2.36846633649543 8 
0006 0007 1665978928963085 -43.125 -65.5 4.485359823777615 8 
0006 0011 1665978928964495 82.1875 -64.5 0.7117670855789375 8 
0006 0008 1665978928965420 56.125 -68.0 1.3989904785517047 8 
0006 0010 1665978928967025 -8.9375 -62.0 4.252194744018997 8 
0006 0006 1665978928967907 -14.625 -65.0 6.2463697682703305 8 
0006 0009 1665978928988870 4.0625 -73.0 4.221515128261284 8 
0006 0003 1665978928991660 -31.6875 -76.5 6.111379458936394 8 
0006 0001 1665978929069719 9.9375 -75.0 0.19634954084936207 8 
0006 0008 1665978929082456 191.1875 -69.5 2.386874105950058 8 
0006 0010 1665978929090995 0.0 -64.0 5.50392306693368 8 
0006 0012 1665978929092537 -61.0 -64.5 4.430136515413731 8 
0006 0005 1665978929093463 30.0625 -61.0 0.3313398501832985 8 
0006 0011 1665978929094377 61.0 -63.0 2.337786720737717 8 
0006 0006 1665978929095521 0.0 -64.0 0.7792622402459057 8 
0006 0007 1665978929097064 143.1875 -72.0 0.1227184630308513 8 
0006 0009 1665978929115604 -8.0625 -74.0 2.521864415283994 8 
0006 0001 1665978929194221 -0.1875 -75.5 2.478912953223196 8 
0006 0012 1665978929209346 -165.1875 -70.5 6.166602767300278 8 
0006 0008 1665978929210242 -82.1875 -71.0 3.9638063558964967 8 
0006 0004 1665978929211591 13.0 -65.0 0.2638446955163303 8 
0006 0011 1665978929213809 -21.9375 -59.5 3.7981364308048478 8 
0006 0005 1665978929214978 160.3125 -70.5 4.657165672020807 8 
0006 0007 1665978929218154 117.125 -65.0 1.4848934026733007 8 
0006 0009 1665978929219517 -178.1875 -70.0 4.454680208019902 8 
0006 0001 1665978929246540 11.4375 -73.5 0.1902136176978195 8 
0006 0010 1665978929265335 2.5625 -69.5 0.28225246497095796 8 
0006 0006 1665978929271942 -0.75 -74.0 5.074408446325701 8 
0006 0009 1665978929332733 -91.125 -70.0 5.418020142812084 8 
0006 0007 1665978929333657 4.0625 -66.0 3.0925052683774528 8 
0006 0001 1665978929334828 -256.3125 -71.0 1.6260196351587797 8 
0006 0004 1665978929335736 -21.9375 -53.5 5.749359992995383 8 
0006 0011 1665978929336862 -78.0625 -61.0 0.16566992509164924 8 
0006 0008 1665978929337787 143.1875 -72.0 0.25157284921324513 8 
0006 0003 1665978929339167 208.3125 -67.5 0.607456392002714 8 
0006 0013 1665978929340037 -43.125 -67.0 6.160466844148735 8 
0006 0010 1665978929344538 -56.125 -59.5 4.0558452031696355 8 
0006 0006 1665978929362823 -11.4375 -71.0 5.270757987175063 8 
0006 0005 1665978929371552 -8.0625 -74.0 0.5092816215780329 8 
0006 0010 1665978929446312 0.0 -59.0 6.2463697682703305 8 
0006 0009 1665978929447584 69.125 -68.5 0.7669903939428205 8 
0006 0004 1665978929450366 -4.0625 -58.0 4.884194828627882 8 
0006 0006 1665978929451374 9.75 -69.0 0.4908738521234052 8 
0006 0013 1665978929452532 -39.0 -62.0 1.6198837120072371 8 
0006 0007 1665978929454178 -152.125 -64.0 5.411884219660542 8 
0006 0011 1665978929455715 87.0625 -67.0 2.5280003384355365 8 
0006 0003 1665978929456638 4.0625 -68.5 2.172116795646068 8 
0006 0005 1665978929458865 65.0625 -68.0 0.5829126993965437 8 
0006 0001 1665978929479512 4.0625 -74.5 0.30066023442558565 8 
0006 0015 1665978929550503 -0.5625 -70.5 4.816699673960914 8 
0006 0015 1665978929567903 -48.0 -68.0 1.4910293258248433 8 
0006 0007 1665978929568786 -95.1875 -64.0 2.5893595699509624 8 
0006 0014 1665978929572123 -56.125 -64.0 3.80427235395639 8 
0006 0013 1665978929573024 -65.0625 -63.0 3.031146036862027 8 
0006 0010 1665978929573965 -26.0 -62.5 0.9081166264282996 8 
0006 0004 1665978929576306 -104.125 -63.5 4.3074180523828804 8 
0006 0011 1665978929577205 -117.125 -70.0 3.522019888985432 8 
0006 0003 1665978929584142 -126.125 -72.0 3.4177091954092087 8 
0006 0001 1665978929601988 5.625 -74.0 5.117359908386499 8 
0006 0012 1665978929645207 7.625 -74.0 5.559146375297564 8 
0006 0012 1665978929690611 -208.3125 -68.5 3.0250101137104846 8 
0006 0011 1665978929693323 204.25 -70.5 4.509903516383785 8 
0006 0007 1665978929694320 -104.125 -64.0 4.04357335686655 8 
0006 0004 1665978929695499 -100.0625 -64.0 5.982525072754001 8 
0006 0013 1665978929696614 -34.9375 -64.5 4.04357335686655 8 
0006 0010 1665978929697583 74.0 -65.5 2.3193789512830896 8 
0006 0014 1665978929698746 8.9375 -58.5 1.8100973297050567 8 
0006 0003 1665978929699744 182.25 -70.0 4.816699673960914 8 
0006 0002 1665978929768407 -8.5 -79.5 0.7915340865489908 8 
0006 0014 1665978929818064 13.0 -61.5 1.5278448647340985 8 
0006 0003 1665978929818998 0.0 -67.0 0.46019423636569234 8 
0006 0013 1665978929820412 -4.0625 -66.0 4.534447208989955 8 
0006 0004 1665978929823383 -34.9375 -60.5 3.4054373491061236 8 
0006 0005 1665978929825427 82.1875 -65.0 4.399456899656019 8 
0006 0009 1665978929826482 108.1875 -67.0 5.608233760509904 8 
0006 0007 1665978929828802 21.9375 -64.5 1.846912868614312 8 
0006 0012 1665978929830311 21.9375 -67.5 3.0495538063166547 8 
0006 0006 1665978929831223 -222.9375 -72.0 0.4172427743048944 8 
0006 0010 1665978929832106 -52.0625 -62.5 5.283029833478148 8 
0006 0011 1665978929833173 -4.0625 -70.5 0.6135923151542565 8 
0006 0002 1665978929844530 46.75 -75.5 4.626486056263094 8 
