0006 0007 1665992230014559 -34.9375 -58.0 3.32567034813607 9 
0006 0011 1665992230015697 -17.0625 -53.0 2.662990647769473 9 
0006 0002 1665992230017075 26.0 -65.0 3.9699422790480394 9 
0006 0014 1665992230019801 -26.0 -60.0 2.3193789512830896 9 
0006 0003 1665992230020952 -152.125 -71.0 5.7616318392984684 9 
0006 0008 1665992230021856 0.0 -55.5 6.215690152512618 9 
0006 0006 1665992230023482 152.125 -64.5 1.5033011721279284 9 
0006 0001 1665992230024676 113.0625 -67.5 2.816388726558037 9 
0006 0004 1665992230025599 -17.0625 -50.5 3.454524734318464 9 
0006 0013 1665992230027581 52.0625 -65.5 3.718369429834794 9 
0006 0005 1665992230029009 0.0 -54.0 0.859029241215959 9 
0006 0010 1665992230030450 -17.0625 -56.5 1.8223691760081417 9 
0006 0009 1665992230032242 56.125 -70.0 4.3503695144436785 9 
0006 0015 1665992230068882 -4.875 -73.0 4.853515212870168 9 
0006 0003 1665992230160758 87.0625 -68.5 0.3620194659410113 9 
0006 0005 1665992230161897 39.0 -52.5 1.9205439464328227 9 
0006 0014 1665992230163653 26.0 -57.0 2.8102528034064944 9 
0006 0008 1665992230165693 -30.0625 -56.0 1.1167380135807468 9 
0006 0009 1665992230166605 43.125 -70.5 4.577398671050753 9 
0006 0004 1665992230167770 8.9375 -51.0 4.76147636559703 9 
0006 0010 1665992230169222 -30.0625 -58.0 3.0372819600135696 9 
0006 0011 1665992230170855 -56.125 -59.5 5.411884219660542 9 
0006 0007 1665992230171740 39.0 -58.0 4.95168998329485 9 
0006 0002 1665992230173062 21.9375 -63.5 5.522330836388308 9 
0006 0006 1665992230175842 -250.625 -66.5 3.8717675086233583 9 
0006 0001 1665992230177346 -17.0625 -67.0 4.71238898038469 9 
0006 0005 1665992230267617 8.9375 -54.5 2.859340188618835 9 
0006 0008 1665992230268757 48.0 -63.0 1.9757672547967058 9 
0006 0001 1665992230271498 -48.0 -66.0 5.957981380147831 9 
0006 0011 1665992230273077 -48.0 -67.0 1.945087639038993 9 
0006 0014 1665992230273988 -69.125 -58.5 5.0253210611133605 9 
0006 0010 1665992230275410 -34.9375 -56.0 4.129476280988146 9 
0006 0003 1665992230276293 147.25 -69.0 1.1290098598838318 9 
0006 0004 1665992230277871 -30.0625 -50.5 0.17794177139473438 9 
0006 0006 1665992230278710 -48.0 -62.0 5.074408446325701 9 
0006 0007 1665992230279621 -17.0625 -59.0 5.902758071783947 9 
0006 0009 1665992230280678 -446.75 -72.0 5.841398840268521 9 
0006 0002 1665992230281600 30.0625 -63.5 0.7363107781851077 9 
0006 0012 1665992230353268 -2.875 -76.5 6.117515382087937 9 
0006 0008 1665992230379531 -52.0625 -65.0 3.497476196379262 9 
0006 0005 1665992230381518 -8.9375 -56.5 4.338097668140593 9 
0006 0011 1665992230383259 -74.0 -64.0 3.4177091954092087 9 
0006 0007 1665992230384667 -134.25 -62.5 6.105243535784852 9 
0006 0006 1665992230386072 -26.0 -60.0 6.178874613603362 9 
0006 0004 1665992230387367 8.9375 -51.0 1.6198837120072371 9 
0006 0001 1665992230388265 56.125 -64.5 1.1351457830353744 9 
0006 0010 1665992230389403 -17.0625 -53.0 5.589825991055276 9 
0006 0014 1665992230390726 -117.125 -70.5 4.417864669110647 9 
0006 0003 1665992230391722 21.9375 -71.0 2.9206994201342606 9 
0006 0002 1665992230392632 -13.0 -63.0 2.497320722677824 9 
0006 0012 1665992230394781 48.0 -68.0 6.056156150572511 9 
0006 0009 1665992230411764 5.625 -78.0 0.5890486225480862 9 
0006 0007 1665992230491057 -39.0 -64.0 5.957981380147831 9 
0006 0001 1665992230492478 -21.9375 -64.5 2.564815877344792 9 
0006 0005 1665992230494780 -30.0625 -58.5 5.485515297479052 9 
0006 0012 1665992230495692 -21.9375 -62.5 0.7179030087304801 9 
0006 0010 1665992230497540 -13.0 -51.5 0.4663301595172349 9 
0006 0002 1665992230498665 -34.9375 -61.5 3.9576704327449543 9 
0006 0003 1665992230499590 91.125 -67.5 4.448544284868359 9 
0006 0014 1665992230500559 -117.125 -67.5 4.577398671050753 9 
0006 0004 1665992230501725 26.0 -51.5 3.000466421104314 9 
0006 0006 1665992230502618 -4.875 -61.0 1.1167380135807468 9 
0006 0008 1665992230503888 30.0625 -66.5 5.712544454086128 9 
0006 0011 1665992230505930 -48.0 -60.0 3.5465635815916023 9 
0006 0012 1665992230596738 -4.0625 -59.5 2.6323110320117604 9 
0006 0011 1665992230598104 -21.9375 -60.0 4.608078286808466 9 
0006 0015 1665992230599472 39.0 -68.5 5.6941366846315 9 
0006 0006 1665992230602376 4.875 -63.5 2.804116880254952 9 
0006 0007 1665992230603562 -87.0625 -66.5 0.5092816215780329 9 
0006 0004 1665992230604444 -21.9375 -51.0 4.331961744989051 9 
0006 0008 1665992230605367 17.0625 -63.0 0.34974761963792617 9 
0006 0003 1665992230606504 48.0 -67.0 5.203262832508095 9 
0006 0002 1665992230607470 -30.0625 -59.0 4.945554060143307 9 
0006 0010 1665992230608862 -17.0625 -50.0 1.1903690913992575 9 
0006 0005 1665992230609774 13.0 -58.0 5.994796919057086 9 
0006 0001 1665992230610670 -17.0625 -65.5 3.792000507653305 9 
0006 0014 1665992230635798 10.5 -72.0 4.681709364626977 9 
0006 0007 1665992230707018 61.0 -67.5 1.1474176293384597 9 
0006 0008 1665992230708423 17.0625 -58.0 1.7732817907958012 9 
0006 0015 1665992230709575 13.0 -64.0 1.012427320004523 9 
0006 0011 1665992230711239 -104.125 -63.0 5.915029918087033 9 
0006 0001 1665992230712673 -82.1875 -66.0 4.767612288748572 9 
0006 0005 1665992230715016 -21.9375 -58.0 0.34974761963792617 9 
0006 0006 1665992230715915 -142.375 -65.5 5.086680292628786 9 
0006 0012 1665992230717013 -65.0625 -60.5 3.693825737228624 9 
0006 0003 1665992230718388 43.125 -67.5 5.982525072754001 9 
0006 0010 1665992230722220 13.0 -49.0 2.3439226438892597 9 
0006 0004 1665992230723371 -17.0625 -50.5 5.835262917116979 9 
0006 0014 1665992230724964 -56.125 -60.0 5.6573211457222445 9 
0006 0002 1665992230725868 0.0 -59.0 5.878214379177777 9 
0006 0014 1665992230817129 -30.0625 -59.5 5.485515297479052 9 
0006 0007 1665992230818284 -39.0 -68.5 2.184388641949153 9 
0006 0001 1665992230819195 -78.0625 -66.5 5.945709533844745 9 
0006 0008 1665992230821776 13.0 -58.0 2.509592568980909 9 
0006 0004 1665992230822716 -21.9375 -51.0 0.4295146206079795 9 
0006 0002 1665992230824136 -21.9375 -59.5 0.5767767762450011 9 
0006 0003 1665992230825048 -82.1875 -68.5 0.8528933180644165 9 
0006 0012 1665992230826217 13.0 -60.0 4.129476280988146 9 
0006 0006 1665992230827821 -23.5625 -64.0 5.829126993965437 9 
0006 0005 1665992230829486 30.0625 -61.0 1.2087768608538851 9 
0006 0015 1665992230830641 -104.125 -66.5 3.9515345095934116 9 
0006 0010 1665992230831579 13.0 -49.0 2.859340188618835 9 
0006 0011 1665992230832773 -4.0625 -54.0 1.2210487071569704 9 
0006 0009 1665992230834066 -8.9375 -69.0 0.7792622402459057 9 
0006 0006 1665992230927699 -9.75 -63.5 0.16566992509164924 9 
0006 0012 1665992230929137 -34.9375 -59.5 5.1725832167503825 9 
0006 0008 1665992230930244 -21.9375 -56.0 3.6999616603801666 9 
0006 0011 1665992230931127 -17.0625 -52.5 1.4603497100671303 9 
0006 0004 1665992230932251 -21.9375 -49.5 1.1228739367322893 9 
0006 0002 1665992230934112 -30.0625 -59.0 1.4173982480063325 9 
0006 0010 1665992230935973 4.0625 -48.0 3.6017868899554855 9 
0006 0005 1665992230937654 21.9375 -66.0 2.1659808724945253 9 
0006 0001 1665992230938806 48.0 -68.0 0.9142525495798421 9 
0006 0014 1665992230941205 -39.0 -63.5 4.516039439535327 9 
0006 0007 1665992230943820 -78.0625 -69.0 3.810408277107933 9 
0006 0003 1665992230945296 4.0625 -69.5 1.9389517158874505 9 
0006 0015 1665992230953290 -14.1875 -67.5 0.49394181369917645 9 
0006 0011 1665992231038239 17.0625 -52.5 2.1782527187976104 9 
0006 0008 1665992231039263 -26.0 -55.5 4.76147636559703 9 
0006 0007 1665992231040203 30.0625 -64.5 5.056000676871073 9 
0006 0012 1665992231041373 -61.0 -59.5 4.405592822807561 9 
0006 0001 1665992231042325 95.1875 -67.0 2.024854640009046 9 
0006 0005 1665992231044458 30.0625 -65.5 3.9208548938356986 9 
0006 0013 1665992231045399 8.9375 -66.5 5.141903600992669 9 
0006 0006 1665992231046524 -39.0 -60.5 0.25770877236478773 9 
0006 0002 1665992231047477 30.0625 -60.5 2.2580197197676637 9 
0006 0010 1665992231049228 4.0625 -50.0 4.0128937411088375 9 
0006 0004 1665992231051700 13.0 -49.5 1.8775924843720249 9 
0006 0003 1665992231052739 -95.1875 -69.5 3.6263305825616556 9 
0006 0014 1665992231142714 -7.5 -74.0 5.9518454569962875 9 
0006 0010 1665992231148650 0.0 -54.0 5.283029833478148 9 
0006 0007 1665992231151667 -30.0625 -62.5 5.988660995905543 9 
0006 0008 1665992231152550 -121.25 -61.0 5.681864838328415 9 
0006 0004 1665992231153729 13.0 -51.0 2.9636508821950587 9 
0006 0002 1665992231154967 43.125 -62.0 3.509748042682347 9 
0006 0012 1665992231155909 -61.0 -62.5 4.657165672020807 9 
0006 0011 1665992231157146 17.0625 -55.5 3.5465635815916023 9 
0006 0003 1665992231159187 -91.125 -67.0 5.074408446325701 9 
0006 0006 1665992231161326 -30.0625 -60.0 0.7731263170943632 9 
0006 0001 1665992231162731 -8.9375 -65.5 3.8410878928656453 9 
0006 0005 1665992231165344 -87.0625 -60.5 5.5284667595398505 9 
0006 0014 1665992231189156 -3.1875 -71.5 6.043884304269426 9 
0006 0013 1665992231241681 5.6875 -74.0 2.2089323345553233 9 
0006 0001 1665992231266978 -43.125 -63.5 5.460971604872882 9 
0006 0005 1665992231268699 -39.0 -57.5 0.6872233929727672 9 
0006 0006 1665992231270118 -4.0625 -58.0 1.5830681730979816 9 
0006 0011 1665992231271016 17.0625 -57.5 4.3503695144436785 9 
0006 0003 1665992231272183 -199.375 -66.0 6.1850105367549055 9 
0006 0002 1665992231273121 -65.0625 -62.0 5.45483568172134 9 
0006 0004 1665992231275754 -4.0625 -51.5 4.571262747899211 9 
0006 0013 1665992231276616 -26.0 -68.0 4.3503695144436785 9 
0006 0010 1665992231278151 8.9375 -53.0 1.0185632431560658 9 
0006 0007 1665992231280139 0.0 -59.0 1.2578642460662257 9 
0006 0008 1665992231281054 -69.125 -59.5 0.2454369260617026 9 
0006 0014 1665992231307593 -4.875 -70.5 0.47860200582032003 9 
0006 0000 1665992231353710 -4.875 -77.0 5.608233760509904 9 
0006 0015 1665992231378767 -0.8125 -73.5 6.160466844148735 9 
0006 0006 1665992231386915 30.0625 -58.0 2.067806102069844 9 
0006 0008 1665992231388277 -8.9375 -58.5 0.6994952392758523 9 
0006 0004 1665992231389483 0.0 -50.5 5.080544369477243 9 
0006 0010 1665992231390667 4.0625 -50.5 2.227340104009951 9 
0006 0014 1665992231392510 0.0 -67.0 4.595806440505381 9 
0006 0013 1665992231393712 -17.0625 -63.5 0.8222137023067037 9 
0006 0007 1665992231395333 -17.0625 -58.5 3.442252888015379 9 
0006 0005 1665992231396472 13.0 -54.5 2.0064468705544187 9 
0006 0003 1665992231399336 -21.9375 -66.0 0.8897088569736719 9 
0006 0001 1665992231400246 -21.9375 -62.5 0.37429131224409645 9 
0006 0015 1665992231402053 -30.0625 -70.5 3.552699504743145 9 
0006 0002 1665992231405328 -21.9375 -62.0 0.04295146206079795 9 
0006 0011 1665992231406214 -61.0 -64.5 5.227806525114265 9 
0006 0000 1665992231422893 -9.75 -75.5 0.22089323345553233 9 
0006 0006 1665992231500617 -56.9375 -59.0 2.9575149590435164 9 
0006 0000 1665992231501796 191.1875 -71.5 4.264466590322082 9 
0006 0005 1665992231504366 -13.0 -51.5 2.9268353432858034 9 
0006 0013 1665992231506726 26.0 -63.5 1.227184630308513 9 
0006 0004 1665992231507665 -21.9375 -50.5 5.546874528994478 9 
0006 0008 1665992231508815 43.125 -54.0 1.8407769454627694 9 
0006 0010 1665992231509754 4.0625 -51.0 2.7550294950426117 9 
0006 0007 1665992231510649 0.0 -59.0 4.528311285838413 9 
0006 0011 1665992231512299 -26.0 -62.5 4.9394181369917645 9 
0006 0014 1665992231513237 -48.0 -62.0 5.3627968344482015 9 
0006 0001 1665992231514277 -34.9375 -63.0 1.282407938672396 9 
0006 0002 1665992231515187 -30.0625 -62.0 0.7179030087304801 9 
0006 0003 1665992231516210 43.125 -65.5 1.9266798695843652 9 
0006 0015 1665992231517662 -147.25 -70.0 4.196971435655114 9 
0006 0014 1665992231608031 -39.0 -63.5 1.2333205534600555 9 
0006 0002 1665992231608954 -39.0 -61.5 1.3560390164909069 9 
0006 0003 1665992231610107 -169.25 -67.5 3.2581751934691017 9 
0006 0004 1665992231611539 -8.9375 -49.5 6.1850105367549055 9 
0006 0005 1665992231613632 -30.0625 -51.5 4.080388895775806 9 
0006 0007 1665992231614543 -17.0625 -57.5 5.086680292628786 9 
0006 0008 1665992231617139 -8.9375 -50.5 2.82252464970958 9 
0006 0010 1665992231618562 13.0 -52.5 3.0802334220743677 9 
0006 0011 1665992231619418 -17.0625 -57.5 5.031456984264903 9 
0006 0013 1665992231620322 -186.3125 -68.5 1.4051264017032472 9 
0006 0001 1665992231621247 30.0625 -63.0 2.0800779483729293 9 
0006 0009 1665992231623660 -48.0 -70.5 0.5399612373357456 9 
0006 0000 1665992231624543 -69.125 -67.0 5.890486225480862 9 
0006 0006 1665992231628698 0.0 -59.0 3.6324665057131984 9 
0006 0015 1665992231664884 -8.5 -74.5 0.17794177139473438 9 
0006 0008 1665992231723461 -34.9375 -53.0 3.6386024288647407 9 
0006 0007 1665992231724598 -13.0 -60.5 5.700272607783043 9 
0006 0001 1665992231725552 -69.125 -63.5 3.0372819600135696 9 
0006 0014 1665992231726732 -56.125 -63.0 0.030679615757712823 9 
0006 0004 1665992231728366 -26.0 -49.5 0.9326603190344698 9 
0006 0000 1665992231732802 -91.125 -70.5 5.737088146692298 9 
0006 0010 1665992231734224 -21.9375 -49.5 4.1172044346850605 9 
0006 0003 1665992231735603 -78.0625 -68.0 3.767456815047135 9 
0006 0015 1665992231736728 34.9375 -66.5 2.8532042654672924 9 
0006 0006 1665992231738162 14.625 -58.0 4.196971435655114 9 
0006 0005 1665992231739347 -65.0625 -55.5 4.552854978444583 9 
0006 0011 1665992231740681 -78.0625 -69.0 0.9572040116406401 9 
0006 0002 1665992231742908 21.9375 -61.5 2.2150682577068657 9 
0006 0008 1665992231833804 -56.125 -58.5 4.239922897715912 9 
0006 0011 1665992231834705 52.0625 -65.5 3.56497135104623 9 
0006 0002 1665992231835839 48.0 -61.5 3.2336315008629315 9 
0006 0007 1665992231836951 -34.9375 -62.0 5.939573610693203 9 
0006 0004 1665992231838085 0.0 -49.0 2.0923497946760143 9 
0006 0010 1665992231839484 -4.0625 -50.0 5.258486140871978 9 
0006 0005 1665992231841390 -26.0 -57.5 5.246214294568893 9 
0006 0000 1665992231842260 143.1875 -72.0 6.1420590746941075 9 
0006 0003 1665992231843380 -8.9375 -69.0 4.595806440505381 9 
0006 0001 1665992231844562 43.125 -62.0 4.037437433715008 9 
0006 0014 1665992231847527 -26.0 -59.5 0.25770877236478773 9 
0006 0006 1665992231851433 -43.125 -57.0 5.123495831538041 9 
0006 0015 1665992231948534 2.1875 -73.5 1.3744467859455345 9 
0006 0004 1665992231964257 13.0 -48.5 3.3747577333484107 9 
0006 0014 1665992231966774 -130.1875 -64.5 5.792311455056181 9 
0006 0002 1665992231967684 -117.125 -60.5 5.166447293598839 9 
0006 0006 1665992231968819 -33.3125 -57.5 0.04908738521234052 9 
0006 0010 1665992231969955 -17.0625 -50.5 6.000932842208628 9 
0006 0001 1665992231971393 -113.0625 -61.5 5.491651220630596 9 
0006 0005 1665992231972319 -39.0 -60.5 6.086835766330224 9 
0006 0008 1665992231973526 -39.0 -64.0 5.0253210611133605 9 
0006 0012 1665992231976531 8.9375 -71.5 2.2764274892222915 9 
0006 0011 1665992231978812 34.9375 -65.5 2.804116880254952 9 
0006 0003 1665992231979922 65.0625 -67.5 5.859806609723149 9 
0006 0000 1665992232003682 70.375 -74.5 0.7516505860639642 9 
0006 0001 1665992232084752 -56.125 -61.5 0.1595340019401067 9 
0006 0014 1665992232086401 56.125 -64.0 5.786175531904639 9 
0006 0004 1665992232087340 -13.0 -47.0 4.276738436625168 9 
0006 0002 1665992232088251 17.0625 -60.5 5.957981380147831 9 
0006 0006 1665992232089629 -43.125 -56.5 1.3437671701878218 9 
0006 0011 1665992232090981 39.0 -59.5 3.117048960983623 9 
0006 0008 1665992232093349 4.0625 -61.5 5.994796919057086 9 
0006 0012 1665992232094545 -4.0625 -64.0 5.375068680751287 9 
0006 0003 1665992232095450 0.0 -65.0 0.7915340865489908 9 
0006 0010 1665992232096637 -30.0625 -50.0 0.21475731030398976 9 
0006 0005 1665992232102027 -4.0625 -62.0 0.4479223900626072 9 
0006 0000 1665992232103325 52.0625 -71.5 1.5830681730979816 9 
0006 0012 1665992232193614 21.9375 -67.0 0.803805932852076 9 
0006 0010 1665992232194498 -34.9375 -47.5 0.9817477042468103 9 
0006 0002 1665992232195396 -52.0625 -60.0 0.5583690067903734 9 
0006 0006 1665992232196246 21.9375 -58.5 2.3009711818284617 9 
0006 0011 1665992232197651 0.0 -64.5 4.215379205109742 9 
0006 0003 1665992232198765 -87.0625 -65.0 1.1228739367322893 9 
0006 0004 1665992232199690 -17.0625 -46.0 5.0253210611133605 9 
0006 0008 1665992232201872 -4.0625 -56.5 0.5460971604872883 9 
0006 0000 1665992232202913 -34.9375 -70.5 2.5280003384355365 9 
0006 0005 1665992232203812 34.9375 -66.0 0.760854470791278 9 
0006 0001 1665992232204665 -65.0625 -61.0 1.0615147052168636 9 
0006 0014 1665992232206355 -61.0 -70.5 0.1043106935762236 9 
0006 0015 1665992232207706 121.25 -71.0 5.540738605842936 9 
0006 0007 1665992232208859 39.0 -72.0 0.7363107781851077 9 
0006 0004 1665992232299063 -26.0 -45.0 5.737088146692298 9 
0006 0005 1665992232302391 -56.125 -68.0 0.9387962421860124 9 
0006 0014 1665992232303287 -4.0625 -61.5 0.9756117810952678 9 
0006 0008 1665992232304197 -8.9375 -55.5 1.521708941582556 9 
0006 0011 1665992232305083 -34.9375 -54.5 5.00077736850719 9 
0006 0010 1665992232306502 -4.0625 -48.5 2.024854640009046 9 
0006 0012 1665992232307375 69.125 -60.5 2.429825568010856 9 
0006 0015 1665992232308433 139.125 -69.5 4.841243366567084 9 
0006 0000 1665992232309358 199.375 -70.0 3.2704470397721868 9 
0006 0006 1665992232310432 0.0 -60.0 2.8532042654672924 9 
0006 0001 1665992232312169 21.9375 -60.0 1.7241944055834606 9 
0006 0003 1665992232313447 17.0625 -64.5 1.5707963267948966 9 
0006 0002 1665992232314371 -4.0625 -59.5 1.4296700943094176 9 
0006 0007 1665992232315300 -113.0625 -70.0 1.8162332528565992 9 
0006 0010 1665992232405090 -4.0625 -49.5 2.4727770300716534 9 
0006 0000 1665992232406273 56.125 -72.0 3.6447383520162835 9 
0006 0006 1665992232407396 -69.125 -60.0 3.2520392703175593 9 
0006 0002 1665992232408574 34.9375 -58.0 1.9819031779482483 9 
0006 0003 1665992232410020 113.0625 -65.0 1.846912868614312 9 
0006 0005 1665992232410904 78.0625 -72.0 1.7548740213411735 9 
0006 0012 1665992232413019 17.0625 -60.5 3.1906800388021335 9 
0006 0011 1665992232413890 -13.0 -51.0 5.602097837358362 9 
0006 0014 1665992232414817 -34.9375 -63.5 0.8528933180644165 9 
0006 0004 1665992232416168 -26.0 -45.5 0.05522330836388308 9 
0006 0001 1665992232419980 -30.0625 -60.5 2.5464081078901644 9 
0006 0008 1665992232420963 -52.0625 -56.0 2.2212041808584084 9 
0006 0013 1665992232518491 3.3125 -77.0 1.3560390164909069 9 
0006 0014 1665992232530917 -48.0 -67.0 0.20248546400090464 9 
0006 0015 1665992232533915 -34.9375 -62.5 1.214912784005428 9 
0006 0002 1665992232534924 4.0625 -58.0 2.6445828783148455 9 
0006 0004 1665992232536048 -21.9375 -45.5 0.3865631585471816 9 
0006 0012 1665992232537007 30.0625 -58.5 1.9082721001297376 9 
0006 0008 1665992232537885 -4.0625 -55.5 2.84706834231575 9 
0006 0011 1665992232539073 0.0 -53.0 6.013204688511713 9 
0006 0010 1665992232540315 -8.9375 -49.5 2.497320722677824 9 
0006 0001 1665992232541256 -8.9375 -61.5 3.2765829629237295 9 
0006 0000 1665992232542170 -139.125 -72.5 4.3503695144436785 9 
0006 0006 1665992232543059 0.0 -59.0 3.706097583531709 9 
0006 0005 1665992232544075 -21.9375 -68.5 4.522175362686871 9 
0006 0003 1665992232545437 113.0625 -66.5 3.018874190558942 9 
0006 0013 1665992232546354 -52.0625 -71.5 4.111068511533518 9 
0006 0006 1665992232635635 -13.0 -57.0 3.8840393549264434 9 
0006 0012 1665992232637060 -13.0 -62.0 0.803805932852076 9 
0006 0008 1665992232638453 48.0 -57.0 3.06182565261974 9 
0006 0003 1665992232639634 -108.1875 -67.5 4.6448938257177215 9 
0006 0001 1665992232640783 -65.0625 -60.5 3.933126740138784 9 
0006 0005 1665992232642895 -17.0625 -66.0 5.148039524144211 9 
0006 0004 1665992232644289 -13.0 -47.0 0.8897088569736719 9 
0006 0010 1665992232646916 21.9375 -53.5 2.6813984172241008 9 
0006 0002 1665992232648294 -21.9375 -58.0 3.356349963893783 9 
0006 0000 1665992232650045 -43.125 -72.0 5.123495831538041 9 
0006 0011 1665992232653170 -4.0625 -52.0 0.3620194659410113 9 
0006 0011 1665992232743376 4.0625 -55.0 1.2946797849754812 9 
0006 0003 1665992232744812 -30.0625 -66.5 5.436427912266712 9 
0006 0006 1665992232747087 -30.0625 -56.0 4.356505437595221 9 
0006 0008 1665992232748068 -26.0 -58.0 4.196971435655114 9 
0006 0010 1665992232749007 13.0 -53.0 3.5588354278946874 9 
0006 0000 1665992232749920 -104.125 -71.0 6.000932842208628 9 
0006 0001 1665992232751071 -78.0625 -59.5 5.117359908386499 9 
0006 0012 1665992232752226 82.1875 -65.5 0.760854470791278 9 
0006 0004 1665992232753076 0.0 -49.0 1.6751070203711202 9 
0006 0002 1665992232754685 4.0625 -57.5 4.399456899656019 9 
0006 0005 1665992232756780 -43.125 -63.5 6.105243535784852 9 
0006 0010 1665992232846914 -30.0625 -50.5 4.295146206079795 9 
0006 0003 1665992232849159 -169.25 -65.5 5.988660995905543 9 
0006 0004 1665992232850323 -17.0625 -51.0 2.4175537217077703 9 
0006 0008 1665992232851702 -30.0625 -57.5 4.9394181369917645 9 
0006 0006 1665992232852850 -43.125 -56.0 4.963961829597935 9 
0006 0013 1665992232854232 -30.0625 -66.0 1.2640001692177683 9 
0006 0001 1665992232855141 -26.0 -61.0 0.1902136176978195 9 
0006 0011 1665992232856734 -26.0 -54.0 1.6505633277649499 9 
0006 0005 1665992232857760 13.0 -59.5 0.2945243112740431 9 
0006 0007 1665992232858915 -82.1875 -61.0 5.853670686571607 9 
0006 0002 1665992232860563 -43.125 -57.5 5.184855063053467 9 
0006 0000 1665992232862695 -82.1875 -71.0 0.760854470791278 9 
0006 0014 1665992232863607 139.125 -68.0 1.0246991663076084 9 
0006 0015 1665992232950977 -0.5625 -74.5 5.246214294568893 9 
0006 0005 1665992232959118 -8.9375 -58.0 0.8467573949128739 9 
0006 0000 1665992232959982 0.0 -70.0 0.9756117810952678 9 
0006 0014 1665992232961819 -91.125 -64.0 5.816855147662351 9 
0006 0004 1665992232962999 17.0625 -52.0 2.6200391857086753 9 
0006 0007 1665992232964606 -21.9375 -56.5 0.5276893910326605 9 
0006 0010 1665992232965514 0.0 -52.0 4.473087977474529 9 
0006 0001 1665992232967122 -17.0625 -60.5 0.9633399347921826 9 
0006 0013 1665992232968039 -26.0 -65.0 2.325514874434632 9 
0006 0002 1665992232969204 -26.0 -58.5 5.460971604872882 9 
0006 0011 1665992232970322 0.0 -56.5 2.662990647769473 9 
0006 0008 1665992232971222 -21.9375 -58.5 5.0253210611133605 9 
0006 0006 1665992232973098 -30.0625 -57.5 5.258486140871978 9 
0006 0003 1665992232976236 -30.0625 -64.5 0.4724660826687775 9 
0006 0015 1665992232977720 277.4375 -70.5 2.4727770300716534 9 
0006 0000 1665992233069633 152.125 -67.5 1.748738098189631 9 
0006 0002 1665992233070513 -13.0 -59.5 5.829126993965437 9 
0006 0014 1665992233072986 -17.0625 -63.5 5.559146375297564 9 
0006 0005 1665992233073955 61.0 -56.5 1.423534171157875 9 
0006 0006 1665992233075093 -130.1875 -59.5 5.780039608753096 9 
0006 0007 1665992233076512 -4.0625 -59.0 1.6198837120072371 9 
0006 0001 1665992233077672 0.0 -59.5 1.6321555583103222 9 
0006 0011 1665992233078502 17.0625 -56.5 2.662990647769473 9 
0006 0003 1665992233080506 65.0625 -64.0 1.2640001692177683 9 
0006 0008 1665992233082540 -52.0625 -56.5 5.964117303299373 9 
0006 0004 1665992233083706 39.0 -53.0 2.8409324191642074 9 
0006 0010 1665992233084945 -95.1875 -63.0 5.129631754689584 9 
0006 0009 1665992233146759 2.125 -77.5 0.521553467881118 9 
0006 0006 1665992233192347 -17.0625 -60.5 5.853670686571607 9 
0006 0008 1665992233193989 0.0 -52.5 0.4295146206079795 9 
0006 0004 1665992233194904 17.0625 -53.0 3.3440781175906977 9 
0006 0001 1665992233196565 -17.0625 -60.0 2.3009711818284617 9 
0006 0003 1665992233198184 39.0 -63.0 2.067806102069844 9 
0006 0011 1665992233199323 13.0 -54.5 2.399145952253143 9 
0006 0005 1665992233201434 -8.9375 -55.0 1.9819031779482483 9 
0006 0000 1665992233202829 95.1875 -66.0 3.0372819600135696 9 
0006 0002 1665992233205710 -30.0625 -60.0 0.2699806186678728 9 
0006 0014 1665992233209060 4.0625 -70.5 2.693670263527186 9 
0006 0007 1665992233211267 0.0 -60.5 1.8223691760081417 9 
0006 0010 1665992233212229 -61.0 -72.5 5.589825991055276 9 
0006 0010 1665992233231326 9.0 -75.0 2.2518837966161214 9 
0006 0009 1665992233256358 -5.4375 -73.0 3.730641276137879 9 
0006 0010 1665992233316543 34.9375 -65.0 5.43029198911517 9 
0006 0003 1665992233318061 8.9375 -63.0 2.5586799541932495 9 
0006 0014 1665992233318974 -13.0 -61.5 5.246214294568893 9 
0006 0008 1665992233319929 26.0 -53.0 1.2210487071569704 9 
0006 0001 1665992233320810 82.1875 -59.5 2.8409324191642074 9 
0006 0005 1665992233321709 48.0 -59.0 2.6998061866787286 9 
0006 0015 1665992233322905 173.3125 -67.0 2.429825568010856 9 
0006 0011 1665992233324694 -4.0625 -58.5 4.104932588381976 9 
0006 0007 1665992233325950 65.0625 -61.0 2.2518837966161214 9 
0006 0002 1665992233326860 -34.9375 -59.5 0.8651651643675016 9 
0006 0006 1665992233327770 -39.0 -59.0 0.3190680038802134 9 
0006 0000 1665992233329422 290.5 -67.0 3.0802334220743677 9 
0006 0004 1665992233330358 -13.0 -53.0 4.086524818927348 9 
0006 0013 1665992233361273 0.4375 -73.5 5.485515297479052 9 
0006 0006 1665992233426171 -48.0 -58.5 0.8958447801252144 9 
0006 0014 1665992233427292 -8.9375 -58.0 5.8659425328746915 9 
0006 0011 1665992233428461 21.9375 -58.0 5.884350302329319 9 
0006 0002 1665992233429598 39.0 -59.0 1.4664856332186729 9 
0006 0010 1665992233431474 -39.0 -57.0 6.252505691421874 9 
0006 0004 1665992233432683 -30.0625 -51.5 4.859651136021712 9 
0006 0005 1665992233433565 39.0 -62.0 3.730641276137879 9 
0006 0000 1665992233435895 -204.25 -68.5 4.080388895775806 9 
0006 0008 1665992233436832 -39.0 -60.5 1.0246991663076084 9 
0006 0001 1665992233439617 34.9375 -60.5 3.5158839658338894 9 
0006 0007 1665992233440772 -43.125 -68.0 1.705786636128833 9 
0006 0003 1665992233443865 -4.0625 -64.0 3.3011266555298997 9 
0006 0013 1665992233444783 56.125 -68.5 5.853670686571607 9 
0006 0006 1665992233536311 -4.0625 -57.0 1.1596894756415448 9 
0006 0010 1665992233537848 -26.0 -55.5 0.6013204688511713 9 
0006 0008 1665992233538997 78.0625 -64.5 1.3928545554001621 9 
0006 0014 1665992233539894 -87.0625 -63.0 5.013049214810275 9 
0006 0001 1665992233541340 0.0 -62.0 3.902447124381071 9 
0006 0000 1665992233542257 -134.25 -70.0 4.828971520263998 9 
0006 0003 1665992233543154 48.0 -65.0 4.135612204139688 9 
0006 0004 1665992233545298 -30.0625 -50.0 5.577554144752192 9 
0006 0011 1665992233546579 -48.0 -59.5 0.09817477042468103 9 
0006 0002 1665992233547503 -17.0625 -58.5 2.018718716857504 9 
0006 0005 1665992233548913 52.0625 -62.5 5.086680292628786 9 
0006 0012 1665992233590767 1.1875 -80.0 1.6137477888556946 9 
0006 0011 1665992233644074 -17.0625 -60.0 6.037748381117884 9 
0006 0002 1665992233645466 -21.9375 -59.5 2.061670178918302 9 
0006 0008 1665992233646618 48.0 -61.0 1.9634954084936207 9 
0006 0003 1665992233647784 -130.1875 -64.5 5.387340527054372 9 
0006 0005 1665992233648966 -26.0 -62.0 5.915029918087033 9 
0006 0004 1665992233649861 4.0625 -50.5 6.215690152512618 9 
0006 0010 1665992233651028 -8.9375 -56.5 0.46019423636569234 9 
0006 0000 1665992233653239 -108.1875 -72.5 4.963961829597935 9 
0006 0014 1665992233656591 126.125 -68.0 4.792155981354743 9 
0006 0006 1665992233657770 21.9375 -57.5 1.6198837120072371 9 
0006 0001 1665992233662093 -4.0625 -62.5 4.135612204139688 9 
0006 0012 1665992233662967 152.125 -70.0 2.890019804376548 9 
0006 0015 1665992233747714 1.875 -72.5 5.773903685601553 9 
0006 0003 1665992233759620 -61.0 -64.5 5.546874528994478 9 
0006 0011 1665992233760743 8.9375 -55.5 6.129787228391022 9 
0006 0012 1665992233762396 -160.3125 -67.0 5.301437602932776 9 
0006 0002 1665992233763503 -17.0625 -61.0 2.8654761117703775 9 
0006 0001 1665992233765421 -74.0 -62.0 4.73693267299086 9 
0006 0005 1665992233766799 17.0625 -63.5 0.018407769454627694 9 
0006 0004 1665992233767965 8.9375 -50.5 0.619728238305799 9 
0006 0015 1665992233770084 -17.0625 -67.5 3.2336315008629315 9 
0006 0010 1665992233771024 -13.0 -56.5 1.000155473701438 9 
0006 0014 1665992233771938 52.0625 -65.5 5.086680292628786 9 
0006 0008 1665992233772841 0.0 -55.5 2.7857091108003242 9 
0006 0006 1665992233774508 65.0625 -59.5 2.5341362615870793 9 
0006 0000 1665992233777137 -169.25 -69.5 5.755495916146925 9 
0006 0004 1665992233879246 13.0 -50.0 1.2885438618239387 9 
0006 0015 1665992233880120 -160.3125 -68.0 2.2764274892222915 9 
0006 0000 1665992233881273 238.4375 -69.0 0.1043106935762236 9 
0006 0008 1665992233882209 -34.9375 -54.0 3.847223816017188 9 
0006 0006 1665992233883884 -80.5625 -62.0 3.215223731408304 9 
0006 0011 1665992233885732 -8.9375 -52.0 0.3436116964863836 9 
0006 0003 1665992233888331 -104.125 -65.0 6.264777537724958 9 
0006 0014 1665992233889256 -34.9375 -64.5 0.0674951546669682 9 
0006 0010 1665992233890151 -4.0625 -54.0 2.1353012567368124 9 
0006 0012 1665992233891379 -147.25 -66.0 2.6568547246179306 9 
0006 0001 1665992233895254 -34.9375 -62.0 5.64504929941916 9 
0006 0002 1665992233896643 -8.9375 -61.0 3.761320891895592 9 
0006 0005 1665992233897813 -13.0 -63.5 0.6442719309119693 9 
0006 0006 1665992233989473 48.0 -63.0 3.4054373491061236 9 
0006 0014 1665992233990386 -26.0 -63.5 0.30066023442558565 9 
0006 0008 1665992233991309 -17.0625 -54.0 4.399456899656019 9 
0006 0001 1665992233993138 8.9375 -63.5 6.258641614573416 9 
0006 0010 1665992233995257 -34.9375 -55.5 2.521864415283994 9 
0006 0000 1665992233997246 65.0625 -67.5 0.6442719309119693 9 
0006 0003 1665992233998636 13.0 -63.0 0.37429131224409645 9 
0006 0004 1665992233999803 17.0625 -50.5 1.7671458676442586 9 
0006 0011 1665992234002277 -4.0625 -47.0 1.2210487071569704 9 
0006 0012 1665992234003687 -21.9375 -63.0 3.822680123411018 9 
0006 0005 1665992234008716 100.0625 -63.5 0.9940195505498954 9 
0006 0002 1665992234009599 -52.0625 -60.0 4.381049130201391 9 
0006 0015 1665992234057814 4.375 -70.5 5.197126909356553 9 
0006 0008 1665992234104142 -52.0625 -55.5 4.7307967498393175 9 
0006 0003 1665992234105276 17.0625 -63.5 0.8222137023067037 9 
0006 0004 1665992234106698 21.9375 -50.5 2.043262409463674 9 
0006 0005 1665992234107598 -26.0 -65.5 1.184233168247715 9 
0006 0011 1665992234108524 -30.0625 -48.0 1.1290098598838318 9 
0006 0001 1665992234110707 -8.9375 -64.5 0.5460971604872883 9 
0006 0010 1665992234111592 17.0625 -54.0 2.5586799541932495 9 
0006 0002 1665992234113311 -30.0625 -60.0 4.743068596142402 9 
0006 0006 1665992234114333 -9.75 -64.0 4.080388895775806 9 
0006 0012 1665992234115250 143.1875 -69.5 2.6691265709210157 9 
0006 0000 1665992234116415 -26.0 -69.5 0.7424467013366504 9 
0006 0014 1665992234117439 -17.0625 -68.0 0.28838838812250056 9 
0006 0015 1665992234140706 -0.75 -71.0 0.07976700097005335 9 
0006 0010 1665992234209495 -34.9375 -57.5 1.7548740213411735 9 
0006 0014 1665992234211712 39.0 -68.0 5.460971604872882 9 
0006 0008 1665992234212606 -21.9375 -56.0 5.098952138931871 9 
0006 0011 1665992234213515 0.0 -50.0 1.1719613219446299 9 
0006 0003 1665992234214673 48.0 -63.5 1.4296700943094176 9 
0006 0012 1665992234215601 69.125 -63.5 6.111379458936394 9 
0006 0015 1665992234216472 95.1875 -67.5 2.6200391857086753 9 
0006 0013 1665992234217659 351.5 -74.5 2.5402721847386216 9 
0006 0001 1665992234218539 -43.125 -64.5 0.9756117810952678 9 
0006 0004 1665992234219676 -17.0625 -51.0 2.442097414313941 9 
0006 0006 1665992234220630 39.0 -63.5 4.479223900626073 9 
0006 0002 1665992234222036 -39.0 -59.0 5.178719139901925 9 
0006 0000 1665992234223316 113.0625 -69.5 1.1965050145508 9 
0006 0005 1665992234225094 30.0625 -67.0 1.846912868614312 9 
0006 0010 1665992234315429 -17.0625 -60.5 1.9512235621905356 9 
0006 0000 1665992234316539 178.1875 -69.0 1.6812429435226628 9 
0006 0006 1665992234317477 -61.8125 -62.5 5.092816215780329 9 
0006 0004 1665992234318666 0.0 -51.5 3.0495538063166547 9 
0006 0003 1665992234319864 -56.125 -63.5 2.1905245651006955 9 
0006 0002 1665992234321029 -39.0 -59.5 5.9518454569962875 9 
0006 0011 1665992234322659 0.0 -53.5 2.6875343403756435 9 
0006 0001 1665992234323999 -17.0625 -62.0 1.8100973297050567 9 
0006 0012 1665992234325166 -69.125 -62.0 6.056156150572511 9 
0006 0008 1665992234328245 -48.0 -59.0 5.712544454086128 9 
0006 0005 1665992234331922 -4.0625 -65.5 2.2089323345553233 9 
0006 0008 1665992234422574 -30.0625 -57.0 6.025476534814799 9 
0006 0006 1665992234423512 -26.0 -60.5 5.497787143782138 9 
0006 0000 1665992234424906 -113.0625 -66.5 2.448233337465483 9 
0006 0005 1665992234426796 30.0625 -65.0 2.086213871524472 9 
0006 0010 1665992234429914 -34.9375 -58.0 2.9206994201342606 9 
0006 0011 1665992234431278 -8.9375 -53.5 2.6813984172241008 9 
0006 0003 1665992234432175 30.0625 -63.5 2.2396119503130363 9 
0006 0002 1665992234433070 -13.0 -60.0 0.6442719309119693 9 
0006 0001 1665992234433996 -21.9375 -65.0 3.663146121470911 9 
0006 0007 1665992234436625 17.0625 -68.0 5.387340527054372 9 
0006 0004 1665992234437478 -4.0625 -52.0 3.6570101983193686 9 
0006 0014 1665992234448400 -24.8125 -71.5 6.105243535784852 9 
0006 0015 1665992234525980 -2.3125 -75.0 3.724505352986337 9 
0006 0006 1665992234540694 0.0 -59.0 5.442563835418255 9 
0006 0011 1665992234546066 0.0 -56.0 3.074097498922825 9 
0006 0014 1665992234547095 -43.125 -62.0 2.429825568010856 9 
0006 0004 1665992234548708 0.0 -53.5 3.890175278077986 9 
0006 0001 1665992234549667 -78.0625 -66.0 4.847379289718626 9 
0006 0003 1665992234551085 -56.125 -64.5 2.761165418194154 9 
0006 0000 1665992234551980 -17.0625 -65.0 2.6200391857086753 9 
0006 0005 1665992234553362 -91.125 -65.0 1.932815792735908 9 
0006 0008 1665992234554440 21.9375 -57.5 6.013204688511713 9 
0006 0007 1665992234555296 -30.0625 -65.0 0.5583690067903734 9 
0006 0010 1665992234557710 -21.9375 -61.5 4.4362724385652745 9 
0006 0002 1665992234558649 56.125 -60.5 0.9265243958829272 9 
0006 0015 1665992234562009 104.125 -71.5 0.1227184630308513 9 
0006 0011 1665992234652565 26.0 -57.0 3.117048960983623 9 
0006 0001 1665992234654345 -160.3125 -68.5 5.295301679781233 9 
0006 0014 1665992234655717 17.0625 -61.0 1.736466251886546 9 
0006 0003 1665992234657095 30.0625 -65.5 3.442252888015379 9 
0006 0000 1665992234658284 0.0 -63.5 3.2949907323783574 9 
0006 0010 1665992234659667 -8.9375 -58.5 5.553010452146021 9 
0006 0006 1665992234660549 8.9375 -58.0 5.1725832167503825 9 
0006 0005 1665992234661507 26.0 -69.0 1.7732817907958012 9 
0006 0004 1665992234662782 -13.0 -55.5 3.6754179677739964 9 
0006 0002 1665992234665421 104.125 -61.5 1.043106935762236 9 
0006 0007 1665992234666610 0.0 -63.0 1.932815792735908 9 
0006 0008 1665992234667454 -17.0625 -56.5 0.380427235395639 9 
0006 0015 1665992234690508 -1.625 -73.5 1.0185632431560658 9 
0006 0009 1665992234748005 1.9375 -76.0 0.25770877236478773 9 
0006 0014 1665992234767262 34.9375 -62.5 5.00077736850719 9 
0006 0006 1665992234769772 14.625 -58.0 5.056000676871073 9 
0006 0004 1665992234771079 8.9375 -55.5 3.380893656499953 9 
0006 0010 1665992234772190 -21.9375 -55.5 0.1902136176978195 9 
0006 0002 1665992234773310 21.9375 -62.0 1.1780972450961724 9 
0006 0000 1665992234774178 -26.0 -62.0 4.074252972624263 9 
0006 0001 1665992234775303 225.375 -70.5 5.203262832508095 9 
0006 0008 1665992234778450 -8.9375 -54.0 0.9265243958829272 9 
0006 0003 1665992234779490 34.9375 -66.5 4.3503695144436785 9 
0006 0011 1665992234780670 13.0 -56.5 3.4054373491061236 9 
0006 0013 1665992234781573 -43.125 -68.0 2.0064468705544187 9 
0006 0007 1665992234785172 65.0625 -70.0 1.8775924843720249 9 
0006 0009 1665992234789971 -130.1875 -71.0 3.77972866135022 9 
0006 0005 1665992234816518 -12.9375 -74.5 0.1718058482431918 9 
0006 0015 1665992234865025 -4.0 -73.5 1.0799224746714913 9 
0006 0011 1665992234889887 -52.0625 -56.0 4.037437433715008 9 
0006 0008 1665992234891092 17.0625 -52.5 1.3192234775816514 9 
0006 0007 1665992234893081 0.0 -71.5 1.7548740213411735 9 
0006 0014 1665992234895315 -4.0625 -58.0 4.356505437595221 9 
0006 0010 1665992234896241 4.0625 -57.5 0.6013204688511713 9 
0006 0004 1665992234897154 -34.9375 -55.5 3.5342917352885173 9 
0006 0003 1665992234898108 -74.0 -66.5 5.184855063053467 9 
0006 0000 1665992234899232 -104.125 -62.5 4.693981210930062 9 
0006 0006 1665992234900141 -30.0625 -58.0 5.166447293598839 9 
0006 0002 1665992234901420 74.0 -62.5 1.239456476611598 9 
0006 0015 1665992234904205 -134.25 -71.0 1.0246991663076084 9 
0006 0001 1665992234996012 -3.125 -74.0 1.761009944492716 9 
0006 0000 1665992235001937 -34.9375 -64.5 4.571262747899211 9 
0006 0014 1665992235004438 100.0625 -65.5 4.71238898038469 9 
0006 0002 1665992235005305 69.125 -62.5 1.552388557340269 9 
0006 0010 1665992235006740 8.9375 -59.5 0.8160777791551611 9 
0006 0004 1665992235007880 -26.0 -56.0 4.129476280988146 9 
0006 0008 1665992235008776 -26.0 -54.0 1.718058482431918 9 
0006 0001 1665992235009700 61.0 -71.5 4.902602598082509 9 
0006 0011 1665992235010612 21.9375 -57.0 5.141903600992669 9 
0006 0003 1665992235011757 0.0 -66.5 5.178719139901925 9 
0006 0015 1665992235013130 91.125 -70.0 0.23316507975861744 9 
0006 0006 1665992235014438 30.0625 -60.0 5.706408530934585 9 
