0006 0015 1665992339256675 -169.25 -70.5 4.871922982324796 9 
0006 0012 1665992339257587 65.0625 -71.0 3.8533597391687304 9 
0006 0005 1665992339259034 13.0 -65.0 1.0246991663076084 9 
0006 0010 1665992339259992 52.0625 -68.0 5.049864753719531 9 
0006 0011 1665992339262095 30.0625 -61.0 0.9572040116406401 9 
0006 0004 1665992339263005 -17.0625 -63.5 5.043728830567988 9 
0006 0006 1665992339264509 4.875 -68.0 0.37429131224409645 9 
0006 0002 1665992339329903 4.6875 -78.5 6.129787228391022 9 
0006 0005 1665992339374621 -48.0 -62.5 3.399301425954581 9 
0006 0010 1665992339375876 52.0625 -69.0 1.012427320004523 9 
0006 0011 1665992339377835 8.9375 -62.0 2.6813984172241008 9 
0006 0004 1665992339380724 52.0625 -62.5 1.380582709097077 9 
0006 0015 1665992339381738 -74.0 -67.0 5.154175447295755 9 
0006 0002 1665992339410701 9.75 -77.0 0.8958447801252144 9 
0006 0006 1665992339414195 9.0 -72.5 4.945554060143307 9 
0006 0011 1665992339487931 4.0625 -65.0 3.890175278077986 9 
0006 0004 1665992339490973 56.125 -60.5 1.9880391010997909 9 
0006 0015 1665992339493820 -186.3125 -67.5 5.724816300389213 9 
0006 0010 1665992339495689 -8.9375 -62.5 3.393165502803038 9 
0006 0005 1665992339497002 48.0 -60.0 4.841243366567084 9 
0006 0014 1665992339544558 9.75 -72.0 5.178719139901925 9 
0006 0013 1665992339585929 2.875 -70.5 4.7860200582032 9 
0006 0008 1665992339591916 5.5625 -70.5 0.9081166264282996 9 
0006 0007 1665992339609033 -1.5 -71.5 1.6873788666742053 9 
0006 0002 1665992339618841 6.375 -78.0 0.01227184630308513 9 
0006 0014 1665992339632588 -17.0625 -64.5 2.767301341345697 9 
0006 0005 1665992339633472 -13.0 -62.0 0.5399612373357456 9 
0006 0013 1665992339634373 100.0625 -66.0 2.2150682577068657 9 
0006 0008 1665992339635753 39.0 -65.0 1.8407769454627694 9 
0006 0010 1665992339637104 -43.125 -59.5 3.77972866135022 9 
0006 0007 1665992339638017 -26.0 -69.0 5.252350217720435 9 
0006 0004 1665992339638971 -17.0625 -64.5 3.3011266555298997 9 
0006 0011 1665992339640124 -21.9375 -65.5 5.4671075280244255 9 
0006 0003 1665992339643913 195.25 -72.0 5.424156065963627 9 
0006 0002 1665992339664094 -26.8125 -78.0 3.9576704327449543 9 
0006 0013 1665992339736300 65.0625 -64.5 1.9144080232812801 9 
0006 0010 1665992339737527 -34.9375 -62.5 4.28287435977671 9 
0006 0007 1665992339738442 108.1875 -68.0 0.23930100291016002 9 
0006 0008 1665992339739636 -69.125 -60.0 3.356349963893783 9 
0006 0011 1665992339740519 -91.125 -67.5 0.4295146206079795 9 
0006 0005 1665992339741715 30.0625 -63.5 2.1475731030398975 9 
0006 0003 1665992339747244 -38.1875 -71.5 0.2086213871524472 9 
0006 0009 1665992339756073 48.0 -73.0 2.043262409463674 9 
0006 0002 1665992339756986 -373.5 -74.0 5.424156065963627 9 
0006 0010 1665992339845217 -21.9375 -63.5 6.252505691421874 9 
0006 0015 1665992339846402 117.125 -71.5 6.19728238305799 9 
0006 0005 1665992339847751 56.125 -61.5 4.166291819897402 9 
0006 0011 1665992339848665 117.125 -68.0 1.576932249946439 9 
0006 0008 1665992339853070 -52.0625 -61.0 4.28287435977671 9 
0006 0014 1665992339854874 -113.0625 -67.5 1.4910293258248433 9 
0006 0007 1665992339856421 -8.9375 -68.0 1.748738098189631 9 
0006 0013 1665992339857290 0.0 -69.5 3.5281558121369745 9 
0006 0015 1665992339864657 17.4375 -70.0 6.227961998815704 9 
0006 0002 1665992339894013 18.75 -76.5 0.5092816215780329 9 
0006 0008 1665992339966150 43.125 -67.5 4.853515212870168 9 
0006 0005 1665992339967017 -74.0 -60.0 5.4671075280244255 9 
0006 0004 1665992339967916 -130.1875 -70.5 3.9147189706841563 9 
0006 0006 1665992339971826 70.75 -67.0 2.497320722677824 9 
0006 0010 1665992339973601 -8.9375 -60.0 2.5893595699509624 9 
0006 0002 1665992339982923 -14.1875 -75.5 1.902136176978195 9 
0006 0007 1665992339995075 8.0625 -74.0 0.05522330836388308 9 
0006 0011 1665992340034350 -4.875 -72.5 4.945554060143307 9 
0006 0005 1665992340081858 -13.0 -59.5 0.22089323345553233 9 
0006 0010 1665992340084185 39.0 -59.0 4.6878452877785195 9 
0006 0006 1665992340085179 -18.6875 -66.5 3.834951969714103 9 
0006 0004 1665992340087440 -43.125 -63.0 5.086680292628786 9 
0006 0002 1665992340096779 37.0 -74.0 0.0521553467881118 9 
0006 0011 1665992340113650 4.875 -71.5 5.258486140871978 9 
0006 0012 1665992340172325 1.625 -73.5 0.662679700366597 9 
0006 0003 1665992340178344 7.75 -75.0 5.743224069843841 9 
0006 0008 1665992340186087 -3.3125 -72.5 4.638757902566179 9 
0006 0008 1665992340204955 355.5625 -70.0 1.2026409377023426 9 
0006 0010 1665992340206134 -30.0625 -62.0 5.497787143782138 9 
0006 0015 1665992340209226 39.0 -68.5 1.9144080232812801 9 
0006 0002 1665992340210421 186.3125 -72.5 4.374913207049849 9 
0006 0012 1665992340211334 95.1875 -67.0 4.374913207049849 9 
0006 0006 1665992340212198 -4.875 -68.5 5.688000761479957 9 
0006 0004 1665992340213124 8.9375 -63.0 0.0674951546669682 9 
0006 0005 1665992340214811 8.9375 -58.5 0.705631162427395 9 
0006 0003 1665992340219275 -13.0 -72.0 6.17273869045182 9 
0006 0008 1665992340309349 4.0625 -62.5 2.767301341345697 9 
0006 0015 1665992340310250 61.0 -65.0 1.8714565612204823 9 
0006 0005 1665992340313186 43.125 -59.0 1.000155473701438 9 
0006 0010 1665992340314069 -39.0 -59.5 0.19634954084936207 9 
0006 0003 1665992340314965 100.0625 -71.0 0.1227184630308513 9 
0006 0012 1665992340315909 -212.375 -66.0 5.872078456026235 9 
0006 0004 1665992340317159 -100.0625 -63.5 1.380582709097077 9 
0006 0002 1665992340318171 -225.375 -70.5 5.632777453116074 9 
0006 0010 1665992340406510 0.0 -56.5 0.7485826244881929 9 
0006 0004 1665992340409810 -87.0625 -63.0 2.380738182798515 9 
0006 0012 1665992340410694 17.0625 -68.0 5.540738605842936 9 
0006 0005 1665992340411605 4.0625 -60.5 1.5155730184310134 9 
0006 0003 1665992340412501 13.0 -70.0 0.760854470791278 9 
0006 0008 1665992340413398 17.0625 -63.0 3.6754179677739964 9 
0006 0014 1665992340414268 -126.125 -65.0 4.589670517353839 9 
0006 0002 1665992340425143 -41.0625 -75.0 5.945709533844745 9 
0006 0015 1665992340500679 -0.4375 -73.5 5.841398840268521 9 
0006 0010 1665992340514508 -17.0625 -55.0 1.423534171157875 9 
0006 0003 1665992340516272 56.125 -69.0 1.282407938672396 9 
0006 0005 1665992340517917 0.0 -63.5 2.4727770300716534 9 
0006 0012 1665992340519063 -108.1875 -67.0 5.822991070813893 9 
0006 0014 1665992340520229 39.0 -67.5 4.614214209960009 9 
0006 0008 1665992340521590 -4.0625 -63.0 4.651029748869264 9 
0006 0004 1665992340523252 21.9375 -63.5 3.7429131224409646 9 
0006 0015 1665992340526511 104.125 -72.5 0.4724660826687775 9 
0006 0002 1665992340547149 -32.5 -78.0 1.705786636128833 9 
0006 0011 1665992340618782 -87.0625 -70.5 5.160311370447297 9 
0006 0005 1665992340619697 74.0 -66.0 4.289010282928253 9 
0006 0010 1665992340620851 -26.0 -55.5 2.3930100291016 9 
0006 0004 1665992340622514 -52.0625 -62.5 5.442563835418255 9 
0006 0008 1665992340624878 4.0625 -67.0 5.4671075280244255 9 
0006 0003 1665992340626612 -203.4375 -72.5 2.521864415283994 9 
0006 0002 1665992340628145 17.0625 -73.0 3.074097498922825 9 
0006 0013 1665992340652996 -2.4375 -75.5 4.074252972624263 9 
0006 0012 1665992340710669 5.0625 -73.0 4.509903516383785 9 
0006 0015 1665992340720733 5.4375 -73.0 5.190990986205009 9 
0006 0012 1665992340735324 -325.5 -71.0 1.8837284075235674 9 
0006 0010 1665992340736673 34.9375 -62.5 3.423845118560751 9 
0006 0002 1665992340737810 69.125 -70.0 4.81056375080937 9 
0006 0004 1665992340739978 17.0625 -58.0 0.5338253141842031 9 
0006 0011 1665992340741330 -21.9375 -63.5 5.822991070813893 9 
0006 0005 1665992340742537 -8.9375 -65.5 0.7853981633974483 9 
0006 0008 1665992340744575 -130.1875 -66.5 1.4787574795217582 9 
0006 0006 1665992340746600 0.0 -70.5 5.651185222570702 9 
0006 0003 1665992340831865 1.9375 -76.0 0.9756117810952678 9 
0006 0006 1665992340843314 14.625 -69.0 0.01227184630308513 9 
0006 0008 1665992340844947 13.0 -67.0 3.215223731408304 9 
0006 0002 1665992340846978 -48.0 -69.0 6.0991076126333095 9 
0006 0004 1665992340848366 -13.0 -55.0 1.9082721001297376 9 
0006 0005 1665992340850910 34.9375 -61.5 2.2089323345553233 9 
0006 0011 1665992340851880 91.125 -66.0 1.7794177139473437 9 
0006 0010 1665992340853061 -17.0625 -63.5 5.638913376267617 9 
0006 0003 1665992340854000 126.125 -72.5 0.9756117810952678 9 
0006 0005 1665992340943204 -82.1875 -60.5 3.6754179677739964 9 
0006 0010 1665992340944969 -65.0625 -63.0 0.7117670855789375 9 
0006 0011 1665992340947028 121.25 -68.5 3.810408277107933 9 
0006 0003 1665992340948080 -52.0625 -70.5 2.0800779483729293 9 
0006 0004 1665992340949274 4.0625 -55.5 2.8409324191642074 9 
0006 0002 1665992340950199 39.0 -69.5 1.1044661672776617 9 
0006 0008 1665992340951496 -134.25 -69.0 4.239922897715912 9 
0006 0007 1665992340972442 -4.875 -73.0 0.0674951546669682 9 
0006 0013 1665992341034985 1.25 -67.0 5.957981380147831 9 
0006 0007 1665992341049924 -117.125 -66.0 4.172427743048944 9 
0006 0005 1665992341051929 -78.0625 -60.5 5.559146375297564 9 
0006 0010 1665992341053067 26.0 -65.0 1.380582709097077 9 
0006 0004 1665992341054217 8.9375 -56.0 3.5281558121369745 9 
0006 0011 1665992341055413 0.0 -64.5 4.81056375080937 9 
0006 0008 1665992341056540 21.9375 -67.5 5.436427912266712 9 
0006 0002 1665992341058865 69.125 -71.0 2.067806102069844 9 
0006 0013 1665992341060108 -152.125 -63.0 0.14112623248547898 9 
0006 0003 1665992341061614 -117.125 -69.5 3.11091303783208 9 
0006 0014 1665992341062764 48.0 -60.5 3.663146121470911 9 
0006 0004 1665992341160716 -43.125 -56.0 4.828971520263998 9 
0006 0011 1665992341161885 -82.1875 -61.5 5.755495916146925 9 
0006 0008 1665992341163903 -26.0 -59.0 1.1965050145508 9 
0006 0013 1665992341164802 -21.9375 -59.0 0.8713010875190442 9 
0006 0007 1665992341166422 -21.9375 -62.0 5.473243451175968 9 
0006 0009 1665992341168479 -43.125 -72.0 5.460971604872882 9 
0006 0014 1665992341169705 -39.0 -66.5 3.08636934522591 9 
0006 0005 1665992341171352 65.0625 -61.5 1.2640001692177683 9 
0006 0010 1665992341172282 173.3125 -69.5 3.380893656499953 9 
0006 0003 1665992341175408 65.0625 -73.0 3.7122335066832517 9 
0006 0002 1665992341177887 104.125 -72.0 2.9145634969827183 9 
0006 0006 1665992341234531 3.8125 -73.0 0.2699806186678728 9 
0006 0001 1665992341238872 -14.0 -74.5 5.092816215780329 9 
0006 0013 1665992341282533 -30.0625 -60.5 2.141437179888355 9 
0006 0014 1665992341283654 8.9375 -62.5 3.5772431973493153 9 
0006 0007 1665992341286207 -4.0625 -63.0 0.7792622402459057 9 
0006 0004 1665992341287804 -61.0 -55.5 0.02454369260617026 9 
0006 0010 1665992341289421 -269.3125 -70.0 5.387340527054372 9 
0006 0005 1665992341291679 43.125 -58.5 2.6875343403756435 9 
0006 0008 1665992341292577 91.125 -58.5 2.1598449493429825 9 
0006 0006 1665992341293514 9.75 -67.0 0.5276893910326605 9 
0006 0001 1665992341294682 -108.1875 -71.5 2.779573187648782 9 
0006 0011 1665992341296215 30.0625 -61.0 1.2455923997631406 9 
0006 0002 1665992341298877 -43.125 -72.0 4.583534594202296 9 
0006 0009 1665992341302613 52.0625 -72.5 0.760854470791278 9 
0006 0002 1665992341392012 -247.375 -74.0 6.227961998815704 9 
0006 0007 1665992341393660 87.0625 -66.0 2.1475731030398975 9 
0006 0011 1665992341394800 69.125 -65.0 2.7979809571034093 9 
0006 0014 1665992341395696 -52.0625 -61.5 3.767456815047135 9 
0006 0006 1665992341397337 0.0 -64.0 0.9817477042468103 9 
0006 0013 1665992341398498 -39.0 -67.0 2.1598449493429825 9 
0006 0008 1665992341400429 -30.0625 -68.0 2.9084275738311756 9 
0006 0010 1665992341402334 -82.1875 -70.0 0.4663301595172349 9 
0006 0005 1665992341403274 -26.0 -58.0 3.8533597391687304 9 
0006 0004 1665992341404679 8.9375 -55.0 1.4542137869155878 9 
0006 0001 1665992341409630 -156.1875 -70.0 3.5158839658338894 9 
0006 0010 1665992341501236 91.125 -67.0 1.8960002538266525 9 
0006 0011 1665992341502820 -195.25 -66.0 4.841243366567084 9 
0006 0004 1665992341504834 39.0 -55.0 2.9084275738311756 9 
0006 0007 1665992341506638 -139.125 -68.0 3.2213596545598464 9 
0006 0006 1665992341507503 56.125 -65.5 1.6812429435226628 9 
0006 0005 1665992341508641 -30.0625 -59.0 4.890330751779424 9 
0006 0001 1665992341513169 91.125 -71.0 4.289010282928253 9 
0006 0002 1665992341514108 130.1875 -72.5 1.4848934026733007 9 
0006 0003 1665992341563761 0.75 -76.5 5.896622148632405 9 
0006 0008 1665992341567500 -3.8125 -74.0 5.2768939103266055 9 
0006 0010 1665992341611112 152.125 -66.5 2.509592568980909 9 
0006 0002 1665992341612558 113.0625 -71.5 2.5157284921324514 9 
0006 0004 1665992341615411 4.0625 -55.0 4.706253057233147 9 
0006 0007 1665992341617954 212.375 -69.5 3.847223816017188 9 
0006 0005 1665992341619331 -39.0 -62.5 5.638913376267617 9 
0006 0011 1665992341620230 -121.25 -67.0 6.2034183062095325 9 
0006 0008 1665992341621765 -169.25 -71.0 6.117515382087937 9 
0006 0012 1665992341632841 -7.6875 -72.0 1.141281706186917 9 
0006 0003 1665992341644848 -0.75 -75.5 0.1349903093339364 9 
0006 0015 1665992341692710 7.1875 -73.0 2.705942109830271 9 
0006 0014 1665992341707958 -1.9375 -72.0 0.04908738521234052 9 
0006 0012 1665992341728177 13.0 -63.5 2.834796496012665 9 
0006 0007 1665992341730892 -186.3125 -69.5 4.988505522204105 9 
0006 0015 1665992341732074 78.0625 -69.0 3.074097498922825 9 
0006 0011 1665992341733428 104.125 -67.5 1.761009944492716 9 
0006 0010 1665992341734817 0.0 -65.5 3.736777199289422 9 
0006 0005 1665992341736004 -87.0625 -64.0 6.258641614573416 9 
0006 0008 1665992341736914 -34.9375 -64.0 0.5092816215780329 9 
0006 0004 1665992341738067 -34.9375 -53.0 6.2034183062095325 9 
0006 0002 1665992341744438 26.0 -72.0 4.546719055293041 9 
0006 0014 1665992341792116 0.0 -72.5 0.5829126993965437 9 
0006 0011 1665992341840946 -26.0 -68.0 2.2212041808584084 9 
0006 0008 1665992341842425 43.125 -60.5 1.6321555583103222 9 
0006 0004 1665992341843363 -17.0625 -52.5 0.5890486225480862 9 
0006 0010 1665992341844787 -30.0625 -61.0 4.516039439535327 9 
0006 0014 1665992341845897 52.0625 -63.5 3.313398501832985 9 
0006 0005 1665992341847107 -34.9375 -64.5 0.9633399347921826 9 
0006 0002 1665992341852784 243.3125 -75.0 5.816855147662351 9 
0006 0007 1665992341921507 5.5625 -76.0 5.890486225480862 9 
0006 0009 1665992341946759 -0.625 -75.0 5.338253141842031 9 
0006 0004 1665992341963795 -4.0625 -52.5 1.3560390164909069 9 
0006 0010 1665992341966278 -4.0625 -57.0 5.295301679781233 9 
0006 0008 1665992341967290 65.0625 -63.5 2.736621725587984 9 
0006 0014 1665992341968499 78.0625 -64.0 2.3439226438892597 9 
0006 0011 1665992341971716 26.0 -66.0 2.2457478734645786 9 
0006 0005 1665992341972611 -4.0625 -65.5 2.779573187648782 9 
0006 0007 1665992341984371 -3.25 -73.5 0.5706408530934585 9 
0006 0002 1665992342001559 5.625 -78.0 4.301282129231338 9 
0006 0009 1665992342014232 -0.875 -74.5 6.025476534814799 9 
0006 0011 1665992342071026 34.9375 -64.0 3.9576704327449543 9 
0006 0007 1665992342071910 43.125 -68.5 1.214912784005428 9 
0006 0004 1665992342073828 -30.0625 -54.5 2.282563412373834 9 
0006 0008 1665992342075461 -26.0 -65.5 3.6263305825616556 9 
0006 0012 1665992342079078 -121.25 -67.0 4.000621894805752 9 
0006 0010 1665992342079975 -52.0625 -59.0 0.30679615757712825 9 
0006 0005 1665992342081353 48.0 -61.0 4.289010282928253 9 
0006 0015 1665992342084290 -147.25 -69.5 0.11044661672776616 9 
0006 0002 1665992342085799 589.9375 -73.5 1.1719613219446299 9 
0006 0009 1665992342106784 -0.75 -73.0 0.15339807878856412 9 
0006 0012 1665992342178385 -78.0625 -64.5 4.97623367590102 9 
0006 0004 1665992342179336 -8.9375 -55.5 3.5711072741977725 9 
0006 0008 1665992342180219 -87.0625 -69.5 5.565282298449106 9 
0006 0007 1665992342182082 277.4375 -66.0 2.086213871524472 9 
0006 0010 1665992342183401 -17.0625 -61.5 0.9940195505498954 9 
0006 0011 1665992342185819 -87.0625 -62.0 5.780039608753096 9 
0006 0005 1665992342188040 -100.0625 -60.0 5.9088939949354895 9 
0006 0002 1665992342192562 16.25 -74.5 3.4177091954092087 9 
0006 0005 1665992342276664 -13.0 -60.0 0.8283496254582462 9 
0006 0012 1665992342278655 4.0625 -71.0 5.970253226450915 9 
0006 0004 1665992342279563 0.0 -57.0 5.240078371417351 9 
0006 0011 1665992342281215 17.0625 -60.5 0.8222137023067037 9 
0006 0007 1665992342282880 108.1875 -67.0 3.9085830475326135 9 
0006 0010 1665992342284316 48.0 -66.5 2.2212041808584084 9 
0006 0006 1665992342287625 -66.6875 -71.5 6.080699843178682 9 
0006 0002 1665992342288860 -8.9375 -72.0 4.773748211900116 9 
0006 0009 1665992342356231 -2.1875 -75.5 2.2457478734645786 9 
0006 0008 1665992342362248 5.75 -73.5 5.178719139901925 9 
0006 0005 1665992342395282 -39.0 -60.0 2.84706834231575 9 
0006 0011 1665992342398181 -26.0 -59.5 2.184388641949153 9 
0006 0004 1665992342399119 17.0625 -56.5 0.4724660826687775 9 
0006 0006 1665992342400014 -8.9375 -65.5 0.3313398501832985 9 
0006 0010 1665992342401744 -4.0625 -67.5 6.092971689481767 9 
0006 0007 1665992342403196 -82.1875 -66.0 6.215690152512618 9 
0006 0002 1665992342411371 -65.0625 -72.5 0.3129320807286708 9 
0006 0013 1665992342492488 4.375 -73.0 6.0991076126333095 9 
0006 0011 1665992342508588 78.0625 -65.0 3.160000423044421 9 
0006 0014 1665992342510337 39.0 -59.0 4.945554060143307 9 
0006 0004 1665992342511829 17.0625 -57.5 1.3069516312785663 9 
0006 0013 1665992342512789 69.125 -67.0 3.1231848841351653 9 
0006 0010 1665992342513899 43.125 -58.5 1.9941750242513334 9 
0006 0005 1665992342515300 0.0 -57.0 4.95168998329485 9 
0006 0007 1665992342518042 87.0625 -66.0 2.4605051837685683 9 
0006 0002 1665992342518939 -108.1875 -71.5 1.282407938672396 9 
0006 0006 1665992342520232 -118.75 -65.5 1.239456476611598 9 
0006 0001 1665992342534729 4.875 -74.5 2.442097414313941 9 
0006 0008 1665992342605831 0.0 -70.5 1.6751070203711202 9 
0006 0007 1665992342619335 -4.0625 -62.5 4.172427743048944 9 
0006 0013 1665992342620451 -34.9375 -60.5 3.9576704327449543 9 
0006 0010 1665992342621604 48.0 -56.0 2.454369260617026 9 
0006 0011 1665992342624355 0.0 -61.0 3.3011266555298997 9 
0006 0008 1665992342627294 -30.0625 -67.0 5.338253141842031 9 
0006 0005 1665992342628589 -17.0625 -55.0 0.5154175447295755 9 
0006 0006 1665992342629501 56.9375 -67.0 1.6444274046134073 9 
0006 0004 1665992342630381 26.0 -58.0 2.3746022596469727 9 
0006 0002 1665992342633853 87.0625 -72.5 2.2764274892222915 9 
0006 0014 1665992342644370 -14.1875 -66.5 0.25770877236478773 9 
0006 0001 1665992342655685 5.625 -74.0 0.5276893910326605 9 
0006 0006 1665992342728359 43.125 -66.0 2.2886993355253766 9 
0006 0005 1665992342730122 -26.0 -55.0 1.748738098189631 9 
0006 0011 1665992342731258 0.0 -59.0 4.295146206079795 9 
0006 0010 1665992342732841 -43.125 -54.5 3.56497135104623 9 
0006 0014 1665992342733753 -48.0 -63.0 1.5462526341887264 9 
0006 0004 1665992342734931 8.9375 -59.0 3.693825737228624 9 
0006 0007 1665992342736369 -61.0 -61.5 5.8045833013592665 9 
0006 0008 1665992342737503 4.0625 -60.5 0.8344855486097889 9 
0006 0013 1665992342739642 -30.0625 -61.0 4.23378697456437 9 
0006 0002 1665992342746172 -156.1875 -73.0 4.338097668140593 9 
0006 0003 1665992342748432 -43.125 -74.0 0.5645049299419159 9 
0006 0001 1665992342749354 -4.875 -72.0 1.4664856332186729 9 
0006 0001 1665992342769036 22.6875 -73.5 1.6014759425526093 9 
0006 0008 1665992342841939 43.125 -63.5 1.7916895602504288 9 
0006 0003 1665992342844213 -338.5 -70.5 1.6260196351587797 9 
0006 0005 1665992342845677 30.0625 -55.0 2.564815877344792 9 
0006 0013 1665992342846579 -95.1875 -62.5 5.491651220630596 9 
0006 0004 1665992342847956 -30.0625 -59.5 4.73693267299086 9 
0006 0014 1665992342849575 -43.125 -58.0 5.148039524144211 9 
0006 0001 1665992342851309 39.0 -72.0 2.509592568980909 9 
0006 0010 1665992342853081 0.0 -57.0 4.81056375080937 9 
0006 0015 1665992342856065 34.9375 -72.0 4.411728745959104 9 
0006 0007 1665992342857616 -26.0 -63.5 1.1167380135807468 9 
0006 0002 1665992342858496 61.0 -70.5 5.393476450205914 9 
0006 0011 1665992342859409 13.0 -67.0 6.14819499784565 9 
0006 0006 1665992342860278 52.0625 -65.5 3.6201946594101133 9 
0006 0012 1665992342880088 12.9375 -77.0 6.056156150572511 9 
0006 0001 1665992342885966 10.5 -74.0 2.9268353432858034 9 
0006 0014 1665992342956618 117.125 -70.0 5.246214294568893 9 
0006 0005 1665992342957541 -13.0 -56.5 3.6999616603801666 9 
0006 0010 1665992342958906 4.0625 -62.5 0.11044661672776616 9 
0006 0007 1665992342960584 100.0625 -64.5 1.718058482431918 9 
0006 0004 1665992342961524 -74.0 -60.5 0.0859029241215959 9 
0006 0013 1665992342964112 -117.125 -67.5 0.521553467881118 9 
0006 0002 1665992342965573 -43.125 -69.5 0.1227184630308513 9 
0006 0006 1665992342967659 -38.1875 -63.5 4.8351074434155406 9 
0006 0003 1665992342968795 34.9375 -71.5 2.411417798556228 9 
0006 0001 1665992342973664 -43.125 -71.5 4.246058820867455 9 
0006 0011 1665992342990462 17.0625 -71.5 6.111379458936394 9 
0006 0008 1665992343065853 -8.1875 -74.5 0.4172427743048944 9 
0006 0002 1665992343081467 21.9375 -70.0 1.2762720155208536 9 
0006 0004 1665992343082358 0.0 -58.0 1.5707963267948966 9 
0006 0001 1665992343083726 -74.0 -70.5 5.258486140871978 9 
0006 0005 1665992343084863 -43.125 -58.5 4.970097752749477 9 
0006 0006 1665992343087204 -33.3125 -62.5 0.47860200582032003 9 
0006 0007 1665992343089547 -78.0625 -67.0 1.9389517158874505 9 
0006 0010 1665992343091508 74.0 -62.0 1.3989904785517047 9 
0006 0011 1665992343093753 -82.1875 -63.5 3.6692820446224537 9 
0006 0003 1665992343097151 -30.0625 -72.0 4.454680208019902 9 
0006 0008 1665992343173199 -0.4375 -75.0 1.748738098189631 9 
0006 0004 1665992343192769 -21.9375 -57.0 3.043417883165112 9 
0006 0008 1665992343194036 260.375 -71.5 4.828971520263998 9 
0006 0007 1665992343195211 0.0 -68.5 2.3746022596469727 9 
0006 0002 1665992343196124 -21.9375 -69.5 2.9943304979527716 9 
0006 0005 1665992343197007 -74.0 -60.5 5.651185222570702 9 
0006 0003 1665992343199131 -9.75 -70.5 5.141903600992669 9 
0006 0010 1665992343201455 69.125 -66.0 1.8285050991596843 9 
0006 0001 1665992343202638 -321.4375 -70.5 0.8406214717613314 9 
0006 0011 1665992343204445 -34.9375 -64.5 5.098952138931871 9 
0006 0006 1665992343205471 -52.0625 -62.5 2.1046216409791 9 
0006 0014 1665992343214132 10.9375 -71.0 1.6260196351587797 9 
0006 0015 1665992343240392 8.0625 -69.0 5.780039608753096 9 
0006 0005 1665992343301499 -8.9375 -61.5 6.12365130523948 9 
0006 0002 1665992343304837 -195.25 -69.0 4.135612204139688 9 
0006 0008 1665992343306117 87.0625 -63.0 0.4540583132141498 9 
0006 0014 1665992343307015 -48.0 -68.0 4.577398671050753 9 
0006 0004 1665992343307981 -21.9375 -57.0 4.4976316700806995 9 
0006 0006 1665992343311478 117.125 -65.0 3.442252888015379 9 
0006 0015 1665992343312434 -26.0 -62.5 1.9941750242513334 9 
0006 0010 1665992343313614 21.9375 -62.5 3.2704470397721868 9 
0006 0003 1665992343314655 290.5 -71.0 5.424156065963627 9 
0006 0007 1665992343315551 -21.9375 -71.5 3.0495538063166547 9 
0006 0003 1665992343404749 30.0625 -70.5 6.2463697682703305 9 
0006 0010 1665992343406286 -34.9375 -58.5 3.80427235395639 9 
0006 0005 1665992343407138 8.9375 -60.5 0.6688156235181395 9 
0006 0006 1665992343408560 56.9375 -65.0 4.933282213840222 9 
0006 0014 1665992343409442 69.125 -64.5 3.522019888985432 9 
0006 0008 1665992343410875 -13.0 -61.5 1.2762720155208536 9 
0006 0002 1665992343411813 13.0 -69.5 5.111223985234957 9 
0006 0012 1665992343412741 17.0625 -70.5 2.448233337465483 9 
0006 0004 1665992343414107 34.9375 -57.5 5.3627968344482015 9 
0006 0009 1665992343440255 26.0625 -74.5 5.939573610693203 9 
0006 0015 1665992343458684 3.1875 -74.0 0.14726215563702155 9 
0006 0010 1665992343513008 -26.0 -57.5 4.479223900626073 9 
0006 0008 1665992343514413 -74.0 -62.5 2.337786720737717 9 
0006 0006 1665992343516895 69.125 -64.5 6.111379458936394 9 
0006 0003 1665992343517748 130.1875 -68.0 0.5706408530934585 9 
0006 0011 1665992343518918 104.125 -67.5 1.8039614065535141 9 
0006 0005 1665992343520792 -56.125 -60.5 1.6935147898257479 9 
0006 0004 1665992343521700 8.9375 -58.5 0.3620194659410113 9 
0006 0002 1665992343523050 91.125 -68.0 6.22182607566416 9 
0006 0014 1665992343524105 -169.25 -69.5 2.435961491162398 9 
0006 0009 1665992343526997 121.25 -69.5 0.5583690067903734 9 
0006 0001 1665992343549665 0.75 -74.5 1.4787574795217582 9 
0006 0015 1665992343578445 1.9375 -72.0 5.197126909356553 9 
0006 0015 1665992343623058 -34.9375 -68.0 3.9515345095934116 9 
0006 0011 1665992343626805 13.0 -57.5 2.5157284921324514 9 
0006 0001 1665992343627659 -56.125 -69.0 5.424156065963627 9 
0006 0004 1665992343630052 30.0625 -58.0 1.9634954084936207 9 
0006 0005 1665992343631189 -4.0625 -63.5 3.0250101137104846 9 
0006 0010 1665992343632103 -56.125 -57.5 5.442563835418255 9 
0006 0007 1665992343633002 -34.9375 -70.5 0.5645049299419159 9 
0006 0002 1665992343633897 52.0625 -65.0 1.1044661672776617 9 
0006 0012 1665992343635729 -308.375 -70.0 2.1905245651006955 9 
0006 0006 1665992343637773 17.0625 -63.5 1.239456476611598 9 
0006 0003 1665992343639043 286.4375 -70.0 1.5707963267948966 9 
0006 0008 1665992343640180 -212.375 -63.0 4.215379205109742 9 
0006 0004 1665992343729184 -13.0 -56.5 3.9760782021995817 9 
0006 0006 1665992343731141 17.0625 -60.0 2.2089323345553233 9 
0006 0012 1665992343732761 -21.9375 -62.5 2.043262409463674 9 
0006 0001 1665992343733700 95.1875 -68.0 0.6504078540635119 9 
0006 0005 1665992343736210 -56.125 -62.0 5.252350217720435 9 
0006 0007 1665992343737660 -34.9375 -67.0 1.902136176978195 9 
0006 0008 1665992343738512 -4.0625 -64.0 5.148039524144211 9 
0006 0011 1665992343739950 -30.0625 -57.0 3.9392626632903265 9 
0006 0002 1665992343742594 39.0 -66.0 2.435961491162398 9 
0006 0010 1665992343743773 8.9375 -64.5 0.3129320807286708 9 
0006 0003 1665992343764835 -16.3125 -76.0 1.2333205534600555 9 
0006 0005 1665992343839658 43.125 -60.5 0.9142525495798421 9 
0006 0007 1665992343840569 -39.0 -64.5 3.3195344249845276 9 
0006 0006 1665992343841460 0.0 -60.0 3.393165502803038 9 
0006 0011 1665992343843109 0.0 -58.5 5.3627968344482015 9 
0006 0001 1665992343844054 -43.125 -68.5 2.509592568980909 9 
0006 0010 1665992343847507 -26.0 -60.5 2.3623304133438876 9 
0006 0008 1665992343850189 26.0 -63.5 0.7731263170943632 9 
0006 0004 1665992343852476 -13.0 -53.0 5.945709533844745 9 
0006 0002 1665992343855111 -4.0625 -70.0 4.896466674930966 9 
0006 0003 1665992343872653 -9.75 -75.5 6.086835766330224 9 
0006 0013 1665992343948117 208.3125 -70.5 2.9391071895888885 9 
0006 0006 1665992343949942 -56.9375 -60.0 4.454680208019902 9 
0006 0005 1665992343951464 -8.9375 -57.5 2.7979809571034093 9 
0006 0001 1665992343952587 13.0 -72.0 4.608078286808466 9 
0006 0008 1665992343953467 8.9375 -64.0 1.662835174068035 9 
0006 0004 1665992343954390 0.0 -52.5 0.42337869745643697 9 
0006 0003 1665992343955562 156.1875 -69.5 1.4173982480063325 9 
0006 0010 1665992343956630 -48.0 -57.0 4.706253057233147 9 
0006 0011 1665992343958674 160.3125 -66.5 1.0921943209745766 9 
0006 0002 1665992343961675 4.0625 -69.0 0.4172427743048944 9 
0006 0007 1665992343962605 160.3125 -67.0 0.14726215563702155 9 
0006 0004 1665992344050392 4.0625 -52.5 1.1167380135807468 9 
0006 0002 1665992344051559 34.9375 -68.5 1.5401167110371838 9 
0006 0006 1665992344052483 -21.9375 -63.5 5.080544369477243 9 
0006 0008 1665992344053450 43.125 -64.5 2.8532042654672924 9 
0006 0010 1665992344054830 -61.0 -58.0 4.816699673960914 9 
0006 0001 1665992344056750 182.25 -72.5 6.1850105367549055 9 
0006 0011 1665992344060208 0.0 -66.0 1.7241944055834606 9 
0006 0007 1665992344061338 56.125 -64.5 2.509592568980909 9 
0006 0005 1665992344064364 -26.0 -55.0 4.822835597112456 9 
0006 0003 1665992344065418 -173.3125 -68.0 2.988194574801229 9 
0006 0013 1665992344066334 -52.0625 -66.5 0.5767767762450011 9 
0006 0009 1665992344096853 -4.875 -78.5 0.9878836273983529 9 
0006 0014 1665992344111249 5.0 -62.0 1.521708941582556 9 
0006 0014 1665992344167984 34.9375 -55.0 3.031146036862027 9 
0006 0001 1665992344170066 -69.125 -71.0 1.8960002538266525 9 
0006 0013 1665992344171473 0.0 -66.0 3.1354567304382504 9 
0006 0005 1665992344172386 0.0 -55.0 0.4049709280018093 9 
0006 0002 1665992344174076 -100.0625 -67.0 2.724349879284899 9 
0006 0007 1665992344175242 -48.0 -61.5 3.56497135104623 9 
0006 0010 1665992344176138 -8.9375 -60.5 6.14819499784565 9 
0006 0011 1665992344177011 52.0625 -57.5 2.3193789512830896 9 
0006 0004 1665992344177891 4.0625 -52.5 2.313243028131547 9 
0006 0008 1665992344179639 -26.0 -58.5 4.914874444385594 9 
0006 0003 1665992344181186 -65.0625 -73.0 4.534447208989955 9 
0006 0006 1665992344182135 13.0 -65.0 6.037748381117884 9 
0006 0009 1665992344183233 -74.0 -72.0 2.356194490192345 9 
