0006 0015 1665973069386558 -43.125 -69.5 3.055689729468197 0 
0006 0010 1665973069387514 113.0625 -63.5 2.2457478734645786 0 
0006 0005 1665973069389489 -13.0 -56.5 3.693825737228624 0 
0006 0012 1665973069392395 74.0 -69.0 4.6878452877785195 0 
0006 0013 1665973069393562 -34.9375 -59.5 1.030835089459151 0 
0006 0004 1665973069394501 -30.0625 -58.0 1.9880391010997909 0 
0006 0007 1665973069396576 21.9375 -68.5 2.773437264497239 0 
0006 0001 1665973069398325 208.3125 -72.0 4.902602598082509 0 
0006 0003 1665973069400370 -108.1875 -71.0 2.890019804376548 0 
0006 0002 1665973069401941 -82.1875 -72.5 1.0676506283684062 0 
0006 0011 1665973069423668 -12.1875 -73.0 0.8099418560036186 0 
0006 0015 1665973069496535 -186.3125 -70.0 2.9943304979527716 0 
0006 0012 1665973069498054 -74.0 -69.0 4.841243366567084 0 
0006 0001 1665973069499432 100.0625 -71.5 4.878058905476339 0 
0006 0003 1665973069500807 169.25 -71.5 2.466641106920111 0 
0006 0010 1665973069501931 -95.1875 -63.0 2.454369260617026 0 
0006 0005 1665973069503140 -17.0625 -56.5 3.6570101983193686 0 
0006 0004 1665973069504022 17.0625 -58.0 1.9082721001297376 0 
0006 0013 1665973069505149 -21.9375 -59.5 0.9878836273983529 0 
0006 0007 1665973069508050 -95.1875 -69.0 3.000466421104314 0 
0006 0002 1665973069526578 -9.75 -74.5 4.276738436625168 0 
0006 0011 1665973069534762 -11.4375 -74.0 0.8528933180644165 0 
0006 0010 1665973069609588 34.9375 -63.5 2.282563412373834 0 
0006 0007 1665973069610968 87.0625 -68.5 2.890019804376548 0 
0006 0005 1665973069612114 0.0 -56.5 3.6386024288647407 0 
0006 0004 1665973069614388 -17.0625 -57.5 1.9819031779482483 0 
0006 0013 1665973069616367 -26.0 -59.5 1.0676506283684062 0 
0006 0015 1665973069617551 -91.125 -68.5 2.9636508821950587 0 
0006 0003 1665973069619198 -87.0625 -70.0 3.0066023442558567 0 
0006 0012 1665973069622210 78.0625 -68.0 4.620350133111551 0 
0006 0001 1665973069623711 0.0 -71.0 5.031456984264903 0 
0006 0002 1665973069628082 -4.0625 -73.0 1.043106935762236 0 
0006 0011 1665973069678412 11.4375 -74.5 0.6135923151542565 0 
0006 0003 1665973069727564 208.3125 -70.5 2.8654761117703775 0 
0006 0004 1665973069729070 30.0625 -57.5 1.9205439464328227 0 
0006 0013 1665973069731084 0.0 -59.5 1.043106935762236 0 
0006 0015 1665973069732060 -91.125 -69.0 2.742757648739526 0 
0006 0007 1665973069733257 152.125 -69.0 2.6384469551633027 0 
0006 0010 1665973069734438 -56.125 -63.5 2.380738182798515 0 
0006 0005 1665973069735575 -17.0625 -56.5 3.6815538909255388 0 
0006 0002 1665973069736613 -43.125 -73.0 1.055378782065321 0 
0006 0012 1665973069738967 -48.0 -68.0 4.700117134081604 0 
0006 0001 1665973069740758 -178.1875 -71.0 5.092816215780329 0 
0006 0011 1665973069765504 -6.5 -74.0 0.5276893910326605 0 
0006 0004 1665973069835157 0.0 -57.0 2.012582793705961 0 
0006 0005 1665973069836058 -17.0625 -57.0 3.706097583531709 0 
0006 0015 1665973069837440 17.0625 -70.5 2.6200391857086753 0 
0006 0010 1665973069839313 -4.0625 -63.0 2.423689644859313 0 
0006 0001 1665973069842748 -212.375 -70.5 5.105088062083414 0 
0006 0012 1665973069843630 13.0 -69.0 4.460816131171445 0 
0006 0013 1665973069844573 17.0625 -59.5 1.1106020904292042 0 
0006 0007 1665973069845486 -21.9375 -68.5 2.859340188618835 0 
0006 0003 1665973069848836 -78.0625 -71.5 3.117048960983623 0 
0006 0002 1665973069851771 130.1875 -73.0 0.8958447801252144 0 
0006 0011 1665973069876697 9.0 -73.5 0.42337869745643697 0 
0006 0002 1665973069947081 338.5 -74.0 0.662679700366597 0 
0006 0010 1665973069948727 -21.9375 -63.0 2.4911847995262812 0 
0006 0015 1665973069949613 39.0 -69.5 2.693670263527186 0 
0006 0005 1665973069950539 17.0625 -57.0 3.6692820446224537 0 
0006 0004 1665973069952172 -4.0625 -57.0 2.055534255766759 0 
0006 0001 1665973069957026 -95.1875 -70.5 4.994641445355648 0 
0006 0013 1665973069958224 -21.9375 -60.5 1.1474176293384597 0 
0006 0012 1665973069959869 -8.9375 -68.0 4.356505437595221 0 
0006 0011 1665973069960895 -13.0 -72.0 3.4913402732277192 0 
0006 0007 1665973069962077 104.125 -67.5 2.6875343403756435 0 
0006 0003 1665973069963314 -26.0 -71.0 3.074097498922825 0 
0006 0007 1665973070054003 56.125 -69.0 2.650718801466388 0 
0006 0001 1665973070055256 -21.9375 -70.5 5.049864753719531 0 
0006 0013 1665973070057292 4.0625 -60.5 1.1044661672776617 0 
0006 0005 1665973070058243 0.0 -57.0 3.663146121470911 0 
0006 0002 1665973070059159 377.5625 -72.5 0.5829126993965437 0 
0006 0004 1665973070060266 -43.125 -57.0 2.1475731030398975 0 
0006 0011 1665973070061166 -126.125 -71.0 3.749049045592507 0 
0006 0010 1665973070062301 8.9375 -63.5 2.5402721847386216 0 
0006 0015 1665973070063360 -52.0625 -68.5 2.742757648739526 0 
0006 0012 1665973070064513 -82.1875 -67.0 4.595806440505381 0 
0006 0003 1665973070066071 156.1875 -72.0 2.7979809571034093 0 
0006 0001 1665973070156181 48.0 -71.0 4.97623367590102 0 
0006 0013 1665973070157293 -8.9375 -60.5 0.9756117810952678 0 
0006 0005 1665973070158176 -13.0 -57.0 3.6815538909255388 0 
0006 0012 1665973070159118 69.125 -66.5 4.540583132141498 0 
0006 0004 1665973070159984 -8.9375 -56.5 2.1475731030398975 0 
0006 0011 1665973070160900 -82.1875 -69.5 3.6692820446224537 0 
0006 0007 1665973070162036 -4.0625 -68.0 2.6261751088602177 0 
0006 0010 1665973070164943 13.0 -64.0 2.564815877344792 0 
0006 0003 1665973070166607 -30.0625 -71.5 3.0372819600135696 0 
0006 0015 1665973070171037 -4.0625 -68.0 2.6323110320117604 0 
0006 0002 1665973070174626 -100.0625 -73.5 1.2087768608538851 0 
0006 0010 1665973070275241 69.125 -63.5 2.521864415283994 0 
0006 0001 1665973070276801 -173.3125 -71.5 5.111223985234957 0 
0006 0012 1665973070277686 134.25 -66.0 4.558990901596125 0 
0006 0011 1665973070278826 74.0 -70.5 3.485204350076177 0 
0006 0004 1665973070280670 4.0625 -56.5 2.141437179888355 0 
0006 0005 1665973070282063 -4.0625 -57.0 3.6815538909255388 0 
0006 0015 1665973070282996 230.25 -68.5 2.2886993355253766 0 
0006 0013 1665973070284230 8.9375 -60.5 0.944932165337555 0 
0006 0007 1665973070286902 -13.0 -67.5 2.761165418194154 0 
0006 0003 1665973070288182 21.9375 -71.5 3.104777114680538 0 
0006 0002 1665973070289051 117.125 -71.0 0.9265243958829272 0 
0006 0005 1665973070378718 -8.9375 -57.0 3.693825737228624 0 
0006 0010 1665973070381156 -34.9375 -63.0 2.60776733940559 0 
0006 0001 1665973070382665 117.125 -70.0 4.963961829597935 0 
0006 0011 1665973070384026 -13.0 -71.0 3.6201946594101133 0 
0006 0003 1665973070384980 100.0625 -71.0 2.9329712664373457 0 
0006 0007 1665973070386393 48.0 -67.5 2.5586799541932495 0 
0006 0004 1665973070388281 -17.0625 -56.5 2.184388641949153 0 
0006 0013 1665973070389250 0.0 -60.5 1.012427320004523 0 
0006 0015 1665973070391959 134.25 -67.5 2.448233337465483 0 
0006 0012 1665973070393337 -95.1875 -66.0 4.7307967498393175 0 
0006 0002 1665973070396576 -95.1875 -72.5 0.9142525495798421 0 
0006 0007 1665973070485252 -26.0 -68.0 2.662990647769473 0 
0006 0013 1665973070486903 34.9375 -60.0 1.0615147052168636 0 
0006 0015 1665973070487818 -65.0625 -68.5 2.7550294950426117 0 
0006 0012 1665973070489495 -26.0 -67.5 4.700117134081604 0 
0006 0003 1665973070490930 -38.1875 -70.5 3.098641191528995 0 
0006 0005 1665973070492844 -8.9375 -57.5 3.693825737228624 0 
0006 0001 1665973070493727 13.0 -71.0 5.031456984264903 0 
0006 0004 1665973070496054 -4.0625 -56.5 2.12916533358527 0 
0006 0010 1665973070499635 39.0 -62.5 2.6323110320117604 0 
0006 0011 1665973070505142 95.1875 -70.0 3.32567034813607 0 
0006 0002 1665973070506278 -43.125 -71.0 1.1044661672776617 0 
0006 0010 1665973070596879 0.0 -63.0 2.6998061866787286 0 
0006 0005 1665973070598419 4.0625 -57.5 3.6570101983193686 0 
0006 0013 1665973070599335 39.0 -60.0 1.0799224746714913 0 
0006 0001 1665973070600743 52.0625 -71.0 5.006913291658733 0 
0006 0004 1665973070603711 52.0625 -56.0 2.110757564130642 0 
0006 0012 1665973070605243 -8.9375 -67.5 4.7307967498393175 0 
0006 0015 1665973070606399 21.9375 -68.5 2.6445828783148455 0 
0006 0003 1665973070607426 -108.1875 -72.0 3.172272269347506 0 
0006 0007 1665973070608366 -39.0 -67.5 2.6016314162540475 0 
0006 0002 1665973070609827 104.125 -73.0 0.7792622402459057 0 
0006 0011 1665973070610752 -39.0 -69.0 3.466796580621549 0 
0006 0007 1665973070701083 -260.375 -68.0 2.9697868053466014 0 
0006 0004 1665973070702616 4.0625 -56.5 2.1598449493429825 0 
0006 0012 1665973070703857 -95.1875 -69.0 4.804427827657828 0 
0006 0013 1665973070706437 -65.0625 -60.0 1.1965050145508 0 
0006 0010 1665973070707334 52.0625 -63.5 2.6261751088602177 0 
0006 0005 1665973070708497 21.9375 -57.0 3.6324665057131984 0 
0006 0015 1665973070710333 126.125 -68.5 2.5402721847386216 0 
0006 0001 1665973070712105 -13.0 -71.0 5.00077736850719 0 
0006 0003 1665973070713031 -26.0 -70.5 3.074097498922825 0 
0006 0011 1665973070713933 -334.4375 -69.0 3.785864584501762 0 
0006 0002 1665973070715947 -234.3125 -71.0 1.2517283229146832 0 
0006 0010 1665973070807020 -78.0625 -63.0 2.804116880254952 0 
0006 0005 1665973070808892 4.0625 -57.0 3.6386024288647407 0 
0006 0002 1665973070811169 273.375 -73.5 0.8222137023067037 0 
0006 0015 1665973070812632 -26.0 -68.0 2.7550294950426117 0 
0006 0001 1665973070813513 -43.125 -69.5 5.037592907416445 0 
0006 0011 1665973070814695 -48.0 -70.0 3.485204350076177 0 
0006 0004 1665973070815621 30.0625 -57.0 2.1782527187976104 0 
0006 0013 1665973070816775 13.0 -60.0 1.0983302441261191 0 
0006 0003 1665973070818762 -4.0625 -71.5 3.031146036862027 0 
0006 0007 1665973070819664 130.1875 -68.5 2.405281875404685 0 
0006 0012 1665973070820736 -295.375 -69.0 4.9823695990525625 0 
0006 0001 1665973070908597 256.3125 -71.5 5.098952138931871 0 
0006 0012 1665973070910288 -130.1875 -69.0 4.792155981354743 0 
0006 0005 1665973070912304 -30.0625 -57.5 3.6754179677739964 0 
0006 0002 1665973070913455 -91.125 -72.5 1.2026409377023426 0 
0006 0004 1665973070914622 17.0625 -57.0 2.184388641949153 0 
0006 0013 1665973070916485 8.9375 -59.5 1.1658253987930873 0 
0006 0015 1665973070917431 117.125 -68.0 2.5464081078901644 0 
0006 0003 1665973070919463 -312.4375 -71.5 3.442252888015379 0 
0006 0007 1665973070920530 91.125 -68.0 2.5157284921324514 0 
0006 0010 1665973070921511 17.0625 -63.5 2.6691265709210157 0 
0006 0011 1665973070922920 -13.0 -70.5 3.472932503773092 0 
0006 0004 1665973071013116 4.0625 -56.5 2.172116795646068 0 
0006 0003 1665973071014453 74.0 -71.5 2.9943304979527716 0 
0006 0010 1665973071015860 30.0625 -63.5 2.6875343403756435 0 
0006 0013 1665973071018406 21.9375 -60.0 1.1474176293384597 0 
0006 0012 1665973071019291 -87.0625 -68.5 4.767612288748572 0 
0006 0015 1665973071022401 134.25 -70.0 2.448233337465483 0 
0006 0005 1665973071023341 13.0 -57.5 3.6263305825616556 0 
0006 0001 1665973071024296 -104.125 -71.5 5.289165756629691 0 
0006 0011 1665973071025223 48.0 -70.5 3.497476196379262 0 
0006 0007 1665973071026545 -34.9375 -68.0 2.5954954931025047 0 
0006 0002 1665973071028743 65.0625 -71.0 0.9940195505498954 0 
0006 0003 1665973071118798 143.1875 -71.0 2.859340188618835 0 
0006 0010 1665973071119680 52.0625 -63.5 2.6384469551633027 0 
0006 0015 1665973071120637 221.3125 -69.0 2.3930100291016 0 
0006 0001 1665973071121576 -186.3125 -70.5 5.516194913236766 0 
0006 0011 1665973071123763 48.0 -70.0 3.4913402732277192 0 
0006 0004 1665973071124944 -17.0625 -57.0 2.184388641949153 0 
0006 0013 1665973071126326 -26.0 -60.0 1.1719613219446299 0 
0006 0012 1665973071132128 4.0625 -68.5 4.558990901596125 0 
0006 0002 1665973071133366 48.0 -72.5 1.0246991663076084 0 
0006 0007 1665973071134278 -65.0625 -67.0 2.6691265709210157 0 
0006 0005 1665973071135458 -13.0 -57.5 3.6815538909255388 0 
0006 0013 1665973071226243 56.125 -60.0 1.1044661672776617 0 
0006 0007 1665973071227759 0.0 -68.0 2.6200391857086753 0 
0006 0003 1665973071228729 4.0625 -70.0 3.08636934522591 0 
0006 0005 1665973071229912 -48.0 -57.5 3.730641276137879 0 
0006 0002 1665973071231047 -8.9375 -73.5 1.030835089459151 0 
0006 0010 1665973071231960 -82.1875 -63.0 2.834796496012665 0 
0006 0015 1665973071232888 -69.125 -69.0 2.705942109830271 0 
0006 0001 1665973071233969 -117.125 -71.0 5.5284667595398505 0 
0006 0004 1665973071235133 30.0625 -56.5 2.1598449493429825 0 
0006 0012 1665973071238216 74.0 -69.0 4.583534594202296 0 
0006 0011 1665973071239325 87.0625 -69.5 3.479068426924634 0 
0006 0012 1665973071329353 -108.1875 -69.0 4.608078286808466 0 
0006 0004 1665973071331624 34.9375 -57.0 2.172116795646068 0 
0006 0001 1665973071332678 113.0625 -70.5 5.074408446325701 0 
0006 0005 1665973071333602 17.0625 -57.5 3.6324665057131984 0 
0006 0015 1665973071334758 -34.9375 -68.0 2.748893571891069 0 
0006 0013 1665973071335659 43.125 -59.5 1.1228739367322893 0 
0006 0011 1665973071337984 17.0625 -69.5 3.6876898140770815 0 
0006 0010 1665973071338910 -21.9375 -63.0 2.730485802436441 0 
0006 0003 1665973071339993 -78.0625 -70.0 3.2643111166206444 0 
0006 0007 1665973071340918 -4.0625 -68.0 2.6813984172241008 0 
0006 0002 1665973071341944 126.125 -73.5 0.8467573949128739 0 
0006 0004 1665973071431012 17.0625 -56.5 2.2027964114037806 0 
0006 0005 1665973071431923 -13.0 -57.5 3.6815538909255388 0 
0006 0003 1665973071435233 -108.1875 -71.0 3.2949907323783574 0 
0006 0013 1665973071436996 -4.0625 -60.0 1.1780972450961724 0 
0006 0010 1665973071437952 4.0625 -63.0 2.718213956133356 0 
0006 0015 1665973071439854 21.9375 -69.0 2.675262494072558 0 
0006 0007 1665973071440754 95.1875 -68.5 2.7857091108003242 0 
0006 0012 1665973071442476 -312.4375 -69.0 4.957825906446392 0 
0006 0001 1665973071443979 61.0 -71.5 5.240078371417351 0 
0006 0011 1665973071445808 -178.1875 -70.0 3.6815538909255388 0 
0006 0002 1665973071448432 147.25 -71.5 0.9817477042468103 0 
0006 0007 1665973071537758 43.125 -67.5 2.60776733940559 0 
0006 0002 1665973071538710 -48.0 -73.0 1.0983302441261191 0 
0006 0003 1665973071540443 -43.125 -71.5 3.215223731408304 0 
0006 0012 1665973071541823 61.0 -68.0 4.540583132141498 0 
0006 0005 1665973071543243 -8.9375 -57.5 3.6754179677739964 0 
0006 0011 1665973071544424 -4.0625 -69.5 3.650874275167826 0 
0006 0015 1665973071545555 -108.1875 -69.0 2.8286605728611223 0 
0006 0010 1665973071546692 -43.125 -63.0 2.736621725587984 0 
0006 0013 1665973071547606 48.0 -60.0 1.1535535524900022 0 
0006 0001 1665973071548517 -173.3125 -70.5 5.4671075280244255 0 
0006 0004 1665973071549442 48.0 -57.0 2.2027964114037806 0 
0006 0015 1665973071641688 -87.0625 -70.0 2.8409324191642074 0 
0006 0004 1665973071643678 30.0625 -57.0 2.172116795646068 0 
0006 0013 1665973071644550 17.0625 -60.0 1.184233168247715 0 
0006 0003 1665973071646636 152.125 -72.0 2.9329712664373457 0 
0006 0012 1665973071647548 -82.1875 -68.5 4.632621979414636 0 
0006 0001 1665973071648684 -199.375 -70.5 5.50392306693368 0 
0006 0005 1665973071649812 4.0625 -57.5 3.706097583531709 0 
0006 0010 1665973071651176 -69.125 -62.5 2.816388726558037 0 
0006 0007 1665973071652595 113.0625 -68.0 2.429825568010856 0 
0006 0002 1665973071653632 69.125 -71.0 0.9203884727313847 0 
0006 0011 1665973071654500 -48.0 -70.5 3.56497135104623 0 
0006 0005 1665973071743385 -4.0625 -57.5 3.724505352986337 0 
0006 0010 1665973071744285 48.0 -63.0 2.705942109830271 0 
0006 0007 1665973071746334 -48.0 -68.0 2.7857091108003242 0 
0006 0001 1665973071747471 -130.1875 -70.0 5.540738605842936 0 
0006 0012 1665973071748440 -17.0625 -68.5 4.577398671050753 0 
0006 0013 1665973071749539 17.0625 -60.0 1.1719613219446299 0 
0006 0002 1665973071750423 351.5 -72.0 0.8406214717613314 0 
0006 0003 1665973071751629 -91.125 -70.5 3.2459033471660166 0 
0006 0004 1665973071753020 4.0625 -57.0 2.270291566070749 0 
0006 0011 1665973071754188 87.0625 -69.5 3.6017868899554855 0 
0006 0015 1665973071755969 100.0625 -69.0 2.5832236467994196 0 
0006 0012 1665973071847097 -130.1875 -68.5 4.73693267299086 0 
0006 0011 1665973071848517 56.125 -71.0 3.6754179677739964 0 
0006 0001 1665973071851271 -251.4375 -71.0 5.608233760509904 0 
0006 0004 1665973071852179 -8.9375 -57.0 2.313243028131547 0 
0006 0007 1665973071853137 117.125 -67.5 2.5709518004963345 0 
0006 0010 1665973071854063 56.125 -63.0 2.650718801466388 0 
0006 0013 1665973071855953 -26.0 -60.0 1.2333205534600555 0 
0006 0005 1665973071857572 30.0625 -57.5 3.693825737228624 0 
0006 0002 1665973071858836 -34.9375 -72.5 1.282407938672396 0 
0006 0015 1665973071860019 74.0 -68.5 2.6445828783148455 0 
0006 0003 1665973071861213 69.125 -70.0 3.1354567304382504 0 
0006 0003 1665973071952558 234.3125 -70.5 2.773437264497239 0 
0006 0012 1665973071953724 34.9375 -68.0 4.491495746929157 0 
0006 0015 1665973071954622 -26.0 -69.0 2.662990647769473 0 
0006 0002 1665973071955971 91.125 -72.5 1.214912784005428 0 
0006 0001 1665973071956854 -117.125 -70.5 5.64504929941916 0 
0006 0011 1665973071957788 0.0 -69.5 3.6140587362585705 0 
0006 0007 1665973071959146 -126.125 -68.0 2.8716120349219203 0 
0006 0013 1665973071960542 61.0 -60.0 1.1351457830353744 0 
0006 0004 1665973071963636 13.0 -57.0 2.3009711818284617 0 
0006 0010 1665973071964774 -13.0 -63.5 2.834796496012665 0 
0006 0005 1665973071965927 30.0625 -57.5 3.6999616603801666 0 
0006 0012 1665973072061173 30.0625 -69.0 4.601942363656923 0 
0006 0015 1665973072062146 -169.25 -69.5 2.9084275738311756 0 
0006 0007 1665973072063044 -39.0 -68.5 2.7120780329818137 0 
0006 0004 1665973072063955 -30.0625 -57.0 2.3623304133438876 0 
0006 0010 1665973072065095 43.125 -63.0 2.767301341345697 0 
0006 0013 1665973072066037 -17.0625 -60.0 1.239456476611598 0 
0006 0005 1665973072067910 8.9375 -57.5 3.7429131224409646 0 
0006 0003 1665973072071319 -26.0 -71.0 3.2336315008629315 0 
0006 0001 1665973072073416 -78.0625 -71.0 5.47937937432751 0 
0006 0011 1665973072074656 -156.1875 -70.0 3.80427235395639 0 
0006 0002 1665973072076858 442.6875 -73.0 0.8651651643675016 0 
0006 0004 1665973072175114 -13.0 -57.0 2.3746022596469727 0 
0006 0015 1665973072178126 -4.0625 -68.5 2.7120780329818137 0 
0006 0005 1665973072179450 4.0625 -58.5 3.767456815047135 0 
0006 0003 1665973072180916 74.0 -70.5 2.8961557275280905 0 
0006 0007 1665973072181902 56.125 -68.0 2.60776733940559 0 
0006 0013 1665973072182817 -26.0 -60.0 1.239456476611598 0 
0006 0010 1665973072183744 -26.0 -63.5 2.718213956133356 0 
0006 0011 1665973072185057 -178.1875 -70.0 3.859495662320273 0 
0006 0002 1665973072186604 -39.0 -72.0 1.2517283229146832 0 
0006 0001 1665973072187922 30.0625 -71.0 5.448699758569798 0 
0006 0012 1665973072188850 -108.1875 -69.5 4.816699673960914 0 
0006 0007 1665973072279053 -39.0 -69.0 2.859340188618835 0 
0006 0011 1665973072280820 212.375 -70.5 3.393165502803038 0 
0006 0010 1665973072282408 4.0625 -63.0 2.7979809571034093 0 
0006 0002 1665973072283306 -52.0625 -72.0 1.1903690913992575 0 
0006 0004 1665973072284158 4.0625 -57.0 2.356194490192345 0 
0006 0015 1665973072285016 13.0 -69.0 2.6139032625571326 0 
0006 0005 1665973072286665 13.0 -57.5 3.773592738198677 0 
0006 0013 1665973072288333 34.9375 -60.0 1.1535535524900022 0 
0006 0001 1665973072290065 13.0 -70.0 5.442563835418255 0 
0006 0012 1665973072291064 -56.125 -69.5 4.73693267299086 0 
0006 0003 1665973072292822 -143.1875 -71.0 3.429981041712294 0 
0006 0013 1665973072382843 13.0 -60.0 1.1965050145508 0 
0006 0005 1665973072385032 -56.125 -57.5 3.859495662320273 0 
0006 0010 1665973072385928 4.0625 -62.5 2.791845033951867 0 
0006 0004 1665973072387068 17.0625 -57.0 2.3439226438892597 0 
0006 0001 1665973072389155 -238.4375 -71.5 5.755495916146925 0 
0006 0007 1665973072391301 65.0625 -68.0 2.6691265709210157 0 
0006 0002 1665973072392610 230.25 -73.5 0.9081166264282996 0 
0006 0015 1665973072393478 -8.9375 -69.0 2.767301341345697 0 
0006 0003 1665973072395873 61.0 -70.0 3.000466421104314 0 
0006 0012 1665973072397087 -113.0625 -68.0 4.755340442445488 0 
0006 0011 1665973072398582 -139.125 -70.5 3.6079228131070282 0 
0006 0012 1665973072489734 -4.0625 -67.5 4.509903516383785 0 
0006 0005 1665973072490601 8.9375 -57.5 3.785864584501762 0 
0006 0001 1665973072491811 95.1875 -70.0 5.5100589900852235 0 
0006 0013 1665973072492979 -4.0625 -60.0 1.2087768608538851 0 
0006 0015 1665973072494684 -147.25 -69.0 2.8286605728611223 0 
0006 0004 1665973072495876 -13.0 -57.0 2.3746022596469727 0 
0006 0003 1665973072497584 -113.0625 -71.0 3.2827188860752723 0 
0006 0011 1665973072499374 186.3125 -70.0 3.3379421944391554 0 
0006 0007 1665973072500269 -4.0625 -67.5 2.6568547246179306 0 
0006 0010 1665973072501450 4.0625 -63.5 2.804116880254952 0 
0006 0002 1665973072503127 152.125 -73.0 1.0983302441261191 0 
0006 0010 1665973072592957 61.0 -63.0 2.767301341345697 0 
0006 0013 1665973072595967 13.0 -60.0 1.1965050145508 0 
0006 0012 1665973072596967 -95.1875 -68.5 4.669437518323892 0 
0006 0005 1665973072598148 -34.9375 -57.5 3.847223816017188 0 
0006 0001 1665973072599327 48.0 -70.5 5.522330836388308 0 
0006 0004 1665973072600491 4.0625 -57.0 2.3930100291016 0 
0006 0015 1665973072602034 65.0625 -69.5 2.650718801466388 0 
0006 0007 1665973072604670 48.0 -68.0 2.662990647769473 0 
0006 0003 1665973072605610 204.25 -71.5 2.9145634969827183 0 
0006 0002 1665973072607098 -61.0 -72.5 1.41126232485479 0 
0006 0013 1665973072702104 34.9375 -60.0 1.1965050145508 0 
0006 0005 1665973072703300 -61.0 -58.0 3.8840393549264434 0 
0006 0002 1665973072704889 100.0625 -72.0 1.0492428589137786 0 
0006 0007 1665973072706001 -30.0625 -68.5 2.8102528034064944 0 
0006 0010 1665973072707168 26.0 -63.5 2.8286605728611223 0 
0006 0012 1665973072708081 100.0625 -68.0 4.424000592262189 0 
0006 0004 1665973072708976 -13.0 -57.0 2.399145952253143 0 
0006 0003 1665973072711327 -134.25 -70.5 3.411573272257666 0 
0006 0001 1665973072712267 243.3125 -71.0 5.258486140871978 0 
0006 0011 1665973072713375 -91.125 -70.0 3.816544200259475 0 
0006 0015 1665973072714502 -17.0625 -68.5 2.6568547246179306 0 
0006 0010 1665973072806664 13.0 -63.0 2.834796496012665 0 
0006 0012 1665973072807651 34.9375 -68.0 4.503767593232243 0 
0006 0001 1665973072808773 -87.0625 -70.5 5.6573211457222445 0 
0006 0005 1665973072809882 -17.0625 -58.0 3.847223816017188 0 
0006 0015 1665973072810841 -65.0625 -68.5 2.773437264497239 0 
0006 0013 1665973072811769 61.0 -60.0 1.1658253987930873 0 
0006 0007 1665973072812683 -39.0 -68.0 2.9145634969827183 0 
0006 0011 1665973072814274 56.125 -69.5 3.6692820446224537 0 
0006 0002 1665973072815212 48.0 -72.5 1.1228739367322893 0 
0006 0004 1665973072816164 -13.0 -57.0 2.411417798556228 0 
0006 0003 1665973072817344 74.0 -70.5 3.0250101137104846 0 
0006 0005 1665973072909658 -13.0 -58.0 3.8410878928656453 0 
0006 0013 1665973072911683 48.0 -60.0 1.1965050145508 0 
0006 0003 1665973072913419 165.1875 -71.5 3.031146036862027 0 
0006 0004 1665973072914386 -56.125 -57.0 2.448233337465483 0 
0006 0010 1665973072915256 52.0625 -63.0 2.7979809571034093 0 
0006 0012 1665973072917846 -39.0 -68.5 4.6448938257177215 0 
0006 0011 1665973072919896 134.25 -71.0 3.522019888985432 0 
0006 0001 1665973072920791 -39.0 -71.5 5.589825991055276 0 
0006 0015 1665973072921662 65.0625 -69.5 2.705942109830271 0 
0006 0007 1665973072922589 87.0625 -68.5 2.6445828783148455 0 
0006 0002 1665973072925203 -61.0 -72.0 1.3621749396424494 0 
0006 0013 1665973073016938 -13.0 -60.0 1.2578642460662257 0 
0006 0007 1665973073018047 -8.9375 -67.5 2.8777479580734626 0 
0006 0003 1665973073019228 -39.0 -70.0 3.2213596545598464 0 
0006 0011 1665973073020922 -74.0 -70.5 3.877903431774901 0 
0006 0005 1665973073023154 -43.125 -58.0 3.859495662320273 0 
0006 0004 1665973073024276 4.0625 -57.0 2.399145952253143 0 
0006 0012 1665973073026165 -39.0 -68.5 4.614214209960009 0 
0006 0010 1665973073027770 17.0625 -63.5 2.8654761117703775 0 
0006 0015 1665973073028671 56.125 -68.5 2.60776733940559 0 
0006 0001 1665973073031775 0.0 -71.0 5.534602682691394 0 
0006 0002 1665973073032690 34.9375 -73.5 1.1535535524900022 0 
0006 0010 1665973073122609 -65.0625 -63.5 2.9391071895888885 0 
0006 0004 1665973073123759 -8.9375 -57.0 2.380738182798515 0 
0006 0007 1665973073125665 61.0 -68.5 2.6261751088602177 0 
0006 0001 1665973073127045 243.3125 -70.5 5.313709449235861 0 
0006 0013 1665973073127983 0.0 -60.0 1.227184630308513 0 
0006 0005 1665973073128853 -4.0625 -58.0 3.859495662320273 0 
0006 0012 1665973073130191 17.0625 -67.5 4.601942363656923 0 
0006 0015 1665973073131349 -143.1875 -69.5 2.767301341345697 0 
0006 0003 1665973073134201 178.1875 -69.5 3.018874190558942 0 
0006 0011 1665973073137425 113.0625 -70.0 3.663146121470911 0 
0006 0002 1665973073138930 -225.375 -72.5 1.4848934026733007 0 
0006 0002 1665973073230601 100.0625 -72.5 1.0983302441261191 0 
0006 0003 1665973073232860 -82.1875 -70.5 3.2949907323783574 0 
0006 0010 1665973073233726 -4.0625 -63.0 2.9145634969827183 0 
0006 0013 1665973073234614 26.0 -60.0 1.2026409377023426 0 
0006 0007 1665973073235782 74.0 -69.0 2.779573187648782 0 
0006 0005 1665973073236905 -17.0625 -58.0 3.8717675086233583 0 
0006 0011 1665973073237834 290.5 -70.5 3.448388811166921 0 
0006 0004 1665973073239279 -8.9375 -56.5 2.411417798556228 0 
0006 0015 1665973073242864 -113.0625 -69.0 2.9820586516496865 0 
0006 0012 1665973073243988 -21.9375 -69.0 4.565126824747668 0 
0006 0001 1665973073245059 -256.3125 -71.0 5.730952223540755 0 
0006 0005 1665973073334401 -4.0625 -58.0 3.8410878928656453 0 
0006 0013 1665973073335615 -13.0 -60.0 1.2946797849754812 0 
0006 0004 1665973073338343 -48.0 -56.5 2.478912953223196 0 
0006 0010 1665973073339867 30.0625 -63.5 2.9084275738311756 0 
0006 0015 1665973073342296 -17.0625 -69.5 2.7857091108003242 0 
0006 0007 1665973073343267 43.125 -69.0 2.675262494072558 0 
0006 0001 1665973073344176 -8.9375 -70.5 5.589825991055276 0 
0006 0012 1665973073345092 -56.125 -68.5 4.608078286808466 0 
0006 0002 1665973073345988 126.125 -71.5 1.2087768608538851 0 
0006 0003 1665973073347803 -30.0625 -70.5 3.3624858870453256 0 
0006 0011 1665973073348985 -39.0 -70.0 3.902447124381071 0 
0006 0002 1665973073438386 104.125 -72.5 1.0983302441261191 0 
0006 0010 1665973073440043 0.0 -63.5 2.890019804376548 0 
0006 0011 1665973073440961 152.125 -69.0 3.6201946594101133 0 
0006 0012 1665973073442894 -117.125 -68.5 4.632621979414636 0 
0006 0004 1665973073444299 -13.0 -57.0 2.4605051837685683 0 
0006 0013 1665973073446505 21.9375 -60.0 1.2578642460662257 0 
0006 0015 1665973073447904 -169.25 -69.0 2.84706834231575 0 
0006 0007 1665973073448801 -100.0625 -68.5 2.890019804376548 0 
0006 0003 1665973073449671 -126.125 -70.0 3.227495577711389 0 
0006 0001 1665973073451488 87.0625 -71.0 5.448699758569798 0 
0006 0005 1665973073452381 0.0 -58.0 3.8717675086233583 0 
0006 0004 1665973073544217 -8.9375 -57.0 2.442097414313941 0 
0006 0003 1665973073546648 -43.125 -71.0 3.3379421944391554 0 
0006 0005 1665973073548382 -17.0625 -58.0 3.877903431774901 0 
0006 0013 1665973073549535 8.9375 -60.0 1.227184630308513 0 
0006 0001 1665973073550476 -195.25 -71.5 5.810719224510809 0 
0006 0007 1665973073551684 -13.0 -68.5 2.779573187648782 0 
0006 0011 1665973073553193 13.0 -69.0 3.706097583531709 0 
0006 0010 1665973073555743 -13.0 -63.0 2.9022916506796332 0 
0006 0015 1665973073557283 74.0 -69.0 2.6139032625571326 0 
0006 0012 1665973073558197 -78.0625 -68.0 4.638757902566179 0 
0006 0002 1665973073559504 165.1875 -71.5 1.184233168247715 0 
0006 0013 1665973073650275 17.0625 -60.5 1.239456476611598 0 
0006 0001 1665973073651470 -69.125 -71.0 5.792311455056181 0 
0006 0005 1665973073652323 -21.9375 -58.0 3.877903431774901 0 
0006 0004 1665973073653461 -17.0625 -56.5 2.442097414313941 0 
0006 0012 1665973073654346 -100.0625 -68.5 4.614214209960009 0 
0006 0010 1665973073655286 17.0625 -63.5 2.8838838812250054 0 
0006 0015 1665973073656483 -8.9375 -68.5 2.773437264497239 0 
0006 0007 1665973073658065 -82.1875 -68.0 2.82252464970958 0 
0006 0003 1665973073660665 13.0 -68.5 3.141592653589793 0 
0006 0011 1665973073662117 -156.1875 -71.0 4.025165587411922 0 
0006 0002 1665973073664456 -130.1875 -71.5 1.4726215563702154 0 
0006 0010 1665973073753720 4.0625 -63.0 2.9022916506796332 0 
0006 0012 1665973073755233 -87.0625 -68.5 4.546719055293041 0 
0006 0013 1665973073756654 8.9375 -60.5 1.2578642460662257 0 
0006 0004 1665973073757526 -74.0 -57.5 2.497320722677824 0 
0006 0007 1665973073759145 87.0625 -67.5 2.6016314162540475 0 
0006 0011 1665973073760812 -264.4375 -70.5 3.988350048502667 0 
0006 0005 1665973073761706 8.9375 -58.0 3.8410878928656453 0 
0006 0002 1665973073763229 43.125 -73.0 1.3560390164909069 0 
0006 0003 1665973073765299 26.0 -71.5 3.2336315008629315 0 
0006 0015 1665973073766866 -69.125 -69.0 2.718213956133356 0 
0006 0001 1665973073767946 4.0625 -70.0 5.786175531904639 0 
0006 0013 1665973073859180 48.0 -60.5 1.2026409377023426 0 
0006 0003 1665973073860319 -134.25 -69.5 3.3624858870453256 0 
0006 0012 1665973073862237 26.0 -67.5 4.608078286808466 0 
0006 0007 1665973073863391 -78.0625 -68.5 2.8532042654672924 0 
0006 0005 1665973073864755 -13.0 -57.5 3.865631585471816 0 
0006 0010 1665973073866124 -78.0625 -63.0 2.9145634969827183 0 
0006 0004 1665973073867516 26.0 -57.0 2.411417798556228 0 
0006 0015 1665973073872365 -78.0625 -69.0 2.8286605728611223 0 
0006 0001 1665973073874209 108.1875 -71.0 5.5714182216006485 0 
0006 0011 1665973073879024 -56.125 -69.0 3.9453985864418692 0 
0006 0002 1665973073879934 74.0 -73.0 1.2333205534600555 0 
0006 0012 1665973073969020 -69.125 -69.5 4.675573441475434 0 
0006 0007 1665973073970970 -52.0625 -68.0 2.767301341345697 0 
0006 0015 1665973073971898 -34.9375 -68.0 2.9022916506796332 0 
0006 0011 1665973073972808 17.0625 -69.0 3.847223816017188 0 
0006 0004 1665973073973988 13.0 -57.0 2.399145952253143 0 
0006 0002 1665973073975637 91.125 -72.0 1.2517283229146832 0 
0006 0001 1665973073977014 -52.0625 -70.0 5.681864838328415 0 
0006 0010 1665973073978620 -126.125 -63.0 3.018874190558942 0 
0006 0005 1665973073979597 0.0 -58.0 3.822680123411018 0 
0006 0003 1665973073980539 -91.125 -71.5 3.356349963893783 0 
0006 0013 1665973073981449 0.0 -60.5 1.2885438618239387 0 
0006 0002 1665973074081180 139.125 -74.0 1.2026409377023426 0 
0006 0004 1665973074082327 0.0 -57.5 2.423689644859313 0 
0006 0010 1665973074083244 -13.0 -63.5 2.9391071895888885 0 
0006 0012 1665973074085704 -61.0 -68.0 4.6878452877785195 0 
0006 0001 1665973074086897 -17.0625 -71.0 5.700272607783043 0 
0006 0007 1665973074088279 -130.1875 -68.0 2.8838838812250054 0 
0006 0013 1665973074089193 39.0 -60.5 1.1965050145508 0 
0006 0015 1665973074091343 303.5 -68.5 2.442097414313941 0 
0006 0005 1665973074092450 -13.0 -58.0 3.8717675086233583 0 
0006 0011 1665973074095024 -126.125 -69.5 3.859495662320273 0 
0006 0003 1665973074096162 147.25 -70.0 3.0066023442558567 0 
0006 0012 1665973074185722 -17.0625 -68.5 4.614214209960009 0 
0006 0015 1665973074187123 286.4375 -70.0 2.429825568010856 0 
0006 0001 1665973074188273 351.5 -71.0 5.148039524144211 0 
0006 0003 1665973074189170 -113.0625 -69.5 3.454524734318464 0 
0006 0010 1665973074190534 39.0 -63.5 2.82252464970958 0 
0006 0011 1665973074193190 -30.0625 -71.0 3.859495662320273 0 
0006 0004 1665973074194116 -39.0 -57.0 2.466641106920111 0 
0006 0013 1665973074195555 21.9375 -60.0 1.2701360923693108 0 
0006 0005 1665973074197403 -17.0625 -58.0 3.890175278077986 0 
0006 0007 1665973074199238 43.125 -67.5 2.84706834231575 0 
0006 0002 1665973074207902 -8.9375 -72.5 1.227184630308513 0 
