0006 0015 1666165094785561 56.125 -70.5 2.6016314162540475 11 
0006 0010 1666165094788162 -178.1875 -62.0 4.442408361716817 11 
0006 0012 1666165094789553 87.0625 -68.0 2.1353012567368124 11 
0006 0005 1666165094790722 -165.1875 -68.0 3.2336315008629315 11 
0006 0006 1666165094792240 -78.0625 -68.0 6.105243535784852 11 
0006 0003 1666165094793377 -160.3125 -72.5 1.1290098598838318 11 
0006 0008 1666165094794287 160.3125 -70.0 0.2761165418194154 11 
0006 0007 1666165094795949 -43.125 -74.0 4.227651051412827 11 
0006 0014 1666165094838267 -1.1875 -73.0 0.1902136176978195 11 
0006 0001 1666165094843489 3.0 -75.5 0.1227184630308513 11 
0006 0006 1666165094905013 213.1875 -70.5 1.8346410223112268 11 
0006 0015 1666165094907476 21.9375 -57.0 1.8100973297050567 11 
0006 0012 1666165094908747 78.0625 -66.5 2.8409324191642074 11 
0006 0007 1666165094910186 26.0 -63.0 1.533980787885641 11 
0006 0010 1666165094911339 -34.9375 -63.0 4.0128937411088375 11 
0006 0014 1666165094913791 -30.0625 -67.5 0.9572040116406401 11 
0006 0008 1666165094919234 56.125 -72.5 0.7669903939428205 11 
0006 0011 1666165094963128 -2.4375 -70.0 3.399301425954581 11 
0006 0001 1666165095009145 3.9375 -75.5 3.9392626632903265 11 
0006 0010 1666165095026105 95.1875 -66.0 4.724660826687775 11 
0006 0011 1666165095026989 -8.9375 -64.5 0.35588354278946877 11 
0006 0015 1666165095027901 8.9375 -63.0 6.215690152512618 11 
0006 0007 1666165095030224 -39.0 -64.5 2.5034566458293663 11 
0006 0014 1666165095031137 -78.0625 -65.5 1.705786636128833 11 
0006 0004 1666165095032149 -143.1875 -71.0 2.779573187648782 11 
0006 0006 1666165095046785 27.25 -71.0 6.065360035299825 11 
0006 0008 1666165095057481 -10.5 -74.5 0.8835729338221293 11 
0006 0013 1666165095063306 -17.8125 -77.0 0.19634954084936207 11 
0006 0001 1666165095096722 4.25 -74.5 1.282407938672396 11 
0006 0015 1666165095140641 -4.0625 -58.0 0.39269908169872414 11 
0006 0011 1666165095144595 -65.0625 -68.0 1.012427320004523 11 
0006 0004 1666165095146690 -13.0 -58.0 5.841398840268521 11 
0006 0014 1666165095148508 -4.0625 -64.0 5.583690067903734 11 
0006 0013 1666165095150050 -21.9375 -67.0 3.933126740138784 11 
0006 0007 1666165095154169 -34.9375 -67.5 3.147728576741336 11 
0006 0010 1666165095157951 17.0625 -69.0 2.6568547246179306 11 
0006 0006 1666165095158890 -99.25 -68.0 2.9943304979527716 11 
0006 0001 1666165095176858 -9.75 -73.5 1.368310862793992 11 
0006 0008 1666165095244453 -3.5625 -75.0 4.3933209765044765 11 
0006 0005 1666165095251002 2.125 -73.5 1.5892040962495242 11 
0006 0013 1666165095265911 -43.125 -60.5 4.589670517353839 11 
0006 0001 1666165095267093 394.625 -69.0 1.227184630308513 11 
0006 0014 1666165095269551 -43.125 -63.0 4.663301595172349 11 
0006 0011 1666165095270718 8.9375 -68.0 1.4542137869155878 11 
0006 0015 1666165095271887 61.0 -63.5 0.5706408530934585 11 
0006 0007 1666165095273296 -61.0 -70.5 1.337631247036279 11 
0006 0004 1666165095275211 -13.0 -66.5 2.7857091108003242 11 
0006 0005 1666165095280108 -52.0625 -70.0 5.074408446325701 11 
0006 0006 1666165095281669 -66.6875 -71.5 4.411728745959104 11 
0006 0008 1666165095313932 4.875 -74.0 1.3560390164909069 11 
0006 0015 1666165095382900 -48.0 -65.0 0.8467573949128739 11 
0006 0005 1666165095384293 48.0 -66.5 5.270757987175063 11 
0006 0001 1666165095387285 61.0 -70.0 1.6198837120072371 11 
0006 0014 1666165095388840 0.0 -62.5 4.534447208989955 11 
0006 0004 1666165095389773 -169.25 -69.0 2.086213871524472 11 
0006 0013 1666165095390715 -34.9375 -58.5 5.092816215780329 11 
0006 0007 1666165095392180 87.0625 -66.0 2.2886993355253766 11 
0006 0011 1666165095393234 95.1875 -69.5 1.6751070203711202 11 
0006 0008 1666165095417967 17.8125 -74.0 1.2210487071569704 11 
0006 0006 1666165095474134 2.625 -72.5 5.546874528994478 11 
0006 0013 1666165095498977 -65.0625 -60.5 4.95168998329485 11 
0006 0006 1666165095500609 -18.6875 -67.5 0.39269908169872414 11 
0006 0007 1666165095502616 139.125 -70.0 6.166602767300278 11 
0006 0010 1666165095504050 -13.0 -66.5 2.718213956133356 11 
0006 0005 1666165095504982 130.1875 -70.0 5.203262832508095 11 
0006 0004 1666165095506402 399.5625 -70.5 2.791845033951867 11 
0006 0014 1666165095507281 4.0625 -58.5 0.16566992509164924 11 
0006 0015 1666165095508209 13.0 -62.0 0.7117670855789375 11 
0006 0001 1666165095510935 8.9375 -70.5 1.3744467859455345 11 
0006 0012 1666165095571774 0.5625 -74.5 5.283029833478148 11 
0006 0006 1666165095608389 42.3125 -67.5 5.086680292628786 11 
0006 0004 1666165095610236 130.1875 -66.0 5.197126909356553 11 
0006 0015 1666165095611733 -43.125 -65.0 6.12365130523948 11 
0006 0007 1666165095613725 52.0625 -66.0 1.9819031779482483 11 
0006 0014 1666165095614650 39.0 -63.0 1.7978254834019713 11 
0006 0013 1666165095616062 -65.0625 -62.5 4.620350133111551 11 
0006 0010 1666165095618049 39.0 -63.5 4.3503695144436785 11 
0006 0005 1666165095619841 -13.0 -68.0 3.902447124381071 11 
0006 0008 1666165095687028 7.625 -76.0 1.0185632431560658 11 
0006 0001 1666165095721404 0.4375 -75.5 0.5276893910326605 11 
0006 0005 1666165095738846 -48.0 -68.5 2.1905245651006955 11 
0006 0010 1666165095739758 -43.125 -66.0 4.7307967498393175 11 
0006 0014 1666165095740640 -21.9375 -63.5 1.3314953238847365 11 
0006 0007 1666165095741554 -74.0 -70.0 0.23930100291016002 11 
0006 0015 1666165095744218 -30.0625 -58.5 1.88986433067511 11 
0006 0011 1666165095745359 -56.125 -65.5 6.062292073724054 11 
0006 0006 1666165095751576 364.5625 -70.0 2.024854640009046 11 
0006 0008 1666165095778229 0.0 -73.5 0.7240389318820226 11 
0006 0004 1666165095805227 -6.8125 -77.0 4.92714629068868 11 
0006 0008 1666165095852454 147.25 -66.5 1.2762720155208536 11 
0006 0007 1666165095853577 -26.0 -63.0 0.21475731030398976 11 
0006 0015 1666165095854461 -21.9375 -67.0 3.785864584501762 11 
0006 0010 1666165095859658 21.9375 -64.0 4.239922897715912 11 
0006 0014 1666165095863742 78.0625 -67.0 1.4910293258248433 11 
0006 0003 1666165095898444 -3.25 -74.5 0.8406214717613314 11 
0006 0005 1666165095908271 -11.4375 -72.5 0.28225246497095796 11 
0006 0014 1666165095985380 30.0625 -63.0 2.5586799541932495 11 
0006 0010 1666165095986547 -61.0 -65.5 4.540583132141498 11 
0006 0006 1666165095990194 39.0 -64.5 0.9878836273983529 11 
0006 0008 1666165095991345 -104.125 -67.0 1.9634954084936207 11 
0006 0007 1666165095994225 -212.375 -72.0 2.859340188618835 11 
0006 0005 1666165095995262 -17.0625 -69.0 3.055689729468197 11 
0006 0015 1666165095996684 -26.0 -68.0 2.024854640009046 11 
0006 0003 1666165096013755 3.1875 -76.0 1.5278448647340985 11 
0006 0014 1666165096089265 21.9375 -68.0 1.9389517158874505 11 
0006 0010 1666165096092637 -21.9375 -64.0 4.442408361716817 11 
0006 0007 1666165096093791 -34.9375 -68.0 5.043728830567988 11 
0006 0006 1666165096095492 -78.0625 -64.0 1.1658253987930873 11 
0006 0008 1666165096096756 95.1875 -70.0 1.4910293258248433 11 
0006 0015 1666165096136904 4.0625 -70.5 4.626486056263094 11 
0006 0001 1666165096189219 0.625 -74.0 4.3933209765044765 11 
0006 0014 1666165096201680 39.0 -64.0 1.380582709097077 11 
0006 0015 1666165096203287 39.0 -58.0 1.8100973297050567 11 
0006 0008 1666165096206101 113.0625 -72.5 1.6873788666742053 11 
0006 0010 1666165096207212 -65.0625 -66.5 4.221515128261284 11 
0006 0007 1666165096208065 17.0625 -63.0 2.086213871524472 11 
0006 0006 1666165096224007 -18.75 -72.5 5.411884219660542 11 
0006 0001 1666165096227902 -0.75 -74.0 1.1106020904292042 11 
0006 0013 1666165096261044 -3.1875 -75.5 1.6996507129772904 11 
0006 0006 1666165096312521 99.25 -72.0 3.9638063558964967 11 
0006 0010 1666165096314112 -121.25 -68.0 4.914874444385594 11 
0006 0007 1666165096315250 126.125 -65.0 2.227340104009951 11 
0006 0004 1666165096316403 30.0625 -71.5 4.123340357836604 11 
0006 0015 1666165096317585 -52.0625 -61.5 0.04295146206079795 11 
0006 0011 1666165096318877 147.25 -66.5 0.9081166264282996 11 
0006 0014 1666165096319774 -39.0 -64.0 1.7119225592803755 11 
0006 0008 1666165096348226 23.625 -74.0 1.552388557340269 11 
0006 0013 1666165096351640 4.875 -75.5 1.0369710126106935 11 
0006 0005 1666165096418634 -4.625 -75.0 5.890486225480862 11 
0006 0001 1666165096432740 5.0625 -74.5 4.749204519293945 11 
0006 0009 1666165096439193 2.625 -78.5 1.6873788666742053 11 
0006 0015 1666165096447675 -26.0 -58.5 0.42337869745643697 11 
0006 0007 1666165096449492 61.0 -67.5 3.650874275167826 11 
0006 0006 1666165096450341 0.0 -68.5 3.423845118560751 11 
0006 0004 1666165096451242 -39.0 -58.5 6.068427996875596 11 
0006 0010 1666165096452141 -139.125 -68.5 3.6017868899554855 11 
0006 0013 1666165096453084 -100.0625 -67.0 4.71238898038469 11 
0006 0014 1666165096454859 43.125 -68.0 0.7792622402459057 11 
0006 0001 1666165096473740 -9.0 -74.0 1.7426021750380885 11 
0006 0011 1666165096478851 -4.0625 -73.0 4.657165672020807 11 
0006 0015 1666165096550102 0.0 -62.5 0.619728238305799 11 
0006 0004 1666165096551317 43.125 -65.0 3.4054373491061236 11 
0006 0011 1666165096552242 13.0 -67.0 1.932815792735908 11 
0006 0013 1666165096553397 -4.0625 -60.5 4.933282213840222 11 
0006 0007 1666165096554807 -26.0 -71.0 1.4848934026733007 11 
0006 0014 1666165096555718 39.0 -63.0 4.700117134081604 11 
0006 0006 1666165096556871 -364.5625 -70.0 5.675728915176872 11 
0006 0005 1666165096558558 -4.0625 -71.0 5.418020142812084 11 
0006 0001 1666165096562244 -234.3125 -72.0 2.2334760271614935 11 
0006 0004 1666165096651322 21.9375 -67.5 1.9696313316451632 11 
0006 0005 1666165096652231 0.0 -65.5 6.037748381117884 11 
0006 0015 1666165096653106 -30.0625 -65.0 0.7117670855789375 11 
0006 0013 1666165096654035 -26.0 -60.0 4.7860200582032 11 
0006 0011 1666165096654961 61.0 -68.0 1.9757672547967058 11 
0006 0007 1666165096656668 -30.0625 -66.0 3.3195344249845276 11 
0006 0014 1666165096659507 26.0 -63.5 5.141903600992669 11 
0006 0006 1666165096681776 4.0625 -75.0 5.368932757599744 11 
0006 0013 1666165096763537 -26.0 -60.5 5.062136600022616 11 
0006 0015 1666165096764449 -13.0 -60.0 0.5890486225480862 11 
0006 0004 1666165096765460 -8.9375 -67.5 2.2641556429192065 11 
0006 0005 1666165096767859 61.0 -65.5 5.93343768754166 11 
0006 0014 1666165096769801 21.9375 -61.5 1.932815792735908 11 
0006 0007 1666165096770843 -95.1875 -66.5 2.6384469551633027 11 
0006 0010 1666165096785364 -1.625 -72.5 0.4970097752749477 11 
0006 0006 1666165096797000 12.9375 -70.0 3.2949907323783574 11 
0006 0010 1666165096866128 17.0625 -65.5 4.0128937411088375 11 
0006 0004 1666165096867580 61.0 -69.0 4.6448938257177215 11 
0006 0007 1666165096868521 -178.1875 -67.5 5.442563835418255 11 
0006 0015 1666165096869418 48.0 -64.5 6.166602767300278 11 
0006 0013 1666165096871552 -61.0 -62.0 4.847379289718626 11 
0006 0006 1666165096872714 4.875 -65.0 2.9022916506796332 11 
0006 0005 1666165096877744 143.1875 -72.0 4.06811704947272 11 
0006 0014 1666165096878878 -4.0625 -59.5 4.154019973594316 11 
0006 0014 1666165096969746 8.9375 -64.0 1.3989904785517047 11 
0006 0005 1666165096970677 61.0 -70.0 3.160000423044421 11 
0006 0004 1666165096972057 117.125 -70.5 5.2768939103266055 11 
0006 0007 1666165096973494 -117.125 -67.0 0.8099418560036186 11 
0006 0006 1666165096975156 198.5625 -68.5 3.3011266555298997 11 
0006 0010 1666165096976291 -4.0625 -59.0 4.871922982324796 11 
0006 0011 1666165096977207 -78.0625 -67.5 2.5586799541932495 11 
0006 0015 1666165096982251 -95.1875 -64.0 0.30066023442558565 11 
0006 0008 1666165097005213 -10.5 -74.0 1.6566992509164924 11 
0006 0009 1666165097024326 7.125 -73.5 5.559146375297564 11 
0006 0015 1666165097080120 43.125 -58.5 2.061670178918302 11 
0006 0005 1666165097081610 0.0 -72.0 2.1537090261914402 11 
0006 0014 1666165097083620 -43.125 -64.5 1.4848934026733007 11 
0006 0006 1666165097084770 61.0 -69.5 4.908738521234052 11 
0006 0007 1666165097085624 -21.9375 -67.5 5.915029918087033 11 
0006 0010 1666165097087644 -82.1875 -69.5 3.810408277107933 11 
0006 0008 1666165097088754 -147.25 -70.0 1.184233168247715 11 
0006 0010 1666165097178808 -52.0625 -67.5 4.0558452031696355 11 
0006 0007 1666165097179733 30.0625 -62.5 0.8099418560036186 11 
0006 0014 1666165097181143 -65.0625 -65.5 2.0800779483729293 11 
0006 0012 1666165097182084 -100.0625 -70.5 2.1659808724945253 11 
0006 0006 1666165097185537 -360.5 -71.0 4.945554060143307 11 
0006 0008 1666165097194091 65.0625 -66.0 1.705786636128833 11 
0006 0015 1666165097197700 30.0625 -64.0 3.4606606574700063 11 
0006 0010 1666165097286517 74.0 -64.0 4.669437518323892 11 
0006 0015 1666165097288991 87.0625 -66.5 2.3623304133438876 11 
0006 0008 1666165097291954 4.0625 -65.5 2.227340104009951 11 
0006 0006 1666165097292925 -34.9375 -64.0 0.7669903939428205 11 
0006 0014 1666165097293879 48.0 -62.5 2.5157284921324514 11 
0006 0007 1666165097295626 -26.0 -68.0 5.387340527054372 11 
0006 0012 1666165097296666 -69.125 -72.0 2.2334760271614935 11 
0006 0008 1666165097385325 4.0625 -67.5 1.9696313316451632 11 
0006 0015 1666165097387115 -17.0625 -67.0 3.172272269347506 11 
0006 0010 1666165097388882 -65.0625 -63.5 4.779884135051658 11 
0006 0007 1666165097390928 -39.0 -66.0 5.798447378207723 11 
0006 0006 1666165097391836 48.0 -63.5 0.7976700097005334 11 
0006 0014 1666165097392705 -30.0625 -67.0 2.380738182798515 11 
0006 0012 1666165097405494 -34.5625 -74.5 6.280117345603815 11 
0006 0006 1666165097485920 -78.0625 -66.5 6.013204688511713 11 
0006 0010 1666165097487283 -74.0 -66.0 4.718524903536232 11 
0006 0007 1666165097488211 52.0625 -62.5 1.012427320004523 11 
0006 0012 1666165097490327 -21.9375 -67.5 2.9329712664373457 11 
0006 0015 1666165097493091 -78.0625 -67.0 2.5464081078901644 11 
0006 0014 1666165097494626 -30.0625 -69.0 1.5707963267948966 11 
0006 0008 1666165097534884 -0.4375 -74.0 1.7732817907958012 11 
0006 0007 1666165097589536 -30.0625 -67.0 6.111379458936394 11 
0006 0006 1666165097591960 -48.0 -64.5 0.6013204688511713 11 
0006 0012 1666165097592903 -34.9375 -69.5 2.761165418194154 11 
0006 0010 1666165097593804 182.25 -68.5 4.479223900626073 11 
0006 0015 1666165097595195 -8.9375 -58.0 1.1167380135807468 11 
0006 0014 1666165097597256 17.0625 -63.5 1.4971652489763858 11 
0006 0011 1666165097608610 1.1875 -69.0 5.1817871014776955 11 
0006 0013 1666165097685541 14.625 -78.0 4.166291819897402 11 
0006 0002 1666165097701489 9.25 -78.0 5.080544369477243 11 
0006 0006 1666165097708678 -61.8125 -67.5 4.1601558967458585 11 
0006 0014 1666165097709846 17.0625 -64.5 2.761165418194154 11 
0006 0010 1666165097710969 -4.0625 -57.5 5.080544369477243 11 
0006 0004 1666165097712167 -134.25 -66.5 1.6014759425526093 11 
0006 0011 1666165097714267 4.0625 -68.5 1.7671458676442586 11 
0006 0015 1666165097715151 -17.0625 -60.0 0.32520392703175593 11 
0006 0007 1666165097717853 139.125 -70.0 0.8406214717613314 11 
0006 0002 1666165097747069 -34.9375 -77.5 5.135767677841127 11 
0006 0013 1666165097804116 2.4375 -71.0 5.45483568172134 11 
0006 0013 1666165097822837 -52.0625 -65.5 5.663457068873787 11 
0006 0006 1666165097825363 82.1875 -65.0 1.9819031779482483 11 
0006 0015 1666165097826277 -39.0 -58.0 0.9694758579437253 11 
0006 0004 1666165097828990 -21.9375 -62.0 5.0253210611133605 11 
0006 0007 1666165097830314 -100.0625 -71.5 5.957981380147831 11 
0006 0014 1666165097831423 -30.0625 -66.0 3.442252888015379 11 
0006 0005 1666165097853557 -4.875 -74.0 0.22089323345553233 11 
0006 0010 1666165097914124 0.0 -75.0 4.479223900626073 11 
0006 0001 1666165097922127 2.625 -75.5 4.503767593232243 11 
0006 0015 1666165097947264 34.9375 -64.5 1.1965050145508 11 
0006 0005 1666165097949056 -43.125 -67.0 0.23930100291016002 11 
0006 0013 1666165097950211 -21.9375 -60.5 5.129631754689584 11 
0006 0004 1666165097951096 95.1875 -70.0 1.9512235621905356 11 
0006 0007 1666165097953602 -134.25 -66.0 4.031301510563465 11 
0006 0014 1666165097954935 -74.0 -65.0 6.1420590746941075 11 
0006 0010 1666165097958495 -65.0625 -72.0 4.4976316700806995 11 
0006 0015 1666165098048964 48.0 -65.0 1.0615147052168636 11 
0006 0007 1666165098049860 -17.0625 -64.5 3.9638063558964967 11 
0006 0013 1666165098051243 -13.0 -60.5 4.921010367537137 11 
0006 0005 1666165098052384 48.0 -65.0 0.25770877236478773 11 
0006 0014 1666165098053238 195.25 -63.0 4.442408361716817 11 
0006 0004 1666165098055635 -91.125 -71.0 1.932815792735908 11 
0006 0010 1666165098076401 4.875 -74.0 1.055378782065321 11 
0006 0006 1666165098150698 4.625 -68.5 0.9265243958829272 11 
0006 0015 1666165098157133 17.0625 -60.5 0.9878836273983529 11 
0006 0006 1666165098158497 -30.0625 -66.5 1.1965050145508 11 
0006 0010 1666165098160006 30.0625 -67.0 3.423845118560751 11 
0006 0013 1666165098161191 43.125 -62.5 4.755340442445488 11 
0006 0014 1666165098162833 8.9375 -58.0 6.166602767300278 11 
0006 0005 1666165098166277 -130.1875 -71.5 0.09203884727313846 11 
0006 0007 1666165098173889 -303.5 -72.5 0.9265243958829272 11 
0006 0004 1666165098178976 56.125 -71.0 4.04357335686655 11 
0006 0006 1666165098268585 75.625 -69.0 5.921165841238575 11 
0006 0015 1666165098270179 -61.0 -64.5 0.22089323345553233 11 
0006 0010 1666165098271119 4.0625 -64.0 4.558990901596125 11 
0006 0005 1666165098272774 52.0625 -70.5 4.853515212870168 11 
0006 0014 1666165098273727 -17.0625 -62.0 1.8039614065535141 11 
0006 0004 1666165098275122 -113.0625 -65.5 5.5100589900852235 11 
0006 0013 1666165098276290 13.0 -62.5 4.448544284868359 11 
0006 0007 1666165098277486 -39.0 -65.0 2.5402721847386216 11 
0006 0011 1666165098311143 7.3125 -73.0 5.853670686571607 11 
0006 0008 1666165098321237 1.625 -76.0 0.9572040116406401 11 
0006 0006 1666165098377582 94.375 -67.5 5.595961914206819 11 
0006 0015 1666165098379544 34.9375 -61.5 1.0062913968529805 11 
0006 0010 1666165098381079 -100.0625 -63.0 4.558990901596125 11 
0006 0007 1666165098382186 -4.0625 -67.5 3.000466421104314 11 
0006 0005 1666165098383100 -39.0 -72.0 2.3439226438892597 11 
0006 0014 1666165098384251 21.9375 -64.0 1.2210487071569704 11 
0006 0009 1666165098385776 217.25 -72.0 5.381204603902829 11 
0006 0008 1666165098390291 -182.25 -73.0 0.7240389318820226 11 
0006 0011 1666165098405869 -7.3125 -72.0 0.2699806186678728 11 
0006 0008 1666165098482868 13.0 -70.0 0.1349903093339364 11 
0006 0006 1666165098484517 -113.875 -67.0 0.3190680038802134 11 
0006 0007 1666165098486224 69.125 -63.5 1.3928545554001621 11 
0006 0014 1666165098487163 4.0625 -66.5 1.2946797849754812 11 
0006 0010 1666165098493069 39.0 -65.0 3.877903431774901 11 
0006 0012 1666165098513999 -10.5 -74.0 2.2212041808584084 11 
0006 0003 1666165098527246 -0.4375 -77.0 6.166602767300278 11 
0006 0015 1666165098536545 1.9375 -66.5 5.829126993965437 11 
0006 0008 1666165098593852 17.0625 -66.5 0.8467573949128739 11 
0006 0006 1666165098594819 -4.875 -68.5 5.743224069843841 11 
0006 0014 1666165098598413 61.0 -62.5 1.9880391010997909 11 
0006 0007 1666165098599298 56.125 -66.5 5.221670601962723 11 
0006 0015 1666165098600581 169.25 -64.5 2.2212041808584084 11 
0006 0010 1666165098601650 108.1875 -66.0 4.074252972624263 11 
0006 0003 1666165098624500 8.0625 -76.0 0.7424467013366504 11 
0006 0010 1666165098694067 4.0625 -65.5 4.196971435655114 11 
0006 0006 1666165098695715 -33.3125 -65.0 0.20248546400090464 11 
0006 0015 1666165098696888 286.4375 -66.0 1.945087639038993 11 
0006 0014 1666165098700944 48.0 -64.0 2.0800779483729293 11 
0006 0008 1666165098704149 169.25 -69.5 0.6381360077604268 11 
0006 0007 1666165098705700 -191.1875 -72.5 4.73693267299086 11 
0006 0003 1666165098727733 -31.6875 -76.0 0.9142525495798421 11 
0006 0006 1666165098803981 -9.75 -66.5 6.050020227420969 11 
0006 0007 1666165098806689 4.0625 -63.0 5.957981380147831 11 
0006 0010 1666165098808456 -74.0 -64.0 3.9515345095934116 11 
0006 0012 1666165098809594 8.9375 -71.5 2.3316507975861747 11 
0006 0014 1666165098812091 0.0 -69.5 1.6873788666742053 11 
0006 0013 1666165098847938 -6.5 -77.5 6.062292073724054 11 
0006 0015 1666165098856196 1.625 -68.5 5.160311370447297 11 
0006 0003 1666165098879221 5.75 -76.5 0.11044661672776616 11 
0006 0008 1666165098906627 1.125 -74.5 0.5092816215780329 11 
0006 0006 1666165098921210 146.4375 -67.5 1.4971652489763858 11 
0006 0014 1666165098922404 100.0625 -64.0 1.2701360923693108 11 
0006 0008 1666165098924050 108.1875 -72.5 0.3313398501832985 11 
0006 0015 1666165098925457 4.0625 -57.0 1.5462526341887264 11 
0006 0007 1666165098926372 -130.1875 -67.5 4.3503695144436785 11 
0006 0012 1666165098927326 -82.1875 -67.5 3.2888548092268146 11 
0006 0010 1666165098932353 -351.5 -71.0 3.5772431973493153 11 
0006 0013 1666165098938035 572.875 -75.5 4.95168998329485 11 
0006 0011 1666165098961030 -1.625 -70.5 0.8406214717613314 11 
0006 0009 1666165099016527 1.75 -77.0 1.6505633277649499 11 
0006 0010 1666165099035438 -139.125 -65.0 4.374913207049849 11 
0006 0011 1666165099036772 -8.9375 -64.5 0.2270291566070749 11 
0006 0015 1666165099039574 -78.0625 -62.0 0.0 11 
0006 0007 1666165099041086 26.0 -66.0 4.061981126321178 11 
0006 0006 1666165099041941 118.75 -70.0 0.1227184630308513 11 
0006 0014 1666165099043659 78.0625 -63.5 1.552388557340269 11 
0006 0004 1666165099045207 78.0625 -71.5 1.3928545554001621 11 
0006 0013 1666165099173612 11.25 -75.0 5.994796919057086 11 
0006 0006 1666165099181267 17.0625 -66.0 1.9389517158874505 11 
0006 0014 1666165099182135 -74.0 -70.0 0.7363107781851077 11 
0006 0015 1666165099184026 26.0 -58.0 0.5338253141842031 11 
0006 0007 1666165099185662 52.0625 -67.5 4.405592822807561 11 
0006 0004 1666165099186585 -69.125 -62.0 5.00077736850719 11 
0006 0013 1666165099191157 78.0625 -68.0 3.9085830475326135 11 
0006 0001 1666165099243761 3.8125 -74.5 4.491495746929157 11 
0006 0005 1666165099249071 13.375 -75.5 6.074563920027139 11 
0006 0013 1666165099292939 -34.9375 -61.5 4.25833066717054 11 
0006 0014 1666165099294714 82.1875 -64.5 4.601942363656923 11 
0006 0005 1666165099295658 -65.0625 -71.0 6.1850105367549055 11 
0006 0007 1666165099297067 74.0 -69.5 3.172272269347506 11 
0006 0004 1666165099297965 108.1875 -70.5 1.9573594853420782 11 
0006 0015 1666165099301788 -8.9375 -64.0 0.9387962421860124 11 
0006 0001 1666165099324628 6.5 -74.0 4.657165672020807 11 
0006 0006 1666165099329946 3.1875 -74.5 4.620350133111551 11 
0006 0007 1666165099402198 8.9375 -63.5 3.6815538909255388 11 
0006 0013 1666165099404275 -34.9375 -60.5 4.2092432819582 11 
0006 0014 1666165099405156 -8.9375 -64.5 4.184699589352029 11 
0006 0004 1666165099406014 -48.0 -70.5 1.5892040962495242 11 
0006 0005 1666165099407140 -26.0 -66.0 0.1043106935762236 11 
0006 0015 1666165099409197 39.0 -65.0 0.8099418560036186 11 
0006 0001 1666165099445054 7.625 -75.0 1.4787574795217582 11 
0006 0010 1666165099493214 -0.625 -73.5 3.9453985864418692 11 
0006 0006 1666165099506595 6.375 -72.0 0.23930100291016002 11 
0006 0015 1666165099520486 -104.125 -62.0 0.8774370106705868 11 
0006 0005 1666165099522758 -4.0625 -68.0 5.884350302329319 11 
0006 0006 1666165099523669 -61.8125 -68.5 0.9878836273983529 11 
0006 0013 1666165099526013 -26.0 -63.0 4.1417481272912315 11 
0006 0014 1666165099527205 -8.9375 -56.0 5.602097837358362 11 
0006 0001 1666165099528374 -165.1875 -71.5 1.325359400733194 11 
0006 0007 1666165099529485 234.3125 -70.0 1.6382914814618648 11 
0006 0004 1666165099530510 152.125 -69.5 3.749049045592507 11 
0006 0010 1666165099531692 -74.0 -65.0 3.663146121470911 11 
0006 0015 1666165099621357 30.0625 -65.5 6.1420590746941075 11 
0006 0006 1666165099622747 -17.0625 -66.5 5.098952138931871 11 
0006 0004 1666165099625007 -17.0625 -64.0 5.448699758569798 11 
0006 0010 1666165099625948 -87.0625 -62.5 4.945554060143307 11 
0006 0013 1666165099628204 0.0 -63.5 3.810408277107933 11 
0006 0014 1666165099629135 -152.125 -62.0 2.405281875404685 11 
0006 0007 1666165099630499 82.1875 -65.0 3.6447383520162835 11 
0006 0005 1666165099646178 -7.3125 -75.5 1.239456476611598 11 
0006 0011 1666165099711079 -4.375 -71.5 4.749204519293945 11 
0006 0008 1666165099722891 1.9375 -75.0 0.8099418560036186 11 
0006 0010 1666165099736790 -34.9375 -56.5 4.71238898038469 11 
0006 0006 1666165099739782 -65.0625 -65.0 5.21553467881118 11 
0006 0005 1666165099740808 -43.125 -70.5 2.4605051837685683 11 
0006 0014 1666165099742556 -17.0625 -67.5 0.662679700366597 11 
0006 0015 1666165099743470 21.9375 -62.5 0.8835729338221293 11 
0006 0007 1666165099745313 -17.0625 -65.5 4.614214209960009 11 
0006 0011 1666165099746356 -52.0625 -67.5 5.976389149602458 11 
0006 0008 1666165099750446 230.25 -71.0 0.3129320807286708 11 
