0006 0007 1666165152596743 165.1875 -66.5 2.7979809571034093 11 
0006 0010 1666165152601997 -56.125 -69.5 0.8897088569736719 11 
0006 0014 1666165152603746 -113.0625 -66.0 3.0372819600135696 11 
0006 0015 1666165152604631 87.0625 -65.0 6.14819499784565 11 
0006 0005 1666165152652221 -1.625 -75.5 5.6941366846315 11 
0006 0013 1666165152656992 -0.4375 -74.5 5.080544369477243 11 
0006 0008 1666165152702459 8.0 -74.5 5.620505606812989 11 
0006 0014 1666165152712958 21.9375 -61.5 5.019185137961818 11 
0006 0013 1666165152713891 -230.25 -69.0 4.847379289718626 11 
0006 0005 1666165152722794 -21.9375 -71.0 3.3870295796514958 11 
0006 0008 1666165152734281 -16.25 -72.0 5.976389149602458 11 
0006 0007 1666165152735947 8.5 -74.0 4.531379247414184 11 
0006 0010 1666165152749963 11.4375 -75.0 5.829126993965437 11 
0006 0015 1666165152776957 -2.875 -76.0 5.9518454569962875 11 
0006 0008 1666165152824596 208.3125 -71.5 5.516194913236766 11 
0006 0013 1666165152825837 -78.0625 -69.5 4.460816131171445 11 
0006 0015 1666165152827844 -26.0 -69.0 6.277049384028044 11 
0006 0007 1666165152828814 -186.3125 -73.0 1.227184630308513 11 
0006 0010 1666165152829739 -87.0625 -69.0 0.4540583132141498 11 
0006 0014 1666165152830892 -117.125 -62.0 3.663146121470911 11 
0006 0011 1666165152874797 3.625 -72.5 0.6933593161243098 11 
0006 0006 1666165152918452 3.125 -73.0 1.4173982480063325 11 
0006 0004 1666165152933753 -3.6875 -74.5 4.2031073588066565 11 
0006 0014 1666165152939750 -17.0625 -61.5 4.914874444385594 11 
0006 0007 1666165152940649 -61.0 -66.5 3.485204350076177 11 
0006 0015 1666165152943804 39.0 -71.5 5.706408530934585 11 
0006 0010 1666165152944717 69.125 -64.5 1.552388557340269 11 
0006 0004 1666165152945589 -325.5 -71.5 4.399456899656019 11 
0006 0006 1666165152951255 -113.875 -71.0 2.816388726558037 11 
0006 0013 1666165152986770 -0.4375 -73.5 1.1228739367322893 11 
0006 0011 1666165153053696 -4.375 -73.5 0.09817477042468103 11 
0006 0014 1666165153059342 43.125 -62.5 0.4356505437595221 11 
0006 0005 1666165153060934 43.125 -65.5 1.736466251886546 11 
0006 0010 1666165153062300 -52.0625 -59.5 4.147884050442774 11 
0006 0011 1666165153063454 -208.3125 -69.0 0.25157284921324513 11 
0006 0004 1666165153068039 -26.0 -64.0 6.068427996875596 11 
0006 0013 1666165153069052 4.0625 -68.0 3.067961575771282 11 
0006 0007 1666165153070521 -113.0625 -71.0 5.184855063053467 11 
0006 0006 1666165153115520 4.375 -75.5 0.7301748550335652 11 
0006 0015 1666165153126525 10.1875 -72.0 0.04295146206079795 11 
0006 0015 1666165153172257 -61.0 -62.0 0.9694758579437253 11 
0006 0011 1666165153175348 0.0 -60.0 4.276738436625168 11 
0006 0010 1666165153176280 61.0 -66.0 4.166291819897402 11 
0006 0014 1666165153177177 -26.0 -60.5 0.4295146206079795 11 
0006 0006 1666165153178355 14.625 -67.0 5.835262917116979 11 
0006 0007 1666165153180726 4.0625 -67.0 2.018718716857504 11 
0006 0005 1666165153225057 3.1875 -74.5 3.773592738198677 11 
0006 0008 1666165153246093 -1.9375 -74.5 1.8039614065535141 11 
0006 0004 1666165153272329 -0.1875 -75.0 4.154019973594316 11 
0006 0014 1666165153287226 48.0 -63.0 0.35588354278946877 11 
0006 0008 1666165153291926 -312.4375 -72.0 5.43029198911517 11 
0006 0005 1666165153292851 -52.0625 -68.5 1.0185632431560658 11 
0006 0006 1666165153294145 30.0625 -68.0 5.706408530934585 11 
0006 0010 1666165153295466 39.0 -65.0 2.9759227284981438 11 
0006 0007 1666165153296621 43.125 -66.0 3.773592738198677 11 
0006 0015 1666165153318553 6.5 -72.5 2.435961491162398 11 
0006 0012 1666165153340577 6.5 -76.0 5.473243451175968 11 
0006 0007 1666165153396089 0.0 -64.5 0.8467573949128739 11 
0006 0008 1666165153397020 -217.25 -69.0 5.522330836388308 11 
0006 0005 1666165153397946 61.0 -67.0 1.41126232485479 11 
0006 0015 1666165153399570 113.0625 -66.5 2.030990563160589 11 
0006 0014 1666165153400947 82.1875 -60.5 1.1596894756415448 11 
0006 0010 1666165153402328 -48.0 -66.0 2.705942109830271 11 
0006 0006 1666165153403835 322.25 -68.0 1.4910293258248433 11 
0006 0012 1666165153405344 342.5625 -71.5 1.6751070203711202 11 
0006 0005 1666165153495274 -8.9375 -68.5 1.5155730184310134 11 
0006 0015 1666165153497055 156.1875 -68.0 2.067806102069844 11 
0006 0014 1666165153498335 -69.125 -62.0 1.337631247036279 11 
0006 0007 1666165153500719 61.0 -64.5 1.086058397823034 11 
0006 0010 1666165153501661 -195.25 -65.0 2.8777479580734626 11 
0006 0006 1666165153503418 74.0 -71.0 2.0371264863121317 11 
0006 0012 1666165153529148 11.4375 -75.0 1.6321555583103222 11 
0006 0010 1666165153597020 48.0 -60.5 2.724349879284899 11 
0006 0006 1666165153598182 -4.875 -68.5 1.8714565612204823 11 
0006 0015 1666165153603160 -4.0625 -68.0 0.3374757733348411 11 
0006 0007 1666165153604957 -147.25 -65.0 5.221670601962723 11 
0006 0012 1666165153606254 147.25 -71.0 0.42337869745643697 11 
0006 0014 1666165153607393 -78.0625 -64.5 0.39269908169872414 11 
0006 0014 1666165153698125 -56.125 -60.0 0.28838838812250056 11 
0006 0012 1666165153699931 108.1875 -72.5 0.8222137023067037 11 
0006 0015 1666165153702347 39.0 -59.0 0.6565437772150544 11 
0006 0011 1666165153703259 -91.125 -65.5 3.890175278077986 11 
0006 0010 1666165153705102 -56.125 -69.0 2.5954954931025047 11 
0006 0007 1666165153707303 69.125 -71.0 2.2396119503130363 11 
0006 0006 1666165153751607 -8.5 -71.5 0.5706408530934585 11 
0006 0008 1666165153797010 7.75 -74.0 2.098485717827557 11 
0006 0004 1666165153808454 -5.0625 -72.0 6.234097921967246 11 
0006 0002 1666165153825600 -4.875 -79.0 5.190990986205009 11 
0006 0006 1666165153841042 69.125 -70.0 2.172116795646068 11 
0006 0011 1666165153842989 -21.9375 -65.5 5.424156065963627 11 
0006 0015 1666165153845036 -186.3125 -68.5 5.675728915176872 11 
0006 0014 1666165153845960 17.0625 -62.0 1.227184630308513 11 
0006 0010 1666165153847113 -4.0625 -57.0 2.9697868053466014 11 
0006 0004 1666165153848040 43.125 -66.5 5.368932757599744 11 
0006 0007 1666165153849222 -34.9375 -70.0 5.810719224510809 11 
0006 0005 1666165153851127 -26.0 -72.0 0.5092816215780329 11 
0006 0002 1666165153872703 -42.25 -78.5 1.9880391010997909 11 
0006 0007 1666165153942640 100.0625 -65.0 2.3009711818284617 11 
0006 0010 1666165153945240 65.0625 -61.0 1.3989904785517047 11 
0006 0011 1666165153946408 -17.0625 -69.0 3.6263305825616556 11 
0006 0004 1666165153947533 -91.125 -66.5 4.147884050442774 11 
0006 0014 1666165153948459 178.1875 -68.5 5.540738605842936 11 
0006 0015 1666165153949626 34.9375 -63.0 6.031612457966341 11 
0006 0005 1666165154036326 -1.0625 -75.0 5.332117218690489 11 
0006 0010 1666165154049927 -17.0625 -65.0 0.2454369260617026 11 
0006 0007 1666165154051067 -117.125 -71.5 4.95168998329485 11 
0006 0015 1666165154053863 69.125 -66.5 0.030679615757712823 11 
0006 0014 1666165154054873 -13.0 -62.0 4.1417481272912315 11 
0006 0005 1666165154058388 13.0 -71.0 2.2580197197676637 11 
0006 0013 1666165154070886 -15.375 -73.0 4.344233591292136 11 
0006 0008 1666165154148323 -52.0625 -68.0 5.896622148632405 11 
0006 0005 1666165154150865 56.125 -69.5 2.2641556429192065 11 
0006 0010 1666165154154435 -39.0 -65.5 0.32520392703175593 11 
0006 0007 1666165154157306 48.0 -72.0 5.148039524144211 11 
0006 0014 1666165154158487 -56.125 -62.5 4.466952054322987 11 
0006 0015 1666165154173576 -1.625 -75.0 6.154330920997192 11 
0006 0013 1666165154179824 20.25 -73.5 0.9326603190344698 11 
0006 0007 1666165154254616 -95.1875 -67.0 3.3870295796514958 11 
0006 0014 1666165154256663 -17.0625 -64.5 2.1230294104337273 11 
0006 0010 1666165154257562 -48.0 -62.5 1.030835089459151 11 
0006 0015 1666165154261249 17.0625 -67.0 0.3129320807286708 11 
0006 0011 1666165154266792 4.0625 -72.5 3.6754179677739964 11 
0006 0005 1666165154309565 -1.9375 -77.5 1.3069516312785663 11 
0006 0004 1666165154356231 3.6875 -74.0 4.8351074434155406 11 
0006 0010 1666165154372148 4.0625 -60.0 3.509748042682347 11 
0006 0004 1666165154374924 -104.125 -69.5 5.221670601962723 11 
0006 0014 1666165154376100 -69.125 -61.5 2.8838838812250054 11 
0006 0005 1666165154379604 48.0 -69.0 0.9019807032767571 11 
0006 0007 1666165154380560 -17.0625 -70.5 0.14112623248547898 11 
0006 0015 1666165154399918 -10.5 -74.0 1.6260196351587797 11 
0006 0011 1666165154403195 9.0 -71.0 6.270913460876501 11 
0006 0006 1666165154423277 9.25 -76.0 0.6933593161243098 11 
0006 0010 1666165154479570 -61.0 -58.5 4.215379205109742 11 
0006 0007 1666165154482098 4.0625 -68.0 0.5276893910326605 11 
0006 0011 1666165154482981 -8.9375 -65.0 4.485359823777615 11 
0006 0014 1666165154484983 -17.0625 -60.5 0.3313398501832985 11 
0006 0004 1666165154486535 13.0 -69.5 0.4663301595172349 11 
0006 0015 1666165154487733 -61.0 -70.5 5.939573610693203 11 
0006 0006 1666165154494115 22.75 -72.5 4.4976316700806995 11 
0006 0006 1666165154577249 -70.75 -70.5 0.7853981633974483 11 
0006 0010 1666165154579736 34.9375 -66.0 3.816544200259475 11 
0006 0014 1666165154581710 -17.0625 -60.0 0.5829126993965437 11 
0006 0015 1666165154583542 13.0 -58.5 1.2210487071569704 11 
0006 0007 1666165154584680 21.9375 -60.5 6.080699843178682 11 
0006 0011 1666165154585980 -100.0625 -66.5 4.442408361716817 11 
0006 0008 1666165154668382 1.5 -75.0 1.8285050991596843 11 
0006 0006 1666165154681661 -43.125 -66.5 1.0185632431560658 11 
0006 0005 1666165154682799 -30.0625 -70.5 1.012427320004523 11 
0006 0007 1666165154689440 -17.0625 -69.0 3.749049045592507 11 
0006 0012 1666165154690707 -8.9375 -74.0 1.3621749396424494 11 
0006 0014 1666165154691562 13.0 -61.5 0.7669903939428205 11 
0006 0010 1666165154692462 -113.0625 -65.5 3.5158839658338894 11 
0006 0015 1666165154696118 37.8125 -70.5 5.341321103417803 11 
0006 0008 1666165154714194 15.375 -72.0 5.2339424482658075 11 
0006 0014 1666165154785353 -21.9375 -60.0 1.5892040962495242 11 
0006 0010 1666165154786493 30.0625 -66.0 3.448388811166921 11 
0006 0007 1666165154790097 91.125 -67.5 1.8775924843720249 11 
0006 0006 1666165154791220 397.9375 -70.0 2.3746022596469727 11 
0006 0008 1666165154792157 178.1875 -70.5 5.387340527054372 11 
0006 0005 1666165154793057 256.3125 -70.5 1.1106020904292042 11 
0006 0015 1666165154794208 -117.125 -65.0 2.3071071049800045 11 
0006 0012 1666165154795718 139.125 -72.5 2.6813984172241008 11 
0006 0010 1666165154885940 -95.1875 -64.5 3.7551849687440497 11 
0006 0014 1666165154893959 34.9375 -62.0 1.368310862793992 11 
0006 0007 1666165154894898 -4.0625 -69.0 3.650874275167826 11 
0006 0012 1666165154896551 78.0625 -71.5 2.8777479580734626 11 
0006 0006 1666165154897731 -87.0625 -72.0 3.0066023442558567 11 
0006 0015 1666165154968188 0.8125 -73.0 4.264466590322082 11 
0006 0012 1666165154997677 78.0625 -68.0 1.9634954084936207 11 
0006 0014 1666165154998559 -34.9375 -63.5 0.8713010875190442 11 
0006 0010 1666165155000164 -8.9375 -62.0 3.5158839658338894 11 
0006 0015 1666165155002925 61.0 -62.0 1.5401167110371838 11 
0006 0006 1666165155004219 113.875 -65.5 1.509437095279471 11 
0006 0007 1666165155005099 -4.0625 -63.0 0.18407769454627693 11 
0006 0008 1666165155076618 5.0625 -74.5 2.4850488763747385 11 
0006 0007 1666165155104573 21.9375 -71.0 5.64504929941916 11 
0006 0014 1666165155105698 -26.0 -60.5 0.6994952392758523 11 
0006 0015 1666165155106596 21.9375 -62.0 0.859029241215959 11 
0006 0011 1666165155108201 -61.0 -61.5 4.871922982324796 11 
0006 0010 1666165155109597 -100.0625 -69.0 4.460816131171445 11 
0006 0006 1666165155121908 7.6875 -71.0 0.4356505437595221 11 
0006 0005 1666165155165406 4.375 -77.0 1.227184630308513 11 
0006 0013 1666165155172731 -10.1875 -79.0 0.4540583132141498 11 
0006 0010 1666165155217343 -56.125 -59.5 3.902447124381071 11 
0006 0011 1666165155218468 61.0 -63.5 5.939573610693203 11 
0006 0007 1666165155221551 56.125 -70.0 5.608233760509904 11 
0006 0004 1666165155222717 -8.9375 -63.5 6.14819499784565 11 
0006 0015 1666165155223632 -26.0 -62.5 0.34974761963792617 11 
0006 0014 1666165155225335 48.0 -62.0 2.0493983326152168 11 
0006 0006 1666165155226388 26.0 -69.0 0.3190680038802134 11 
0006 0005 1666165155227530 221.3125 -70.5 0.9510680884890975 11 
0006 0002 1666165155256166 20.25 -78.0 5.651185222570702 11 
0006 0011 1666165155325687 -95.1875 -69.5 4.76147636559703 11 
0006 0006 1666165155328416 246.5625 -71.0 0.9878836273983529 11 
0006 0007 1666165155329311 13.0 -66.0 3.4606606574700063 11 
0006 0015 1666165155331288 8.9375 -59.5 0.7731263170943632 11 
0006 0014 1666165155333024 17.0625 -67.5 2.761165418194154 11 
0006 0004 1666165155334178 -43.125 -65.0 4.4362724385652745 11 
0006 0014 1666165155423914 -52.0625 -60.0 5.135767677841127 11 
0006 0013 1666165155427009 247.375 -71.0 5.313709449235861 11 
0006 0015 1666165155427977 56.125 -68.0 0.9019807032767571 11 
0006 0004 1666165155429428 -17.0625 -71.0 3.9269908169872414 11 
0006 0005 1666165155446174 -83.375 -74.0 0.25770877236478773 11 
0006 0008 1666165155459075 -4.875 -74.0 0.07976700097005335 11 
0006 0007 1666165155497548 9.75 -76.5 1.325359400733194 11 
0006 0014 1666165155542498 17.0625 -61.5 5.031456984264903 11 
0006 0013 1666165155545668 -17.0625 -71.0 5.154175447295755 11 
0006 0015 1666165155549107 -39.0 -71.0 0.760854470791278 11 
0006 0005 1666165155550727 238.4375 -73.0 3.313398501832985 11 
0006 0008 1666165155552571 108.1875 -70.0 0.28838838812250056 11 
0006 0004 1666165155566320 -5.625 -73.0 0.46019423636569234 11 
0006 0007 1666165155576825 1.625 -75.5 6.264777537724958 11 
0006 0010 1666165155632044 6.375 -72.5 2.5280003384355365 11 
0006 0004 1666165155652767 56.125 -66.0 4.061981126321178 11 
0006 0011 1666165155653934 -121.25 -70.5 4.651029748869264 11 
0006 0015 1666165155656634 13.0 -63.0 0.8651651643675016 11 
0006 0014 1666165155659293 -21.9375 -66.0 1.1044661672776617 11 
0006 0010 1666165155660655 8.9375 -67.5 2.718213956133356 11 
0006 0007 1666165155661583 61.0 -66.5 3.6324665057131984 11 
0006 0006 1666165155662592 91.125 -70.0 1.6873788666742053 11 
0006 0005 1666165155723888 -3.1875 -75.5 5.381204603902829 11 
0006 0014 1666165155758906 0.0 -60.5 2.761165418194154 11 
0006 0004 1666165155760391 17.0625 -62.5 5.626641529964532 11 
0006 0015 1666165155761575 87.0625 -69.5 6.080699843178682 11 
0006 0010 1666165155762475 -65.0625 -62.5 4.338097668140593 11 
0006 0007 1666165155763627 30.0625 -66.5 0.8835729338221293 11 
0006 0005 1666165155765125 -347.4375 -70.0 2.098485717827557 11 
0006 0006 1666165155766331 -142.375 -69.5 0.07363107781851078 11 
0006 0011 1666165155770984 5.25 -72.0 6.086835766330224 11 
0006 0011 1666165155855880 -30.0625 -62.5 5.209398755659637 11 
0006 0007 1666165155858970 65.0625 -67.5 1.509437095279471 11 
0006 0014 1666165155860793 -65.0625 -62.0 0.7792622402459057 11 
0006 0006 1666165155861689 -208.3125 -69.5 5.5714182216006485 11 
0006 0015 1666165155862887 -134.25 -69.0 0.5460971604872883 11 
0006 0010 1666165155864010 -26.0 -60.5 4.822835597112456 11 
0006 0013 1666165155865295 -147.25 -73.0 4.7307967498393175 11 
0006 0005 1666165155867825 -212.375 -72.0 1.6014759425526093 11 
0006 0010 1666165155956006 -39.0 -66.5 3.767456815047135 11 
0006 0007 1666165155959121 4.0625 -62.0 0.4295146206079795 11 
0006 0015 1666165155961124 0.0 -58.5 1.6935147898257479 11 
0006 0014 1666165155962039 -13.0 -61.5 0.8160777791551611 11 
0006 0011 1666165155962938 -21.9375 -66.5 4.577398671050753 11 
0006 0006 1666165155967578 45.5625 -72.5 5.43029198911517 11 
0006 0006 1666165156052098 118.75 -69.0 1.3560390164909069 11 
0006 0014 1666165156054564 43.125 -61.0 0.9694758579437253 11 
0006 0010 1666165156057393 -147.25 -64.5 3.8288160465625602 11 
0006 0007 1666165156058303 -26.0 -68.0 3.9576704327449543 11 
0006 0008 1666165156059174 -221.3125 -68.5 0.04295146206079795 11 
0006 0015 1666165156094739 6.5 -72.5 6.209554229361076 11 
0006 0007 1666165156151820 13.0 -68.0 1.9389517158874505 11 
0006 0012 1666165156153005 139.125 -70.5 3.663146121470911 11 
0006 0014 1666165156154371 13.0 -60.0 1.6444274046134073 11 
0006 0015 1666165156155558 -186.3125 -68.0 3.153864499892878 11 
0006 0008 1666165156157658 74.0 -71.0 0.1718058482431918 11 
0006 0010 1666165156161250 -17.0625 -64.5 3.6140587362585705 11 
0006 0005 1666165156162346 95.1875 -73.0 1.3192234775816514 11 
0006 0014 1666165156253681 -39.0 -60.5 1.6873788666742053 11 
0006 0010 1666165156255329 -21.9375 -62.0 3.442252888015379 11 
0006 0012 1666165156256753 169.25 -71.5 2.705942109830271 11 
0006 0015 1666165156343596 -0.4375 -71.5 4.804427827657828 11 
0006 0006 1666165156356625 95.1875 -65.5 2.5280003384355365 11 
0006 0014 1666165156358004 56.125 -61.5 0.9756117810952678 11 
0006 0010 1666165156361299 -4.0625 -62.0 3.650874275167826 11 
0006 0015 1666165156362681 -30.0625 -64.5 1.8653206380689396 11 
0006 0007 1666165156363579 -17.0625 -63.0 0.1718058482431918 11 
0006 0012 1666165156365829 -100.0625 -68.5 2.0923497946760143 11 
0006 0015 1666165156455112 -30.0625 -59.5 1.0246991663076084 11 
0006 0011 1666165156457060 13.0 -62.0 4.2092432819582 11 
0006 0014 1666165156457987 -52.0625 -59.5 0.8160777791551611 11 
0006 0010 1666165156459134 0.0 -66.5 4.031301510563465 11 
0006 0012 1666165156461715 -82.1875 -71.0 1.8039614065535141 11 
0006 0007 1666165156462671 43.125 -71.0 5.872078456026235 11 
0006 0006 1666165156505344 -3.625 -68.5 5.737088146692298 11 
0006 0004 1666165156512700 -4.375 -76.0 2.313243028131547 11 
0006 0005 1666165156556197 -2.3125 -73.0 4.1601558967458585 11 
0006 0010 1666165156567746 -48.0 -56.0 4.356505437595221 11 
0006 0005 1666165156569439 30.0625 -70.0 1.030835089459151 11 
0006 0015 1666165156571163 -82.1875 -63.5 0.32520392703175593 11 
0006 0011 1666165156573708 48.0 -65.5 5.970253226450915 11 
0006 0006 1666165156575003 -132.625 -73.0 1.564660403643354 11 
0006 0007 1666165156575900 -91.125 -70.5 5.822991070813893 11 
0006 0014 1666165156576839 -21.9375 -61.5 2.0800779483729293 11 
0006 0004 1666165156577794 -39.0 -65.0 0.3988350048502667 11 
0006 0002 1666165156600484 -11.4375 -76.5 0.12885438618239387 11 
0006 0007 1666165156674633 -34.9375 -65.5 3.380893656499953 11 
0006 0010 1666165156675673 -69.125 -61.0 3.031146036862027 11 
0006 0015 1666165156676783 34.9375 -59.0 0.42337869745643697 11 
0006 0014 1666165156678475 -334.4375 -71.5 1.9266798695843652 11 
0006 0004 1666165156679427 30.0625 -64.0 4.374913207049849 11 
0006 0006 1666165156680932 52.0625 -71.5 0.8651651643675016 11 
0006 0011 1666165156699119 -2.4375 -72.5 1.2946797849754812 11 
0006 0013 1666165156726816 -7.75 -73.0 6.240233845118788 11 
0006 0005 1666165156769547 3.5625 -74.5 0.02454369260617026 11 
0006 0008 1666165156778942 1.25 -73.0 0.018407769454627694 11 
0006 0015 1666165156797628 30.0625 -68.5 0.7424467013366504 11 
0006 0014 1666165156799829 -21.9375 -61.5 5.608233760509904 11 
0006 0013 1666165156802597 -195.25 -69.5 5.405748296509 11 
0006 0005 1666165156803906 -39.0 -71.5 4.0558452031696355 11 
0006 0008 1666165156808312 4.0625 -67.5 0.7485826244881929 11 
0006 0007 1666165156831401 19.5 -75.5 3.3502140407422405 11 
0006 0010 1666165156874602 -6.0625 -75.5 0.4295146206079795 11 
0006 0004 1666165156891941 -0.4375 -75.0 0.4540583132141498 11 
0006 0004 1666165156934786 -17.0625 -71.0 3.877903431774901 11 
0006 0014 1666165156937074 -56.125 -61.0 4.773748211900116 11 
0006 0015 1666165156938824 -100.0625 -70.0 0.8467573949128739 11 
0006 0008 1666165156941134 65.0625 -68.0 0.6258641614573416 11 
0006 0005 1666165156942017 -13.0 -70.0 3.074097498922825 11 
0006 0010 1666165156944442 -48.0 -70.0 1.055378782065321 11 
0006 0013 1666165156945940 199.375 -68.0 4.583534594202296 11 
0006 0007 1666165156946836 -48.0 -70.0 5.21553467881118 11 
0006 0006 1666165156993657 3.3125 -75.0 3.988350048502667 11 
0006 0004 1666165157040251 -130.1875 -65.0 4.528311285838413 11 
0006 0007 1666165157043747 117.125 -65.0 2.705942109830271 11 
0006 0015 1666165157044660 -43.125 -67.0 0.25157284921324513 11 
0006 0010 1666165157045813 65.0625 -62.0 2.086213871524472 11 
0006 0014 1666165157046697 87.0625 -64.5 6.14819499784565 11 
0006 0006 1666165157049634 78.0625 -72.5 2.1966604882522383 11 
0006 0005 1666165157070066 9.75 -75.5 5.485515297479052 11 
0006 0013 1666165157128678 -0.1875 -71.0 0.5276893910326605 11 
0006 0011 1666165157147241 -1.0625 -70.5 0.0674951546669682 11 
0006 0005 1666165157153649 21.9375 -67.5 1.6689710972195777 11 
0006 0014 1666165157155721 21.9375 -61.0 1.1535535524900022 11 
0006 0011 1666165157157474 74.0 -68.0 6.080699843178682 11 
0006 0007 1666165157158403 -390.5625 -72.0 5.00077736850719 11 
0006 0004 1666165157159283 4.0625 -66.0 6.2463697682703305 11 
0006 0010 1666165157160889 -8.9375 -58.5 3.816544200259475 11 
0006 0013 1666165157161807 -74.0 -67.5 3.9760782021995817 11 
0006 0006 1666165157209906 1.1875 -73.5 4.798291904506286 11 
0006 0015 1666165157213651 -7.75 -74.5 0.15339807878856412 11 
0006 0014 1666165157260438 17.0625 -59.5 0.9510680884890975 11 
0006 0006 1666165157262740 21.9375 -66.5 6.086835766330224 11 
0006 0015 1666165157264279 26.0 -64.0 1.012427320004523 11 
0006 0011 1666165157265533 8.9375 -61.0 3.6692820446224537 11 
0006 0010 1666165157266475 -13.0 -64.5 4.190835512503572 11 
0006 0007 1666165157267373 -39.0 -68.0 2.5832236467994196 11 
0006 0005 1666165157343955 3.1875 -73.5 3.767456815047135 11 
0006 0005 1666165157363479 -34.9375 -72.5 0.7240389318820226 11 
0006 0015 1666165157365031 -61.0 -69.0 2.227340104009951 11 
0006 0006 1666165157366192 0.0 -66.0 0.12885438618239387 11 
0006 0014 1666165157367561 26.0 -60.5 0.9878836273983529 11 
0006 0007 1666165157368954 -139.125 -63.5 5.283029833478148 11 
0006 0008 1666165157370062 -69.125 -70.0 6.000932842208628 11 
0006 0010 1666165157370941 0.0 -65.0 3.031146036862027 11 
0006 0014 1666165157463898 17.0625 -59.0 1.6260196351587797 11 
0006 0010 1666165157464827 -34.9375 -65.5 3.031146036862027 11 
0006 0015 1666165157466565 -56.125 -66.0 2.521864415283994 11 
0006 0008 1666165157467464 117.125 -68.0 0.05522330836388308 11 
0006 0007 1666165157468853 -8.9375 -65.0 2.12916533358527 11 
0006 0005 1666165157469741 130.1875 -70.5 1.282407938672396 11 
0006 0006 1666165157470878 -117.125 -69.5 2.423689644859313 11 
