0006 0014 1666165323944941 -52.0625 -66.0 5.780039608753096 11 
0006 0008 1666165323947144 212.375 -70.5 0.04295146206079795 11 
0006 0005 1666165323948908 -52.0625 -64.0 5.221670601962723 11 
0006 0010 1666165323950314 -78.0625 -62.0 2.9391071895888885 11 
0006 0015 1666165323952320 -56.125 -67.0 2.270291566070749 11 
0006 0012 1666165323953534 160.3125 -72.5 2.2334760271614935 11 
0006 0006 1666165324019061 3.6875 -73.5 6.154330920997192 11 
0006 0007 1666165324039657 0.0 -67.5 6.117515382087937 11 
0006 0014 1666165324057008 -95.1875 -67.5 5.485515297479052 11 
0006 0006 1666165324058003 -14.625 -68.5 3.399301425954581 11 
0006 0010 1666165324059113 26.0 -58.5 2.478912953223196 11 
0006 0007 1666165324060238 -13.0 -65.0 3.411573272257666 11 
0006 0012 1666165324062471 13.0 -70.5 0.9387962421860124 11 
0006 0015 1666165324069939 33.75 -71.5 0.7240389318820226 11 
0006 0008 1666165324104606 12.3125 -74.0 6.2463697682703305 11 
0006 0005 1666165324116367 -2.875 -71.0 4.773748211900116 11 
0006 0011 1666165324154951 2.3125 -71.5 1.6444274046134073 11 
0006 0013 1666165324165090 -2.5 -77.0 0.22089323345553233 11 
0006 0014 1666165324173073 -30.0625 -63.0 5.50392306693368 11 
0006 0010 1666165324175347 -13.0 -64.0 2.742757648739526 11 
0006 0007 1666165324177127 91.125 -66.5 1.9512235621905356 11 
0006 0011 1666165324178237 -13.0 -65.5 4.773748211900116 11 
0006 0006 1666165324179105 78.0625 -71.0 5.626641529964532 11 
0006 0005 1666165324180258 34.9375 -61.0 5.411884219660542 11 
0006 0015 1666165324181174 -34.9375 -64.0 5.325981295538946 11 
0006 0008 1666165324221228 0.875 -74.5 6.050020227420969 11 
0006 0013 1666165324272422 1.25 -79.0 5.3198453723874035 11 
0006 0006 1666165324285424 -48.0 -64.0 3.429981041712294 11 
0006 0005 1666165324286362 4.0625 -62.5 1.2087768608538851 11 
0006 0010 1666165324287275 8.9375 -56.0 2.9943304979527716 11 
0006 0011 1666165324289888 -4.0625 -62.0 4.81056375080937 11 
0006 0015 1666165324290819 -65.0625 -62.5 5.019185137961818 11 
0006 0014 1666165324291744 48.0 -62.5 1.6935147898257479 11 
0006 0004 1666165324292868 39.0 -61.0 0.2761165418194154 11 
0006 0007 1666165324295215 -13.0 -70.0 2.6445828783148455 11 
0006 0002 1666165324301864 -238.4375 -73.5 3.3747577333484107 11 
0006 0013 1666165324325128 0.75 -76.0 5.546874528994478 11 
0006 0009 1666165324355576 -12.8125 -78.0 6.17273869045182 11 
0006 0008 1666165324394449 -5.5625 -74.0 2.9697868053466014 11 
0006 0007 1666165324409807 113.0625 -70.0 1.6935147898257479 11 
0006 0005 1666165324412109 -34.9375 -63.5 4.76147636559703 11 
0006 0011 1666165324413005 17.0625 -64.0 5.203262832508095 11 
0006 0015 1666165324414685 -91.125 -61.5 5.424156065963627 11 
0006 0004 1666165324416122 -17.0625 -56.5 3.773592738198677 11 
0006 0013 1666165324419292 -34.9375 -68.5 4.2092432819582 11 
0006 0006 1666165324420216 151.3125 -70.5 0.5767767762450011 11 
0006 0014 1666165324421918 4.0625 -66.0 2.405281875404685 11 
0006 0009 1666165324426533 -43.125 -72.5 3.7122335066832517 11 
0006 0002 1666165324427981 230.25 -75.0 2.5280003384355365 11 
0006 0008 1666165324450772 1.625 -73.5 0.06135923151542565 11 
0006 0011 1666165324519756 65.0625 -64.0 4.681709364626977 11 
0006 0004 1666165324521246 13.0 -63.0 2.2518837966161214 11 
0006 0015 1666165324523637 -104.125 -66.5 5.43029198911517 11 
0006 0008 1666165324525667 26.0 -70.5 0.23930100291016002 11 
0006 0013 1666165324527919 69.125 -66.5 3.3379421944391554 11 
0006 0005 1666165324528819 -100.0625 -62.5 5.436427912266712 11 
0006 0006 1666165324530111 -66.6875 -69.5 2.8286605728611223 11 
0006 0014 1666165324618238 -2.625 -70.0 0.0 11 
0006 0015 1666165324630687 -52.0625 -64.5 5.540738605842936 11 
0006 0004 1666165324631992 -8.9375 -61.0 2.442097414313941 11 
0006 0011 1666165324634016 -65.0625 -63.5 4.865787059173254 11 
0006 0014 1666165324635523 -21.9375 -66.0 2.429825568010856 11 
0006 0005 1666165324636449 13.0 -62.0 5.307573526084319 11 
0006 0006 1666165324637400 -4.0625 -68.5 3.399301425954581 11 
0006 0013 1666165324638363 -208.3125 -65.5 4.0128937411088375 11 
0006 0008 1666165324639415 104.125 -71.0 0.07363107781851078 11 
0006 0015 1666165324727621 13.0 -63.0 5.3627968344482015 11 
0006 0013 1666165324728805 -108.1875 -67.5 4.356505437595221 11 
0006 0011 1666165324729916 -91.125 -66.5 4.859651136021712 11 
0006 0010 1666165324731312 -74.0 -66.5 3.0802334220743677 11 
0006 0004 1666165324733182 -17.0625 -57.0 3.8533597391687304 11 
0006 0007 1666165324736868 95.1875 -67.5 2.116893487282185 11 
0006 0006 1666165324739048 -18.6875 -68.5 1.7671458676442586 11 
0006 0005 1666165324739960 4.0625 -61.0 4.847379289718626 11 
0006 0014 1666165324741850 -43.125 -61.5 4.577398671050753 11 
0006 0008 1666165324770345 -6.5 -72.0 0.34974761963792617 11 
0006 0009 1666165324773203 23.625 -76.5 1.1106020904292042 11 
0006 0002 1666165324779111 -17.8125 -78.0 6.086835766330224 11 
0006 0004 1666165324849768 -8.9375 -54.0 5.71868037723767 11 
0006 0007 1666165324850954 -277.4375 -70.5 4.190835512503572 11 
0006 0005 1666165324852360 39.0 -63.5 1.7916895602504288 11 
0006 0011 1666165324853242 -17.0625 -63.5 5.252350217720435 11 
0006 0015 1666165324854597 -143.1875 -66.0 4.804427827657828 11 
0006 0010 1666165324857735 -39.0 -62.0 3.56497135104623 11 
0006 0013 1666165324860208 -21.9375 -64.0 3.6324665057131984 11 
0006 0006 1666165324861120 191.1875 -68.5 2.098485717827557 11 
0006 0014 1666165324862243 -21.9375 -66.5 6.178874613603362 11 
0006 0008 1666165324864976 0.0 -70.0 0.1043106935762236 11 
0006 0009 1666165324914161 8.0625 -72.5 5.0682725231741586 11 
0006 0014 1666165324959135 -91.125 -67.5 6.14819499784565 11 
0006 0015 1666165324960376 30.0625 -62.5 5.976389149602458 11 
0006 0010 1666165324961544 56.125 -68.0 2.9206994201342606 11 
0006 0011 1666165324962441 -13.0 -61.0 4.338097668140593 11 
0006 0005 1666165324963383 17.0625 -60.5 5.399612373357457 11 
0006 0007 1666165324964510 48.0 -65.5 1.0737865515199487 11 
0006 0008 1666165324966300 -61.0 -68.5 6.19728238305799 11 
0006 0004 1666165324967615 -78.0625 -68.5 2.945243112740431 11 
0006 0006 1666165324968553 -174.9375 -72.5 3.454524734318464 11 
0006 0007 1666165325057136 -39.0 -64.0 3.5772431973493153 11 
0006 0010 1666165325058077 -34.9375 -64.0 2.405281875404685 11 
0006 0014 1666165325059470 -56.125 -66.5 5.957981380147831 11 
0006 0006 1666165325060650 17.0625 -63.5 3.2643111166206444 11 
0006 0008 1666165325064749 -61.0 -65.0 0.4049709280018093 11 
0006 0012 1666165325083136 7.3125 -73.5 1.7978254834019713 11 
0006 0005 1666165325090798 -8.0625 -70.5 5.700272607783043 11 
0006 0015 1666165325116746 6.8125 -70.5 1.4542137869155878 11 
0006 0015 1666165325164150 -78.0625 -70.5 1.576932249946439 11 
0006 0008 1666165325166352 30.0625 -66.5 0.48473792897186263 11 
0006 0005 1666165325167520 13.0 -63.0 5.393476450205914 11 
0006 0010 1666165325168689 -30.0625 -65.0 2.9329712664373457 11 
0006 0014 1666165325170125 69.125 -66.5 0.39269908169872414 11 
0006 0012 1666165325263746 3.1875 -74.5 5.21553467881118 11 
0006 0006 1666165325277755 -0.1875 -73.0 0.34974761963792617 11 
0006 0005 1666165325285424 -69.125 -63.5 5.546874528994478 11 
0006 0010 1666165325289027 8.9375 -62.0 2.705942109830271 11 
0006 0014 1666165325290592 74.0 -68.0 5.9088939949354895 11 
0006 0012 1666165325295528 78.0625 -70.5 1.7548740213411735 11 
0006 0006 1666165325303973 -15.0 -69.0 0.5031456984264903 11 
0006 0015 1666165325372222 -0.1875 -70.5 3.32567034813607 11 
0006 0015 1666165325393358 8.9375 -63.5 6.160466844148735 11 
0006 0007 1666165325394241 4.0625 -62.5 4.25833066717054 11 
0006 0014 1666165325395337 4.0625 -67.0 5.859806609723149 11 
0006 0006 1666165325397355 -9.75 -63.0 3.074097498922825 11 
0006 0012 1666165325400820 243.3125 -70.5 1.9880391010997909 11 
0006 0008 1666165325401998 43.125 -72.5 6.2034183062095325 11 
0006 0010 1666165325403386 0.0 -61.5 2.466641106920111 11 
0006 0011 1666165325411203 26.0 -71.5 0.9480001269133262 11 
0006 0005 1666165325428802 12.1875 -69.5 4.755340442445488 11 
0006 0013 1666165325456079 -15.375 -74.0 5.5714182216006485 11 
0006 0009 1666165325504667 3.9375 -76.5 0.9817477042468103 11 
0006 0004 1666165325518403 -7.0625 -73.5 1.521708941582556 11 
0006 0006 1666165325524286 -56.9375 -66.5 0.4111068511533518 11 
0006 0007 1666165325526461 26.0 -71.0 5.21553467881118 11 
0006 0011 1666165325527374 -52.0625 -60.5 5.013049214810275 11 
0006 0004 1666165325528285 61.0 -68.5 0.9940195505498954 11 
0006 0010 1666165325529707 -21.9375 -62.0 4.111068511533518 11 
0006 0014 1666165325530845 87.0625 -63.0 5.393476450205914 11 
0006 0005 1666165325532494 21.9375 -61.0 0.0 11 
0006 0015 1666165325533905 65.0625 -63.0 4.270602513473625 11 
0006 0008 1666165325536546 -87.0625 -70.0 5.0682725231741586 11 
0006 0013 1666165325555105 1.625 -78.0 4.878058905476339 11 
0006 0009 1666165325599236 -0.4375 -77.0 0.1902136176978195 11 
0006 0004 1666165325637070 -52.0625 -55.0 4.448544284868359 11 
0006 0006 1666165325638234 -109.0 -66.0 3.1968159619536762 11 
0006 0010 1666165325639101 4.0625 -62.5 2.454369260617026 11 
0006 0011 1666165325640512 56.125 -66.0 5.405748296509 11 
0006 0015 1666165325641907 -48.0 -60.5 4.95168998329485 11 
0006 0005 1666165325643116 21.9375 -63.5 3.129320807286708 11 
0006 0014 1666165325646017 8.9375 -68.0 4.0128937411088375 11 
0006 0007 1666165325647609 17.0625 -73.0 6.080699843178682 11 
0006 0013 1666165325649672 -30.0625 -70.5 1.4051264017032472 11 
0006 0002 1666165325663080 230.25 -72.5 1.748738098189631 11 
0006 0009 1666165325685595 11.4375 -78.0 5.6941366846315 11 
0006 0008 1666165325736536 0.4375 -75.5 1.5462526341887264 11 
0006 0001 1666165325767459 -4.875 -75.5 1.1106020904292042 11 
0006 0015 1666165325773577 -26.0 -64.5 5.258486140871978 11 
0006 0004 1666165325775224 4.0625 -63.0 1.3867186322486196 11 
0006 0014 1666165325777657 156.1875 -65.5 1.9205439464328227 11 
0006 0008 1666165325779206 39.0 -71.5 4.743068596142402 11 
0006 0011 1666165325780373 -26.0 -62.5 5.019185137961818 11 
0006 0010 1666165325781567 -87.0625 -68.0 0.3374757733348411 11 
0006 0007 1666165325782508 -100.0625 -71.0 3.3379421944391554 11 
0006 0013 1666165325784075 43.125 -67.0 2.60776733940559 11 
0006 0005 1666165325785636 69.125 -65.0 4.792155981354743 11 
0006 0006 1666165325786519 -91.125 -68.0 2.2886993355253766 11 
0006 0001 1666165325821201 3.0 -75.5 1.0369710126106935 11 
0006 0004 1666165325883088 -126.125 -65.5 0.8222137023067037 11 
0006 0014 1666165325884409 -13.0 -67.5 2.2948352586769194 11 
0006 0010 1666165325885535 30.0625 -68.0 6.007068765360171 11 
0006 0015 1666165325886731 -43.125 -66.5 5.166447293598839 11 
0006 0008 1666165325888082 -139.125 -69.0 5.092816215780329 11 
0006 0011 1666165325888979 -34.9375 -63.0 4.841243366567084 11 
0006 0005 1666165325890643 -17.0625 -66.0 4.4362724385652745 11 
0006 0013 1666165325893291 74.0 -65.0 2.2089323345553233 11 
0006 0006 1666165325895698 -18.6875 -69.5 1.5585244804918115 11 
0006 0007 1666165325905460 130.1875 -73.5 4.2031073588066565 11 
0006 0001 1666165325990693 0.0 -75.0 0.944932165337555 11 
0006 0007 1666165326002088 -26.0 -67.0 2.6384469551633027 11 
0006 0008 1666165326003720 17.0625 -70.5 4.681709364626977 11 
0006 0014 1666165326004672 8.9375 -60.5 4.454680208019902 11 
0006 0010 1666165326006081 13.0 -61.5 6.117515382087937 11 
0006 0015 1666165326006981 -17.0625 -63.0 4.595806440505381 11 
0006 0005 1666165326009071 -48.0 -65.0 4.411728745959104 11 
0006 0006 1666165326010236 122.875 -71.5 3.865631585471816 11 
0006 0004 1666165326011199 0.0 -61.0 1.8223691760081417 11 
0006 0013 1666165326015065 34.9375 -64.5 2.350058567040802 11 
0006 0011 1666165326018192 26.0 -66.0 4.166291819897402 11 
0006 0002 1666165326039539 -26.8125 -78.5 1.7978254834019713 11 
0006 0012 1666165326110182 -3.5625 -69.5 1.3989904785517047 11 
0006 0004 1666165326118792 -13.0 -55.0 3.429981041712294 11 
0006 0013 1666165326120567 0.0 -61.0 2.399145952253143 11 
0006 0010 1666165326122138 30.0625 -62.5 1.4787574795217582 11 
0006 0005 1666165326123303 -26.0 -62.0 1.902136176978195 11 
0006 0011 1666165326124457 -56.125 -67.5 4.6448938257177215 11 
0006 0014 1666165326125653 17.0625 -62.0 5.976389149602458 11 
0006 0006 1666165326126562 13.0 -64.0 3.933126740138784 11 
0006 0007 1666165326127620 121.25 -69.0 4.743068596142402 11 
0006 0008 1666165326129039 -126.125 -73.0 4.313553975534423 11 
0006 0015 1666165326130378 -191.1875 -69.5 4.196971435655114 11 
0006 0012 1666165326133356 -100.0625 -72.5 2.9268353432858034 11 
0006 0006 1666165326221853 184.6875 -65.0 3.834951969714103 11 
0006 0005 1666165326223589 -43.125 -60.5 5.411884219660542 11 
0006 0010 1666165326225153 26.0 -59.0 2.055534255766759 11 
0006 0004 1666165326226885 4.0625 -58.5 5.608233760509904 11 
0006 0015 1666165326227801 -34.9375 -67.0 4.71238898038469 11 
0006 0014 1666165326228640 13.0 -67.0 4.215379205109742 11 
0006 0011 1666165326229819 -43.125 -59.5 3.56497135104623 11 
0006 0008 1666165326230985 61.0 -72.0 4.080388895775806 11 
0006 0007 1666165326233832 69.125 -71.0 3.380893656499953 11 
0006 0011 1666165326320871 34.9375 -66.5 2.6200391857086753 11 
0006 0010 1666165326322234 21.9375 -60.0 1.0921943209745766 11 
0006 0005 1666165326324039 204.25 -72.5 0.030679615757712823 11 
0006 0008 1666165326324965 26.0 -70.5 3.4913402732277192 11 
0006 0007 1666165326326074 -43.125 -59.5 4.0128937411088375 11 
0006 0015 1666165326327511 30.0625 -60.5 6.234097921967246 11 
0006 0014 1666165326329627 -78.0625 -68.0 3.7551849687440497 11 
0006 0006 1666165326347036 4.0625 -73.5 0.6872233929727672 11 
0006 0003 1666165326411356 1.9375 -77.0 1.2026409377023426 11 
0006 0015 1666165326433552 -78.0625 -66.0 5.559146375297564 11 
0006 0006 1666165326435569 -85.4375 -65.0 2.9943304979527716 11 
0006 0010 1666165326436865 65.0625 -59.5 1.2762720155208536 11 
0006 0005 1666165326437776 -43.125 -59.5 5.307573526084319 11 
0006 0014 1666165326445807 52.0625 -69.0 3.9392626632903265 11 
0006 0008 1666165326447343 -130.1875 -69.5 3.509748042682347 11 
0006 0007 1666165326450956 -87.0625 -71.0 5.00077736850719 11 
0006 0003 1666165326451837 -191.1875 -73.0 4.325825821837508 11 
0006 0001 1666165326545520 -2.4375 -75.5 6.092971689481767 11 
0006 0012 1666165326553666 1.5 -75.0 4.313553975534423 11 
0006 0005 1666165326564463 -65.0625 -59.0 5.338253141842031 11 
0006 0003 1666165326565359 -126.125 -71.0 4.276738436625168 11 
0006 0010 1666165326566790 0.0 -60.0 1.4173982480063325 11 
0006 0006 1666165326568414 -14.625 -69.5 2.6323110320117604 11 
0006 0015 1666165326569600 104.125 -68.0 5.344389064993574 11 
0006 0007 1666165326572208 -39.0 -69.0 4.264466590322082 11 
0006 0014 1666165326573106 204.25 -69.0 3.9147189706841563 11 
0006 0012 1666165326587945 -14.1875 -73.0 3.8196121618352463 11 
0006 0001 1666165326615301 -2.5625 -75.0 6.111379458936394 11 
0006 0008 1666165326664200 1.5 -74.5 5.835262917116979 11 
0006 0005 1666165326679709 4.0625 -59.5 5.270757987175063 11 
0006 0007 1666165326682170 -48.0 -68.0 2.1782527187976104 11 
0006 0001 1666165326683051 17.0625 -74.0 2.564815877344792 11 
0006 0010 1666165326683992 -17.0625 -60.0 0.7915340865489908 11 
0006 0015 1666165326685147 82.1875 -65.0 5.387340527054372 11 
0006 0008 1666165326686059 381.625 -72.5 2.6261751088602177 11 
0006 0011 1666165326688200 -82.1875 -68.0 1.6321555583103222 11 
0006 0006 1666165326690242 38.1875 -67.0 2.270291566070749 11 
0006 0014 1666165326691281 -21.9375 -64.5 3.810408277107933 11 
0006 0012 1666165326692194 30.0625 -69.0 5.915029918087033 11 
0006 0003 1666165326704393 -9.75 -75.0 3.9607383943207255 11 
0006 0011 1666165326784666 43.125 -62.5 3.172272269347506 11 
0006 0014 1666165326787348 4.0625 -62.0 3.706097583531709 11 
0006 0010 1666165326789551 0.0 -65.5 1.1965050145508 11 
0006 0008 1666165326790553 26.0 -71.0 2.650718801466388 11 
0006 0015 1666165326791679 -52.0625 -65.5 4.1417481272912315 11 
0006 0006 1666165326792929 -21.9375 -67.0 2.3071071049800045 11 
0006 0007 1666165326793828 -74.0 -69.5 5.939573610693203 11 
0006 0004 1666165326818029 -4.0625 -68.0 5.264622064023521 11 
0006 0005 1666165326840808 -3.625 -71.5 4.749204519293945 11 
0006 0002 1666165326889750 9.5 -78.0 1.1719613219446299 11 
0006 0004 1666165326895716 -21.9375 -55.0 4.558990901596125 11 
0006 0007 1666165326896901 -386.5 -72.0 4.822835597112456 11 
0006 0015 1666165326897871 -165.1875 -67.5 3.11091303783208 11 
0006 0011 1666165326898995 -69.125 -61.0 3.718369429834794 11 
0006 0014 1666165326899893 43.125 -63.5 5.289165756629691 11 
0006 0005 1666165326901073 -52.0625 -60.5 5.2339424482658075 11 
0006 0010 1666165326902196 30.0625 -56.0 0.859029241215959 11 
0006 0006 1666165326903062 56.9375 -67.5 5.565282298449106 11 
0006 0013 1666165326905934 594.8125 -74.5 5.651185222570702 11 
0006 0008 1666165326908485 -82.1875 -70.0 3.1968159619536762 11 
0006 0002 1666165326959948 -3.0 -78.0 0.8222137023067037 11 
0006 0005 1666165327021075 -8.9375 -61.0 0.7915340865489908 11 
0006 0010 1666165327022656 52.0625 -67.5 5.6573211457222445 11 
0006 0004 1666165327023791 13.0 -60.5 1.4910293258248433 11 
0006 0013 1666165327028038 -65.0625 -65.0 2.0493983326152168 11 
0006 0014 1666165327028933 34.9375 -65.0 5.129631754689584 11 
0006 0006 1666165327029857 56.9375 -67.5 3.7551849687440497 11 
0006 0007 1666165327030785 -30.0625 -68.5 4.589670517353839 11 
0006 0015 1666165327031961 0.0 -64.5 3.6263305825616556 11 
0006 0011 1666165327037266 139.125 -70.5 3.9453985864418692 11 
0006 0009 1666165327072729 10.5 -78.0 0.6565437772150544 11 
0006 0002 1666165327077490 -18.75 -78.0 0.1227184630308513 11 
0006 0008 1666165327080863 -3.1875 -75.0 6.277049384028044 11 
0006 0005 1666165327149711 -69.125 -65.5 2.2948352586769194 11 
0006 0008 1666165327150849 -87.0625 -70.5 3.6263305825616556 11 
0006 0004 1666165327154722 56.125 -64.5 6.191146459906448 11 
0006 0014 1666165327156530 -30.0625 -65.5 2.061670178918302 11 
0006 0013 1666165327157445 -13.0 -63.0 1.4358060174609601 11 
0006 0006 1666165327159201 -66.6875 -69.0 1.4910293258248433 11 
0006 0015 1666165327160114 -34.9375 -69.5 3.2643111166206444 11 
0006 0011 1666165327160968 -21.9375 -71.0 4.749204519293945 11 
0006 0007 1666165327161884 -208.3125 -73.0 1.9573594853420782 11 
0006 0010 1666165327228861 -2.1875 -73.5 4.945554060143307 11 
0006 0010 1666165327257878 21.9375 -69.5 4.859651136021712 11 
0006 0008 1666165327258789 91.125 -68.0 3.7429131224409646 11 
0006 0015 1666165327260228 30.0625 -69.0 3.5036121195308043 11 
0006 0004 1666165327262141 0.0 -62.5 0.3190680038802134 11 
0006 0014 1666165327263067 0.0 -64.0 6.277049384028044 11 
0006 0007 1666165327264211 95.1875 -71.0 1.846912868614312 11 
0006 0006 1666165327265108 -170.875 -66.5 2.4850488763747385 11 
0006 0005 1666165327266005 -43.125 -66.0 2.552544031041707 11 
0006 0013 1666165327267531 -17.0625 -63.0 1.4296700943094176 11 
0006 0010 1666165327362228 82.1875 -62.0 5.675728915176872 11 
0006 0005 1666165327363396 -108.1875 -64.5 1.88986433067511 11 
0006 0015 1666165327366240 -39.0 -69.5 2.9268353432858034 11 
0006 0006 1666165327367152 -104.125 -69.5 6.019340611663256 11 
0006 0014 1666165327367999 0.0 -58.0 2.60776733940559 11 
0006 0013 1666165327369417 117.125 -65.5 1.5585244804918115 11 
0006 0004 1666165327370328 17.0625 -60.5 1.8162332528565992 11 
0006 0007 1666165327373701 65.0625 -69.0 5.4671075280244255 11 
0006 0009 1666165327408991 17.8125 -79.5 0.5276893910326605 11 
0006 0008 1666165327418208 3.0 -75.5 6.086835766330224 11 
0006 0013 1666165327481163 -8.9375 -62.0 1.1719613219446299 11 
0006 0005 1666165327482358 4.0625 -62.0 6.105243535784852 11 
0006 0010 1666165327485804 8.9375 -63.0 0.9265243958829272 11 
0006 0014 1666165327486759 -4.0625 -66.0 4.466952054322987 11 
0006 0004 1666165327487883 -74.0 -54.5 4.190835512503572 11 
0006 0006 1666165327489784 -18.6875 -70.0 4.871922982324796 11 
0006 0011 1666165327490965 -8.9375 -61.0 4.190835512503572 11 
0006 0008 1666165327503555 41.0625 -74.0 5.973321188026687 11 
0006 0007 1666165327505625 37.0 -73.0 5.405748296509 11 
0006 0001 1666165327548337 6.375 -74.5 5.43029198911517 11 
0006 0015 1666165327597369 1.5 -66.5 1.380582709097077 11 
0006 0014 1666165327604328 -121.25 -65.0 4.23378697456437 11 
0006 0010 1666165327606388 -34.9375 -67.5 0.7547185476397354 11 
0006 0015 1666165327607299 4.0625 -63.5 4.681709364626977 11 
0006 0011 1666165327608512 34.9375 -61.0 2.5402721847386216 11 
0006 0004 1666165327610418 -108.1875 -66.5 5.105088062083414 11 
0006 0006 1666165327611342 122.875 -68.0 0.7424467013366504 11 
0006 0007 1666165327612225 -65.0625 -61.5 5.540738605842936 11 
0006 0001 1666165327613149 -17.0625 -71.0 2.36846633649543 11 
0006 0008 1666165327616062 26.0 -71.5 2.834796496012665 11 
0006 0005 1666165327658952 0.75 -66.0 5.448699758569798 11 
0006 0008 1666165327709488 -156.1875 -66.5 3.043417883165112 11 
0006 0010 1666165327711800 104.125 -63.0 0.30066023442558565 11 
0006 0007 1666165327713024 -17.0625 -63.5 2.816388726558037 11 
0006 0015 1666165327714110 -403.625 -70.0 1.6996507129772904 11 
0006 0005 1666165327715020 -39.0 -59.0 5.160311370447297 11 
0006 0001 1666165327716670 -69.125 -71.5 2.3930100291016 11 
0006 0014 1666165327718859 117.125 -71.0 3.6201946594101133 11 
0006 0003 1666165327737565 8.0625 -77.0 0.380427235395639 11 
0006 0012 1666165327750225 7.75 -76.0 1.4419419406125027 11 
0006 0006 1666165327770676 2.875 -74.5 0.16566992509164924 11 
0006 0005 1666165327818014 0.0 -59.0 5.135767677841127 11 
0006 0007 1666165327819272 -26.0 -67.0 5.749359992995383 11 
0006 0015 1666165327820228 13.0 -68.0 5.338253141842031 11 
0006 0014 1666165327821665 -69.125 -71.0 4.583534594202296 11 
0006 0006 1666165327823547 -4.875 -69.5 3.663146121470911 11 
0006 0010 1666165327824460 48.0 -66.0 0.5583690067903734 11 
0006 0001 1666165327825654 -95.1875 -71.5 2.7857091108003242 11 
0006 0008 1666165327827063 -143.1875 -69.0 3.018874190558942 11 
0006 0003 1666165327832801 -121.25 -71.5 4.037437433715008 11 
0006 0012 1666165327882713 0.75 -76.0 6.000932842208628 11 
0006 0006 1666165327931825 -85.4375 -67.5 3.773592738198677 11 
0006 0010 1666165327932750 -13.0 -66.0 0.5951845456996288 11 
0006 0012 1666165327934417 -52.0625 -72.5 5.8475347634200645 11 
0006 0007 1666165327936422 26.0 -65.5 5.841398840268521 11 
0006 0005 1666165327939015 -69.125 -58.5 5.221670601962723 11 
0006 0003 1666165327940298 -178.1875 -71.0 3.9392626632903265 11 
0006 0001 1666165327941151 -108.1875 -71.5 2.650718801466388 11 
0006 0011 1666165327987792 -0.4375 -73.5 4.902602598082509 11 
0006 0008 1666165328016296 1.5 -75.5 5.64504929941916 11 
0006 0014 1666165328029593 4.625 -72.0 0.6872233929727672 11 
0006 0015 1666165328041015 -1.25 -65.0 5.896622148632405 11 
0006 0005 1666165328055506 -30.0625 -62.5 5.491651220630596 11 
0006 0007 1666165328056447 39.0 -62.5 3.693825737228624 11 
0006 0015 1666165328057827 -13.0 -62.5 5.663457068873787 11 
0006 0010 1666165328059021 -30.0625 -66.0 0.30066023442558565 11 
0006 0011 1666165328060531 -39.0 -66.0 2.5464081078901644 11 
0006 0012 1666165328064485 -108.1875 -69.5 6.135923151542564 11 
0006 0001 1666165328065426 -290.5 -71.5 2.521864415283994 11 
0006 0008 1666165328066918 -130.1875 -70.5 3.1784081924990484 11 
0006 0006 1666165328075079 31.3125 -72.5 1.0185632431560658 11 
0006 0014 1666165328089652 -0.75 -72.0 1.2026409377023426 11 
0006 0007 1666165328159921 69.125 -67.0 1.4971652489763858 11 
0006 0005 1666165328161288 -48.0 -68.5 4.700117134081604 11 
0006 0006 1666165328162922 298.625 -68.5 5.013049214810275 11 
0006 0010 1666165328166464 -69.125 -67.0 1.9205439464328227 11 
0006 0015 1666165328168245 -78.0625 -66.0 3.6447383520162835 11 
0006 0011 1666165328169127 21.9375 -59.5 3.411573272257666 11 
0006 0004 1666165328170054 -52.0625 -61.5 5.197126909356553 11 
0006 0014 1666165328173218 -186.3125 -68.0 4.583534594202296 11 
0006 0008 1666165328174484 -26.0 -74.0 3.2643111166206444 11 
0006 0013 1666165328191180 16.25 -74.0 3.7981364308048478 11 
0006 0001 1666165328261603 4.1875 -75.0 5.338253141842031 11 
0006 0009 1666165328267648 0.875 -78.0 4.417864669110647 11 
0006 0004 1666165328294647 -56.125 -58.5 2.9513790358919736 11 
0006 0015 1666165328295573 -21.9375 -62.0 4.147884050442774 11 
0006 0005 1666165328296724 17.0625 -61.0 0.5092816215780329 11 
0006 0007 1666165328298360 17.0625 -69.5 4.049709280018092 11 
0006 0011 1666165328299273 -30.0625 -67.5 3.663146121470911 11 
0006 0014 1666165328300906 -26.0 -62.5 2.5709518004963345 11 
0006 0013 1666165328302076 78.0625 -67.5 1.1351457830353744 11 
0006 0006 1666165328311529 -14.625 -70.0 0.47860200582032003 11 
0006 0009 1666165328338502 39.0625 -77.0 0.9633399347921826 11 
0006 0002 1666165328357463 -0.4375 -79.5 6.105243535784852 11 
0006 0001 1666165328386457 -5.4375 -75.0 5.9088939949354895 11 
0006 0011 1666165328432515 69.125 -66.5 4.405592822807561 11 
0006 0006 1666165328433381 -80.5625 -69.0 1.3130875544301088 11 
0006 0004 1666165328434293 -34.9375 -64.0 5.589825991055276 11 
0006 0015 1666165328435206 -61.0 -65.0 4.3503695144436785 11 
0006 0007 1666165328436631 104.125 -68.5 2.012582793705961 11 
0006 0014 1666165328437610 8.9375 -66.0 1.7978254834019713 11 
0006 0013 1666165328438812 91.125 -63.0 1.509437095279471 11 
0006 0008 1666165328444212 -69.125 -72.0 3.6754179677739964 11 
0006 0005 1666165328445368 -87.0625 -67.0 2.9513790358919736 11 
0006 0008 1666165328452154 -11.75 -72.5 3.6692820446224537 11 
0006 0001 1666165328467368 -6.5 -74.0 6.025476534814799 11 
0006 0005 1666165328540316 8.9375 -68.0 2.6875343403756435 11 
0006 0014 1666165328542306 -8.9375 -65.5 1.8775924843720249 11 
0006 0013 1666165328543720 34.9375 -62.5 1.3928545554001621 11 
0006 0004 1666165328545924 34.9375 -66.0 5.037592907416445 11 
0006 0008 1666165328546849 -26.0 -68.5 3.730641276137879 11 
0006 0015 1666165328547807 87.0625 -68.5 4.252194744018997 11 
0006 0011 1666165328549145 -8.9375 -66.5 4.074252972624263 11 
0006 0007 1666165328550988 43.125 -68.5 3.7551849687440497 11 
0006 0006 1666165328552240 52.0625 -70.5 0.14112623248547898 11 
0006 0001 1666165328625374 -0.875 -75.0 5.8659425328746915 11 
0006 0014 1666165328670807 -4.0625 -59.0 3.399301425954581 11 
0006 0004 1666165328672014 21.9375 -63.0 0.380427235395639 11 
0006 0015 1666165328672900 -48.0 -67.0 4.184699589352029 11 
0006 0005 1666165328674776 -30.0625 -68.5 2.4850488763747385 11 
0006 0013 1666165328676683 13.0 -63.0 1.8346410223112268 11 
0006 0010 1666165328677626 -108.1875 -65.0 5.620505606812989 11 
0006 0007 1666165328678638 -26.0 -68.0 1.8530487917658545 11 
0006 0006 1666165328682503 -146.4375 -68.5 3.902447124381071 11 
0006 0001 1666165328701487 -8.0625 -74.0 2.356194490192345 11 
0006 0008 1666165328728522 0.0 -75.0 0.4295146206079795 11 
0006 0012 1666165328732277 -5.625 -75.0 4.583534594202296 11 
0006 0011 1666165328790333 1.75 -72.5 0.6872233929727672 11 
0006 0004 1666165328800007 -39.0 -57.0 3.0127382674073995 11 
0006 0015 1666165328800996 191.1875 -71.0 2.509592568980909 11 
0006 0006 1666165328801903 4.875 -66.5 3.933126740138784 11 
0006 0010 1666165328803086 -43.125 -60.0 0.9019807032767571 11 
0006 0011 1666165328804733 8.9375 -65.5 3.7429131224409646 11 
0006 0013 1666165328806384 91.125 -65.0 0.4049709280018093 11 
0006 0005 1666165328807309 -4.0625 -62.5 6.240233845118788 11 
0006 0007 1666165328809961 -8.9375 -68.0 3.80427235395639 11 
0006 0014 1666165328810817 48.0 -67.0 4.2092432819582 11 
0006 0012 1666165328811901 -4.0625 -72.5 1.533980787885641 11 
0006 0008 1666165328813181 -65.0625 -72.0 2.9084275738311756 11 
0006 0001 1666165328880850 -5.5625 -74.5 5.086680292628786 11 
0006 0014 1666165328908995 17.0625 -65.0 4.399456899656019 11 
0006 0008 1666165328910731 -95.1875 -72.0 2.172116795646068 11 
0006 0007 1666165328911925 -69.125 -70.0 1.7548740213411735 11 
0006 0015 1666165328913334 21.9375 -61.5 4.828971520263998 11 
0006 0011 1666165328914305 -30.0625 -59.0 2.380738182798515 11 
0006 0005 1666165328915147 52.0625 -70.5 3.77972866135022 11 
0006 0001 1666165328916807 39.0 -71.0 1.6996507129772904 11 
0006 0004 1666165328917960 -65.0625 -64.0 4.25833066717054 11 
0006 0006 1666165328919704 14.625 -70.0 0.2638446955163303 11 
0006 0010 1666165328921845 52.0625 -65.5 6.2034183062095325 11 
