0006 0001 1666166509984413 74.0 -68.5 2.3623304133438876 14 
0006 0014 1666166509986034 -65.0625 -65.0 0.07976700097005335 14 
0006 0003 1666166509987782 82.1875 -67.0 0.14726215563702155 14 
0006 0015 1666166509988891 -13.0 -63.5 0.3865631585471816 14 
0006 0002 1666166509990539 -43.125 -63.0 0.3865631585471816 14 
0006 0010 1666166509991692 78.0625 -67.5 2.1659808724945253 14 
0006 0004 1666166509992604 -52.0625 -57.0 1.6566992509164924 14 
0006 0008 1666166509993993 4.0625 -57.0 3.141592653589793 14 
0006 0009 1666166509995113 0.0 -61.0 2.4175537217077703 14 
0006 0005 1666166509997947 69.125 -70.5 0.4049709280018093 14 
0006 0011 1666166510088960 2.9375 -78.5 0.8958447801252144 14 
0006 0008 1666166510103753 21.9375 -56.5 3.1354567304382504 14 
0006 0015 1666166510104864 17.0625 -64.0 0.3129320807286708 14 
0006 0010 1666166510105779 108.1875 -67.5 2.0800779483729293 14 
0006 0004 1666166510107740 30.0625 -56.5 1.5585244804918115 14 
0006 0003 1666166510111556 -17.0625 -67.0 0.3313398501832985 14 
0006 0002 1666166510112987 4.0625 -63.0 0.32520392703175593 14 
0006 0009 1666166510115276 -108.1875 -61.5 2.552544031041707 14 
0006 0014 1666166510117103 -82.1875 -66.0 0.15339807878856412 14 
0006 0001 1666166510119662 108.1875 -69.5 2.36846633649543 14 
0006 0005 1666166510121381 264.4375 -72.5 0.11044661672776616 14 
0006 0015 1666166510378898 82.1875 -63.5 0.3129320807286708 14 
0006 0008 1666166510379794 13.0 -56.5 3.2213596545598464 14 
0006 0014 1666166510380903 -39.0 -65.0 0.1043106935762236 14 
0006 0003 1666166510383244 56.125 -68.0 0.23930100291016002 14 
0006 0005 1666166510384411 95.1875 -71.0 0.32520392703175593 14 
0006 0009 1666166510385308 -34.9375 -61.5 2.5464081078901644 14 
0006 0001 1666166510388345 -78.0625 -68.5 2.6139032625571326 14 
0006 0004 1666166510389325 13.0 -56.5 1.6198837120072371 14 
0006 0002 1666166510390265 -30.0625 -63.5 0.4111068511533518 14 
0006 0010 1666166510394287 -152.125 -67.5 2.411417798556228 14 
0006 0010 1666166510493124 -39.0 -67.0 2.3623304133438876 14 
0006 0001 1666166510494772 78.0625 -68.5 2.380738182798515 14 
0006 0004 1666166510495669 -4.0625 -56.5 1.6505633277649499 14 
0006 0009 1666166510496808 17.0625 -62.0 2.5464081078901644 14 
0006 0005 1666166510498644 -65.0625 -71.0 0.4540583132141498 14 
0006 0003 1666166510500605 52.0625 -66.5 0.3129320807286708 14 
0006 0015 1666166510502013 -13.0 -63.5 0.37429131224409645 14 
0006 0008 1666166510503889 30.0625 -57.0 3.2213596545598464 14 
0006 0002 1666166510505275 0.0 -63.0 0.4111068511533518 14 
0006 0014 1666166510506460 -17.0625 -65.5 0.030679615757712823 14 
0006 0008 1666166510607049 -4.0625 -56.5 3.2643111166206444 14 
0006 0001 1666166510609547 -17.0625 -68.0 2.5832236467994196 14 
0006 0015 1666166510610887 -30.0625 -63.5 0.4172427743048944 14 
0006 0010 1666166510612009 -8.9375 -67.5 2.325514874434632 14 
0006 0009 1666166510612908 91.125 -62.5 2.429825568010856 14 
0006 0014 1666166510614300 13.0 -65.0 0.03681553890925539 14 
0006 0004 1666166510615721 -17.0625 -57.0 1.6935147898257479 14 
0006 0002 1666166510618292 -21.9375 -63.5 0.4908738521234052 14 
0006 0003 1666166510619233 -65.0625 -68.0 0.4295146206079795 14 
0006 0005 1666166510620727 -17.0625 -71.5 0.5645049299419159 14 
0006 0009 1666166510716968 -39.0 -61.5 2.6384469551633027 14 
0006 0014 1666166510719238 -52.0625 -65.0 0.15339807878856412 14 
0006 0004 1666166510720360 -39.0 -56.5 1.736466251886546 14 
0006 0003 1666166510721255 74.0 -68.0 0.2699806186678728 14 
0006 0010 1666166510722650 -26.0 -67.5 2.2580197197676637 14 
0006 0008 1666166510723773 4.0625 -57.0 3.2520392703175593 14 
0006 0002 1666166510725179 -34.9375 -63.0 0.5338253141842031 14 
0006 0015 1666166510726118 4.0625 -64.0 0.36815538909255385 14 
0006 0001 1666166510727274 173.3125 -69.0 2.442097414313941 14 
0006 0005 1666166510730143 -117.125 -71.5 0.5645049299419159 14 
0006 0001 1666166510828651 13.0 -68.5 2.5157284921324514 14 
0006 0009 1666166510830445 52.0625 -62.5 2.5280003384355365 14 
0006 0015 1666166510832237 -52.0625 -64.5 0.3865631585471816 14 
0006 0004 1666166510833146 -4.0625 -56.5 1.6751070203711202 14 
0006 0008 1666166510834043 -30.0625 -56.0 3.313398501832985 14 
0006 0002 1666166510836028 8.9375 -63.5 0.4479223900626072 14 
0006 0010 1666166510837903 -104.125 -68.5 2.466641106920111 14 
0006 0003 1666166510839931 39.0 -68.0 0.39269908169872414 14 
0006 0014 1666166510841094 -8.9375 -64.5 0.07363107781851078 14 
0006 0005 1666166510843885 -95.1875 -72.0 0.7669903939428205 14 
0006 0001 1666166510941858 -61.0 -69.0 2.6384469551633027 14 
0006 0004 1666166510943433 21.9375 -56.5 1.6382914814618648 14 
0006 0010 1666166510944967 -34.9375 -68.0 2.270291566070749 14 
0006 0009 1666166510945894 78.0625 -62.0 2.5034566458293663 14 
0006 0015 1666166510946849 -56.125 -63.5 0.3865631585471816 14 
0006 0008 1666166510948026 -13.0 -56.5 3.3011266555298997 14 
0006 0002 1666166510948923 -48.0 -64.0 0.5399612373357456 14 
0006 0003 1666166510949876 -117.125 -66.5 0.521553467881118 14 
0006 0014 1666166510951582 -74.0 -65.5 0.16566992509164924 14 
0006 0005 1666166510952988 91.125 -71.0 0.48473792897186263 14 
0006 0011 1666166511122287 -6.75 -78.0 1.1167380135807468 14 
0006 0009 1666166511128869 -39.0 -62.0 2.6445828783148455 14 
0006 0010 1666166511130279 -26.0 -67.5 2.313243028131547 14 
0006 0014 1666166511131433 -48.0 -65.5 0.05522330836388308 14 
0006 0004 1666166511133337 21.9375 -56.5 1.6751070203711202 14 
0006 0008 1666166511135811 26.0 -57.0 3.2397674240144743 14 
0006 0001 1666166511137163 17.0625 -69.0 2.5954954931025047 14 
0006 0002 1666166511138031 -74.0 -63.5 0.5460971604872883 14 
0006 0015 1666166511139198 -69.125 -64.0 0.44178646691106466 14 
0006 0005 1666166511140097 39.0 -71.5 0.5706408530934585 14 
0006 0003 1666166511141487 -21.9375 -67.0 0.4049709280018093 14 
0006 0011 1666166511214936 -2.125 -78.0 4.049709280018092 14 
0006 0003 1666166511248792 -104.125 -67.0 0.4663301595172349 14 
0006 0004 1666166511250312 -34.9375 -57.0 1.7241944055834606 14 
0006 0001 1666166511252075 -95.1875 -68.5 2.804116880254952 14 
0006 0002 1666166511252969 -13.0 -63.5 0.4970097752749477 14 
0006 0005 1666166511253853 34.9375 -71.5 0.4295146206079795 14 
0006 0009 1666166511254734 4.0625 -62.5 2.5893595699509624 14 
0006 0008 1666166511256366 -4.0625 -57.0 3.2949907323783574 14 
0006 0015 1666166511257439 -69.125 -64.5 0.3620194659410113 14 
0006 0014 1666166511258607 -143.1875 -65.5 0.2454369260617026 14 
0006 0010 1666166511260161 243.3125 -67.5 2.043262409463674 14 
0006 0011 1666166511350267 -5.0625 -78.0 4.086524818927348 14 
0006 0014 1666166511364897 -8.9375 -65.5 0.03681553890925539 14 
0006 0010 1666166511366548 -61.0 -67.5 2.172116795646068 14 
0006 0001 1666166511367673 160.3125 -69.0 2.36846633649543 14 
0006 0005 1666166511369394 -130.1875 -71.5 0.5829126993965437 14 
0006 0002 1666166511370967 -34.9375 -63.5 0.5276893910326605 14 
0006 0009 1666166511372843 48.0 -62.0 2.497320722677824 14 
0006 0008 1666166511373765 4.0625 -57.0 3.227495577711389 14 
0006 0003 1666166511375188 -165.1875 -66.0 0.5645049299419159 14 
0006 0004 1666166511376309 -17.0625 -56.5 1.6812429435226628 14 
0006 0015 1666166511377465 -104.125 -63.5 0.46019423636569234 14 
0006 0011 1666166511453883 -0.4375 -77.5 3.810408277107933 14 
0006 0014 1666166511484737 8.9375 -65.5 0.0 14 
0006 0003 1666166511485675 -13.0 -66.0 0.4172427743048944 14 
0006 0009 1666166511488698 -4.0625 -61.5 2.552544031041707 14 
0006 0004 1666166511489849 -8.9375 -56.5 1.6935147898257479 14 
0006 0010 1666166511490801 0.0 -67.0 2.3316507975861747 14 
0006 0015 1666166511492399 -78.0625 -64.5 0.46019423636569234 14 
0006 0001 1666166511494313 48.0 -70.0 2.521864415283994 14 
0006 0002 1666166511495552 -195.25 -63.0 0.7179030087304801 14 
0006 0005 1666166511498182 -117.125 -71.5 0.7792622402459057 14 
0006 0008 1666166511499048 17.0625 -56.5 3.2090878082567613 14 
0006 0011 1666166511799509 12.6875 -78.0 3.8410878928656453 14 
0006 0015 1666166511807089 -39.0 -64.0 0.4049709280018093 14 
0006 0004 1666166511808612 -61.0 -56.5 1.7241944055834606 14 
0006 0002 1666166511809991 -74.0 -63.5 0.5092816215780329 14 
0006 0010 1666166511812506 -61.0 -67.0 2.2518837966161214 14 
0006 0008 1666166511813428 8.9375 -57.0 3.1968159619536762 14 
0006 0009 1666166511814384 34.9375 -62.0 2.454369260617026 14 
0006 0014 1666166511815581 -208.3125 -65.5 0.19634954084936207 14 
0006 0005 1666166511816463 100.0625 -72.0 0.20248546400090464 14 
0006 0003 1666166511817728 56.125 -66.5 0.2699806186678728 14 
0006 0001 1666166511818597 61.0 -68.5 2.6384469551633027 14 
0006 0011 1666166511920635 5.3125 -77.0 3.9638063558964967 14 
0006 0008 1666166511937065 -4.0625 -57.0 3.1906800388021335 14 
0006 0005 1666166511937993 -74.0 -70.5 0.48473792897186263 14 
0006 0015 1666166511939344 -17.0625 -64.5 0.3190680038802134 14 
0006 0004 1666166511940226 8.9375 -56.5 1.6198837120072371 14 
0006 0002 1666166511941617 4.0625 -63.0 0.44178646691106466 14 
0006 0003 1666166511943476 -13.0 -66.5 0.37429131224409645 14 
0006 0001 1666166511944404 -234.3125 -69.5 2.8777479580734626 14 
0006 0009 1666166511946983 4.0625 -61.5 2.5464081078901644 14 
0006 0014 1666166511949752 -34.9375 -65.0 0.05522330836388308 14 
0006 0010 1666166511951530 121.25 -66.5 2.043262409463674 14 
0006 0011 1666166512037993 -4.875 -77.0 0.8222137023067037 14 
0006 0001 1666166512059912 117.125 -69.0 2.4850488763747385 14 
0006 0002 1666166512062154 -4.0625 -63.5 0.4908738521234052 14 
0006 0008 1666166512063434 -4.0625 -56.5 3.1661363461959633 14 
0006 0003 1666166512064360 13.0 -67.5 0.35588354278946877 14 
0006 0014 1666166512066003 -30.0625 -65.0 0.04908738521234052 14 
0006 0009 1666166512067229 -30.0625 -61.5 2.5034566458293663 14 
0006 0010 1666166512068159 208.3125 -67.0 2.1353012567368124 14 
0006 0004 1666166512069052 8.9375 -56.5 1.5953400194010667 14 
0006 0015 1666166512069981 -39.0 -63.0 0.3865631585471816 14 
0006 0005 1666166512071246 100.0625 -71.0 0.34974761963792617 14 
0006 0011 1666166512142280 -9.5 -77.5 0.760854470791278 14 
0006 0004 1666166512176673 -4.0625 -57.0 1.6382914814618648 14 
0006 0001 1666166512177644 130.1875 -68.0 2.3746022596469727 14 
0006 0010 1666166512178570 -34.9375 -67.0 2.1966604882522383 14 
0006 0014 1666166512179482 -108.1875 -65.5 0.0859029241215959 14 
0006 0003 1666166512182078 -69.125 -66.5 0.37429131224409645 14 
0006 0009 1666166512183272 -21.9375 -61.5 2.429825568010856 14 
0006 0008 1666166512184184 43.125 -57.0 3.129320807286708 14 
0006 0015 1666166512186774 -30.0625 -64.0 0.44178646691106466 14 
0006 0002 1666166512187951 17.0625 -63.0 0.42337869745643697 14 
0006 0005 1666166512188966 104.125 -72.5 0.3865631585471816 14 
0006 0011 1666166512288396 -0.4375 -77.5 3.9760782021995817 14 
0006 0009 1666166512297613 65.0625 -61.5 2.405281875404685 14 
0006 0001 1666166512300863 130.1875 -69.5 2.4605051837685683 14 
0006 0004 1666166512302068 -43.125 -56.5 1.6812429435226628 14 
0006 0008 1666166512303231 21.9375 -57.0 3.153864499892878 14 
0006 0010 1666166512304130 69.125 -67.0 2.0923497946760143 14 
0006 0003 1666166512305692 -39.0 -66.5 0.36815538909255385 14 
0006 0005 1666166512307242 -403.625 -72.5 1.0492428589137786 14 
0006 0014 1666166512308135 -13.0 -65.5 0.06135923151542565 14 
0006 0002 1666166512309030 -13.0 -63.5 0.4908738521234052 14 
0006 0015 1666166512310932 -91.125 -64.0 0.4356505437595221 14 
0006 0011 1666166512423621 6.375 -77.5 3.9085830475326135 14 
0006 0005 1666166512432911 -69.125 -73.0 0.4663301595172349 14 
0006 0009 1666166512434959 26.0 -61.5 2.454369260617026 14 
0006 0004 1666166512435854 17.0625 -57.0 1.6014759425526093 14 
0006 0002 1666166512437589 39.0 -63.0 0.37429131224409645 14 
0006 0003 1666166512438725 74.0 -68.0 0.25770877236478773 14 
0006 0008 1666166512439646 8.9375 -56.5 3.184544115650591 14 
0006 0015 1666166512441311 -56.125 -63.5 0.4111068511533518 14 
0006 0014 1666166512442844 -82.1875 -66.0 0.1227184630308513 14 
0006 0001 1666166512444113 48.0 -69.5 2.4911847995262812 14 
0006 0010 1666166512444997 -65.0625 -67.0 2.2457478734645786 14 
0006 0011 1666166512515654 -4.375 -77.5 0.9081166264282996 14 
0006 0009 1666166512549374 -95.1875 -61.5 2.650718801466388 14 
0006 0004 1666166512550867 17.0625 -56.5 1.6198837120072371 14 
0006 0015 1666166512551765 -26.0 -63.5 0.3865631585471816 14 
0006 0010 1666166512553425 -69.125 -67.5 2.3316507975861747 14 
0006 0001 1666166512554349 -56.125 -69.5 2.6998061866787286 14 
0006 0014 1666166512555713 -34.9375 -65.5 0.0674951546669682 14 
0006 0002 1666166512556581 -43.125 -64.0 0.5092816215780329 14 
0006 0003 1666166512557519 -48.0 -66.5 0.39269908169872414 14 
0006 0008 1666166512558938 13.0 -57.0 3.1906800388021335 14 
0006 0005 1666166512560929 -43.125 -72.5 0.5399612373357456 14 
0006 0011 1666166512648034 -17.8125 -77.5 4.086524818927348 14 
0006 0004 1666166512666114 -17.0625 -57.0 1.6689710972195777 14 
0006 0009 1666166512669239 30.0625 -61.5 2.4727770300716534 14 
0006 0008 1666166512670530 -13.0 -57.0 3.2520392703175593 14 
0006 0001 1666166512671698 -195.25 -69.0 2.748893571891069 14 
0006 0015 1666166512672964 -43.125 -64.0 0.4049709280018093 14 
0006 0014 1666166512674497 -212.375 -65.5 0.2699806186678728 14 
0006 0010 1666166512675423 -65.0625 -67.0 2.2764274892222915 14 
0006 0002 1666166512676459 -56.125 -64.0 0.5460971604872883 14 
0006 0003 1666166512679726 -26.0 -67.0 0.39269908169872414 14 
0006 0005 1666166512681675 -230.25 -71.0 0.803805932852076 14 
0006 0011 1666166512759710 -5.9375 -77.5 1.1474176293384597 14 
0006 0003 1666166512785017 13.0 -67.0 0.3865631585471816 14 
0006 0015 1666166512785946 -52.0625 -64.0 0.4172427743048944 14 
0006 0014 1666166512786856 -78.0625 -65.5 0.0674951546669682 14 
0006 0005 1666166512788533 -13.0 -72.0 0.6749515466696822 14 
0006 0001 1666166512789672 -65.0625 -69.5 2.6323110320117604 14 
0006 0009 1666166512792297 -34.9375 -61.5 2.650718801466388 14 
0006 0010 1666166512793196 -104.125 -68.0 2.411417798556228 14 
0006 0004 1666166512794871 13.0 -56.5 1.662835174068035 14 
0006 0008 1666166512796025 26.0 -56.5 3.2397674240144743 14 
0006 0002 1666166512797431 -30.0625 -63.5 0.521553467881118 14 
0006 0011 1666166512890950 -3.375 -77.5 3.9760782021995817 14 
0006 0001 1666166512907341 30.0625 -68.0 2.6813984172241008 14 
0006 0003 1666166512908451 -108.1875 -67.0 0.4908738521234052 14 
0006 0008 1666166512909415 -8.9375 -56.5 3.2643111166206444 14 
0006 0004 1666166512911050 17.0625 -57.0 1.6751070203711202 14 
0006 0002 1666166512913463 -61.0 -63.0 0.5706408530934585 14 
0006 0015 1666166512915084 -34.9375 -63.5 0.35588354278946877 14 
0006 0005 1666166512917588 -78.0625 -71.0 0.6994952392758523 14 
0006 0010 1666166512918981 26.0 -68.0 2.2396119503130363 14 
0006 0009 1666166512920162 100.0625 -62.0 2.5402721847386216 14 
0006 0014 1666166512922380 -78.0625 -65.5 0.14112623248547898 14 
0006 0011 1666166513029152 8.3125 -78.0 3.890175278077986 14 
0006 0001 1666166513041937 -8.9375 -68.5 2.693670263527186 14 
0006 0009 1666166513044142 17.0625 -62.0 2.5157284921324514 14 
0006 0014 1666166513045083 -74.0 -65.0 0.0859029241215959 14 
0006 0015 1666166513045996 -26.0 -63.5 0.37429131224409645 14 
0006 0008 1666166513047642 -4.0625 -56.5 3.2888548092268146 14 
0006 0003 1666166513048511 -139.125 -66.5 0.6258641614573416 14 
0006 0002 1666166513050124 0.0 -64.0 0.4724660826687775 14 
0006 0005 1666166513051282 -13.0 -72.0 0.6749515466696822 14 
0006 0004 1666166513052451 52.0625 -56.5 1.6137477888556946 14 
0006 0010 1666166513055037 -13.0 -67.5 2.313243028131547 14 
0006 0011 1666166513162990 6.0 -77.0 3.8717675086233583 14 
0006 0009 1666166513169345 74.0 -62.0 2.5157284921324514 14 
0006 0003 1666166513170425 21.9375 -67.0 0.4356505437595221 14 
0006 0015 1666166513171830 -4.0625 -63.0 0.3436116964863836 14 
0006 0008 1666166513172997 26.0 -56.5 3.2581751934691017 14 
0006 0014 1666166513174159 0.0 -65.5 0.05522330836388308 14 
0006 0004 1666166513176772 43.125 -57.0 1.6566992509164924 14 
0006 0002 1666166513177638 17.0625 -63.5 0.4908738521234052 14 
0006 0010 1666166513178805 -8.9375 -67.5 2.350058567040802 14 
0006 0005 1666166513182441 -30.0625 -70.0 0.7792622402459057 14 
0006 0001 1666166513183394 87.0625 -68.0 2.4850488763747385 14 
0006 0011 1666166513269530 -14.1875 -77.5 4.239922897715912 14 
0006 0004 1666166513290493 4.0625 -56.5 1.662835174068035 14 
0006 0001 1666166513291422 74.0 -68.5 2.509592568980909 14 
0006 0009 1666166513292801 -21.9375 -62.5 2.6384469551633027 14 
0006 0014 1666166513294692 108.1875 -65.5 6.191146459906448 14 
0006 0015 1666166513296100 52.0625 -64.5 0.30066023442558565 14 
0006 0002 1666166513298808 48.0 -64.0 0.42337869745643697 14 
0006 0010 1666166513301507 74.0 -68.0 2.172116795646068 14 
0006 0008 1666166513302500 -8.9375 -56.5 3.2949907323783574 14 
0006 0003 1666166513304328 8.9375 -67.0 0.4295146206079795 14 
0006 0005 1666166513306769 182.25 -72.0 0.3620194659410113 14 
0006 0011 1666166513408675 -9.5 -78.0 1.1658253987930873 14 
0006 0003 1666166513421258 -65.0625 -66.5 0.4295146206079795 14 
0006 0014 1666166513422649 -48.0 -66.0 0.04908738521234052 14 
0006 0002 1666166513424281 -21.9375 -63.0 0.48473792897186263 14 
0006 0008 1666166513426590 -8.9375 -56.5 3.2581751934691017 14 
0006 0009 1666166513427727 -4.0625 -61.5 2.5893595699509624 14 
0006 0004 1666166513429108 26.0 -57.0 1.6321555583103222 14 
0006 0015 1666166513430745 -156.1875 -63.5 0.521553467881118 14 
0006 0001 1666166513431895 -21.9375 -68.5 2.6323110320117604 14 
0006 0010 1666166513434139 -21.9375 -67.5 2.325514874434632 14 
0006 0005 1666166513436258 -113.0625 -69.5 0.7301748550335652 14 
0006 0011 1666166513526990 -0.625 -77.5 4.006757817957295 14 
0006 0014 1666166513541641 -34.9375 -65.0 0.09817477042468103 14 
0006 0002 1666166513542551 -104.125 -64.0 0.6504078540635119 14 
0006 0015 1666166513543960 -95.1875 -63.5 0.4479223900626072 14 
0006 0008 1666166513545136 4.0625 -56.5 3.2336315008629315 14 
0006 0004 1666166513547225 -39.0 -56.5 1.7241944055834606 14 
0006 0010 1666166513548094 -82.1875 -68.0 2.3009711818284617 14 
0006 0003 1666166513549473 -52.0625 -67.0 0.48473792897186263 14 
0006 0009 1666166513553686 74.0 -62.0 2.4727770300716534 14 
0006 0001 1666166513555459 -121.25 -68.5 2.718213956133356 14 
0006 0005 1666166513558635 -74.0 -71.5 0.6258641614573416 14 
0006 0011 1666166513654391 -2.3125 -77.5 0.9387962421860124 14 
0006 0005 1666166513662967 -182.25 -71.0 0.6872233929727672 14 
0006 0002 1666166513664925 61.0 -63.5 0.4111068511533518 14 
0006 0003 1666166513665820 26.0 -66.5 0.3865631585471816 14 
0006 0004 1666166513666953 0.0 -57.0 1.6873788666742053 14 
0006 0015 1666166513668138 -87.0625 -64.0 0.4540583132141498 14 
0006 0001 1666166513669516 -13.0 -70.0 2.6813984172241008 14 
0006 0008 1666166513670397 -4.0625 -56.5 3.2643111166206444 14 
0006 0009 1666166513672515 -91.125 -61.0 2.662990647769473 14 
0006 0014 1666166513674263 -95.1875 -65.0 0.09203884727313846 14 
0006 0010 1666166513676144 -65.0625 -68.0 2.325514874434632 14 
0006 0011 1666166513758240 -2.3125 -77.0 0.859029241215959 14 
0006 0002 1666166513798730 26.0 -63.5 0.48473792897186263 14 
0006 0009 1666166513799625 65.0625 -61.5 2.454369260617026 14 
0006 0014 1666166513800507 30.0625 -65.5 6.234097921967246 14 
0006 0004 1666166513802650 -21.9375 -56.5 1.6751070203711202 14 
0006 0015 1666166513804286 -4.0625 -64.0 0.3374757733348411 14 
0006 0003 1666166513806758 39.0 -66.0 0.3436116964863836 14 
0006 0001 1666166513807654 17.0625 -69.0 2.5402721847386216 14 
0006 0010 1666166513809020 -17.0625 -67.5 2.2948352586769194 14 
0006 0005 1666166513810190 -113.0625 -71.0 0.7117670855789375 14 
0006 0008 1666166513811127 -21.9375 -57.5 3.2704470397721868 14 
0006 0011 1666166513926172 1.125 -77.5 4.06811704947272 14 
0006 0003 1666166513936053 -26.0 -66.0 0.3988350048502667 14 
0006 0010 1666166513937221 -87.0625 -67.5 2.356194490192345 14 
0006 0008 1666166513938891 0.0 -57.0 3.2090878082567613 14 
0006 0009 1666166513940315 -21.9375 -61.5 2.552544031041707 14 
0006 0002 1666166513941198 -65.0625 -64.0 0.521553467881118 14 
0006 0004 1666166513942589 26.0 -56.5 1.6505633277649499 14 
0006 0014 1666166513943527 -17.0625 -65.5 0.01227184630308513 14 
0006 0005 1666166513945066 108.1875 -71.0 0.47860200582032003 14 
0006 0015 1666166513945965 -65.0625 -63.5 0.3988350048502667 14 
0006 0001 1666166513947582 13.0 -70.0 2.4911847995262812 14 
0006 0011 1666166514207721 -1.25 -77.0 0.8897088569736719 14 
0006 0010 1666166514217157 130.1875 -67.5 2.030990563160589 14 
0006 0003 1666166514218395 121.25 -67.0 0.18407769454627693 14 
0006 0008 1666166514219331 -13.0 -57.5 3.1906800388021335 14 
0006 0002 1666166514220454 26.0 -63.5 0.39269908169872414 14 
0006 0015 1666166514221366 -30.0625 -64.0 0.3313398501832985 14 
0006 0009 1666166514223748 -30.0625 -61.5 2.5157284921324514 14 
0006 0004 1666166514225396 43.125 -56.5 1.5830681730979816 14 
0006 0014 1666166514228335 26.0 -65.0 6.258641614573416 14 
0006 0001 1666166514229204 -113.0625 -69.0 2.6323110320117604 14 
0006 0005 1666166514232024 30.0625 -70.0 0.4356505437595221 14 
0006 0011 1666166514495269 -4.625 -77.0 3.9147189706841563 14 
0006 0008 1666166514503222 30.0625 -57.0 3.147728576741336 14 
0006 0001 1666166514504887 234.3125 -69.0 2.172116795646068 14 
0006 0014 1666166514506008 30.0625 -66.0 0.02454369260617026 14 
0006 0003 1666166514506919 26.0 -66.5 0.30066023442558565 14 
0006 0002 1666166514508040 8.9375 -63.0 0.39269908169872414 14 
0006 0015 1666166514509930 13.0 -64.0 0.3129320807286708 14 
0006 0010 1666166514511200 -39.0 -67.0 2.270291566070749 14 
0006 0005 1666166514512156 199.375 -70.0 0.2270291566070749 14 
0006 0009 1666166514513038 30.0625 -61.5 2.4605051837685683 14 
0006 0004 1666166514514910 8.9375 -56.5 1.6321555583103222 14 
0006 0011 1666166514639336 6.0 -77.0 3.877903431774901 14 
0006 0014 1666166514676928 78.0625 -66.5 6.277049384028044 14 
0006 0008 1666166514679396 -8.9375 -56.5 3.2213596545598464 14 
0006 0004 1666166514680264 -8.9375 -56.5 1.6444274046134073 14 
0006 0009 1666166514681161 -8.9375 -62.0 2.521864415283994 14 
0006 0003 1666166514682327 17.0625 -67.0 0.2761165418194154 14 
0006 0015 1666166514683707 -21.9375 -64.0 0.30066023442558565 14 
0006 0002 1666166514685958 -26.0 -63.5 0.4540583132141498 14 
0006 0010 1666166514686958 160.3125 -68.0 2.012582793705961 14 
0006 0001 1666166514688733 17.0625 -69.5 2.693670263527186 14 
0006 0005 1666166514692752 -30.0625 -70.5 0.5460971604872883 14 
0006 0011 1666166514875501 9.125 -77.5 3.736777199289422 14 
0006 0009 1666166514901110 78.0625 -61.5 2.429825568010856 14 
0006 0010 1666166514903370 -21.9375 -67.5 2.184388641949153 14 
0006 0005 1666166514904257 121.25 -72.0 0.42337869745643697 14 
0006 0008 1666166514905420 -13.0 -56.5 3.2459033471660166 14 
0006 0001 1666166514907322 -104.125 -68.5 2.6200391857086753 14 
0006 0002 1666166514908470 -13.0 -63.5 0.42337869745643697 14 
0006 0015 1666166514909609 65.0625 -64.0 0.2761165418194154 14 
0006 0004 1666166514910547 4.0625 -57.0 1.6689710972195777 14 
0006 0014 1666166514911858 121.25 -65.5 6.22182607566416 14 
0006 0003 1666166514913903 -39.0 -67.0 0.4172427743048944 14 
