0006 0014 1666166551045232 -13.0 -59.0 3.7551849687440497 14 
0006 0002 1666166551046753 -13.0 -69.5 1.2087768608538851 14 
0006 0009 1666166551047692 -17.0625 -62.0 3.098641191528995 14 
0006 0015 1666166551050220 8.9375 -63.0 4.700117134081604 14 
0006 0004 1666166551051162 48.0 -54.5 1.5401167110371838 14 
0006 0008 1666166551052069 4.0625 -57.5 3.429981041712294 14 
0006 0007 1666166551053224 100.0625 -68.0 5.749359992995383 14 
0006 0006 1666166551054943 34.9375 -65.5 0.7301748550335652 14 
0006 0001 1666166551055827 -195.25 -70.5 5.700272607783043 14 
0006 0005 1666166551056721 8.9375 -63.5 1.9880391010997909 14 
0006 0010 1666166551057636 26.0 -60.0 3.2090878082567613 14 
0006 0004 1666166551154657 4.0625 -53.5 1.6198837120072371 14 
0006 0008 1666166551156875 26.0 -59.0 3.56497135104623 14 
0006 0009 1666166551157758 87.0625 -63.5 2.8838838812250054 14 
0006 0010 1666166551159121 26.0 -59.5 3.172272269347506 14 
0006 0002 1666166551160797 -30.0625 -69.0 1.2026409377023426 14 
0006 0005 1666166551161980 -43.125 -63.5 2.325514874434632 14 
0006 0014 1666166551162891 -52.0625 -59.0 3.877903431774901 14 
0006 0015 1666166551163789 -26.0 -62.5 4.828971520263998 14 
0006 0007 1666166551164817 -134.25 -68.0 6.17273869045182 14 
0006 0001 1666166551165757 -52.0625 -71.0 5.749359992995383 14 
0006 0006 1666166551167431 -61.8125 -67.5 0.662679700366597 14 
0006 0015 1666166551267955 -34.9375 -62.5 4.896466674930966 14 
0006 0005 1666166551268868 17.0625 -64.5 2.030990563160589 14 
0006 0010 1666166551269991 17.0625 -59.5 3.3318062712876126 14 
0006 0004 1666166551270875 8.9375 -55.0 1.718058482431918 14 
0006 0006 1666166551273272 70.75 -66.5 0.6565437772150544 14 
0006 0008 1666166551274437 -34.9375 -58.0 3.3747577333484107 14 
0006 0014 1666166551275641 17.0625 -59.5 3.7551849687440497 14 
0006 0007 1666166551277389 -8.9375 -67.5 5.970253226450915 14 
0006 0001 1666166551279309 113.0625 -71.0 5.773903685601553 14 
0006 0009 1666166551280234 56.125 -62.0 3.098641191528995 14 
0006 0002 1666166551281230 -191.1875 -69.5 1.6198837120072371 14 
0006 0015 1666166551377781 -21.9375 -63.5 4.847379289718626 14 
0006 0010 1666166551380268 -13.0 -60.5 3.3379421944391554 14 
0006 0005 1666166551381196 30.0625 -63.0 1.88986433067511 14 
0006 0008 1666166551383422 -8.9375 -57.0 3.5281558121369745 14 
0006 0014 1666166551384605 52.0625 -59.0 3.6999616603801666 14 
0006 0007 1666166551385488 -182.25 -66.5 6.1850105367549055 14 
0006 0004 1666166551386863 -8.9375 -55.5 1.6198837120072371 14 
0006 0009 1666166551388997 43.125 -62.5 3.2643111166206444 14 
0006 0002 1666166551389906 -48.0 -69.5 1.4173982480063325 14 
0006 0006 1666166551390945 100.0625 -66.5 0.859029241215959 14 
0006 0001 1666166551391982 8.9375 -70.5 5.829126993965437 14 
0006 0014 1666166551488703 34.9375 -59.0 3.761320891895592 14 
0006 0001 1666166551490409 -186.3125 -71.0 5.792311455056181 14 
0006 0015 1666166551491775 -87.0625 -63.0 4.890330751779424 14 
0006 0007 1666166551493781 91.125 -67.5 5.939573610693203 14 
0006 0002 1666166551494991 -108.1875 -69.5 1.3560390164909069 14 
0006 0008 1666166551495941 -4.0625 -57.0 3.5772431973493153 14 
0006 0005 1666166551496853 13.0 -63.5 2.024854640009046 14 
0006 0004 1666166551497764 -21.9375 -55.5 1.5953400194010667 14 
0006 0006 1666166551500152 -61.8125 -68.5 0.7669903939428205 14 
0006 0009 1666166551503213 74.0 -62.5 3.1968159619536762 14 
0006 0010 1666166551504095 -8.9375 -60.5 3.3195344249845276 14 
0006 0015 1666166551600992 -74.0 -63.5 4.853515212870168 14 
0006 0006 1666166551602370 66.6875 -66.5 0.619728238305799 14 
0006 0002 1666166551604318 234.3125 -70.0 1.086058397823034 14 
0006 0004 1666166551605710 21.9375 -55.0 1.5892040962495242 14 
0006 0005 1666166551606638 78.0625 -63.5 2.073942025221387 14 
0006 0007 1666166551607597 -121.25 -66.5 6.178874613603362 14 
0006 0014 1666166551608731 -4.0625 -59.5 3.80427235395639 14 
0006 0008 1666166551609631 26.0 -57.5 3.5588354278946874 14 
0006 0010 1666166551612392 13.0 -60.5 3.215223731408304 14 
0006 0001 1666166551614383 147.25 -71.0 5.418020142812084 14 
0006 0009 1666166551615549 -13.0 -63.0 3.1968159619536762 14 
0006 0009 1666166551713792 39.0 -63.0 3.184544115650591 14 
0006 0007 1666166551714719 -69.125 -67.0 6.000932842208628 14 
0006 0004 1666166551715913 21.9375 -55.0 1.5830681730979816 14 
0006 0008 1666166551717078 -4.0625 -57.5 3.5711072741977725 14 
0006 0006 1666166551718005 38.1875 -67.5 0.7363107781851077 14 
0006 0002 1666166551718886 -195.25 -70.5 1.4726215563702154 14 
0006 0001 1666166551719855 186.3125 -72.5 5.3198453723874035 14 
0006 0010 1666166551721246 -8.9375 -60.5 3.2397674240144743 14 
0006 0015 1666166551722444 -17.0625 -63.5 4.767612288748572 14 
0006 0014 1666166551723369 -34.9375 -59.0 3.8410878928656453 14 
0006 0005 1666166551724310 -152.125 -64.0 2.2334760271614935 14 
0006 0001 1666166551823314 -91.125 -71.5 5.71868037723767 14 
0006 0015 1666166551824747 0.0 -63.0 4.755340442445488 14 
0006 0005 1666166551825888 4.0625 -64.5 2.073942025221387 14 
0006 0010 1666166551827254 4.0625 -61.0 3.3072625786814425 14 
0006 0009 1666166551828607 74.0 -62.5 3.129320807286708 14 
0006 0002 1666166551829772 65.0625 -69.5 1.2946797849754812 14 
0006 0014 1666166551830865 13.0 -59.0 3.736777199289422 14 
0006 0008 1666166551832072 4.0625 -58.5 3.442252888015379 14 
0006 0007 1666166551835198 30.0625 -67.5 5.927301764390117 14 
0006 0004 1666166551836106 -8.9375 -55.0 1.7119225592803755 14 
0006 0006 1666166551837003 -23.5625 -66.5 0.8406214717613314 14 
0006 0015 1666166551938015 21.9375 -63.5 4.663301595172349 14 
0006 0004 1666166551938942 -30.0625 -54.5 1.7671458676442586 14 
0006 0014 1666166551939882 39.0 -59.5 3.7122335066832517 14 
0006 0002 1666166551941782 -134.25 -70.0 1.3989904785517047 14 
0006 0007 1666166551942935 -91.125 -67.0 6.043884304269426 14 
0006 0010 1666166551944585 69.125 -60.5 3.215223731408304 14 
0006 0006 1666166551945495 42.3125 -66.0 0.803805932852076 14 
0006 0001 1666166551949062 -290.5 -70.0 6.215690152512618 14 
0006 0008 1666166551951218 -26.0 -58.5 3.552699504743145 14 
0006 0009 1666166551952824 48.0 -63.5 3.067961575771282 14 
0006 0005 1666166551954878 -13.0 -63.5 2.12916533358527 14 
0006 0004 1666166552054267 -34.9375 -54.5 1.7303303287350031 14 
0006 0002 1666166552055546 -152.125 -69.5 1.368310862793992 14 
0006 0006 1666166552056526 -142.375 -66.0 1.030835089459151 14 
0006 0009 1666166552057920 -100.0625 -63.0 3.1906800388021335 14 
0006 0014 1666166552059384 21.9375 -59.5 3.730641276137879 14 
0006 0008 1666166552060491 13.0 -58.0 3.522019888985432 14 
0006 0005 1666166552061900 -69.125 -64.0 2.098485717827557 14 
0006 0010 1666166552062824 8.9375 -60.0 3.2520392703175593 14 
0006 0015 1666166552064833 17.0625 -63.5 4.583534594202296 14 
0006 0001 1666166552066089 -212.375 -71.0 5.939573610693203 14 
0006 0007 1666166552066971 4.0625 -67.0 6.043884304269426 14 
0006 0008 1666166552164926 -21.9375 -58.0 3.522019888985432 14 
0006 0002 1666166552166063 78.0625 -70.0 1.2026409377023426 14 
0006 0005 1666166552167670 56.125 -63.5 1.9144080232812801 14 
0006 0015 1666166552169665 -43.125 -63.0 4.6448938257177215 14 
0006 0007 1666166552171287 -65.0625 -68.0 6.007068765360171 14 
0006 0009 1666166552173083 -13.0 -63.0 3.1784081924990484 14 
0006 0001 1666166552174038 -56.125 -69.5 5.8659425328746915 14 
0006 0006 1666166552174936 -121.25 -65.5 0.8344855486097889 14 
0006 0010 1666166552175830 21.9375 -60.5 3.215223731408304 14 
0006 0004 1666166552176684 -13.0 -54.5 1.6873788666742053 14 
0006 0014 1666166552177779 17.0625 -59.5 3.7551849687440497 14 
0006 0009 1666166552276172 -8.9375 -62.5 3.129320807286708 14 
0006 0002 1666166552277617 39.0 -70.0 1.2578642460662257 14 
0006 0008 1666166552279379 13.0 -58.5 3.454524734318464 14 
0006 0001 1666166552280774 78.0625 -69.5 5.730952223540755 14 
0006 0015 1666166552282797 -95.1875 -64.0 4.773748211900116 14 
0006 0006 1666166552283664 -65.0625 -65.5 0.7547185476397354 14 
0006 0005 1666166552284814 4.0625 -64.5 2.0371264863121317 14 
0006 0010 1666166552287145 -21.9375 -60.5 3.2765829629237295 14 
0006 0007 1666166552288030 82.1875 -67.5 5.737088146692298 14 
0006 0004 1666166552288982 -4.0625 -54.5 1.6566992509164924 14 
0006 0014 1666166552289966 17.0625 -60.0 3.7429131224409646 14 
0006 0015 1666166552388640 78.0625 -64.5 4.6878452877785195 14 
0006 0001 1666166552389540 -139.125 -70.0 5.878214379177777 14 
0006 0005 1666166552390409 56.125 -64.5 2.0371264863121317 14 
0006 0009 1666166552391630 -43.125 -63.0 3.1661363461959633 14 
0006 0008 1666166552392569 -17.0625 -59.0 3.4913402732277192 14 
0006 0007 1666166552394729 -4.0625 -68.0 5.915029918087033 14 
0006 0006 1666166552395686 -52.0625 -66.0 0.6381360077604268 14 
0006 0004 1666166552396834 -4.0625 -54.5 1.6505633277649499 14 
0006 0010 1666166552398105 26.0 -60.0 3.2397674240144743 14 
0006 0002 1666166552399256 -52.0625 -69.5 1.3008157081270237 14 
0006 0014 1666166552400391 -21.9375 -59.5 3.77972866135022 14 
0006 0005 1666166552499077 48.0 -64.0 2.000310947402876 14 
0006 0007 1666166552500201 17.0625 -67.5 5.896622148632405 14 
0006 0001 1666166552502690 -165.1875 -70.5 5.896622148632405 14 
0006 0008 1666166552504479 17.0625 -58.5 3.454524734318464 14 
0006 0004 1666166552505389 -4.0625 -55.0 1.6505633277649499 14 
0006 0006 1666166552506301 -33.3125 -66.0 0.6933593161243098 14 
0006 0015 1666166552507950 21.9375 -64.5 4.73693267299086 14 
0006 0014 1666166552508961 13.0 -60.0 3.749049045592507 14 
0006 0002 1666166552510377 8.9375 -70.0 1.2640001692177683 14 
0006 0010 1666166552512539 39.0 -60.5 3.2090878082567613 14 
0006 0009 1666166552513390 0.0 -62.5 3.129320807286708 14 
0006 0009 1666166552610056 30.0625 -63.5 3.08636934522591 14 
0006 0014 1666166552611187 0.0 -59.5 3.724505352986337 14 
0006 0005 1666166552612342 8.9375 -64.0 1.9634954084936207 14 
0006 0006 1666166552615580 17.0625 -64.0 0.6749515466696822 14 
0006 0008 1666166552617386 -26.0 -58.5 3.454524734318464 14 
0006 0010 1666166552618311 8.9375 -60.5 3.2581751934691017 14 
0006 0015 1666166552619184 -121.25 -64.0 4.816699673960914 14 
0006 0004 1666166552620104 0.0 -55.0 1.5953400194010667 14 
0006 0002 1666166552622780 39.0 -70.0 1.1596894756415448 14 
0006 0007 1666166552624655 -186.3125 -67.5 6.080699843178682 14 
0006 0001 1666166552625960 -134.25 -70.0 5.9518454569962875 14 
0006 0004 1666166552722782 8.9375 -55.0 1.6014759425526093 14 
0006 0008 1666166552724161 21.9375 -58.5 3.411573272257666 14 
0006 0015 1666166552725907 43.125 -63.5 4.589670517353839 14 
0006 0005 1666166552727528 43.125 -63.5 1.9634954084936207 14 
0006 0009 1666166552728441 -104.125 -62.5 3.3195344249845276 14 
0006 0014 1666166552729321 13.0 -59.0 3.724505352986337 14 
0006 0007 1666166552730236 -95.1875 -67.5 5.945709533844745 14 
0006 0002 1666166552731640 -56.125 -70.0 1.2885438618239387 14 
0006 0006 1666166552733031 -80.5625 -65.5 0.8344855486097889 14 
0006 0010 1666166552734184 34.9375 -60.5 3.184544115650591 14 
0006 0001 1666166552735954 0.0 -70.5 5.700272607783043 14 
0006 0004 1666166552832316 0.0 -54.5 1.6137477888556946 14 
0006 0005 1666166552833219 -82.1875 -63.5 2.018718716857504 14 
0006 0015 1666166552834587 -173.3125 -64.0 4.859651136021712 14 
0006 0007 1666166552837820 34.9375 -67.5 5.872078456026235 14 
0006 0014 1666166552838702 34.9375 -59.0 3.724505352986337 14 
0006 0002 1666166552840106 56.125 -69.0 1.184233168247715 14 
0006 0009 1666166552840960 -8.9375 -63.0 3.227495577711389 14 
0006 0010 1666166552841873 21.9375 -60.5 3.1661363461959633 14 
0006 0008 1666166552844185 -8.9375 -58.5 3.436116964863836 14 
0006 0001 1666166552845470 -134.25 -70.5 5.970253226450915 14 
0006 0006 1666166552847201 -18.6875 -65.0 0.8222137023067037 14 
0006 0008 1666166552951874 -8.9375 -58.0 3.429981041712294 14 
0006 0014 1666166552953040 8.9375 -59.0 3.730641276137879 14 
0006 0010 1666166552953925 74.0 -60.0 3.0925052683774528 14 
0006 0001 1666166552955571 8.9375 -71.5 5.565282298449106 14 
0006 0009 1666166552956711 13.0 -63.0 3.08636934522591 14 
0006 0007 1666166552958417 -182.25 -68.0 6.154330920997192 14 
0006 0015 1666166552959317 -30.0625 -63.0 4.657165672020807 14 
0006 0004 1666166552962366 -8.9375 -54.5 1.6014759425526093 14 
0006 0006 1666166552963731 -21.9375 -67.0 0.705631162427395 14 
0006 0005 1666166552965125 17.0625 -63.0 1.9880391010997909 14 
0006 0002 1666166552966890 -195.25 -69.5 1.3314953238847365 14 
0006 0005 1666166553066115 -104.125 -63.0 2.1537090261914402 14 
0006 0010 1666166553066996 -26.0 -59.5 3.227495577711389 14 
0006 0001 1666166553067906 -95.1875 -70.5 5.577554144752192 14 
0006 0007 1666166553069031 -26.0 -68.0 5.872078456026235 14 
0006 0008 1666166553070138 -17.0625 -59.0 3.3011266555298997 14 
0006 0014 1666166553072012 17.0625 -59.5 3.6754179677739964 14 
0006 0009 1666166553072922 -8.9375 -62.5 3.0250101137104846 14 
0006 0015 1666166553073824 -30.0625 -63.0 4.669437518323892 14 
0006 0004 1666166553075740 4.0625 -55.0 1.6444274046134073 14 
0006 0006 1666166553078551 -82.1875 -66.0 0.7301748550335652 14 
0006 0002 1666166553083023 -56.125 -70.0 1.2701360923693108 14 
0006 0007 1666166553181702 -108.1875 -67.5 5.93343768754166 14 
0006 0014 1666166553182822 43.125 -59.0 3.5956509668039427 14 
0006 0008 1666166553183986 17.0625 -58.5 3.2520392703175593 14 
0006 0009 1666166553185181 13.0 -61.5 3.043417883165112 14 
0006 0001 1666166553186560 -95.1875 -70.5 5.810719224510809 14 
0006 0015 1666166553187497 0.0 -63.5 4.693981210930062 14 
0006 0002 1666166553188609 4.0625 -70.0 1.0799224746714913 14 
0006 0006 1666166553190497 -56.9375 -66.0 0.7731263170943632 14 
0006 0005 1666166553192374 17.0625 -63.5 1.932815792735908 14 
0006 0004 1666166553193514 -26.0 -55.0 1.6198837120072371 14 
0006 0010 1666166553194866 56.125 -59.5 3.1968159619536762 14 
0006 0000 1666166553294046 1.75 -76.0 1.576932249946439 14 
0006 0007 1666166553312396 -247.375 -67.0 6.056156150572511 14 
0006 0005 1666166553313392 -43.125 -63.0 1.9819031779482483 14 
0006 0015 1666166553314771 13.0 -63.5 4.693981210930062 14 
0006 0002 1666166553315681 -30.0625 -70.0 1.282407938672396 14 
0006 0014 1666166553316620 -26.0 -58.5 3.706097583531709 14 
0006 0010 1666166553317701 56.125 -59.5 3.153864499892878 14 
0006 0004 1666166553318609 4.0625 -55.5 1.5278448647340985 14 
0006 0001 1666166553319805 30.0625 -70.5 5.767767762450011 14 
0006 0009 1666166553320957 26.0 -62.0 3.104777114680538 14 
0006 0008 1666166553321894 21.9375 -57.5 3.3011266555298997 14 
0006 0006 1666166553324750 94.375 -66.5 0.6810874698212247 14 
0006 0000 1666166553401331 -3.6875 -76.0 1.7671458676442586 14 
0006 0005 1666166553429048 -4.0625 -63.5 1.9144080232812801 14 
0006 0009 1666166553430798 17.0625 -62.0 3.1354567304382504 14 
0006 0001 1666166553431698 -264.4375 -71.0 6.031612457966341 14 
0006 0014 1666166553433612 26.0 -59.0 3.6201946594101133 14 
0006 0007 1666166553435006 -48.0 -66.0 5.9518454569962875 14 
0006 0010 1666166553436201 39.0 -60.0 3.1661363461959633 14 
0006 0002 1666166553437096 -78.0625 -69.0 1.214912784005428 14 
0006 0015 1666166553438022 -56.125 -63.0 4.773748211900116 14 
0006 0006 1666166553440040 -91.125 -66.5 0.8283496254582462 14 
0006 0004 1666166553441262 -21.9375 -55.5 1.5462526341887264 14 
0006 0008 1666166553442144 26.0 -57.5 3.3072625786814425 14 
0006 0000 1666166553494331 8.8125 -76.0 4.908738521234052 14 
0006 0008 1666166553550029 -8.9375 -58.0 3.429981041712294 14 
0006 0010 1666166553551228 43.125 -60.0 3.153864499892878 14 
0006 0005 1666166553553458 134.25 -63.0 1.8407769454627694 14 
0006 0004 1666166553554579 -8.9375 -55.0 1.564660403643354 14 
0006 0014 1666166553555429 0.0 -59.0 3.7122335066832517 14 
0006 0007 1666166553558459 -160.3125 -66.5 6.1420590746941075 14 
0006 0009 1666166553559895 30.0625 -63.0 3.160000423044421 14 
0006 0002 1666166553561099 -69.125 -69.5 1.3130875544301088 14 
0006 0015 1666166553562012 -13.0 -63.5 4.73693267299086 14 
0006 0006 1666166553563221 -113.875 -66.0 0.7853981633974483 14 
0006 0001 1666166553564979 -91.125 -69.5 5.957981380147831 14 
0006 0000 1666166553655335 2.875 -76.0 5.049864753719531 14 
0006 0010 1666166553676352 17.0625 -60.5 3.2397674240144743 14 
0006 0004 1666166553678853 -39.0 -54.0 1.6812429435226628 14 
0006 0006 1666166553679776 14.625 -66.5 0.5276893910326605 14 
0006 0005 1666166553680674 -74.0 -63.0 2.1046216409791 14 
0006 0014 1666166553682575 -4.0625 -59.0 3.718369429834794 14 
0006 0002 1666166553683474 243.3125 -69.0 0.9694758579437253 14 
0006 0015 1666166553684654 17.0625 -63.5 4.620350133111551 14 
0006 0008 1666166553685777 43.125 -58.5 3.4054373491061236 14 
0006 0009 1666166553686704 52.0625 -63.0 3.0250101137104846 14 
0006 0007 1666166553688505 21.9375 -67.5 5.8475347634200645 14 
0006 0001 1666166553690001 -108.1875 -69.5 5.970253226450915 14 
0006 0008 1666166553787300 4.0625 -58.5 3.4054373491061236 14 
0006 0006 1666166553788241 -42.3125 -65.0 0.5583690067903734 14 
0006 0009 1666166553790231 -4.0625 -62.5 3.0925052683774528 14 
0006 0004 1666166553791185 -4.0625 -54.0 1.7855536370988863 14 
0006 0014 1666166553792394 4.0625 -59.0 3.724505352986337 14 
0006 0015 1666166553793293 17.0625 -64.0 4.608078286808466 14 
0006 0005 1666166553794207 -30.0625 -63.5 2.0800779483729293 14 
0006 0010 1666166553795358 13.0 -60.0 3.313398501832985 14 
0006 0001 1666166553797783 -100.0625 -70.5 5.853670686571607 14 
0006 0007 1666166553798682 -134.25 -67.0 6.056156150572511 14 
0006 0002 1666166553799676 -48.0 -69.5 1.3560390164909069 14 
0006 0009 1666166553898170 21.9375 -62.5 3.0925052683774528 14 
0006 0004 1666166553899817 17.0625 -54.0 1.7794177139473437 14 
0006 0006 1666166553901009 4.0625 -65.5 0.662679700366597 14 
0006 0015 1666166553901853 17.0625 -64.5 4.651029748869264 14 
0006 0005 1666166553904000 -30.0625 -63.5 1.9512235621905356 14 
0006 0014 1666166553905379 43.125 -59.0 3.724505352986337 14 
0006 0010 1666166553907284 26.0 -60.0 3.2336315008629315 14 
0006 0001 1666166553909401 -169.25 -69.5 6.12365130523948 14 
0006 0008 1666166553911047 26.0 -58.5 3.436116964863836 14 
0006 0007 1666166553913396 -160.3125 -67.5 6.117515382087937 14 
0006 0002 1666166553915157 100.0625 -69.0 1.0799224746714913 14 
0006 0009 1666166554013254 21.9375 -62.5 3.147728576741336 14 
0006 0005 1666166554015716 74.0 -65.0 1.8775924843720249 14 
0006 0008 1666166554018402 65.0625 -58.5 3.2581751934691017 14 
0006 0007 1666166554019315 -39.0 -68.0 6.013204688511713 14 
0006 0014 1666166554020220 0.0 -59.5 3.7429131224409646 14 
0006 0004 1666166554021092 21.9375 -55.0 1.9573594853420782 14 
0006 0006 1666166554022089 30.0625 -63.5 0.6810874698212247 14 
0006 0010 1666166554023889 8.9375 -60.5 3.368621810196868 14 
0006 0015 1666166554024816 4.0625 -63.5 4.565126824747668 14 
0006 0002 1666166554027196 34.9375 -70.5 1.2210487071569704 14 
0006 0001 1666166554028209 -152.125 -70.5 6.154330920997192 14 
0006 0001 1666166554126603 -100.0625 -69.5 5.982525072754001 14 
0006 0006 1666166554127797 -43.125 -64.5 0.944932165337555 14 
0006 0004 1666166554129023 -4.0625 -55.0 1.945087639038993 14 
0006 0008 1666166554130714 56.125 -57.5 3.2704470397721868 14 
0006 0002 1666166554131835 -13.0 -70.0 1.239456476611598 14 
0006 0005 1666166554133231 -26.0 -64.0 1.8837284075235674 14 
0006 0010 1666166554134355 13.0 -61.5 3.2949907323783574 14 
0006 0007 1666166554135850 -104.125 -68.5 5.945709533844745 14 
0006 0009 1666166554137144 4.0625 -62.5 3.227495577711389 14 
0006 0015 1666166554138028 -4.0625 -63.0 4.6878452877785195 14 
0006 0014 1666166554138970 -26.0 -60.0 3.773592738198677 14 
0006 0004 1666166554237347 21.9375 -55.0 1.718058482431918 14 
0006 0005 1666166554238982 -8.9375 -64.5 1.761009944492716 14 
0006 0008 1666166554240973 48.0 -57.0 3.3870295796514958 14 
0006 0014 1666166554242717 -4.0625 -60.0 3.724505352986337 14 
0006 0007 1666166554243633 -195.25 -67.5 6.056156150572511 14 
0006 0001 1666166554244784 17.0625 -70.0 6.025476534814799 14 
0006 0015 1666166554246190 -4.0625 -63.0 4.767612288748572 14 
0006 0002 1666166554247978 21.9375 -69.5 1.1535535524900022 14 
0006 0010 1666166554250346 4.0625 -62.0 3.2459033471660166 14 
0006 0009 1666166554251695 -69.125 -62.5 3.380893656499953 14 
0006 0006 1666166554252816 -13.0 -65.0 1.1044661672776617 14 
0006 0007 1666166554350390 -100.0625 -67.5 5.921165841238575 14 
0006 0005 1666166554351315 100.0625 -65.0 1.7548740213411735 14 
0006 0001 1666166554352253 -8.9375 -71.0 6.013204688511713 14 
0006 0015 1666166554354132 -21.9375 -62.5 4.724660826687775 14 
0006 0002 1666166554355269 -126.125 -70.5 1.4419419406125027 14 
0006 0010 1666166554356589 -8.9375 -62.0 3.356349963893783 14 
0006 0008 1666166554357782 -8.9375 -58.5 3.2459033471660166 14 
0006 0009 1666166554360142 108.1875 -62.0 3.074097498922825 14 
0006 0014 1666166554361020 4.0625 -60.0 3.730641276137879 14 
0006 0004 1666166554362623 0.0 -56.0 1.9205439464328227 14 
0006 0006 1666166554364230 14.625 -65.0 1.1903690913992575 14 
0006 0002 1666166554465283 -39.0 -71.0 1.5585244804918115 14 
0006 0006 1666166554466434 34.9375 -65.0 0.8222137023067037 14 
0006 0008 1666166554467848 0.0 -59.0 3.2643111166206444 14 
0006 0005 1666166554469248 121.25 -64.5 1.8407769454627694 14 
0006 0015 1666166554471692 -39.0 -63.5 4.632621979414636 14 
0006 0009 1666166554473707 74.0 -62.5 2.988194574801229 14 
0006 0014 1666166554475085 -26.0 -59.5 3.859495662320273 14 
0006 0010 1666166554476009 4.0625 -61.0 3.2520392703175593 14 
0006 0007 1666166554476968 -113.0625 -68.0 6.129787228391022 14 
0006 0001 1666166554477936 26.0 -69.5 5.915029918087033 14 
0006 0004 1666166554478859 8.9375 -55.5 1.9205439464328227 14 
0006 0006 1666166554576765 -122.875 -64.0 0.9203884727313847 14 
0006 0010 1666166554577662 -26.0 -61.0 3.2213596545598464 14 
0006 0015 1666166554578845 -52.0625 -62.5 4.9823695990525625 14 
0006 0005 1666166554579679 0.0 -64.0 2.018718716857504 14 
0006 0007 1666166554580582 -74.0 -68.0 5.810719224510809 14 
0006 0008 1666166554581928 4.0625 -58.0 3.730641276137879 14 
0006 0002 1666166554582811 -204.25 -70.0 1.7303303287350031 14 
0006 0004 1666166554585180 -13.0 -54.5 1.9757672547967058 14 
0006 0014 1666166554586347 30.0625 -59.5 3.5772431973493153 14 
0006 0009 1666166554589412 30.0625 -64.5 3.074097498922825 14 
0006 0001 1666166554590601 0.0 -71.0 6.166602767300278 14 
0006 0009 1666166554691773 -39.0 -62.5 3.3747577333484107 14 
0006 0005 1666166554694034 126.125 -64.5 1.8162332528565992 14 
0006 0004 1666166554694941 21.9375 -55.5 1.6505633277649499 14 
0006 0010 1666166554696096 26.0 -61.0 3.2520392703175593 14 
0006 0015 1666166554698016 -43.125 -63.0 4.718524903536232 14 
0006 0014 1666166554700512 -21.9375 -59.5 3.810408277107933 14 
0006 0007 1666166554701412 -126.125 -68.5 5.976389149602458 14 
0006 0008 1666166554702362 13.0 -58.5 3.448388811166921 14 
0006 0006 1666166554703485 -28.4375 -68.0 0.8528933180644165 14 
0006 0001 1666166554704368 126.125 -70.5 6.080699843178682 14 
0006 0002 1666166554705277 139.125 -69.5 1.3989904785517047 14 
0006 0004 1666166554804080 8.9375 -55.0 1.8285050991596843 14 
0006 0005 1666166554805038 -69.125 -64.5 2.055534255766759 14 
0006 0009 1666166554806431 13.0 -63.5 3.2765829629237295 14 
0006 0001 1666166554807582 -17.0625 -69.0 0.0859029241215959 14 
0006 0010 1666166554808480 69.125 -60.5 3.1231848841351653 14 
0006 0007 1666166554811132 -95.1875 -67.5 6.154330920997192 14 
0006 0015 1666166554812541 74.0 -64.0 4.620350133111551 14 
0006 0014 1666166554816273 30.0625 -59.5 3.785864584501762 14 
0006 0006 1666166554818092 -43.125 -64.5 0.859029241215959 14 
0006 0008 1666166554819583 -4.0625 -58.5 3.56497135104623 14 
0006 0002 1666166554821107 108.1875 -70.0 1.3928545554001621 14 
0006 0008 1666166554925343 -8.9375 -58.5 3.472932503773092 14 
0006 0009 1666166554927235 -34.9375 -62.0 3.1906800388021335 14 
0006 0006 1666166554928357 21.9375 -67.0 0.7669903939428205 14 
0006 0005 1666166554929711 -52.0625 -64.0 2.0800779483729293 14 
0006 0004 1666166554930861 17.0625 -55.0 1.7855536370988863 14 
0006 0010 1666166554931775 -48.0 -61.0 3.313398501832985 14 
0006 0014 1666166554933165 -4.0625 -60.5 3.9515345095934116 14 
0006 0001 1666166554934543 -17.0625 -69.0 6.111379458936394 14 
0006 0015 1666166554935698 -199.375 -63.5 4.92714629068868 14 
0006 0007 1666166554936909 -134.25 -68.0 6.019340611663256 14 
0006 0002 1666166554941692 43.125 -70.5 1.1228739367322893 14 
0006 0009 1666166555041365 48.0 -61.5 2.988194574801229 14 
0006 0008 1666166555042389 17.0625 -59.0 3.442252888015379 14 
0006 0002 1666166555043542 134.25 -70.0 1.1535535524900022 14 
0006 0015 1666166555045198 -34.9375 -63.0 4.749204519293945 14 
0006 0014 1666166555046363 -21.9375 -59.0 3.773592738198677 14 
0006 0005 1666166555047304 -13.0 -64.0 2.116893487282185 14 
0006 0001 1666166555048473 104.125 -69.5 5.976389149602458 14 
0006 0004 1666166555049397 39.0 -55.0 1.7119225592803755 14 
0006 0006 1666166555050321 74.0 -64.5 0.9940195505498954 14 
0006 0010 1666166555051204 -26.0 -60.0 3.3624858870453256 14 
0006 0007 1666166555053537 195.25 -68.5 5.688000761479957 14 
0006 0000 1666166555147623 -6.8125 -75.0 1.9757672547967058 14 
0006 0001 1666166555160855 0.0 -70.0 6.086835766330224 14 
0006 0014 1666166555162594 34.9375 -59.0 3.7981364308048478 14 
0006 0009 1666166555164256 48.0 -61.5 3.000466421104314 14 
0006 0010 1666166555165140 -48.0 -60.5 3.429981041712294 14 
0006 0002 1666166555166051 316.5 -70.0 0.9142525495798421 14 
0006 0005 1666166555167258 39.0 -64.0 1.9880391010997909 14 
0006 0008 1666166555168904 -39.0 -58.0 3.5158839658338894 14 
0006 0004 1666166555169800 -13.0 -55.0 1.8039614065535141 14 
0006 0007 1666166555170729 -117.125 -67.5 6.013204688511713 14 
0006 0006 1666166555172273 43.125 -65.5 1.1535535524900022 14 
0006 0015 1666166555173779 0.0 -63.5 4.614214209960009 14 
0006 0002 1666166555272399 87.0625 -70.5 1.141281706186917 14 
0006 0014 1666166555273834 4.0625 -60.0 3.9576704327449543 14 
0006 0015 1666166555276055 -21.9375 -62.5 4.681709364626977 14 
0006 0006 1666166555276953 152.125 -65.0 0.7792622402459057 14 
0006 0008 1666166555278613 -26.0 -57.5 3.497476196379262 14 
0006 0009 1666166555279723 -26.0 -63.0 3.2336315008629315 14 
0006 0010 1666166555280862 30.0625 -60.5 3.2459033471660166 14 
0006 0005 1666166555281789 30.0625 -63.5 1.902136176978195 14 
0006 0004 1666166555283180 -13.0 -54.5 1.8407769454627694 14 
0006 0001 1666166555284435 26.0 -70.0 5.988660995905543 14 
0006 0007 1666166555285346 -56.125 -67.0 5.730952223540755 14 
0006 0004 1666166555385685 30.0625 -55.5 1.761009944492716 14 
0006 0008 1666166555386566 -43.125 -58.5 3.356349963893783 14 
0006 0009 1666166555388002 34.9375 -61.0 3.104777114680538 14 
0006 0007 1666166555389668 134.25 -67.0 5.6573211457222445 14 
0006 0014 1666166555390805 -69.125 -59.5 3.9576704327449543 14 
0006 0010 1666166555391629 -8.9375 -60.0 3.2765829629237295 14 
0006 0015 1666166555392545 -48.0 -63.5 4.828971520263998 14 
0006 0001 1666166555395626 -61.0 -69.0 6.135923151542564 14 
0006 0002 1666166555397187 152.125 -71.5 1.214912784005428 14 
0006 0006 1666166555398351 90.3125 -63.5 1.055378782065321 14 
0006 0005 1666166555400926 -43.125 -64.0 2.0923497946760143 14 
0006 0006 1666166555499829 17.0625 -65.0 1.0492428589137786 14 
0006 0005 1666166555500728 95.1875 -63.5 1.8653206380689396 14 
0006 0008 1666166555501891 -4.0625 -58.0 3.466796580621549 14 
0006 0015 1666166555502765 -69.125 -63.5 4.76147636559703 14 
0006 0014 1666166555504584 -43.125 -59.5 4.0128937411088375 14 
0006 0004 1666166555505538 17.0625 -55.0 1.8653206380689396 14 
0006 0007 1666166555506424 -121.25 -67.5 5.853670686571607 14 
0006 0009 1666166555507637 -65.0625 -62.5 3.2029518851052186 14 
0006 0002 1666166555509013 87.0625 -69.5 1.2885438618239387 14 
0006 0010 1666166555511398 -21.9375 -60.5 3.2520392703175593 14 
0006 0001 1666166555516581 30.0625 -69.5 6.031612457966341 14 
0006 0007 1666166555615097 39.0 -67.0 5.737088146692298 14 
0006 0002 1666166555616519 -30.0625 -70.5 1.4603497100671303 14 
0006 0005 1666166555618269 -48.0 -63.5 1.9941750242513334 14 
0006 0009 1666166555620274 -48.0 -62.5 3.117048960983623 14 
0006 0014 1666166555621171 17.0625 -60.0 3.9085830475326135 14 
0006 0004 1666166555622296 26.0 -55.5 1.9144080232812801 14 
0006 0010 1666166555623219 -4.0625 -60.0 3.2213596545598464 14 
0006 0008 1666166555624102 -56.125 -58.0 3.472932503773092 14 
0006 0006 1666166555625624 -21.9375 -64.5 0.9326603190344698 14 
0006 0015 1666166555626567 -17.0625 -63.0 4.773748211900116 14 
0006 0001 1666166555628084 0.0 -69.0 6.166602767300278 14 
0006 0014 1666166555726140 -52.0625 -59.5 3.9699422790480394 14 
0006 0010 1666166555727194 -69.125 -60.5 3.3870295796514958 14 
0006 0004 1666166555728344 -17.0625 -55.5 2.018718716857504 14 
0006 0006 1666166555729762 -8.9375 -64.5 1.1290098598838318 14 
0006 0009 1666166555730690 17.0625 -62.0 3.08636934522591 14 
0006 0008 1666166555732621 -30.0625 -58.0 3.5711072741977725 14 
0006 0015 1666166555733547 -74.0 -63.0 4.890330751779424 14 
0006 0002 1666166555734981 -130.1875 -72.0 1.7916895602504288 14 
0006 0001 1666166555736260 61.0 -71.0 6.000932842208628 14 
0006 0005 1666166555737726 -4.0625 -65.0 2.012582793705961 14 
0006 0007 1666166555738918 0.0 -67.0 5.767767762450011 14 
0006 0010 1666166555838071 -82.1875 -60.5 3.3747577333484107 14 
0006 0014 1666166555838981 -13.0 -60.0 3.9392626632903265 14 
0006 0001 1666166555840106 121.25 -71.0 5.988660995905543 14 
0006 0009 1666166555840974 17.0625 -63.0 3.141592653589793 14 
0006 0007 1666166555842622 61.0 -67.0 5.706408530934585 14 
0006 0008 1666166555843557 -4.0625 -58.0 3.466796580621549 14 
0006 0015 1666166555844672 -43.125 -63.5 4.853515212870168 14 
0006 0005 1666166555845807 -4.0625 -64.5 1.9696313316451632 14 
0006 0004 1666166555846720 30.0625 -55.0 1.9389517158874505 14 
0006 0006 1666166555849072 70.75 -66.5 0.8222137023067037 14 
0006 0002 1666166555850872 130.1875 -70.0 1.3560390164909069 14 
0006 0014 1666166555949003 -21.9375 -60.0 3.9085830475326135 14 
0006 0007 1666166555950567 8.9375 -66.5 5.8659425328746915 14 
0006 0008 1666166555951451 13.0 -58.0 3.5036121195308043 14 
0006 0004 1666166555954626 13.0 -55.5 2.018718716857504 14 
0006 0002 1666166555955536 61.0 -69.0 1.4603497100671303 14 
0006 0010 1666166555956447 -48.0 -60.0 3.411573272257666 14 
0006 0006 1666166555957595 -4.0625 -65.0 1.0369710126106935 14 
0006 0015 1666166555959418 -78.0625 -63.0 4.890330751779424 14 
0006 0001 1666166555960371 -173.3125 -71.0 0.16566992509164924 14 
0006 0009 1666166555961281 -39.0 -63.0 3.0925052683774528 14 
0006 0005 1666166555962322 -30.0625 -64.0 2.018718716857504 14 
