0006 0014 1666166592506203 -17.0625 -59.0 3.847223816017188 14 
0006 0005 1666166592507102 -134.25 -65.0 1.9573594853420782 14 
0006 0002 1666166592508762 -199.375 -70.0 1.7426021750380885 14 
0006 0010 1666166592510436 -17.0625 -60.5 3.313398501832985 14 
0006 0009 1666166592512710 -13.0 -62.5 3.2643111166206444 14 
0006 0007 1666166592513864 -82.1875 -67.0 5.706408530934585 14 
0006 0015 1666166592515004 -39.0 -63.0 4.724660826687775 14 
0006 0008 1666166592517742 -8.9375 -57.0 3.411573272257666 14 
0006 0006 1666166592518655 127.75 -64.5 0.9510680884890975 14 
0006 0004 1666166592520016 -8.9375 -55.0 2.1353012567368124 14 
0006 0001 1666166592520858 56.125 -69.5 0.018407769454627694 14 
0006 0010 1666166592619660 -43.125 -60.5 3.356349963893783 14 
0006 0014 1666166592621520 -17.0625 -59.0 3.877903431774901 14 
0006 0001 1666166592623014 95.1875 -70.5 6.240233845118788 14 
0006 0006 1666166592623951 -66.6875 -65.0 1.1290098598838318 14 
0006 0015 1666166592625089 8.9375 -63.5 4.663301595172349 14 
0006 0007 1666166592626003 43.125 -67.5 5.620505606812989 14 
0006 0004 1666166592627378 -4.0625 -55.5 2.0923497946760143 14 
0006 0009 1666166592628547 -74.0 -62.5 3.3011266555298997 14 
0006 0008 1666166592629953 4.0625 -57.0 3.4177091954092087 14 
0006 0005 1666166592631705 30.0625 -65.5 1.705786636128833 14 
0006 0002 1666166592633408 13.0 -69.0 1.41126232485479 14 
0006 0004 1666166592732287 -13.0 -55.5 2.1046216409791 14 
0006 0001 1666166592733826 -134.25 -70.5 0.02454369260617026 14 
0006 0007 1666166592735458 65.0625 -68.0 5.5284667595398505 14 
0006 0014 1666166592737244 -30.0625 -59.0 3.8963112012295285 14 
0006 0008 1666166592738182 -43.125 -58.0 3.485204350076177 14 
0006 0005 1666166592739079 21.9375 -65.0 1.761009944492716 14 
0006 0002 1666166592739974 17.0625 -69.0 1.5585244804918115 14 
0006 0010 1666166592740901 -30.0625 -60.5 3.368621810196868 14 
0006 0006 1666166592742675 -66.6875 -65.0 1.0369710126106935 14 
0006 0009 1666166592743828 -43.125 -62.5 3.2581751934691017 14 
0006 0015 1666166592745283 -134.25 -63.5 4.755340442445488 14 
0006 0010 1666166592844725 0.0 -60.5 3.3318062712876126 14 
0006 0015 1666166592845657 -74.0 -63.5 4.614214209960009 14 
0006 0002 1666166592846795 -134.25 -70.5 1.736466251886546 14 
0006 0007 1666166592847736 -82.1875 -67.0 5.6941366846315 14 
0006 0006 1666166592848646 -66.6875 -64.0 1.1106020904292042 14 
0006 0009 1666166592850818 26.0 -63.0 3.184544115650591 14 
0006 0014 1666166592851742 -17.0625 -59.5 3.890175278077986 14 
0006 0008 1666166592853471 0.0 -57.5 3.423845118560751 14 
0006 0005 1666166592854756 34.9375 -65.5 1.6812429435226628 14 
0006 0004 1666166592855609 17.0625 -55.5 2.0800779483729293 14 
0006 0001 1666166592857119 -169.25 -71.0 0.3313398501832985 14 
0006 0006 1666166592954309 -4.875 -64.5 1.0737865515199487 14 
0006 0005 1666166592955479 104.125 -65.0 1.6260196351587797 14 
0006 0015 1666166592957243 -13.0 -63.5 4.706253057233147 14 
0006 0014 1666166592958579 -21.9375 -59.5 3.877903431774901 14 
0006 0001 1666166592960202 251.4375 -70.5 6.191146459906448 14 
0006 0009 1666166592961366 17.0625 -62.0 3.184544115650591 14 
0006 0008 1666166592962234 -26.0 -58.0 3.423845118560751 14 
0006 0002 1666166592963652 251.4375 -71.0 1.227184630308513 14 
0006 0007 1666166592965372 43.125 -66.5 5.706408530934585 14 
0006 0004 1666166592966879 13.0 -55.5 2.043262409463674 14 
0006 0010 1666166592967819 -13.0 -60.0 3.32567034813607 14 
0006 0009 1666166593066445 -39.0 -62.5 3.2397674240144743 14 
0006 0001 1666166593068094 -95.1875 -70.5 0.35588354278946877 14 
0006 0004 1666166593069884 -13.0 -55.5 2.098485717827557 14 
0006 0008 1666166593070837 -13.0 -58.0 3.4054373491061236 14 
0006 0014 1666166593071720 -43.125 -59.0 3.877903431774901 14 
0006 0007 1666166593072619 -91.125 -67.0 5.749359992995383 14 
0006 0010 1666166593073999 -56.125 -60.0 3.3870295796514958 14 
0006 0002 1666166593075150 -17.0625 -69.5 1.5892040962495242 14 
0006 0015 1666166593076348 -21.9375 -62.5 4.620350133111551 14 
0006 0005 1666166593077711 -4.0625 -65.0 1.718058482431918 14 
0006 0006 1666166593079474 33.3125 -64.5 1.043106935762236 14 
0006 0014 1666166593178688 -48.0 -59.0 3.9085830475326135 14 
0006 0006 1666166593180334 75.625 -64.5 1.0492428589137786 14 
0006 0005 1666166593183377 34.9375 -65.0 1.6505633277649499 14 
0006 0002 1666166593184514 48.0 -70.0 1.4848934026733007 14 
0006 0007 1666166593185454 39.0 -67.5 5.626641529964532 14 
0006 0015 1666166593186604 21.9375 -63.5 4.595806440505381 14 
0006 0004 1666166593187444 65.0625 -55.5 1.9634954084936207 14 
0006 0010 1666166593188697 -13.0 -60.5 3.32567034813607 14 
0006 0008 1666166593189621 13.0 -58.0 3.3502140407422405 14 
0006 0009 1666166593190562 30.0625 -62.5 3.08636934522591 14 
0006 0001 1666166593192102 -247.375 -70.5 0.22089323345553233 14 
0006 0006 1666166593289504 -4.875 -64.5 1.0492428589137786 14 
0006 0008 1666166593291707 -39.0 -58.0 3.3502140407422405 14 
0006 0014 1666166593292573 -8.9375 -59.0 3.8840393549264434 14 
0006 0015 1666166593294225 -126.125 -63.5 4.7307967498393175 14 
0006 0004 1666166593295615 8.9375 -55.5 2.024854640009046 14 
0006 0005 1666166593297523 78.0625 -65.0 1.6198837120072371 14 
0006 0009 1666166593298463 -52.0625 -62.0 3.184544115650591 14 
0006 0010 1666166593300549 8.9375 -60.5 3.2765829629237295 14 
0006 0007 1666166593301818 87.0625 -67.5 5.5100589900852235 14 
0006 0002 1666166593305813 256.3125 -71.0 1.3192234775816514 14 
0006 0001 1666166593306881 316.5 -70.5 6.062292073724054 14 
0006 0002 1666166593403396 21.9375 -69.5 1.4664856332186729 14 
0006 0014 1666166593404595 -8.9375 -59.5 3.902447124381071 14 
0006 0004 1666166593405534 17.0625 -55.5 2.030990563160589 14 
0006 0015 1666166593409332 -34.9375 -63.5 4.675573441475434 14 
0006 0010 1666166593410600 -43.125 -60.0 3.2949907323783574 14 
0006 0008 1666166593411494 4.0625 -58.0 3.3318062712876126 14 
0006 0007 1666166593412875 21.9375 -67.5 5.6143696836614465 14 
0006 0009 1666166593413980 0.0 -61.5 3.055689729468197 14 
0006 0006 1666166593414864 14.625 -64.0 1.0492428589137786 14 
0006 0005 1666166593416146 95.1875 -64.5 1.6014759425526093 14 
0006 0001 1666166593418740 91.125 -70.0 0.02454369260617026 14 
0006 0007 1666166593517826 -21.9375 -67.5 5.5714182216006485 14 
0006 0014 1666166593518709 -21.9375 -59.5 3.9269908169872414 14 
0006 0001 1666166593519637 -78.0625 -71.0 0.23930100291016002 14 
0006 0009 1666166593521466 -4.0625 -62.0 3.1354567304382504 14 
0006 0010 1666166593523367 -82.1875 -60.0 3.3379421944391554 14 
0006 0008 1666166593524773 -17.0625 -58.0 3.32567034813607 14 
0006 0005 1666166593525788 52.0625 -65.5 1.5707963267948966 14 
0006 0006 1666166593527614 14.625 -64.0 1.043106935762236 14 
0006 0015 1666166593528771 -104.125 -63.0 4.608078286808466 14 
0006 0004 1666166593529667 26.0 -55.5 2.0371264863121317 14 
0006 0002 1666166593530969 78.0625 -71.0 1.3192234775816514 14 
0006 0015 1666166593627959 -87.0625 -63.5 4.663301595172349 14 
0006 0009 1666166593629083 -48.0 -61.5 3.11091303783208 14 
0006 0014 1666166593630246 8.9375 -59.5 3.877903431774901 14 
0006 0001 1666166593631160 100.0625 -70.5 6.270913460876501 14 
0006 0006 1666166593635089 -18.6875 -64.5 1.0921943209745766 14 
0006 0010 1666166593636284 -4.0625 -60.0 3.227495577711389 14 
0006 0004 1666166593638033 8.9375 -55.5 2.0371264863121317 14 
0006 0007 1666166593639829 -74.0 -67.0 5.595961914206819 14 
0006 0008 1666166593640922 -48.0 -57.5 3.3195344249845276 14 
0006 0005 1666166593641828 0.0 -65.0 1.6812429435226628 14 
0006 0002 1666166593642874 221.3125 -70.0 1.2946797849754812 14 
0006 0004 1666166593740722 87.0625 -55.5 1.9389517158874505 14 
0006 0008 1666166593742439 4.0625 -58.0 3.2765829629237295 14 
0006 0010 1666166593744047 34.9375 -60.5 3.2029518851052186 14 
0006 0007 1666166593745214 39.0 -66.5 5.559146375297564 14 
0006 0014 1666166593746167 -69.125 -59.0 3.9760782021995817 14 
0006 0006 1666166593747558 -90.3125 -64.5 1.1474176293384597 14 
0006 0002 1666166593748426 -134.25 -69.5 1.6935147898257479 14 
0006 0015 1666166593749312 -34.9375 -63.5 4.693981210930062 14 
0006 0009 1666166593750196 -52.0625 -62.0 3.147728576741336 14 
0006 0005 1666166593751120 100.0625 -64.5 1.576932249946439 14 
0006 0001 1666166593753748 4.0625 -69.5 0.25157284921324513 14 
0006 0009 1666166593861893 34.9375 -62.0 3.0372819600135696 14 
0006 0007 1666166593863145 87.0625 -67.5 5.424156065963627 14 
0006 0015 1666166593864045 130.1875 -63.5 4.460816131171445 14 
0006 0004 1666166593865217 0.0 -55.0 2.0493983326152168 14 
0006 0002 1666166593866372 43.125 -69.5 1.4787574795217582 14 
0006 0014 1666166593868457 -4.0625 -59.0 3.9208548938356986 14 
0006 0001 1666166593869849 -39.0 -70.0 0.11044661672776616 14 
0006 0006 1666166593870872 -17.0625 -64.0 1.0799224746714913 14 
0006 0008 1666166593871783 -61.0 -58.0 3.3011266555298997 14 
0006 0010 1666166593873446 -43.125 -60.0 3.2949907323783574 14 
0006 0005 1666166593874330 -61.0 -65.5 1.761009944492716 14 
0006 0014 1666166593973180 -4.0625 -59.5 3.8533597391687304 14 
0006 0006 1666166593975469 70.75 -64.5 0.9694758579437253 14 
0006 0008 1666166593976420 -21.9375 -58.0 3.2581751934691017 14 
0006 0004 1666166593977361 56.125 -55.0 1.9880391010997909 14 
0006 0001 1666166593978301 95.1875 -69.5 0.21475731030398976 14 
0006 0005 1666166593979229 -139.125 -66.0 1.9082721001297376 14 
0006 0010 1666166593980081 8.9375 -60.0 3.2213596545598464 14 
0006 0002 1666166593981235 156.1875 -69.5 1.3069516312785663 14 
0006 0007 1666166593982672 126.125 -66.5 5.313709449235861 14 
0006 0015 1666166593983868 -30.0625 -63.5 4.71238898038469 14 
0006 0009 1666166593986199 17.0625 -62.0 3.043417883165112 14 
0006 0005 1666166594084582 -56.125 -65.5 1.718058482431918 14 
0006 0015 1666166594085722 30.0625 -63.5 4.706253057233147 14 
0006 0009 1666166594087358 -104.125 -61.5 3.1968159619536762 14 
0006 0004 1666166594089843 13.0 -55.5 2.061670178918302 14 
0006 0014 1666166594091621 -26.0 -59.5 3.8717675086233583 14 
0006 0002 1666166594093665 34.9375 -70.0 1.4480778637640452 14 
0006 0010 1666166594094999 -74.0 -60.0 3.3440781175906977 14 
0006 0006 1666166594096119 -8.9375 -64.0 1.043106935762236 14 
0006 0007 1666166594097318 -104.125 -66.5 5.608233760509904 14 
0006 0008 1666166594098665 -26.0 -58.0 3.313398501832985 14 
0006 0001 1666166594100783 17.0625 -70.5 0.18407769454627693 14 
0006 0010 1666166594198069 -17.0625 -59.5 3.356349963893783 14 
0006 0004 1666166594198980 17.0625 -55.5 2.0800779483729293 14 
0006 0008 1666166594199875 -17.0625 -58.5 3.3011266555298997 14 
0006 0015 1666166594200774 82.1875 -63.0 4.608078286808466 14 
0006 0001 1666166594202122 -56.125 -69.5 0.30066023442558565 14 
0006 0002 1666166594202989 -82.1875 -69.5 1.705786636128833 14 
0006 0007 1666166594209249 -39.0 -67.0 5.522330836388308 14 
0006 0005 1666166594210447 26.0 -66.5 1.607611865704152 14 
0006 0006 1666166594211551 4.875 -65.0 0.9265243958829272 14 
0006 0014 1666166594213585 -39.0 -59.5 3.822680123411018 14 
0006 0009 1666166594215065 -39.0 -62.0 3.2029518851052186 14 
0006 0005 1666166594313752 100.0625 -65.5 1.533980787885641 14 
0006 0004 1666166594315413 4.0625 -55.5 2.067806102069844 14 
0006 0010 1666166594316326 -21.9375 -60.0 3.3195344249845276 14 
0006 0009 1666166594317748 17.0625 -62.0 3.184544115650591 14 
0006 0002 1666166594319368 113.0625 -69.5 1.5401167110371838 14 
0006 0006 1666166594320306 104.125 -64.5 0.7976700097005334 14 
0006 0014 1666166594321244 -61.0 -59.0 3.890175278077986 14 
0006 0008 1666166594322123 -8.9375 -58.0 3.2949907323783574 14 
0006 0007 1666166594323422 65.0625 -67.5 5.43029198911517 14 
0006 0015 1666166594325161 104.125 -63.0 4.552854978444583 14 
0006 0001 1666166594326921 -74.0 -70.0 0.32520392703175593 14 
0006 0005 1666166594424434 21.9375 -65.5 1.6321555583103222 14 
0006 0014 1666166594425571 -17.0625 -59.0 3.80427235395639 14 
0006 0008 1666166594426737 30.0625 -58.0 3.2765829629237295 14 
0006 0002 1666166594427890 -186.3125 -70.0 1.8837284075235674 14 
0006 0006 1666166594430230 14.625 -64.0 0.8958447801252144 14 
0006 0009 1666166594432688 -34.9375 -62.0 3.2397674240144743 14 
0006 0015 1666166594433640 0.0 -63.5 4.651029748869264 14 
0006 0007 1666166594434784 -48.0 -67.5 5.638913376267617 14 
0006 0010 1666166594435710 -34.9375 -60.5 3.3072625786814425 14 
0006 0004 1666166594436817 8.9375 -55.5 2.110757564130642 14 
0006 0001 1666166594441347 -21.9375 -70.0 0.3436116964863836 14 
0006 0004 1666166594540252 -30.0625 -55.5 2.1353012567368124 14 
0006 0015 1666166594542216 -61.0 -63.5 4.700117134081604 14 
0006 0014 1666166594544706 4.0625 -59.0 3.773592738198677 14 
0006 0002 1666166594545632 -17.0625 -69.0 1.7303303287350031 14 
0006 0010 1666166594546559 39.0 -60.0 3.2520392703175593 14 
0006 0008 1666166594548094 -30.0625 -58.0 3.3624858870453256 14 
0006 0005 1666166594549390 30.0625 -65.0 1.5830681730979816 14 
0006 0007 1666166594550375 -34.9375 -67.0 5.559146375297564 14 
0006 0009 1666166594552712 13.0 -62.0 3.1906800388021335 14 
0006 0006 1666166594553724 34.9375 -65.5 0.9142525495798421 14 
0006 0001 1666166594554807 52.0625 -71.0 0.2638446955163303 14 
0006 0008 1666166594652552 -26.0 -58.0 3.380893656499953 14 
0006 0015 1666166594655028 52.0625 -62.5 4.608078286808466 14 
0006 0014 1666166594655953 -61.0 -59.0 3.890175278077986 14 
0006 0004 1666166594657031 -4.0625 -55.5 2.1353012567368124 14 
0006 0009 1666166594657958 26.0 -62.0 3.2704470397721868 14 
0006 0005 1666166594658843 104.125 -65.0 1.5830681730979816 14 
0006 0001 1666166594660249 43.125 -70.5 0.2945243112740431 14 
0006 0010 1666166594661684 17.0625 -60.0 3.2827188860752723 14 
0006 0006 1666166594662594 74.0 -64.5 0.8160777791551611 14 
0006 0007 1666166594666274 104.125 -67.0 5.45483568172134 14 
0006 0002 1666166594667297 -87.0625 -69.5 1.748738098189631 14 
0006 0014 1666166594766164 -13.0 -59.5 3.822680123411018 14 
0006 0005 1666166594767957 -26.0 -65.5 1.7548740213411735 14 
0006 0004 1666166594768854 30.0625 -55.5 2.098485717827557 14 
0006 0002 1666166594770033 -74.0 -69.5 1.8223691760081417 14 
0006 0010 1666166594770971 -8.9375 -60.0 3.32567034813607 14 
0006 0015 1666166594771814 -39.0 -63.0 4.6448938257177215 14 
0006 0008 1666166594772694 -21.9375 -57.5 3.411573272257666 14 
0006 0006 1666166594774015 17.0625 -64.5 0.8160777791551611 14 
0006 0009 1666166594775182 -48.0 -62.0 3.2949907323783574 14 
0006 0007 1666166594776449 26.0 -66.5 5.540738605842936 14 
0006 0001 1666166594777460 186.3125 -71.5 0.1902136176978195 14 
0006 0015 1666166594874459 65.0625 -63.0 4.522175362686871 14 
0006 0004 1666166594876092 17.0625 -55.0 2.1046216409791 14 
0006 0005 1666166594877007 69.125 -64.5 1.7671458676442586 14 
0006 0010 1666166594878402 26.0 -59.5 3.2765829629237295 14 
0006 0002 1666166594879793 -39.0 -70.5 1.7978254834019713 14 
0006 0014 1666166594881667 -21.9375 -58.5 3.8288160465625602 14 
0006 0006 1666166594882804 75.625 -65.0 0.8283496254582462 14 
0006 0008 1666166594883913 -61.0 -57.5 3.497476196379262 14 
0006 0007 1666166594886018 -165.1875 -67.0 5.8659425328746915 14 
0006 0009 1666166594887623 34.9375 -62.0 3.2704470397721868 14 
0006 0001 1666166594893495 -4.0625 -71.5 0.34974761963792617 14 
0006 0004 1666166594990763 -13.0 -55.5 2.1353012567368124 14 
0006 0002 1666166594991945 130.1875 -70.0 1.6198837120072371 14 
0006 0001 1666166594993710 -217.25 -69.5 0.607456392002714 14 
0006 0006 1666166594995115 -132.625 -65.0 0.9817477042468103 14 
0006 0005 1666166594996224 -108.1875 -65.0 1.9512235621905356 14 
0006 0007 1666166594997117 0.0 -67.0 5.5714182216006485 14 
0006 0010 1666166594998020 -34.9375 -60.0 3.3318062712876126 14 
0006 0008 1666166594999441 -30.0625 -58.5 3.454524734318464 14 
0006 0015 1666166595001034 -91.125 -63.0 4.76147636559703 14 
0006 0014 1666166595003366 -74.0 -59.5 3.9085830475326135 14 
0006 0009 1666166595005413 -13.0 -62.0 3.2949907323783574 14 
0006 0015 1666166595102492 -34.9375 -63.0 4.71238898038469 14 
0006 0005 1666166595104680 4.0625 -64.5 1.7671458676442586 14 
0006 0010 1666166595105609 -34.9375 -60.5 3.3195344249845276 14 
0006 0009 1666166595106578 -52.0625 -61.5 3.3072625786814425 14 
0006 0007 1666166595107486 -13.0 -67.5 5.516194913236766 14 
0006 0014 1666166595108369 -43.125 -59.0 3.859495662320273 14 
0006 0008 1666166595109505 30.0625 -58.0 3.4054373491061236 14 
0006 0002 1666166595110371 78.0625 -69.0 1.6505633277649499 14 
0006 0004 1666166595111580 26.0 -55.5 2.0800779483729293 14 
0006 0006 1666166595113213 -38.1875 -64.0 0.9019807032767571 14 
0006 0001 1666166595116040 -30.0625 -70.5 0.44178646691106466 14 
0006 0015 1666166595215247 -13.0 -63.0 4.6448938257177215 14 
0006 0007 1666166595216230 -52.0625 -66.5 5.583690067903734 14 
0006 0004 1666166595217905 -13.0 -55.5 2.110757564130642 14 
0006 0009 1666166595219030 -69.125 -62.5 3.3624858870453256 14 
0006 0010 1666166595220436 -4.0625 -60.5 3.3011266555298997 14 
0006 0008 1666166595221405 -26.0 -58.0 3.436116964863836 14 
0006 0005 1666166595222303 108.1875 -65.0 1.6198837120072371 14 
0006 0002 1666166595223228 295.375 -70.0 1.380582709097077 14 
0006 0001 1666166595225516 -4.0625 -70.5 0.34974761963792617 14 
0006 0014 1666166595227688 -13.0 -59.0 3.80427235395639 14 
0006 0006 1666166595228599 -90.3125 -65.0 1.000155473701438 14 
0006 0015 1666166595326287 117.125 -63.0 4.540583132141498 14 
0006 0010 1666166595327210 4.0625 -60.0 3.2704470397721868 14 
0006 0004 1666166595328663 26.0 -55.5 2.030990563160589 14 
0006 0007 1666166595329619 130.1875 -67.0 5.338253141842031 14 
0006 0014 1666166595330997 -69.125 -59.0 3.8533597391687304 14 
0006 0001 1666166595332419 -48.0 -71.5 0.4172427743048944 14 
0006 0002 1666166595333373 -139.125 -70.5 1.748738098189631 14 
0006 0009 1666166595334754 52.0625 -62.5 3.2765829629237295 14 
0006 0006 1666166595335617 -9.75 -64.5 0.944932165337555 14 
0006 0005 1666166595338729 -143.1875 -64.5 1.9389517158874505 14 
0006 0008 1666166595339634 -8.9375 -58.0 3.393165502803038 14 
0006 0008 1666166595441102 17.0625 -58.5 3.3747577333484107 14 
0006 0015 1666166595442483 -43.125 -63.0 4.675573441475434 14 
0006 0002 1666166595443392 43.125 -70.5 1.5462526341887264 14 
0006 0009 1666166595445508 -56.125 -61.5 3.3440781175906977 14 
0006 0006 1666166595447138 47.1875 -65.0 0.8283496254582462 14 
0006 0010 1666166595448079 -43.125 -60.0 3.356349963893783 14 
0006 0004 1666166595448945 4.0625 -55.5 2.073942025221387 14 
0006 0014 1666166595450874 13.0 -59.0 3.77972866135022 14 
0006 0007 1666166595456095 0.0 -67.0 5.5714182216006485 14 
0006 0005 1666166595457396 -30.0625 -64.5 1.7794177139473437 14 
0006 0001 1666166595458577 39.0 -70.0 0.2454369260617026 14 
0006 0010 1666166595557251 -17.0625 -59.5 3.3072625786814425 14 
0006 0006 1666166595558985 100.0625 -65.5 0.8283496254582462 14 
0006 0007 1666166595560196 -134.25 -66.5 5.712544454086128 14 
0006 0009 1666166595561176 48.0 -62.0 3.1906800388021335 14 
0006 0008 1666166595562310 -4.0625 -58.0 3.393165502803038 14 
0006 0014 1666166595563208 -69.125 -59.0 3.865631585471816 14 
0006 0004 1666166595564841 17.0625 -55.0 2.0493983326152168 14 
0006 0002 1666166595565766 56.125 -69.5 1.5953400194010667 14 
0006 0001 1666166595566720 48.0 -70.0 0.32520392703175593 14 
0006 0005 1666166595568001 -69.125 -65.0 1.8039614065535141 14 
0006 0015 1666166595569139 -4.0625 -63.0 4.638757902566179 14 
0006 0004 1666166595669338 30.0625 -55.5 2.043262409463674 14 
0006 0009 1666166595671583 -48.0 -62.0 3.3011266555298997 14 
0006 0008 1666166595672473 0.0 -58.5 3.32567034813607 14 
0006 0007 1666166595673842 -13.0 -66.5 5.608233760509904 14 
0006 0002 1666166595674738 82.1875 -69.0 1.4173982480063325 14 
0006 0005 1666166595675834 -82.1875 -65.0 1.7916895602504288 14 
0006 0010 1666166595676744 -21.9375 -59.5 3.3195344249845276 14 
0006 0014 1666166595678676 -34.9375 -59.0 3.8533597391687304 14 
0006 0015 1666166595680424 -17.0625 -62.5 4.651029748869264 14 
0006 0006 1666166595681435 -61.0 -65.0 0.9572040116406401 14 
0006 0001 1666166595682595 -113.0625 -70.5 0.4356505437595221 14 
0006 0014 1666166595789610 -34.9375 -59.0 3.8717675086233583 14 
0006 0005 1666166595790750 56.125 -65.5 1.6321555583103222 14 
0006 0008 1666166595792963 8.9375 -58.5 3.2827188860752723 14 
0006 0004 1666166595794158 17.0625 -55.0 2.055534255766759 14 
0006 0007 1666166595795100 -26.0 -67.5 5.589825991055276 14 
0006 0015 1666166595796041 -82.1875 -63.5 4.804427827657828 14 
0006 0009 1666166595796980 43.125 -61.5 3.2029518851052186 14 
0006 0010 1666166595797876 13.0 -59.5 3.2643111166206444 14 
0006 0006 1666166595798787 -52.0625 -65.0 0.9510680884890975 14 
0006 0001 1666166595800091 0.0 -71.0 0.4172427743048944 14 
0006 0002 1666166595801037 377.5625 -70.0 1.1780972450961724 14 
0006 0014 1666166595898739 -56.125 -59.0 3.8717675086233583 14 
0006 0008 1666166595899662 -34.9375 -58.5 3.3379421944391554 14 
0006 0001 1666166595901937 13.0 -69.5 0.3865631585471816 14 
0006 0005 1666166595903316 -13.0 -66.0 1.7241944055834606 14 
0006 0015 1666166595904200 -21.9375 -63.0 4.755340442445488 14 
0006 0002 1666166595905124 61.0 -68.5 1.552388557340269 14 
0006 0006 1666166595906018 80.5625 -65.0 0.8406214717613314 14 
0006 0010 1666166595908150 -52.0625 -60.0 3.3379421944391554 14 
0006 0009 1666166595909046 13.0 -62.0 3.184544115650591 14 
0006 0004 1666166595910013 8.9375 -55.0 2.061670178918302 14 
0006 0007 1666166595912667 -13.0 -67.5 5.565282298449106 14 
0006 0004 1666166596010797 30.0625 -55.0 2.0064468705544187 14 
0006 0007 1666166596012191 -69.125 -67.5 5.608233760509904 14 
0006 0009 1666166596013598 -21.9375 -62.5 3.2336315008629315 14 
0006 0015 1666166596015293 -65.0625 -63.0 4.71238898038469 14 
0006 0014 1666166596017254 -43.125 -59.0 3.890175278077986 14 
0006 0005 1666166596018605 78.0625 -65.0 1.6444274046134073 14 
0006 0010 1666166596019772 -74.0 -59.5 3.368621810196868 14 
0006 0006 1666166596020907 -75.625 -64.5 0.944932165337555 14 
0006 0002 1666166596022042 78.0625 -69.5 1.564660403643354 14 
0006 0008 1666166596023149 4.0625 -58.5 3.2643111166206444 14 
0006 0001 1666166596024090 -82.1875 -69.5 0.3620194659410113 14 
0006 0007 1666166596124460 152.125 -67.5 5.375068680751287 14 
0006 0008 1666166596125324 -8.9375 -59.0 3.2704470397721868 14 
0006 0001 1666166596126976 95.1875 -70.0 0.36815538909255385 14 
0006 0014 1666166596128353 -8.9375 -59.0 3.810408277107933 14 
0006 0005 1666166596130443 -82.1875 -65.0 1.7978254834019713 14 
0006 0009 1666166596132418 -39.0 -62.0 3.2029518851052186 14 
0006 0010 1666166596133583 -8.9375 -59.5 3.2520392703175593 14 
0006 0004 1666166596135174 -17.0625 -55.0 2.043262409463674 14 
0006 0015 1666166596136833 -143.1875 -63.0 4.828971520263998 14 
0006 0006 1666166596138240 -65.0625 -65.5 0.944932165337555 14 
0006 0002 1666166596140870 234.3125 -70.0 1.337631247036279 14 
0006 0015 1666166596239127 39.0 -63.0 4.638757902566179 14 
0006 0008 1666166596241900 -48.0 -58.5 3.2949907323783574 14 
0006 0010 1666166596243050 -8.9375 -60.0 3.2459033471660166 14 
0006 0007 1666166596244220 -130.1875 -67.5 5.553010452146021 14 
0006 0004 1666166596245865 21.9375 -55.0 2.0371264863121317 14 
0006 0006 1666166596247312 17.0625 -65.0 0.8897088569736719 14 
0006 0005 1666166596249347 -34.9375 -65.5 1.662835174068035 14 
0006 0009 1666166596250627 -56.125 -62.0 3.2520392703175593 14 
0006 0014 1666166596251580 -17.0625 -59.5 3.834951969714103 14 
0006 0002 1666166596254444 126.125 -69.0 1.5033011721279284 14 
0006 0001 1666166596255511 65.0625 -71.0 0.30066023442558565 14 
0006 0015 1666166596352943 43.125 -63.0 4.706253057233147 14 
0006 0010 1666166596354949 -17.0625 -60.0 3.2459033471660166 14 
0006 0004 1666166596356387 56.125 -55.0 1.9880391010997909 14 
0006 0005 1666166596357312 -30.0625 -65.0 1.7548740213411735 14 
0006 0008 1666166596358463 -13.0 -58.5 3.2643111166206444 14 
0006 0001 1666166596359330 4.0625 -70.5 0.30066023442558565 14 
0006 0002 1666166596360766 -100.0625 -69.5 1.6505633277649499 14 
0006 0009 1666166596361720 -56.125 -62.0 3.2336315008629315 14 
0006 0006 1666166596362884 17.0625 -65.5 0.8713010875190442 14 
0006 0014 1666166596363813 -48.0 -59.0 3.8717675086233583 14 
0006 0007 1666166596366784 -26.0 -67.5 5.638913376267617 14 
0006 0004 1666166596465359 -43.125 -55.0 2.0923497946760143 14 
0006 0010 1666166596466285 -17.0625 -60.0 3.3011266555298997 14 
0006 0001 1666166596467734 -182.25 -69.5 0.48473792897186263 14 
0006 0009 1666166596470242 8.9375 -62.0 3.215223731408304 14 
0006 0005 1666166596471981 -34.9375 -65.0 1.748738098189631 14 
0006 0015 1666166596473175 -65.0625 -63.0 4.743068596142402 14 
0006 0006 1666166596474097 -75.625 -65.0 1.0492428589137786 14 
0006 0014 1666166596475121 -13.0 -59.5 3.8410878928656453 14 
0006 0002 1666166596476045 -39.0 -69.5 1.6137477888556946 14 
0006 0008 1666166596477181 -26.0 -58.0 3.3379421944391554 14 
0006 0007 1666166596478559 -8.9375 -66.5 5.64504929941916 14 
0006 0010 1666166596577343 -8.9375 -60.0 3.3072625786814425 14 
0006 0001 1666166596578272 178.1875 -71.5 0.19634954084936207 14 
0006 0009 1666166596579919 -69.125 -62.0 3.313398501832985 14 
0006 0004 1666166596582345 4.0625 -55.0 2.061670178918302 14 
0006 0015 1666166596583514 -30.0625 -63.5 4.724660826687775 14 
0006 0014 1666166596584665 -39.0 -59.0 3.834951969714103 14 
0006 0007 1666166596586527 -61.0 -67.5 5.6143696836614465 14 
0006 0005 1666166596587681 -43.125 -65.0 1.7426021750380885 14 
0006 0008 1666166596588548 -30.0625 -58.5 3.3624858870453256 14 
0006 0006 1666166596589683 70.75 -65.0 0.8467573949128739 14 
0006 0002 1666166596591247 -65.0625 -69.0 1.6137477888556946 14 
0006 0004 1666166596689518 26.0 -55.0 2.0493983326152168 14 
0006 0002 1666166596691733 -43.125 -69.5 1.662835174068035 14 
0006 0010 1666166596693360 -13.0 -59.5 3.3195344249845276 14 
0006 0009 1666166596694257 21.9375 -62.0 3.227495577711389 14 
0006 0006 1666166596695463 -61.8125 -65.0 0.9940195505498954 14 
0006 0007 1666166596697137 34.9375 -67.5 5.540738605842936 14 
0006 0014 1666166596698062 -43.125 -60.0 3.8533597391687304 14 
0006 0008 1666166596699016 -39.0 -58.0 3.423845118560751 14 
0006 0015 1666166596700752 -65.0625 -63.5 4.7860200582032 14 
0006 0005 1666166596702502 74.0 -66.0 1.6014759425526093 14 
0006 0001 1666166596703654 30.0625 -69.0 0.3374757733348411 14 
0006 0002 1666166596801465 34.9375 -70.0 1.5707963267948966 14 
0006 0014 1666166596804188 -21.9375 -59.5 3.822680123411018 14 
0006 0008 1666166596805497 -30.0625 -58.0 3.4177091954092087 14 
0006 0005 1666166596806423 48.0 -65.5 1.6935147898257479 14 
0006 0007 1666166596807334 -43.125 -66.5 5.6573211457222445 14 
0006 0009 1666166596808203 -30.0625 -62.0 3.32567034813607 14 
0006 0004 1666166596809128 30.0625 -55.0 2.0371264863121317 14 
0006 0010 1666166596810082 -26.0 -60.0 3.3195344249845276 14 
0006 0006 1666166596811349 -34.9375 -65.0 0.9387962421860124 14 
0006 0015 1666166596812460 34.9375 -63.5 4.669437518323892 14 
0006 0001 1666166596813327 -100.0625 -71.0 0.5276893910326605 14 
0006 0004 1666166596910770 52.0625 -55.0 2.024854640009046 14 
0006 0005 1666166596911938 113.0625 -65.5 1.6198837120072371 14 
0006 0001 1666166596913131 74.0 -71.5 0.380427235395639 14 
0006 0008 1666166596914026 -21.9375 -58.5 3.436116964863836 14 
0006 0007 1666166596915194 -95.1875 -67.0 5.675728915176872 14 
0006 0006 1666166596916386 33.3125 -65.5 0.8897088569736719 14 
0006 0010 1666166596917538 -34.9375 -60.0 3.313398501832985 14 
0006 0014 1666166596918462 -13.0 -59.5 3.80427235395639 14 
0006 0015 1666166596919333 -87.0625 -63.5 4.804427827657828 14 
0006 0009 1666166596920443 -61.0 -62.0 3.380893656499953 14 
0006 0002 1666166596925548 56.125 -69.0 1.5830681730979816 14 
0006 0007 1666166597025423 -69.125 -67.0 5.712544454086128 14 
0006 0008 1666166597026568 0.0 -58.0 3.399301425954581 14 
0006 0006 1666166597027977 13.0 -65.0 0.9326603190344698 14 
0006 0015 1666166597028919 56.125 -63.0 4.626486056263094 14 
0006 0009 1666166597030583 39.0 -62.5 3.3011266555298997 14 
0006 0014 1666166597032186 -8.9375 -59.5 3.810408277107933 14 
0006 0005 1666166597033115 95.1875 -65.5 1.662835174068035 14 
0006 0004 1666166597034535 17.0625 -55.0 2.067806102069844 14 
0006 0010 1666166597035684 0.0 -60.0 3.313398501832985 14 
0006 0002 1666166597037819 52.0625 -69.5 1.5707963267948966 14 
0006 0001 1666166597041911 17.0625 -70.5 0.5031456984264903 14 
0006 0015 1666166597140968 -78.0625 -63.5 4.804427827657828 14 
0006 0009 1666166597142103 -17.0625 -62.0 3.3624858870453256 14 
0006 0006 1666166597142957 122.875 -65.5 0.7485826244881929 14 
0006 0008 1666166597144881 0.0 -58.0 3.399301425954581 14 
0006 0002 1666166597145754 108.1875 -70.5 1.4848934026733007 14 
0006 0001 1666166597146652 243.3125 -72.0 0.04295146206079795 14 
0006 0004 1666166597147516 -8.9375 -55.0 2.098485717827557 14 
0006 0010 1666166597149449 -4.0625 -60.0 3.3072625786814425 14 
0006 0005 1666166597152788 17.0625 -65.5 1.7916895602504288 14 
0006 0014 1666166597153684 4.0625 -59.0 3.785864584501762 14 
0006 0007 1666166597157892 48.0 -67.5 5.6143696836614465 14 
0006 0001 1666166597256090 156.1875 -72.0 0.3313398501832985 14 
0006 0004 1666166597257212 -17.0625 -55.0 2.116893487282185 14 
0006 0015 1666166597258053 -87.0625 -64.0 4.798291904506286 14 
0006 0002 1666166597261003 -8.9375 -69.5 1.8714565612204823 14 
0006 0014 1666166597261929 -48.0 -59.0 3.859495662320273 14 
0006 0005 1666166597262828 39.0 -66.0 1.7119225592803755 14 
0006 0006 1666166597263979 -95.1875 -65.0 0.9756117810952678 14 
0006 0009 1666166597264860 -4.0625 -62.0 3.4054373491061236 14 
0006 0010 1666166597265772 -4.0625 -60.5 3.3072625786814425 14 
0006 0008 1666166597266626 -21.9375 -58.0 3.479068426924634 14 
0006 0007 1666166597268250 -117.125 -67.0 5.688000761479957 14 
0006 0010 1666166597369185 -21.9375 -61.0 3.3318062712876126 14 
0006 0014 1666166597370095 -4.0625 -59.5 3.773592738198677 14 
0006 0009 1666166597371819 -52.0625 -62.5 3.448388811166921 14 
0006 0004 1666166597372936 0.0 -55.0 2.0800779483729293 14 
0006 0006 1666166597374641 -52.0625 -65.0 0.9756117810952678 14 
0006 0002 1666166597376003 -178.1875 -70.0 1.8530487917658545 14 
0006 0005 1666166597377112 -43.125 -65.5 1.8223691760081417 14 
0006 0008 1666166597378288 -21.9375 -58.5 3.472932503773092 14 
0006 0015 1666166597379195 0.0 -63.5 4.657165672020807 14 
0006 0001 1666166597380963 34.9375 -69.5 0.3374757733348411 14 
0006 0007 1666166597382231 -78.0625 -68.0 5.632777453116074 14 
