0006 0000 1666168743718825 -48.0 -66.0 0.14112623248547898 17 
0006 0008 1666168743815175 30.0625 -63.5 0.9817477042468103 17 
0006 0014 1666168743816100 -34.9375 -58.5 0.9081166264282996 17 
0006 0015 1666168743819071 -100.0625 -68.0 0.8344855486097889 17 
0006 0001 1666168743820195 -82.1875 -69.0 2.9943304979527716 17 
0006 0006 1666168743821928 75.625 -67.0 1.6014759425526093 17 
0006 0000 1666168743823009 48.0 -65.5 0.11658253987930872 17 
0006 0005 1666168743825470 -26.0 -69.0 5.602097837358362 17 
0006 0000 1666168743922150 74.0 -66.5 0.17794177139473438 17 
0006 0001 1666168743923029 8.9375 -69.0 2.834796496012665 17 
0006 0005 1666168743925052 -100.0625 -68.5 5.7616318392984684 17 
0006 0014 1666168743925932 4.0625 -58.0 0.8467573949128739 17 
0006 0006 1666168743926845 -66.6875 -67.5 1.705786636128833 17 
0006 0015 1666168743928496 78.0625 -67.5 0.5460971604872883 17 
0006 0008 1666168743931931 100.0625 -64.0 0.8774370106705868 17 
0006 0005 1666168744029294 61.0 -70.0 5.589825991055276 17 
0006 0014 1666168744030911 -17.0625 -58.5 0.9142525495798421 17 
0006 0008 1666168744033200 48.0 -63.5 0.9572040116406401 17 
0006 0015 1666168744034129 61.0 -67.0 0.607456392002714 17 
0006 0000 1666168744035734 -82.1875 -68.0 0.3865631585471816 17 
0006 0001 1666168744037381 -48.0 -69.0 2.9575149590435164 17 
0006 0006 1666168744038804 52.0625 -68.0 1.5707963267948966 17 
0006 0008 1666168744138793 -61.0 -63.5 1.043106935762236 17 
0006 0014 1666168744139930 -43.125 -58.0 0.9756117810952678 17 
0006 0000 1666168744141820 -48.0 -68.0 0.28225246497095796 17 
0006 0001 1666168744143454 -173.3125 -69.0 3.074097498922825 17 
0006 0015 1666168744144367 186.3125 -68.0 0.5767767762450011 17 
0006 0006 1666168744145517 -56.9375 -67.5 1.6935147898257479 17 
0006 0005 1666168744148177 -34.9375 -70.5 5.620505606812989 17 
0006 0001 1666168744246738 -69.125 -68.5 2.9391071895888885 17 
0006 0008 1666168744248158 -39.0 -63.0 1.043106935762236 17 
0006 0014 1666168744249295 -61.0 -58.5 0.9940195505498954 17 
0006 0005 1666168744251889 -186.3125 -69.0 5.712544454086128 17 
0006 0006 1666168744253024 13.0 -67.0 1.5707963267948966 17 
0006 0015 1666168744253968 26.0 -68.0 0.803805932852076 17 
0006 0000 1666168744255090 8.9375 -66.0 0.25770877236478773 17 
0006 0008 1666168744353799 52.0625 -63.0 0.944932165337555 17 
0006 0000 1666168744356568 -160.3125 -67.0 0.5829126993965437 17 
0006 0015 1666168744357862 13.0 -68.0 0.619728238305799 17 
0006 0006 1666168744358816 91.125 -68.0 1.6751070203711202 17 
0006 0001 1666168744359967 21.9375 -69.0 2.8654761117703775 17 
0006 0014 1666168744360892 -21.9375 -58.5 0.8713010875190442 17 
0006 0005 1666168744362028 0.0 -68.5 5.6143696836614465 17 
0006 0000 1666168744461451 -65.0625 -66.5 0.39269908169872414 17 
0006 0006 1666168744462361 -132.625 -68.0 1.6505633277649499 17 
0006 0014 1666168744463512 48.0 -58.0 0.8958447801252144 17 
0006 0015 1666168744464469 78.0625 -67.5 0.6442719309119693 17 
0006 0005 1666168744466316 13.0 -69.5 5.5714182216006485 17 
0006 0008 1666168744467229 -52.0625 -63.5 1.1596894756415448 17 
0006 0001 1666168744468423 -52.0625 -68.5 2.8654761117703775 17 
0006 0006 1666168744568145 85.4375 -66.0 1.4603497100671303 17 
0006 0001 1666168744569115 -43.125 -68.5 2.9575149590435164 17 
0006 0014 1666168744570267 -17.0625 -59.0 0.8958447801252144 17 
0006 0000 1666168744572783 43.125 -66.5 0.28225246497095796 17 
0006 0015 1666168744575900 134.25 -68.0 0.5276893910326605 17 
0006 0008 1666168744577079 -61.0 -63.5 1.1290098598838318 17 
0006 0005 1666168744578080 282.375 -69.0 5.252350217720435 17 
0006 0005 1666168744673583 256.3125 -71.0 5.368932757599744 17 
0006 0000 1666168744675768 -74.0 -68.0 0.4295146206079795 17 
0006 0014 1666168744678240 -39.0 -58.5 0.8774370106705868 17 
0006 0008 1666168744679748 -48.0 -63.5 1.1228739367322893 17 
0006 0006 1666168744680885 85.4375 -66.5 1.7548740213411735 17 
0006 0015 1666168744681969 61.0 -67.0 0.46019423636569234 17 
0006 0001 1666168744682866 21.9375 -68.0 2.9636508821950587 17 
0006 0008 1666168744778773 0.0 -63.0 1.0246991663076084 17 
0006 0014 1666168744779897 0.0 -58.0 0.9019807032767571 17 
0006 0001 1666168744781251 -87.0625 -68.0 2.9943304979527716 17 
0006 0006 1666168744783365 94.375 -68.0 1.5953400194010667 17 
0006 0000 1666168744785355 82.1875 -67.5 6.258641614573416 17 
0006 0015 1666168744787648 -65.0625 -68.0 0.803805932852076 17 
0006 0005 1666168744789384 -121.25 -69.0 5.798447378207723 17 
0006 0015 1666168744888555 -13.0 -68.5 0.6258641614573416 17 
0006 0005 1666168744889470 -243.3125 -70.0 5.767767762450011 17 
0006 0008 1666168744891470 -21.9375 -63.5 1.0615147052168636 17 
0006 0000 1666168744892366 -13.0 -66.0 0.1349903093339364 17 
0006 0014 1666168744893278 -48.0 -59.0 0.944932165337555 17 
0006 0006 1666168744894162 -65.0625 -66.5 1.718058482431918 17 
0006 0001 1666168744895767 -152.125 -68.5 3.1661363461959633 17 
0006 0008 1666168744993245 -104.125 -64.0 1.1903690913992575 17 
0006 0015 1666168744994188 -48.0 -70.0 0.5706408530934585 17 
0006 0001 1666168744995822 121.25 -68.5 2.730485802436441 17 
0006 0014 1666168744996699 0.0 -59.0 0.8283496254582462 17 
0006 0005 1666168744997593 -212.375 -69.0 5.841398840268521 17 
0006 0006 1666168744998540 0.0 -66.5 1.6444274046134073 17 
0006 0000 1666168745005111 21.9375 -66.0 0.3374757733348411 17 
0006 0006 1666168745103221 -74.0 -67.0 1.6689710972195777 17 
0006 0014 1666168745105250 0.0 -58.5 0.9019807032767571 17 
0006 0000 1666168745106155 -52.0625 -66.5 0.2638446955163303 17 
0006 0008 1666168745107094 -34.9375 -63.5 1.043106935762236 17 
0006 0005 1666168745108957 -95.1875 -69.5 5.651185222570702 17 
0006 0001 1666168745110803 -52.0625 -68.0 3.000466421104314 17 
0006 0015 1666168745113192 -26.0 -68.0 0.7976700097005334 17 
0006 0006 1666168745212449 43.125 -66.5 1.6751070203711202 17 
0006 0014 1666168745213359 -8.9375 -59.0 0.8897088569736719 17 
0006 0000 1666168745214500 34.9375 -66.5 0.1043106935762236 17 
0006 0001 1666168745215440 -34.9375 -68.0 2.890019804376548 17 
0006 0008 1666168745217555 13.0 -63.0 1.0185632431560658 17 
0006 0005 1666168745221430 -17.0625 -69.0 5.516194913236766 17 
0006 0015 1666168745222373 21.9375 -68.5 0.7976700097005334 17 
0006 0000 1666168745319582 -43.125 -66.0 0.39269908169872414 17 
0006 0001 1666168745321148 -212.375 -68.5 3.3072625786814425 17 
0006 0008 1666168745322055 -8.9375 -64.0 1.086058397823034 17 
0006 0005 1666168745323679 82.1875 -69.0 5.595961914206819 17 
0006 0015 1666168745324834 56.125 -68.5 0.662679700366597 17 
0006 0006 1666168745325715 -26.0 -66.5 1.6996507129772904 17 
0006 0014 1666168745327602 -8.9375 -58.5 0.8283496254582462 17 
0006 0005 1666168745426295 -425.5625 -70.5 6.240233845118788 17 
0006 0014 1666168745427246 13.0 -58.5 0.9265243958829272 17 
0006 0015 1666168745431103 -251.4375 -68.5 1.141281706186917 17 
0006 0006 1666168745431997 34.9375 -69.5 1.6137477888556946 17 
0006 0008 1666168745433146 -8.9375 -64.0 0.9326603190344698 17 
0006 0000 1666168745434061 -74.0 -68.5 0.32520392703175593 17 
0006 0001 1666168745435553 -82.1875 -68.5 2.9636508821950587 17 
0006 0008 1666168745534511 4.0625 -64.5 0.8713010875190442 17 
0006 0006 1666168745535821 170.875 -68.5 1.337631247036279 17 
0006 0000 1666168745537468 -82.1875 -68.5 6.240233845118788 17 
0006 0014 1666168745538392 8.9375 -58.5 0.8958447801252144 17 
0006 0015 1666168745539303 0.0 -68.0 0.8099418560036186 17 
0006 0001 1666168745540938 -4.0625 -69.5 3.098641191528995 17 
0006 0005 1666168745565870 -3.1875 -72.5 5.724816300389213 17 
0006 0001 1666168745660852 48.0 -71.0 3.147728576741336 17 
0006 0014 1666168745661891 -30.0625 -59.0 0.8713010875190442 17 
0006 0000 1666168745664146 0.0 -65.0 0.1902136176978195 17 
0006 0006 1666168745665070 0.0 -67.5 1.3867186322486196 17 
0006 0005 1666168745666218 56.125 -69.0 5.5100589900852235 17 
0006 0008 1666168745667653 -48.0 -63.5 1.0369710126106935 17 
0006 0015 1666168745669221 -56.125 -68.5 0.7179030087304801 17 
0006 0000 1666168745766173 17.0625 -64.5 0.1043106935762236 17 
0006 0014 1666168745767070 8.9375 -58.5 0.8528933180644165 17 
0006 0015 1666168745767970 8.9375 -67.0 0.7792622402459057 17 
0006 0006 1666168745771207 -42.3125 -68.0 1.7794177139473437 17 
0006 0001 1666168745774318 -69.125 -69.5 3.3195344249845276 17 
0006 0005 1666168745775202 -26.0 -69.5 5.700272607783043 17 
0006 0008 1666168745776168 4.0625 -63.5 0.9878836273983529 17 
0006 0000 1666168745871428 -48.0 -66.0 0.23930100291016002 17 
0006 0015 1666168745873664 104.125 -68.0 0.8099418560036186 17 
0006 0014 1666168745875608 -30.0625 -58.5 0.9081166264282996 17 
0006 0008 1666168745877370 -56.125 -63.5 1.030835089459151 17 
0006 0001 1666168745878236 -4.0625 -70.0 2.8716120349219203 17 
0006 0006 1666168745879150 -104.125 -66.5 1.761009944492716 17 
0006 0005 1666168745880205 108.1875 -72.0 5.491651220630596 17 
0006 0014 1666168745977638 -4.0625 -58.5 0.9572040116406401 17 
0006 0005 1666168745978552 74.0 -70.5 5.589825991055276 17 
0006 0008 1666168745979731 -21.9375 -63.5 1.055378782065321 17 
0006 0015 1666168745980602 -91.125 -67.0 1.1106020904292042 17 
0006 0006 1666168745981484 70.75 -68.0 1.3621749396424494 17 
0006 0000 1666168745985255 -39.0 -65.5 0.16566992509164924 17 
0006 0001 1666168745986789 21.9375 -70.0 2.8286605728611223 17 
0006 0008 1666168746084355 -34.9375 -61.0 0.5829126993965437 17 
0006 0015 1666168746085483 30.0625 -67.0 0.7731263170943632 17 
0006 0014 1666168746087939 -26.0 -58.0 0.8160777791551611 17 
0006 0000 1666168746091785 13.0 -64.0 0.32520392703175593 17 
0006 0005 1666168746093013 -39.0 -68.5 6.092971689481767 17 
0006 0006 1666168746139354 -3.3125 -73.0 6.1420590746941075 17 
0006 0000 1666168746194946 -43.125 -58.5 0.25770877236478773 17 
0006 0006 1666168746197561 99.25 -67.5 2.8409324191642074 17 
0006 0008 1666168746198471 -26.0 -59.5 0.705631162427395 17 
0006 0014 1666168746199366 -17.0625 -59.5 0.5031456984264903 17 
0006 0005 1666168746200518 130.1875 -68.0 5.8659425328746915 17 
0006 0015 1666168746202468 -78.0625 -69.0 1.6751070203711202 17 
0006 0009 1666168746243889 -6.8125 -74.5 5.638913376267617 17 
0006 0003 1666168746298154 -1.5 -76.0 0.018407769454627694 17 
0006 0004 1666168746314957 2.625 -77.0 0.1595340019401067 17 
0006 0014 1666168746323115 -56.125 -59.5 0.4908738521234052 17 
0006 0008 1666168746324041 -52.0625 -58.0 0.6688156235181395 17 
0006 0001 1666168746325402 -8.9375 -66.5 4.252194744018997 17 
0006 0015 1666168746327036 8.9375 -65.5 1.2640001692177683 17 
0006 0000 1666168746328657 -21.9375 -57.0 5.945709533844745 17 
0006 0005 1666168746330722 -165.1875 -64.0 0.5276893910326605 17 
0006 0004 1666168746331604 -82.1875 -74.0 0.1595340019401067 17 
0006 0009 1666168746333912 21.9375 -71.0 5.700272607783043 17 
0006 0003 1666168746335278 -217.25 -73.0 0.006135923151542565 17 
0006 0006 1666168746378363 -2.125 -73.5 1.5953400194010667 17 
0006 0006 1666168746436857 0.0 -67.5 4.289010282928253 17 
0006 0003 1666168746438369 -87.0625 -70.5 4.921010367537137 17 
0006 0009 1666168746439293 91.125 -66.0 5.21553467881118 17 
0006 0005 1666168746440133 -17.0625 -64.5 0.11044661672776616 17 
0006 0000 1666168746440999 -4.0625 -56.0 4.853515212870168 17 
0006 0008 1666168746441856 39.0 -62.5 1.0246991663076084 17 
0006 0014 1666168746442793 -4.0625 -59.0 0.5890486225480862 17 
0006 0004 1666168746444219 -269.3125 -68.5 5.350524988145116 17 
0006 0015 1666168746445399 -17.0625 -66.0 1.0369710126106935 17 
0006 0007 1666168746447152 -100.0625 -74.0 4.080388895775806 17 
0006 0001 1666168746499770 -3.3125 -74.0 2.2150682577068657 17 
0006 0010 1666168746503436 -8.5 -76.0 4.6448938257177215 17 
0006 0002 1666168746546097 -2.4375 -78.5 1.521708941582556 17 
0006 0008 1666168746562921 48.0 -59.5 1.2946797849754812 17 
0006 0004 1666168746564707 0.0 -65.0 4.2031073588066565 17 
0006 0006 1666168746566808 -65.0625 -65.0 3.2765829629237295 17 
0006 0001 1666168746567760 87.0625 -68.5 4.503767593232243 17 
0006 0014 1666168746569420 34.9375 -59.5 0.4049709280018093 17 
0006 0000 1666168746570528 34.9375 -57.0 3.6263305825616556 17 
0006 0015 1666168746572987 30.0625 -65.5 1.282407938672396 17 
0006 0005 1666168746575087 39.0 -64.5 4.681709364626977 17 
0006 0009 1666168746576987 74.0 -64.0 3.32567034813607 17 
0006 0003 1666168746580021 -8.9375 -72.0 1.7119225592803755 17 
0006 0010 1666168746594371 -17.0625 -74.5 1.3314953238847365 17 
0006 0006 1666168746710402 -33.3125 -65.0 0.5951845456996288 17 
0006 0008 1666168746711793 -17.0625 -57.5 0.4172427743048944 17 
0006 0001 1666168746712718 56.125 -68.5 0.6504078540635119 17 
0006 0000 1666168746716521 43.125 -59.0 2.313243028131547 17 
0006 0009 1666168746717416 -30.0625 -70.0 2.098485717827557 17 
0006 0014 1666168746719088 17.0625 -58.0 0.37429131224409645 17 
0006 0005 1666168746720000 30.0625 -60.5 2.454369260617026 17 
0006 0015 1666168746721339 34.9375 -64.5 0.9326603190344698 17 
0006 0004 1666168746722415 0.0 -64.5 2.2580197197676637 17 
0006 0010 1666168746723347 -173.3125 -72.5 1.2210487071569704 17 
0006 0003 1666168746724343 87.0625 -70.5 5.45483568172134 17 
0006 0012 1666168746738410 63.875 -75.5 5.982525072754001 17 
0006 0005 1666168746828657 4.0625 -61.0 1.2946797849754812 17 
0006 0004 1666168746830664 -78.0625 -63.5 0.4970097752749477 17 
0006 0000 1666168746831573 21.9375 -62.5 1.6873788666742053 17 
0006 0010 1666168746832545 -156.1875 -70.5 0.9633399347921826 17 
0006 0014 1666168746834699 -39.0 -57.5 0.28838838812250056 17 
0006 0008 1666168746836061 -8.9375 -56.5 5.994796919057086 17 
0006 0015 1666168746837880 30.0625 -65.0 0.8467573949128739 17 
0006 0006 1666168746839130 -48.0 -60.5 5.368932757599744 17 
0006 0001 1666168746841582 26.0 -67.5 2.718213956133356 17 
0006 0012 1666168746842637 21.9375 -74.0 1.9880391010997909 17 
0006 0008 1666168746938765 -13.0 -56.5 5.368932757599744 17 
0006 0004 1666168746940499 -8.9375 -61.0 5.301437602932776 17 
0006 0014 1666168746941397 -34.9375 -58.0 0.2270291566070749 17 
0006 0005 1666168746942592 8.9375 -65.5 6.22182607566416 17 
0006 0006 1666168746944211 179.8125 -64.5 4.0558452031696355 17 
0006 0015 1666168746947418 -91.125 -65.0 0.9387962421860124 17 
0006 0010 1666168746949170 104.125 -69.0 0.3374757733348411 17 
0006 0001 1666168746951321 13.0 -63.5 0.9817477042468103 17 
0006 0012 1666168746954301 34.9375 -74.0 1.1351457830353744 17 
0006 0015 1666168747050621 -52.0625 -64.5 0.8774370106705868 17 
0006 0010 1666168747054711 -160.3125 -71.0 0.1902136176978195 17 
0006 0001 1666168747055607 -126.125 -63.5 6.2034183062095325 17 
0006 0005 1666168747056744 65.0625 -67.5 4.3503695144436785 17 
0006 0008 1666168747057666 -8.9375 -56.5 4.773748211900116 17 
0006 0004 1666168747059014 34.9375 -57.5 4.28287435977671 17 
0006 0014 1666168747060165 -48.0 -58.0 0.1043106935762236 17 
0006 0008 1666168747157054 -8.9375 -57.5 4.264466590322082 17 
0006 0004 1666168747158760 8.9375 -57.5 3.56497135104623 17 
0006 0015 1666168747160412 30.0625 -64.0 0.7792622402459057 17 
0006 0001 1666168747162174 8.9375 -66.0 4.9823695990525625 17 
0006 0014 1666168747163620 -13.0 -58.0 0.1227184630308513 17 
0006 0005 1666168747164744 13.0 -66.0 2.834796496012665 17 
0006 0010 1666168747169297 -169.25 -69.5 0.2454369260617026 17 
0006 0003 1666168747186676 -2.4375 -75.5 5.577554144752192 17 
0006 0014 1666168747291342 -30.0625 -57.5 0.15339807878856412 17 
0006 0005 1666168747293611 4.0625 -64.0 2.000310947402876 17 
0006 0015 1666168747295859 126.125 -65.5 0.7301748550335652 17 
0006 0004 1666168747297067 21.9375 -57.0 2.9943304979527716 17 
0006 0006 1666168747297975 9.75 -69.0 3.6324665057131984 17 
0006 0008 1666168747298854 0.0 -58.0 3.8840393549264434 17 
0006 0001 1666168747301595 -30.0625 -66.5 3.485204350076177 17 
0006 0010 1666168747302494 130.1875 -70.5 6.007068765360171 17 
0006 0003 1666168747360964 5.625 -77.5 1.8653206380689396 17 
0006 0005 1666168747414260 21.9375 -64.0 1.718058482431918 17 
0006 0006 1666168747417001 28.4375 -68.5 3.522019888985432 17 
0006 0010 1666168747418128 -282.375 -70.5 0.2270291566070749 17 
0006 0014 1666168747419276 -21.9375 -58.0 0.11658253987930872 17 
0006 0001 1666168747420424 74.0 -67.0 2.6261751088602177 17 
0006 0004 1666168747421305 17.0625 -56.5 2.5770877236478773 17 
0006 0009 1666168747422472 191.1875 -73.5 6.178874613603362 17 
0006 0008 1666168747423635 43.125 -58.0 3.6079228131070282 17 
0006 0015 1666168747425159 -43.125 -65.0 0.7792622402459057 17 
0006 0003 1666168747522703 2.5625 -77.0 1.0246991663076084 17 
0006 0006 1666168747571676 -33.3125 -68.0 3.497476196379262 17 
0006 0005 1666168747572618 34.9375 -63.0 1.7119225592803755 17 
0006 0004 1666168747574007 0.0 -56.5 2.6139032625571326 17 
0006 0015 1666168747576338 4.0625 -65.0 0.7301748550335652 17 
0006 0001 1666168747578313 74.0 -67.0 2.448233337465483 17 
0006 0009 1666168747579930 13.0 -72.0 0.20248546400090464 17 
0006 0010 1666168747582346 39.0 -71.0 0.48473792897186263 17 
0006 0008 1666168747583342 26.0 -58.5 3.472932503773092 17 
0006 0014 1666168747584688 -4.0625 -58.0 0.1043106935762236 17 
0006 0003 1666168747604330 -52.9375 -77.0 1.0799224746714913 17 
0006 0015 1666168747684656 -43.125 -64.5 0.7915340865489908 17 
0006 0001 1666168747687729 -160.3125 -66.5 2.448233337465483 17 
0006 0010 1666168747688970 -139.125 -72.0 0.5092816215780329 17 
0006 0004 1666168747690796 -4.0625 -56.0 2.4911847995262812 17 
0006 0008 1666168747691778 17.0625 -58.0 3.472932503773092 17 
0006 0014 1666168747692686 0.0 -58.0 0.1043106935762236 17 
0006 0005 1666168747694280 -17.0625 -63.0 1.7978254834019713 17 
0006 0006 1666168747695231 4.875 -70.0 3.3011266555298997 17 
0006 0009 1666168747696882 251.4375 -72.5 6.025476534814799 17 
0006 0003 1666168747723027 12.1875 -77.0 0.9203884727313847 17 
0006 0010 1666168747799749 -8.9375 -70.0 0.6688156235181395 17 
0006 0005 1666168747800634 -13.0 -63.5 1.8530487917658545 17 
0006 0015 1666168747802782 -52.0625 -64.0 0.9081166264282996 17 
0006 0008 1666168747803960 21.9375 -58.0 3.3747577333484107 17 
0006 0006 1666168747805169 -75.625 -68.5 3.3318062712876126 17 
0006 0004 1666168747807723 -8.9375 -57.0 2.448233337465483 17 
0006 0014 1666168747809145 30.0625 -58.0 0.11658253987930872 17 
0006 0001 1666168747811374 -8.9375 -66.5 2.141437179888355 17 
0006 0009 1666168747814939 -329.5625 -72.5 6.227961998815704 17 
0006 0003 1666168747903478 -3.9375 -77.0 0.9019807032767571 17 
0006 0015 1666168747924161 -8.9375 -64.0 0.8160777791551611 17 
0006 0005 1666168747925557 17.0625 -63.0 1.8100973297050567 17 
0006 0004 1666168747926484 -78.0625 -56.5 2.5464081078901644 17 
0006 0014 1666168747927832 -13.0 -58.0 0.17794177139473438 17 
0006 0009 1666168747928760 -303.5 -72.5 0.2086213871524472 17 
0006 0008 1666168747930120 -4.0625 -58.5 3.4177091954092087 17 
0006 0006 1666168747931458 -61.0 -68.0 3.160000423044421 17 
0006 0010 1666168747932710 -21.9375 -69.0 0.7363107781851077 17 
0006 0001 1666168747933833 91.125 -67.0 1.9757672547967058 17 
0006 0003 1666168748013543 1.625 -77.0 0.8222137023067037 17 
0006 0010 1666168748062619 -65.0625 -69.0 0.7301748550335652 17 
0006 0004 1666168748064012 -61.0 -57.0 2.442097414313941 17 
0006 0001 1666168748064897 152.125 -67.5 1.9634954084936207 17 
0006 0008 1666168748066515 -30.0625 -58.5 3.3624858870453256 17 
0006 0014 1666168748068686 13.0 -57.5 0.15339807878856412 17 
0006 0005 1666168748071159 4.0625 -62.5 1.7426021750380885 17 
0006 0015 1666168748073423 69.125 -65.0 0.6994952392758523 17 
0006 0006 1666168748074916 -87.0625 -68.0 3.3072625786814425 17 
0006 0009 1666168748075797 100.0625 -71.5 5.6941366846315 17 
0006 0003 1666168748121690 -9.75 -77.5 0.8344855486097889 17 
0006 0005 1666168748181032 61.0 -62.5 1.6751070203711202 17 
0006 0004 1666168748181943 -56.125 -57.5 2.478912953223196 17 
0006 0014 1666168748183378 4.0625 -57.5 0.16566992509164924 17 
0006 0008 1666168748184530 -26.0 -58.5 3.3072625786814425 17 
0006 0006 1666168748187071 -132.625 -66.5 3.1906800388021335 17 
0006 0015 1666168748188903 26.0 -64.0 0.7915340865489908 17 
0006 0001 1666168748189828 21.9375 -67.0 2.2457478734645786 17 
0006 0009 1666168748190725 -61.0 -73.0 5.743224069843841 17 
0006 0010 1666168748191750 13.0 -69.0 0.5890486225480862 17 
0006 0003 1666168748248110 -4.25 -77.5 0.8406214717613314 17 
0006 0004 1666168748302199 -8.9375 -57.0 2.399145952253143 17 
0006 0005 1666168748304196 34.9375 -63.0 1.6873788666742053 17 
0006 0010 1666168748305110 139.125 -71.0 0.5829126993965437 17 
0006 0009 1666168748306232 238.4375 -74.0 5.773903685601553 17 
0006 0014 1666168748307649 21.9375 -58.0 0.12885438618239387 17 
0006 0008 1666168748308547 -21.9375 -59.0 3.2520392703175593 17 
0006 0006 1666168748310164 -23.5625 -68.5 3.184544115650591 17 
0006 0001 1666168748311279 -243.3125 -67.0 2.6139032625571326 17 
0006 0015 1666168748313253 -34.9375 -65.0 0.8099418560036186 17 
0006 0003 1666168748370085 1.625 -78.0 0.8713010875190442 17 
0006 0008 1666168748422512 -30.0625 -58.0 3.313398501832985 17 
0006 0014 1666168748424415 -34.9375 -57.5 0.16566992509164924 17 
0006 0004 1666168748425923 -26.0 -57.0 2.411417798556228 17 
0006 0001 1666168748427046 34.9375 -67.5 2.405281875404685 17 
0006 0015 1666168748430682 -39.0 -64.0 0.8222137023067037 17 
0006 0010 1666168748431593 -13.0 -69.5 0.7547185476397354 17 
0006 0005 1666168748432492 78.0625 -63.0 1.6260196351587797 17 
0006 0006 1666168748439298 0.0 -68.5 3.1354567304382504 17 
0006 0009 1666168748445385 277.4375 -73.5 6.074563920027139 17 
0006 0003 1666168748489900 -12.3125 -77.5 1.0246991663076084 17 
0006 0015 1666168748552427 65.0625 -65.5 0.7547185476397354 17 
0006 0014 1666168748553734 8.9375 -57.5 0.11044661672776616 17 
0006 0008 1666168748555509 -39.0 -58.0 3.3195344249845276 17 
0006 0006 1666168748556661 -85.4375 -68.5 3.2029518851052186 17 
0006 0005 1666168748557602 -17.0625 -63.5 1.7119225592803755 17 
0006 0009 1666168748558529 -442.6875 -74.5 6.031612457966341 17 
0006 0001 1666168748559659 0.0 -67.5 2.3746022596469727 17 
0006 0004 1666168748560531 48.0 -57.0 2.3071071049800045 17 
0006 0010 1666168748562024 87.0625 -70.0 0.7117670855789375 17 
0006 0003 1666168748587945 12.9375 -76.0 4.000621894805752 17 
0006 0001 1666168748661247 8.9375 -67.0 2.5586799541932495 17 
0006 0014 1666168748662655 21.9375 -58.0 0.09203884727313846 17 
0006 0010 1666168748664592 121.25 -69.5 0.607456392002714 17 
0006 0015 1666168748665476 -17.0625 -65.5 0.7424467013366504 17 
0006 0005 1666168748666660 -87.0625 -63.5 1.8653206380689396 17 
0006 0009 1666168748667812 -113.0625 -69.0 5.638913376267617 17 
0006 0004 1666168748669927 -39.0 -57.0 2.405281875404685 17 
0006 0008 1666168748671033 -8.9375 -58.0 3.3440781175906977 17 
0006 0006 1666168748671932 -108.1875 -69.0 3.356349963893783 17 
0006 0003 1666168748693673 8.0625 -76.0 0.7792622402459057 17 
