0006 0006 1666168799274812 -264.4375 -66.5 1.9634954084936207 17 
0006 0014 1666168799279253 17.0625 -59.0 0.8958447801252144 17 
0006 0014 1666168799376021 26.0 -59.0 0.8835729338221293 17 
0006 0015 1666168799376892 21.9375 -64.5 0.3374757733348411 17 
0006 0001 1666168799377788 -48.0 -65.5 3.0250101137104846 17 
0006 0006 1666168799381557 -94.375 -66.0 1.8530487917658545 17 
0006 0004 1666168799384914 208.3125 -72.0 1.9634954084936207 17 
0006 0000 1666168799412592 -4.0625 -72.0 1.368310862793992 17 
0006 0015 1666168799487424 -17.0625 -65.0 0.25770877236478773 17 
0006 0001 1666168799489524 126.125 -66.5 2.8532042654672924 17 
0006 0014 1666168799490942 -8.9375 -59.0 0.9572040116406401 17 
0006 0006 1666168799492364 113.0625 -66.0 1.7794177139473437 17 
0006 0004 1666168799510923 27.25 -75.0 5.341321103417803 17 
0006 0000 1666168799523181 -9.0 -71.5 4.6448938257177215 17 
0006 0015 1666168799598615 8.9375 -65.0 0.2699806186678728 17 
0006 0014 1666168799601584 -13.0 -59.0 0.944932165337555 17 
0006 0001 1666168799604563 -121.25 -65.5 3.11091303783208 17 
0006 0006 1666168799606705 -65.0625 -66.5 1.846912868614312 17 
0006 0004 1666168799614774 6.5 -74.5 5.402680334933228 17 
0006 0000 1666168799629667 -10.5 -72.0 1.4051264017032472 17 
0006 0014 1666168799706616 34.9375 -59.0 0.8897088569736719 17 
0006 0015 1666168799708835 39.0 -65.5 0.2761165418194154 17 
0006 0006 1666168799710454 13.0 -66.5 1.7548740213411735 17 
0006 0001 1666168799713388 -91.125 -66.0 3.11091303783208 17 
0006 0004 1666168799716785 160.3125 -73.0 2.141437179888355 17 
0006 0000 1666168799738952 -4.0625 -72.0 1.4910293258248433 17 
0006 0001 1666168799815413 182.25 -66.5 2.7857091108003242 17 
0006 0006 1666168799816732 -13.0 -67.0 1.7794177139473437 17 
0006 0015 1666168799819049 61.0 -66.0 0.23316507975861744 17 
0006 0014 1666168799821831 21.9375 -59.0 0.8958447801252144 17 
0006 0000 1666168799850836 12.1875 -72.0 1.4173982480063325 17 
0006 0014 1666168799926842 -8.9375 -58.5 0.9265243958829272 17 
0006 0015 1666168799927729 -21.9375 -65.0 0.3374757733348411 17 
0006 0004 1666168799928884 -104.125 -73.5 2.325514874434632 17 
0006 0006 1666168799930502 17.0625 -66.5 1.8100973297050567 17 
0006 0001 1666168799931653 4.0625 -67.0 2.9759227284981438 17 
0006 0000 1666168799962151 -11.4375 -71.5 1.282407938672396 17 
0006 0014 1666168800039558 26.0 -59.0 0.8835729338221293 17 
0006 0001 1666168800040538 8.9375 -66.5 3.000466421104314 17 
0006 0006 1666168800041705 -122.875 -66.5 1.8960002538266525 17 
0006 0015 1666168800042690 69.125 -65.5 0.19634954084936207 17 
0006 0004 1666168800047496 299.4375 -73.5 1.9082721001297376 17 
0006 0000 1666168800071747 -4.875 -71.5 1.3744467859455345 17 
0006 0001 1666168800149848 4.0625 -67.0 3.067961575771282 17 
0006 0015 1666168800150720 -21.9375 -65.5 0.28225246497095796 17 
0006 0014 1666168800151560 -17.0625 -59.0 0.944932165337555 17 
0006 0006 1666168800152672 48.0 -67.0 1.718058482431918 17 
0006 0004 1666168800176080 42.3125 -75.0 5.301437602932776 17 
0006 0000 1666168800186985 2.4375 -71.5 4.448544284868359 17 
0006 0015 1666168800266361 -30.0625 -65.5 0.39269908169872414 17 
0006 0006 1666168800267722 -4.875 -67.5 1.736466251886546 17 
0006 0014 1666168800269100 -4.0625 -59.0 0.9326603190344698 17 
0006 0001 1666168800270480 -74.0 -66.0 2.9943304979527716 17 
0006 0004 1666168800275179 121.25 -75.5 2.043262409463674 17 
0006 0000 1666168800294353 -8.0625 -72.0 4.681709364626977 17 
0006 0015 1666168800374386 17.0625 -65.5 0.3190680038802134 17 
0006 0014 1666168800378188 17.0625 -59.0 0.9387962421860124 17 
0006 0004 1666168800379995 108.1875 -73.0 1.9634954084936207 17 
0006 0006 1666168800382838 -48.0 -67.5 1.8960002538266525 17 
0006 0001 1666168800383892 -48.0 -67.0 3.0372819600135696 17 
0006 0000 1666168800406625 3.1875 -72.5 4.552854978444583 17 
0006 0006 1666168800481198 70.75 -66.5 1.6321555583103222 17 
0006 0001 1666168800484871 -199.375 -66.0 3.1784081924990484 17 
0006 0014 1666168800486430 39.0 -59.5 0.8958447801252144 17 
0006 0015 1666168800488846 -39.0 -65.5 0.3865631585471816 17 
0006 0004 1666168800490551 373.5 -73.5 1.7426021750380885 17 
0006 0000 1666168800513963 15.375 -72.0 4.503767593232243 17 
0006 0006 1666168800590100 -75.625 -67.5 1.7978254834019713 17 
0006 0001 1666168800591592 113.0625 -66.5 2.8532042654672924 17 
0006 0015 1666168800592518 -21.9375 -66.5 0.3374757733348411 17 
0006 0014 1666168800594150 30.0625 -58.5 0.9326603190344698 17 
0006 0000 1666168800616471 0.75 -72.0 1.3621749396424494 17 
0006 0004 1666168800623770 9.0 -75.5 5.387340527054372 17 
0006 0015 1666168800699460 48.0 -65.5 0.20248546400090464 17 
0006 0001 1666168800701293 39.0 -66.5 2.8961557275280905 17 
0006 0014 1666168800702430 -17.0625 -59.5 0.9756117810952678 17 
0006 0006 1666168800703612 -74.0 -68.0 1.8100973297050567 17 
0006 0004 1666168800729730 12.1875 -75.0 5.411884219660542 17 
0006 0000 1666168800735751 19.5 -72.0 1.3069516312785663 17 
0006 0001 1666168800809900 13.0 -66.5 2.9329712664373457 17 
0006 0014 1666168800812655 -13.0 -59.0 0.9572040116406401 17 
0006 0006 1666168800814164 78.0625 -67.5 1.6260196351587797 17 
0006 0015 1666168800816483 121.25 -66.0 0.23316507975861744 17 
0006 0004 1666168800819292 61.0 -75.0 1.9757672547967058 17 
0006 0000 1666168800838481 17.8125 -72.0 1.2946797849754812 17 
0006 0014 1666168800919331 43.125 -59.5 0.9019807032767571 17 
0006 0015 1666168800922583 21.9375 -65.5 0.2699806186678728 17 
0006 0001 1666168800923923 -26.0 -66.5 2.9943304979527716 17 
0006 0006 1666168800924818 8.9375 -68.0 1.7671458676442586 17 
0006 0004 1666168800926358 -113.0625 -74.5 2.3439226438892597 17 
0006 0000 1666168800944712 28.5 -72.0 4.509903516383785 17 
0006 0001 1666168801026270 26.0 -67.0 2.859340188618835 17 
0006 0006 1666168801029785 -69.125 -67.0 1.7119225592803755 17 
0006 0014 1666168801031051 17.0625 -59.0 0.8958447801252144 17 
0006 0015 1666168801031996 26.0 -65.5 0.25157284921324513 17 
0006 0004 1666168801033550 -394.625 -74.5 2.9022916506796332 17 
0006 0000 1666168801055886 -4.0625 -71.5 1.4603497100671303 17 
0006 0015 1666168801133272 8.9375 -65.5 0.36815538909255385 17 
0006 0001 1666168801135009 156.1875 -66.5 2.767301341345697 17 
0006 0014 1666168801136985 -26.0 -59.5 0.9633399347921826 17 
0006 0006 1666168801139609 -65.0625 -67.5 1.8223691760081417 17 
0006 0004 1666168801145141 195.25 -72.5 2.172116795646068 17 
0006 0000 1666168801177568 19.5 -71.0 1.3314953238847365 17 
0006 0000 1666168801254067 -48.0 -71.0 4.509903516383785 17 
0006 0015 1666168801256825 -30.0625 -65.5 0.36815538909255385 17 
0006 0006 1666168801258333 74.0 -67.0 1.6751070203711202 17 
0006 0014 1666168801260643 -34.9375 -59.0 0.9878836273983529 17 
0006 0001 1666168801263219 117.125 -67.5 2.791845033951867 17 
0006 0004 1666168801265884 429.625 -75.0 1.6444274046134073 17 
0006 0008 1666168801346468 -4.1875 -73.0 4.362641360746763 17 
0006 0006 1666168801366986 52.0625 -67.5 1.7978254834019713 17 
0006 0015 1666168801368166 8.9375 -66.0 0.35588354278946877 17 
0006 0014 1666168801370484 -21.9375 -58.5 1.030835089459151 17 
0006 0001 1666168801371820 39.0 -66.5 2.8409324191642074 17 
0006 0004 1666168801375196 -273.375 -72.5 2.399145952253143 17 
0006 0000 1666168801404670 -11.4375 -72.5 4.755340442445488 17 
0006 0008 1666168801410206 10.5 -70.5 1.1106020904292042 17 
0006 0005 1666168801481826 2.125 -73.0 5.325981295538946 17 
0006 0014 1666168801494629 -17.0625 -58.5 0.9265243958829272 17 
0006 0008 1666168801500266 -4.0625 -64.0 0.8958447801252144 17 
0006 0015 1666168801501452 -4.0625 -67.5 0.4479223900626072 17 
0006 0001 1666168801502380 100.0625 -69.0 2.6875343403756435 17 
0006 0006 1666168801504555 0.0 -70.0 1.9512235621905356 17 
0006 0005 1666168801510088 37.8125 -71.0 5.491651220630596 17 
0006 0000 1666168801512514 37.8125 -71.5 6.132855189966794 17 
0006 0015 1666168801602788 -30.0625 -70.0 0.7731263170943632 17 
0006 0008 1666168801605113 -34.9375 -59.0 0.6565437772150544 17 
0006 0000 1666168801606671 8.9375 -61.5 0.6688156235181395 17 
0006 0005 1666168801608661 -43.125 -66.5 6.19728238305799 17 
0006 0014 1666168801609543 -43.125 -58.5 0.7301748550335652 17 
0006 0009 1666168801631121 -2.4375 -73.5 6.191146459906448 17 
0006 0007 1666168801660064 10.5 -76.0 1.859184714917397 17 
0006 0001 1666168801667543 -3.8125 -74.0 2.8961557275280905 17 
0006 0003 1666168801715078 -6.375 -75.0 3.718369429834794 17 
0006 0005 1666168801727162 56.125 -64.5 0.6504078540635119 17 
0006 0014 1666168801729391 13.0 -59.5 0.6013204688511713 17 
0006 0001 1666168801731634 -26.0 -66.0 4.902602598082509 17 
0006 0015 1666168801732875 -17.0625 -67.0 1.1228739367322893 17 
0006 0008 1666168801733815 17.0625 -57.5 1.282407938672396 17 
0006 0000 1666168801734711 8.9375 -56.0 0.42337869745643697 17 
0006 0009 1666168801735979 -13.0 -67.5 6.12365130523948 17 
0006 0007 1666168801738475 61.0 -74.5 4.571262747899211 17 
0006 0004 1666168801740026 -26.0 -74.0 0.35588354278946877 17 
0006 0003 1666168801742040 -91.125 -71.0 0.3190680038802134 17 
0006 0006 1666168801837843 -48.0 -69.0 4.890330751779424 17 
0006 0015 1666168801839342 -78.0625 -68.5 0.8222137023067037 17 
0006 0004 1666168801840226 -277.4375 -69.0 5.675728915176872 17 
0006 0014 1666168801841375 48.0 -60.0 0.5951845456996288 17 
0006 0003 1666168801842725 113.0625 -72.0 4.963961829597935 17 
0006 0008 1666168801843634 13.0 -61.5 2.380738182798515 17 
0006 0009 1666168801844787 -26.0 -62.5 5.4671075280244255 17 
0006 0005 1666168801845643 30.0625 -62.0 0.9694758579437253 17 
0006 0007 1666168801846812 -147.25 -72.0 4.933282213840222 17 
0006 0000 1666168801847991 -30.0625 -57.5 5.6573211457222445 17 
0006 0010 1666168801870372 21.9375 -75.5 5.019185137961818 17 
0006 0008 1666168801948107 13.0 -58.5 2.399145952253143 17 
0006 0004 1666168801950012 -91.125 -65.0 4.945554060143307 17 
0006 0005 1666168801951493 -39.0 -60.5 0.1718058482431918 17 
0006 0009 1666168801953135 0.0 -63.5 4.325825821837508 17 
0006 0010 1666168801954339 108.1875 -71.5 1.5953400194010667 17 
0006 0000 1666168801957542 -43.125 -59.5 4.755340442445488 17 
0006 0014 1666168801958887 0.0 -60.0 0.6442719309119693 17 
0006 0006 1666168801960072 -146.4375 -68.5 3.3318062712876126 17 
0006 0015 1666168801961836 8.9375 -66.0 1.0492428589137786 17 
0006 0003 1666168801988886 4.0625 -74.5 1.423534171157875 17 
0006 0007 1666168801991754 -12.9375 -74.0 5.074408446325701 17 
0006 0015 1666168802067168 4.0625 -65.5 0.8160777791551611 17 
0006 0003 1666168802068607 -230.25 -71.5 0.2945243112740431 17 
0006 0006 1666168802069529 13.0 -64.5 1.1474176293384597 17 
0006 0008 1666168802071162 13.0 -55.5 1.4480778637640452 17 
0006 0005 1666168802073084 -121.25 -59.0 4.878058905476339 17 
0006 0001 1666168802076110 -4.0625 -68.0 2.0493983326152168 17 
0006 0014 1666168802077604 8.9375 -59.5 0.6013204688511713 17 
0006 0010 1666168802078519 52.0625 -70.5 1.2946797849754812 17 
0006 0009 1666168802079457 -48.0 -71.0 3.1231848841351653 17 
0006 0004 1666168802081135 -43.125 -66.0 3.5711072741977725 17 
0006 0000 1666168802082002 13.0 -61.0 3.6140587362585705 17 
0006 0007 1666168802083511 100.0625 -71.0 4.804427827657828 17 
0006 0012 1666168802137177 -11.4375 -77.5 0.8713010875190442 17 
0006 0010 1666168802190934 91.125 -68.5 1.3437671701878218 17 
0006 0015 1666168802192086 -13.0 -66.0 0.8344855486097889 17 
0006 0005 1666168802194619 -78.0625 -59.5 3.160000423044421 17 
0006 0006 1666168802195949 13.0 -61.5 5.896622148632405 17 
0006 0000 1666168802196820 78.0625 -65.0 2.9820586516496865 17 
0006 0001 1666168802197701 -69.125 -71.0 5.448699758569798 17 
0006 0014 1666168802199037 -39.0 -58.0 0.5951845456996288 17 
0006 0008 1666168802201205 -4.0625 -54.5 0.6933593161243098 17 
0006 0003 1666168802202485 69.125 -72.0 4.595806440505381 17 
0006 0004 1666168802204567 17.0625 -66.0 1.7303303287350031 17 
0006 0012 1666168802246079 -47.125 -76.5 0.44178646691106466 17 
0006 0014 1666168802319902 0.0 -58.0 0.4295146206079795 17 
0006 0004 1666168802321897 -30.0625 -64.0 0.2454369260617026 17 
0006 0005 1666168802323264 -39.0 -61.0 1.6444274046134073 17 
0006 0006 1666168802324923 -21.9375 -61.0 5.111223985234957 17 
0006 0015 1666168802326051 61.0 -65.0 0.803805932852076 17 
0006 0010 1666168802327274 26.0 -66.0 1.1290098598838318 17 
0006 0008 1666168802328931 0.0 -53.5 0.1902136176978195 17 
0006 0001 1666168802332781 34.9375 -65.5 1.8346410223112268 17 
0006 0012 1666168802352347 -35.8125 -78.0 6.1850105367549055 17 
0006 0015 1666168802432632 26.0 -65.5 0.8283496254582462 17 
0006 0004 1666168802435374 -43.125 -61.0 5.700272607783043 17 
0006 0010 1666168802436948 39.0 -66.0 0.7915340865489908 17 
0006 0006 1666168802438425 -39.0 -65.0 4.301282129231338 17 
0006 0008 1666168802439330 0.0 -53.5 6.092971689481767 17 
0006 0014 1666168802441984 -4.0625 -58.5 0.34974761963792617 17 
0006 0005 1666168802442857 -56.125 -63.0 0.3374757733348411 17 
0006 0001 1666168802443881 -21.9375 -64.0 0.7240389318820226 17 
0006 0012 1666168802526785 16.75 -78.5 5.0682725231741586 17 
0006 0014 1666168802545426 30.0625 -58.5 0.2761165418194154 17 
0006 0001 1666168802546547 56.125 -64.5 6.086835766330224 17 
0006 0005 1666168802547462 -48.0 -65.0 5.6573211457222445 17 
0006 0008 1666168802549534 -30.0625 -54.0 5.822991070813893 17 
0006 0004 1666168802550431 -30.0625 -58.0 5.123495831538041 17 
0006 0015 1666168802552565 -65.0625 -64.5 0.8897088569736719 17 
0006 0010 1666168802554481 -13.0 -66.0 0.5645049299419159 17 
0006 0006 1666168802559185 142.375 -72.5 3.06182565261974 17 
0006 0007 1666168802601067 1.1875 -76.0 0.859029241215959 17 
0006 0003 1666168802616810 -13.5625 -77.0 0.15339807878856412 17 
0006 0004 1666168802672535 -26.0 -57.0 4.608078286808466 17 
0006 0008 1666168802674170 -34.9375 -54.5 5.6573211457222445 17 
0006 0005 1666168802676470 -78.0625 -65.5 5.0682725231741586 17 
0006 0010 1666168802678656 -4.0625 -66.5 0.3865631585471816 17 
0006 0015 1666168802679673 -26.0 -64.5 0.760854470791278 17 
0006 0014 1666168802681453 -30.0625 -58.0 0.2699806186678728 17 
0006 0001 1666168802682619 -143.1875 -65.0 5.595961914206819 17 
0006 0003 1666168802683885 -152.125 -74.5 0.0859029241215959 17 
0006 0003 1666168802712195 13.875 -75.0 5.957981380147831 17 
0006 0007 1666168802773367 -4.0 -76.5 0.5583690067903734 17 
0006 0001 1666168802799333 87.0625 -66.0 5.160311370447297 17 
0006 0008 1666168802802466 -17.0625 -55.5 5.602097837358362 17 
0006 0014 1666168802803376 13.0 -58.0 0.2270291566070749 17 
0006 0005 1666168802804800 56.125 -65.5 4.552854978444583 17 
0006 0004 1666168802805755 -52.0625 -56.5 4.3074180523828804 17 
0006 0003 1666168802806679 178.1875 -73.0 5.5284667595398505 17 
0006 0015 1666168802808215 -13.0 -64.0 0.6933593161243098 17 
0006 0010 1666168802809142 26.0 -68.5 0.46019423636569234 17 
0006 0007 1666168802845722 -3.625 -76.0 0.619728238305799 17 
0006 0006 1666168802888468 -4.375 -74.5 2.270291566070749 17 
0006 0009 1666168802900872 -10.5 -73.5 0.11658253987930872 17 
0006 0004 1666168802949174 -34.9375 -56.5 4.178563666200486 17 
0006 0010 1666168802950085 17.0625 -67.5 0.3988350048502667 17 
0006 0005 1666168802952305 -26.0 -66.0 4.503767593232243 17 
0006 0001 1666168802953188 -178.1875 -66.5 5.270757987175063 17 
0006 0015 1666168802954397 -13.0 -64.5 0.7485826244881929 17 
0006 0008 1666168802955775 -34.9375 -55.5 5.632777453116074 17 
0006 0014 1666168802958126 -65.0625 -58.0 0.4172427743048944 17 
0006 0003 1666168802959532 -178.1875 -71.0 5.7616318392984684 17 
0006 0006 1666168802985260 -12.1875 -73.5 2.1537090261914402 17 
0006 0009 1666168802997454 7.3125 -73.0 0.07363107781851078 17 
0006 0007 1666168802999558 -30.9375 -75.0 0.4908738521234052 17 
0006 0004 1666168803082956 -26.0 -56.0 4.25833066717054 17 
0006 0005 1666168803083957 156.1875 -65.0 4.466952054322987 17 
0006 0015 1666168803084913 78.0625 -63.0 0.8835729338221293 17 
0006 0006 1666168803086309 -234.3125 -70.5 5.4671075280244255 17 
0006 0001 1666168803087713 56.125 -67.5 5.098952138931871 17 
0006 0003 1666168803088881 -212.375 -71.0 5.835262917116979 17 
0006 0008 1666168803089786 -8.9375 -55.5 5.589825991055276 17 
0006 0014 1666168803091209 -17.0625 -58.5 0.39269908169872414 17 
0006 0010 1666168803092124 -121.25 -67.5 0.9510680884890975 17 
0006 0007 1666168803093933 52.0625 -71.5 3.9208548938356986 17 
0006 0009 1666168803121520 0.0 -72.5 6.227961998815704 17 
0006 0015 1666168803196505 -17.0625 -63.5 0.944932165337555 17 
0006 0010 1666168803201169 -69.125 -67.5 0.7853981633974483 17 
0006 0005 1666168803202096 -74.0 -65.5 4.6448938257177215 17 
0006 0008 1666168803202948 -21.9375 -55.5 5.5714182216006485 17 
0006 0014 1666168803203917 -30.0625 -58.5 0.37429131224409645 17 
0006 0004 1666168803205081 -4.0625 -55.5 4.270602513473625 17 
0006 0001 1666168803206618 56.125 -68.0 5.184855063053467 17 
0006 0003 1666168803208233 17.0625 -72.0 5.418020142812084 17 
0006 0006 1666168803209864 -302.6875 -72.0 5.700272607783043 17 
0006 0007 1666168803211372 82.1875 -71.0 3.859495662320273 17 
0006 0006 1666168803227632 7.3125 -73.5 5.50392306693368 17 
0006 0009 1666168803239509 8.0625 -72.5 6.160466844148735 17 
0006 0004 1666168803314412 -34.9375 -56.0 4.25833066717054 17 
0006 0001 1666168803318512 -34.9375 -67.5 5.086680292628786 17 
0006 0003 1666168803319424 139.125 -72.0 5.50392306693368 17 
0006 0015 1666168803321117 34.9375 -63.5 0.8406214717613314 17 
0006 0005 1666168803322286 -30.0625 -66.0 4.601942363656923 17 
0006 0008 1666168803323167 -13.0 -55.5 5.565282298449106 17 
0006 0014 1666168803324630 17.0625 -58.5 0.2945243112740431 17 
0006 0010 1666168803326206 -21.9375 -68.0 0.803805932852076 17 
0006 0009 1666168803327756 91.125 -71.5 6.154330920997192 17 
0006 0006 1666168803349276 0.0 -73.5 5.411884219660542 17 
0006 0014 1666168803427524 -8.9375 -58.0 0.3374757733348411 17 
0006 0001 1666168803428421 30.0625 -67.5 5.0682725231741586 17 
0006 0004 1666168803429587 13.0 -55.5 4.2031073588066565 17 
0006 0015 1666168803430771 -21.9375 -63.5 0.8713010875190442 17 
0006 0007 1666168803432408 -225.375 -72.5 4.025165587411922 17 
0006 0005 1666168803434085 -39.0 -65.0 4.540583132141498 17 
0006 0003 1666168803437534 -61.0 -71.0 5.577554144752192 17 
0006 0010 1666168803438701 56.125 -67.5 0.6933593161243098 17 
0006 0008 1666168803440321 -30.0625 -55.5 5.546874528994478 17 
0006 0006 1666168803441515 -132.625 -72.0 5.47937937432751 17 
0006 0009 1666168803442651 -61.0 -72.0 6.178874613603362 17 
0006 0003 1666168803542256 -65.0625 -71.0 5.6573211457222445 17 
0006 0006 1666168803543377 95.1875 -72.0 5.160311370447297 17 
0006 0005 1666168803544320 156.1875 -66.0 4.295146206079795 17 
0006 0004 1666168803545466 0.0 -55.5 4.178563666200486 17 
0006 0001 1666168803548950 -139.125 -67.0 5.264622064023521 17 
0006 0008 1666168803549859 -21.9375 -56.0 5.516194913236766 17 
0006 0009 1666168803551878 -26.0 -71.0 6.043884304269426 17 
0006 0015 1666168803552763 26.0 -64.0 0.7853981633974483 17 
0006 0014 1666168803554624 -43.125 -58.5 0.3436116964863836 17 
0006 0010 1666168803555565 -56.125 -68.0 0.7976700097005334 17 
0006 0007 1666168803557711 143.1875 -73.0 3.785864584501762 17 
0006 0008 1666168803653384 -56.125 -55.5 5.540738605842936 17 
0006 0005 1666168803654625 -87.0625 -65.5 4.589670517353839 17 
0006 0003 1666168803655777 -156.1875 -72.0 5.8475347634200645 17 
0006 0004 1666168803656672 8.9375 -55.5 4.123340357836604 17 
0006 0015 1666168803657828 82.1875 -63.5 0.7731263170943632 17 
0006 0001 1666168803659449 -108.1875 -67.5 5.2339424482658075 17 
0006 0006 1666168803660359 -127.75 -71.0 5.166447293598839 17 
0006 0014 1666168803661467 17.0625 -58.5 0.28225246497095796 17 
0006 0010 1666168803663550 -43.125 -68.0 0.8651651643675016 17 
0006 0007 1666168803665584 -230.25 -73.0 3.9699422790480394 17 
0006 0009 1666168803667148 -69.125 -71.5 6.12365130523948 17 
0006 0015 1666168803763175 -13.0 -63.0 0.8713010875190442 17 
0006 0006 1666168803764412 65.0625 -71.0 4.994641445355648 17 
0006 0001 1666168803765534 39.0 -67.0 5.074408446325701 17 
0006 0008 1666168803766714 -39.0 -55.5 5.5284667595398505 17 
0006 0005 1666168803768861 -117.125 -65.5 4.669437518323892 17 
0006 0009 1666168803769731 -351.5 -71.0 0.17794177139473438 17 
0006 0010 1666168803770613 82.1875 -68.0 0.6688156235181395 17 
0006 0003 1666168803771495 74.0 -71.0 5.577554144752192 17 
0006 0004 1666168803773832 -21.9375 -55.5 4.1601558967458585 17 
0006 0007 1666168803775711 43.125 -73.0 3.80427235395639 17 
0006 0014 1666168803776650 -26.0 -58.0 0.3313398501832985 17 
0006 0014 1666168803872065 13.0 -58.5 0.30066023442558565 17 
0006 0001 1666168803874561 -8.9375 -66.5 5.21553467881118 17 
0006 0010 1666168803875689 -186.3125 -68.5 1.030835089459151 17 
0006 0008 1666168803876882 -13.0 -56.0 5.497787143782138 17 
0006 0005 1666168803877769 52.0625 -66.5 4.528311285838413 17 
0006 0004 1666168803878905 -13.0 -56.0 4.1601558967458585 17 
0006 0009 1666168803880070 -61.0 -71.5 6.209554229361076 17 
0006 0003 1666168803882301 -74.0 -72.5 5.724816300389213 17 
0006 0015 1666168803884097 13.0 -63.0 0.8160777791551611 17 
0006 0006 1666168803885619 -189.5625 -71.5 5.332117218690489 17 
0006 0007 1666168803889860 -139.125 -73.5 3.6999616603801666 17 
0006 0006 1666168803985418 26.0 -71.5 5.203262832508095 17 
0006 0003 1666168803987195 113.0625 -72.0 5.71868037723767 17 
0006 0001 1666168803988373 95.1875 -67.0 5.178719139901925 17 
0006 0005 1666168803989556 -91.125 -67.0 4.773748211900116 17 
0006 0004 1666168803990419 0.0 -56.0 4.1601558967458585 17 
0006 0015 1666168803992046 -82.1875 -63.5 0.9142525495798421 17 
0006 0008 1666168803993126 -43.125 -55.5 5.546874528994478 17 
0006 0009 1666168803993977 21.9375 -70.5 6.019340611663256 17 
0006 0014 1666168803995142 -4.0625 -58.5 0.2945243112740431 17 
0006 0010 1666168803996483 13.0 -68.0 0.760854470791278 17 
0006 0007 1666168803999136 8.9375 -73.5 3.9638063558964967 17 
0006 0005 1666168804094326 -87.0625 -66.5 4.718524903536232 17 
0006 0010 1666168804095702 0.0 -68.0 0.7485826244881929 17 
0006 0006 1666168804097115 -264.4375 -71.0 5.393476450205914 17 
0006 0008 1666168804099881 -17.0625 -55.5 5.516194913236766 17 
0006 0003 1666168804100824 -295.375 -72.0 6.117515382087937 17 
0006 0004 1666168804102571 -26.0 -56.0 4.190835512503572 17 
0006 0001 1666168804103511 -65.0625 -66.5 5.418020142812084 17 
0006 0015 1666168804104424 -34.9375 -63.5 0.9019807032767571 17 
0006 0014 1666168804105801 -13.0 -58.0 0.30679615757712825 17 
0006 0009 1666168804108488 -191.1875 -71.0 0.14112623248547898 17 
0006 0007 1666168804139301 49.5625 -76.5 0.5645049299419159 17 
0006 0009 1666168804213089 13.0 -70.0 6.191146459906448 17 
0006 0008 1666168804214284 -65.0625 -55.5 5.559146375297564 17 
0006 0006 1666168804215223 -243.3125 -71.5 5.270757987175063 17 
0006 0010 1666168804216887 43.125 -68.5 0.7792622402459057 17 
0006 0004 1666168804218038 30.0625 -56.0 4.178563666200486 17 
0006 0001 1666168804219190 -104.125 -67.0 5.577554144752192 17 
0006 0015 1666168804220115 -8.9375 -63.5 0.9142525495798421 17 
0006 0014 1666168804222233 -39.0 -58.5 0.35588354278946877 17 
0006 0003 1666168804224573 34.9375 -73.0 5.620505606812989 17 
0006 0005 1666168804227799 -56.125 -66.0 4.749204519293945 17 
0006 0007 1666168804260217 -4.0625 -76.5 0.859029241215959 17 
