0006 0000 1666168894809011 -13.0 -66.0 0.521553467881118 17 
0006 0005 1666168894907226 -247.375 -69.5 6.154330920997192 17 
0006 0008 1666168894909279 0.0 -61.5 0.8222137023067037 17 
0006 0015 1666168894910453 100.0625 -69.0 0.5276893910326605 17 
0006 0014 1666168894912059 30.0625 -58.5 0.9265243958829272 17 
0006 0006 1666168894913479 161.125 -67.5 2.116893487282185 17 
0006 0000 1666168894914873 -26.0 -66.0 0.6135923151542565 17 
0006 0001 1666168894917759 299.4375 -71.5 2.8532042654672924 17 
0006 0008 1666168895017932 -17.0625 -61.5 0.8528933180644165 17 
0006 0001 1666168895019693 -104.125 -71.5 3.2397674240144743 17 
0006 0015 1666168895020864 113.0625 -68.5 0.5951845456996288 17 
0006 0005 1666168895021776 -61.0 -70.0 5.890486225480862 17 
0006 0014 1666168895022656 -4.0625 -58.5 0.9142525495798421 17 
0006 0006 1666168895023511 26.0 -67.0 2.184388641949153 17 
0006 0000 1666168895025020 -134.25 -65.5 0.662679700366597 17 
0006 0005 1666168895124461 -169.25 -70.0 5.939573610693203 17 
0006 0001 1666168895125982 -56.125 -71.0 2.9391071895888885 17 
0006 0014 1666168895126877 -8.9375 -58.5 0.9081166264282996 17 
0006 0006 1666168895128253 0.0 -67.5 2.337786720737717 17 
0006 0000 1666168895129168 -13.0 -66.0 0.6381360077604268 17 
0006 0015 1666168895130695 -13.0 -68.0 0.5829126993965437 17 
0006 0008 1666168895132043 -4.0625 -61.5 0.9019807032767571 17 
0006 0014 1666168895230137 -17.0625 -58.5 0.9387962421860124 17 
0006 0000 1666168895231631 -13.0 -66.0 0.6135923151542565 17 
0006 0005 1666168895233042 -34.9375 -68.5 6.013204688511713 17 
0006 0006 1666168895234403 -4.875 -68.5 2.2457478734645786 17 
0006 0008 1666168895236038 -4.0625 -61.0 0.8467573949128739 17 
0006 0001 1666168895237518 -30.0625 -71.5 2.945243112740431 17 
0006 0015 1666168895239555 -104.125 -68.0 0.7363107781851077 17 
0006 0015 1666168895337292 134.25 -68.5 0.42337869745643697 17 
0006 0005 1666168895338234 -199.375 -69.5 5.976389149602458 17 
0006 0001 1666168895340719 52.0625 -71.5 2.779573187648782 17 
0006 0000 1666168895342667 -39.0 -67.5 0.6565437772150544 17 
0006 0006 1666168895343876 52.0625 -68.0 2.2764274892222915 17 
0006 0014 1666168895344967 -8.9375 -58.5 0.9203884727313847 17 
0006 0008 1666168895346348 -56.125 -62.0 0.8958447801252144 17 
0006 0014 1666168895444935 -26.0 -58.5 0.9572040116406401 17 
0006 0008 1666168895446057 -39.0 -61.5 0.9387962421860124 17 
0006 0005 1666168895447679 -91.125 -69.0 5.890486225480862 17 
0006 0001 1666168895450990 -342.5625 -70.0 3.3440781175906977 17 
0006 0000 1666168895451909 0.0 -66.0 0.6688156235181395 17 
0006 0015 1666168895453071 43.125 -68.5 0.5583690067903734 17 
0006 0006 1666168895454392 85.4375 -68.0 2.2150682577068657 17 
0006 0000 1666168895554363 39.0 -66.5 0.6442719309119693 17 
0006 0014 1666168895555530 -65.0625 -58.5 0.9817477042468103 17 
0006 0006 1666168895556479 8.9375 -68.0 2.337786720737717 17 
0006 0015 1666168895557566 121.25 -68.0 0.5092816215780329 17 
0006 0001 1666168895558490 39.0 -71.5 2.8286605728611223 17 
0006 0005 1666168895559840 65.0625 -69.0 5.749359992995383 17 
0006 0008 1666168895561488 -48.0 -61.5 0.9019807032767571 17 
0006 0015 1666168895661116 -56.125 -68.0 0.619728238305799 17 
0006 0000 1666168895663870 -21.9375 -66.0 0.6810874698212247 17 
0006 0005 1666168895664755 -56.125 -69.5 5.896622148632405 17 
0006 0014 1666168895665664 -48.0 -58.5 0.9510680884890975 17 
0006 0008 1666168895666786 -13.0 -62.0 0.8835729338221293 17 
0006 0001 1666168895667685 -195.25 -71.5 3.098641191528995 17 
0006 0006 1666168895669783 80.5625 -68.5 2.2150682577068657 17 
0006 0005 1666168895769877 -208.3125 -69.5 5.994796919057086 17 
0006 0015 1666168895770748 108.1875 -68.5 0.4970097752749477 17 
0006 0008 1666168895772807 39.0 -61.5 0.8344855486097889 17 
0006 0014 1666168895774823 -4.0625 -58.0 0.9081166264282996 17 
0006 0006 1666168895776588 139.125 -68.0 2.227340104009951 17 
0006 0000 1666168895778135 -126.125 -66.5 0.7792622402459057 17 
0006 0001 1666168895779160 412.5625 -72.0 2.6261751088602177 17 
0006 0006 1666168895875380 -34.9375 -68.0 2.2948352586769194 17 
0006 0015 1666168895877599 48.0 -68.0 0.5951845456996288 17 
0006 0000 1666168895878583 -82.1875 -66.0 0.7485826244881929 17 
0006 0005 1666168895881550 -21.9375 -69.0 5.767767762450011 17 
0006 0008 1666168895882457 0.0 -62.0 0.9019807032767571 17 
0006 0014 1666168895884109 30.0625 -58.5 0.8528933180644165 17 
0006 0001 1666168895886226 -143.1875 -71.5 3.215223731408304 17 
0006 0008 1666168895983977 -48.0 -62.5 0.9265243958829272 17 
0006 0014 1666168895985383 13.0 -58.5 0.9019807032767571 17 
0006 0015 1666168895986496 52.0625 -68.0 0.6504078540635119 17 
0006 0006 1666168895988130 52.0625 -67.5 2.2150682577068657 17 
0006 0000 1666168895989253 -26.0 -66.5 0.6258641614573416 17 
0006 0005 1666168895995205 4.0625 -70.0 5.71868037723767 17 
0006 0001 1666168895996175 -121.25 -71.5 3.0127382674073995 17 
0006 0005 1666168896096015 -65.0625 -70.0 5.786175531904639 17 
0006 0000 1666168896097887 -95.1875 -67.0 0.7301748550335652 17 
0006 0008 1666168896098740 -39.0 -62.5 0.8835729338221293 17 
0006 0014 1666168896099646 0.0 -58.5 0.9142525495798421 17 
0006 0015 1666168896100680 -17.0625 -68.0 0.5706408530934585 17 
0006 0006 1666168896101576 61.8125 -68.5 2.380738182798515 17 
0006 0001 1666168896102574 -34.9375 -70.0 2.9329712664373457 17 
0006 0000 1666168896199664 39.0 -66.5 0.5583690067903734 17 
0006 0006 1666168896201702 -56.9375 -67.5 2.429825568010856 17 
0006 0014 1666168896202853 -17.0625 -58.5 0.9265243958829272 17 
0006 0015 1666168896203811 -48.0 -68.0 0.6013204688511713 17 
0006 0005 1666168896204739 -74.0 -70.5 5.730952223540755 17 
0006 0001 1666168896205647 -8.9375 -70.5 2.8961557275280905 17 
0006 0008 1666168896206773 -43.125 -62.5 0.9265243958829272 17 
0006 0008 1666168896306588 -74.0 -62.0 0.9387962421860124 17 
0006 0014 1666168896308022 17.0625 -58.0 0.859029241215959 17 
0006 0005 1666168896308893 -34.9375 -69.5 5.712544454086128 17 
0006 0000 1666168896310073 8.9375 -66.5 0.5645049299419159 17 
0006 0006 1666168896312667 13.0 -68.5 2.3193789512830896 17 
0006 0015 1666168896313767 117.125 -68.5 0.4479223900626072 17 
0006 0001 1666168896316025 26.0 -72.5 2.8716120349219203 17 
0006 0005 1666168896415333 -134.25 -70.0 5.884350302329319 17 
0006 0001 1666168896417079 95.1875 -71.5 2.9022916506796332 17 
0006 0006 1666168896418284 56.125 -67.5 2.1905245651006955 17 
0006 0014 1666168896419408 26.0 -58.5 0.8835729338221293 17 
0006 0015 1666168896420563 -130.1875 -68.5 0.7915340865489908 17 
0006 0000 1666168896421844 -48.0 -66.0 0.6320000846088841 17 
0006 0008 1666168896422995 -17.0625 -61.5 0.9019807032767571 17 
0006 0006 1666168896520887 170.875 -68.0 2.1598449493429825 17 
0006 0014 1666168896522023 -26.0 -58.5 0.9265243958829272 17 
0006 0001 1666168896524282 -17.0625 -71.0 2.8409324191642074 17 
0006 0005 1666168896526277 -139.125 -69.0 5.915029918087033 17 
0006 0000 1666168896527771 91.125 -66.5 0.4970097752749477 17 
0006 0008 1666168896528937 -87.0625 -62.0 1.0185632431560658 17 
0006 0015 1666168896530243 82.1875 -69.0 0.47860200582032003 17 
0006 0015 1666168896626479 52.0625 -68.0 0.5767767762450011 17 
0006 0005 1666168896628683 26.0 -71.0 5.6573211457222445 17 
0006 0008 1666168896629578 -39.0 -62.5 0.9387962421860124 17 
0006 0000 1666168896631001 -74.0 -67.5 0.6135923151542565 17 
0006 0014 1666168896631911 -26.0 -58.0 0.9203884727313847 17 
0006 0001 1666168896632766 191.1875 -70.5 2.742757648739526 17 
0006 0006 1666168896636258 -166.0 -68.0 2.448233337465483 17 
0006 0008 1666168896752060 21.9375 -61.5 0.8713010875190442 17 
0006 0014 1666168896753582 -39.0 -58.5 0.9326603190344698 17 
0006 0001 1666168896755155 -61.0 -70.5 3.160000423044421 17 
0006 0006 1666168896756532 -39.0 -67.0 2.2518837966161214 17 
0006 0015 1666168896757859 -48.0 -67.0 0.662679700366597 17 
0006 0005 1666168896758905 -243.3125 -70.5 6.22182607566416 17 
0006 0000 1666168896760099 65.0625 -66.0 0.46019423636569234 17 
0006 0014 1666168896859197 4.0625 -58.0 0.8835729338221293 17 
0006 0000 1666168896860766 -121.25 -66.0 0.6872233929727672 17 
0006 0001 1666168896861689 74.0 -71.5 2.736621725587984 17 
0006 0006 1666168896863365 142.375 -68.0 2.1046216409791 17 
0006 0005 1666168896864606 -104.125 -70.0 6.092971689481767 17 
0006 0008 1666168896866012 30.0625 -61.5 0.9081166264282996 17 
0006 0015 1666168896867054 -95.1875 -68.5 0.705631162427395 17 
0006 0005 1666168896964585 -104.125 -70.5 6.0991076126333095 17 
0006 0000 1666168896966817 -56.125 -65.5 0.5767767762450011 17 
0006 0008 1666168896967742 -34.9375 -62.0 0.9633399347921826 17 
0006 0015 1666168896968685 -13.0 -67.5 0.6258641614573416 17 
0006 0014 1666168896970559 -4.0625 -58.5 0.859029241215959 17 
0006 0001 1666168896971924 39.0 -71.0 2.8102528034064944 17 
0006 0006 1666168896973673 203.4375 -68.0 2.1046216409791 17 
0006 0014 1666168897073716 0.0 -58.0 0.859029241215959 17 
0006 0008 1666168897075498 -21.9375 -62.0 0.944932165337555 17 
0006 0000 1666168897078718 -104.125 -66.0 0.6135923151542565 17 
0006 0005 1666168897079745 -113.0625 -69.5 6.105243535784852 17 
0006 0006 1666168897080639 -61.8125 -67.5 2.36846633649543 17 
0006 0015 1666168897082180 56.125 -68.0 0.4479223900626072 17 
0006 0001 1666168897083833 208.3125 -70.0 2.650718801466388 17 
0006 0000 1666168897180857 -43.125 -66.0 0.5829126993965437 17 
0006 0015 1666168897181772 13.0 -69.0 0.5951845456996288 17 
0006 0014 1666168897183401 0.0 -58.0 0.8958447801252144 17 
0006 0006 1666168897184572 -47.1875 -68.5 2.1966604882522383 17 
0006 0008 1666168897188369 13.0 -62.0 0.9265243958829272 17 
0006 0001 1666168897190148 -221.3125 -70.5 3.172272269347506 17 
0006 0005 1666168897191342 30.0625 -68.5 5.988660995905543 17 
0006 0001 1666168897292163 -256.3125 -70.5 3.153864499892878 17 
0006 0015 1666168897293302 -61.0 -68.5 0.6504078540635119 17 
0006 0000 1666168897294171 -61.0 -65.5 0.5276893910326605 17 
0006 0014 1666168897295068 -34.9375 -58.5 0.9387962421860124 17 
0006 0008 1666168897297410 -34.9375 -62.0 0.9265243958829272 17 
0006 0006 1666168897300296 160.3125 -68.5 2.1046216409791 17 
0006 0005 1666168897302046 -165.1875 -69.5 6.19728238305799 17 
0006 0000 1666168897398064 -17.0625 -66.5 0.5092816215780329 17 
0006 0008 1666168897399699 -34.9375 -62.0 0.9265243958829272 17 
0006 0014 1666168897403262 -8.9375 -58.5 0.9326603190344698 17 
0006 0015 1666168897404164 -78.0625 -68.0 0.760854470791278 17 
0006 0006 1666168897405288 316.5 -68.5 1.9389517158874505 17 
0006 0005 1666168897406412 -95.1875 -70.0 6.056156150572511 17 
0006 0001 1666168897407876 -95.1875 -70.0 3.043417883165112 17 
0006 0008 1666168897507856 17.0625 -60.5 0.6381360077604268 17 
0006 0014 1666168897508964 -8.9375 -58.5 0.8713010875190442 17 
0006 0000 1666168897509861 8.9375 -65.0 0.5522330836388308 17 
0006 0015 1666168897510778 17.0625 -68.5 0.8467573949128739 17 
0006 0005 1666168897512159 -173.3125 -69.5 0.0 17 
0006 0006 1666168897515250 104.125 -70.5 2.2518837966161214 17 
0006 0009 1666168897610925 2.875 -74.5 5.810719224510809 17 
0006 0008 1666168897623438 -69.125 -59.5 0.5645049299419159 17 
0006 0014 1666168897625902 -13.0 -59.0 0.760854470791278 17 
0006 0000 1666168897626772 26.0 -60.5 0.46019423636569234 17 
0006 0015 1666168897627970 91.125 -68.5 1.055378782065321 17 
0006 0005 1666168897629006 0.0 -69.0 0.018407769454627694 17 
0006 0009 1666168897649988 20.25 -73.5 5.773903685601553 17 
0006 0008 1666168897729348 17.0625 -59.0 0.7363107781851077 17 
0006 0015 1666168897731612 -78.0625 -67.5 1.6014759425526093 17 
0006 0009 1666168897733365 21.9375 -70.5 5.50392306693368 17 
0006 0001 1666168897734533 273.375 -71.5 5.123495831538041 17 
0006 0000 1666168897735440 4.0625 -57.5 0.23930100291016002 17 
0006 0014 1666168897737133 17.0625 -59.5 0.5951845456996288 17 
0006 0005 1666168897738189 -21.9375 -66.5 0.2454369260617026 17 
0006 0003 1666168897759933 13.875 -74.5 0.2699806186678728 17 
0006 0007 1666168897834094 -10.1875 -77.0 1.6321555583103222 17 
0006 0006 1666168897842034 4.625 -74.0 5.148039524144211 17 
0006 0004 1666168897850510 2.875 -76.0 5.338253141842031 17 
0006 0009 1666168897857362 95.1875 -69.0 5.595961914206819 17 
0006 0003 1666168897859352 -160.3125 -70.5 5.896622148632405 17 
0006 0001 1666168897865080 152.125 -67.0 3.834951969714103 17 
0006 0000 1666168897866231 -52.0625 -55.5 5.890486225480862 17 
0006 0014 1666168897867169 -48.0 -60.0 0.6504078540635119 17 
0006 0008 1666168897868588 -21.9375 -59.5 0.9387962421860124 17 
0006 0015 1666168897870393 39.0 -65.0 1.2087768608538851 17 
0006 0005 1666168897871306 -69.125 -63.5 0.6320000846088841 17 
0006 0004 1666168897872335 -134.25 -72.5 5.442563835418255 17 
0006 0006 1666168897881669 7.6875 -71.5 5.258486140871978 17 
0006 0007 1666168897899314 7.3125 -75.0 4.479223900626073 17 
0006 0005 1666168897979524 -74.0 -62.5 0.4970097752749477 17 
0006 0009 1666168897981741 -52.0625 -63.5 5.043728830567988 17 
0006 0006 1666168897984012 126.125 -69.0 4.270602513473625 17 
0006 0000 1666168897985584 -4.0625 -57.0 4.595806440505381 17 
0006 0014 1666168897986974 -4.0625 -59.5 0.607456392002714 17 
0006 0008 1666168897988229 65.0625 -62.0 1.533980787885641 17 
0006 0004 1666168897990387 126.125 -68.5 4.540583132141498 17 
0006 0015 1666168897992586 -17.0625 -67.0 1.2517283229146832 17 
0006 0003 1666168897999153 178.1875 -70.0 3.472932503773092 17 
0006 0007 1666168898015898 9.75 -75.5 0.2791845033951867 17 
0006 0002 1666168898032326 -6.5 -76.0 5.841398840268521 17 
0006 0010 1666168898044555 9.25 -74.0 5.375068680751287 17 
0006 0001 1666168898052221 -6.375 -72.5 4.963961829597935 17 
0006 0006 1666168898114229 152.125 -67.0 1.7916895602504288 17 
0006 0009 1666168898116415 82.1875 -66.0 3.472932503773092 17 
0006 0014 1666168898118848 -43.125 -58.5 0.5522330836388308 17 
0006 0003 1666168898119810 0.0 -69.0 1.2087768608538851 17 
0006 0010 1666168898120670 -178.1875 -71.0 2.2457478734645786 17 
0006 0008 1666168898121592 -8.9375 -60.5 0.9878836273983529 17 
0006 0005 1666168898122508 -56.125 -62.0 5.037592907416445 17 
0006 0000 1666168898123689 -39.0 -57.5 3.2397674240144743 17 
0006 0004 1666168898124799 152.125 -69.0 3.4054373491061236 17 
0006 0001 1666168898127269 -74.0 -68.5 3.890175278077986 17 
0006 0015 1666168898128524 -52.0625 -63.5 1.3008157081270237 17 
0006 0005 1666168898227628 -8.9375 -62.0 3.2029518851052186 17 
0006 0000 1666168898229009 -48.0 -57.5 2.3439226438892597 17 
0006 0014 1666168898231238 -4.0625 -58.0 0.4540583132141498 17 
0006 0006 1666168898232134 -13.0 -64.0 0.12885438618239387 17 
0006 0009 1666168898233273 -126.125 -71.5 2.6016314162540475 17 
0006 0001 1666168898234195 17.0625 -70.5 1.0492428589137786 17 
0006 0008 1666168898235334 -56.125 -59.0 0.3436116964863836 17 
0006 0015 1666168898236753 -4.0625 -63.5 1.0246991663076084 17 
0006 0010 1666168898240170 8.9375 -70.0 1.9696313316451632 17 
0006 0004 1666168898241141 95.1875 -69.0 1.8960002538266525 17 
0006 0003 1666168898242054 -165.1875 -69.0 5.786175531904639 17 
0006 0012 1666168898271410 26.0625 -77.5 5.534602682691394 17 
0006 0010 1666168898351627 -100.0625 -70.0 1.8162332528565992 17 
0006 0000 1666168898352568 -52.0625 -61.0 1.3437671701878218 17 
0006 0008 1666168898354254 -34.9375 -57.0 5.9088939949354895 17 
0006 0005 1666168898355162 0.0 -62.5 1.3499030933393643 17 
0006 0014 1666168898356065 -78.0625 -57.5 0.3865631585471816 17 
0006 0006 1666168898357455 -17.0625 -63.0 5.325981295538946 17 
0006 0001 1666168898358398 -65.0625 -68.5 3.043417883165112 17 
0006 0015 1666168898359537 -61.0 -65.0 1.1228739367322893 17 
0006 0004 1666168898361570 -8.9375 -66.5 0.35588354278946877 17 
0006 0005 1666168898476440 -143.1875 -66.0 6.007068765360171 17 
0006 0004 1666168898477364 -69.125 -62.5 5.534602682691394 17 
0006 0006 1666168898479267 70.75 -65.0 4.479223900626073 17 
0006 0014 1666168898481964 -17.0625 -58.0 0.2270291566070749 17 
0006 0000 1666168898482917 -8.9375 -66.0 0.05522330836388308 17 
0006 0001 1666168898484326 -17.0625 -63.5 1.0983302441261191 17 
0006 0008 1666168898487011 -17.0625 -56.0 5.148039524144211 17 
0006 0015 1666168898488294 -43.125 -64.0 1.1903690913992575 17 
0006 0010 1666168898489179 178.1875 -68.5 1.3621749396424494 17 
0006 0003 1666168898566373 2.1875 -76.0 6.1420590746941075 17 
0006 0014 1666168898593633 -74.0 -58.0 0.22089323345553233 17 
0006 0005 1666168898596870 100.0625 -67.0 4.037437433715008 17 
0006 0008 1666168898605351 -48.0 -56.5 4.528311285838413 17 
0006 0004 1666168898606856 -4.0625 -59.0 4.571262747899211 17 
0006 0001 1666168898608591 13.0 -66.0 6.1420590746941075 17 
0006 0015 1666168898609927 52.0625 -63.5 1.0062913968529805 17 
0006 0010 1666168898610870 -113.0625 -69.0 1.3560390164909069 17 
0006 0000 1666168898611994 -78.0625 -68.5 5.264622064023521 17 
0006 0003 1666168898615848 230.25 -74.0 6.1850105367549055 17 
0006 0001 1666168898712975 152.125 -68.5 4.9394181369917645 17 
0006 0014 1666168898714211 13.0 -57.5 0.09817477042468103 17 
0006 0004 1666168898715405 4.0625 -58.0 3.736777199289422 17 
0006 0015 1666168898716595 -13.0 -63.5 0.9817477042468103 17 
0006 0008 1666168898719246 0.0 -57.5 4.006757817957295 17 
0006 0010 1666168898720193 -134.25 -69.0 1.1044661672776617 17 
0006 0005 1666168898721361 -13.0 -66.5 3.129320807286708 17 
0006 0000 1666168898722528 -100.0625 -69.0 4.571262747899211 17 
0006 0003 1666168898724091 -290.5 -74.0 6.2463697682703305 17 
0006 0010 1666168898824034 48.0 -69.5 0.9572040116406401 17 
0006 0015 1666168898825186 21.9375 -65.0 0.9510680884890975 17 
0006 0000 1666168898826353 -48.0 -70.0 4.2031073588066565 17 
0006 0008 1666168898827249 -34.9375 -58.0 3.724505352986337 17 
0006 0004 1666168898828173 -21.9375 -59.0 3.067961575771282 17 
0006 0014 1666168898830063 65.0625 -58.0 0.05522330836388308 17 
0006 0005 1666168898830976 -126.125 -63.5 2.6445828783148455 17 
0006 0001 1666168898832498 65.0625 -70.0 3.9147189706841563 17 
0006 0003 1666168898835382 13.0 -73.5 5.448699758569798 17 
0006 0006 1666168898923560 5.5625 -74.5 6.019340611663256 17 
0006 0014 1666168898941207 -17.0625 -57.5 0.21475731030398976 17 
0006 0001 1666168898944076 -87.0625 -67.5 3.1231848841351653 17 
0006 0004 1666168898945029 26.0 -59.5 2.5893595699509624 17 
0006 0008 1666168898945952 4.0625 -58.0 3.5711072741977725 17 
0006 0005 1666168898949366 52.0625 -63.5 2.012582793705961 17 
0006 0015 1666168898951863 -39.0 -65.0 1.0369710126106935 17 
0006 0010 1666168898952861 26.0 -69.0 0.9510680884890975 17 
0006 0003 1666168898955158 189.5625 -73.0 4.749204519293945 17 
0006 0000 1666168898975128 10.5 -73.0 0.6381360077604268 17 
0006 0009 1666168898980445 -6.5 -75.0 5.93343768754166 17 
0006 0006 1666168898985959 11.4375 -73.5 5.755495916146925 17 
0006 0015 1666168899065339 0.0 -65.0 1.0185632431560658 17 
0006 0008 1666168899068921 26.0 -58.0 3.4913402732277192 17 
0006 0010 1666168899072126 91.125 -68.5 0.8283496254582462 17 
0006 0004 1666168899073889 -13.0 -59.0 2.5280003384355365 17 
0006 0005 1666168899075407 -17.0625 -62.5 1.7794177139473437 17 
0006 0006 1666168899076321 -402.8125 -70.5 2.736621725587984 17 
0006 0014 1666168899077480 0.0 -57.5 0.2454369260617026 17 
0006 0001 1666168899078745 13.0 -67.5 2.5464081078901644 17 
0006 0003 1666168899080298 -230.25 -73.5 5.154175447295755 17 
0006 0009 1666168899081178 -290.5 -71.0 5.9518454569962875 17 
0006 0009 1666168899178325 8.9375 -71.0 5.583690067903734 17 
0006 0014 1666168899179505 -4.0625 -58.0 0.25157284921324513 17 
0006 0008 1666168899180388 -4.0625 -58.0 3.466796580621549 17 
0006 0010 1666168899181812 -74.0 -69.5 0.9633399347921826 17 
0006 0004 1666168899184788 65.0625 -59.5 2.3071071049800045 17 
0006 0005 1666168899186781 52.0625 -62.5 1.6751070203711202 17 
0006 0006 1666168899188156 -4.0625 -71.0 2.350058567040802 17 
0006 0003 1666168899189098 -152.125 -74.0 4.9394181369917645 17 
0006 0015 1666168899190506 91.125 -65.0 0.9142525495798421 17 
0006 0001 1666168899191757 -95.1875 -67.5 2.5832236467994196 17 
0006 0015 1666168899290112 247.375 -65.0 0.6994952392758523 17 
0006 0001 1666168899291831 121.25 -68.5 2.1598449493429825 17 
0006 0005 1666168899294609 74.0 -62.5 1.6812429435226628 17 
0006 0008 1666168899295617 8.9375 -58.0 3.448388811166921 17 
0006 0014 1666168899296556 -17.0625 -57.0 0.25770877236478773 17 
0006 0010 1666168899297467 4.0625 -68.0 0.8897088569736719 17 
0006 0004 1666168899298722 43.125 -59.5 2.325514874434632 17 
0006 0009 1666168899299676 208.3125 -71.5 5.681864838328415 17 
0006 0006 1666168899300685 -221.3125 -70.0 2.350058567040802 17 
0006 0003 1666168899316289 -14.1875 -74.0 5.028389022689132 17 
0006 0008 1666168899405218 -17.0625 -58.0 3.442252888015379 17 
0006 0001 1666168899406227 8.9375 -67.0 2.350058567040802 17 
0006 0006 1666168899407126 -146.4375 -70.5 2.3930100291016 17 
0006 0014 1666168899408049 -34.9375 -57.5 0.2699806186678728 17 
0006 0010 1666168899409146 61.0 -68.0 0.8160777791551611 17 
0006 0009 1666168899410582 -108.1875 -72.0 5.737088146692298 17 
0006 0015 1666168899411973 8.9375 -64.5 1.0185632431560658 17 
0006 0004 1666168899412927 13.0 -59.5 2.356194490192345 17 
0006 0003 1666168899414929 -351.5 -73.5 5.123495831538041 17 
0006 0005 1666168899415884 61.0 -62.5 1.7426021750380885 17 
0006 0005 1666168899516916 82.1875 -62.0 1.6751070203711202 17 
0006 0014 1666168899518195 8.9375 -57.0 0.25770877236478773 17 
0006 0004 1666168899519659 30.0625 -59.5 2.386874105950058 17 
0006 0010 1666168899523503 147.25 -69.0 0.8222137023067037 17 
0006 0015 1666168899524771 108.1875 -64.5 1.0369710126106935 17 
0006 0008 1666168899525909 -78.0625 -58.0 3.5036121195308043 17 
0006 0006 1666168899529863 -61.8125 -71.5 2.3930100291016 17 
0006 0001 1666168899530716 30.0625 -67.5 2.3009711818284617 17 
0006 0009 1666168899531827 -243.3125 -71.5 5.896622148632405 17 
0006 0003 1666168899533105 74.0 -73.5 4.6878452877785195 17 
0006 0015 1666168899630406 61.0 -65.0 1.0246991663076084 17 
0006 0008 1666168899631899 -34.9375 -58.0 3.436116964863836 17 
0006 0014 1666168899633022 30.0625 -58.0 0.1902136176978195 17 
0006 0009 1666168899634169 4.0625 -72.0 5.638913376267617 17 
0006 0005 1666168899635084 -26.0 -62.0 1.761009944492716 17 
0006 0010 1666168899636958 -69.125 -68.0 1.0921943209745766 17 
0006 0006 1666168899638125 -52.0625 -71.0 2.411417798556228 17 
0006 0004 1666168899639292 52.0625 -59.0 2.350058567040802 17 
0006 0001 1666168899641039 82.1875 -67.0 2.2764274892222915 17 
0006 0003 1666168899670733 28.5 -75.5 4.693981210930062 17 
0006 0005 1666168899748579 -61.0 -62.0 1.7916895602504288 17 
0006 0004 1666168899751987 39.0 -59.5 2.313243028131547 17 
0006 0001 1666168899753168 108.1875 -68.0 2.067806102069844 17 
0006 0015 1666168899754065 34.9375 -64.5 1.0369710126106935 17 
0006 0010 1666168899755008 26.0 -69.0 0.9510680884890975 17 
0006 0006 1666168899756157 -33.3125 -71.0 2.350058567040802 17 
0006 0008 1666168899757210 -13.0 -58.0 3.3747577333484107 17 
0006 0014 1666168899758417 -4.0625 -57.5 0.2638446955163303 17 
0006 0009 1666168899760829 -39.0 -71.0 5.632777453116074 17 
0006 0003 1666168899782841 -29.25 -76.0 4.933282213840222 17 
