0006 0006 1666170537376982 4.0625 -64.0 4.503767593232243 20 
0006 0001 1666170537378759 43.125 -68.5 3.2459033471660166 20 
0006 0015 1666170537405915 53.6875 -74.5 4.534447208989955 20 
0006 0004 1666170537412716 -8.0625 -74.5 5.902758071783947 20 
0006 0006 1666170537489947 78.0625 -63.5 4.405592822807561 20 
0006 0001 1666170537493386 13.0 -68.0 3.2213596545598464 20 
0006 0004 1666170537508484 -12.9375 -74.5 5.878214379177777 20 
0006 0015 1666170537541366 -7.3125 -74.5 4.718524903536232 20 
0006 0001 1666170537605111 -65.0625 -69.0 3.2827188860752723 20 
0006 0006 1666170537607483 30.0625 -63.5 4.491495746929157 20 
0006 0004 1666170537626279 0.0 -74.5 5.730952223540755 20 
0006 0015 1666170537666628 9.75 -74.5 4.638757902566179 20 
0006 0006 1666170537723117 91.125 -63.5 4.3933209765044765 20 
0006 0001 1666170537724655 -113.0625 -68.0 3.442252888015379 20 
0006 0004 1666170537753030 0.75 -74.5 5.816855147662351 20 
0006 0015 1666170537770375 8.5 -75.0 4.626486056263094 20 
0006 0001 1666170537834718 -61.0 -67.5 3.3379421944391554 20 
0006 0006 1666170537835856 -30.0625 -63.5 4.534447208989955 20 
0006 0004 1666170537870341 -9.75 -74.5 5.9088939949354895 20 
0006 0015 1666170537893064 1.9375 -75.0 1.4603497100671303 20 
0006 0006 1666170537951374 -65.0625 -64.0 4.509903516383785 20 
0006 0001 1666170537955653 -13.0 -69.0 3.3195344249845276 20 
0006 0004 1666170537974226 17.0625 -74.5 2.552544031041707 20 
0006 0015 1666170537995114 4.375 -75.5 4.657165672020807 20 
0006 0001 1666170538065733 65.0625 -68.5 3.2520392703175593 20 
0006 0006 1666170538068753 13.0 -63.5 4.448544284868359 20 
0006 0004 1666170538095650 16.3125 -74.5 5.71868037723767 20 
0006 0015 1666170538127980 4.375 -75.0 4.589670517353839 20 
0006 0001 1666170538409133 74.0 -68.5 3.2581751934691017 20 
0006 0006 1666170538413458 26.0 -63.5 4.424000592262189 20 
0006 0004 1666170538430959 -5.625 -74.5 2.6261751088602177 20 
0006 0015 1666170538646228 -1.0625 -74.5 4.700117134081604 20 
0006 0001 1666170538668181 39.0 -69.0 3.215223731408304 20 
0006 0006 1666170538670279 70.75 -63.5 4.368777283898306 20 
0006 0004 1666170538695855 6.5 -74.5 5.681864838328415 20 
0006 0014 1666170538905538 1.9375 -77.0 0.09203884727313846 20 
0006 0015 1666170538941990 5.9375 -75.0 4.638757902566179 20 
0006 0001 1666170538957370 -117.125 -67.5 3.429981041712294 20 
0006 0006 1666170538960014 0.0 -64.0 4.491495746929157 20 
0006 0004 1666170538986255 -18.75 -74.5 5.8659425328746915 20 
0006 0014 1666170539130234 7.5 -77.0 0.1227184630308513 20 
0006 0015 1666170539158838 -4.875 -75.0 4.8351074434155406 20 
0006 0001 1666170539183492 -17.0625 -68.0 3.2888548092268146 20 
0006 0006 1666170539186230 104.125 -63.5 4.338097668140593 20 
0006 0004 1666170539209430 -14.625 -74.5 5.872078456026235 20 
0006 0015 1666170539248447 -1.625 -75.0 1.6014759425526093 20 
0006 0014 1666170539280433 3.5625 -77.0 0.11658253987930872 20 
0006 0006 1666170539311406 -74.0 -63.5 4.516039439535327 20 
0006 0001 1666170539316839 134.25 -68.0 3.0495538063166547 20 
0006 0004 1666170539317749 -8.9375 -73.5 2.380738182798515 20 
0006 0004 1666170539347495 25.125 -74.5 2.435961491162398 20 
0006 0015 1666170539364768 3.1875 -75.0 4.681709364626977 20 
0006 0003 1666170539374622 0.875 -75.5 1.8100973297050567 20 
0006 0014 1666170539422552 3.6875 -77.0 0.19634954084936207 20 
0006 0001 1666170539440553 -65.0625 -65.5 2.8716120349219203 20 
0006 0006 1666170539441447 14.625 -63.5 4.454680208019902 20 
0006 0004 1666170539475384 1.625 -74.5 5.700272607783043 20 
0006 0003 1666170539478174 26.8125 -75.0 4.884194828627882 20 
0006 0015 1666170539503352 4.875 -75.0 4.6878452877785195 20 
0006 0001 1666170539567585 -160.3125 -68.0 2.6016314162540475 20 
0006 0006 1666170539568689 -4.875 -63.5 4.491495746929157 20 
0006 0004 1666170539611144 -1.625 -76.0 5.915029918087033 20 
0006 0015 1666170539670084 8.4375 -75.5 4.595806440505381 20 
0006 0006 1666170539692265 -78.0625 -64.5 4.601942363656923 20 
0006 0008 1666170539744607 0.875 -73.5 2.000310947402876 20 
0006 0001 1666170539781756 -6.375 -74.0 4.921010367537137 20 
0006 0011 1666170539822343 3.1875 -75.0 6.129787228391022 20 
0006 0010 1666170539856686 0.625 -75.0 2.7550294950426117 20 
0006 0009 1666170539879557 -6.0 -77.5 5.688000761479957 20 
0006 0008 1666170539892841 -104.125 -69.5 5.9088939949354895 20 
0006 0006 1666170539895567 -52.0625 -64.5 4.822835597112456 20 
0006 0011 1666170539896593 117.125 -72.5 3.1354567304382504 20 
0006 0010 1666170539920585 -17.8125 -74.5 6.227961998815704 20 
0006 0009 1666170539951223 6.8125 -79.0 5.730952223540755 20 
0006 0001 1666170540008973 4.875 -75.0 0.0674951546669682 20 
0006 0006 1666170540017451 -100.0625 -68.0 5.307573526084319 20 
0006 0010 1666170540019828 0.0 -72.0 3.1661363461959633 20 
0006 0011 1666170540020874 91.125 -71.5 3.77972866135022 20 
0006 0001 1666170540022041 -139.125 -71.5 3.8840393549264434 20 
0006 0009 1666170540074367 7.625 -79.5 0.0674951546669682 20 
0006 0010 1666170540129483 -52.0625 -69.0 3.5711072741977725 20 
0006 0011 1666170540130980 -256.3125 -73.0 4.338097668140593 20 
0006 0009 1666170540147706 21.9375 -78.0 3.988350048502667 20 
0006 0010 1666170540231659 117.125 -67.5 3.9515345095934116 20 
0006 0008 1666170540234380 43.125 -68.0 4.1417481272912315 20 
0006 0007 1666170540240691 26.0 -73.5 3.000466421104314 20 
0006 0009 1666170540263353 0.75 -76.5 5.21553467881118 20 
0006 0008 1666170540346492 -169.25 -64.5 5.5100589900852235 20 
0006 0007 1666170540348880 21.9375 -70.0 4.246058820867455 20 
0006 0010 1666170540350008 -104.125 -65.0 4.552854978444583 20 
0006 0006 1666170540350919 173.3125 -72.5 4.2092432819582 20 
0006 0006 1666170540449938 -234.3125 -68.0 5.522330836388308 20 
0006 0010 1666170540452184 -30.0625 -65.0 4.7860200582032 20 
0006 0008 1666170540453107 -48.0 -64.5 6.160466844148735 20 
0006 0006 1666170540555083 -33.3125 -70.0 6.215690152512618 20 
0006 0010 1666170540556607 -13.0 -67.5 4.921010367537137 20 
0006 0008 1666170540559108 34.9375 -69.5 0.7669903939428205 20 
0006 0010 1666170540660182 -117.125 -69.5 5.148039524144211 20 
0006 0006 1666170540720510 -6.0625 -75.0 3.8410878928656453 20 
0006 0007 1666170540738425 3.5625 -75.5 0.8099418560036186 20 
0006 0006 1666170540779064 260.375 -71.0 4.558990901596125 20 
0006 0007 1666170540782861 43.125 -70.5 4.23378697456437 20 
0006 0010 1666170540791314 -10.9375 -71.5 4.90567055965828 20 
0006 0006 1666170540882284 17.0625 -68.0 5.822991070813893 20 
0006 0001 1666170540883537 39.0 -72.5 5.295301679781233 20 
0006 0007 1666170540886010 -178.1875 -71.5 4.816699673960914 20 
0006 0010 1666170540887505 65.0625 -70.0 5.154175447295755 20 
0006 0008 1666170540959086 3.6875 -72.5 6.117515382087937 20 
0006 0007 1666170540995708 -13.0 -72.0 5.393476450205914 20 
0006 0006 1666170540996778 104.125 -68.0 0.01227184630308513 20 
0006 0008 1666170540998705 -65.0625 -69.0 3.5833791205008576 20 
0006 0010 1666170541000039 -13.0 -72.0 5.332117218690489 20 
0006 0006 1666170541105508 147.25 -70.5 0.6320000846088841 20 
0006 0008 1666170541108722 -26.0 -65.0 5.056000676871073 20 
0006 0010 1666170541111376 108.1875 -71.5 5.111223985234957 20 
0006 0000 1666170541140518 -10.5 -75.0 0.4479223900626072 20 
0006 0009 1666170541144048 22.6875 -76.5 0.8835729338221293 20 
0006 0001 1666170541176273 0.0 -77.0 1.4726215563702154 20 
0006 0010 1666170541224488 -13.0 -74.0 5.154175447295755 20 
0006 0001 1666170541225613 -69.125 -72.5 5.056000676871073 20 
0006 0008 1666170541227858 -39.0 -61.5 5.688000761479957 20 
0006 0006 1666170541229209 -247.375 -72.5 1.4480778637640452 20 
0006 0000 1666170541242102 143.1875 -70.5 1.509437095279471 20 
0006 0009 1666170541244983 -351.5 -74.0 5.013049214810275 20 
0006 0000 1666170541342666 178.1875 -67.5 1.902136176978195 20 
0006 0001 1666170541344765 108.1875 -70.5 5.47937937432751 20 
0006 0008 1666170541348987 -56.125 -59.5 5.8475347634200645 20 
0006 0006 1666170541350124 80.5625 -71.0 1.3437671701878218 20 
0006 0009 1666170541371926 -15.375 -76.5 5.264622064023521 20 
0006 0010 1666170541377395 58.5625 -77.0 5.117359908386499 20 
0006 0007 1666170541420063 -2.5 -76.5 0.6749515466696822 20 
0006 0008 1666170541461988 -43.125 -59.5 5.773903685601553 20 
0006 0001 1666170541464032 -87.0625 -70.5 5.737088146692298 20 
0006 0000 1666170541465524 178.1875 -66.5 2.2150682577068657 20 
0006 0006 1666170541468536 69.125 -72.0 1.1719613219446299 20 
0006 0010 1666170541472814 -576.9375 -75.5 5.773903685601553 20 
0006 0009 1666170541522405 3.3125 -77.0 1.8653206380689396 20 
0006 0007 1666170541571091 0.0 -77.0 0.6504078540635119 20 
0006 0001 1666170541596910 56.125 -70.5 5.47937937432751 20 
0006 0008 1666170541598032 -52.0625 -59.5 5.632777453116074 20 
0006 0000 1666170541599221 13.0 -66.5 2.098485717827557 20 
0006 0006 1666170541603357 -85.4375 -73.0 1.3008157081270237 20 
0006 0010 1666170541604301 -329.5625 -74.5 5.338253141842031 20 
0006 0009 1666170541632698 -26.0625 -76.5 5.092816215780329 20 
0006 0001 1666170541745704 -134.25 -70.0 5.45483568172134 20 
0006 0006 1666170541746614 345.8125 -70.5 1.1167380135807468 20 
0006 0008 1666170541748245 -87.0625 -60.0 5.577554144752192 20 
0006 0000 1666170541749650 74.0 -68.0 1.945087639038993 20 
0006 0009 1666170541754736 95.1875 -74.5 5.00077736850719 20 
0006 0010 1666170541755993 -572.875 -73.5 5.307573526084319 20 
0006 0008 1666170541852770 -4.0625 -60.5 5.393476450205914 20 
0006 0000 1666170541856133 13.0 -68.5 1.902136176978195 20 
0006 0010 1666170541857867 121.25 -74.0 4.914874444385594 20 
0006 0001 1666170541861669 -87.0625 -70.5 5.209398755659637 20 
0006 0006 1666170541866122 33.3125 -73.0 1.1228739367322893 20 
0006 0009 1666170541891412 43.125 -77.0 4.749204519293945 20 
0006 0014 1666170541959995 -0.4375 -77.5 6.252505691421874 20 
0006 0006 1666170541977023 -30.0625 -71.5 1.4173982480063325 20 
0006 0001 1666170541980721 108.1875 -70.0 4.841243366567084 20 
0006 0000 1666170541982244 -126.125 -68.5 2.0800779483729293 20 
0006 0008 1666170541983196 43.125 -61.0 5.448699758569798 20 
0006 0010 1666170541991042 113.0625 -74.5 4.988505522204105 20 
0006 0009 1666170542010269 -4.875 -76.5 4.71238898038469 20 
0006 0014 1666170542100043 -4.1875 -78.0 0.2086213871524472 20 
0006 0008 1666170542109648 -34.9375 -61.5 5.534602682691394 20 
0006 0006 1666170542110727 38.1875 -74.0 1.2701360923693108 20 
0006 0001 1666170542111879 87.0625 -70.0 4.963961829597935 20 
0006 0000 1666170542114899 39.0 -69.0 2.018718716857504 20 
0006 0010 1666170542116418 -113.0625 -73.0 5.393476450205914 20 
0006 0009 1666170542136397 -5.625 -77.0 4.638757902566179 20 
