0005 0007 1665798790965635 -8.9375 -61.0 2.4850488763747385 2 
0005 0005 1665798790968509 -26.0 -66.5 0.380427235395639 2 
0005 0004 1665798790970282 -17.0625 -64.5 5.160311370447297 2 
0005 0014 1665798790971224 -178.1875 -67.0 4.344233591292136 2 
0005 0001 1665798790997012 30.0 -78.0 5.534602682691394 2 
0005 0008 1665798791185251 -0.625 -72.0 4.2031073588066565 2 
0005 0014 1665798791195887 -91.125 -68.5 4.135612204139688 2 
0005 0007 1665798791198374 -134.25 -61.0 2.675262494072558 2 
0005 0004 1665798791199383 -74.0 -65.0 5.381204603902829 2 
0005 0005 1665798791201090 -39.0 -66.0 0.4049709280018093 2 
0005 0001 1665798791227916 0.75 -78.0 5.737088146692298 2 
0005 0008 1665798791240463 -2.5625 -72.5 1.0615147052168636 2 
0005 0004 1665798791306147 82.1875 -64.5 5.105088062083414 2 
0005 0014 1665798791307988 -82.1875 -67.5 4.196971435655114 2 
0005 0007 1665798791310681 -21.9375 -61.5 2.5464081078901644 2 
0005 0005 1665798791311834 -21.9375 -67.0 0.48473792897186263 2 
0005 0001 1665798791341358 -24.375 -78.5 5.8045833013592665 2 
0005 0008 1665798791494093 -5.3125 -72.5 4.325825821837508 2 
0005 0014 1665798791509519 156.1875 -67.0 3.9453985864418692 2 
0005 0004 1665798791512300 -134.25 -65.0 5.381204603902829 2 
0005 0007 1665798791513566 21.9375 -61.5 2.4727770300716534 2 
0005 0005 1665798791514750 39.0 -66.5 0.4970097752749477 2 
0005 0001 1665798791541292 34.9375 -78.5 5.411884219660542 2 
0005 0008 1665798791680392 2.875 -73.0 1.0676506283684062 2 
0005 0008 1665798791688967 2.875 -73.0 4.252194744018997 2 
0005 0004 1665798791698336 13.0 -65.0 5.190990986205009 2 
0005 0007 1665798791699176 -21.9375 -61.5 2.5341362615870793 2 
0005 0005 1665798791700613 -91.125 -67.0 0.6258641614573416 2 
0005 0014 1665798791702002 0.0 -67.5 4.104932588381976 2 
0005 0001 1665798791752784 -39.5 -78.5 6.0991076126333095 2 
0005 0008 1665798791803164 4.875 -72.5 4.239922897715912 2 
0005 0014 1665798791810879 -69.125 -66.5 4.154019973594316 2 
0005 0004 1665798791812075 -48.0 -65.0 5.264622064023521 2 
0005 0005 1665798791815466 34.9375 -67.5 0.4908738521234052 2 
0005 0007 1665798791816633 -30.0625 -61.0 2.5586799541932495 2 
0005 0001 1665798791836797 -22.6875 -78.0 2.693670263527186 2 
0005 0007 1665798791912859 -56.125 -61.0 2.5893595699509624 2 
0005 0005 1665798791914637 -13.0 -66.5 0.46019423636569234 2 
0005 0014 1665798791915606 26.0 -68.0 4.04357335686655 2 
0005 0004 1665798791919283 4.0625 -65.0 5.221670601962723 2 
0005 0001 1665798791963970 -28.8125 -79.0 6.166602767300278 2 
0005 0006 1665798792027114 2.125 -74.0 6.074563920027139 2 
0005 0007 1665798792045885 -108.1875 -61.5 2.6016314162540475 2 
0005 0004 1665798792047152 26.0 -64.5 5.1725832167503825 2 
0005 0005 1665798792048932 87.0625 -67.0 0.5092816215780329 2 
0005 0014 1665798792051215 -78.0625 -67.0 4.246058820867455 2 
0005 0006 1665798792098989 7.75 -74.0 6.068427996875596 2 
0005 0001 1665798792104510 -13.0625 -79.0 5.8659425328746915 2 
0005 0007 1665798792157618 -4.0625 -61.0 2.5402721847386216 2 
0005 0004 1665798792158661 -61.0 -64.5 5.3198453723874035 2 
0005 0014 1665798792160083 -104.125 -66.5 4.196971435655114 2 
0005 0005 1665798792163869 156.1875 -67.5 0.30066023442558565 2 
0005 0006 1665798792210068 6.0625 -73.5 6.1420590746941075 2 
0005 0001 1665798792213710 -8.8125 -78.5 5.915029918087033 2 
0005 0008 1665798792265360 -0.875 -72.5 4.031301510563465 2 
0005 0004 1665798792279089 -95.1875 -65.0 5.411884219660542 2 
0005 0005 1665798792280044 39.0 -67.0 0.5031456984264903 2 
0005 0014 1665798792282998 -69.125 -68.0 4.123340357836604 2 
0005 0007 1665798792284945 -34.9375 -61.0 2.5280003384355365 2 
0005 0006 1665798792324812 3.3125 -74.0 6.135923151542564 2 
0005 0001 1665798792338834 -18.5625 -78.5 5.994796919057086 2 
0005 0008 1665798792350617 0.0 -72.0 0.8958447801252144 2 
0005 0007 1665798792407333 39.0 -61.0 2.399145952253143 2 
0005 0014 1665798792409124 -173.3125 -69.0 4.3074180523828804 2 
0005 0004 1665798792410927 -43.125 -65.0 5.399612373357457 2 
0005 0005 1665798792412742 17.0625 -66.5 0.4049709280018093 2 
0005 0008 1665798792441860 -3.1875 -71.5 0.9510680884890975 2 
0005 0001 1665798792502302 -1.5 -78.5 5.822991070813893 2 
0005 0006 1665798792519940 -2.625 -74.5 0.006135923151542565 2 
0005 0014 1665798792534132 0.0 -68.0 4.104932588381976 2 
0005 0004 1665798792537287 -108.1875 -65.5 5.45483568172134 2 
0005 0007 1665798792539049 -34.9375 -60.5 2.5586799541932495 2 
0005 0005 1665798792540743 -65.0625 -66.5 0.5031456984264903 2 
0005 0008 1665798792565320 5.625 -71.5 0.9510680884890975 2 
0005 0001 1665798792572371 22.6875 -77.5 2.4850488763747385 2 
0005 0007 1665798792647702 -56.125 -61.0 2.5034566458293663 2 
0005 0005 1665798792648856 -78.0625 -66.0 0.48473792897186263 2 
0005 0004 1665798792651527 26.0 -65.0 5.227806525114265 2 
0005 0014 1665798792658144 -39.0 -67.0 4.037437433715008 2 
0005 0008 1665798792680621 5.625 -71.5 1.0062913968529805 2 
0005 0001 1665798792694241 34.9375 -78.0 5.559146375297564 2 
0005 0014 1665798792763284 -113.0625 -67.0 4.1601558967458585 2 
0005 0005 1665798792766226 186.3125 -66.0 0.34974761963792617 2 
0005 0007 1665798792768173 -78.0625 -61.0 2.521864415283994 2 
0005 0004 1665798792769453 -74.0 -66.0 5.252350217720435 2 
0005 0008 1665798792788943 -10.5 -72.0 1.1044661672776617 2 
0005 0001 1665798792804104 56.125 -78.0 2.380738182798515 2 
0005 0014 1665798792877589 78.0625 -67.5 3.9760782021995817 2 
0005 0007 1665798792880395 -34.9375 -60.5 2.5280003384355365 2 
0005 0004 1665798792882186 -17.0625 -65.5 5.184855063053467 2 
0005 0005 1665798792883719 -8.9375 -66.5 0.4540583132141498 2 
0005 0001 1665798792923995 -9.75 -79.0 6.056156150572511 2 
0005 0008 1665798792943461 -4.25 -72.5 1.1658253987930873 2 
0005 0007 1665798792992694 -65.0625 -61.0 2.5770877236478773 2 
0005 0004 1665798792996084 21.9375 -65.5 5.227806525114265 2 
0005 0014 1665798792997513 43.125 -68.5 4.000621894805752 2 
0005 0005 1665798793000405 17.0625 -67.5 0.46019423636569234 2 
0005 0001 1665798793047131 20.25 -78.5 5.964117303299373 2 
0005 0008 1665798793070397 -3.8125 -72.5 1.1351457830353744 2 
0005 0006 1665798793265249 -1.5 -74.5 6.135923151542564 2 
0005 0014 1665798793274535 -230.25 -66.5 4.264466590322082 2 
0005 0004 1665798793278279 69.125 -65.0 5.160311370447297 2 
0005 0007 1665798793279219 -34.9375 -60.5 2.5341362615870793 2 
0005 0005 1665798793280259 74.0 -67.0 0.46019423636569234 2 
0005 0001 1665798793329733 4.875 -77.5 5.7616318392984684 2 
0005 0008 1665798793475760 0.4375 -72.5 4.239922897715912 2 
0005 0005 1665798793505843 117.125 -66.5 0.3374757733348411 2 
0005 0007 1665798793509062 -34.9375 -61.0 2.5280003384355365 2 
0005 0014 1665798793510328 78.0625 -67.5 3.988350048502667 2 
0005 0004 1665798793511848 -113.0625 -65.5 5.332117218690489 2 
0005 0001 1665798793540282 3.1875 -78.0 5.688000761479957 2 
0005 0008 1665798793616398 -0.625 -72.5 4.221515128261284 2 
0005 0004 1665798793634548 -143.1875 -64.5 5.381204603902829 2 
0005 0005 1665798793637344 -87.0625 -67.0 0.4970097752749477 2 
0005 0007 1665798793640664 48.0 -60.5 2.380738182798515 2 
0005 0014 1665798793641576 61.0 -67.0 4.037437433715008 2 
0005 0001 1665798793655441 -20.25 -78.0 2.767301341345697 2 
0005 0007 1665798793742622 0.0 -61.0 2.478912953223196 2 
0005 0014 1665798793745000 -87.0625 -68.0 4.190835512503572 2 
0005 0004 1665798793746181 -95.1875 -64.5 5.313709449235861 2 
0005 0005 1665798793747785 104.125 -67.5 0.380427235395639 2 
0005 0001 1665798793771982 -39.8125 -78.5 6.000932842208628 2 
0005 0005 1665798793847064 -52.0625 -66.5 0.5031456984264903 2 
0005 0014 1665798793848428 26.0 -67.0 4.061981126321178 2 
0005 0004 1665798793851142 26.0 -65.0 5.148039524144211 2 
0005 0007 1665798793852635 -26.0 -60.5 2.4911847995262812 2 
0005 0001 1665798793891336 -6.8125 -79.0 5.927301764390117 2 
0005 0004 1665798793973072 -34.9375 -64.5 5.197126909356553 2 
0005 0007 1665798793974339 8.9375 -61.0 2.454369260617026 2 
0005 0014 1665798793976388 -56.125 -67.0 4.172427743048944 2 
0005 0005 1665798793977301 -56.125 -67.0 0.521553467881118 2 
0005 0001 1665798794002677 -8.0625 -78.0 6.031612457966341 2 
0005 0004 1665798794075913 -100.0625 -65.0 5.240078371417351 2 
0005 0007 1665798794077235 17.0625 -61.0 2.442097414313941 2 
0005 0014 1665798794078189 4.0625 -68.0 4.09266074207889 2 
0005 0005 1665798794079728 21.9375 -66.0 0.3988350048502667 2 
0005 0001 1665798794127062 -6.375 -78.5 6.068427996875596 2 
0005 0006 1665798794155262 -3.9375 -74.5 6.17273869045182 2 
0005 0014 1665798794187876 -139.125 -67.5 4.196971435655114 2 
0005 0005 1665798794189608 8.9375 -67.0 0.4356505437595221 2 
0005 0007 1665798794191613 -4.0625 -60.5 2.4911847995262812 2 
0005 0004 1665798794193322 -61.0 -65.0 5.313709449235861 2 
0005 0001 1665798794215385 -51.25 -78.5 2.9206994201342606 2 
0005 0006 1665798794280964 -0.1875 -74.5 3.000466421104314 2 
0005 0004 1665798794306618 -30.0625 -65.0 5.21553467881118 2 
0005 0005 1665798794310310 34.9375 -66.5 0.4663301595172349 2 
0005 0007 1665798794311207 -104.125 -60.5 2.5770877236478773 2 
0005 0014 1665798794312813 -52.0625 -67.5 4.111068511533518 2 
0005 0001 1665798794355281 -17.375 -79.0 5.982525072754001 2 
0005 0006 1665798794404496 1.875 -74.0 6.160466844148735 2 
0005 0007 1665798794431915 13.0 -61.0 2.423689644859313 2 
0005 0014 1665798794434588 -61.0 -67.0 4.111068511533518 2 
0005 0004 1665798794435487 -126.125 -65.0 5.344389064993574 2 
0005 0005 1665798794437638 0.0 -67.5 0.5092816215780329 2 
0005 0001 1665798794473878 -4.875 -77.5 5.792311455056181 2 
0005 0006 1665798794514229 -2.875 -74.5 6.209554229361076 2 
0005 0004 1665798794552150 82.1875 -65.0 5.148039524144211 2 
0005 0007 1665798794553375 21.9375 -61.0 2.4605051837685683 2 
0005 0014 1665798794554260 91.125 -66.5 4.025165587411922 2 
0005 0005 1665798794557000 43.125 -67.0 0.5338253141842031 2 
0005 0001 1665798794599183 4.6875 -79.0 6.0991076126333095 2 
0005 0006 1665798794641373 -0.1875 -74.5 6.22182607566416 2 
0005 0005 1665798794662022 56.125 -68.0 0.44178646691106466 2 
0005 0007 1665798794666184 -4.0625 -61.0 2.478912953223196 2 
0005 0004 1665798794667127 -104.125 -65.0 5.350524988145116 2 
0005 0014 1665798794668036 17.0625 -67.0 4.086524818927348 2 
0005 0001 1665798794720688 14.75 -79.0 5.8659425328746915 2 
0005 0006 1665798794756655 1.75 -74.5 6.12365130523948 2 
0005 0014 1665798794781271 -43.125 -67.0 4.06811704947272 2 
0005 0004 1665798794782227 65.0625 -65.0 5.105088062083414 2 
0005 0005 1665798794783820 26.0 -67.0 0.4970097752749477 2 
0005 0007 1665798794785213 -13.0 -61.0 2.4911847995262812 2 
0005 0001 1665798794836918 7.125 -79.0 6.080699843178682 2 
0005 0006 1665798794904759 -3.3125 -74.0 6.1850105367549055 2 
0005 0014 1665798794912834 -130.1875 -66.5 4.2092432819582 2 
0005 0005 1665798794915583 74.0 -67.5 0.4724660826687775 2 
0005 0004 1665798794917105 -69.125 -65.0 5.3198453723874035 2 
0005 0007 1665798794918854 -56.125 -60.5 2.5586799541932495 2 
0005 0001 1665798794935670 -10.5 -78.5 5.749359992995383 2 
0005 0006 1665798794984205 0.4375 -74.5 6.025476534814799 2 
0005 0007 1665798795025727 -13.0 -61.0 2.478912953223196 2 
0005 0005 1665798795029358 -48.0 -68.0 0.5276893910326605 2 
0005 0004 1665798795031149 -17.0625 -65.0 5.270757987175063 2 
0005 0014 1665798795032433 -152.125 -67.0 4.215379205109742 2 
0005 0001 1665798795122232 -19.5 -79.0 6.050020227420969 2 
0005 0006 1665798795212483 0.8125 -74.0 6.074563920027139 2 
0005 0008 1665798795230839 -2.625 -72.5 4.4362724385652745 2 
0005 0014 1665798795248587 -260.375 -66.5 4.270602513473625 2 
0005 0004 1665798795249624 -82.1875 -65.0 5.368932757599744 2 
0005 0005 1665798795250777 -108.1875 -67.0 0.6320000846088841 2 
0005 0007 1665798795252155 48.0 -61.0 2.435961491162398 2 
0005 0001 1665798795375770 4.6875 -78.0 5.902758071783947 2 
0005 0008 1665798795454153 -4.25 -72.5 4.289010282928253 2 
0005 0006 1665798795501391 0.0 -74.0 6.2034183062095325 2 
0005 0014 1665798795511242 48.0 -67.5 4.04357335686655 2 
0005 0005 1665798795513517 -126.125 -67.0 0.7424467013366504 2 
0005 0007 1665798795514413 -4.0625 -61.0 2.478912953223196 2 
0005 0004 1665798795516888 39.0 -65.0 5.197126909356553 2 
0005 0001 1665798795551894 22.6875 -78.0 5.945709533844745 2 
0005 0008 1665798795578396 -2.125 -72.5 1.141281706186917 2 
0005 0006 1665798795610809 -2.4375 -74.5 6.191146459906448 2 
0005 0005 1665798795635011 30.0625 -67.0 0.5338253141842031 2 
0005 0014 1665798795635951 87.0625 -67.5 3.9944859716542096 2 
0005 0007 1665798795637315 -17.0625 -60.5 2.5341362615870793 2 
0005 0004 1665798795640933 -13.0 -64.5 5.252350217720435 2 
0005 0008 1665798795694829 -4.25 -72.0 1.1658253987930873 2 
0005 0001 1665798795704068 15.25 -79.5 5.9518454569962875 2 
0005 0006 1665798795748624 -3.5625 -74.5 0.006135923151542565 2 
0005 0014 1665798795764200 -113.0625 -67.0 4.1417481272912315 2 
0005 0007 1665798795766441 -4.0625 -61.0 2.478912953223196 2 
0005 0005 1665798795767370 30.0625 -66.5 0.4970097752749477 2 
0005 0004 1665798795769360 -13.0 -65.5 5.252350217720435 2 
0005 0001 1665798795807620 -14.4375 -79.0 5.970253226450915 2 
0005 0008 1665798795818833 -5.9375 -72.5 1.2026409377023426 2 
0005 0006 1665798795850624 -1.5 -74.5 6.234097921967246 2 
0005 0014 1665798795887621 -34.9375 -68.0 4.080388895775806 2 
0005 0007 1665798795889351 0.0 -60.5 2.478912953223196 2 
0005 0004 1665798795890849 -13.0 -65.5 5.289165756629691 2 
0005 0005 1665798795893203 100.0625 -67.0 0.3436116964863836 2 
0005 0001 1665798795934648 9.25 -79.0 5.93343768754166 2 
0005 0008 1665798795945594 7.125 -72.5 1.055378782065321 2 
