0005 0005 1665804566444950 -230.25 -69.5 1.859184714917397 8 
0005 0008 1665804566447446 -21.9375 -61.0 0.25157284921324513 8 
0005 0003 1665804566450158 191.1875 -67.0 1.4419419406125027 8 
0005 0012 1665804566451668 117.125 -66.0 5.098952138931871 8 
0005 0010 1665804566452608 -95.1875 -70.0 5.301437602932776 8 
0005 0006 1665804566459571 30.5 -71.5 5.200194870932323 8 
0005 0004 1665804566481166 -34.9375 -76.5 6.129787228391022 8 
0005 0007 1665804566497619 -4.375 -71.5 5.5284667595398505 8 
0005 0012 1665804566553687 -173.3125 -70.0 6.252505691421874 8 
0005 0003 1665804566555916 -61.0 -70.5 2.675262494072558 8 
0005 0005 1665804566557085 -61.0 -65.0 3.9760782021995817 8 
0005 0008 1665804566559345 43.125 -62.0 0.9878836273983529 8 
0005 0002 1665804566579598 -4.0625 -77.5 4.1601558967458585 8 
0005 0011 1665804566617504 -2.875 -76.0 4.700117134081604 8 
0005 0007 1665804566656309 3.125 -75.0 5.927301764390117 8 
0005 0015 1665804566669971 4.0 -73.5 1.0369710126106935 8 
0005 0008 1665804566679120 -208.3125 -67.0 3.3011266555298997 8 
0005 0015 1665804566680600 4.0625 -69.5 4.601942363656923 8 
0005 0005 1665804566681526 4.0625 -64.5 3.2888548092268146 8 
0005 0007 1665804566704570 5.625 -74.0 5.773903685601553 8 
0005 0006 1665804566776748 -74.0 -64.5 5.411884219660542 8 
0005 0005 1665804566779938 -61.0 -64.5 3.141592653589793 8 
0005 0007 1665804566782139 17.0625 -72.0 0.2945243112740431 8 
0005 0007 1665804566791734 6.5 -73.0 0.3712233506683252 8 
0005 0015 1665804566800872 -2.4375 -72.0 2.018718716857504 8 
0005 0008 1665804566861218 1.125 -72.0 3.761320891895592 8 
0005 0012 1665804566874401 -3.1875 -72.5 4.902602598082509 8 
0005 0000 1665804566888364 -2.1875 -77.0 0.4049709280018093 8 
0005 0008 1665804566894991 -13.0 -66.5 1.4051264017032472 8 
0005 0005 1665804566898992 -143.1875 -68.0 2.742757648739526 8 
0005 0006 1665804566900016 -52.0625 -65.5 0.19634954084936207 8 
0005 0015 1665804566901849 -91.125 -65.5 5.632777453116074 8 
0005 0007 1665804566903288 134.25 -68.0 1.3989904785517047 8 
0005 0012 1665804566909088 10.9375 -71.5 5.4671075280244255 8 
0005 0008 1665804567001536 56.125 -64.5 3.2765829629237295 8 
0005 0011 1665804567002465 -373.5 -71.0 2.521864415283994 8 
0005 0015 1665804567003646 13.0 -66.5 5.964117303299373 8 
0005 0007 1665804567004786 104.125 -70.5 3.423845118560751 8 
0005 0012 1665804567005713 26.0 -67.0 3.877903431774901 8 
0005 0005 1665804567033073 0.0 -69.0 2.724349879284899 8 
0005 0013 1665804567086920 7.5 -73.0 0.6688156235181395 8 
0005 0005 1665804567105986 17.0625 -62.5 6.068427996875596 8 
0005 0013 1665804567107712 -43.125 -69.0 4.638757902566179 8 
0005 0015 1665804567111152 78.0625 -68.0 5.8045833013592665 8 
0005 0008 1665804567112121 160.3125 -69.5 5.184855063053467 8 
0005 0012 1665804567113048 26.0 -69.0 5.344389064993574 8 
0005 0011 1665804567114684 -100.0625 -72.5 4.81056375080937 8 
0005 0013 1665804567209606 113.0625 -64.5 0.5706408530934585 8 
0005 0011 1665804567210505 -286.4375 -70.0 1.6566992509164924 8 
0005 0015 1665804567212504 34.9375 -69.0 5.780039608753096 8 
0005 0010 1665804567224466 -16.25 -71.0 0.0859029241215959 8 
0005 0005 1665804567265658 4.875 -74.5 4.76147636559703 8 
0005 0006 1665804567288820 -2.4375 -74.0 6.240233845118788 8 
0005 0009 1665804567302279 -5.0625 -73.5 5.074408446325701 8 
0005 0014 1665804567323645 0.4375 -73.0 4.847379289718626 8 
0005 0010 1665804567329757 65.0625 -65.0 2.5586799541932495 8 
0005 0015 1665804567332255 0.0 -70.0 5.964117303299373 8 
0005 0014 1665804567333983 282.375 -69.0 1.705786636128833 8 
0005 0005 1665804567335160 17.0625 -65.5 2.521864415283994 8 
0005 0011 1665804567337276 -17.0625 -71.0 2.84706834231575 8 
0005 0009 1665804567339508 -4.0625 -70.5 1.3192234775816514 8 
0005 0002 1665804567411119 1.125 -76.0 4.3074180523828804 8 
0005 0014 1665804567436794 -56.125 -65.0 1.7303303287350031 8 
0005 0004 1665804567437959 -8.9375 -63.0 3.000466421104314 8 
0005 0010 1665804567439582 8.9375 -63.0 3.3195344249845276 8 
0005 0008 1665804567442135 165.1875 -68.5 5.221670601962723 8 
0005 0005 1665804567447370 117.125 -67.0 3.466796580621549 8 
0005 0002 1665804567449157 78.0625 -71.5 1.6935147898257479 8 
0005 0010 1665804567543922 -130.1875 -66.5 4.614214209960009 8 
0005 0007 1665804567544848 -139.125 -73.0 5.534602682691394 8 
0005 0006 1665804567547721 -18.6875 -72.0 0.09203884727313846 8 
0005 0014 1665804567549706 -82.1875 -65.0 2.1046216409791 8 
0005 0002 1665804567551753 -286.4375 -73.5 1.9082721001297376 8 
0005 0004 1665804567552678 130.1875 -68.0 1.8346410223112268 8 
0005 0005 1665804567618771 3.1875 -74.5 0.8528933180644165 8 
0005 0003 1665804567650046 -87.0625 -72.5 4.522175362686871 8 
0005 0005 1665804567651682 -165.1875 -71.0 1.1658253987930873 8 
0005 0010 1665804567653475 -30.0625 -66.5 6.117515382087937 8 
0005 0007 1665804567654671 173.3125 -67.5 2.466641106920111 8 
0005 0012 1665804567656265 -251.4375 -74.0 2.5954954931025047 8 
0005 0014 1665804567657145 -17.0625 -62.0 1.0615147052168636 8 
0005 0004 1665804567672108 8.0625 -72.0 5.7616318392984684 8 
0005 0011 1665804567717633 5.3125 -73.0 5.350524988145116 8 
0005 0003 1665804567763498 -43.125 -71.5 5.853670686571607 8 
0005 0010 1665804567764382 -74.0 -64.0 1.8162332528565992 8 
0005 0004 1665804567765776 34.9375 -65.5 3.0925052683774528 8 
0005 0014 1665804567767622 48.0 -65.5 2.791845033951867 8 
0005 0011 1665804567769271 -17.0625 -69.5 3.3624858870453256 8 
0005 0014 1665804567862786 8.9375 -68.0 3.2336315008629315 8 
0005 0004 1665804567864069 91.125 -66.5 3.9453985864418692 8 
0005 0011 1665804567865868 -82.1875 -70.5 5.221670601962723 8 
0005 0007 1665804567867503 -169.25 -72.5 2.834796496012665 8 
0005 0010 1665804567868401 -21.9375 -63.5 4.09266074207889 8 
0005 0012 1665804567872055 -82.1875 -70.5 4.651029748869264 8 
0005 0008 1665804567876852 13.0 -70.5 4.921010367537137 8 
0005 0007 1665804567878490 33.75 -73.0 5.697204646207271 8 
0005 0003 1665804567882721 -57.375 -74.5 1.8714565612204823 8 
0005 0010 1665804567963624 -34.9375 -63.0 0.2454369260617026 8 
0005 0003 1665804567967280 43.125 -73.0 3.792000507653305 8 
0005 0007 1665804567968506 -65.0625 -68.0 2.141437179888355 8 
0005 0012 1665804567970140 -17.0625 -62.0 0.23316507975861744 8 
0005 0014 1665804567971183 -17.0625 -68.5 3.4913402732277192 8 
0005 0008 1665804567972082 139.125 -66.5 3.6324665057131984 8 
0005 0011 1665804567972995 52.0625 -70.5 0.21475731030398976 8 
0005 0004 1665804568018376 9.25 -71.5 4.25833066717054 8 
0005 0002 1665804568068700 -108.1875 -72.5 1.0676506283684062 8 
0005 0012 1665804568069625 -8.9375 -61.0 1.423534171157875 8 
0005 0014 1665804568071036 -165.1875 -69.0 3.2765829629237295 8 
0005 0008 1665804568071901 -8.9375 -63.5 5.405748296509 8 
0005 0010 1665804568073765 -43.125 -61.5 2.3746022596469727 8 
0005 0003 1665804568075371 -113.0625 -68.5 6.17273869045182 8 
0005 0015 1665804568077764 -104.125 -71.0 1.718058482431918 8 
0005 0007 1665804568078647 48.0 -66.5 0.0674951546669682 8 
0005 0009 1665804568106111 -11.4375 -73.5 1.1474176293384597 8 
0005 0000 1665804568126457 6.8125 -77.5 0.6810874698212247 8 
0005 0011 1665804568137937 -0.75 -74.5 0.760854470791278 8 
0005 0014 1665804568181148 -43.125 -67.0 3.485204350076177 8 
0005 0010 1665804568182791 0.0 -57.5 4.01902966426038 8 
0005 0012 1665804568183662 0.0 -65.5 2.5280003384355365 8 
0005 0003 1665804568185344 95.1875 -66.0 1.6873788666742053 8 
0005 0002 1665804568188927 56.125 -64.0 3.3318062712876126 8 
0005 0008 1665804568190970 -134.25 -64.0 0.7669903939428205 8 
0005 0007 1665804568212883 -14.625 -73.5 5.368932757599744 8 
0005 0011 1665804568216497 8.0625 -76.0 0.7485826244881929 8 
0005 0009 1665804568219915 8.0625 -73.5 1.4787574795217582 8 
0005 0012 1665804568293605 56.125 -66.5 3.8288160465625602 8 
0005 0003 1665804568294462 217.25 -68.0 3.736777199289422 8 
0005 0010 1665804568296124 -52.0625 -61.0 5.976389149602458 8 
0005 0006 1665804568300979 28.4375 -67.5 0.12885438618239387 8 
0005 0008 1665804568301918 34.9375 -61.0 2.110757564130642 8 
0005 0007 1665804568303100 34.9375 -71.0 2.5954954931025047 8 
0005 0014 1665804568304014 -217.25 -68.5 4.853515212870168 8 
0005 0010 1665804568402016 -17.0625 -59.5 0.7976700097005334 8 
0005 0008 1665804568402940 -4.0625 -60.5 4.583534594202296 8 
0005 0003 1665804568405684 -65.0625 -68.5 5.706408530934585 8 
0005 0012 1665804568408304 -264.4375 -69.5 5.485515297479052 8 
0005 0015 1665804568412948 16.25 -71.0 4.623418094687323 8 
0005 0006 1665804568447398 3.625 -70.5 4.325825821837508 8 
0005 0005 1665804568504140 -69.125 -69.0 0.9756117810952678 8 
0005 0006 1665804568506157 -42.3125 -64.5 6.068427996875596 8 
0005 0015 1665804568507028 -13.0 -67.0 0.9756117810952678 8 
0005 0010 1665804568508856 52.0625 -61.5 2.552544031041707 8 
0005 0012 1665804568509752 21.9375 -70.5 5.056000676871073 8 
0005 0008 1665804568511386 -39.0 -63.0 0.18407769454627693 8 
0005 0004 1665804568551426 -22.5625 -79.0 0.3374757733348411 8 
0005 0009 1665804568575828 -2.125 -74.0 6.080699843178682 8 
0005 0006 1665804568622152 42.3125 -62.5 1.5892040962495242 8 
0005 0010 1665804568623419 -43.125 -61.0 4.626486056263094 8 
0005 0009 1665804568624316 -61.0 -69.5 0.5951845456996288 8 
0005 0005 1665804568625511 52.0625 -70.0 0.8099418560036186 8 
0005 0008 1665804568626434 -21.9375 -60.0 2.3193789512830896 8 
0005 0012 1665804568651961 3.1875 -72.5 4.571262747899211 8 
0005 0010 1665804568722876 -104.125 -64.5 0.0859029241215959 8 
0005 0008 1665804568725375 43.125 -60.0 4.0987966652304335 8 
0005 0012 1665804568728387 91.125 -70.5 3.055689729468197 8 
0005 0003 1665804568729667 -56.125 -71.0 0.1227184630308513 8 
0005 0011 1665804568730566 117.125 -72.0 1.5585244804918115 8 
0005 0006 1665804568731728 18.6875 -61.0 3.368621810196868 8 
0005 0009 1665804568732713 126.125 -69.5 2.0493983326152168 8 
0005 0013 1665804568744168 0.0 -73.5 3.347146079166469 8 
0005 0005 1665804568772801 4.375 -71.5 4.424000592262189 8 
0005 0002 1665804568822534 9.75 -77.5 5.393476450205914 8 
0005 0007 1665804568834066 2.625 -72.5 4.749204519293945 8 
0005 0010 1665804568842580 -43.125 -64.0 2.282563412373834 8 
0005 0006 1665804568845475 -66.6875 -61.0 4.92714629068868 8 
0005 0008 1665804568847263 -74.0 -62.0 0.8406214717613314 8 
0005 0007 1665804568848308 -295.375 -71.5 5.246214294568893 8 
0005 0003 1665804568849216 -191.1875 -71.5 2.497320722677824 8 
0005 0013 1665804568850808 43.125 -64.0 2.8286605728611223 8 
0005 0012 1665804568851737 -95.1875 -68.0 5.945709533844745 8 
0005 0002 1665804568865963 21.5625 -74.0 0.44485442848683593 8 
0005 0008 1665804568945174 4.0625 -59.0 1.9389517158874505 8 
0005 0010 1665804568947154 43.125 -64.0 4.28287435977671 8 
0005 0013 1665804568949120 82.1875 -66.0 4.632621979414636 8 
0005 0002 1665804568951761 34.9375 -67.0 5.252350217720435 8 
0005 0006 1665804568953056 132.625 -70.0 1.1596894756415448 8 
0005 0004 1665804568969967 -2.4375 -76.5 0.8467573949128739 8 
0005 0003 1665804568976550 9.75 -74.5 1.2701360923693108 8 
0005 0007 1665804568985885 4.875 -74.5 0.5092816215780329 8 
0005 0011 1665804569050563 8.9375 -67.5 2.1598449493429825 8 
0005 0005 1665804569051690 -39.0 -71.0 3.6447383520162835 8 
0005 0010 1665804569052629 8.9375 -59.5 0.380427235395639 8 
0005 0007 1665804569053743 -147.25 -67.0 6.068427996875596 8 
0005 0003 1665804569055122 -160.3125 -71.0 1.0246991663076084 8 
0005 0002 1665804569058529 -78.0625 -62.5 0.6258641614573416 8 
0005 0009 1665804569059453 100.0625 -71.0 1.337631247036279 8 
0005 0008 1665804569060375 -8.9375 -60.0 3.7122335066832517 8 
0005 0004 1665804569061753 -4.0625 -55.0 3.3379421944391554 8 
0005 0008 1665804569155384 74.0 -61.5 5.190990986205009 8 
0005 0004 1665804569156622 -17.0625 -54.5 2.718213956133356 8 
0005 0010 1665804569157550 -91.125 -62.0 1.9266798695843652 8 
0005 0014 1665804569160342 -13.0 -61.0 6.227961998815704 8 
0005 0002 1665804569161240 52.0625 -61.5 1.2762720155208536 8 
0005 0009 1665804569162120 8.9375 -68.0 3.6999616603801666 8 
0005 0007 1665804569163286 4.0625 -63.5 0.1349903093339364 8 
0005 0005 1665804569164454 34.9375 -71.0 2.386874105950058 8 
0005 0000 1665804569182759 17.0625 -77.0 5.221670601962723 8 
0005 0011 1665804569235769 -3.3125 -74.0 4.921010367537137 8 
0005 0014 1665804569266571 39.0 -59.5 5.583690067903734 8 
0005 0004 1665804569268858 21.9375 -58.0 1.2946797849754812 8 
0005 0008 1665804569269727 -30.0625 -65.0 0.9326603190344698 8 
0005 0002 1665804569271386 -56.125 -70.0 1.521708941582556 8 
0005 0010 1665804569272965 -121.25 -66.5 3.32567034813607 8 
0005 0007 1665804569273831 -4.0625 -63.0 0.006135923151542565 8 
0005 0005 1665804569275934 43.125 -70.0 0.35588354278946877 8 
0005 0011 1665804569276903 -82.1875 -71.0 5.730952223540755 8 
0005 0011 1665804569364251 -8.9375 -67.0 0.39269908169872414 8 
0005 0004 1665804569366229 82.1875 -62.5 1.0492428589137786 8 
0005 0014 1665804569367350 13.0 -54.5 3.7122335066832517 8 
0005 0008 1665804569369837 74.0 -65.0 2.1475731030398975 8 
0005 0010 1665804569371573 34.9375 -65.0 4.724660826687775 8 
0005 0005 1665804569373035 -117.125 -71.5 1.055378782065321 8 
0005 0007 1665804569373944 -8.9375 -63.0 2.3009711818284617 8 
0005 0012 1665804569374959 56.125 -73.0 5.93343768754166 8 
0005 0003 1665804569391825 -30.5 -75.0 2.205864372979552 8 
0005 0014 1665804569482423 -8.9375 -54.5 4.460816131171445 8 
0005 0008 1665804569483590 21.9375 -64.0 4.362641360746763 8 
0005 0004 1665804569485028 91.125 -63.0 3.08636934522591 8 
0005 0010 1665804569486322 82.1875 -66.0 0.5767767762450011 8 
0005 0011 1665804569487501 256.3125 -70.0 1.8346410223112268 8 
0005 0003 1665804569513140 30.0 -76.5 1.055378782065321 8 
0005 0007 1665804569518959 -12.9375 -73.5 0.7731263170943632 8 
0005 0005 1665804569551186 -5.625 -76.5 5.546874528994478 8 
0005 0010 1665804569599649 -13.0 -67.0 3.724505352986337 8 
0005 0007 1665804569601312 -4.0625 -67.0 1.184233168247715 8 
0005 0004 1665804569604392 0.0 -60.0 5.583690067903734 8 
0005 0014 1665804569606371 -17.0625 -56.0 4.792155981354743 8 
0005 0008 1665804569607312 13.0 -69.0 1.043106935762236 8 
0005 0003 1665804569614916 -39.0 -73.0 3.7551849687440497 8 
0005 0005 1665804569616421 169.25 -71.0 5.982525072754001 8 
0005 0002 1665804569641659 26.0625 -78.0 5.497787143782138 8 
0005 0009 1665804569702841 6.8125 -74.5 4.657165672020807 8 
0005 0005 1665804569723300 39.0 -67.0 0.8958447801252144 8 
0005 0003 1665804569725302 69.125 -66.0 5.743224069843841 8 
0005 0014 1665804569726239 4.0625 -57.0 4.890330751779424 8 
0005 0007 1665804569727409 95.1875 -64.5 6.160466844148735 8 
0005 0012 1665804569728842 -8.9375 -67.0 4.657165672020807 8 
0005 0008 1665804569730428 -21.9375 -64.0 4.9823695990525625 8 
0005 0009 1665804569731382 78.0625 -70.5 2.0923497946760143 8 
0005 0010 1665804569733775 -4.0625 -63.5 0.6381360077604268 8 
0005 0004 1665804569734704 30.0625 -62.5 3.3624858870453256 8 
0005 0002 1665804569753579 -110.625 -75.5 6.120583343663708 8 
0005 0000 1665804569758793 -63.875 -74.0 0.7086991240031663 8 
0005 0003 1665804569839796 0.0 -61.0 1.8837284075235674 8 
0005 0010 1665804569841151 -30.0625 -61.0 1.9634954084936207 8 
0005 0005 1665804569842107 -52.0625 -61.0 0.3436116964863836 8 
0005 0009 1665804569843498 -17.0625 -67.0 3.055689729468197 8 
0005 0002 1665804569844933 -134.25 -70.0 1.9205439464328227 8 
0005 0014 1665804569846536 -21.9375 -58.5 4.608078286808466 8 
0005 0007 1665804569847871 17.0625 -65.0 1.4051264017032472 8 
0005 0000 1665804569849689 364.5625 -72.0 4.448544284868359 8 
0005 0008 1665804569850584 -52.0625 -62.0 0.09203884727313846 8 
0005 0012 1665804569852160 -13.0 -61.0 5.737088146692298 8 
0005 0011 1665804569853485 65.0625 -64.5 4.509903516383785 8 
0005 0015 1665804569854528 65.0625 -70.5 1.2517283229146832 8 
0005 0006 1665804569877655 -4.875 -72.5 1.1658253987930873 8 
0005 0012 1665804569949031 -56.125 -63.5 0.34974761963792617 8 
0005 0008 1665804569950196 87.0625 -62.5 1.3314953238847365 8 
0005 0015 1665804569951693 -52.0625 -70.5 0.030679615757712823 8 
0005 0014 1665804569952844 26.0 -59.0 4.871922982324796 8 
0005 0003 1665804569954704 -87.0625 -66.5 3.988350048502667 8 
0005 0011 1665804569955801 26.0 -62.0 5.031456984264903 8 
0005 0007 1665804569957477 56.125 -62.0 2.650718801466388 8 
0005 0005 1665804569958404 -82.1875 -62.5 4.387185053352934 8 
0005 0010 1665804569959300 -21.9375 -60.0 4.405592822807561 8 
0005 0009 1665804569960326 -43.125 -69.5 4.804427827657828 8 
0005 0006 1665804569961801 -75.625 -67.5 5.307573526084319 8 
0005 0002 1665804569963404 -21.9375 -64.5 4.663301595172349 8 
0005 0000 1665804569966345 126.125 -71.0 0.6442719309119693 8 
0005 0002 1665804570055114 -56.125 -69.5 5.755495916146925 8 
0005 0007 1665804570056809 -134.25 -66.5 0.22089323345553233 8 
0005 0008 1665804570058585 65.0625 -60.0 2.988194574801229 8 
0005 0006 1665804570059778 33.3125 -63.0 0.760854470791278 8 
0005 0011 1665804570060946 117.125 -72.0 6.2034183062095325 8 
0005 0012 1665804570062124 -100.0625 -63.0 1.4603497100671303 8 
0005 0009 1665804570063350 78.0625 -65.5 2.2886993355253766 8 
0005 0000 1665804570064276 -165.1875 -72.0 2.3071071049800045 8 
0005 0010 1665804570065200 -4.0625 -65.5 5.773903685601553 8 
0005 0005 1665804570067341 13.0 -63.0 2.4727770300716534 8 
0005 0003 1665804570068883 -121.25 -67.5 0.7485826244881929 8 
0005 0014 1665804570069795 52.0625 -67.0 5.184855063053467 8 
0005 0004 1665804570081370 43.5 -75.5 2.9513790358919736 8 
0005 0006 1665804570161084 8.9375 -62.5 6.215690152512618 8 
0005 0007 1665804570162042 -134.25 -71.5 5.393476450205914 8 
0005 0008 1665804570164838 -56.125 -56.5 5.835262917116979 8 
0005 0014 1665804570165750 -117.125 -66.5 4.614214209960009 8 
0005 0003 1665804570166901 -69.125 -67.5 1.607611865704152 8 
0005 0011 1665804570168972 34.9375 -71.5 2.0800779483729293 8 
0005 0012 1665804570169885 21.9375 -64.0 2.2764274892222915 8 
0005 0010 1665804570171279 17.0625 -64.5 0.42337869745643697 8 
0005 0000 1665804570174694 -143.1875 -72.5 3.859495662320273 8 
0005 0009 1665804570215825 0.0 -73.5 0.4908738521234052 8 
0005 0014 1665804570284418 -160.3125 -67.0 4.792155981354743 8 
0005 0006 1665804570285552 -33.3125 -55.5 5.258486140871978 8 
0005 0000 1665804570286945 156.1875 -71.0 5.522330836388308 8 
0005 0009 1665804570289162 130.1875 -69.5 4.2031073588066565 8 
0005 0008 1665804570290053 0.0 -58.5 1.6873788666742053 8 
0005 0010 1665804570292254 4.0625 -62.0 2.2334760271614935 8 
0005 0015 1665804570293327 -39.0 -70.5 2.1598449493429825 8 
0005 0012 1665804570294255 65.0625 -65.0 3.2765829629237295 8 
0005 0011 1665804570295110 56.125 -69.5 3.767456815047135 8 
0005 0003 1665804570296020 13.0 -66.0 3.0802334220743677 8 
0005 0007 1665804570297049 -52.0625 -72.0 1.4358060174609601 8 
0005 0006 1665804570385686 0.0 -58.5 0.8774370106705868 8 
0005 0010 1665804570386889 26.0 -63.0 3.792000507653305 8 
0005 0008 1665804570387841 -13.0 -58.0 3.3195344249845276 8 
0005 0012 1665804570390332 -56.125 -64.0 4.945554060143307 8 
0005 0014 1665804570392690 -156.1875 -67.0 5.129631754689584 8 
0005 0000 1665804570393601 91.125 -72.0 1.8346410223112268 8 
0005 0011 1665804570394497 4.0625 -66.5 4.988505522204105 8 
0005 0003 1665804570395410 48.0 -66.0 4.626486056263094 8 
0005 0007 1665804570399029 -34.9375 -69.0 3.0127382674073995 8 
0005 0013 1665804570426742 -15.375 -77.5 2.0371264863121317 8 
0005 0004 1665804570432389 -30.0 -76.5 0.3988350048502667 8 
0005 0002 1665804570436866 -23.625 -78.0 0.11658253987930872 8 
0005 0009 1665804570493967 -6.375 -73.5 5.890486225480862 8 
0005 0007 1665804570509217 -134.25 -73.5 0.8897088569736719 8 
0005 0012 1665804570511232 -8.9375 -63.0 0.5092816215780329 8 
0005 0013 1665804570512121 -186.3125 -66.5 4.773748211900116 8 
0005 0014 1665804570513017 -69.125 -69.5 5.737088146692298 8 
0005 0005 1665804570515421 -82.1875 -64.0 5.927301764390117 8 
0005 0008 1665804570516371 -4.0625 -57.5 0.02454369260617026 8 
0005 0006 1665804570517295 -9.75 -58.5 3.442252888015379 8 
0005 0010 1665804570518265 -17.0625 -60.5 0.3436116964863836 8 
0005 0000 1665804570519205 17.0625 -72.0 4.921010367537137 8 
0005 0011 1665804570525532 234.3125 -71.0 1.576932249946439 8 
0005 0003 1665804570526471 -147.25 -69.5 2.3439226438892597 8 
0005 0007 1665804570539378 33.75 -68.5 5.368932757599744 8 
0005 0004 1665804570560347 43.9375 -77.5 1.6873788666742053 8 
0005 0002 1665804570562474 17.8125 -77.5 0.0 8 
0005 0015 1665804570597585 4.875 -73.5 5.258486140871978 8 
0005 0011 1665804570645453 -39.0 -66.5 5.921165841238575 8 
0005 0013 1665804570646666 17.0625 -67.5 1.325359400733194 8 
0005 0005 1665804570647613 221.3125 -72.5 4.896466674930966 8 
0005 0006 1665804570649299 94.375 -60.5 1.718058482431918 8 
0005 0002 1665804570652045 74.0 -68.5 5.135767677841127 8 
0005 0000 1665804570652999 -52.0625 -70.5 1.5033011721279284 8 
0005 0003 1665804570654390 -108.1875 -67.0 5.773903685601553 8 
0005 0010 1665804570656052 61.0 -59.0 3.018874190558942 8 
0005 0008 1665804570657457 -13.0 -53.5 2.2150682577068657 8 
0005 0007 1665804570659731 147.25 -68.0 6.007068765360171 8 
0005 0004 1665804570661464 87.0625 -70.0 1.736466251886546 8 
0005 0014 1665804570743377 5.0625 -70.0 4.1417481272912315 8 
0005 0014 1665804570759200 0.0 -67.0 1.41126232485479 8 
0005 0004 1665804570760767 -13.0 -56.5 2.000310947402876 8 
0005 0008 1665804570762345 8.9375 -56.5 3.313398501832985 8 
0005 0010 1665804570763740 -34.9375 -58.0 5.638913376267617 8 
0005 0006 1665804570764677 -9.75 -65.5 3.3072625786814425 8 
0005 0009 1665804570766069 -13.0 -63.5 1.337631247036279 8 
0005 0011 1665804570768268 17.0625 -66.5 0.9326603190344698 8 
0005 0007 1665804570769293 -17.0625 -64.0 0.4908738521234052 8 
0005 0000 1665804570770432 69.125 -71.5 3.2704470397721868 8 
0005 0002 1665804570771300 -52.0625 -60.5 1.6014759425526093 8 
0005 0003 1665804570772563 -69.125 -65.5 0.9694758579437253 8 
0005 0005 1665804570814623 2.875 -72.5 5.227806525114265 8 
0005 0015 1665804570819987 3.625 -74.0 4.558990901596125 8 
0005 0004 1665804570870236 4.0625 -49.5 3.2029518851052186 8 
0005 0014 1665804570871416 39.0 -58.5 5.749359992995383 8 
0005 0011 1665804570873691 61.0 -63.5 2.5034566458293663 8 
0005 0008 1665804570874857 -39.0 -55.5 5.129631754689584 8 
0005 0003 1665804570875783 117.125 -71.5 1.5155730184310134 8 
0005 0007 1665804570876708 -13.0 -62.0 1.8775924843720249 8 
0005 0010 1665804570877590 -21.9375 -54.0 0.30679615757712825 8 
0005 0009 1665804570878532 48.0 -63.0 2.2396119503130363 8 
0005 0000 1665804570880053 26.0 -71.0 5.043728830567988 8 
0005 0002 1665804570880949 -30.0625 -58.5 2.2089323345553233 8 
0005 0005 1665804570882259 -4.0625 -65.0 0.7117670855789375 8 
0005 0002 1665804570969993 39.0 -63.0 2.6875343403756435 8 
0005 0014 1665804570971145 -30.0625 -58.0 3.3624858870453256 8 
0005 0008 1665804570973099 0.0 -60.0 0.1349903093339364 8 
0005 0003 1665804570974258 52.0625 -69.0 3.6876898140770815 8 
0005 0007 1665804570975395 -26.0 -60.5 2.184388641949153 8 
0005 0009 1665804570976320 17.0625 -66.5 4.3074180523828804 8 
0005 0010 1665804570977700 26.0 -58.5 1.748738098189631 8 
0005 0004 1665804570978851 21.9375 -52.5 2.2396119503130363 8 
0005 0005 1665804570980741 -69.125 -62.5 5.424156065963627 8 
0005 0000 1665804570983368 -56.125 -68.5 0.7485826244881929 8 
0005 0011 1665804571051860 0.75 -72.0 4.97623367590102 8 
0005 0013 1665804571068492 0.4375 -74.0 1.1106020904292042 8 
0005 0009 1665804571111988 4.625 -73.0 0.14112623248547898 8 
0005 0013 1665804571118376 -95.1875 -71.5 1.368310862793992 8 
0005 0004 1665804571119542 17.0625 -55.5 1.7241944055834606 8 
0005 0010 1665804571121532 13.0 -59.5 3.466796580621549 8 
0005 0002 1665804571122683 34.9375 -73.5 4.319689898685965 8 
0005 0000 1665804571123594 61.0 -70.0 2.399145952253143 8 
0005 0011 1665804571124729 52.0625 -66.0 4.816699673960914 8 
0005 0007 1665804571126363 30.0625 -58.5 1.8100973297050567 8 
0005 0014 1665804571127273 -48.0 -56.0 2.5280003384355365 8 
0005 0003 1665804571128877 -69.125 -70.0 5.9088939949354895 8 
0005 0008 1665804571131935 8.9375 -61.0 3.3502140407422405 8 
0005 0005 1665804571132835 -17.0625 -68.5 2.8532042654672924 8 
0005 0009 1665804571154680 10.5 -72.0 0.4663301595172349 8 
0005 0000 1665804571226009 43.125 -70.0 4.0987966652304335 8 
0005 0005 1665804571228521 48.0 -64.0 4.196971435655114 8 
0005 0014 1665804571229415 8.9375 -56.0 3.153864499892878 8 
0005 0013 1665804571231519 48.0 -67.5 1.41126232485479 8 
0005 0004 1665804571232669 -21.9375 -57.0 2.8409324191642074 8 
0005 0010 1665804571233832 0.0 -57.5 4.970097752749477 8 
0005 0003 1665804571234791 108.1875 -69.5 1.6444274046134073 8 
0005 0008 1665804571235656 -17.0625 -60.5 4.988505522204105 8 
0005 0007 1665804571237007 -17.0625 -57.0 4.522175362686871 8 
0005 0011 1665804571240145 -17.0625 -68.5 5.092816215780329 8 
0005 0002 1665804571255122 87.875 -75.0 0.5123495831538042 8 
0005 0004 1665804571335824 13.0 -56.5 4.4362724385652745 8 
0005 0000 1665804571336933 -126.125 -71.5 6.19728238305799 8 
0005 0005 1665804571338427 -82.1875 -63.5 5.546874528994478 8 
0005 0008 1665804571340035 0.0 -60.5 0.7301748550335652 8 
0005 0014 1665804571341191 -4.0625 -56.5 3.393165502803038 8 
0005 0013 1665804571342122 48.0 -65.0 1.6137477888556946 8 
0005 0003 1665804571343316 -134.25 -65.5 4.111068511533518 8 
0005 0010 1665804571344708 -43.125 -58.0 0.7485826244881929 8 
0005 0007 1665804571345592 -52.0625 -56.0 4.890330751779424 8 
0005 0011 1665804571352806 -8.9375 -70.5 1.1106020904292042 8 
0005 0002 1665804571366847 14.1875 -74.0 0.1043106935762236 8 
0005 0012 1665804571445184 0.0 -72.0 1.4296700943094176 8 
