0005 0013 1665806248529665 247.375 -69.5 4.76147636559703 10 
0005 0005 1665806248617493 4.0625 -65.0 3.6079228131070282 10 
0005 0013 1665806248618953 243.3125 -71.5 5.473243451175968 10 
0005 0004 1665806248620313 8.9375 -68.5 1.705786636128833 10 
0005 0007 1665806248626152 -108.1875 -66.0 3.552699504743145 10 
0005 0008 1665806248627050 260.375 -69.5 4.6448938257177215 10 
0005 0002 1665806248629178 0.0 -69.5 0.4540583132141498 10 
0005 0003 1665806248640121 -24.8125 -72.5 5.881282340753549 10 
0005 0014 1665806248658270 11.4375 -73.0 0.6381360077604268 10 
0005 0007 1665806248728464 4.0625 -63.5 4.828971520263998 10 
0005 0008 1665806248730731 95.1875 -68.0 0.44178646691106466 10 
0005 0005 1665806248731996 21.9375 -60.5 4.890330751779424 10 
0005 0003 1665806248733476 39.0 -70.0 3.368621810196868 10 
0005 0013 1665806248756697 1.625 -73.5 1.945087639038993 10 
0005 0014 1665806248763164 0.0 -74.0 1.2578642460662257 10 
0005 0008 1665806248829512 -39.0 -66.5 1.9819031779482483 10 
0005 0005 1665806248833213 21.9375 -60.0 5.902758071783947 10 
0005 0003 1665806248834393 69.125 -69.0 4.049709280018092 10 
0005 0007 1665806248836905 17.0625 -64.0 5.822991070813893 10 
0005 0013 1665806248838194 -208.3125 -71.5 3.5772431973493153 10 
0005 0011 1665806248841126 -13.0 -70.5 1.7794177139473437 10 
0005 0010 1665806248884521 -3.8125 -73.5 1.2762720155208536 10 
0005 0005 1665806248934904 -43.125 -61.5 0.7915340865489908 10 
0005 0004 1665806248937192 -212.375 -72.0 1.3499030933393643 10 
0005 0007 1665806248938982 -4.0625 -67.5 1.239456476611598 10 
0005 0008 1665806248940449 13.0 -66.0 3.018874190558942 10 
0005 0011 1665806248942068 -121.25 -72.5 2.6813984172241008 10 
0005 0010 1665806248942995 91.125 -70.0 1.8530487917658545 10 
0005 0005 1665806249030697 -56.125 -66.0 1.9634954084936207 10 
0005 0007 1665806249032691 -13.0 -68.5 2.9820586516496865 10 
0005 0004 1665806249035190 -82.1875 -69.0 1.9757672547967058 10 
0005 0014 1665806249037376 69.125 -68.0 1.086058397823034 10 
0005 0010 1665806249038950 52.0625 -69.0 3.6754179677739964 10 
0005 0002 1665806249039848 -156.1875 -75.0 1.1535535524900022 10 
0005 0008 1665806249040802 26.0 -66.0 3.6263305825616556 10 
0005 0011 1665806249042128 -13.0 -70.5 3.6447383520162835 10 
0005 0010 1665806249131717 78.0625 -65.5 5.184855063053467 10 
0005 0014 1665806249132642 43.125 -66.5 5.884350302329319 10 
0005 0008 1665806249134886 -82.1875 -67.5 4.516039439535327 10 
0005 0007 1665806249135828 -61.0 -67.0 4.25833066717054 10 
0005 0005 1665806249137379 -139.125 -69.0 3.7551849687440497 10 
0005 0011 1665806249138574 -48.0 -70.0 4.792155981354743 10 
0005 0004 1665806249142473 65.0625 -68.5 2.411417798556228 10 
0005 0002 1665806249143610 43.125 -70.5 1.9266798695843652 10 
0005 0011 1665806249231353 8.9375 -67.5 5.9518454569962875 10 
0005 0004 1665806249233004 -52.0625 -71.0 3.2949907323783574 10 
0005 0010 1665806249234739 -34.9375 -64.5 5.915029918087033 10 
0005 0014 1665806249236147 30.0625 -61.0 4.546719055293041 10 
0005 0007 1665806249237046 100.0625 -66.0 4.902602598082509 10 
0005 0002 1665806249241624 95.1875 -71.0 3.031146036862027 10 
0005 0005 1665806249242579 -143.1875 -69.5 5.577554144752192 10 
0005 0007 1665806249336565 -130.1875 -65.5 5.632777453116074 10 
0005 0014 1665806249338115 126.125 -65.0 1.41126232485479 10 
0005 0005 1665806249339042 69.125 -68.5 0.20248546400090464 10 
0005 0011 1665806249339912 -100.0625 -69.0 0.8283496254582462 10 
0005 0010 1665806249341618 48.0 -66.5 0.6933593161243098 10 
0005 0002 1665806249343749 -69.125 -74.0 4.614214209960009 10 
0005 0002 1665806249358647 17.8125 -76.0 4.669437518323892 10 
0005 0007 1665806249435731 -8.9375 -65.5 0.2945243112740431 10 
0005 0005 1665806249438951 -48.0 -63.0 1.607611865704152 10 
0005 0011 1665806249439834 -56.125 -70.0 1.8714565612204823 10 
0005 0014 1665806249442080 -43.125 -66.5 1.7794177139473437 10 
0005 0010 1665806249444123 -48.0 -66.0 2.2334760271614935 10 
0005 0012 1665806249470561 5.625 -72.0 4.264466590322082 10 
0005 0008 1665806249505728 1.1875 -73.0 0.7240389318820226 10 
0005 0014 1665806249551416 -48.0 -66.0 2.086213871524472 10 
0005 0007 1665806249552442 4.0625 -66.0 2.1905245651006955 10 
0005 0010 1665806249553356 69.125 -65.5 4.0558452031696355 10 
0005 0005 1665806249555394 4.0625 -63.0 2.6016314162540475 10 
0005 0012 1665806249559200 4.0625 -69.5 5.129631754689584 10 
0005 0005 1665806249652876 -104.125 -69.5 4.822835597112456 10 
0005 0007 1665806249654117 204.25 -66.5 4.405592822807561 10 
0005 0010 1665806249655028 182.25 -65.0 5.902758071783947 10 
0005 0014 1665806249655939 87.0625 -66.0 1.9757672547967058 10 
0005 0012 1665806249659056 52.0625 -68.0 6.191146459906448 10 
0005 0003 1665806249689397 0.0 -75.0 5.755495916146925 10 
0005 0002 1665806249704150 6.8125 -76.5 1.7548740213411735 10 
0005 0005 1665806249754776 -87.0625 -66.5 1.0676506283684062 10 
0005 0003 1665806249755713 56.125 -67.5 2.6016314162540475 10 
0005 0014 1665806249756881 52.0625 -66.0 1.6812429435226628 10 
0005 0012 1665806249758515 -100.0625 -68.0 0.6135923151542565 10 
0005 0010 1665806249760617 39.0 -64.5 1.3744467859455345 10 
0005 0007 1665806249761544 43.125 -65.0 0.11658253987930872 10 
0005 0011 1665806249764497 -4.0625 -71.0 1.3499030933393643 10 
0005 0002 1665806249769143 199.375 -73.0 5.810719224510809 10 
0005 0014 1665806249856849 -30.0625 -66.5 2.012582793705961 10 
0005 0011 1665806249858486 -156.1875 -66.5 2.804116880254952 10 
0005 0005 1665806249860730 39.0 -60.5 2.061670178918302 10 
0005 0007 1665806249861940 -17.0625 -62.5 1.4051264017032472 10 
0005 0002 1665806249863064 -100.0625 -70.5 0.760854470791278 10 
0005 0010 1665806249864000 0.0 -65.0 2.411417798556228 10 
0005 0012 1665806249865159 -82.1875 -68.0 1.4787574795217582 10 
0005 0003 1665806249866352 -52.0625 -66.0 2.650718801466388 10 
0005 0008 1665806249890302 5.625 -72.5 1.7303303287350031 10 
0005 0014 1665806249959105 74.0 -64.5 1.4848934026733007 10 
0005 0007 1665806249960299 30.0625 -62.0 2.1475731030398975 10 
0005 0011 1665806249961852 -143.1875 -69.5 3.2213596545598464 10 
0005 0005 1665806249965201 -13.0 -60.0 2.6384469551633027 10 
0005 0002 1665806249966056 -39.0 -70.5 1.4664856332186729 10 
0005 0012 1665806249966944 -178.1875 -70.5 2.5893595699509624 10 
0005 0008 1665806249968465 -69.125 -67.5 6.043884304269426 10 
0005 0003 1665806249969404 26.0 -65.5 2.816388726558037 10 
0005 0010 1665806249970484 -21.9375 -63.5 3.56497135104623 10 
0005 0003 1665806250061827 113.0625 -68.0 3.227495577711389 10 
0005 0002 1665806250063036 -355.5625 -73.5 2.6875343403756435 10 
0005 0007 1665806250065308 56.125 -63.0 2.8102528034064944 10 
0005 0011 1665806250066805 -117.125 -73.5 3.736777199289422 10 
0005 0005 1665806250068209 30.0625 -60.5 3.2459033471660166 10 
0005 0008 1665806250069280 -186.3125 -67.0 1.4051264017032472 10 
0005 0010 1665806250070149 65.0625 -64.5 4.620350133111551 10 
0005 0013 1665806250112644 2.4375 -76.5 0.7731263170943632 10 
0005 0013 1665806250162770 48.0 -66.5 2.086213871524472 10 
0005 0010 1665806250164008 -78.0625 -65.5 5.663457068873787 10 
0005 0011 1665806250166012 87.0625 -70.0 4.405592822807561 10 
0005 0008 1665806250167188 0.0 -66.5 2.6691265709210157 10 
0005 0015 1665806250168518 -130.1875 -68.0 3.8963112012295285 10 
0005 0007 1665806250169459 52.0625 -65.0 4.2092432819582 10 
0005 0005 1665806250170369 21.9375 -62.5 4.3933209765044765 10 
0005 0011 1665806250259289 152.125 -70.0 5.2768939103266055 10 
0005 0013 1665806250261753 208.3125 -69.0 2.1475731030398975 10 
0005 0010 1665806250262862 82.1875 -68.5 0.5829126993965437 10 
0005 0005 1665806250263773 -17.0625 -67.0 5.651185222570702 10 
0005 0015 1665806250265183 34.9375 -68.0 5.700272607783043 10 
0005 0008 1665806250266790 52.0625 -65.5 4.190835512503572 10 
0005 0003 1665806250268563 -48.0 -69.5 2.1230294104337273 10 
0005 0007 1665806250271191 -13.0 -67.0 5.589825991055276 10 
0005 0002 1665806250273603 121.25 -73.5 0.6258641614573416 10 
0005 0004 1665806250340808 0.875 -74.0 1.0737865515199487 10 
0005 0014 1665806250350147 -3.6875 -72.5 5.442563835418255 10 
0005 0005 1665806250378555 -126.125 -69.0 2.1966604882522383 10 
0005 0008 1665806250379421 17.0625 -62.5 5.859806609723149 10 
0005 0007 1665806250381256 108.1875 -65.5 1.6014759425526093 10 
0005 0004 1665806250382169 -130.1875 -70.0 4.669437518323892 10 
0005 0010 1665806250383322 156.1875 -66.0 2.411417798556228 10 
0005 0003 1665806250384416 -126.125 -65.5 3.730641276137879 10 
0005 0002 1665806250385848 8.9375 -68.0 2.2334760271614935 10 
0005 0013 1665806250387291 34.9375 -70.5 3.2765829629237295 10 
0005 0014 1665806250407118 15.375 -72.0 2.1905245651006955 10 
0005 0011 1665806250487114 3.9375 -76.0 3.988350048502667 10 
0005 0010 1665806250500738 8.9375 -64.0 4.608078286808466 10 
0005 0005 1665806250501862 13.0 -64.5 4.405592822807561 10 
0005 0008 1665806250502744 30.0625 -61.5 1.8039614065535141 10 
0005 0011 1665806250504395 485.8125 -74.0 3.80427235395639 10 
0005 0013 1665806250506826 -30.0625 -66.0 5.9088939949354895 10 
0005 0002 1665806250508885 -8.9375 -69.0 3.8840393549264434 10 
0005 0007 1665806250510056 -65.0625 -63.0 4.0558452031696355 10 
0005 0012 1665806250512729 -4.0625 -68.5 1.4480778637640452 10 
0005 0014 1665806250515558 -30.0625 -71.0 2.705942109830271 10 
0005 0004 1665806250517688 -26.0 -70.0 6.092971689481767 10 
0005 0003 1665806250518585 -17.0625 -66.0 5.283029833478148 10 
0005 0006 1665806250539857 -3.1875 -74.5 5.810719224510809 10 
0005 0007 1665806250609338 -165.1875 -67.5 5.786175531904639 10 
0005 0012 1665806250612435 104.125 -67.5 3.08636934522591 10 
0005 0011 1665806250613378 -52.0625 -72.0 0.23316507975861744 10 
0005 0010 1665806250614261 -121.25 -62.0 0.6749515466696822 10 
0005 0003 1665806250615155 -61.0 -70.5 0.6504078540635119 10 
0005 0008 1665806250616067 -13.0 -62.0 3.9638063558964967 10 
0005 0004 1665806250617208 -238.4375 -71.5 2.3316507975861747 10 
0005 0013 1665806250618135 65.0625 -63.5 1.41126232485479 10 
0005 0005 1665806250621193 -147.25 -69.5 0.44178646691106466 10 
0005 0002 1665806250626999 139.125 -71.0 6.22182607566416 10 
0005 0014 1665806250647688 -8.0625 -72.5 4.061981126321178 10 
0005 0013 1665806250723292 78.0625 -65.5 2.4911847995262812 10 
0005 0008 1665806250724261 -52.0625 -60.5 5.608233760509904 10 
0005 0002 1665806250725158 61.0 -71.0 1.6014759425526093 10 
0005 0011 1665806250726057 -65.0625 -73.0 2.2518837966161214 10 
0005 0010 1665806250726998 -65.0625 -60.5 2.466641106920111 10 
0005 0004 1665806250727905 -8.9375 -65.0 4.172427743048944 10 
0005 0014 1665806250728933 -143.1875 -69.0 5.620505606812989 10 
0005 0007 1665806250730353 -4.0625 -67.5 2.834796496012665 10 
0005 0003 1665806250767777 4.6875 -75.5 1.055378782065321 10 
0005 0005 1665806250772520 -3.1875 -75.0 1.3314953238847365 10 
0005 0009 1665806250823006 -7.3125 -74.0 1.8223691760081417 10 
0005 0003 1665806250838677 -13.0 -71.0 5.43029198911517 10 
0005 0010 1665806250839799 -17.0625 -60.5 3.7981364308048478 10 
0005 0011 1665806250842299 34.9375 -70.5 4.227651051412827 10 
0005 0008 1665806250843308 21.9375 -61.5 0.4724660826687775 10 
0005 0007 1665806250844176 21.9375 -63.0 4.2092432819582 10 
0005 0004 1665806250846005 -4.0625 -61.0 4.865787059173254 10 
0005 0002 1665806250848422 221.3125 -69.5 2.7550294950426117 10 
0005 0005 1665806250849417 -13.0 -68.0 5.663457068873787 10 
0005 0014 1665806250873428 -8.0625 -69.0 4.381049130201391 10 
0005 0009 1665806250893835 -7.625 -74.0 2.2948352586769194 10 
0005 0002 1665806250948393 -91.125 -69.0 4.381049130201391 10 
0005 0011 1665806250949963 -30.0625 -68.5 5.743224069843841 10 
0005 0004 1665806250950903 -43.125 -61.5 5.6573211457222445 10 
0005 0009 1665806250952324 -104.125 -70.0 6.062292073724054 10 
0005 0005 1665806250953901 -48.0 -64.5 0.42337869745643697 10 
0005 0003 1665806250955546 -13.0 -68.0 0.30066023442558565 10 
0005 0008 1665806250957784 13.0 -61.0 1.4787574795217582 10 
0005 0007 1665806250961486 -13.0 -64.5 5.111223985234957 10 
0005 0014 1665806250964791 4.0625 -60.0 4.890330751779424 10 
0005 0010 1665806250965734 43.125 -60.0 4.828971520263998 10 
0005 0006 1665806250989781 4.0625 -73.5 0.28838838812250056 10 
0005 0008 1665806251056288 -30.0625 -61.0 2.454369260617026 10 
0005 0010 1665806251057441 -21.9375 -61.0 5.620505606812989 10 
0005 0014 1665806251060393 -4.0625 -56.5 3.055689729468197 10 
0005 0011 1665806251062217 -17.0625 -64.0 1.1719613219446299 10 
0005 0003 1665806251063157 -113.0625 -66.0 1.1351457830353744 10 
0005 0009 1665806251064052 13.0 -65.0 1.368310862793992 10 
0005 0007 1665806251065446 -17.0625 -67.5 5.780039608753096 10 
0005 0004 1665806251066925 -130.1875 -63.0 0.8222137023067037 10 
0005 0005 1665806251067805 -8.9375 -64.0 1.1535535524900022 10 
0005 0002 1665806251068847 -178.1875 -69.0 6.154330920997192 10 
0005 0006 1665806251091868 -19.5 -73.0 1.1106020904292042 10 
0005 0003 1665806251163320 -61.0 -65.5 1.3867186322486196 10 
0005 0010 1665806251164260 17.0625 -61.5 0.760854470791278 10 
0005 0004 1665806251166507 91.125 -65.0 2.405281875404685 10 
0005 0005 1665806251169413 -30.0625 -65.0 1.4848934026733007 10 
0005 0007 1665806251170792 -21.9375 -68.0 6.1420590746941075 10 
0005 0002 1665806251171932 117.125 -67.0 1.2946797849754812 10 
0005 0014 1665806251172796 8.9375 -55.5 0.9510680884890975 10 
0005 0008 1665806251173693 -17.0625 -60.0 3.8717675086233583 10 
0005 0011 1665806251174751 -147.25 -65.0 2.270291566070749 10 
0005 0009 1665806251175675 256.3125 -70.0 1.88986433067511 10 
0005 0006 1665806251177194 70.75 -70.5 4.700117134081604 10 
0005 0012 1665806251262608 3.375 -74.5 5.47937937432751 10 
0005 0011 1665806251273998 0.0 -67.0 2.6384469551633027 10 
0005 0002 1665806251274901 -65.0625 -68.5 2.9084275738311756 10 
0005 0005 1665806251276068 -39.0 -71.5 2.405281875404685 10 
0005 0010 1665806251277219 8.9375 -60.5 2.2089323345553233 10 
0005 0007 1665806251283115 -238.4375 -69.5 1.3437671701878218 10 
0005 0008 1665806251284123 -61.0 -59.5 5.141903600992669 10 
0005 0003 1665806251285063 -169.25 -70.5 2.1475731030398975 10 
0005 0004 1665806251286202 113.0625 -61.5 4.276738436625168 10 
0005 0014 1665806251287621 13.0 -57.0 1.4787574795217582 10 
0005 0012 1665806251309820 9.75 -73.0 0.11658253987930872 10 
0005 0006 1665806251314374 0.0 -74.0 6.154330920997192 10 
0005 0002 1665806251386375 -74.0 -67.0 4.565126824747668 10 
0005 0010 1665806251387498 13.0 -60.5 3.859495662320273 10 
0005 0008 1665806251389733 0.0 -61.0 0.23930100291016002 10 
0005 0014 1665806251390874 -13.0 -57.0 1.7119225592803755 10 
0005 0004 1665806251391783 -8.9375 -62.0 5.4671075280244255 10 
0005 0007 1665806251395631 74.0 -67.0 3.7551849687440497 10 
0005 0005 1665806251420706 4.875 -73.0 3.5956509668039427 10 
0005 0012 1665806251452407 -1.9375 -73.5 1.5401167110371838 10 
0005 0003 1665806251489312 0.4375 -72.5 0.4724660826687775 10 
0005 0002 1665806251507120 8.9375 -65.5 0.1349903093339364 10 
0005 0005 1665806251508020 -34.9375 -63.0 1.4542137869155878 10 
0005 0014 1665806251509157 -34.9375 -57.5 1.8223691760081417 10 
0005 0008 1665806251512464 -74.0 -62.0 2.435961491162398 10 
0005 0007 1665806251513604 -108.1875 -65.0 5.589825991055276 10 
0005 0010 1665806251515024 -17.0625 -62.0 5.939573610693203 10 
0005 0004 1665806251516133 4.0625 -64.5 1.4787574795217582 10 
0005 0012 1665806251517189 21.9375 -70.0 5.822991070813893 10 
0005 0003 1665806251518159 -113.0625 -69.0 0.944932165337555 10 
0005 0009 1665806251520382 -8.9375 -71.5 0.5522330836388308 10 
0005 0003 1665806251610453 13.0 -68.0 1.4358060174609601 10 
0005 0002 1665806251611590 -26.0 -65.5 1.4971652489763858 10 
0005 0014 1665806251614162 -4.0625 -58.5 1.8960002538266525 10 
0005 0004 1665806251615059 26.0 -63.5 3.2949907323783574 10 
0005 0010 1665806251615930 52.0625 -63.0 1.6198837120072371 10 
0005 0005 1665806251617338 39.0 -60.5 2.0371264863121317 10 
0005 0008 1665806251618802 -39.0 -61.0 4.424000592262189 10 
0005 0012 1665806251621037 -221.3125 -68.5 0.8774370106705868 10 
0005 0007 1665806251622291 -65.0625 -66.0 1.0185632431560658 10 
0005 0011 1665806251629819 21.5625 -72.0 5.730952223540755 10 
0005 0006 1665806251632960 17.4375 -72.5 4.902602598082509 10 
0005 0015 1665806251702186 5.9375 -75.0 0.5276893910326605 10 
0005 0012 1665806251722222 -61.0 -64.5 1.6198837120072371 10 
0005 0014 1665806251723983 34.9375 -60.0 1.5033011721279284 10 
0005 0008 1665806251725522 -43.125 -62.5 5.927301764390117 10 
0005 0011 1665806251726692 113.0625 -70.0 4.01902966426038 10 
0005 0002 1665806251727871 26.0 -67.0 2.804116880254952 10 
0005 0004 1665806251728823 21.9375 -61.5 4.509903516383785 10 
0005 0007 1665806251729694 -43.125 -66.0 2.564815877344792 10 
0005 0010 1665806251730691 -56.125 -61.5 3.2336315008629315 10 
0005 0005 1665806251731616 17.0625 -64.5 3.1906800388021335 10 
0005 0006 1665806251732740 -170.875 -71.5 6.1850105367549055 10 
0005 0006 1665806251750826 4.875 -73.0 6.111379458936394 10 
0005 0015 1665806251824210 -1.625 -74.0 1.3008157081270237 10 
0005 0004 1665806251831664 13.0 -62.5 5.197126909356553 10 
0005 0007 1665806251832789 -8.9375 -63.0 3.9760782021995817 10 
0005 0011 1665806251833888 78.0625 -70.0 6.135923151542564 10 
0005 0002 1665806251835522 -30.0625 -67.0 4.246058820867455 10 
0005 0012 1665806251836676 -95.1875 -67.0 2.890019804376548 10 
0005 0014 1665806251837856 -56.125 -59.5 1.8837284075235674 10 
0005 0005 1665806251838782 -17.0625 -65.5 5.129631754689584 10 
0005 0008 1665806251840674 -21.9375 -62.5 1.086058397823034 10 
0005 0010 1665806251844013 -52.0625 -60.0 4.718524903536232 10 
0005 0009 1665806251871550 19.5 -73.0 0.03681553890925539 10 
0005 0003 1665806251944146 8.4375 -75.5 4.411728745959104 10 
0005 0007 1665806251950015 -104.125 -62.0 5.332117218690489 10 
0005 0009 1665806251953581 230.25 -70.5 1.6014759425526093 10 
0005 0014 1665806251955029 -30.0625 -67.5 2.466641106920111 10 
0005 0002 1665806251956264 195.25 -67.5 5.620505606812989 10 
0005 0005 1665806251957232 -26.0 -65.0 0.6381360077604268 10 
0005 0004 1665806251958543 -65.0625 -65.0 0.4908738521234052 10 
0005 0010 1665806251959690 17.0625 -59.0 6.037748381117884 10 
0005 0008 1665806251960585 8.9375 -62.0 2.736621725587984 10 
0005 0012 1665806251961615 169.25 -65.0 4.246058820867455 10 
0005 0003 1665806251976130 -3.25 -73.0 1.6566992509164924 10 
0005 0011 1665806251982554 6.5 -77.5 0.7731263170943632 10 
0005 0013 1665806252041068 -0.625 -77.5 1.7241944055834606 10 
0005 0011 1665806252065706 -703.0625 -73.0 2.6384469551633027 10 
0005 0004 1665806252066588 -186.3125 -66.5 1.7548740213411735 10 
0005 0005 1665806252067725 82.1875 -61.0 1.4480778637640452 10 
0005 0007 1665806252069630 -30.0625 -62.5 6.215690152512618 10 
0005 0002 1665806252070512 -121.25 -68.5 1.1719613219446299 10 
0005 0008 1665806252071388 0.0 -60.0 4.166291819897402 10 
0005 0010 1665806252072304 39.0 -60.0 0.6320000846088841 10 
0005 0015 1665806252073488 152.125 -72.0 1.6260196351587797 10 
0005 0012 1665806252078201 -156.1875 -67.5 5.755495916146925 10 
0005 0003 1665806252079111 186.3125 -72.5 2.2580197197676637 10 
0005 0014 1665806252080832 -78.0625 -69.0 1.337631247036279 10 
0005 0013 1665806252082148 -212.375 -71.5 2.5586799541932495 10 
0005 0009 1665806252084394 195.25 -70.0 2.9084275738311756 10 
0005 0010 1665806252172964 -69.125 -61.5 1.705786636128833 10 
0005 0002 1665806252174384 43.125 -68.5 2.0923497946760143 10 
0005 0014 1665806252175789 -69.125 -69.0 1.0676506283684062 10 
0005 0005 1665806252178516 -30.0625 -60.0 2.6016314162540475 10 
0005 0007 1665806252180062 34.9375 -61.5 0.9940195505498954 10 
0005 0008 1665806252180988 -39.0 -61.5 5.301437602932776 10 
0005 0015 1665806252182131 -286.4375 -71.0 4.522175362686871 10 
0005 0013 1665806252184734 0.0 -67.0 2.650718801466388 10 
0005 0009 1665806252185635 100.0625 -70.5 3.6999616603801666 10 
0005 0012 1665806252187160 30.0625 -68.0 6.105243535784852 10 
0005 0004 1665806252189320 -69.125 -66.5 3.0250101137104846 10 
0005 0011 1665806252191015 208.3125 -75.0 3.3379421944391554 10 
0005 0007 1665806252278283 78.0625 -63.0 2.5709518004963345 10 
0005 0002 1665806252279224 208.3125 -69.5 3.2827188860752723 10 
0005 0003 1665806252280572 -34.9375 -67.5 0.6994952392758523 10 
0005 0014 1665806252282463 -65.0625 -67.0 0.8835729338221293 10 
0005 0008 1665806252284592 -61.0 -64.5 0.8406214717613314 10 
0005 0005 1665806252285729 39.0 -62.0 4.239922897715912 10 
0005 0013 1665806252288298 13.0 -68.0 4.111068511533518 10 
0005 0009 1665806252290342 21.9375 -68.5 5.098952138931871 10 
0005 0004 1665806252291465 -17.0625 -66.0 4.454680208019902 10 
0005 0010 1665806252293225 -4.0625 -65.0 3.0925052683774528 10 
0005 0012 1665806252295204 -8.9375 -64.0 0.3313398501832985 10 
0005 0011 1665806252318232 -3.1875 -76.5 5.356660911296659 10 
0005 0006 1665806252334291 -6.5 -74.0 1.0676506283684062 10 
0005 0000 1665806252339616 11.4375 -78.0 1.576932249946439 10 
0005 0004 1665806252408391 0.0 -68.0 0.05522330836388308 10 
0005 0014 1665806252409522 113.0625 -67.0 1.0737865515199487 10 
0005 0008 1665806252410687 -104.125 -65.0 3.3195344249845276 10 
0005 0013 1665806252413406 -108.1875 -66.5 6.092971689481767 10 
0005 0009 1665806252415093 -8.9375 -69.0 0.5645049299419159 10 
0005 0007 1665806252417056 -69.125 -62.0 5.841398840268521 10 
0005 0006 1665806252418280 350.6875 -71.0 1.6382914814618648 10 
0005 0003 1665806252419245 -43.125 -62.0 2.5832236467994196 10 
0005 0010 1665806252420624 43.125 -63.5 5.160311370447297 10 
0005 0005 1665806252421620 -26.0 -61.5 0.8958447801252144 10 
0005 0012 1665806252422773 -13.0 -59.5 1.4848934026733007 10 
0005 0002 1665806252424137 -368.625 -72.0 0.39269908169872414 10 
0005 0011 1665806252426534 -87.0625 -71.0 1.2701360923693108 10 
0005 0000 1665806252441039 -4.875 -77.5 0.07363107781851078 10 
0005 0007 1665806252518937 21.9375 -59.0 1.3192234775816514 10 
0005 0003 1665806252520160 13.0 -62.5 3.77972866135022 10 
0005 0009 1665806252522233 217.25 -71.5 2.386874105950058 10 
0005 0005 1665806252523140 8.9375 -58.0 2.5464081078901644 10 
0005 0010 1665806252524578 26.0 -65.5 1.3499030933393643 10 
0005 0012 1665806252525533 -8.9375 -61.0 2.5464081078901644 10 
0005 0013 1665806252526479 26.0 -65.5 1.0062913968529805 10 
0005 0008 1665806252527333 26.0 -63.0 5.534602682691394 10 
0005 0011 1665806252528344 30.0625 -64.0 3.399301425954581 10 
0005 0004 1665806252529492 113.0625 -72.0 2.6568547246179306 10 
0005 0002 1665806252533506 -126.125 -69.5 2.5770877236478773 10 
0005 0000 1665806252552330 -4.0625 -77.5 5.019185137961818 10 
0005 0005 1665806252625445 -30.0625 -57.5 3.9085830475326135 10 
0005 0011 1665806252626329 78.0625 -66.0 4.2031073588066565 10 
0005 0007 1665806252627239 -13.0 -59.0 2.8532042654672924 10 
0005 0010 1665806252629714 -43.125 -63.0 3.8533597391687304 10 
0005 0004 1665806252631306 -308.375 -69.0 5.338253141842031 10 
0005 0008 1665806252633829 8.9375 -62.0 0.8406214717613314 10 
0005 0013 1665806252634846 -26.0 -69.5 2.423689644859313 10 
0005 0002 1665806252635757 -39.0 -67.5 3.767456815047135 10 
0005 0003 1665806252636652 -13.0 -64.5 5.66959299202533 10 
0005 0000 1665806252663535 21.1875 -77.5 0.04908738521234052 10 
0005 0002 1665806252731280 -34.9375 -67.5 4.595806440505381 10 
0005 0011 1665806252733528 -52.0625 -67.0 5.50392306693368 10 
0005 0007 1665806252734408 -4.0625 -62.5 4.865787059173254 10 
0005 0005 1665806252735278 -91.125 -60.0 5.209398755659637 10 
0005 0010 1665806252736416 -95.1875 -59.0 5.602097837358362 10 
0005 0004 1665806252737809 -34.9375 -66.0 0.30679615757712825 10 
0005 0008 1665806252739427 8.9375 -63.0 1.9389517158874505 10 
0005 0003 1665806252740820 87.0625 -64.0 0.9756117810952678 10 
0005 0014 1665806252753804 -1.1875 -70.0 6.016272650087485 10 
0005 0000 1665806252774378 12.1875 -76.0 1.3499030933393643 10 
0005 0013 1665806252844503 -2.9375 -70.0 0.8897088569736719 10 
0005 0006 1665806252879826 0.8125 -74.5 1.607611865704152 10 
0005 0014 1665806252886930 0.0 -57.5 3.650874275167826 10 
0005 0002 1665806252888242 17.0625 -68.5 0.21475731030398976 10 
0005 0008 1665806252889906 30.0625 -64.0 3.5772431973493153 10 
0005 0007 1665806252890755 0.0 -61.0 0.8958447801252144 10 
0005 0005 1665806252892604 56.125 -65.0 1.1535535524900022 10 
0005 0010 1665806252894916 13.0 -56.0 0.28838838812250056 10 
0005 0013 1665806252897856 -34.9375 -66.5 4.289010282928253 10 
0005 0004 1665806252898768 104.125 -63.5 2.055534255766759 10 
0005 0003 1665806252899948 65.0625 -63.5 2.3746022596469727 10 
0005 0011 1665806252900992 -52.0625 -64.5 1.533980787885641 10 
0005 0009 1665806252938725 -8.0625 -70.5 5.301437602932776 10 
0005 0000 1665806252945833 5.625 -76.5 3.356349963893783 10 
0005 0013 1665806253014822 39.0 -68.5 4.902602598082509 10 
0005 0011 1665806253015719 -4.0625 -64.0 3.0066023442558567 10 
0005 0009 1665806253017100 -39.0 -68.5 3.0066023442558567 10 
0005 0014 1665806253017983 21.9375 -53.0 2.012582793705961 10 
0005 0012 1665806253019098 -260.375 -70.0 2.1905245651006955 10 
0005 0008 1665806253019949 4.0625 -62.5 5.301437602932776 10 
0005 0005 1665806253020817 -21.9375 -62.5 3.0495538063166547 10 
0005 0010 1665806253021969 21.9375 -56.0 1.282407938672396 10 
0005 0003 1665806253023194 -4.0625 -62.5 3.54042765844006 10 
0005 0007 1665806253024179 -17.0625 -59.0 1.748738098189631 10 
0005 0004 1665806253025714 -21.9375 -62.5 3.5588354278946874 10 
0005 0002 1665806253027209 260.375 -69.0 2.4175537217077703 10 
0005 0000 1665806253061470 18.75 -76.0 4.3933209765044765 10 
0005 0010 1665806253130888 -13.0 -56.5 2.405281875404685 10 
0005 0008 1665806253131914 -26.0 -61.5 0.3620194659410113 10 
0005 0005 1665806253133317 0.0 -60.0 4.074252972624263 10 
0005 0014 1665806253134260 13.0 -54.5 3.3440781175906977 10 
0005 0007 1665806253135414 26.0 -58.0 2.018718716857504 10 
0005 0003 1665806253137338 -56.125 -61.5 4.638757902566179 10 
0005 0004 1665806253138476 -74.0 -64.5 5.092816215780329 10 
0005 0013 1665806253139421 -117.125 -68.5 5.418020142812084 10 
0005 0009 1665806253140317 -56.125 -69.5 3.877903431774901 10 
0005 0011 1665806253141373 -26.0 -65.0 4.184699589352029 10 
0005 0000 1665806253142769 594.8125 -75.5 4.522175362686871 10 
0005 0002 1665806253143904 61.0 -67.0 4.565126824747668 10 
0005 0009 1665806253233285 -147.25 -69.5 4.963961829597935 10 
0005 0005 1665806253235767 34.9375 -58.5 4.847379289718626 10 
0005 0002 1665806253236677 -95.1875 -65.5 5.663457068873787 10 
0005 0013 1665806253237549 13.0 -71.0 0.09203884727313846 10 
0005 0010 1665806253238459 -8.9375 -57.0 3.6447383520162835 10 
0005 0003 1665806253239612 -43.125 -62.0 5.724816300389213 10 
0005 0007 1665806253240509 26.0 -57.5 2.5034566458293663 10 
0005 0008 1665806253242594 17.0625 -59.0 1.5401167110371838 10 
0005 0014 1665806253243432 4.0625 -55.0 3.5956509668039427 10 
0005 0011 1665806253245426 -26.0 -66.0 4.71238898038469 10 
0005 0004 1665806253246718 17.0625 -64.0 0.2699806186678728 10 
0005 0000 1665806253263168 -20.25 -77.5 0.8222137023067037 10 
0005 0010 1665806253340570 0.0 -56.5 4.76147636559703 10 
0005 0007 1665806253341668 -8.9375 -58.5 3.442252888015379 10 
0005 0004 1665806253342595 91.125 -61.5 1.3867186322486196 10 
0005 0008 1665806253343787 -21.9375 -58.0 2.761165418194154 10 
0005 0011 1665806253344970 56.125 -66.0 5.418020142812084 10 
0005 0014 1665806253345877 -4.0625 -56.0 3.7551849687440497 10 
0005 0003 1665806253346787 4.0625 -64.5 0.9142525495798421 10 
0005 0005 1665806253348167 -13.0 -59.0 5.675728915176872 10 
0005 0002 1665806253350169 -4.0625 -65.0 0.705631162427395 10 
0005 0013 1665806253352900 299.4375 -70.0 1.1780972450961724 10 
0005 0009 1665806253378688 0.0 -74.0 3.6999616603801666 10 
0005 0000 1665806253451977 0.4375 -78.0 1.0983302441261191 10 
0005 0004 1665806253465455 -30.0625 -59.5 2.9513790358919736 10 
0005 0005 1665806253467698 4.0625 -65.5 1.2333205534600555 10 
0005 0003 1665806253468594 8.9375 -66.0 2.650718801466388 10 
0005 0010 1665806253469489 0.0 -54.5 0.4172427743048944 10 
0005 0009 1665806253470662 -121.25 -72.0 2.3009711818284617 10 
0005 0008 1665806253472307 17.0625 -57.5 4.6448938257177215 10 
0005 0014 1665806253473187 4.0625 -57.5 3.706097583531709 10 
0005 0002 1665806253474808 34.9375 -64.5 2.325514874434632 10 
0005 0011 1665806253478002 130.1875 -66.0 1.3069516312785663 10 
0005 0007 1665806253479169 -52.0625 -63.5 0.20248546400090464 10 
