0005 0008 1665819398004680 0.0 -57.5 1.5707963267948966 14 
0005 0009 1665819398007636 -34.9375 -60.5 2.073942025221387 14 
0005 0010 1665819398008929 8.9375 -64.5 3.5281558121369745 14 
0005 0004 1665819398010082 13.0 -52.5 1.3192234775816514 14 
0005 0002 1665819398013240 165.1875 -73.0 4.798291904506286 14 
0005 0011 1665819398014552 264.4375 -71.5 1.380582709097077 14 
0005 0014 1665819398015460 13.0 -69.5 2.742757648739526 14 
0005 0008 1665819398111971 -26.0 -57.5 1.6260196351587797 14 
0005 0002 1665819398112882 -34.9375 -73.0 5.246214294568893 14 
0005 0014 1665819398115337 -61.0 -70.0 2.7979809571034093 14 
0005 0010 1665819398116604 -34.9375 -64.5 3.56497135104623 14 
0005 0009 1665819398117810 -4.0625 -60.5 2.024854640009046 14 
0005 0004 1665819398119203 -4.0625 -52.5 1.3437671701878218 14 
0005 0011 1665819398122818 -78.0625 -71.5 1.8039614065535141 14 
0005 0013 1665819398157550 -4.875 -78.0 0.4356505437595221 14 
0005 0005 1665819398177727 3.1875 -75.5 0.2270291566070749 14 
0005 0014 1665819398234784 -17.0625 -69.5 2.736621725587984 14 
0005 0008 1665819398235962 4.0625 -57.0 1.6137477888556946 14 
0005 0004 1665819398238690 30.0625 -52.5 1.337631247036279 14 
0005 0010 1665819398239588 26.0 -65.0 3.5588354278946874 14 
0005 0009 1665819398241831 26.0 -61.0 2.018718716857504 14 
0005 0002 1665819398244224 -100.0625 -71.0 5.117359908386499 14 
0005 0011 1665819398245137 -113.0625 -71.5 1.607611865704152 14 
0005 0013 1665819398301383 -11.6875 -78.0 0.7179030087304801 14 
0005 0005 1665819398311007 4.0625 -76.0 0.30066023442558565 14 
0005 0010 1665819398375043 -4.0625 -64.5 3.5465635815916023 14 
0005 0014 1665819398377298 -17.0625 -68.0 2.8102528034064944 14 
0005 0008 1665819398378692 26.0 -57.5 1.6014759425526093 14 
0005 0009 1665819398379901 13.0 -61.0 2.024854640009046 14 
0005 0004 1665819398381776 48.0 -52.5 1.3069516312785663 14 
0005 0011 1665819398383171 -95.1875 -71.0 1.8960002538266525 14 
0005 0002 1665819398384960 95.1875 -74.0 4.994641445355648 14 
0005 0013 1665819398425960 4.375 -77.5 3.6324665057131984 14 
0005 0005 1665819398481598 -4.875 -76.5 0.5031456984264903 14 
0005 0009 1665819398499461 43.125 -61.0 1.9757672547967058 14 
0005 0011 1665819398501081 95.1875 -71.5 1.5830681730979816 14 
0005 0008 1665819398502005 17.0625 -57.5 1.6321555583103222 14 
0005 0014 1665819398504703 -260.375 -69.0 2.9575149590435164 14 
0005 0004 1665819398505742 30.0625 -53.0 1.325359400733194 14 
0005 0002 1665819398506909 204.25 -72.0 4.908738521234052 14 
0005 0010 1665819398508146 -26.0 -65.5 3.56497135104623 14 
0005 0013 1665819398553268 -15.0625 -78.0 0.5522330836388308 14 
0005 0005 1665819398603777 8.0625 -76.0 0.34974761963792617 14 
0005 0002 1665819398617602 -21.9375 -72.0 5.141903600992669 14 
0005 0004 1665819398619124 8.9375 -53.0 1.3437671701878218 14 
0005 0010 1665819398620715 87.0625 -65.0 3.423845118560751 14 
0005 0008 1665819398622514 -13.0 -57.0 1.6751070203711202 14 
0005 0014 1665819398623399 56.125 -70.5 2.7857091108003242 14 
0005 0009 1665819398624592 -69.125 -61.0 2.1475731030398975 14 
0005 0011 1665819398626385 -30.0625 -70.0 1.6996507129772904 14 
0005 0013 1665819398652362 15.375 -78.5 0.25157284921324513 14 
0005 0005 1665819398723280 -12.375 -76.5 0.5522330836388308 14 
0005 0009 1665819398736845 8.9375 -61.5 2.061670178918302 14 
0005 0010 1665819398739702 13.0 -64.0 3.497476196379262 14 
0005 0008 1665819398740766 4.0625 -57.5 1.662835174068035 14 
0005 0011 1665819398741683 212.375 -72.0 1.3989904785517047 14 
0005 0014 1665819398742844 160.3125 -70.0 2.564815877344792 14 
0005 0002 1665819398743740 -230.25 -73.0 5.080544369477243 14 
0005 0004 1665819398744707 52.0625 -53.0 1.3069516312785663 14 
0005 0013 1665819398792398 -3.625 -77.5 0.4663301595172349 14 
0005 0005 1665819398829863 -0.5625 -76.0 0.42337869745643697 14 
0005 0004 1665819398863063 13.0 -52.5 1.337631247036279 14 
0005 0008 1665819398864753 13.0 -57.0 1.6382914814618648 14 
0005 0010 1665819398868163 52.0625 -65.0 3.479068426924634 14 
0005 0009 1665819398869028 82.1875 -61.5 1.9757672547967058 14 
0005 0002 1665819398870223 160.3125 -73.5 5.056000676871073 14 
0005 0011 1665819398872688 8.9375 -70.0 1.7119225592803755 14 
0005 0014 1665819398874055 -165.1875 -69.5 3.0066023442558567 14 
0005 0013 1665819398897764 3.1875 -78.5 0.4970097752749477 14 
0005 0005 1665819398969072 -1.5 -76.5 0.37429131224409645 14 
0005 0008 1665819398983819 4.0625 -57.0 1.6444274046134073 14 
0005 0009 1665819398985470 39.0 -61.5 2.043262409463674 14 
0005 0010 1665819398986367 -165.1875 -65.0 3.761320891895592 14 
0005 0004 1665819398988310 26.0 -53.0 1.325359400733194 14 
0005 0014 1665819398989945 -160.3125 -69.5 2.9329712664373457 14 
0005 0002 1665819398993183 -256.3125 -71.5 5.270757987175063 14 
0005 0011 1665819398994787 34.9375 -71.0 1.509437095279471 14 
0005 0013 1665819399025216 -34.125 -78.0 0.6810874698212247 14 
0005 0005 1665819399078995 0.1875 -76.5 0.4540583132141498 14 
0005 0002 1665819399109808 -82.1875 -72.5 5.080544369477243 14 
0005 0014 1665819399113521 -117.125 -69.0 2.890019804376548 14 
0005 0009 1665819399114390 39.0 -61.0 2.061670178918302 14 
0005 0008 1665819399115328 13.0 -57.5 1.5892040962495242 14 
0005 0004 1665819399116267 13.0 -52.5 1.3437671701878218 14 
0005 0011 1665819399117267 191.1875 -71.0 1.41126232485479 14 
0005 0010 1665819399118249 -39.0 -65.0 3.5956509668039427 14 
0005 0013 1665819399172838 -4.875 -77.0 0.4111068511533518 14 
0005 0005 1665819399182333 -1.1875 -76.5 0.3374757733348411 14 
0005 0004 1665819399250971 8.9375 -52.5 1.3437671701878218 14 
0005 0008 1665819399255211 -17.0625 -57.0 1.6444274046134073 14 
0005 0009 1665819399256375 34.9375 -60.5 2.030990563160589 14 
0005 0010 1665819399257683 61.0 -65.0 3.429981041712294 14 
0005 0014 1665819399260106 -61.0 -70.0 2.693670263527186 14 
0005 0011 1665819399261602 -355.5625 -71.0 1.8714565612204823 14 
0005 0002 1665819399264080 34.9375 -72.5 4.9823695990525625 14 
0005 0013 1665819399325967 16.625 -78.5 0.5092816215780329 14 
0005 0005 1665819399332221 8.5 -76.0 0.30679615757712825 14 
0005 0004 1665819399386780 17.0625 -52.5 1.325359400733194 14 
0005 0011 1665819399387755 -425.5625 -71.0 2.1475731030398975 14 
0005 0002 1665819399388657 0.0 -73.0 5.141903600992669 14 
0005 0009 1665819399392415 -21.9375 -60.5 2.0923497946760143 14 
0005 0010 1665819399394220 -48.0 -64.5 3.5711072741977725 14 
0005 0014 1665819399395742 -21.9375 -69.5 2.779573187648782 14 
0005 0008 1665819399396653 17.0625 -57.0 1.5707963267948966 14 
0005 0013 1665819399430335 -9.75 -78.0 0.6258641614573416 14 
0005 0005 1665819399444604 -7.3125 -76.0 0.4049709280018093 14 
0005 0011 1665819399509114 230.25 -71.5 1.3867186322486196 14 
0005 0010 1665819399510052 -30.0625 -64.0 3.5465635815916023 14 
0005 0004 1665819399511458 21.9375 -52.5 1.3069516312785663 14 
0005 0008 1665819399513073 0.0 -57.5 1.5830681730979816 14 
0005 0002 1665819399513989 -234.3125 -72.0 5.313709449235861 14 
0005 0009 1665819399515901 -52.0625 -61.0 2.0800779483729293 14 
0005 0014 1665819399518554 143.1875 -69.0 2.5280003384355365 14 
0005 0013 1665819399547335 21.1875 -78.0 0.37429131224409645 14 
0005 0005 1665819399579535 4.0625 -76.0 0.19634954084936207 14 
0005 0009 1665819399634016 43.125 -60.5 2.0064468705544187 14 
0005 0014 1665819399634958 277.4375 -69.5 2.405281875404685 14 
0005 0002 1665819399636052 -238.4375 -72.5 5.240078371417351 14 
0005 0010 1665819399637005 39.0 -65.5 3.479068426924634 14 
0005 0011 1665819399638909 -8.9375 -72.0 1.5953400194010667 14 
0005 0008 1665819399639876 -8.9375 -57.5 1.552388557340269 14 
0005 0004 1665819399641039 0.0 -52.5 1.3314953238847365 14 
0005 0005 1665819399672077 12.9375 -75.5 0.23930100291016002 14 
0005 0013 1665819399678358 36.5625 -77.5 0.3313398501832985 14 
0005 0008 1665819399753881 13.0 -57.5 1.533980787885641 14 
0005 0002 1665819399756170 147.25 -71.0 5.074408446325701 14 
0005 0011 1665819399757095 -17.0625 -69.5 1.6382914814618648 14 
0005 0009 1665819399758217 43.125 -60.5 1.9941750242513334 14 
0005 0014 1665819399759130 -104.125 -69.5 2.8654761117703775 14 
0005 0004 1665819399761795 13.0 -52.5 1.325359400733194 14 
0005 0010 1665819399762708 -26.0 -64.5 3.509748042682347 14 
0005 0013 1665819399782472 2.4375 -77.0 0.3865631585471816 14 
0005 0005 1665819399785192 12.1875 -75.5 0.28838838812250056 14 
0005 0009 1665819399871994 21.9375 -60.5 2.0064468705544187 14 
0005 0004 1665819399873809 -8.9375 -52.5 1.3314953238847365 14 
0005 0008 1665819399874695 43.125 -57.0 1.509437095279471 14 
0005 0010 1665819399876144 -126.125 -65.0 3.6999616603801666 14 
0005 0002 1665819399877380 -147.25 -73.5 5.258486140871978 14 
0005 0014 1665819399880093 -30.0625 -70.5 2.705942109830271 14 
0005 0011 1665819399881618 303.5 -72.0 1.3499030933393643 14 
0005 0013 1665819399913767 4.875 -78.0 0.34974761963792617 14 
0005 0005 1665819399916505 11.4375 -75.5 0.19634954084936207 14 
0005 0004 1665819399995419 -21.9375 -52.5 1.368310862793992 14 
0005 0002 1665819399997451 100.0625 -72.5 4.7860200582032 14 
0005 0009 1665819399999695 -56.125 -60.5 2.0923497946760143 14 
0005 0008 1665819400000933 -48.0 -57.5 1.5462526341887264 14 
0005 0010 1665819400001787 -34.9375 -64.5 3.5772431973493153 14 
0005 0014 1665819400002698 -26.0 -69.5 2.8532042654672924 14 
0005 0011 1665819400005043 -52.0625 -70.5 1.8162332528565992 14 
0005 0013 1665819400025635 37.375 -77.5 0.1902136176978195 14 
0005 0005 1665819400030807 39.0625 -75.0 0.006135923151542565 14 
0005 0008 1665819400108118 -30.0625 -57.5 1.564660403643354 14 
0005 0011 1665819400109045 113.0625 -71.5 1.552388557340269 14 
0005 0010 1665819400110192 13.0 -64.5 3.5036121195308043 14 
0005 0004 1665819400111354 0.0 -52.5 1.3499030933393643 14 
0005 0014 1665819400112512 -61.0 -69.5 2.7979809571034093 14 
0005 0009 1665819400114868 -30.0625 -60.0 2.030990563160589 14 
0005 0002 1665819400117980 -39.0 -73.5 4.988505522204105 14 
0005 0013 1665819400165093 -6.5 -78.0 0.6013204688511713 14 
0005 0005 1665819400178188 2.4375 -75.5 0.25157284921324513 14 
0005 0009 1665819400234924 52.0625 -60.5 1.9819031779482483 14 
0005 0004 1665819400237738 21.9375 -52.5 1.3130875544301088 14 
0005 0011 1665819400240169 -104.125 -71.0 1.846912868614312 14 
0005 0010 1665819400241093 -8.9375 -65.0 3.5465635815916023 14 
0005 0008 1665819400242019 -34.9375 -57.5 1.576932249946439 14 
0005 0014 1665819400245341 56.125 -70.0 2.5770877236478773 14 
0005 0002 1665819400246208 143.1875 -72.5 5.0253210611133605 14 
0005 0005 1665819400265870 -1.625 -75.5 0.3190680038802134 14 
0005 0013 1665819400280597 12.9375 -78.0 0.39269908169872414 14 
0005 0002 1665819400352278 191.1875 -72.0 4.81056375080937 14 
0005 0009 1665819400353443 -21.9375 -60.0 2.098485717827557 14 
0005 0010 1665819400354852 -100.0625 -64.5 3.6263305825616556 14 
0005 0008 1665819400356286 -26.0 -57.5 1.5892040962495242 14 
0005 0014 1665819400358700 21.9375 -69.5 2.675262494072558 14 
0005 0011 1665819400359842 -117.125 -70.0 1.662835174068035 14 
0005 0004 1665819400365047 34.9375 -52.5 1.325359400733194 14 
0005 0013 1665819400383544 28.5 -77.0 0.380427235395639 14 
0005 0005 1665819400395342 -8.0625 -76.0 0.23930100291016002 14 
0005 0011 1665819400470634 355.5625 -71.5 1.3989904785517047 14 
0005 0009 1665819400471770 26.0 -60.5 2.030990563160589 14 
0005 0008 1665819400473388 -17.0625 -57.0 1.5892040962495242 14 
0005 0002 1665819400475076 -130.1875 -72.5 5.209398755659637 14 
0005 0010 1665819400477584 -8.9375 -65.0 3.5158839658338894 14 
0005 0014 1665819400479069 -199.375 -70.0 2.8961557275280905 14 
0005 0004 1665819400479949 8.9375 -52.5 1.3499030933393643 14 
0005 0013 1665819400515087 -7.3125 -77.0 0.4479223900626072 14 
0005 0005 1665819400525339 1.625 -76.0 0.3190680038802134 14 
0005 0009 1665819400591504 -4.0625 -60.5 2.0493983326152168 14 
0005 0014 1665819400592856 -61.0 -69.5 2.7550294950426117 14 
0005 0010 1665819400595130 34.9375 -64.5 3.497476196379262 14 
0005 0004 1665819400596880 30.0625 -52.5 1.3192234775816514 14 
0005 0008 1665819400597760 -8.9375 -57.0 1.5892040962495242 14 
0005 0002 1665819400599700 -13.0 -71.5 5.00077736850719 14 
0005 0011 1665819400601480 160.3125 -71.5 1.6996507129772904 14 
0005 0013 1665819400641793 31.6875 -77.5 0.21475731030398976 14 
0005 0005 1665819400670271 6.5 -76.5 0.1595340019401067 14 
0005 0009 1665819400718816 13.0 -60.5 2.030990563160589 14 
0005 0014 1665819400721813 147.25 -68.5 2.5586799541932495 14 
0005 0010 1665819400723051 39.0 -64.5 3.5158839658338894 14 
0005 0008 1665819400723962 -30.0625 -57.0 1.6444274046134073 14 
0005 0004 1665819400726075 43.125 -52.5 1.3008157081270237 14 
0005 0011 1665819400727983 269.3125 -72.0 1.4603497100671303 14 
0005 0002 1665819400731562 -34.9375 -71.5 5.197126909356553 14 
0005 0013 1665819400761975 30.9375 -77.5 0.42337869745643697 14 
0005 0005 1665819400796246 4.0625 -76.0 0.25157284921324513 14 
0005 0009 1665819400850497 -26.0 -61.0 2.086213871524472 14 
0005 0011 1665819400853097 -69.125 -70.5 1.8039614065535141 14 
0005 0010 1665819400853993 -30.0625 -65.5 3.5772431973493153 14 
0005 0002 1665819400854872 8.9375 -71.5 5.049864753719531 14 
0005 0004 1665819400855813 13.0 -52.5 1.3437671701878218 14 
0005 0008 1665819400856805 0.0 -57.0 1.6014759425526093 14 
0005 0014 1665819400857678 -65.0625 -69.0 2.8409324191642074 14 
0005 0013 1665819400893872 -5.625 -78.5 0.4908738521234052 14 
0005 0005 1665819400924334 -0.75 -76.5 0.30066023442558565 14 
0005 0004 1665819400973954 21.9375 -52.5 1.325359400733194 14 
0005 0011 1665819400975632 182.25 -71.0 1.6321555583103222 14 
0005 0009 1665819400977038 30.0625 -61.0 2.0371264863121317 14 
0005 0010 1665819400978715 -91.125 -65.0 3.5895150436524004 14 
0005 0014 1665819400980705 74.0 -69.0 2.6200391857086753 14 
0005 0002 1665819400981870 91.125 -72.0 4.841243366567084 14 
0005 0008 1665819400985702 -17.0625 -57.0 1.6444274046134073 14 
0005 0005 1665819401019872 -8.0625 -75.0 0.36815538909255385 14 
0005 0013 1665819401039664 12.9375 -77.0 0.2638446955163303 14 
0005 0008 1665819401112252 -21.9375 -57.0 1.6382914814618648 14 
0005 0004 1665819401114113 13.0 -52.5 1.3744467859455345 14 
0005 0009 1665819401115219 -4.0625 -60.5 2.0923497946760143 14 
0005 0011 1665819401116119 -30.0625 -72.0 1.7119225592803755 14 
0005 0002 1665819401118250 -325.5 -72.5 5.45483568172134 14 
0005 0010 1665819401120464 17.0625 -65.0 3.5281558121369745 14 
0005 0014 1665819401122953 -225.375 -69.0 2.9943304979527716 14 
0005 0005 1665819401143821 -10.5 -75.0 0.3436116964863836 14 
0005 0013 1665819401148032 -3.1875 -78.0 0.3988350048502667 14 
0005 0009 1665819401229956 91.125 -60.5 1.9634954084936207 14 
0005 0010 1665819401230867 -56.125 -65.5 3.6386024288647407 14 
0005 0008 1665819401231763 4.0625 -57.0 1.607611865704152 14 
0005 0004 1665819401233169 4.0625 -52.5 1.3621749396424494 14 
0005 0002 1665819401234322 -191.1875 -72.5 5.381204603902829 14 
0005 0011 1665819401235758 82.1875 -71.5 1.5953400194010667 14 
0005 0014 1665819401237405 30.0625 -69.0 2.730485802436441 14 
0005 0005 1665819401278947 -5.625 -75.0 3.442252888015379 14 
0005 0013 1665819401296635 2.4375 -78.5 0.4970097752749477 14 
0005 0009 1665819401369955 -56.125 -61.0 2.1537090261914402 14 
0005 0004 1665819401372797 13.0 -52.5 1.3621749396424494 14 
0005 0008 1665819401374290 -13.0 -57.0 1.6444274046134073 14 
0005 0002 1665819401375756 251.4375 -73.0 4.522175362686871 14 
0005 0014 1665819401377072 -56.125 -69.5 2.82252464970958 14 
0005 0010 1665819401377969 -4.0625 -65.0 3.5588354278946874 14 
0005 0011 1665819401380183 65.0625 -72.0 1.5892040962495242 14 
0005 0005 1665819401404628 14.625 -74.5 0.20248546400090464 14 
0005 0013 1665819401416882 -30.0 -78.0 0.607456392002714 14 
0005 0005 1665819401494688 13.0 -72.0 0.44178646691106466 14 
0005 0004 1665819401496846 8.9375 -52.5 1.3621749396424494 14 
0005 0009 1665819401498252 17.0625 -60.5 2.098485717827557 14 
0005 0008 1665819401500214 -26.0 -57.0 1.662835174068035 14 
0005 0014 1665819401501110 -17.0625 -69.5 2.6568547246179306 14 
0005 0010 1665819401502024 -52.0625 -65.0 3.6201946594101133 14 
0005 0011 1665819401504597 -394.625 -71.0 2.141437179888355 14 
0005 0002 1665819401505732 -91.125 -74.0 5.105088062083414 14 
0005 0005 1665819401521878 11.4375 -74.5 0.17794177139473438 14 
0005 0013 1665819401551663 -22.6875 -78.5 0.662679700366597 14 
0005 0010 1665819401625597 -21.9375 -65.0 3.5772431973493153 14 
0005 0014 1665819401627092 -134.25 -69.0 2.82252464970958 14 
0005 0009 1665819401628032 -34.9375 -61.0 2.1353012567368124 14 
0005 0004 1665819401629183 17.0625 -53.0 1.3621749396424494 14 
0005 0011 1665819401631457 -308.375 -71.5 1.9082721001297376 14 
0005 0008 1665819401632375 0.0 -57.0 1.607611865704152 14 
0005 0002 1665819401633730 143.1875 -72.0 4.724660826687775 14 
0005 0005 1665819401637282 21.9375 -75.5 0.23930100291016002 14 
0005 0013 1665819401713222 -8.0625 -77.5 0.6013204688511713 14 
0005 0008 1665819401788316 -43.125 -57.0 1.6198837120072371 14 
0005 0009 1665819401790739 -8.9375 -60.5 2.1353012567368124 14 
0005 0002 1665819401791623 -238.4375 -71.0 5.086680292628786 14 
0005 0004 1665819401792969 -8.9375 -52.5 1.368310862793992 14 
0005 0005 1665819401794193 -34.9375 -73.5 0.16566992509164924 14 
0005 0011 1665819401795511 -39.0 -72.5 1.6812429435226628 14 
0005 0010 1665819401796403 0.0 -65.5 3.6079228131070282 14 
0005 0014 1665819401797320 -91.125 -69.0 2.773437264497239 14 
0005 0013 1665819401837841 -10.5 -77.5 0.5951845456996288 14 
0005 0002 1665819401900451 -43.125 -72.0 5.080544369477243 14 
0005 0004 1665819401901375 13.0 -53.0 1.3560390164909069 14 
0005 0009 1665819401903365 -17.0625 -61.0 2.098485717827557 14 
0005 0010 1665819401904987 -56.125 -65.5 3.6754179677739964 14 
0005 0014 1665819401907032 21.9375 -68.5 2.791845033951867 14 
0005 0011 1665819401907948 -160.3125 -72.5 1.8223691760081417 14 
0005 0008 1665819401909846 -39.0 -57.0 1.6198837120072371 14 
0005 0005 1665819401911142 186.3125 -73.5 6.252505691421874 14 
0005 0013 1665819401935095 -1.625 -77.0 0.46019423636569234 14 
0005 0004 1665819402014407 13.0 -52.5 1.3499030933393643 14 
0005 0010 1665819402016201 -21.9375 -64.5 3.6386024288647407 14 
0005 0008 1665819402017142 26.0 -57.5 1.521708941582556 14 
0005 0011 1665819402018864 308.375 -72.0 1.2333205534600555 14 
0005 0009 1665819402019801 -30.0625 -61.0 2.12916533358527 14 
0005 0002 1665819402020840 87.0625 -72.5 4.865787059173254 14 
0005 0014 1665819402021811 -52.0625 -68.5 2.9084275738311756 14 
0005 0005 1665819402026199 4.0625 -72.0 0.09817477042468103 14 
0005 0013 1665819402044331 48.8125 -78.0 0.380427235395639 14 
0005 0004 1665819402126362 21.9375 -53.0 1.337631247036279 14 
0005 0008 1665819402127908 -30.0625 -57.0 1.5830681730979816 14 
0005 0014 1665819402130234 -69.125 -68.5 2.804116880254952 14 
0005 0011 1665819402131529 126.125 -71.0 1.4603497100671303 14 
0005 0010 1665819402132440 -104.125 -65.0 3.693825737228624 14 
0005 0009 1665819402133350 -52.0625 -60.5 2.1353012567368124 14 
0005 0002 1665819402134331 -251.4375 -71.5 5.473243451175968 14 
0005 0005 1665819402139499 113.0625 -72.0 0.030679615757712823 14 
0005 0013 1665819402166022 46.375 -78.0 0.3129320807286708 14 
0005 0010 1665819402238950 17.0625 -64.5 3.5465635815916023 14 
0005 0004 1665819402241167 -13.0 -52.5 1.368310862793992 14 
0005 0014 1665819402242349 -43.125 -69.0 2.7550294950426117 14 
0005 0011 1665819402244369 -347.4375 -72.0 1.6751070203711202 14 
0005 0008 1665819402245859 -13.0 -57.0 1.5462526341887264 14 
0005 0002 1665819402246756 -152.125 -72.0 5.332117218690489 14 
0005 0009 1665819402247707 -26.0 -60.0 2.0923497946760143 14 
0005 0005 1665819402251888 -121.25 -72.5 0.2270291566070749 14 
0005 0013 1665819402275129 5.625 -78.0 0.5399612373357456 14 
0005 0002 1665819402353534 100.0625 -73.0 4.92714629068868 14 
0005 0008 1665819402357141 -8.9375 -56.5 1.552388557340269 14 
0005 0004 1665819402358250 -4.0625 -52.5 1.3744467859455345 14 
0005 0010 1665819402359178 100.0625 -64.5 3.479068426924634 14 
0005 0009 1665819402361031 -4.0625 -60.5 2.055534255766759 14 
0005 0014 1665819402361944 69.125 -69.0 2.6384469551633027 14 
0005 0011 1665819402363466 -26.0 -72.0 1.7241944055834606 14 
0005 0005 1665819402365225 26.0 -72.5 6.270913460876501 14 
0005 0013 1665819402400540 10.5 -78.0 0.4049709280018093 14 
0005 0008 1665819402470817 -4.0625 -57.0 1.5278448647340985 14 
0005 0010 1665819402472568 -13.0 -65.0 3.5833791205008576 14 
0005 0004 1665819402474058 -13.0 -52.5 1.380582709097077 14 
0005 0002 1665819402475224 -225.375 -72.0 5.295301679781233 14 
0005 0009 1665819402477122 -39.0 -60.5 2.1046216409791 14 
0005 0014 1665819402480154 117.125 -68.5 2.6323110320117604 14 
0005 0011 1665819402481769 21.9375 -72.5 1.3928545554001621 14 
0005 0005 1665819402488647 -134.25 -73.0 0.25157284921324513 14 
0005 0013 1665819402563928 12.1875 -77.5 3.7122335066832517 14 
0005 0004 1665819402616285 21.9375 -52.5 1.3437671701878218 14 
0005 0014 1665819402617196 17.0625 -69.5 2.7120780329818137 14 
0005 0008 1665819402618135 -56.125 -57.0 1.6137477888556946 14 
0005 0009 1665819402619075 39.0 -60.0 2.043262409463674 14 
0005 0010 1665819402620751 -169.25 -65.0 3.810408277107933 14 
0005 0011 1665819402621764 225.375 -73.5 1.325359400733194 14 
0005 0002 1665819402622712 -4.0625 -72.0 5.062136600022616 14 
0005 0005 1665819402632496 -87.0625 -72.0 0.34974761963792617 14 
0005 0013 1665819402655607 4.0625 -77.5 0.48473792897186263 14 
0005 0004 1665819402734572 -8.9375 -52.5 1.3621749396424494 14 
0005 0014 1665819402737255 13.0 -69.5 2.730485802436441 14 
0005 0008 1665819402738107 -17.0625 -57.0 1.509437095279471 14 
0005 0011 1665819402739771 273.375 -72.5 1.227184630308513 14 
0005 0009 1665819402740692 13.0 -60.5 2.055534255766759 14 
0005 0002 1665819402742033 -69.125 -71.5 5.019185137961818 14 
0005 0005 1665819402742975 -290.5 -71.5 0.380427235395639 14 
0005 0010 1665819402744167 43.125 -65.0 3.497476196379262 14 
0005 0013 1665819402769854 3.1875 -78.0 0.42337869745643697 14 
0005 0002 1665819402845206 78.0625 -72.0 5.013049214810275 14 
0005 0010 1665819402846554 -4.0625 -64.5 3.6140587362585705 14 
0005 0008 1665819402847720 -21.9375 -57.0 1.5278448647340985 14 
0005 0011 1665819402848862 -238.4375 -71.0 1.8653206380689396 14 
0005 0014 1665819402851900 -104.125 -69.0 2.8286605728611223 14 
0005 0009 1665819402852852 39.0 -60.5 2.024854640009046 14 
0005 0004 1665819402853733 -4.0625 -52.5 1.368310862793992 14 
0005 0005 1665819402856207 17.0625 -72.0 0.0859029241215959 14 
0005 0013 1665819402883250 3.1875 -78.0 0.4111068511533518 14 
0005 0011 1665819402965342 156.1875 -71.0 1.4480778637640452 14 
0005 0009 1665819402966522 -30.0625 -60.5 2.1598449493429825 14 
0005 0010 1665819402969350 -82.1875 -64.5 3.6386024288647407 14 
0005 0008 1665819402970545 -21.9375 -57.0 1.5892040962495242 14 
0005 0004 1665819402971399 -17.0625 -52.5 1.3867186322486196 14 
0005 0002 1665819402973074 130.1875 -72.0 4.706253057233147 14 
0005 0014 1665819402975730 -65.0625 -69.0 2.7857091108003242 14 
0005 0005 1665819402980057 17.0625 -71.5 0.23930100291016002 14 
0005 0013 1665819402992842 13.875 -78.0 0.2761165418194154 14 
