0005 0002 1665819817137902 -78.0625 -67.5 4.442408361716817 15 
0005 0004 1665819817139461 4.0625 -52.0 6.160466844148735 15 
0005 0005 1665819817140589 -78.0625 -65.0 5.160311370447297 15 
0005 0014 1665819817141514 -143.1875 -62.5 4.657165672020807 15 
0005 0009 1665819817142866 34.9375 -65.5 1.6505633277649499 15 
0005 0011 1665819817143894 208.3125 -71.0 1.6137477888556946 15 
0005 0004 1665819817240383 4.0625 -52.0 6.154330920997192 15 
0005 0002 1665819817242898 52.0625 -67.5 4.190835512503572 15 
0005 0014 1665819817244632 -48.0 -62.5 4.577398671050753 15 
0005 0011 1665819817246012 147.25 -71.5 1.5033011721279284 15 
0005 0010 1665819817246894 61.0 -68.5 3.018874190558942 15 
0005 0009 1665819817247777 -82.1875 -66.0 1.8223691760081417 15 
0005 0008 1665819817248686 13.0 -61.0 1.227184630308513 15 
0005 0005 1665819817250221 -21.9375 -65.0 5.111223985234957 15 
0005 0013 1665819817272087 17.8125 -76.0 0.9817477042468103 15 
0005 0014 1665819817357069 -69.125 -62.0 4.571262747899211 15 
0005 0008 1665819817359096 0.0 -61.0 1.2026409377023426 15 
0005 0004 1665819817360079 0.0 -52.0 6.17273869045182 15 
0005 0005 1665819817361010 61.0 -64.5 5.031456984264903 15 
0005 0002 1665819817362623 4.0625 -67.0 4.344233591292136 15 
0005 0009 1665819817364401 -26.0 -66.0 1.7855536370988863 15 
0005 0010 1665819817365569 69.125 -69.0 3.147728576741336 15 
0005 0011 1665819817369462 91.125 -72.5 1.6137477888556946 15 
0005 0013 1665819817410604 -30.9375 -76.5 1.2701360923693108 15 
0005 0010 1665819817486934 -74.0 -68.5 3.2336315008629315 15 
0005 0005 1665819817488610 82.1875 -65.0 5.062136600022616 15 
0005 0011 1665819817490093 -282.375 -72.5 1.9389517158874505 15 
0005 0014 1665819817490972 39.0 -62.5 4.454680208019902 15 
0005 0004 1665819817491880 -4.0625 -52.0 6.1850105367549055 15 
0005 0008 1665819817493525 -8.9375 -60.5 1.2333205534600555 15 
0005 0002 1665819817497260 -56.125 -68.0 4.534447208989955 15 
0005 0009 1665819817498777 0.0 -66.5 1.7732817907958012 15 
0005 0013 1665819817515966 14.625 -76.0 1.1535535524900022 15 
0005 0004 1665819817601411 13.0 -52.0 6.191146459906448 15 
0005 0008 1665819817602679 52.0625 -60.5 1.1780972450961724 15 
0005 0005 1665819817604641 195.25 -65.5 5.013049214810275 15 
0005 0014 1665819817605550 -13.0 -62.0 4.534447208989955 15 
0005 0009 1665819817606477 74.0 -66.0 1.7426021750380885 15 
0005 0010 1665819817607388 74.0 -68.5 3.104777114680538 15 
0005 0011 1665819817608781 -13.0 -73.0 1.6996507129772904 15 
0005 0002 1665819817610103 104.125 -68.0 4.276738436625168 15 
0005 0013 1665819817614817 -126.125 -74.0 0.9633399347921826 15 
0005 0014 1665819817712559 4.0625 -63.0 4.485359823777615 15 
0005 0008 1665819817713501 39.0 -60.5 1.2517283229146832 15 
0005 0010 1665819817715038 -48.0 -68.5 3.1968159619536762 15 
0005 0009 1665819817715979 238.4375 -65.5 1.576932249946439 15 
0005 0005 1665819817717384 -56.125 -65.5 5.405748296509 15 
0005 0004 1665819817719301 17.0625 -52.5 6.191146459906448 15 
0005 0011 1665819817721169 -21.9375 -71.0 1.5830681730979816 15 
0005 0002 1665819817723189 -65.0625 -68.0 4.546719055293041 15 
0005 0013 1665819817745345 17.8125 -76.5 1.0799224746714913 15 
0005 0010 1665819817826814 52.0625 -69.5 3.067961575771282 15 
0005 0004 1665819817828891 17.0625 -52.0 6.191146459906448 15 
0005 0009 1665819817830400 -74.0 -66.0 1.9757672547967058 15 
0005 0002 1665819817831369 -212.375 -68.0 4.608078286808466 15 
0005 0005 1665819817833075 -277.4375 -65.5 5.638913376267617 15 
0005 0014 1665819817833955 -26.0 -62.5 4.546719055293041 15 
0005 0008 1665819817834909 34.9375 -60.5 1.2455923997631406 15 
0005 0011 1665819817836815 -4.0625 -72.5 1.859184714917397 15 
0005 0013 1665819817838473 217.25 -72.5 0.7669903939428205 15 
0005 0004 1665819817936138 13.0 -52.0 6.209554229361076 15 
0005 0011 1665819817937053 -204.25 -72.5 2.073942025221387 15 
0005 0005 1665819817938735 0.0 -65.0 5.350524988145116 15 
0005 0008 1665819817940629 -87.0625 -61.0 1.337631247036279 15 
0005 0014 1665819817941865 -26.0 -62.5 4.546719055293041 15 
0005 0010 1665819817943104 -143.1875 -69.0 3.356349963893783 15 
0005 0009 1665819817944058 -78.0625 -66.0 1.9389517158874505 15 
0005 0002 1665819817947307 -74.0 -67.5 4.571262747899211 15 
0005 0013 1665819817950050 169.25 -74.0 0.9694758579437253 15 
0005 0009 1665819818044793 104.125 -66.0 1.718058482431918 15 
0005 0010 1665819818045705 61.0 -68.0 3.0372819600135696 15 
0005 0005 1665819818046600 -8.9375 -65.5 5.325981295538946 15 
0005 0014 1665819818047526 13.0 -62.5 4.534447208989955 15 
0005 0004 1665819818050192 -8.9375 -52.5 6.234097921967246 15 
0005 0011 1665819818051363 52.0625 -71.5 1.5892040962495242 15 
0005 0008 1665819818053237 13.0 -60.5 1.2333205534600555 15 
0005 0002 1665819818057169 52.0625 -67.5 4.448544284868359 15 
0005 0013 1665819818061558 126.125 -76.0 1.3744467859455345 15 
0005 0002 1665819818158081 -56.125 -67.0 4.651029748869264 15 
0005 0008 1665819818159034 -17.0625 -60.5 1.3192234775816514 15 
0005 0011 1665819818160189 -182.25 -71.5 1.859184714917397 15 
0005 0014 1665819818161354 74.0 -62.5 4.442408361716817 15 
0005 0005 1665819818166910 -43.125 -66.0 5.424156065963627 15 
0005 0009 1665819818167949 -100.0625 -66.0 2.098485717827557 15 
0005 0010 1665819818168832 17.0625 -68.0 3.043417883165112 15 
0005 0004 1665819818169772 -21.9375 -52.5 6.264777537724958 15 
0005 0013 1665819818196071 31.6875 -77.0 1.0246991663076084 15 
0005 0011 1665819818268929 143.1875 -72.5 1.5585244804918115 15 
0005 0005 1665819818270465 -13.0 -66.0 5.399612373357457 15 
0005 0002 1665819818272200 -21.9375 -67.5 4.681709364626977 15 
0005 0014 1665819818273380 -26.0 -62.0 4.595806440505381 15 
0005 0004 1665819818274558 -4.0625 -52.5 6.264777537724958 15 
0005 0008 1665819818275971 -52.0625 -61.0 1.2517283229146832 15 
0005 0009 1665819818277448 -30.0625 -65.0 1.9696313316451632 15 
0005 0010 1665819818278372 -4.0625 -68.5 3.1968159619536762 15 
0005 0013 1665819818300429 26.8125 -76.5 1.1106020904292042 15 
0005 0002 1665819818380680 87.0625 -67.0 4.626486056263094 15 
0005 0014 1665819818381577 52.0625 -62.5 4.4976316700806995 15 
0005 0005 1665819818384106 -139.125 -65.5 5.460971604872882 15 
0005 0008 1665819818385316 -39.0 -60.5 1.2701360923693108 15 
0005 0009 1665819818386484 8.9375 -65.0 1.902136176978195 15 
0005 0011 1665819818387896 -186.3125 -72.0 1.9144080232812801 15 
0005 0004 1665819818388818 4.0625 -52.0 0.006135923151542565 15 
0005 0010 1665819818390387 -121.25 -68.0 3.2765829629237295 15 
0005 0013 1665819818420839 -3.1875 -77.0 1.055378782065321 15 
0005 0008 1665819818493800 39.0 -60.5 1.1719613219446299 15 
0005 0004 1665819818495562 -8.9375 -52.5 0.02454369260617026 15 
0005 0014 1665819818498197 -100.0625 -62.5 4.706253057233147 15 
0005 0009 1665819818500215 69.125 -65.0 1.9205439464328227 15 
0005 0002 1665819818501763 17.0625 -67.0 4.7307967498393175 15 
0005 0010 1665819818507069 256.3125 -68.5 2.9329712664373457 15 
0005 0005 1665819818508279 -34.9375 -66.0 5.387340527054372 15 
0005 0011 1665819818509817 -34.9375 -71.5 1.6812429435226628 15 
0005 0013 1665819818523458 -12.1875 -77.0 1.086058397823034 15 
0005 0008 1665819818610431 0.0 -61.0 1.1965050145508 15 
0005 0014 1665819818611289 -69.125 -63.0 4.614214209960009 15 
0005 0010 1665819818612201 -26.0 -68.5 3.2090878082567613 15 
0005 0004 1665819818614064 -26.0 -52.0 0.03681553890925539 15 
0005 0005 1665819818615274 74.0 -66.0 5.270757987175063 15 
0005 0009 1665819818616199 -91.125 -64.5 2.061670178918302 15 
0005 0002 1665819818617296 -303.5 -66.0 5.117359908386499 15 
0005 0011 1665819818620648 -169.25 -71.0 1.8223691760081417 15 
0005 0013 1665819818642056 -30.9375 -76.5 1.184233168247715 15 
0005 0011 1665819818724648 -130.1875 -72.0 1.7671458676442586 15 
0005 0010 1665819818727745 100.0625 -69.5 3.0495538063166547 15 
0005 0009 1665819818728627 26.0 -65.0 1.859184714917397 15 
0005 0008 1665819818729522 4.0625 -60.5 1.1474176293384597 15 
0005 0005 1665819818730422 74.0 -65.5 5.283029833478148 15 
0005 0004 1665819818731758 -30.0625 -52.0 0.04295146206079795 15 
0005 0014 1665819818732667 17.0625 -62.5 4.589670517353839 15 
0005 0002 1665819818733935 139.125 -66.0 4.632621979414636 15 
0005 0013 1665819818751868 9.75 -76.0 1.0676506283684062 15 
0005 0004 1665819818836245 -8.9375 -52.0 0.04295146206079795 15 
0005 0002 1665819818837554 121.25 -67.0 4.73693267299086 15 
0005 0009 1665819818839347 17.0625 -64.5 1.9941750242513334 15 
0005 0011 1665819818840485 13.0 -72.0 1.6935147898257479 15 
0005 0014 1665819818841863 -8.9375 -63.0 4.565126824747668 15 
0005 0005 1665819818843498 -17.0625 -66.0 5.442563835418255 15 
0005 0008 1665819818844395 17.0625 -60.0 1.1167380135807468 15 
0005 0010 1665819818847365 -130.1875 -68.0 3.4913402732277192 15 
0005 0013 1665819818873173 -21.9375 -76.5 1.086058397823034 15 
0005 0004 1665819818952125 8.9375 -52.5 0.0 15 
0005 0010 1665819818954398 87.0625 -68.5 2.9575149590435164 15 
0005 0014 1665819818955379 26.0 -63.5 4.534447208989955 15 
0005 0008 1665819818956828 21.9375 -60.5 1.1596894756415448 15 
0005 0002 1665819818958521 108.1875 -66.5 4.589670517353839 15 
0005 0011 1665819818961015 39.0 -72.0 1.6382914814618648 15 
0005 0005 1665819818962539 69.125 -66.5 5.2768939103266055 15 
0005 0009 1665819818963678 225.375 -64.5 1.761009944492716 15 
0005 0013 1665819818993809 25.125 -76.5 1.0246991663076084 15 
0005 0004 1665819819077832 -8.9375 -52.5 0.02454369260617026 15 
0005 0002 1665819819080035 78.0625 -66.0 4.669437518323892 15 
0005 0010 1665819819081201 -21.9375 -68.0 3.2704470397721868 15 
0005 0008 1665819819082836 -48.0 -60.5 1.1290098598838318 15 
0005 0005 1665819819084002 82.1875 -66.0 5.203262832508095 15 
0005 0014 1665819819084927 34.9375 -62.5 4.473087977474529 15 
0005 0009 1665819819086349 -82.1875 -64.5 2.086213871524472 15 
0005 0011 1665819819088104 91.125 -71.5 1.6382914814618648 15 
0005 0013 1665819819128495 -9.0 -76.5 1.1167380135807468 15 
0005 0001 1665819819199915 2.625 -77.0 3.368621810196868 15 
0005 0008 1665819819213581 21.9375 -60.5 1.0062913968529805 15 
0005 0005 1665819819214750 -143.1875 -65.5 5.626641529964532 15 
0005 0014 1665819819215616 -34.9375 -63.0 4.601942363656923 15 
0005 0002 1665819819219987 -108.1875 -65.5 5.092816215780329 15 
0005 0004 1665819819221132 -8.9375 -52.5 0.02454369260617026 15 
0005 0010 1665819819222260 126.125 -68.5 3.1231848841351653 15 
0005 0011 1665819819224302 26.0 -72.0 1.6689710972195777 15 
0005 0009 1665819819225185 -134.25 -64.5 2.1659808724945253 15 
0005 0013 1665819819262647 3.1875 -76.0 1.1719613219446299 15 
0005 0001 1665819819267531 -0.75 -75.0 0.9326603190344698 15 
0005 0008 1665819819343786 34.9375 -61.0 0.619728238305799 15 
0005 0014 1665819819344709 -8.9375 -62.5 4.540583132141498 15 
0005 0005 1665819819345610 -78.0625 -66.5 5.553010452146021 15 
0005 0004 1665819819346519 -43.125 -52.0 0.14726215563702155 15 
0005 0002 1665819819347950 -8.9375 -64.5 5.344389064993574 15 
0005 0010 1665819819348867 -182.25 -68.0 3.32567034813607 15 
0005 0011 1665819819351582 104.125 -71.5 1.4726215563702154 15 
0005 0009 1665819819353106 139.125 -62.5 2.1046216409791 15 
0005 0001 1665819819354678 -26.0 -71.0 1.607611865704152 15 
0005 0013 1665819819381535 -6.5 -77.5 1.0921943209745766 15 
0005 0002 1665819819455112 -34.9375 -63.5 6.129787228391022 15 
0005 0008 1665819819458362 17.0625 -62.0 0.28225246497095796 15 
0005 0001 1665819819459360 91.125 -69.5 2.9391071895888885 15 
0005 0009 1665819819460313 74.0 -62.0 2.2886993355253766 15 
0005 0004 1665819819461648 -43.125 -52.5 0.1718058482431918 15 
0005 0010 1665819819462518 139.125 -69.0 3.08636934522591 15 
0005 0005 1665819819463416 -78.0625 -68.0 5.810719224510809 15 
0005 0014 1665819819464356 -65.0625 -62.5 4.663301595172349 15 
0005 0011 1665819819468185 269.3125 -74.5 1.3928545554001621 15 
0005 0013 1665819819502164 -21.1875 -77.0 0.8897088569736719 15 
0005 0014 1665819819577410 -48.0 -62.0 4.638757902566179 15 
0005 0009 1665819819578448 91.125 -62.5 2.282563412373834 15 
0005 0001 1665819819579853 34.9375 -70.0 5.2768939103266055 15 
0005 0011 1665819819581231 100.0625 -72.0 1.1167380135807468 15 
0005 0002 1665819819582451 4.0625 -60.0 1.0799224746714913 15 
0005 0004 1665819819583873 -21.9375 -53.0 0.25770877236478773 15 
0005 0008 1665819819585338 -17.0625 -70.0 5.798447378207723 15 
0005 0005 1665819819586590 -82.1875 -69.5 5.6143696836614465 15 
0005 0010 1665819819587756 108.1875 -71.0 3.2213596545598464 15 
0005 0013 1665819819610856 0.0 -75.0 4.000621894805752 15 
0005 0000 1665819819614268 -11.4375 -72.5 2.110757564130642 15 
0005 0003 1665819819632867 1.625 -73.5 0.14726215563702155 15 
0005 0011 1665819819696754 234.3125 -71.5 0.7301748550335652 15 
0005 0009 1665819819698400 30.0625 -65.0 1.9144080232812801 15 
0005 0002 1665819819699510 52.0625 -62.0 1.8223691760081417 15 
0005 0014 1665819819700434 -121.25 -63.0 4.632621979414636 15 
0005 0003 1665819819703669 78.0625 -68.5 0.7853981633974483 15 
0005 0004 1665819819705711 8.9375 -55.0 0.2945243112740431 15 
0005 0000 1665819819708689 17.0625 -64.5 2.3623304133438876 15 
0005 0005 1665819819711504 -65.0625 -71.0 5.589825991055276 15 
0005 0006 1665819819713477 85.4375 -68.0 5.485515297479052 15 
0005 0013 1665819819714888 139.125 -73.5 0.705631162427395 15 
0005 0010 1665819819718450 -43.125 -72.5 3.141592653589793 15 
0005 0013 1665819819816846 -156.1875 -73.5 1.086058397823034 15 
0005 0009 1665819819818819 -8.9375 -64.0 1.4051264017032472 15 
0005 0000 1665819819820269 -8.9375 -60.0 2.724349879284899 15 
0005 0006 1665819819821152 -52.0625 -65.0 5.47937937432751 15 
0005 0002 1665819819822051 82.1875 -63.5 2.116893487282185 15 
0005 0005 1665819819822992 -104.125 -70.5 5.651185222570702 15 
0005 0011 1665819819824132 -147.25 -69.5 0.9817477042468103 15 
0005 0014 1665819819825720 -65.0625 -63.0 4.626486056263094 15 
0005 0004 1665819819826840 -8.9375 -58.5 0.28838838812250056 15 
0005 0003 1665819819828166 -4.0625 -63.5 1.6873788666742053 15 
0005 0010 1665819819845626 30.0 -76.5 0.5583690067903734 15 
0005 0005 1665819819926707 -394.625 -71.0 6.025476534814799 15 
0005 0002 1665819819927601 39.0 -64.5 2.380738182798515 15 
0005 0009 1665819819929432 -17.0625 -63.5 1.214912784005428 15 
0005 0014 1665819819930357 26.0 -62.5 4.558990901596125 15 
0005 0004 1665819819932060 34.9375 -61.5 0.04295146206079795 15 
0005 0003 1665819819932954 82.1875 -61.0 2.0371264863121317 15 
0005 0006 1665819819935804 9.75 -65.5 5.098952138931871 15 
0005 0000 1665819819936970 -4.0625 -58.5 2.8286605728611223 15 
0005 0011 1665819819942396 -65.0625 -69.5 1.000155473701438 15 
0005 0013 1665819819943592 26.0 -72.5 0.9878836273983529 15 
0005 0005 1665819820051721 -78.0625 -72.0 5.853670686571607 15 
0005 0006 1665819820054766 -9.75 -66.0 4.828971520263998 15 
0005 0009 1665819820055634 8.9375 -65.0 0.6381360077604268 15 
0005 0003 1665819820057072 -65.0625 -60.5 2.3930100291016 15 
0005 0011 1665819820058466 225.375 -69.5 0.7240389318820226 15 
0005 0013 1665819820059904 -39.0 -73.0 1.2333205534600555 15 
0005 0014 1665819820060757 -8.9375 -63.0 4.614214209960009 15 
0005 0000 1665819820061698 26.0 -57.5 2.730485802436441 15 
0005 0004 1665819820063247 -108.1875 -64.5 5.988660995905543 15 
0005 0002 1665819820064115 13.0 -65.0 2.478912953223196 15 
0005 0012 1665819820127304 19.5 -78.0 5.878214379177777 15 
0005 0014 1665819820213119 43.125 -63.0 4.516039439535327 15 
0005 0011 1665819820215659 -134.25 -69.5 0.9387962421860124 15 
0005 0013 1665819820216701 -126.125 -72.5 1.325359400733194 15 
0005 0000 1665819820217624 -39.0 -57.5 2.4850488763747385 15 
0005 0006 1665819820218507 33.3125 -67.5 4.4976316700806995 15 
0005 0005 1665819820219464 -472.75 -71.5 6.258641614573416 15 
0005 0002 1665819820220611 -8.9375 -65.5 2.6200391857086753 15 
0005 0003 1665819820221775 8.9375 -60.5 2.3193789512830896 15 
0005 0009 1665819820222803 -78.0625 -65.0 0.4908738521234052 15 
0005 0004 1665819820223923 4.0625 -65.5 5.896622148632405 15 
0005 0012 1665819820251922 21.9375 -77.5 5.902758071783947 15 
0005 0011 1665819820328169 -8.9375 -70.0 0.8099418560036186 15 
0005 0000 1665819820329436 -30.0625 -57.5 2.3071071049800045 15 
0005 0006 1665819820331250 118.75 -68.0 4.632621979414636 15 
0005 0004 1665819820332811 69.125 -66.0 5.706408530934585 15 
0005 0002 1665819820333751 -34.9375 -66.5 2.6568547246179306 15 
0005 0009 1665819820334647 -43.125 -65.0 0.4049709280018093 15 
0005 0014 1665819820335529 95.1875 -62.5 4.466952054322987 15 
0005 0003 1665819820336709 17.0625 -61.5 2.2457478734645786 15 
0005 0013 1665819820338716 -56.125 -73.5 1.3744467859455345 15 
0005 0005 1665819820340052 91.125 -72.0 5.546874528994478 15 
0005 0012 1665819820401808 13.875 -79.0 6.050020227420969 15 
0005 0000 1665819820455360 8.9375 -57.5 2.098485717827557 15 
0005 0014 1665819820457125 56.125 -62.5 4.534447208989955 15 
0005 0002 1665819820458291 30.0625 -66.0 2.6139032625571326 15 
0005 0013 1665819820460267 104.125 -73.0 1.0676506283684062 15 
0005 0005 1665819820461154 -308.375 -74.0 6.037748381117884 15 
0005 0011 1665819820462799 78.0625 -71.0 0.5951845456996288 15 
0005 0004 1665819820463937 -61.0 -66.0 5.829126993965437 15 
0005 0009 1665819820465228 -17.0625 -64.5 0.30066023442558565 15 
0005 0003 1665819820466110 13.0 -61.0 2.184388641949153 15 
0005 0006 1665819820467456 17.0625 -67.0 4.651029748869264 15 
0005 0012 1665819820518798 17.5 -79.0 5.878214379177777 15 
0005 0002 1665819820572165 -121.25 -66.0 2.791845033951867 15 
0005 0003 1665819820573614 48.0 -61.0 2.1353012567368124 15 
0005 0000 1665819820574496 -61.0 -58.0 2.1598449493429825 15 
0005 0006 1665819820575380 182.25 -67.0 4.552854978444583 15 
0005 0009 1665819820577465 -13.0 -65.5 0.39269908169872414 15 
0005 0011 1665819820578393 -48.0 -70.0 0.9633399347921826 15 
0005 0004 1665819820579801 48.0 -66.0 5.798447378207723 15 
0005 0014 1665819820581151 39.0 -63.0 4.552854978444583 15 
0005 0013 1665819820582705 -78.0625 -72.5 1.2210487071569704 15 
0005 0005 1665819820584028 386.5 -73.0 5.338253141842031 15 
0005 0012 1665819820614334 -21.1875 -77.5 6.215690152512618 15 
0005 0002 1665819820689158 -30.0625 -65.5 2.6261751088602177 15 
0005 0000 1665819820690680 -48.0 -57.5 2.184388641949153 15 
0005 0004 1665819820692413 8.9375 -66.0 5.743224069843841 15 
0005 0014 1665819820693536 -21.9375 -63.5 4.620350133111551 15 
0005 0003 1665819820696566 4.0625 -61.0 2.1598449493429825 15 
0005 0006 1665819820697759 -56.9375 -67.5 4.693981210930062 15 
0005 0011 1665819820698800 74.0 -69.0 0.7240389318820226 15 
0005 0009 1665819820699710 -21.9375 -65.0 0.3988350048502667 15 
0005 0013 1665819820702273 8.9375 -73.5 1.1719613219446299 15 
0005 0005 1665819820704250 251.4375 -74.0 5.565282298449106 15 
0005 0012 1665819820729889 38.25 -78.0 6.062292073724054 15 
0005 0006 1665819820807247 -28.4375 -66.5 4.595806440505381 15 
0005 0000 1665819820809419 -34.9375 -57.5 2.172116795646068 15 
0005 0002 1665819820810979 39.0 -66.0 2.5954954931025047 15 
0005 0004 1665819820812482 -43.125 -66.0 5.878214379177777 15 
0005 0009 1665819820814044 -56.125 -65.5 0.44178646691106466 15 
0005 0011 1665819820815015 61.0 -71.0 0.8344855486097889 15 
0005 0005 1665819820815929 169.25 -72.5 5.602097837358362 15 
0005 0014 1665819820816840 52.0625 -63.0 4.577398671050753 15 
0005 0003 1665819820817760 8.9375 -61.0 2.1782527187976104 15 
0005 0013 1665819820819034 61.0 -71.5 1.3192234775816514 15 
0005 0012 1665819820877808 -4.875 -78.5 6.074563920027139 15 
0005 0014 1665819820967139 13.0 -63.0 4.577398671050753 15 
0005 0004 1665819820968095 -134.25 -66.5 5.859806609723149 15 
0005 0000 1665819820969499 17.0625 -57.5 2.3623304133438876 15 
0005 0003 1665819820971629 69.125 -60.5 2.5157284921324514 15 
0005 0002 1665819820972570 39.0 -67.0 2.9145634969827183 15 
0005 0006 1665819820973962 -56.9375 -67.0 4.865787059173254 15 
0005 0009 1665819820977542 34.9375 -64.5 0.32520392703175593 15 
0005 0011 1665819820978540 -91.125 -70.0 0.9694758579437253 15 
0005 0013 1665819820985100 91.125 -73.5 1.1780972450961724 15 
0005 0005 1665819821008042 -0.75 -74.5 5.915029918087033 15 
0005 0012 1665819821043533 -5.625 -78.5 6.086835766330224 15 
0005 0000 1665819821100268 -65.0625 -57.5 2.448233337465483 15 
0005 0009 1665819821102239 69.125 -64.5 0.2761165418194154 15 
0005 0006 1665819821105382 33.3125 -66.5 4.828971520263998 15 
0005 0003 1665819821106600 -21.9375 -60.5 2.5832236467994196 15 
0005 0014 1665819821107668 -147.25 -63.0 4.779884135051658 15 
0005 0011 1665819821109303 -61.0 -71.0 0.8774370106705868 15 
0005 0004 1665819821112084 -195.25 -66.0 5.970253226450915 15 
0005 0002 1665819821113249 34.9375 -65.5 2.8838838812250054 15 
0005 0013 1665819821120440 -139.125 -74.0 1.4296700943094176 15 
0005 0005 1665819821139119 0.0 -74.5 6.031612457966341 15 
0005 0012 1665819821153041 -50.5 -78.0 6.1420590746941075 15 
0005 0004 1665819821231773 -74.0 -65.5 5.743224069843841 15 
0005 0005 1665819821232897 4.0625 -71.5 5.9518454569962875 15 
0005 0003 1665819821235214 -199.375 -61.0 2.761165418194154 15 
0005 0013 1665819821236610 108.1875 -74.5 1.1535535524900022 15 
0005 0000 1665819821237561 -13.0 -57.5 2.356194490192345 15 
0005 0014 1665819821238749 0.0 -63.0 4.558990901596125 15 
0005 0009 1665819821240612 -34.9375 -64.5 0.37429131224409645 15 
0005 0011 1665819821242619 87.0625 -70.0 0.803805932852076 15 
0005 0002 1665819821244620 -21.9375 -66.5 2.8716120349219203 15 
0005 0006 1665819821245602 -108.1875 -67.0 4.896466674930966 15 
0005 0012 1665819821299668 -4.0625 -79.0 6.062292073724054 15 
0005 0003 1665819821354390 -39.0 -60.5 2.5341362615870793 15 
0005 0002 1665819821355544 -78.0625 -66.0 2.9206994201342606 15 
0005 0013 1665819821358356 -78.0625 -72.0 1.3621749396424494 15 
0005 0014 1665819821359508 43.125 -62.0 4.528311285838413 15 
0005 0005 1665819821360362 -26.0 -72.5 6.037748381117884 15 
0005 0000 1665819821362831 -4.0625 -57.5 2.3316507975861747 15 
0005 0009 1665819821364240 -39.0 -64.5 0.39269908169872414 15 
0005 0006 1665819821365630 -13.0 -67.5 4.871922982324796 15 
0005 0011 1665819821367129 338.5 -71.0 0.4540583132141498 15 
0005 0004 1665819821367995 13.0 -66.0 5.688000761479957 15 
0005 0012 1665819821394319 -39.8125 -78.0 6.074563920027139 15 
0005 0014 1665819821469010 0.0 -63.0 4.638757902566179 15 
0005 0005 1665819821470824 -43.125 -72.0 6.117515382087937 15 
0005 0000 1665819821471959 -8.9375 -57.5 2.2886993355253766 15 
0005 0002 1665819821475141 69.125 -66.0 2.7857091108003242 15 
0005 0003 1665819821476274 -13.0 -60.5 2.478912953223196 15 
0005 0006 1665819821477158 -222.9375 -67.5 5.0253210611133605 15 
0005 0009 1665819821479274 -13.0 -64.0 0.34974761963792617 15 
0005 0004 1665819821480215 -30.0625 -67.0 5.755495916146925 15 
0005 0013 1665819821481158 -65.0625 -72.0 1.3192234775816514 15 
0005 0011 1665819821482684 -212.375 -71.0 1.1903690913992575 15 
0005 0012 1665819821541543 1.1875 -79.0 5.8045833013592665 15 
0005 0004 1665819821595369 -4.0625 -66.5 5.688000761479957 15 
0005 0005 1665819821596383 -52.0625 -72.0 6.074563920027139 15 
0005 0002 1665819821597548 -21.9375 -66.0 2.816388726558037 15 
0005 0003 1665819821598716 26.0 -61.5 2.448233337465483 15 
0005 0014 1665819821599642 -204.25 -63.5 4.798291904506286 15 
0005 0000 1665819821601047 48.0 -57.5 2.227340104009951 15 
0005 0011 1665819821602019 -147.25 -70.0 0.9142525495798421 15 
0005 0006 1665819821603152 -17.0625 -66.5 4.859651136021712 15 
0005 0009 1665819821604348 34.9375 -63.5 0.32520392703175593 15 
0005 0013 1665819821605504 290.5 -72.5 0.8406214717613314 15 
0005 0012 1665819821652146 -0.4375 -80.0 5.896622148632405 15 
0005 0004 1665819821712679 -34.9375 -66.5 5.638913376267617 15 
0005 0011 1665819821714287 -191.1875 -70.5 1.184233168247715 15 
0005 0000 1665819821716337 13.0 -57.5 2.282563412373834 15 
0005 0014 1665819821718124 17.0625 -62.5 4.546719055293041 15 
0005 0003 1665819821719956 48.0 -60.5 2.448233337465483 15 
0005 0009 1665819821720881 -61.0 -64.5 0.4111068511533518 15 
0005 0002 1665819821722474 -21.9375 -66.5 2.8716120349219203 15 
0005 0006 1665819821723839 -147.25 -68.0 5.0253210611133605 15 
0005 0005 1665819821725376 -82.1875 -73.0 5.982525072754001 15 
0005 0013 1665819821727194 -34.9375 -73.0 1.2946797849754812 15 
0005 0012 1665819821752931 -39.8125 -78.0 5.970253226450915 15 
0005 0006 1665819821827421 -156.1875 -67.5 4.896466674930966 15 
0005 0002 1665819821828560 -52.0625 -66.5 2.8777479580734626 15 
0005 0009 1665819821830491 69.125 -64.5 0.2699806186678728 15 
0005 0014 1665819821832962 -186.3125 -62.5 4.767612288748572 15 
0005 0003 1665819821834287 0.0 -60.0 2.497320722677824 15 
0005 0011 1665819821835207 -52.0625 -71.5 0.9019807032767571 15 
0005 0000 1665819821836356 -130.1875 -57.5 2.4850488763747385 15 
0005 0005 1665819821837368 30.0625 -72.0 5.896622148632405 15 
0005 0004 1665819821838249 -21.9375 -66.5 5.651185222570702 15 
0005 0013 1665819821841263 329.5625 -71.5 0.9878836273983529 15 
0005 0012 1665819821879180 -16.3125 -78.5 6.129787228391022 15 
0005 0000 1665819821955000 0.0 -57.5 2.2948352586769194 15 
0005 0003 1665819821956183 -56.125 -60.5 2.521864415283994 15 
0005 0005 1665819821957609 364.5625 -72.0 5.5714182216006485 15 
0005 0011 1665819821958745 -21.9375 -70.5 1.0369710126106935 15 
0005 0002 1665819821959644 -43.125 -66.0 2.9145634969827183 15 
0005 0009 1665819821960768 65.0625 -65.0 0.22089323345553233 15 
0005 0004 1665819821963902 -17.0625 -67.5 5.620505606812989 15 
0005 0014 1665819821964828 48.0 -63.0 4.460816131171445 15 
0005 0006 1665819821966352 -99.25 -67.0 4.957825906446392 15 
0005 0013 1665819821968329 126.125 -73.0 1.3499030933393643 15 
0005 0012 1665819822035553 -15.375 -79.5 6.135923151542564 15 
0005 0000 1665819822089549 -39.0 -57.5 2.337786720737717 15 
0005 0011 1665819822090971 -34.9375 -70.0 1.0369710126106935 15 
0005 0004 1665819822091883 61.0 -67.5 5.460971604872882 15 
0005 0014 1665819822092777 -13.0 -63.0 4.528311285838413 15 
0005 0006 1665819822094906 28.4375 -67.0 4.804427827657828 15 
0005 0003 1665819822095831 -43.125 -60.5 2.5402721847386216 15 
0005 0009 1665819822096755 21.9375 -65.0 0.28838838812250056 15 
0005 0002 1665819822097995 -43.125 -66.0 2.82252464970958 15 
0005 0005 1665819822099745 303.5 -72.0 5.767767762450011 15 
0005 0013 1665819822101918 308.375 -73.5 1.0921943209745766 15 
