0005 0003 1665819902175462 -65.0625 -58.0 3.6263305825616556 16 
0005 0000 1665819902178274 -39.0 -56.0 3.4913402732277192 16 
0005 0011 1665819902179711 -173.3125 -71.5 0.619728238305799 16 
0005 0014 1665819902180860 13.0 -66.5 4.061981126321178 16 
0005 0004 1665819902182399 -143.1875 -69.0 4.718524903536232 16 
0005 0002 1665819902183523 -95.1875 -68.5 2.3316507975861747 16 
0005 0014 1665819902281326 -100.0625 -66.0 4.061981126321178 16 
0005 0003 1665819902283868 -52.0625 -58.0 3.5956509668039427 16 
0005 0000 1665819902285444 -17.0625 -56.0 3.472932503773092 16 
0005 0011 1665819902287813 -8.9375 -72.5 0.5767767762450011 16 
0005 0002 1665819902288714 -152.125 -69.0 2.5034566458293663 16 
0005 0004 1665819902289781 69.125 -68.0 4.491495746929157 16 
0005 0012 1665819902330222 31.6875 -80.0 5.700272607783043 16 
0005 0005 1665819902390271 -0.4375 -75.0 0.5645049299419159 16 
0005 0000 1665819902400450 -13.0 -56.0 3.472932503773092 16 
0005 0014 1665819902401587 61.0 -67.5 3.9699422790480394 16 
0005 0004 1665819902402515 -95.1875 -68.5 4.81056375080937 16 
0005 0003 1665819902403422 -13.0 -57.5 3.5465635815916023 16 
0005 0011 1665819902405880 182.25 -70.5 0.3374757733348411 16 
0005 0002 1665819902408846 -269.3125 -69.0 2.6568547246179306 16 
0005 0012 1665819902446015 4.0625 -80.0 5.712544454086128 16 
0005 0005 1665819902507914 -0.1875 -75.5 0.5154175447295755 16 
0005 0002 1665819902521408 -147.25 -67.5 2.405281875404685 16 
0005 0003 1665819902523620 17.0625 -58.0 3.5158839658338894 16 
0005 0000 1665819902524532 4.0625 -56.0 3.4054373491061236 16 
0005 0014 1665819902525685 -26.0 -66.5 4.104932588381976 16 
0005 0011 1665819902526611 -61.0 -71.0 0.5031456984264903 16 
0005 0004 1665819902529028 -108.1875 -68.5 4.6448938257177215 16 
0005 0012 1665819902578520 -6.5 -80.0 6.025476534814799 16 
0005 0004 1665819902638780 -104.125 -68.5 4.798291904506286 16 
0005 0002 1665819902640303 243.3125 -69.5 1.9573594853420782 16 
0005 0000 1665819902643030 -13.0 -56.0 3.436116964863836 16 
0005 0011 1665819902645037 78.0625 -72.0 0.4356505437595221 16 
0005 0003 1665819902645976 -34.9375 -58.0 3.5833791205008576 16 
0005 0014 1665819902646829 -17.0625 -67.0 4.123340357836604 16 
0005 0012 1665819902693976 -9.25 -80.0 6.056156150572511 16 
0005 0002 1665819902750945 104.125 -68.0 2.1598449493429825 16 
0005 0003 1665819902753184 -4.0625 -58.5 3.5465635815916023 16 
0005 0000 1665819902754422 -8.9375 -56.5 3.4177091954092087 16 
0005 0011 1665819902755816 143.1875 -71.5 0.2270291566070749 16 
0005 0004 1665819902758948 -69.125 -68.5 4.608078286808466 16 
0005 0014 1665819902759888 -78.0625 -66.5 4.135612204139688 16 
0005 0012 1665819902805288 -3.625 -80.5 6.17273869045182 16 
0005 0003 1665819903040150 0.0 -58.0 3.5588354278946874 16 
0005 0004 1665819903041919 56.125 -67.5 4.405592822807561 16 
0005 0014 1665819903042796 0.0 -67.0 4.190835512503572 16 
0005 0002 1665819903043968 -165.1875 -68.5 2.3623304133438876 16 
0005 0000 1665819903046536 -21.9375 -56.5 3.399301425954581 16 
0005 0011 1665819903048064 34.9375 -72.0 0.4295146206079795 16 
0005 0012 1665819903086606 -8.0625 -80.0 6.068427996875596 16 
0005 0011 1665819903150483 -182.25 -71.0 0.5399612373357456 16 
0005 0000 1665819903151860 -21.9375 -56.5 3.399301425954581 16 
0005 0004 1665819903153242 126.125 -67.0 4.448544284868359 16 
0005 0014 1665819903156863 61.0 -67.0 4.1172044346850605 16 
0005 0003 1665819903158221 -8.9375 -58.0 3.5342917352885173 16 
0005 0002 1665819903159589 -34.9375 -68.0 2.2150682577068657 16 
0005 0012 1665819903213230 -20.75 -79.5 5.829126993965437 16 
0005 0000 1665819903399912 8.9375 -56.5 3.3624858870453256 16 
0005 0014 1665819903400809 65.0625 -67.0 4.049709280018092 16 
0005 0003 1665819903402667 -8.9375 -58.5 3.5956509668039427 16 
0005 0002 1665819903404359 26.0 -68.0 2.1966604882522383 16 
0005 0004 1665819903405980 -121.25 -67.0 4.73693267299086 16 
0005 0011 1665819903408399 -126.125 -71.0 0.6320000846088841 16 
0005 0012 1665819903465232 3.1875 -79.5 5.859806609723149 16 
0005 0000 1665819903514481 8.9375 -56.5 3.3502140407422405 16 
0005 0004 1665819903515369 -113.0625 -67.0 4.620350133111551 16 
0005 0003 1665819903517012 13.0 -58.0 3.5281558121369745 16 
0005 0014 1665819903517908 -43.125 -67.0 4.154019973594316 16 
0005 0002 1665819903522441 -113.0625 -68.5 2.337786720737717 16 
0005 0011 1665819903525971 147.25 -69.5 0.3865631585471816 16 
0005 0004 1665819903667432 -82.1875 -68.0 4.565126824747668 16 
0005 0002 1665819903668798 269.3125 -68.5 1.9082721001297376 16 
0005 0003 1665819903669958 -8.9375 -58.5 3.5588354278946874 16 
0005 0000 1665819903671380 -34.9375 -56.0 3.380893656499953 16 
0005 0014 1665819903675040 4.0625 -66.5 4.166291819897402 16 
0005 0011 1665819903678056 -48.0 -71.0 0.5154175447295755 16 
0005 0014 1665819903773790 30.0625 -67.0 4.04357335686655 16 
0005 0003 1665819903776694 8.9375 -58.5 3.5342917352885173 16 
0005 0000 1665819903777859 0.0 -56.0 3.313398501832985 16 
0005 0004 1665819903779526 -34.9375 -67.0 4.509903516383785 16 
0005 0002 1665819903780808 52.0625 -68.5 2.110757564130642 16 
0005 0011 1665819903782214 17.0625 -71.5 0.5829126993965437 16 
0005 0012 1665819903811212 -41.5 -79.0 6.086835766330224 16 
0005 0003 1665819903890358 0.0 -58.0 3.522019888985432 16 
0005 0004 1665819903891233 -134.25 -67.0 4.503767593232243 16 
0005 0011 1665819903894374 217.25 -71.5 0.21475731030398976 16 
0005 0002 1665819903895495 -87.0625 -69.0 2.2580197197676637 16 
0005 0000 1665819903896897 0.0 -57.0 3.3195344249845276 16 
0005 0014 1665819903897813 -82.1875 -66.5 4.178563666200486 16 
0005 0012 1665819903953584 -12.9375 -79.5 6.031612457966341 16 
0005 0011 1665819904004698 -100.0625 -73.0 0.5890486225480862 16 
0005 0002 1665819904007233 -104.125 -68.0 2.3071071049800045 16 
0005 0014 1665819904008142 65.0625 -66.5 4.031301510563465 16 
0005 0004 1665819904009306 -34.9375 -68.0 4.583534594202296 16 
0005 0000 1665819904011150 -4.0625 -56.5 3.313398501832985 16 
0005 0003 1665819904012600 -13.0 -58.0 3.5711072741977725 16 
0005 0012 1665819904057813 13.375 -79.5 5.835262917116979 16 
0005 0001 1665819904088630 5.0625 -77.0 0.803805932852076 16 
0005 0014 1665819904133058 39.0 -66.5 3.9822141253511245 16 
0005 0004 1665819904133998 26.0 -67.5 4.473087977474529 16 
0005 0003 1665819904135145 8.9375 -58.0 3.54042765844006 16 
0005 0000 1665819904137902 -26.0 -56.5 3.32567034813607 16 
0005 0011 1665819904140757 43.125 -71.5 0.39269908169872414 16 
0005 0002 1665819904141896 160.3125 -68.0 1.9512235621905356 16 
0005 0012 1665819904172824 -4.0625 -79.5 6.037748381117884 16 
0005 0001 1665819904228573 3.5625 -77.0 0.7485826244881929 16 
0005 0004 1665819904249711 52.0625 -67.5 4.473087977474529 16 
0005 0011 1665819904250880 204.25 -69.5 0.23930100291016002 16 
0005 0014 1665819904252016 43.125 -66.0 4.0558452031696355 16 
0005 0003 1665819904253900 -8.9375 -58.0 3.5588354278946874 16 
0005 0000 1665819904255818 13.0 -56.5 3.2949907323783574 16 
0005 0002 1665819904257073 -52.0625 -67.5 2.2580197197676637 16 
0005 0012 1665819904288732 -62.6875 -78.5 3.117048960983623 16 
0005 0001 1665819904358888 -5.75 -76.5 0.8160777791551611 16 
0005 0014 1665819904561400 -26.0 -67.0 4.184699589352029 16 
0005 0004 1665819904563063 21.9375 -67.5 4.491495746929157 16 
0005 0011 1665819904564415 -39.0 -71.5 0.48473792897186263 16 
0005 0000 1665819904568088 -4.0625 -56.0 3.356349963893783 16 
0005 0003 1665819904568942 13.0 -58.5 3.5281558121369745 16 
0005 0002 1665819904569996 -74.0 -68.5 2.2396119503130363 16 
0005 0012 1665819904599328 13.875 -78.5 6.037748381117884 16 
0005 0001 1665819904644624 -9.0625 -76.5 0.9572040116406401 16 
0005 0014 1665819904681286 87.0625 -66.0 3.988350048502667 16 
0005 0000 1665819904682167 4.0625 -56.5 3.3624858870453256 16 
0005 0011 1665819904683096 -113.0625 -70.0 0.5706408530934585 16 
0005 0003 1665819904684200 8.9375 -58.0 3.5342917352885173 16 
0005 0002 1665819904686063 -56.125 -68.5 2.2089323345553233 16 
0005 0004 1665819904687841 95.1875 -67.0 4.405592822807561 16 
0005 0012 1665819904722147 4.375 -79.5 6.000932842208628 16 
0005 0001 1665819904779591 10.625 -76.5 0.6933593161243098 16 
0005 0014 1665819904797474 100.0625 -65.5 3.9576704327449543 16 
0005 0002 1665819904800014 143.1875 -69.0 1.9573594853420782 16 
0005 0000 1665819904801263 -13.0 -56.0 3.399301425954581 16 
0005 0004 1665819904802176 61.0 -68.0 4.411728745959104 16 
0005 0003 1665819904803775 0.0 -58.0 3.5465635815916023 16 
0005 0011 1665819904807374 -152.125 -72.5 0.5460971604872883 16 
0005 0012 1665819904854454 13.875 -79.5 5.859806609723149 16 
0005 0001 1665819904891092 -1.5 -76.5 0.7731263170943632 16 
0005 0014 1665819904916364 21.9375 -66.5 4.135612204139688 16 
0005 0011 1665819904920055 -21.9375 -71.5 0.5460971604872883 16 
0005 0003 1665819904921318 8.9375 -57.5 3.509748042682347 16 
0005 0000 1665819904922259 -17.0625 -56.5 3.429981041712294 16 
0005 0004 1665819904926186 139.125 -67.0 4.344233591292136 16 
0005 0002 1665819904927067 -34.9375 -69.0 2.2948352586769194 16 
0005 0012 1665819904976481 -4.875 -79.5 6.025476534814799 16 
0005 0001 1665819905022207 1.25 -76.5 0.8835729338221293 16 
0005 0011 1665819905040205 43.125 -71.0 0.46019423636569234 16 
0005 0000 1665819905041342 -8.9375 -56.5 3.411573272257666 16 
0005 0004 1665819905043577 -52.0625 -68.0 4.638757902566179 16 
0005 0002 1665819905044488 -130.1875 -68.0 2.411417798556228 16 
0005 0003 1665819905045892 -4.0625 -58.0 3.5465635815916023 16 
0005 0014 1665819905048522 -21.9375 -66.5 4.09266074207889 16 
0005 0012 1665819905087899 -0.4375 -79.5 6.074563920027139 16 
0005 0001 1665819905141386 1.9375 -76.5 0.803805932852076 16 
0005 0000 1665819905164716 0.0 -56.0 3.3870295796514958 16 
0005 0004 1665819905166088 65.0625 -67.5 4.491495746929157 16 
0005 0003 1665819905167252 -26.0 -58.0 3.5895150436524004 16 
0005 0014 1665819905168446 48.0 -66.0 4.000621894805752 16 
0005 0011 1665819905169615 256.3125 -71.0 0.30679615757712825 16 
0005 0002 1665819905170937 -178.1875 -68.5 2.3439226438892597 16 
0005 0012 1665819905252306 4.875 -78.0 5.71868037723767 16 
0005 0001 1665819905281090 -3.3125 -77.0 0.8651651643675016 16 
0005 0004 1665819905288959 -4.0625 -67.5 4.552854978444583 16 
0005 0003 1665819905291855 0.0 -58.0 3.54042765844006 16 
0005 0014 1665819905293168 -13.0 -65.5 4.061981126321178 16 
0005 0002 1665819905294067 -108.1875 -68.0 2.282563412373834 16 
0005 0000 1665819905295231 -26.0 -56.5 3.429981041712294 16 
0005 0011 1665819905297319 8.9375 -71.5 0.5645049299419159 16 
0005 0012 1665819905344557 -2.4375 -79.0 5.976389149602458 16 
0005 0001 1665819905399536 3.3125 -76.5 0.8099418560036186 16 
0005 0004 1665819905407573 87.0625 -68.0 4.522175362686871 16 
0005 0014 1665819905409080 -21.9375 -66.5 4.086524818927348 16 
0005 0000 1665819905410487 8.9375 -56.0 3.393165502803038 16 
0005 0003 1665819905411903 -4.0625 -58.0 3.5588354278946874 16 
0005 0002 1665819905413172 74.0 -68.0 2.141437179888355 16 
0005 0011 1665819905416308 -95.1875 -70.5 0.521553467881118 16 
0005 0012 1665819905450790 -1.625 -80.0 6.056156150572511 16 
0005 0001 1665819905567954 4.1875 -77.0 0.760854470791278 16 
0005 0002 1665819905599102 34.9375 -67.5 2.172116795646068 16 
0005 0014 1665819905600225 -56.125 -66.5 4.221515128261284 16 
0005 0004 1665819905601166 -225.375 -67.5 4.8351074434155406 16 
0005 0003 1665819905603250 -26.0 -58.5 3.54042765844006 16 
0005 0000 1665819905607317 0.0 -56.5 3.393165502803038 16 
0005 0011 1665819905609808 -52.0625 -71.0 0.4540583132141498 16 
0005 0012 1665819905660227 -14.1875 -79.5 6.258641614573416 16 
0005 0001 1665819905743350 0.875 -76.0 0.7363107781851077 16 
0005 0014 1665819905763224 21.9375 -66.0 4.1172044346850605 16 
0005 0002 1665819905764139 -221.3125 -69.0 2.478912953223196 16 
0005 0003 1665819905766005 0.0 -58.0 3.485204350076177 16 
0005 0004 1665819905770651 -74.0 -68.0 4.528311285838413 16 
0005 0011 1665819905771581 282.375 -71.5 0.30679615757712825 16 
0005 0000 1665819905772986 -26.0 -56.5 3.442252888015379 16 
0005 0012 1665819905851259 -9.25 -80.0 5.872078456026235 16 
0005 0001 1665819905924840 6.375 -77.5 0.7485826244881929 16 
0005 0014 1665819905984696 100.0625 -66.0 4.123340357836604 16 
0005 0000 1665819905985548 -21.9375 -56.5 3.429981041712294 16 
0005 0002 1665819905986416 8.9375 -68.5 2.1230294104337273 16 
0005 0003 1665819905987326 -13.0 -58.0 3.54042765844006 16 
0005 0004 1665819905988758 8.9375 -68.0 4.460816131171445 16 
0005 0011 1665819905993477 78.0625 -70.5 0.380427235395639 16 
0005 0012 1665819906030286 23.625 -80.0 6.007068765360171 16 
0005 0001 1665819906149661 -0.875 -76.5 0.9142525495798421 16 
0005 0011 1665819906185937 -8.9375 -70.0 0.5276893910326605 16 
0005 0003 1665819906187156 0.0 -58.0 3.509748042682347 16 
0005 0002 1665819906189683 139.125 -68.5 2.0064468705544187 16 
0005 0000 1665819906190549 -26.0 -57.0 3.3870295796514958 16 
0005 0004 1665819906196901 8.9375 -67.0 4.289010282928253 16 
0005 0014 1665819906197814 -8.9375 -65.5 4.178563666200486 16 
0005 0012 1665819906230673 33.375 -78.5 6.031612457966341 16 
0005 0001 1665819906288676 8.5625 -76.5 0.662679700366597 16 
0005 0005 1665819906327449 0.4375 -76.0 0.6565437772150544 16 
0005 0003 1665819906337199 13.0 -58.0 3.4913402732277192 16 
0005 0004 1665819906339232 -69.125 -67.5 4.558990901596125 16 
0005 0014 1665819906340780 4.0625 -66.0 4.190835512503572 16 
0005 0000 1665819906342049 -39.0 -56.5 3.436116964863836 16 
0005 0002 1665819906342976 143.1875 -68.5 1.9696313316451632 16 
0005 0011 1665819906346150 -269.3125 -72.5 0.760854470791278 16 
0005 0012 1665819906398769 -20.25 -79.5 6.0991076126333095 16 
0005 0005 1665819906568881 4.625 -75.5 0.6994952392758523 16 
0005 0001 1665819906574935 -7.3125 -76.0 0.9694758579437253 16 
0005 0011 1665819906602551 34.9375 -72.5 0.5767767762450011 16 
0005 0003 1665819906604447 -4.0625 -58.0 3.485204350076177 16 
0005 0000 1665819906606228 13.0 -56.5 3.32567034813607 16 
0005 0004 1665819906608557 69.125 -67.5 4.28287435977671 16 
0005 0014 1665819906612597 69.125 -65.5 4.080388895775806 16 
0005 0002 1665819906613906 82.1875 -68.5 2.000310947402876 16 
0005 0012 1665819906658670 25.625 -79.5 5.595961914206819 16 
0005 0001 1665819906664305 -4.25 -77.0 0.6135923151542565 16 
0005 0002 1665819906787138 217.25 -68.5 1.8162332528565992 16 
0005 0004 1665819906790475 -182.25 -67.5 4.589670517353839 16 
0005 0000 1665819906791822 -8.9375 -56.5 3.3502140407422405 16 
0005 0003 1665819906793213 -21.9375 -57.5 3.5158839658338894 16 
0005 0014 1665819906795305 126.125 -65.5 4.04357335686655 16 
0005 0011 1665819906808021 56.125 -71.5 0.4540583132141498 16 
0005 0001 1665819906854682 -5.4375 -77.5 0.705631162427395 16 
0005 0012 1665819906870376 -13.375 -79.0 6.025476534814799 16 
0005 0014 1665819906921936 34.9375 -66.5 4.111068511533518 16 
0005 0011 1665819906923574 -78.0625 -72.5 0.5645049299419159 16 
0005 0004 1665819906925862 0.0 -67.0 4.522175362686871 16 
0005 0003 1665819906928083 39.0 -58.0 3.454524734318464 16 
0005 0000 1665819906929121 17.0625 -56.5 3.3379421944391554 16 
0005 0002 1665819906931158 221.3125 -69.0 1.748738098189631 16 
0005 0012 1665819906965181 -11.4375 -78.0 6.074563920027139 16 
0005 0001 1665819906985300 -0.875 -76.5 0.6565437772150544 16 
0005 0005 1665819907019944 -0.1875 -75.5 0.6749515466696822 16 
0005 0003 1665819907050684 -26.0 -58.0 3.5342917352885173 16 
0005 0002 1665819907053621 -156.1875 -69.0 2.227340104009951 16 
0005 0014 1665819907056981 4.0625 -66.5 4.080388895775806 16 
0005 0000 1665819907058092 -30.0625 -56.0 3.3747577333484107 16 
0005 0004 1665819907059644 -26.0 -67.0 4.417864669110647 16 
0005 0011 1665819907069816 -208.3125 -70.5 0.5276893910326605 16 
0005 0012 1665819907115618 22.6875 -78.5 5.859806609723149 16 
