0005 0009 1665820518206737 -169.25 -66.0 3.8963112012295285 17 
0005 0004 1665820518207660 13.0 -68.0 3.9760782021995817 17 
0005 0002 1665820518208899 -91.125 -64.5 2.9943304979527716 17 
0005 0014 1665820518210052 143.1875 -69.0 4.503767593232243 17 
0005 0008 1665820518211909 -4.0625 -62.0 5.737088146692298 17 
0005 0005 1665820518214185 26.0 -69.5 5.927301764390117 17 
0005 0010 1665820518221565 17.0625 -71.0 3.6876898140770815 17 
0005 0015 1665820518223515 -30.0625 -71.0 2.9145634969827183 17 
0005 0012 1665820518242626 -30.9375 -77.5 5.64504929941916 17 
0005 0003 1665820518325301 21.9375 -58.5 2.5341362615870793 17 
0005 0014 1665820518326213 117.125 -70.5 4.601942363656923 17 
0005 0008 1665820518328130 30.0625 -62.0 5.6573211457222445 17 
0005 0005 1665820518329535 -34.9375 -71.0 6.025476534814799 17 
0005 0002 1665820518330716 -52.0625 -64.5 3.0250101137104846 17 
0005 0000 1665820518331653 -34.9375 -58.0 3.043417883165112 17 
0005 0009 1665820518333215 -195.25 -65.0 3.877903431774901 17 
0005 0004 1665820518335562 -30.0625 -69.5 4.061981126321178 17 
0005 0015 1665820518339078 -121.25 -72.5 2.9636508821950587 17 
0005 0012 1665820518363645 65.125 -77.0 5.154175447295755 17 
0005 0000 1665820518439712 -4.0625 -58.0 3.018874190558942 17 
0005 0003 1665820518442225 -91.125 -58.5 2.675262494072558 17 
0005 0009 1665820518443604 -61.0 -65.0 3.792000507653305 17 
0005 0008 1665820518446554 -56.125 -61.5 5.786175531904639 17 
0005 0014 1665820518447465 13.0 -70.0 4.583534594202296 17 
0005 0002 1665820518448620 -74.0 -65.0 3.031146036862027 17 
0005 0005 1665820518450173 195.25 -70.5 6.080699843178682 17 
0005 0004 1665820518451950 -48.0 -68.0 3.9944859716542096 17 
0005 0010 1665820518455792 -260.375 -72.0 4.0987966652304335 17 
0005 0015 1665820518463770 -14.1875 -73.0 6.037748381117884 17 
0005 0012 1665820518493817 -49.5625 -77.0 5.7616318392984684 17 
0005 0008 1665820518565479 -39.0 -61.5 5.743224069843841 17 
0005 0002 1665820518566840 13.0 -64.5 2.9268353432858034 17 
0005 0003 1665820518569160 -82.1875 -58.5 2.6691265709210157 17 
0005 0004 1665820518570085 -82.1875 -68.5 4.061981126321178 17 
0005 0009 1665820518571239 -52.0625 -65.0 3.7551849687440497 17 
0005 0014 1665820518572136 -152.125 -70.5 4.853515212870168 17 
0005 0005 1665820518574055 -139.125 -70.0 6.117515382087937 17 
0005 0000 1665820518575487 21.9375 -58.5 2.9943304979527716 17 
0005 0015 1665820518576378 377.5625 -71.5 2.478912953223196 17 
0005 0010 1665820518578769 -143.1875 -72.0 3.816544200259475 17 
0005 0012 1665820518613250 8.0625 -77.5 2.429825568010856 17 
0005 0002 1665820518695977 156.1875 -65.5 2.773437264497239 17 
0005 0009 1665820518697369 -21.9375 -65.5 3.736777199289422 17 
0005 0005 1665820518699359 130.1875 -70.0 5.792311455056181 17 
0005 0014 1665820518700527 117.125 -70.5 4.540583132141498 17 
0005 0004 1665820518703307 -39.0 -68.0 3.9453985864418692 17 
0005 0003 1665820518705082 -13.0 -59.0 2.5832236467994196 17 
0005 0000 1665820518706222 -26.0 -58.0 3.018874190558942 17 
0005 0008 1665820518708439 -17.0625 -61.5 5.712544454086128 17 
0005 0015 1665820518720745 -95.1875 -71.5 3.0250101137104846 17 
0005 0010 1665820518723028 -182.25 -71.0 3.7981364308048478 17 
0005 0012 1665820518750158 -6.5 -78.0 5.50392306693368 17 
0005 0002 1665820518823454 143.1875 -65.0 2.82252464970958 17 
0005 0009 1665820518825495 0.0 -66.0 3.693825737228624 17 
0005 0004 1665820518826427 -100.0625 -68.5 4.037437433715008 17 
0005 0008 1665820518828103 17.0625 -62.0 5.724816300389213 17 
0005 0003 1665820518829210 -8.9375 -59.0 2.552544031041707 17 
0005 0000 1665820518831407 -52.0625 -58.0 3.0495538063166547 17 
0005 0014 1665820518833235 -82.1875 -70.0 4.626486056263094 17 
0005 0010 1665820518835855 113.0625 -71.5 3.6017868899554855 17 
0005 0005 1665820518839102 34.9375 -70.5 5.915029918087033 17 
0005 0015 1665820518845115 -26.0 -70.5 2.9391071895888885 17 
0005 0012 1665820518877596 9.75 -77.5 5.6143696836614465 17 
0005 0000 1665820518964229 -21.9375 -58.5 3.0250101137104846 17 
0005 0010 1665820518965412 -39.0 -69.5 3.6876898140770815 17 
0005 0014 1665820518967149 -269.3125 -71.0 4.988505522204105 17 
0005 0004 1665820518968789 13.0 -67.0 3.8410878928656453 17 
0005 0009 1665820518969672 -48.0 -66.0 3.730641276137879 17 
0005 0002 1665820518970583 -13.0 -65.0 2.8961557275280905 17 
0005 0008 1665820518972034 -17.0625 -62.0 5.7616318392984684 17 
0005 0003 1665820518973682 -39.0 -59.0 2.5832236467994196 17 
0005 0005 1665820518983152 -100.0625 -70.0 6.12365130523948 17 
0005 0015 1665820518984786 17.0625 -72.5 2.761165418194154 17 
0005 0012 1665820519030591 -61.0 -77.5 5.663457068873787 17 
0005 0002 1665820519109380 -43.125 -65.0 2.8838838812250054 17 
0005 0009 1665820519110773 -78.0625 -66.0 3.767456815047135 17 
0005 0004 1665820519111982 -78.0625 -68.5 4.031301510563465 17 
0005 0008 1665820519113119 4.0625 -62.0 5.706408530934585 17 
0005 0003 1665820519115004 -8.9375 -58.5 2.60776733940559 17 
0005 0014 1665820519116127 -4.0625 -70.0 4.657165672020807 17 
0005 0000 1665820519116996 -30.0625 -58.5 3.0372819600135696 17 
0005 0005 1665820519118291 39.0 -71.0 5.902758071783947 17 
0005 0010 1665820519126705 -8.9375 -71.5 3.77972866135022 17 
0005 0015 1665820519141327 52.0625 -71.0 2.791845033951867 17 
0005 0012 1665820519175018 -13.875 -77.5 5.724816300389213 17 
0005 0000 1665820519256676 8.9375 -58.5 3.000466421104314 17 
0005 0002 1665820519258711 -87.0625 -64.5 3.0250101137104846 17 
0005 0010 1665820519259820 65.0625 -72.5 3.54042765844006 17 
0005 0014 1665820519260759 21.9375 -70.0 4.466952054322987 17 
0005 0003 1665820519262689 26.0 -59.0 2.5709518004963345 17 
0005 0008 1665820519264363 -48.0 -61.5 5.780039608753096 17 
0005 0009 1665820519265260 4.0625 -65.5 3.6017868899554855 17 
0005 0004 1665820519266175 113.0625 -68.0 3.785864584501762 17 
0005 0015 1665820519267471 -87.0625 -72.0 2.9943304979527716 17 
0005 0005 1665820519270157 -173.3125 -71.5 6.037748381117884 17 
0005 0012 1665820519295819 -21.9375 -77.0 2.3439226438892597 17 
0005 0010 1665820519372160 -95.1875 -71.0 3.9576704327449543 17 
0005 0005 1665820519373355 -74.0 -71.0 6.111379458936394 17 
0005 0014 1665820519374254 -286.4375 -70.0 4.884194828627882 17 
0005 0003 1665820519375118 34.9375 -58.5 2.5464081078901644 17 
0005 0002 1665820519378327 -95.1875 -65.5 3.06182565261974 17 
0005 0009 1665820519379434 -8.9375 -66.0 3.6140587362585705 17 
0005 0000 1665820519381146 0.0 -58.5 3.0250101137104846 17 
0005 0008 1665820519383923 -39.0 -61.5 5.737088146692298 17 
0005 0004 1665820519385233 -199.375 -68.0 4.025165587411922 17 
0005 0015 1665820519386133 -169.25 -71.0 3.0250101137104846 17 
0005 0012 1665820519387680 -355.5625 -73.5 5.939573610693203 17 
0005 0005 1665820519485113 48.0 -71.5 5.835262917116979 17 
0005 0000 1665820519486052 43.125 -58.5 2.945243112740431 17 
0005 0002 1665820519487189 -56.125 -65.0 2.9575149590435164 17 
0005 0014 1665820519488114 -61.0 -71.0 4.7307967498393175 17 
0005 0015 1665820519489471 247.375 -72.0 2.6200391857086753 17 
0005 0009 1665820519492294 -13.0 -65.5 3.6447383520162835 17 
0005 0003 1665820519496354 8.9375 -58.5 2.5832236467994196 17 
0005 0008 1665820519497505 -8.9375 -61.5 5.64504929941916 17 
0005 0010 1665820519498686 -152.125 -72.0 3.792000507653305 17 
0005 0004 1665820519501171 -160.3125 -68.0 3.9944859716542096 17 
0005 0012 1665820519532253 -14.625 -77.5 2.3930100291016 17 
0005 0008 1665820519610603 -61.0 -61.0 5.749359992995383 17 
0005 0000 1665820519611751 -8.9375 -59.0 3.018874190558942 17 
0005 0014 1665820519612907 -277.4375 -69.5 4.884194828627882 17 
0005 0010 1665820519613803 -26.0 -71.5 3.792000507653305 17 
0005 0002 1665820519615708 78.0625 -65.5 2.8286605728611223 17 
0005 0003 1665820519619638 -26.0 -58.5 2.5893595699509624 17 
0005 0015 1665820519620874 0.0 -72.0 2.988194574801229 17 
0005 0005 1665820519622259 199.375 -70.5 5.688000761479957 17 
0005 0009 1665820519624579 -8.9375 -64.5 3.6754179677739964 17 
0005 0004 1665820519625803 -4.0625 -68.0 3.77972866135022 17 
0005 0012 1665820519646698 3.1875 -77.0 5.565282298449106 17 
0005 0000 1665820519726441 -56.125 -58.5 3.06182565261974 17 
0005 0014 1665820519728438 -169.25 -71.0 4.9394181369917645 17 
0005 0002 1665820519729350 -65.0625 -65.5 2.9513790358919736 17 
0005 0005 1665820519730473 178.1875 -72.0 5.755495916146925 17 
0005 0015 1665820519731905 -43.125 -71.5 2.804116880254952 17 
0005 0003 1665820519733055 -26.0 -59.0 2.6016314162540475 17 
0005 0009 1665820519734871 -52.0625 -66.0 3.6263305825616556 17 
0005 0004 1665820519735739 -13.0 -68.0 3.761320891895592 17 
0005 0008 1665820519737386 -13.0 -61.5 5.706408530934585 17 
0005 0012 1665820519765942 -6.5 -77.0 5.5714182216006485 17 
0005 0005 1665820519842256 43.125 -71.0 5.915029918087033 17 
0005 0009 1665820519844219 -91.125 -66.0 3.761320891895592 17 
0005 0002 1665820519845598 39.0 -65.0 2.84706834231575 17 
0005 0003 1665820519847840 -8.9375 -59.0 2.6445828783148455 17 
0005 0004 1665820519848768 74.0 -68.0 3.6017868899554855 17 
0005 0008 1665820519849683 34.9375 -62.0 5.663457068873787 17 
0005 0014 1665820519850875 -78.0625 -71.0 4.693981210930062 17 
0005 0000 1665820519851773 30.0625 -59.0 3.000466421104314 17 
0005 0015 1665820519852659 -121.25 -72.0 3.1231848841351653 17 
0005 0010 1665820519854563 139.125 -72.0 3.5158839658338894 17 
0005 0012 1665820519886201 36.5625 -77.0 5.332117218690489 17 
0005 0009 1665820519967735 -26.0 -65.5 3.650874275167826 17 
0005 0003 1665820519968645 39.0 -59.0 2.5954954931025047 17 
0005 0002 1665820519972453 -121.25 -65.0 3.043417883165112 17 
0005 0004 1665820519974281 -4.0625 -67.5 3.6754179677739964 17 
0005 0015 1665820519975183 87.0625 -71.5 2.9636508821950587 17 
0005 0008 1665820519976084 -30.0625 -61.5 5.66959299202533 17 
0005 0000 1665820519977040 -43.125 -58.5 3.0925052683774528 17 
0005 0010 1665820519978364 95.1875 -71.5 3.663146121470911 17 
0005 0005 1665820519979884 -21.9375 -72.0 6.068427996875596 17 
0005 0014 1665820519980812 -212.375 -70.0 4.957825906446392 17 
0005 0012 1665820519981826 -377.5625 -75.0 5.71868037723767 17 
0005 0004 1665820520080513 -48.0 -68.0 3.7429131224409646 17 
0005 0008 1665820520082900 30.0625 -62.0 5.638913376267617 17 
0005 0000 1665820520083837 -8.9375 -59.0 3.0495538063166547 17 
0005 0009 1665820520084992 -160.3125 -65.5 3.706097583531709 17 
0005 0003 1665820520085986 8.9375 -58.5 2.5893595699509624 17 
0005 0002 1665820520087110 -91.125 -65.0 3.055689729468197 17 
0005 0005 1665820520088545 65.0625 -69.5 5.896622148632405 17 
0005 0014 1665820520089400 30.0625 -71.0 4.681709364626977 17 
0005 0010 1665820520092545 52.0625 -71.0 3.5158839658338894 17 
0005 0015 1665820520105088 -4.0625 -71.0 2.742757648739526 17 
0005 0012 1665820520124958 -9.75 -77.0 5.4671075280244255 17 
0005 0004 1665820520214586 -78.0625 -68.0 3.80427235395639 17 
0005 0009 1665820520216669 -48.0 -65.5 3.6386024288647407 17 
0005 0002 1665820520217612 -113.0625 -65.0 3.043417883165112 17 
0005 0008 1665820520218803 -34.9375 -62.0 5.730952223540755 17 
0005 0003 1665820520219966 -13.0 -58.5 2.60776733940559 17 
0005 0005 1665820520220865 130.1875 -70.5 5.688000761479957 17 
0005 0000 1665820520223008 -30.0625 -58.5 3.06182565261974 17 
0005 0015 1665820520225652 -87.0625 -72.0 2.9697868053466014 17 
0005 0014 1665820520226578 -143.1875 -71.5 4.921010367537137 17 
0005 0010 1665820520229708 -264.4375 -72.5 4.111068511533518 17 
0005 0012 1665820520259334 -8.0625 -77.5 5.553010452146021 17 
0005 0008 1665820520332927 -17.0625 -62.0 5.688000761479957 17 
0005 0010 1665820520335458 178.1875 -71.5 3.485204350076177 17 
0005 0014 1665820520336441 -238.4375 -69.5 4.970097752749477 17 
0005 0000 1665820520337377 48.0 -59.0 2.9697868053466014 17 
0005 0003 1665820520338623 4.0625 -58.5 2.6139032625571326 17 
0005 0004 1665820520340939 -169.25 -68.0 3.9515345095934116 17 
0005 0002 1665820520341851 -65.0625 -65.0 2.9943304979527716 17 
0005 0009 1665820520342789 -17.0625 -66.5 3.6999616603801666 17 
0005 0005 1665820520347921 87.0625 -70.5 5.7616318392984684 17 
0005 0015 1665820520349767 43.125 -71.5 2.9022916506796332 17 
0005 0012 1665820520374024 -4.875 -77.5 5.66959299202533 17 
0005 0002 1665820520452687 -156.1875 -64.0 3.141592653589793 17 
0005 0010 1665820520453795 -21.9375 -70.5 3.7551849687440497 17 
0005 0000 1665820520454706 -21.9375 -58.5 3.08636934522591 17 
0005 0008 1665820520455614 0.0 -62.0 5.6941366846315 17 
0005 0004 1665820520457043 -52.0625 -69.0 3.767456815047135 17 
0005 0003 1665820520457966 -48.0 -58.5 2.6568547246179306 17 
0005 0009 1665820520459402 -34.9375 -65.5 3.6815538909255388 17 
0005 0014 1665820520460767 -52.0625 -70.5 4.798291904506286 17 
0005 0005 1665820520465949 247.375 -71.0 5.743224069843841 17 
0005 0015 1665820520472725 48.0 -72.5 2.767301341345697 17 
0005 0012 1665820520501267 -4.875 -77.0 2.3746022596469727 17 
0005 0015 1665820520579276 -74.0 -71.0 3.043417883165112 17 
0005 0002 1665820520580443 -39.0 -65.0 3.0127382674073995 17 
0005 0005 1665820520581581 -130.1875 -70.0 6.050020227420969 17 
0005 0014 1665820520582704 204.25 -68.5 4.448544284868359 17 
0005 0010 1665820520583643 -82.1875 -72.0 3.7981364308048478 17 
0005 0003 1665820520585062 -65.0625 -59.0 2.675262494072558 17 
0005 0009 1665820520586411 -108.1875 -66.0 3.6999616603801666 17 
0005 0008 1665820520587945 13.0 -62.0 5.688000761479957 17 
0005 0000 1665820520589225 -21.9375 -58.5 3.06182565261974 17 
0005 0004 1665820520591314 -169.25 -68.0 3.9392626632903265 17 
0005 0012 1665820520619027 8.0625 -77.5 5.491651220630596 17 
0005 0014 1665820520693836 74.0 -69.5 4.614214209960009 17 
0005 0000 1665820520695615 30.0625 -59.0 3.000466421104314 17 
0005 0008 1665820520696811 78.0625 -62.0 5.5714182216006485 17 
0005 0002 1665820520697936 -100.0625 -65.0 3.0372819600135696 17 
0005 0015 1665820520699345 303.5 -71.5 2.454369260617026 17 
0005 0003 1665820520700282 39.0 -59.0 2.5464081078901644 17 
0005 0010 1665820520703347 -17.0625 -71.5 3.749049045592507 17 
0005 0009 1665820520704287 -48.0 -65.5 3.718369429834794 17 
0005 0004 1665820520705923 69.125 -67.5 3.6876898140770815 17 
0005 0005 1665820520708085 -204.25 -70.5 6.2463697682703305 17 
0005 0012 1665820520728262 -11.4375 -78.0 2.3746022596469727 17 
0005 0003 1665820520810032 13.0 -58.5 2.6139032625571326 17 
0005 0009 1665820520811284 -8.9375 -65.5 3.6876898140770815 17 
0005 0008 1665820520812196 -87.0625 -62.0 5.829126993965437 17 
0005 0000 1665820520814317 -34.9375 -58.5 3.098641191528995 17 
0005 0014 1665820520815243 -130.1875 -70.0 4.81056375080937 17 
0005 0002 1665820520817158 4.0625 -65.0 2.945243112740431 17 
0005 0005 1665820520818914 -195.25 -70.0 6.068427996875596 17 
0005 0015 1665820520819826 21.9375 -72.0 3.000466421104314 17 
0005 0004 1665820520820741 -147.25 -68.0 3.902447124381071 17 
0005 0010 1665820520821848 39.0 -70.0 3.6386024288647407 17 
0005 0012 1665820520845909 50.5 -77.5 5.2768939103266055 17 
0005 0003 1665820520927914 13.0 -59.0 2.6016314162540475 17 
0005 0008 1665820520929651 -74.0 -62.5 5.71868037723767 17 
0005 0009 1665820520931655 -108.1875 -66.0 3.730641276137879 17 
0005 0000 1665820520933579 -17.0625 -58.5 3.11091303783208 17 
0005 0010 1665820520937127 91.125 -72.5 3.6263305825616556 17 
0005 0014 1665820520939269 -238.4375 -70.5 4.933282213840222 17 
0005 0002 1665820520941492 17.0625 -65.5 2.9513790358919736 17 
0005 0004 1665820520942406 139.125 -68.5 3.6263305825616556 17 
0005 0005 1665820520945227 -217.25 -71.5 6.277049384028044 17 
0005 0015 1665820520955707 277.4375 -72.0 2.6016314162540475 17 
0005 0012 1665820520983511 -40.6875 -78.0 5.798447378207723 17 
0005 0008 1665820521063958 -65.0625 -61.5 5.7616318392984684 17 
0005 0004 1665820521064842 -160.3125 -67.5 3.9392626632903265 17 
0005 0009 1665820521066817 -61.0 -66.0 3.724505352986337 17 
0005 0015 1665820521068197 -4.0625 -72.0 2.8102528034064944 17 
0005 0000 1665820521069846 -21.9375 -59.0 3.0925052683774528 17 
0005 0002 1665820521071015 34.9375 -65.0 2.9206994201342606 17 
0005 0014 1665820521071927 -65.0625 -69.0 4.76147636559703 17 
0005 0005 1665820521072856 -238.4375 -69.0 6.166602767300278 17 
0005 0003 1665820521074244 -43.125 -58.5 2.650718801466388 17 
0005 0010 1665820521077157 -104.125 -72.5 3.8533597391687304 17 
0005 0012 1665820521111865 10.5 -77.5 5.626641529964532 17 
0005 0014 1665820521189633 -130.1875 -70.5 4.914874444385594 17 
0005 0003 1665820521190853 -8.9375 -58.5 2.6016314162540475 17 
0005 0008 1665820521192262 -134.25 -62.5 5.816855147662351 17 
0005 0010 1665820521193173 121.25 -72.5 3.650874275167826 17 
0005 0009 1665820521194566 -26.0 -66.0 3.724505352986337 17 
0005 0004 1665820521195931 -48.0 -69.0 3.8717675086233583 17 
0005 0000 1665820521196839 -4.0625 -58.5 3.104777114680538 17 
0005 0002 1665820521198969 -43.125 -65.5 3.031146036862027 17 
0005 0005 1665820521203960 -91.125 -69.5 6.080699843178682 17 
0005 0015 1665820521204889 -74.0 -72.0 2.9636508821950587 17 
0005 0012 1665820521229673 -16.3125 -77.5 5.45483568172134 17 
0005 0000 1665820521326833 -8.9375 -59.0 3.141592653589793 17 
0005 0008 1665820521328228 -39.0 -62.0 5.810719224510809 17 
0005 0003 1665820521329359 0.0 -59.0 2.5893595699509624 17 
0005 0004 1665820521330771 74.0 -68.5 3.773592738198677 17 
0005 0009 1665820521334191 -74.0 -65.0 3.834951969714103 17 
0005 0010 1665820521335428 121.25 -71.5 3.472932503773092 17 
0005 0014 1665820521336367 30.0625 -69.5 4.552854978444583 17 
0005 0002 1665820521337447 -82.1875 -64.5 2.988194574801229 17 
0005 0005 1665820521339221 78.0625 -71.5 5.890486225480862 17 
0005 0015 1665820521342048 -139.125 -71.5 3.1784081924990484 17 
0005 0012 1665820521359057 -4.0625 -77.0 2.3009711818284617 17 
0005 0008 1665820521445253 -65.0625 -62.5 6.154330920997192 17 
0005 0004 1665820521446151 308.375 -70.0 4.448544284868359 17 
0005 0002 1665820521447047 -78.0625 -64.0 2.9329712664373457 17 
0005 0009 1665820521448697 -69.125 -65.5 4.301282129231338 17 
0005 0000 1665820521449593 -21.9375 -58.5 3.2029518851052186 17 
0005 0005 1665820521453272 52.0625 -69.0 5.902758071783947 17 
0005 0003 1665820521456089 -74.0 -59.0 2.478912953223196 17 
0005 0015 1665820521457582 -4.0625 -72.5 2.7120780329818137 17 
0005 0014 1665820521458540 104.125 -69.0 4.485359823777615 17 
0005 0010 1665820521460175 -156.1875 -69.5 4.080388895775806 17 
0005 0012 1665820521502621 56.5 -76.0 5.258486140871978 17 
0005 0011 1665820521515892 -9.0 -77.0 0.09817477042468103 17 
0005 0002 1665820521594300 -30.0625 -62.0 2.6200391857086753 17 
0005 0000 1665820521595551 -30.0625 -58.0 3.2397674240144743 17 
0005 0009 1665820521596490 -8.9375 -61.5 4.847379289718626 17 
0005 0008 1665820521597358 8.9375 -63.0 1.1228739367322893 17 
0005 0003 1665820521598523 -17.0625 -59.5 1.932815792735908 17 
0005 0005 1665820521599423 -82.1875 -67.0 6.056156150572511 17 
0005 0011 1665820521603141 39.0 -75.5 0.04295146206079795 17 
0005 0010 1665820521605574 -234.3125 -70.0 4.2092432819582 17 
0005 0014 1665820521607659 -21.9375 -70.0 4.921010367537137 17 
0005 0004 1665820521608826 -8.9375 -64.5 0.4295146206079795 17 
0005 0015 1665820521612006 -130.1875 -72.5 2.8654761117703775 17 
0005 0012 1665820521631112 -41.5 -78.5 5.313709449235861 17 
0005 0009 1665820521713270 -126.125 -61.5 5.178719139901925 17 
0005 0010 1665820521714139 -69.125 -70.0 3.6140587362585705 17 
0005 0008 1665820521715531 -21.9375 -59.0 2.110757564130642 17 
0005 0000 1665820521717420 -39.0 -60.0 3.423845118560751 17 
0005 0014 1665820521719083 -100.0625 -68.5 4.804427827657828 17 
0005 0005 1665820521720930 -21.9375 -68.0 6.0991076126333095 17 
0005 0011 1665820521722567 113.0625 -71.5 6.013204688511713 17 
0005 0002 1665820521723704 43.125 -60.5 2.110757564130642 17 
0005 0003 1665820521724597 13.0 -62.0 1.0676506283684062 17 
0005 0004 1665820521725721 13.0 -58.5 0.9817477042468103 17 
0005 0015 1665820521730931 459.75 -72.0 2.6200391857086753 17 
0005 0012 1665820521746009 22.6875 -79.0 5.350524988145116 17 
0005 0001 1665820521786383 0.875 -73.5 0.44178646691106466 17 
0005 0001 1665820521834856 -156.1875 -70.5 2.6998061866787286 17 
0005 0009 1665820521837383 43.125 -65.5 5.111223985234957 17 
0005 0004 1665820521838277 -4.0625 -55.0 0.9510680884890975 17 
0005 0008 1665820521839201 13.0 -57.5 2.3316507975861747 17 
0005 0015 1665820521840611 21.9375 -73.0 2.5586799541932495 17 
0005 0003 1665820521841761 -56.125 -64.5 0.25770877236478773 17 
0005 0005 1665820521842645 34.9375 -69.0 6.2034183062095325 17 
0005 0010 1665820521843511 -4.0625 -69.0 3.724505352986337 17 
0005 0002 1665820521845189 56.125 -60.5 1.4358060174609601 17 
0005 0000 1665820521847208 -21.9375 -64.0 3.6876898140770815 17 
0005 0014 1665820521848489 17.0625 -69.0 4.675573441475434 17 
0005 0011 1665820521851811 26.0 -72.5 0.07363107781851078 17 
0005 0010 1665820521966807 -130.1875 -67.5 3.9085830475326135 17 
0005 0004 1665820521967698 0.0 -53.0 0.8897088569736719 17 
0005 0008 1665820521969378 8.9375 -57.5 2.227340104009951 17 
0005 0014 1665820521970783 8.9375 -69.0 4.767612288748572 17 
0005 0003 1665820521972884 61.0 -70.0 5.258486140871978 17 
0005 0015 1665820521974026 338.5 -72.0 2.2334760271614935 17 
0005 0009 1665820521976126 -199.375 -66.0 5.105088062083414 17 
0005 0002 1665820521977347 -56.125 -62.5 0.7731263170943632 17 
0005 0005 1665820521978300 -4.0625 -67.0 0.48473792897186263 17 
0005 0001 1665820522014837 -9.75 -74.5 4.417864669110647 17 
0005 0011 1665820522059145 -3.1875 -76.5 4.147884050442774 17 
0005 0007 1665820522066462 10.1875 -75.0 0.2086213871524472 17 
0005 0000 1665820522100585 -2.4375 -76.0 0.07976700097005335 17 
0005 0005 1665820522121778 95.1875 -64.5 0.6749515466696822 17 
0005 0009 1665820522123526 17.0625 -66.0 4.485359823777615 17 
0005 0008 1665820522124437 -34.9375 -58.5 2.1598449493429825 17 
0005 0014 1665820522126085 -113.0625 -69.0 4.97623367590102 17 
0005 0010 1665820522127009 8.9375 -65.0 4.246058820867455 17 
0005 0002 1665820522129123 8.9375 -63.0 5.884350302329319 17 
0005 0004 1665820522130077 -8.9375 -52.5 0.8344855486097889 17 
0005 0015 1665820522131190 13.0 -71.5 2.945243112740431 17 
0005 0007 1665820522133341 104.125 -72.5 3.5711072741977725 17 
0005 0001 1665820522134237 -464.625 -71.0 2.3316507975861747 17 
0005 0011 1665820522161473 -30.9375 -76.0 4.215379205109742 17 
0005 0000 1665820522213956 6.8125 -76.0 0.04295146206079795 17 
0005 0015 1665820522244479 61.0 -71.0 2.8716120349219203 17 
0005 0004 1665820522245772 -17.0625 -52.5 0.803805932852076 17 
0005 0014 1665820522247167 -160.3125 -69.5 4.9823695990525625 17 
0005 0008 1665820522250415 -21.9375 -60.0 2.116893487282185 17 
0005 0010 1665820522252051 -91.125 -64.0 4.338097668140593 17 
0005 0002 1665820522252947 -26.0 -63.5 5.5284667595398505 17 
0005 0005 1665820522254086 34.9375 -64.5 0.705631162427395 17 
0005 0001 1665820522255336 -21.9375 -70.0 0.2945243112740431 17 
0005 0007 1665820522256462 21.9375 -71.0 3.5772431973493153 17 
0005 0009 1665820522257431 43.125 -65.5 3.8717675086233583 17 
0005 0011 1665820522280016 0.75 -76.0 0.859029241215959 17 
0005 0000 1665820522315966 0.4375 -77.0 0.1043106935762236 17 
0005 0008 1665820522373359 -48.0 -60.0 2.061670178918302 17 
0005 0005 1665820522374554 -13.0 -63.5 0.7179030087304801 17 
0005 0010 1665820522377242 -126.125 -64.5 4.331961744989051 17 
0005 0007 1665820522379299 -26.0 -69.0 3.6017868899554855 17 
0005 0004 1665820522380857 -8.9375 -53.0 0.7363107781851077 17 
0005 0009 1665820522382475 -143.1875 -65.5 3.5465635815916023 17 
0005 0002 1665820522383426 21.9375 -65.0 5.105088062083414 17 
0005 0001 1665820522387428 26.0 -68.0 6.019340611663256 17 
0005 0015 1665820522388913 -212.375 -72.0 2.9391071895888885 17 
0005 0014 1665820522390404 -21.9375 -70.0 4.847379289718626 17 
0005 0000 1665820522456082 7.625 -77.0 0.11044661672776616 17 
0005 0011 1665820522572705 -5.0625 -77.5 4.264466590322082 17 
0005 0001 1665820522623373 -143.1875 -67.0 5.737088146692298 17 
0005 0007 1665820522624299 126.125 -71.0 3.074097498922825 17 
0005 0008 1665820522625464 -21.9375 -60.5 1.9512235621905356 17 
0005 0005 1665820522626376 -21.9375 -63.5 0.6013204688511713 17 
0005 0010 1665820522627317 -17.0625 -64.5 4.190835512503572 17 
0005 0014 1665820522628920 -4.0625 -69.5 4.706253057233147 17 
0005 0004 1665820522630072 4.0625 -53.0 0.6504078540635119 17 
0005 0002 1665820522631496 87.0625 -66.0 4.6878452877785195 17 
0005 0015 1665820522632394 21.9375 -71.0 2.8286605728611223 17 
0005 0009 1665820522634793 -74.0 -66.0 3.380893656499953 17 
0005 0000 1665820522659227 -11.4375 -77.0 0.09817477042468103 17 
0005 0011 1665820522733511 -4.875 -78.0 1.0369710126106935 17 
0005 0010 1665820522783901 21.9375 -64.0 4.1601558967458585 17 
0005 0005 1665820522784785 -17.0625 -64.0 0.5154175447295755 17 
0005 0007 1665820522785714 178.1875 -70.5 3.11091303783208 17 
0005 0002 1665820522786624 74.0 -66.0 4.7860200582032 17 
0005 0008 1665820522788031 -26.0 -60.0 1.9757672547967058 17 
0005 0004 1665820522788925 8.9375 -53.0 0.607456392002714 17 
0005 0015 1665820522790321 -13.0 -70.5 2.7857091108003242 17 
0005 0001 1665820522791502 17.0625 -67.0 5.651185222570702 17 
0005 0009 1665820522792473 -169.25 -67.0 3.4606606574700063 17 
0005 0014 1665820522795113 8.9375 -70.0 4.7307967498393175 17 
0005 0000 1665820522820945 -3.1875 -77.0 0.04295146206079795 17 
0005 0011 1665820522846499 -0.4375 -78.0 0.8958447801252144 17 
0005 0001 1665820522908549 -104.125 -67.5 5.8659425328746915 17 
0005 0005 1665820522909431 -13.0 -64.0 0.5338253141842031 17 
0005 0002 1665820522912694 21.9375 -65.5 4.865787059173254 17 
0005 0004 1665820522913634 17.0625 -53.0 0.6258641614573416 17 
0005 0009 1665820522914517 30.0625 -66.5 3.3318062712876126 17 
0005 0007 1665820522917261 130.1875 -70.0 3.2336315008629315 17 
0005 0015 1665820522918399 4.0625 -72.5 2.7120780329818137 17 
0005 0010 1665820522919313 -74.0 -64.5 4.276738436625168 17 
0005 0014 1665820522920409 43.125 -69.5 4.681709364626977 17 
0005 0008 1665820522921319 43.125 -60.0 1.902136176978195 17 
0005 0000 1665820522950984 36.5625 -76.0 6.080699843178682 17 
0005 0011 1665820523079005 2.9375 -77.0 4.086524818927348 17 
0005 0004 1665820523121758 -13.0 -53.0 0.6933593161243098 17 
0005 0010 1665820523124535 -169.25 -64.5 4.485359823777615 17 
0005 0002 1665820523125981 -91.125 -65.5 5.2768939103266055 17 
0005 0009 1665820523127699 -52.0625 -66.5 3.5281558121369745 17 
0005 0008 1665820523128650 -4.0625 -60.0 2.061670178918302 17 
0005 0005 1665820523130018 39.0 -64.0 0.6872233929727672 17 
0005 0001 1665820523131186 26.0 -67.0 5.9518454569962875 17 
0005 0014 1665820523134477 -191.1875 -69.5 5.080544369477243 17 
0005 0007 1665820523137500 -199.375 -72.0 3.5588354278946874 17 
0005 0015 1665820523140063 -130.1875 -70.5 3.184544115650591 17 
0005 0000 1665820523168369 4.875 -75.0 0.23930100291016002 17 
