0005 0013 1665798236896522 56.125 -66.5 6.22182607566416 1 
0005 0012 1665798236897889 -121.25 -65.5 3.9085830475326135 1 
0005 0008 1665798236899907 152.125 -62.5 5.884350302329319 1 
0005 0011 1665798236900805 -69.125 -62.5 4.700117134081604 1 
0005 0014 1665798236990065 13.0 -57.5 1.4296700943094176 1 
0005 0010 1665798236992836 -8.9375 -62.5 2.0923497946760143 1 
0005 0011 1665798236993794 -65.0625 -63.0 4.7860200582032 1 
0005 0009 1665798236994703 -21.9375 -68.0 3.000466421104314 1 
0005 0007 1665798236995558 30.0625 -60.0 2.767301341345697 1 
0005 0013 1665798236998668 78.0625 -67.5 6.19728238305799 1 
0005 0004 1665798237000417 13.0 -63.0 3.2029518851052186 1 
0005 0003 1665798237002351 4.0625 -65.5 2.773437264497239 1 
0005 0005 1665798237003943 -13.0 -58.5 3.890175278077986 1 
0005 0008 1665798237005095 26.0 -63.0 6.086835766330224 1 
0005 0012 1665798237006122 -26.0 -65.0 3.792000507653305 1 
0005 0000 1665798237063323 6.8125 -78.5 0.9633399347921826 1 
0005 0002 1665798237149229 -2.1875 -78.5 0.2699806186678728 1 
0005 0014 1665798237155261 43.125 -58.0 1.423534171157875 1 
0005 0009 1665798237156145 -121.25 -66.5 3.2090878082567613 1 
0005 0013 1665798237157045 -13.0 -66.5 6.191146459906448 1 
0005 0012 1665798237158965 -43.125 -66.0 3.7429131224409646 1 
0005 0007 1665798237159875 -13.0 -60.0 2.8409324191642074 1 
0005 0008 1665798237162206 -52.0625 -62.0 6.178874613603362 1 
0005 0010 1665798237164136 -34.9375 -62.0 2.1046216409791 1 
0005 0011 1665798237165290 -17.0625 -62.5 4.755340442445488 1 
0005 0004 1665798237166938 -8.9375 -63.0 3.153864499892878 1 
0005 0005 1665798237168347 -30.0625 -59.0 3.933126740138784 1 
0005 0003 1665798237169199 100.0625 -65.5 2.736621725587984 1 
0005 0000 1665798237219783 -0.875 -77.5 4.123340357836604 1 
0005 0006 1665798237247236 2.125 -74.0 5.921165841238575 1 
0005 0002 1665798237278651 11.0625 -78.0 0.11658253987930872 1 
0005 0009 1665798237286161 21.9375 -67.0 3.129320807286708 1 
0005 0003 1665798237287285 113.0625 -66.5 2.7857091108003242 1 
0005 0005 1665798237288478 -21.9375 -59.5 3.9208548938356986 1 
0005 0014 1665798237289631 4.0625 -58.5 1.4419419406125027 1 
0005 0008 1665798237292513 4.0625 -62.0 6.111379458936394 1 
0005 0004 1665798237295904 13.0 -63.0 3.117048960983623 1 
0005 0013 1665798237296834 21.9375 -66.0 0.11044661672776616 1 
0005 0007 1665798237298499 30.0625 -60.0 2.748893571891069 1 
0005 0011 1665798237299453 -4.0625 -62.0 4.700117134081604 1 
0005 0010 1665798237300397 -30.0625 -62.5 2.086213871524472 1 
0005 0012 1665798237301395 -43.125 -65.5 3.7429131224409646 1 
0005 0000 1665798237317486 18.75 -77.5 4.000621894805752 1 
0005 0006 1665798237375296 1.9375 -74.0 2.8409324191642074 1 
0005 0002 1665798237379671 -2.5625 -79.0 3.4606606574700063 1 
0005 0011 1665798237423196 -61.0 -61.5 4.859651136021712 1 
0005 0014 1665798237424858 56.125 -58.0 1.423534171157875 1 
0005 0005 1665798237427821 -39.0 -59.5 3.902447124381071 1 
0005 0007 1665798237428960 -39.0 -59.5 2.7979809571034093 1 
0005 0009 1665798237430591 -139.125 -67.5 3.2704470397721868 1 
0005 0008 1665798237432296 34.9375 -62.0 6.117515382087937 1 
0005 0010 1665798237433690 61.0 -62.5 1.8714565612204823 1 
0005 0012 1665798237435011 -130.1875 -66.0 3.865631585471816 1 
0005 0004 1665798237437693 -74.0 -63.0 3.129320807286708 1 
0005 0013 1665798237439016 -26.0 -66.0 0.0859029241215959 1 
0005 0003 1665798237439924 -8.9375 -66.5 2.9022916506796332 1 
0005 0000 1665798237476521 -13.875 -77.0 4.3074180523828804 1 
0005 0006 1665798237493268 -9.25 -74.0 2.804116880254952 1 
0005 0002 1665798237527032 -7.625 -79.0 0.1902136176978195 1 
0005 0010 1665798237570100 21.9375 -62.5 1.8407769454627694 1 
0005 0004 1665798237572051 100.0625 -63.0 2.8532042654672924 1 
0005 0011 1665798237572906 -74.0 -61.5 4.7860200582032 1 
0005 0005 1665798237573846 -34.9375 -59.5 3.9208548938356986 1 
0005 0009 1665798237574801 43.125 -67.5 2.9145634969827183 1 
0005 0012 1665798237577199 -160.3125 -66.5 3.890175278077986 1 
0005 0014 1665798237578094 13.0 -58.0 1.4603497100671303 1 
0005 0007 1665798237579474 26.0 -59.5 2.7120780329818137 1 
0005 0013 1665798237581271 52.0625 -67.0 6.252505691421874 1 
0005 0008 1665798237582193 8.9375 -62.0 6.105243535784852 1 
0005 0003 1665798237585963 -43.125 -66.0 3.117048960983623 1 
0005 0000 1665798237608424 1.625 -76.5 4.3074180523828804 1 
0005 0006 1665798237724506 7.3125 -74.0 5.816855147662351 1 
0005 0002 1665798237834526 -4.1875 -78.5 3.792000507653305 1 
0005 0013 1665798237840784 -121.25 -66.5 0.0 1 
0005 0008 1665798237842460 -139.125 -62.0 0.006135923151542565 1 
0005 0011 1665798237843430 30.0625 -61.5 4.792155981354743 1 
0005 0007 1665798237845304 -8.9375 -59.5 2.761165418194154 1 
0005 0005 1665798237846460 -48.0 -60.0 4.025165587411922 1 
0005 0004 1665798237848309 -52.0625 -63.0 3.08636934522591 1 
0005 0014 1665798237851342 82.1875 -58.0 1.3621749396424494 1 
0005 0003 1665798237852281 -100.0625 -65.5 3.3072625786814425 1 
0005 0010 1665798237853636 -143.1875 -62.5 2.1230294104337273 1 
0005 0012 1665798237857344 -34.9375 -66.5 3.650874275167826 1 
0005 0009 1665798237858879 30.0625 -67.5 2.9268353432858034 1 
0005 0000 1665798237887890 13.875 -77.0 4.344233591292136 1 
0005 0006 1665798237966475 1.625 -74.0 5.773903685601553 1 
0005 0002 1665798238024346 14.875 -78.5 3.663146121470911 1 
0005 0014 1665798238032192 -8.9375 -58.0 1.4419419406125027 1 
0005 0009 1665798238033626 34.9375 -68.0 2.8532042654672924 1 
0005 0011 1665798238035348 43.125 -62.0 4.749204519293945 1 
0005 0003 1665798238036258 -4.0625 -65.0 3.1906800388021335 1 
0005 0010 1665798238037656 87.0625 -62.5 1.9205439464328227 1 
0005 0007 1665798238038569 61.0 -59.5 2.804116880254952 1 
0005 0005 1665798238039424 -30.0625 -59.0 4.09266074207889 1 
0005 0008 1665798238041499 -39.0 -62.0 6.22182607566416 1 
0005 0004 1665798238044387 0.0 -64.0 3.129320807286708 1 
0005 0013 1665798238045266 61.0 -66.5 6.2034183062095325 1 
0005 0012 1665798238046435 -78.0625 -66.5 3.736777199289422 1 
0005 0000 1665798238073806 8.0625 -77.5 4.448544284868359 1 
0005 0012 1665798238176495 -21.9375 -66.0 3.6201946594101133 1 
0005 0009 1665798238178501 -69.125 -68.0 3.117048960983623 1 
0005 0010 1665798238179707 0.0 -62.0 2.116893487282185 1 
0005 0014 1665798238180563 -8.9375 -58.0 1.4603497100671303 1 
0005 0007 1665798238181984 -4.0625 -60.0 2.9268353432858034 1 
0005 0005 1665798238184130 -39.0 -59.0 4.0987966652304335 1 
0005 0013 1665798238186154 -61.0 -66.5 6.209554229361076 1 
0005 0011 1665798238187068 -65.0625 -61.5 4.97623367590102 1 
0005 0008 1665798238188188 -21.9375 -62.0 6.277049384028044 1 
0005 0003 1665798238190046 78.0625 -65.5 3.1661363461959633 1 
0005 0004 1665798238190928 -17.0625 -63.0 3.2029518851052186 1 
0005 0000 1665798238212464 4.875 -77.0 4.331961744989051 1 
0005 0011 1665798238284406 -43.125 -61.5 5.062136600022616 1 
0005 0008 1665798238285543 -61.0 -62.0 0.03681553890925539 1 
0005 0012 1665798238286728 143.1875 -66.0 3.3870295796514958 1 
0005 0013 1665798238287956 56.125 -66.5 6.215690152512618 1 
0005 0004 1665798238290609 -4.0625 -63.5 3.2827188860752723 1 
0005 0007 1665798238292034 39.0 -60.0 2.84706834231575 1 
0005 0005 1665798238294805 -17.0625 -59.0 4.1601558967458585 1 
0005 0014 1665798238295716 39.0 -58.5 1.4542137869155878 1 
0005 0009 1665798238297138 43.125 -68.5 2.9697868053466014 1 
0005 0003 1665798238300478 -160.3125 -65.5 3.4913402732277192 1 
0005 0010 1665798238301433 104.125 -62.5 2.067806102069844 1 
0005 0000 1665798238315527 15.375 -77.5 4.430136515413731 1 
0005 0002 1665798238349160 18.5625 -79.0 4.129476280988146 1 
0005 0004 1665798238400996 -43.125 -63.5 3.3870295796514958 1 
0005 0009 1665798238401852 -104.125 -68.0 3.3195344249845276 1 
0005 0011 1665798238403018 -69.125 -61.0 5.0253210611133605 1 
0005 0003 1665798238404394 48.0 -65.5 3.2949907323783574 1 
0005 0008 1665798238405335 -108.1875 -62.5 0.07976700097005335 1 
0005 0005 1665798238406950 8.9375 -59.0 4.135612204139688 1 
0005 0012 1665798238408149 -61.0 -65.5 3.730641276137879 1 
0005 0007 1665798238409738 4.0625 -59.5 2.9084275738311756 1 
0005 0014 1665798238410920 13.0 -58.0 1.4726215563702154 1 
0005 0010 1665798238411820 26.0 -62.5 2.110757564130642 1 
0005 0013 1665798238413019 -34.9375 -67.0 6.264777537724958 1 
0005 0002 1665798238440942 -13.875 -78.0 1.1780972450961724 1 
0005 0000 1665798238446755 10.5 -77.0 4.485359823777615 1 
0005 0007 1665798238515502 26.0 -60.0 2.9697868053466014 1 
0005 0005 1665798238516426 -8.9375 -58.5 4.166291819897402 1 
0005 0008 1665798238518954 21.9375 -62.0 0.01227184630308513 1 
0005 0003 1665798238519910 91.125 -66.5 3.1784081924990484 1 
0005 0010 1665798238521090 100.0625 -62.5 2.110757564130642 1 
0005 0009 1665798238523023 -65.0625 -68.5 3.32567034813607 1 
0005 0011 1665798238526002 -87.0625 -61.5 5.098952138931871 1 
0005 0014 1665798238526952 0.0 -58.0 1.4910293258248433 1 
0005 0004 1665798238528350 -17.0625 -63.0 3.436116964863836 1 
0005 0013 1665798238529280 -39.0 -66.0 0.11658253987930872 1 
0005 0012 1665798238530837 8.9375 -65.0 3.6447383520162835 1 
0005 0002 1665798238547065 -26.8125 -78.5 1.4051264017032472 1 
0005 0000 1665798238552113 -7.3125 -77.0 4.411728745959104 1 
0005 0013 1665798238624024 -65.0625 -67.0 6.252505691421874 1 
0005 0007 1665798238624976 8.9375 -60.5 2.9636508821950587 1 
0005 0008 1665798238626158 8.9375 -62.0 0.11044661672776616 1 
0005 0010 1665798238629428 -26.0 -62.5 2.2334760271614935 1 
0005 0004 1665798238631134 -21.9375 -63.0 3.5158839658338894 1 
0005 0012 1665798238632089 4.0625 -66.0 3.693825737228624 1 
0005 0011 1665798238633486 -91.125 -61.0 5.129631754689584 1 
0005 0003 1665798238636564 -13.0 -66.5 3.2765829629237295 1 
0005 0005 1665798238637701 -4.0625 -58.5 4.135612204139688 1 
0005 0014 1665798238638599 17.0625 -58.0 1.4787574795217582 1 
0005 0009 1665798238639737 13.0 -67.5 3.2949907323783574 1 
0005 0002 1665798238658525 26.8125 -78.0 1.3130875544301088 1 
0005 0000 1665798238665057 27.5625 -77.0 4.442408361716817 1 
0005 0004 1665798238734111 -48.0 -63.0 3.552699504743145 1 
0005 0014 1665798238736082 13.0 -57.5 1.4603497100671303 1 
0005 0005 1665798238738355 -17.0625 -58.5 4.1417481272912315 1 
0005 0011 1665798238739239 -17.0625 -61.0 5.0253210611133605 1 
0005 0007 1665798238740179 13.0 -60.5 2.9145634969827183 1 
0005 0009 1665798238741616 17.0625 -69.0 3.472932503773092 1 
0005 0008 1665798238742600 52.0625 -62.0 0.04295146206079795 1 
0005 0010 1665798238743752 26.0 -62.5 2.2027964114037806 1 
0005 0003 1665798238745061 -39.0 -64.5 3.313398501832985 1 
0005 0012 1665798238746424 13.0 -66.5 3.663146121470911 1 
0005 0013 1665798238747595 -91.125 -67.0 0.0674951546669682 1 
0005 0000 1665798238769270 12.1875 -77.0 4.417864669110647 1 
0005 0002 1665798238778461 34.9375 -78.0 1.1228739367322893 1 
0005 0013 1665798238851454 -91.125 -67.0 0.04908738521234052 1 
0005 0009 1665798238852335 82.1875 -67.0 3.4054373491061236 1 
0005 0011 1665798238855818 -65.0625 -61.0 5.123495831538041 1 
0005 0008 1665798238857098 30.0625 -62.0 0.1227184630308513 1 
0005 0010 1665798238858011 -52.0625 -62.5 2.270291566070749 1 
0005 0003 1665798238858934 -21.9375 -65.5 3.227495577711389 1 
0005 0014 1665798238859846 95.1875 -58.0 1.3130875544301088 1 
0005 0005 1665798238860771 34.9375 -59.0 4.1172044346850605 1 
0005 0004 1665798238861880 -17.0625 -63.0 3.5772431973493153 1 
0005 0012 1665798238862851 -21.9375 -66.0 3.7429131224409646 1 
0005 0007 1665798238863989 26.0 -60.0 2.9513790358919736 1 
0005 0002 1665798238893911 -0.75 -77.5 1.2701360923693108 1 
0005 0000 1665798238902122 26.8125 -76.5 4.479223900626073 1 
0005 0009 1665798238969539 -134.25 -67.5 3.6079228131070282 1 
0005 0007 1665798238971246 48.0 -60.5 2.9513790358919736 1 
0005 0010 1665798238972187 34.9375 -63.0 2.227340104009951 1 
0005 0008 1665798238973112 26.0 -61.0 0.12885438618239387 1 
0005 0014 1665798238974008 69.125 -57.5 1.3437671701878218 1 
0005 0005 1665798238976152 -61.0 -59.0 4.227651051412827 1 
0005 0011 1665798238977305 -95.1875 -60.5 5.111223985234957 1 
0005 0013 1665798238978208 -78.0625 -66.5 0.04295146206079795 1 
0005 0012 1665798238980222 -117.125 -66.5 3.792000507653305 1 
0005 0004 1665798238981276 -26.0 -63.5 3.5833791205008576 1 
0005 0003 1665798238982712 -21.9375 -65.0 3.2581751934691017 1 
0005 0000 1665798239002140 18.75 -76.5 4.399456899656019 1 
0005 0002 1665798239009077 7.3125 -77.5 1.3314953238847365 1 
0005 0010 1665798239080626 -65.0625 -62.0 2.3316507975861747 1 
0005 0003 1665798239081520 13.0 -65.0 3.2765829629237295 1 
0005 0007 1665798239082659 39.0 -60.0 2.9575149590435164 1 
0005 0013 1665798239083603 -43.125 -66.5 0.006135923151542565 1 
0005 0012 1665798239084488 -26.0 -66.0 3.6447383520162835 1 
0005 0004 1665798239085938 -61.0 -62.5 3.6079228131070282 1 
0005 0014 1665798239086833 -8.9375 -57.5 1.4419419406125027 1 
0005 0005 1665798239088710 30.0625 -59.5 4.111068511533518 1 
0005 0008 1665798239090042 -8.9375 -61.5 0.19634954084936207 1 
0005 0011 1665798239091452 -17.0625 -60.5 5.056000676871073 1 
0005 0009 1665798239092890 -65.0625 -67.5 3.6754179677739964 1 
0005 0002 1665798239127732 0.0 -77.5 1.5707963267948966 1 
0005 0009 1665798239194004 -225.375 -66.0 3.9147189706841563 1 
0005 0014 1665798239195692 65.0625 -58.0 1.3928545554001621 1 
0005 0005 1665798239196646 -82.1875 -59.0 4.23378697456437 1 
0005 0013 1665798239197818 87.0625 -66.5 6.050020227420969 1 
0005 0012 1665798239199741 -56.125 -66.0 3.650874275167826 1 
0005 0004 1665798239201177 -52.0625 -62.5 3.6876898140770815 1 
0005 0011 1665798239202837 8.9375 -60.0 5.049864753719531 1 
0005 0008 1665798239204971 13.0 -61.5 0.14112623248547898 1 
0005 0007 1665798239207741 -26.0 -60.0 3.06182565261974 1 
0005 0010 1665798239208864 4.0625 -63.0 2.2948352586769194 1 
0005 0003 1665798239212062 -34.9375 -65.5 3.442252888015379 1 
0005 0000 1665798239260355 9.75 -76.5 4.565126824747668 1 
0005 0002 1665798239264451 14.625 -76.5 1.423534171157875 1 
0005 0006 1665798239329599 -0.875 -74.5 6.086835766330224 1 
0005 0004 1665798239342545 4.0625 -63.5 3.6201946594101133 1 
0005 0007 1665798239343472 39.0 -60.5 3.0066023442558567 1 
0005 0008 1665798239344398 -30.0625 -60.5 0.25770877236478773 1 
0005 0014 1665798239345307 -21.9375 -58.0 1.5155730184310134 1 
0005 0013 1665798239346522 113.0625 -66.5 6.050020227420969 1 
0005 0005 1665798239347404 -30.0625 -58.5 4.252194744018997 1 
0005 0009 1665798239348302 43.125 -67.5 3.6754179677739964 1 
0005 0012 1665798239351091 -4.0625 -66.5 3.6386024288647407 1 
0005 0000 1665798239352033 -299.4375 -72.5 4.914874444385594 1 
0005 0003 1665798239353751 17.0625 -65.0 3.4054373491061236 1 
0005 0011 1665798239354664 61.0 -60.0 5.098952138931871 1 
0005 0010 1665798239356312 13.0 -62.5 2.227340104009951 1 
0005 0002 1665798239379753 -0.75 -77.0 1.7855536370988863 1 
0005 0012 1665798239453858 -13.0 -66.0 3.5342917352885173 1 
0005 0003 1665798239454982 -65.0625 -64.5 3.56497135104623 1 
0005 0011 1665798239456603 -48.0 -59.5 5.129631754689584 1 
0005 0007 1665798239458235 -8.9375 -60.5 2.9759227284981438 1 
0005 0010 1665798239462126 21.9375 -62.0 2.1905245651006955 1 
0005 0005 1665798239463250 -39.0 -59.5 4.325825821837508 1 
0005 0014 1665798239464116 4.0625 -58.0 1.4664856332186729 1 
0005 0004 1665798239465339 -100.0625 -63.0 3.7551849687440497 1 
0005 0009 1665798239466266 -56.125 -66.5 3.6692820446224537 1 
0005 0013 1665798239467281 -39.0 -66.5 6.2034183062095325 1 
0005 0008 1665798239468374 -4.0625 -61.5 0.2945243112740431 1 
0005 0002 1665798239477473 -3.25 -75.5 4.816699673960914 1 
0005 0000 1665798239513883 -66.3125 -75.0 4.822835597112456 1 
0005 0012 1665798239593061 -8.9375 -65.5 3.423845118560751 1 
0005 0014 1665798239594171 26.0 -57.5 1.4480778637640452 1 
0005 0007 1665798239595581 52.0625 -60.0 2.7979809571034093 1 
0005 0011 1665798239596691 21.9375 -59.5 5.013049214810275 1 
0005 0009 1665798239598692 -69.125 -66.5 3.6692820446224537 1 
0005 0008 1665798239600592 61.0 -61.5 0.2086213871524472 1 
0005 0010 1665798239602268 30.0625 -62.0 2.1905245651006955 1 
0005 0003 1665798239603177 17.0625 -65.5 3.6570101983193686 1 
0005 0000 1665798239605309 -221.3125 -75.0 5.209398755659637 1 
0005 0013 1665798239606762 65.0625 -66.5 6.166602767300278 1 
0005 0004 1665798239609123 -52.0625 -63.0 3.6263305825616556 1 
0005 0005 1665798239610272 13.0 -60.0 4.239922897715912 1 
0005 0002 1665798239615672 -438.625 -74.0 2.282563412373834 1 
0005 0007 1665798239704223 -4.0625 -60.0 2.816388726558037 1 
0005 0008 1665798239705178 -30.0625 -61.0 0.36815538909255385 1 
0005 0005 1665798239707472 -43.125 -60.0 4.3503695144436785 1 
0005 0013 1665798239708417 56.125 -65.5 6.2463697682703305 1 
0005 0003 1665798239709314 -82.1875 -66.0 3.8717675086233583 1 
0005 0012 1665798239710722 -21.9375 -67.0 3.436116964863836 1 
0005 0014 1665798239711618 -17.0625 -57.5 1.3621749396424494 1 
0005 0011 1665798239712531 -13.0 -59.5 5.043728830567988 1 
0005 0010 1665798239713487 39.0 -61.5 1.9144080232812801 1 
0005 0009 1665798239714667 -26.0 -68.0 3.7551849687440497 1 
0005 0000 1665798239715621 -69.125 -74.0 5.031456984264903 1 
0005 0004 1665798239717154 13.0 -63.5 3.650874275167826 1 
0005 0002 1665798239720025 -117.125 -75.0 2.2089323345553233 1 
0005 0010 1665798239808479 43.125 -62.0 1.8285050991596843 1 
0005 0009 1665798239809616 30.0625 -66.5 3.7981364308048478 1 
0005 0013 1665798239810502 48.0 -65.5 6.111379458936394 1 
0005 0008 1665798239812332 13.0 -60.5 0.2270291566070749 1 
0005 0012 1665798239813274 -82.1875 -68.0 3.6324665057131984 1 
0005 0014 1665798239814140 -4.0625 -58.0 1.4603497100671303 1 
0005 0007 1665798239816823 65.0625 -60.0 2.5709518004963345 1 
0005 0004 1665798239817718 13.0 -63.5 3.8288160465625602 1 
0005 0005 1665798239821979 -34.9375 -60.0 4.221515128261284 1 
0005 0003 1665798239824571 -34.9375 -64.5 4.01902966426038 1 
0005 0011 1665798239825881 13.0 -59.0 4.957825906446392 1 
0005 0002 1665798239826778 108.1875 -73.5 2.3930100291016 1 
0005 0000 1665798239828937 -82.1875 -72.5 5.448699758569798 1 
0005 0011 1665798239922021 -39.0 -58.0 4.828971520263998 1 
0005 0010 1665798239923671 39.0 -61.5 1.41126232485479 1 
0005 0003 1665798239925660 30.0625 -64.5 4.1172044346850605 1 
0005 0013 1665798239927072 26.0 -65.5 0.19634954084936207 1 
0005 0007 1665798239928180 30.0625 -60.0 2.2764274892222915 1 
0005 0014 1665798239929063 39.0 -58.5 1.4419419406125027 1 
0005 0005 1665798239930017 17.0625 -61.0 4.080388895775806 1 
0005 0000 1665798239930946 -139.125 -72.5 5.497787143782138 1 
0005 0008 1665798239932096 -21.9375 -62.0 0.1227184630308513 1 
0005 0004 1665798239934804 -8.9375 -63.5 3.6876898140770815 1 
0005 0009 1665798239935833 -30.0625 -68.5 3.749049045592507 1 
0005 0012 1665798239937223 -21.9375 -68.0 4.276738436625168 1 
0005 0002 1665798239938504 126.125 -72.5 2.9145634969827183 1 
0005 0012 1665798240026579 30.0625 -67.0 5.086680292628786 1 
0005 0011 1665798240027491 -13.0 -56.5 4.381049130201391 1 
0005 0005 1665798240029154 4.0625 -61.5 4.01902966426038 1 
0005 0007 1665798240031940 21.9375 -59.5 1.8960002538266525 1 
0005 0010 1665798240033481 34.9375 -61.5 0.1902136176978195 1 
0005 0004 1665798240034332 -4.0625 -61.0 3.147728576741336 1 
0005 0014 1665798240035229 -26.0 -60.5 1.6014759425526093 1 
0005 0008 1665798240037766 -39.0 -62.5 5.485515297479052 1 
0005 0013 1665798240039925 -74.0 -65.0 1.3560390164909069 1 
0005 0003 1665798240040834 -56.125 -64.5 4.289010282928253 1 
0005 0002 1665798240045613 -95.1875 -70.0 3.552699504743145 1 
0005 0000 1665798240046539 113.0625 -70.0 5.792311455056181 1 
0005 0006 1665798240062523 -12.1875 -73.5 5.148039524144211 1 
0005 0007 1665798240138721 -8.9375 -61.0 1.141281706186917 1 
0005 0004 1665798240139844 -13.0 -58.0 2.650718801466388 1 
0005 0008 1665798240140739 -21.9375 -57.0 4.313553975534423 1 
0005 0002 1665798240141694 -104.125 -69.5 3.0372819600135696 1 
0005 0000 1665798240143284 39.0 -70.5 6.025476534814799 1 
0005 0005 1665798240144182 -82.1875 -63.5 3.9392626632903265 1 
0005 0003 1665798240146783 -225.375 -67.5 4.190835512503572 1 
0005 0014 1665798240148130 65.0625 -64.0 1.2333205534600555 1 
0005 0006 1665798240151279 -113.875 -69.5 2.773437264497239 1 
0005 0011 1665798240152774 -65.0625 -61.5 3.7122335066832517 1 
0005 0010 1665798240155601 -8.9375 -59.5 3.773592738198677 1 
0005 0013 1665798240240178 -7.0625 -77.0 5.982525072754001 1 
0005 0009 1665798240249962 -0.4375 -73.0 0.20248546400090464 1 
0005 0003 1665798240257803 -95.1875 -68.0 2.6998061866787286 1 
0005 0002 1665798240259268 295.375 -68.0 2.012582793705961 1 
0005 0005 1665798240260222 -34.9375 -66.0 2.945243112740431 1 
0005 0004 1665798240261175 39.0 -58.5 2.2764274892222915 1 
0005 0014 1665798240262342 43.125 -67.0 1.0369710126106935 1 
0005 0008 1665798240263251 -21.9375 -55.5 3.9699422790480394 1 
0005 0009 1665798240265835 -74.0 -69.5 3.1968159619536762 1 
0005 0011 1665798240267261 -334.4375 -71.0 1.761009944492716 1 
0005 0007 1665798240273712 13.0 -60.0 5.724816300389213 1 
0005 0010 1665798240275107 43.125 -63.0 2.2027964114037806 1 
0005 0006 1665798240357200 0.5625 -74.0 5.436427912266712 1 
0005 0005 1665798240373502 -61.0 -63.5 1.718058482431918 1 
0005 0007 1665798240374976 0.0 -59.0 5.037592907416445 1 
0005 0011 1665798240376121 34.9375 -64.5 5.6573211457222445 1 
0005 0000 1665798240377301 100.0625 -69.0 3.2704470397721868 1 
0005 0004 1665798240378269 -4.0625 -62.5 0.8283496254582462 1 
0005 0008 1665798240379194 4.0625 -65.0 3.356349963893783 1 
0005 0002 1665798240380106 -147.25 -68.5 2.2150682577068657 1 
0005 0003 1665798240381486 147.25 -66.5 1.3499030933393643 1 
0005 0009 1665798240382862 -48.0 -63.0 2.662990647769473 1 
0005 0014 1665798240387242 -82.1875 -69.0 0.7976700097005334 1 
0005 0006 1665798240407919 -0.75 -74.5 5.5100589900852235 1 
0005 0004 1665798240479163 17.0625 -58.0 5.516194913236766 1 
0005 0009 1665798240481140 108.1875 -67.5 2.8532042654672924 1 
0005 0003 1665798240482293 -130.1875 -68.5 1.055378782065321 1 
0005 0005 1665798240483938 65.0625 -61.0 1.2210487071569704 1 
0005 0008 1665798240485849 -34.9375 -59.0 6.092971689481767 1 
0005 0011 1665798240487486 -121.25 -68.5 4.331961744989051 1 
0005 0000 1665798240489047 -8.9375 -66.0 3.7122335066832517 1 
0005 0014 1665798240490543 78.0625 -71.0 0.4724660826687775 1 
0005 0007 1665798240491497 -17.0625 -62.5 3.847223816017188 1 
0005 0002 1665798240494080 -108.1875 -72.0 1.227184630308513 1 
0005 0001 1665798240538654 20.4375 -79.0 0.018407769454627694 1 
0005 0006 1665798240583674 -0.1875 -70.0 4.129476280988146 1 
0005 0000 1665798240595628 -39.0 -66.5 3.6263305825616556 1 
0005 0008 1665798240596551 -8.9375 -51.0 5.595961914206819 1 
0005 0005 1665798240599099 61.0 -64.0 0.619728238305799 1 
0005 0006 1665798240601085 -66.6875 -67.0 4.2092432819582 1 
0005 0004 1665798240602037 -8.9375 -57.0 4.8351074434155406 1 
0005 0007 1665798240602965 -30.0625 -61.0 1.7916895602504288 1 
0005 0009 1665798240604766 8.9375 -62.5 0.8099418560036186 1 
0005 0002 1665798240610629 -420.6875 -74.0 0.0674951546669682 1 
0005 0014 1665798240634164 -12.1875 -74.0 0.28225246497095796 1 
0005 0003 1665798240636217 -23.625 -76.5 5.240078371417351 1 
0005 0007 1665798240721480 -4.0625 -59.5 0.6013204688511713 1 
0005 0006 1665798240722433 -18.6875 -66.0 4.196971435655114 1 
0005 0008 1665798240723386 -21.9375 -55.5 4.933282213840222 1 
0005 0009 1665798240726600 -30.0625 -58.5 5.3627968344482015 1 
0005 0000 1665798240728605 39.0 -67.0 1.3437671701878218 1 
0005 0005 1665798240729546 117.125 -68.0 4.71238898038469 1 
0005 0004 1665798240731483 -8.9375 -62.0 2.5832236467994196 1 
0005 0014 1665798240759852 -0.75 -74.5 5.988660995905543 1 
0005 0003 1665798240768900 6.5 -76.0 0.04908738521234052 1 
0005 0000 1665798240838073 -21.9375 -66.5 6.215690152512618 1 
0005 0009 1665798240838987 -95.1875 -69.0 3.9269908169872414 1 
0005 0007 1665798240841674 104.125 -63.5 0.030679615757712823 1 
0005 0004 1665798240843687 4.0625 -59.0 0.6504078540635119 1 
0005 0005 1665798240846834 -74.0 -71.5 3.77972866135022 1 
0005 0014 1665798240866609 -0.75 -73.5 5.7616318392984684 1 
0005 0008 1665798240930581 -4.1875 -70.5 0.4295146206079795 1 
0005 0004 1665798240950333 -48.0 -58.0 0.01227184630308513 1 
0005 0000 1665798240952164 225.375 -67.5 5.190990986205009 1 
0005 0007 1665798240954645 34.9375 -66.5 5.816855147662351 1 
0005 0008 1665798240955669 56.125 -67.5 6.135923151542564 1 
0005 0014 1665798240976856 -17.8125 -73.0 5.516194913236766 1 
0005 0005 1665798241037695 2.4375 -75.0 2.2886993355253766 1 
0005 0000 1665798241058349 -26.0 -69.0 5.129631754689584 1 
0005 0007 1665798241061037 -56.125 -69.0 5.71868037723767 1 
0005 0004 1665798241063999 13.0 -57.0 6.019340611663256 1 
0005 0008 1665798241065295 -61.0 -65.0 6.043884304269426 1 
0005 0014 1665798241066432 100.0625 -69.5 5.086680292628786 1 
0005 0005 1665798241127300 -8.0625 -75.0 2.1782527187976104 1 
0005 0004 1665798241171068 -13.0 -57.5 6.12365130523948 1 
0005 0014 1665798241173658 -165.1875 -70.0 5.608233760509904 1 
0005 0000 1665798241174994 -69.125 -68.0 5.325981295538946 1 
0005 0007 1665798241176468 56.125 -67.0 6.129787228391022 1 
0005 0008 1665798241177394 -34.9375 -67.0 0.2270291566070749 1 
0005 0005 1665798241202860 6.5 -74.0 2.380738182798515 1 
0005 0000 1665798241272058 -74.0 -68.0 5.289165756629691 1 
0005 0004 1665798241274994 0.0 -58.0 6.258641614573416 1 
0005 0005 1665798241276011 48.0 -69.5 2.313243028131547 1 
0005 0008 1665798241277987 143.1875 -70.0 0.5645049299419159 1 
0005 0007 1665798241278838 0.0 -66.0 0.018407769454627694 1 
0005 0014 1665798241280368 -126.125 -68.5 5.356660911296659 1 
0005 0008 1665798241287396 45.5625 -70.5 0.5246214294568893 1 
0005 0004 1665798241370284 -21.9375 -57.5 0.006135923151542565 1 
0005 0005 1665798241371238 -4.0625 -71.5 2.2580197197676637 1 
0005 0014 1665798241374028 -95.1875 -69.0 5.325981295538946 1 
0005 0008 1665798241375363 8.9375 -69.0 0.6749515466696822 1 
0005 0007 1665798241376307 82.1875 -66.0 6.1850105367549055 1 
0005 0000 1665798241377985 -117.125 -68.5 5.43029198911517 1 
0005 0004 1665798241467347 -13.0 -58.0 6.2463697682703305 1 
0005 0008 1665798241469053 -4.0625 -68.0 0.5767767762450011 1 
0005 0000 1665798241469895 30.0625 -68.5 5.184855063053467 1 
0005 0014 1665798241470990 117.125 -70.0 5.129631754689584 1 
0005 0007 1665798241471930 -30.0625 -65.5 6.264777537724958 1 
0005 0005 1665798241473296 156.1875 -71.5 2.030990563160589 1 
0005 0009 1665798241502184 -11.4375 -77.5 1.337631247036279 1 
0005 0004 1665798241572793 17.0625 -58.0 6.234097921967246 1 
0005 0007 1665798241574187 -8.9375 -65.0 0.01227184630308513 1 
0005 0014 1665798241575823 -26.0 -71.0 5.387340527054372 1 
0005 0000 1665798241581197 -87.0625 -68.5 5.313709449235861 1 
0005 0008 1665798241582251 -30.0625 -67.5 0.705631162427395 1 
0005 0005 1665798241583618 -238.4375 -69.5 2.5709518004963345 1 
0005 0009 1665798241607166 -2.4375 -78.5 1.2210487071569704 1 
0005 0004 1665798241678101 0.0 -57.5 6.209554229361076 1 
0005 0000 1665798241679061 -61.0 -69.0 5.166447293598839 1 
0005 0005 1665798241680711 130.1875 -72.0 2.1782527187976104 1 
0005 0014 1665798241682601 -65.0625 -70.5 5.2768939103266055 1 
0005 0007 1665798241685968 74.0 -65.5 0.0 1 
0005 0008 1665798241686850 -30.0625 -66.5 0.6442719309119693 1 
0005 0009 1665798241712941 40.6875 -78.5 0.9326603190344698 1 
0005 0000 1665798241781215 56.125 -70.0 5.0682725231741586 1 
0005 0005 1665798241782609 -147.25 -70.5 2.6691265709210157 1 
0005 0014 1665798241785432 4.0625 -69.5 5.258486140871978 1 
0005 0004 1665798241786288 34.9375 -57.5 6.178874613603362 1 
0005 0007 1665798241787456 78.0625 -65.0 6.178874613603362 1 
0005 0008 1665798241789420 -130.1875 -69.0 0.7669903939428205 1 
0005 0009 1665798241824399 36.5625 -78.5 0.9203884727313847 1 
0005 0004 1665798241890452 30.0625 -57.5 6.17273869045182 1 
0005 0007 1665798241892657 -82.1875 -65.5 0.0674951546669682 1 
0005 0005 1665798241893839 -156.1875 -72.5 2.5034566458293663 1 
0005 0000 1665798241894779 -74.0 -70.5 5.056000676871073 1 
0005 0014 1665798241896696 -117.125 -70.5 5.583690067903734 1 
0005 0008 1665798241898059 91.125 -67.5 0.46019423636569234 1 
