0005 0006 1665798568006158 26.0 -64.5 3.153864499892878 2 
0005 0009 1665798568007806 -143.1875 -72.5 2.399145952253143 2 
0005 0004 1665798568009864 -30.0625 -60.5 5.356660911296659 2 
0005 0008 1665798568011467 61.0 -62.0 0.22089323345553233 2 
0005 0014 1665798568012619 -30.0625 -64.0 2.6875343403756435 2 
0005 0007 1665798568013959 -48.0 -68.5 5.013049214810275 2 
0005 0005 1665798568015295 195.25 -71.0 0.5583690067903734 2 
0005 0001 1665798568033085 132.1875 -75.5 3.9484665480176404 2 
0005 0005 1665798568112561 -108.1875 -69.5 0.521553467881118 2 
0005 0007 1665798568115063 -238.4375 -68.5 5.227806525114265 2 
0005 0008 1665798568115957 -30.0625 -62.0 0.30066023442558565 2 
0005 0006 1665798568116881 -85.4375 -64.5 3.2397674240144743 2 
0005 0009 1665798568118046 43.125 -73.5 2.3193789512830896 2 
0005 0004 1665798568120160 -21.9375 -61.0 5.3627968344482015 2 
0005 0014 1665798568121072 21.9375 -64.0 2.6016314162540475 2 
0005 0001 1665798568150623 3.1875 -76.0 4.0558452031696355 2 
0005 0014 1665798568220836 -61.0 -64.0 2.662990647769473 2 
0005 0009 1665798568221888 -82.1875 -73.5 2.356194490192345 2 
0005 0004 1665798568222812 -13.0 -60.5 5.368932757599744 2 
0005 0006 1665798568224019 -9.75 -64.5 3.2029518851052186 2 
0005 0008 1665798568224902 -13.0 -61.5 0.30679615757712825 2 
0005 0005 1665798568228038 43.125 -69.5 0.5522330836388308 2 
0005 0007 1665798568228921 -17.0625 -69.0 5.0253210611133605 2 
0005 0001 1665798568249921 -4.875 -76.5 0.9265243958829272 2 
0005 0009 1665798568328544 451.625 -71.5 1.8407769454627694 2 
0005 0008 1665798568329765 21.9375 -61.5 0.28225246497095796 2 
0005 0004 1665798568331188 -87.0625 -61.0 5.473243451175968 2 
0005 0014 1665798568332854 -4.0625 -64.0 2.662990647769473 2 
0005 0005 1665798568334274 0.0 -71.0 0.5951845456996288 2 
0005 0006 1665798568336095 -80.5625 -65.0 3.2090878082567613 2 
0005 0007 1665798568337633 -269.3125 -68.5 5.221670601962723 2 
0005 0001 1665798568338540 56.125 -74.0 3.9453985864418692 2 
0005 0006 1665798568522579 -18.6875 -65.0 3.1968159619536762 2 
0005 0008 1665798568524797 26.0 -61.5 0.25157284921324513 2 
0005 0004 1665798568526503 13.0 -60.5 5.283029833478148 2 
0005 0014 1665798568528523 -56.125 -64.5 2.730485802436441 2 
0005 0005 1665798568530367 21.9375 -70.0 0.5951845456996288 2 
0005 0007 1665798568531281 169.25 -69.5 4.896466674930966 2 
0005 0009 1665798568532576 260.375 -73.5 1.9266798695843652 2 
0005 0001 1665798568556934 -38.25 -76.5 4.178563666200486 2 
0005 0005 1665798568623413 -21.9375 -69.5 0.4724660826687775 2 
0005 0004 1665798568624537 -21.9375 -61.0 5.356660911296659 2 
0005 0009 1665798568627293 117.125 -72.0 2.1782527187976104 2 
0005 0007 1665798568628843 -104.125 -70.0 4.9823695990525625 2 
0005 0014 1665798568629737 -8.9375 -64.0 2.6568547246179306 2 
0005 0006 1665798568631627 26.0 -65.5 3.1906800388021335 2 
0005 0008 1665798568632510 52.0625 -61.0 0.21475731030398976 2 
0005 0001 1665798568635806 -30.0625 -72.5 3.902447124381071 2 
0005 0014 1665798568726533 -117.125 -64.5 2.7857091108003242 2 
0005 0008 1665798568727500 26.0 -61.5 0.21475731030398976 2 
0005 0006 1665798568729415 9.75 -64.5 3.11091303783208 2 
0005 0004 1665798568730552 4.0625 -61.0 5.283029833478148 2 
0005 0007 1665798568731934 147.25 -68.0 4.749204519293945 2 
0005 0005 1665798568732805 113.0625 -70.0 0.4479223900626072 2 
0005 0009 1665798568735718 160.3125 -73.5 2.1966604882522383 2 
0005 0001 1665798568766211 -17.0625 -76.5 0.9142525495798421 2 
0005 0004 1665798568836247 -91.125 -60.5 5.405748296509 2 
0005 0014 1665798568837144 65.0625 -64.0 2.6016314162540475 2 
0005 0008 1665798568838041 -52.0625 -61.5 0.32520392703175593 2 
0005 0006 1665798568840110 -4.875 -65.0 3.1906800388021335 2 
0005 0005 1665798568841053 -43.125 -70.5 0.5460971604872883 2 
0005 0007 1665798568841981 195.25 -69.0 4.847379289718626 2 
0005 0009 1665798568844934 -247.375 -73.5 2.337786720737717 2 
0005 0001 1665798568880950 74.8125 -75.5 3.8993791628053 2 
0005 0014 1665798568960557 -13.0 -64.5 2.705942109830271 2 
0005 0009 1665798568961951 -134.25 -73.5 1.9144080232812801 2 
0005 0008 1665798568963910 -13.0 -61.5 0.30066023442558565 2 
0005 0007 1665798568965063 17.0625 -68.5 5.160311370447297 2 
0005 0006 1665798568966754 -127.75 -64.0 3.411573272257666 2 
0005 0004 1665798568970090 -39.0 -60.5 5.356660911296659 2 
0005 0005 1665798568970933 -100.0625 -70.0 0.5706408530934585 2 
0005 0001 1665798568986567 6.5 -76.5 0.9633399347921826 2 
0005 0007 1665798569065889 48.0 -68.5 5.0253210611133605 2 
0005 0004 1665798569066786 -17.0625 -61.0 5.313709449235861 2 
0005 0014 1665798569067699 -69.125 -65.0 2.7550294950426117 2 
0005 0005 1665798569068627 61.0 -71.0 0.46019423636569234 2 
0005 0006 1665798569070910 156.1875 -64.0 3.067961575771282 2 
0005 0008 1665798569072144 -17.0625 -61.5 0.3436116964863836 2 
0005 0009 1665798569116535 -3.1875 -76.5 2.0064468705544187 2 
0005 0001 1665798569129950 -9.75 -76.5 4.166291819897402 2 
0005 0007 1665798569196474 -87.0625 -69.0 5.184855063053467 2 
0005 0006 1665798569198435 -47.1875 -65.0 3.2397674240144743 2 
0005 0004 1665798569199332 -26.0 -60.5 5.3198453723874035 2 
0005 0008 1665798569202069 21.9375 -62.0 0.25770877236478773 2 
0005 0014 1665798569203806 -173.3125 -64.0 2.8777479580734626 2 
0005 0005 1665798569209196 173.3125 -70.5 0.21475731030398976 2 
0005 0009 1665798569232001 10.5 -76.5 2.012582793705961 2 
0005 0001 1665798569243908 -20.25 -76.5 0.944932165337555 2 
0005 0004 1665798569312178 -39.0 -60.5 5.264622064023521 2 
0005 0005 1665798569313147 -30.0625 -70.5 0.3865631585471816 2 
0005 0008 1665798569314895 -13.0 -62.0 0.2638446955163303 2 
0005 0006 1665798569317109 -56.9375 -64.0 3.2336315008629315 2 
0005 0014 1665798569318924 -91.125 -64.5 2.767301341345697 2 
0005 0007 1665798569319838 87.0625 -69.5 4.970097752749477 2 
0005 0009 1665798569358793 10.5 -77.0 1.8653206380689396 2 
0005 0001 1665798569362146 21.1875 -76.0 0.6810874698212247 2 
0005 0005 1665798569433054 48.0 -69.5 0.5522330836388308 2 
0005 0014 1665798569434024 117.125 -64.0 2.497320722677824 2 
0005 0007 1665798569436281 -277.4375 -69.5 5.338253141842031 2 
0005 0004 1665798569437486 17.0625 -60.0 5.252350217720435 2 
0005 0006 1665798569439144 -26.0 -65.0 3.2029518851052186 2 
0005 0008 1665798569440096 -21.9375 -62.0 0.25157284921324513 2 
0005 0001 1665798569474741 -9.0 -76.0 0.7485826244881929 2 
0005 0009 1665798569481198 32.5 -77.5 1.9819031779482483 2 
0005 0014 1665798569549606 -121.25 -64.0 2.7979809571034093 2 
0005 0007 1665798569550817 -52.0625 -69.5 5.074408446325701 2 
0005 0006 1665798569553950 152.125 -65.0 2.9513790358919736 2 
0005 0004 1665798569554861 -74.0 -60.5 5.313709449235861 2 
0005 0008 1665798569556128 -74.0 -62.5 0.30066023442558565 2 
0005 0005 1665798569563452 178.1875 -70.5 0.28838838812250056 2 
0005 0009 1665798569589023 -9.0 -77.0 5.344389064993574 2 
0005 0001 1665798569591810 61.0 -76.5 3.5833791205008576 2 
0005 0014 1665798569660139 -104.125 -64.0 2.718213956133356 2 
0005 0004 1665798569662647 -39.0 -60.5 5.289165756629691 2 
0005 0006 1665798569664387 0.0 -64.5 3.2090878082567613 2 
0005 0005 1665798569665289 17.0625 -70.0 0.4540583132141498 2 
0005 0007 1665798569666682 -30.0625 -69.5 4.963961829597935 2 
0005 0008 1665798569667850 -52.0625 -62.0 0.25770877236478773 2 
0005 0009 1665798569688795 8.0625 -77.0 5.074408446325701 2 
0005 0001 1665798569699538 11.4375 -76.0 3.6754179677739964 2 
0005 0014 1665798569770604 43.125 -64.5 2.5832236467994196 2 
0005 0007 1665798569771970 160.3125 -69.5 4.675573441475434 2 
0005 0004 1665798569773388 34.9375 -60.0 5.184855063053467 2 
0005 0008 1665798569775644 -8.9375 -62.5 0.2270291566070749 2 
0005 0006 1665798569777762 30.0625 -65.0 3.147728576741336 2 
0005 0005 1665798569779074 -169.25 -71.0 0.6749515466696822 2 
0005 0001 1665798569801403 -1.625 -76.0 0.7424467013366504 2 
0005 0009 1665798569803528 26.0625 -76.5 5.056000676871073 2 
0005 0008 1665798569881200 -61.0 -62.5 0.35588354278946877 2 
0005 0007 1665798569882611 -165.1875 -68.5 5.154175447295755 2 
0005 0005 1665798569884609 4.0625 -69.0 0.48473792897186263 2 
0005 0006 1665798569885791 -87.0625 -65.0 3.2029518851052186 2 
0005 0004 1665798569888866 21.9375 -60.0 5.184855063053467 2 
0005 0014 1665798569889893 69.125 -64.0 2.650718801466388 2 
0005 0009 1665798569925189 30.0 -76.5 5.006913291658733 2 
0005 0001 1665798569930594 12.1875 -76.0 0.5890486225480862 2 
0005 0004 1665798569999233 -17.0625 -60.0 5.246214294568893 2 
0005 0005 1665798570001678 -48.0 -71.0 0.34974761963792617 2 
0005 0007 1665798570002590 17.0625 -69.5 4.9823695990525625 2 
0005 0008 1665798570004040 -43.125 -62.5 0.2761165418194154 2 
0005 0006 1665798570004935 -42.3125 -64.5 3.2520392703175593 2 
0005 0014 1665798570006799 212.375 -64.0 2.435961491162398 2 
0005 0001 1665798570050408 55.3125 -75.5 0.3773592738198677 2 
0005 0009 1665798570063015 -4.0625 -76.0 5.074408446325701 2 
0005 0014 1665798570133082 17.0625 -64.5 2.675262494072558 2 
0005 0007 1665798570136194 -104.125 -68.5 5.117359908386499 2 
0005 0006 1665798570137145 66.6875 -64.5 3.1354567304382504 2 
0005 0008 1665798570138279 -13.0 -62.0 0.23930100291016002 2 
0005 0004 1665798570139483 -4.0625 -60.0 5.227806525114265 2 
0005 0005 1665798570140780 -87.0625 -70.0 0.5031456984264903 2 
0005 0001 1665798570161543 11.75 -75.5 0.5645049299419159 2 
0005 0009 1665798570167815 28.5 -76.5 1.9696313316451632 2 
0005 0014 1665798570243773 -13.0 -64.0 2.6568547246179306 2 
0005 0007 1665798570245015 -117.125 -69.5 5.019185137961818 2 
0005 0009 1665798570245952 78.0625 -74.5 2.2212041808584084 2 
0005 0008 1665798570247103 21.9375 -61.5 0.1902136176978195 2 
0005 0005 1665798570248469 -78.0625 -70.0 0.5092816215780329 2 
0005 0004 1665798570249377 8.9375 -60.5 5.2339424482658075 2 
0005 0006 1665798570251479 -14.625 -64.5 3.1784081924990484 2 
0005 0001 1665798570271007 17.8125 -76.0 3.7122335066832517 2 
0005 0005 1665798570348723 26.0 -70.5 0.35588354278946877 2 
0005 0014 1665798570352649 117.125 -64.5 2.5034566458293663 2 
0005 0004 1665798570353573 -69.125 -60.0 5.313709449235861 2 
0005 0008 1665798570355014 0.0 -61.5 0.2086213871524472 2 
0005 0007 1665798570357134 -21.9375 -69.0 5.0682725231741586 2 
0005 0006 1665798570358016 -38.1875 -65.0 3.2029518851052186 2 
0005 0009 1665798570361100 -299.4375 -74.0 2.5832236467994196 2 
0005 0001 1665798570383004 0.0 -75.0 3.5895150436524004 2 
0005 0004 1665798570463131 -69.125 -60.5 5.325981295538946 2 
0005 0007 1665798570464429 178.1875 -69.0 4.724660826687775 2 
0005 0006 1665798570465322 23.5625 -64.0 3.1906800388021335 2 
0005 0005 1665798570467214 -100.0625 -71.0 0.4663301595172349 2 
0005 0014 1665798570469114 -82.1875 -63.5 2.724349879284899 2 
0005 0008 1665798570470762 -26.0 -62.0 0.20248546400090464 2 
0005 0001 1665798570499997 -19.5 -76.5 0.7363107781851077 2 
0005 0014 1665798570572922 -30.0625 -64.5 2.6323110320117604 2 
0005 0004 1665798570574239 4.0625 -60.0 5.21553467881118 2 
0005 0007 1665798570576499 -34.9375 -69.5 5.0682725231741586 2 
0005 0006 1665798570577737 33.3125 -64.5 3.1354567304382504 2 
0005 0008 1665798570578657 0.0 -62.0 0.15339807878856412 2 
0005 0005 1665798570579575 -39.0 -72.0 0.4356505437595221 2 
0005 0009 1665798570586931 -464.625 -72.5 2.478912953223196 2 
0005 0001 1665798570608929 -20.25 -76.0 3.9515345095934116 2 
0005 0004 1665798570678401 0.0 -60.0 5.203262832508095 2 
0005 0008 1665798570680308 4.0625 -61.5 0.1349903093339364 2 
0005 0014 1665798570682554 -34.9375 -64.0 2.724349879284899 2 
0005 0006 1665798570684329 94.375 -65.0 3.1231848841351653 2 
0005 0007 1665798570685215 -130.1875 -69.0 5.258486140871978 2 
0005 0005 1665798570686915 126.125 -70.5 0.09203884727313846 2 
0005 0001 1665798570688492 -121.25 -73.5 4.080388895775806 2 
0005 0009 1665798570689427 -8.9375 -73.0 2.0923497946760143 2 
0005 0000 1665798570804905 -2.1875 -76.0 0.8835729338221293 2 
0005 0006 1665798570812734 4.875 -65.0 3.1906800388021335 2 
0005 0004 1665798570814849 -34.9375 -60.0 5.283029833478148 2 
0005 0014 1665798570815745 21.9375 -64.5 2.5832236467994196 2 
0005 0009 1665798570816641 165.1875 -72.0 1.9757672547967058 2 
0005 0008 1665798570817568 -52.0625 -62.0 0.1718058482431918 2 
0005 0007 1665798570818496 221.3125 -69.0 4.516039439535327 2 
0005 0005 1665798570820548 82.1875 -70.5 0.2638446955163303 2 
0005 0001 1665798570846835 17.8125 -77.0 0.5092816215780329 2 
0005 0000 1665798570899322 1.125 -75.5 0.7485826244881929 2 
0005 0006 1665798570919300 -4.875 -65.0 3.1784081924990484 2 
0005 0014 1665798570920483 61.0 -64.5 2.5770877236478773 2 
0005 0004 1665798570921403 0.0 -60.0 5.209398755659637 2 
0005 0008 1665798570924375 26.0 -62.0 0.12885438618239387 2 
0005 0007 1665798570925302 -48.0 -69.5 4.92714629068868 2 
0005 0009 1665798570928320 355.5625 -73.0 1.9880391010997909 2 
0005 0005 1665798570930094 104.125 -70.0 0.2761165418194154 2 
0005 0001 1665798570939825 -199.375 -74.5 4.221515128261284 2 
0005 0000 1665798571011419 -2.4375 -75.5 0.8160777791551611 2 
0005 0004 1665798571036297 21.9375 -60.0 5.203262832508095 2 
0005 0009 1665798571037408 -364.5625 -70.5 2.5586799541932495 2 
0005 0006 1665798571039051 94.375 -65.0 3.0802334220743677 2 
0005 0007 1665798571040714 -13.0 -70.0 5.019185137961818 2 
0005 0008 1665798571044280 34.9375 -61.5 0.11658253987930872 2 
0005 0014 1665798571045490 -48.0 -64.0 2.742757648739526 2 
0005 0005 1665798571047124 -17.0625 -70.0 0.35588354278946877 2 
0005 0001 1665798571069538 -26.8125 -76.5 0.6749515466696822 2 
0005 0000 1665798571137635 -3.6875 -75.5 0.8651651643675016 2 
0005 0008 1665798571152181 26.0 -61.5 0.1718058482431918 2 
0005 0014 1665798571154412 -39.0 -64.0 2.6998061866787286 2 
0005 0007 1665798571156032 13.0 -69.5 4.97623367590102 2 
0005 0004 1665798571157399 -52.0625 -60.0 5.3198453723874035 2 
0005 0009 1665798571159000 -182.25 -72.0 2.2764274892222915 2 
0005 0005 1665798571160194 17.0625 -69.0 0.3988350048502667 2 
0005 0006 1665798571161103 14.625 -65.0 3.1661363461959633 2 
0005 0001 1665798571185192 -18.75 -76.0 3.877903431774901 2 
0005 0000 1665798571263007 -0.1875 -75.5 0.8099418560036186 2 
0005 0014 1665798571269243 143.1875 -64.5 2.5157284921324514 2 
0005 0005 1665798571270664 -152.125 -70.5 0.4479223900626072 2 
0005 0009 1665798571273754 -95.1875 -71.5 2.086213871524472 2 
0005 0004 1665798571274932 4.0625 -60.0 5.227806525114265 2 
0005 0008 1665798571276367 -39.0 -62.0 0.22089323345553233 2 
0005 0007 1665798571277323 48.0 -69.5 4.963961829597935 2 
0005 0006 1665798571278261 33.3125 -65.0 3.184544115650591 2 
0005 0001 1665798571301931 -9.0 -76.0 3.80427235395639 2 
0005 0000 1665798571353009 -1.25 -75.5 0.8160777791551611 2 
0005 0005 1665798571379852 -95.1875 -70.0 0.4724660826687775 2 
0005 0008 1665798571381317 -39.0 -61.5 0.2454369260617026 2 
0005 0007 1665798571382216 -52.0625 -69.5 5.049864753719531 2 
0005 0004 1665798571383170 -78.0625 -60.5 5.368932757599744 2 
0005 0014 1665798571384587 61.0 -64.5 2.662990647769473 2 
0005 0006 1665798571386558 -52.0625 -64.5 3.2213596545598464 2 
0005 0009 1665798571392416 139.125 -71.5 1.9512235621905356 2 
0005 0001 1665798571413670 5.625 -76.0 0.6442719309119693 2 
0005 0000 1665798571482741 -0.1875 -75.5 0.9203884727313847 2 
0005 0005 1665798571499922 -4.0625 -70.0 0.44178646691106466 2 
0005 0004 1665798571501390 -56.125 -60.0 5.3627968344482015 2 
0005 0006 1665798571502526 66.6875 -65.0 3.129320807286708 2 
0005 0014 1665798571503905 17.0625 -64.0 2.6384469551633027 2 
0005 0008 1665798571504843 17.0625 -62.0 0.17794177139473438 2 
0005 0007 1665798571508454 0.0 -69.0 4.884194828627882 2 
0005 0009 1665798571517280 -152.125 -73.0 2.356194490192345 2 
0005 0001 1665798571538191 2.4375 -76.0 3.834951969714103 2 
0005 0006 1665798571636386 52.0625 -64.5 3.153864499892878 2 
0005 0004 1665798571639417 -74.0 -60.0 5.405748296509 2 
0005 0007 1665798571640673 -212.375 -69.0 5.129631754689584 2 
0005 0014 1665798571641867 39.0 -64.5 2.6384469551633027 2 
0005 0005 1665798571643005 -100.0625 -69.5 0.5522330836388308 2 
0005 0008 1665798571644115 -21.9375 -62.0 0.25770877236478773 2 
0005 0009 1665798571648409 342.5625 -73.0 1.761009944492716 2 
0005 0001 1665798571667324 -16.3125 -76.5 0.8835729338221293 2 
0005 0005 1665798571743190 -48.0 -69.0 0.47860200582032003 2 
0005 0014 1665798571745486 87.0625 -64.0 2.5341362615870793 2 
0005 0007 1665798571746400 -173.3125 -69.0 5.135767677841127 2 
0005 0008 1665798571747508 26.0 -62.0 0.20248546400090464 2 
0005 0004 1665798571749411 -65.0625 -60.0 5.3627968344482015 2 
0005 0006 1665798571752172 -65.0625 -64.5 3.2704470397721868 2 
0005 0001 1665798571772353 3.1875 -76.5 3.8963112012295285 2 
0005 0009 1665798571779323 10.5 -76.5 5.031456984264903 2 
0005 0014 1665798571852986 13.0 -64.0 2.6998061866787286 2 
0005 0007 1665798571854483 52.0625 -69.5 4.871922982324796 2 
0005 0006 1665798571855407 -56.9375 -64.5 3.2581751934691017 2 
0005 0008 1665798571856529 17.0625 -62.0 0.21475731030398976 2 
0005 0004 1665798571858189 8.9375 -60.5 5.252350217720435 2 
0005 0005 1665798571862373 87.0625 -70.5 0.42337869745643697 2 
0005 0001 1665798571879973 -10.5 -76.0 0.7240389318820226 2 
0005 0009 1665798571887092 29.25 -77.0 1.8285050991596843 2 
0005 0004 1665798571958166 -82.1875 -60.0 5.399612373357457 2 
0005 0007 1665798571961279 -126.125 -69.5 5.178719139901925 2 
0005 0006 1665798571962173 30.0625 -65.0 3.160000423044421 2 
0005 0005 1665798571964961 -78.0625 -69.5 0.46019423636569234 2 
0005 0008 1665798571965871 30.0625 -62.0 0.2086213871524472 2 
0005 0014 1665798571967008 34.9375 -64.5 2.5832236467994196 2 
0005 0009 1665798571992937 37.375 -77.5 5.098952138931871 2 
0005 0001 1665798571996377 -2.4375 -76.5 0.8467573949128739 2 
0005 0007 1665798572063968 43.125 -69.0 4.95168998329485 2 
0005 0014 1665798572066186 17.0625 -64.5 2.5893595699509624 2 
0005 0008 1665798572068713 -43.125 -62.0 0.2945243112740431 2 
0005 0006 1665798572069608 14.625 -64.5 3.141592653589793 2 
0005 0004 1665798572070986 -8.9375 -60.5 5.295301679781233 2 
0005 0005 1665798572073426 -113.0625 -71.0 0.4663301595172349 2 
0005 0009 1665798572111777 -19.5 -77.5 1.9144080232812801 2 
0005 0001 1665798572115906 -5.625 -76.5 3.9147189706841563 2 
0005 0004 1665798572185075 -34.9375 -60.5 5.344389064993574 2 
0005 0008 1665798572187787 -34.9375 -62.0 0.3129320807286708 2 
0005 0006 1665798572188952 52.0625 -64.0 3.104777114680538 2 
0005 0014 1665798572192981 -52.0625 -64.0 2.7120780329818137 2 
0005 0005 1665798572194457 -65.0625 -69.0 0.521553467881118 2 
0005 0007 1665798572195357 230.25 -69.0 4.865787059173254 2 
0005 0001 1665798572229472 11.4375 -76.5 3.9699422790480394 2 
0005 0009 1665798572235440 -48.0625 -77.0 5.460971604872882 2 
0005 0005 1665798572304667 186.3125 -71.0 0.28838838812250056 2 
0005 0004 1665798572306430 34.9375 -60.5 5.270757987175063 2 
0005 0008 1665798572307837 -8.9375 -62.5 0.2761165418194154 2 
0005 0006 1665798572311298 127.75 -64.5 3.018874190558942 2 
0005 0014 1665798572312235 -21.9375 -64.0 2.730485802436441 2 
0005 0007 1665798572313105 39.0 -69.0 4.8351074434155406 2 
0005 0001 1665798572339606 4.875 -76.5 3.9638063558964967 2 
0005 0009 1665798572343604 -40.6875 -77.0 2.184388641949153 2 
0005 0006 1665798572412751 -4.0625 -64.5 3.2520392703175593 2 
0005 0005 1665798572416518 -34.9375 -69.5 0.5399612373357456 2 
0005 0004 1665798572417372 -26.0 -60.5 5.350524988145116 2 
0005 0014 1665798572418512 104.125 -64.5 2.5586799541932495 2 
0005 0008 1665798572419801 17.0625 -61.5 0.2454369260617026 2 
0005 0007 1665798572421949 -48.0 -69.0 5.056000676871073 2 
0005 0009 1665798572452084 -10.5 -77.0 5.332117218690489 2 
0005 0001 1665798572455365 -17.0625 -76.5 0.9817477042468103 2 
0005 0014 1665798572528135 -52.0625 -64.5 2.742757648739526 2 
0005 0007 1665798572531083 21.9375 -68.5 5.056000676871073 2 
0005 0005 1665798572531994 4.0625 -69.0 0.5154175447295755 2 
0005 0004 1665798572533162 -4.0625 -61.0 5.338253141842031 2 
0005 0006 1665798572534058 -9.75 -64.5 3.2397674240144743 2 
0005 0008 1665798572536182 0.0 -62.5 0.32520392703175593 2 
0005 0009 1665798572545987 651.0 -74.5 1.6689710972195777 2 
0005 0001 1665798572571335 -4.875 -76.5 4.037437433715008 2 
0005 0009 1665798572577200 -27.5625 -76.5 5.258486140871978 2 
0005 0006 1665798572646510 39.0 -64.5 3.153864499892878 2 
0005 0004 1665798572647903 -26.0 -61.0 5.393476450205914 2 
0005 0008 1665798572649309 -8.9375 -61.5 0.3313398501832985 2 
0005 0014 1665798572650224 -108.1875 -64.5 2.779573187648782 2 
0005 0005 1665798572651363 269.3125 -70.0 0.3313398501832985 2 
0005 0007 1665798572656129 -17.0625 -69.0 4.970097752749477 2 
0005 0001 1665798572684474 34.9375 -77.0 0.8222137023067037 2 
0005 0009 1665798572687761 8.0625 -76.5 2.1353012567368124 2 
0005 0006 1665798572759910 23.5625 -65.0 3.184544115650591 2 
0005 0014 1665798572761047 -56.125 -64.0 2.7120780329818137 2 
0005 0007 1665798572762441 100.0625 -68.5 4.779884135051658 2 
0005 0005 1665798572766205 -26.0 -70.5 0.5645049299419159 2 
0005 0004 1665798572767699 -30.0625 -60.5 5.399612373357457 2 
0005 0008 1665798572769133 -52.0625 -62.0 0.37429131224409645 2 
0005 0009 1665798572793769 -13.875 -76.5 2.1966604882522383 2 
0005 0001 1665798572798414 0.75 -77.0 0.9387962421860124 2 
0005 0007 1665798572869503 -251.4375 -68.0 5.166447293598839 2 
0005 0004 1665798572871305 -26.0 -61.0 5.3198453723874035 2 
0005 0008 1665798572872479 0.0 -62.5 0.32520392703175593 2 
0005 0006 1665798572874737 23.5625 -64.5 3.129320807286708 2 
0005 0014 1665798572878019 -74.0 -64.0 2.6998061866787286 2 
0005 0005 1665798572878959 17.0625 -71.0 0.4049709280018093 2 
0005 0001 1665798572907547 -11.4375 -76.0 1.0369710126106935 2 
0005 0009 1665798572909720 -4.0625 -77.0 5.264622064023521 2 
0005 0004 1665798572984716 13.0 -60.5 5.350524988145116 2 
0005 0014 1665798572986466 17.0625 -64.5 2.6323110320117604 2 
0005 0008 1665798572987404 -4.0625 -63.0 0.3190680038802134 2 
0005 0006 1665798572989038 -61.8125 -65.0 3.1968159619536762 2 
0005 0005 1665798572992098 -87.0625 -70.0 0.5645049299419159 2 
0005 0007 1665798572993366 -212.375 -69.0 5.307573526084319 2 
0005 0009 1665798572994289 -282.375 -74.0 2.2396119503130363 2 
0005 0001 1665798573014450 39.0625 -76.0 4.178563666200486 2 
