0010 0007 1666683555156825 -82.1875 -61.5 4.006757817957295 3 
0010 0014 1666683555160263 -78.0625 -63.0 4.466952054322987 3 
0010 0014 1666683555249974 -100.0625 -63.5 4.466952054322987 3 
0010 0007 1666683555252858 -78.0625 -61.0 4.000621894805752 3 
0010 0008 1666683555332577 -3.3125 -74.0 3.822680123411018 3 
0010 0014 1666683555349593 -74.0 -63.0 4.479223900626073 3 
0010 0007 1666683555353760 -4.0625 -61.0 3.9147189706841563 3 
0010 0008 1666683555437927 1.5 -74.0 0.5583690067903734 3 
0010 0014 1666683555455469 -52.0625 -63.5 4.424000592262189 3 
0010 0007 1666683555456379 4.0625 -61.0 3.8963112012295285 3 
0010 0008 1666683555538444 1.75 -74.0 3.80427235395639 3 
0010 0007 1666683555554684 -34.9375 -61.5 3.9576704327449543 3 
0010 0014 1666683555557305 -17.0625 -63.5 4.424000592262189 3 
0010 0008 1666683555621652 -0.4375 -74.5 0.6381360077604268 3 
0010 0014 1666683555657218 43.125 -62.5 4.381049130201391 3 
0010 0007 1666683555658969 -52.0625 -61.0 3.9822141253511245 3 
0010 0008 1666683555737661 2.4375 -74.5 0.5583690067903734 3 
0010 0014 1666683555756235 -100.0625 -63.5 4.399456899656019 3 
0010 0007 1666683555759375 -61.0 -61.0 3.9944859716542096 3 
0010 0007 1666683555855874 13.0 -61.5 3.9085830475326135 3 
0010 0014 1666683555859428 -87.0625 -63.5 4.466952054322987 3 
0010 0014 1666683555947608 -82.1875 -63.5 4.430136515413731 3 
0010 0007 1666683555953145 17.0625 -61.5 3.8963112012295285 3 
0010 0008 1666683556040387 0.1875 -74.5 3.7551849687440497 3 
0010 0014 1666683556050563 -34.9375 -63.0 4.3933209765044765 3 
0010 0007 1666683556053036 -61.0 -62.0 4.031301510563465 3 
0010 0008 1666683556138607 2.875 -74.5 0.662679700366597 3 
0010 0007 1666683556152963 -104.125 -61.5 4.049709280018092 3 
0010 0014 1666683556155831 8.9375 -63.0 4.381049130201391 3 
0010 0008 1666683556215932 3.125 -74.5 3.724505352986337 3 
0010 0014 1666683556251445 -30.0625 -63.5 4.374913207049849 3 
0010 0007 1666683556254529 -30.0625 -61.0 3.9147189706841563 3 
0010 0008 1666683556377143 -0.1875 -74.5 3.8410878928656453 3 
0010 0007 1666683556383674 -26.0 -61.5 3.902447124381071 3 
0010 0014 1666683556387326 17.0625 -63.5 4.325825821837508 3 
0010 0014 1666683556479800 -21.9375 -63.5 4.405592822807561 3 
0010 0007 1666683556480754 -4.0625 -61.5 3.890175278077986 3 
0010 0008 1666683556572198 -0.1875 -74.5 3.80427235395639 3 
0010 0014 1666683556582027 78.0625 -63.0 4.276738436625168 3 
0010 0007 1666683556583450 -52.0625 -61.0 3.9453985864418692 3 
0010 0008 1666683556660955 6.625 -74.5 0.5645049299419159 3 
0010 0007 1666683556680095 -52.0625 -61.0 3.9147189706841563 3 
0010 0014 1666683556682837 -52.0625 -63.5 4.460816131171445 3 
0010 0008 1666683556845718 1.9375 -74.5 0.607456392002714 3 
0010 0014 1666683556851772 -34.9375 -63.5 4.430136515413731 3 
0010 0007 1666683556856473 -21.9375 -61.5 3.8840393549264434 3 
0010 0001 1666683556950865 0.1875 -75.0 5.5284667595398505 3 
0010 0014 1666683556965353 26.0 -63.0 4.344233591292136 3 
0010 0007 1666683556966648 -17.0625 -61.5 3.8963112012295285 3 
0010 0008 1666683557022876 -3.5625 -74.5 3.736777199289422 3 
0010 0001 1666683557048146 1.9375 -75.0 5.651185222570702 3 
0010 0007 1666683557075132 -52.0625 -61.5 3.9208548938356986 3 
0010 0014 1666683557078112 -165.1875 -63.0 4.595806440505381 3 
0010 0008 1666683557136320 -2.5625 -74.5 0.619728238305799 3 
0010 0001 1666683557172546 2.875 -75.0 5.522330836388308 3 
0010 0007 1666683557190548 -65.0625 -61.5 3.902447124381071 3 
0010 0014 1666683557191988 0.0 -63.0 4.295146206079795 3 
0010 0008 1666683557365257 -0.625 -74.0 0.5706408530934585 3 
0010 0001 1666683557393987 3.3125 -75.0 5.632777453116074 3 
0010 0014 1666683557411680 34.9375 -64.0 4.374913207049849 3 
0010 0007 1666683557415629 30.0625 -61.5 3.785864584501762 3 
0010 0001 1666683557510266 -2.625 -75.0 5.620505606812989 3 
0010 0008 1666683557526711 -3.5625 -74.0 3.767456815047135 3 
0010 0014 1666683557555874 39.0 -62.5 4.3933209765044765 3 
0010 0007 1666683557557448 0.0 -61.5 3.810408277107933 3 
0010 0008 1666683557640099 0.875 -74.5 0.5706408530934585 3 
0010 0001 1666683557654911 4.875 -75.0 5.559146375297564 3 
0010 0007 1666683557675268 -43.125 -61.0 3.877903431774901 3 
0010 0014 1666683557676208 39.0 -63.0 4.3933209765044765 3 
0010 0008 1666683557748661 4.0625 -75.0 0.5031456984264903 3 
0010 0001 1666683557769232 -5.3125 -75.0 5.675728915176872 3 
0010 0007 1666683557800892 13.0 -61.5 3.8288160465625602 3 
0010 0014 1666683557803856 -43.125 -63.0 4.387185053352934 3 
0010 0008 1666683557828690 12.1875 -73.0 0.619728238305799 3 
0010 0001 1666683557856449 2.5625 -75.0 5.755495916146925 3 
0010 0007 1666683557905838 -17.0625 -60.5 4.09266074207889 3 
0010 0014 1666683557906763 -91.125 -65.0 4.448544284868359 3 
0010 0004 1666683557908200 182.25 -72.0 3.153864499892878 3 
0010 0008 1666683557909635 156.1875 -66.5 1.1719613219446299 3 
0010 0001 1666683557911556 -26.0 -73.5 3.0250101137104846 3 
0010 0001 1666683557920292 40.25 -73.5 6.2034183062095325 3 
0010 0015 1666683557967863 0.1875 -75.5 0.3620194659410113 3 
0010 0008 1666683558006728 13.0 -60.5 1.8653206380689396 3 
0010 0004 1666683558010576 -65.0625 -65.5 3.442252888015379 3 
0010 0014 1666683558012383 160.3125 -69.0 3.5772431973493153 3 
0010 0007 1666683558014159 -17.0625 -59.5 4.706253057233147 3 
0010 0001 1666683558015099 -61.0 -69.0 4.25833066717054 3 
0010 0005 1666683558015971 -217.25 -69.0 3.172272269347506 3 
0010 0009 1666683558039754 12.9375 -72.0 0.4663301595172349 3 
0010 0015 1666683558043784 2.4375 -74.5 5.976389149602458 3 
0010 0014 1666683558113823 108.1875 -67.5 3.6692820446224537 3 
0010 0005 1666683558115229 21.9375 -60.0 2.779573187648782 3 
0010 0007 1666683558119151 -56.125 -63.5 0.01227184630308513 3 
0010 0001 1666683558120042 0.0 -68.0 5.7616318392984684 3 
0010 0004 1666683558120961 -130.1875 -68.5 5.148039524144211 3 
0010 0015 1666683558129127 78.0625 -72.5 2.1598449493429825 3 
0010 0011 1666683558130029 403.625 -72.0 4.4976316700806995 3 
0010 0008 1666683558174791 1.1875 -64.5 0.5154175447295755 3 
0010 0008 1666683558226152 43.125 -59.5 0.9387962421860124 3 
0010 0001 1666683558228436 -30.0625 -64.0 0.21475731030398976 3 
0010 0007 1666683558229347 -43.125 -62.0 2.1046216409791 3 
0010 0014 1666683558230287 34.9375 -65.5 3.8533597391687304 3 
0010 0004 1666683558231692 17.0625 -60.5 1.705786636128833 3 
0010 0005 1666683558233263 108.1875 -67.5 5.546874528994478 3 
0010 0006 1666683558253099 -11.4375 -71.5 5.381204603902829 3 
0010 0014 1666683558326892 -43.125 -64.0 4.006757817957295 3 
0010 0005 1666683558329135 -13.0 -61.0 0.4356505437595221 3 
0010 0004 1666683558330060 -21.9375 -61.0 2.5341362615870793 3 
0010 0006 1666683558331227 -127.75 -70.0 1.0615147052168636 3 
0010 0010 1666683558333486 48.0 -67.0 1.043106935762236 3 
0010 0007 1666683558335826 61.0 -65.0 4.0558452031696355 3 
0010 0001 1666683558336709 -100.0625 -65.5 0.4295146206079795 3 
0010 0008 1666683558384506 -1.1875 -69.5 6.2034183062095325 3 
0010 0004 1666683558431090 -78.0625 -63.5 5.092816215780329 3 
0010 0001 1666683558433577 113.0625 -68.5 0.4295146206079795 3 
0010 0014 1666683558434531 -61.0 -63.0 4.325825821837508 3 
0010 0007 1666683558435457 -56.125 -62.0 5.638913376267617 3 
0010 0008 1666683558436607 8.9375 -62.5 6.209554229361076 3 
0010 0010 1666683558438500 -17.0625 -58.0 3.693825737228624 3 
0010 0005 1666683558441841 130.1875 -69.0 1.4664856332186729 3 
0010 0012 1666683558442952 91.125 -72.5 2.6261751088602177 3 
0010 0002 1666683558444491 -286.4375 -72.5 5.074408446325701 3 
0010 0013 1666683558486893 -0.4375 -77.0 1.4480778637640452 3 
0010 0015 1666683558504092 2.4375 -74.0 6.031612457966341 3 
0010 0014 1666683558547366 -13.0 -62.5 4.620350133111551 3 
0010 0002 1666683558549585 -91.125 -71.0 4.6878452877785195 3 
0010 0015 1666683558550514 -282.375 -70.5 2.9943304979527716 3 
0010 0008 1666683558551426 69.125 -65.5 6.056156150572511 3 
0010 0001 1666683558552663 126.125 -69.0 0.006135923151542565 3 
0010 0007 1666683558553574 34.9375 -64.0 6.17273869045182 3 
0010 0013 1666683558554488 -8.9375 -71.0 4.601942363656923 3 
0010 0004 1666683558555430 -4.0625 -58.0 5.45483568172134 3 
0010 0005 1666683558556317 69.125 -66.5 3.3072625786814425 3 
0010 0010 1666683558557981 -21.9375 -56.5 5.71868037723767 3 
0010 0012 1666683558636982 -3.375 -74.5 1.0185632431560658 3 
0010 0010 1666683558657036 30.0625 -58.5 0.859029241215959 3 
0010 0007 1666683558660184 -26.0 -65.0 0.07976700097005335 3 
0010 0004 1666683558661094 -13.0 -56.0 5.295301679781233 3 
0010 0014 1666683558661964 -95.1875 -63.0 5.006913291658733 3 
0010 0005 1666683558663116 78.0625 -64.5 3.399301425954581 3 
0010 0012 1666683558664030 -30.0625 -70.0 3.736777199289422 3 
0010 0001 1666683558665282 108.1875 -69.5 5.7616318392984684 3 
0010 0015 1666683558667004 -56.125 -68.5 2.5954954931025047 3 
0010 0002 1666683558668170 43.125 -68.5 4.289010282928253 3 
0010 0013 1666683558669581 143.1875 -69.5 4.565126824747668 3 
0010 0006 1666683558672142 94.375 -70.5 4.3933209765044765 3 
0010 0008 1666683558690403 -26.8125 -76.5 5.049864753719531 3 
0010 0011 1666683558693142 0.75 -73.0 0.7976700097005334 3 
0010 0015 1666683558770464 -121.25 -67.0 2.564815877344792 3 
0010 0014 1666683558771987 91.125 -63.5 4.8351074434155406 3 
0010 0007 1666683558772880 0.0 -63.0 5.957981380147831 3 
0010 0004 1666683558774534 -26.0 -56.5 5.117359908386499 3 
0010 0002 1666683558775400 87.0625 -67.0 4.086524818927348 3 
0010 0012 1666683558776820 -4.0625 -63.5 3.724505352986337 3 
0010 0011 1666683558778258 286.4375 -69.5 1.6873788666742053 3 
0010 0010 1666683558779407 -8.9375 -59.5 1.8285050991596843 3 
0010 0006 1666683558783618 -56.9375 -69.0 4.405592822807561 3 
0010 0001 1666683558784501 -113.0625 -69.0 5.565282298449106 3 
0010 0005 1666683558786647 156.1875 -65.5 2.9022916506796332 3 
0010 0004 1666683558877735 -26.0 -57.0 5.037592907416445 3 
0010 0012 1666683558878871 4.0625 -63.0 3.822680123411018 3 
0010 0007 1666683558879742 17.0625 -62.5 5.651185222570702 3 
0010 0014 1666683558880625 43.125 -64.5 4.847379289718626 3 
0010 0015 1666683558882236 -143.1875 -66.5 2.4727770300716534 3 
0010 0006 1666683558883641 -52.0625 -68.5 4.417864669110647 3 
0010 0010 1666683558884567 56.125 -60.0 2.0493983326152168 3 
0010 0011 1666683558885503 0.0 -67.5 2.5157284921324514 3 
0010 0001 1666683558886506 52.0625 -70.0 5.252350217720435 3 
0010 0005 1666683558887886 78.0625 -66.0 2.6875343403756435 3 
0010 0002 1666683558890401 -104.125 -68.0 4.0987966652304335 3 
0010 0013 1666683558979757 0.1875 -72.5 5.724816300389213 3 
0010 0006 1666683559000587 33.3125 -68.5 4.558990901596125 3 
0010 0007 1666683559001740 -26.0 -61.5 5.47937937432751 3 
0010 0002 1666683559004043 -74.0 -68.5 4.09266074207889 3 
0010 0010 1666683559005906 -48.0 -60.0 2.84706834231575 3 
0010 0005 1666683559007806 -65.0625 -65.0 2.890019804376548 3 
0010 0011 1666683559009424 -108.1875 -66.0 3.184544115650591 3 
0010 0014 1666683559010603 8.9375 -64.5 5.056000676871073 3 
0010 0012 1666683559011490 -104.125 -61.0 4.319689898685965 3 
0010 0015 1666683559012604 -117.125 -67.0 2.8102528034064944 3 
0010 0004 1666683559013514 43.125 -57.0 5.092816215780329 3 
0010 0001 1666683559014752 -87.0625 -69.0 5.325981295538946 3 
0010 0013 1666683559038042 -15.375 -73.5 6.025476534814799 3 
0010 0007 1666683559109440 -13.0 -61.0 5.356660911296659 3 
0010 0011 1666683559110822 -74.0 -66.0 3.2520392703175593 3 
0010 0001 1666683559111746 -100.0625 -69.0 5.3627968344482015 3 
0010 0002 1666683559113138 -34.9375 -68.5 4.000621894805752 3 
0010 0015 1666683559114051 -13.0 -68.5 2.5832236467994196 3 
0010 0004 1666683559115280 4.0625 -57.0 5.209398755659637 3 
0010 0014 1666683559116902 -95.1875 -64.0 5.246214294568893 3 
0010 0010 1666683559119983 69.125 -60.5 2.791845033951867 3 
0010 0005 1666683559120912 -39.0 -66.0 2.60776733940559 3 
0010 0012 1666683559122516 -4.0625 -61.5 4.264466590322082 3 
0010 0006 1666683559125570 -85.4375 -69.0 4.718524903536232 3 
0010 0012 1666683559216446 52.0625 -61.5 4.227651051412827 3 
0010 0010 1666683559217825 34.9375 -60.5 2.9513790358919736 3 
0010 0005 1666683559218696 -100.0625 -66.0 2.6691265709210157 3 
0010 0004 1666683559220514 56.125 -56.5 5.135767677841127 3 
0010 0001 1666683559221905 -8.9375 -69.5 5.368932757599744 3 
0010 0006 1666683559222862 -108.1875 -68.5 4.669437518323892 3 
0010 0015 1666683559224058 -56.125 -68.0 2.6016314162540475 3 
0010 0007 1666683559225196 21.9375 -60.5 5.289165756629691 3 
0010 0002 1666683559226604 56.125 -67.0 3.8288160465625602 3 
0010 0014 1666683559227485 -4.0625 -64.0 5.098952138931871 3 
0010 0011 1666683559232277 -126.125 -65.5 3.380893656499953 3 
0010 0007 1666683559322496 -4.0625 -61.5 5.3198453723874035 3 
0010 0014 1666683559323396 -26.0 -64.0 5.135767677841127 3 
0010 0004 1666683559325368 0.0 -57.0 5.209398755659637 3 
0010 0011 1666683559327008 17.0625 -66.5 3.3195344249845276 3 
0010 0015 1666683559328734 -82.1875 -68.5 2.7120780329818137 3 
0010 0010 1666683559329701 -8.9375 -61.0 3.0925052683774528 3 
0010 0012 1666683559331562 -13.0 -61.5 4.374913207049849 3 
0010 0005 1666683559332492 143.1875 -65.5 2.423689644859313 3 
0010 0001 1666683559333545 -108.1875 -69.0 5.540738605842936 3 
0010 0002 1666683559334469 39.0 -67.5 3.8533597391687304 3 
0010 0006 1666683559335378 -184.6875 -69.5 4.749204519293945 3 
0010 0012 1666683559425051 0.0 -62.5 4.399456899656019 3 
0010 0007 1666683559426149 13.0 -61.0 5.313709449235861 3 
0010 0011 1666683559427092 126.125 -66.5 3.313398501832985 3 
0010 0006 1666683559428951 -156.1875 -68.0 4.896466674930966 3 
0010 0010 1666683559430953 -4.0625 -60.5 3.1784081924990484 3 
0010 0015 1666683559432921 -139.125 -67.5 2.82252464970958 3 
0010 0002 1666683559434709 43.125 -67.5 3.9269908169872414 3 
0010 0005 1666683559435664 -30.0625 -66.0 2.662990647769473 3 
0010 0004 1666683559436575 -26.0 -57.0 5.2339424482658075 3 
0010 0014 1666683559437529 -48.0 -64.0 5.086680292628786 3 
0010 0001 1666683559438510 -69.125 -69.0 5.460971604872882 3 
0010 0014 1666683559527310 -117.125 -63.5 5.209398755659637 3 
0010 0011 1666683559528293 39.0 -66.0 3.380893656499953 3 
0010 0010 1666683559530820 -34.9375 -60.5 3.2397674240144743 3 
0010 0007 1666683559531732 -39.0 -61.0 5.418020142812084 3 
0010 0004 1666683559532895 13.0 -57.0 5.1725832167503825 3 
0010 0002 1666683559533835 -17.0625 -68.0 4.049709280018092 3 
0010 0012 1666683559534834 56.125 -61.0 4.3933209765044765 3 
0010 0001 1666683559536199 13.0 -70.0 5.436427912266712 3 
0010 0006 1666683559537392 -80.5625 -68.0 4.779884135051658 3 
0010 0015 1666683559539480 -8.9375 -67.5 2.5709518004963345 3 
0010 0005 1666683559540380 8.9375 -66.0 2.724349879284899 3 
0010 0002 1666683559629477 -56.125 -66.5 4.006757817957295 3 
0010 0004 1666683559630871 -52.0625 -57.0 5.227806525114265 3 
0010 0006 1666683559632632 -85.4375 -68.5 4.724660826687775 3 
0010 0015 1666683559633759 130.1875 -67.5 2.466641106920111 3 
0010 0012 1666683559634700 -104.125 -62.0 4.565126824747668 3 
0010 0010 1666683559635639 -87.0625 -60.5 3.3318062712876126 3 
0010 0011 1666683559636851 -65.0625 -66.0 3.5895150436524004 3 
0010 0014 1666683559638002 26.0 -63.5 5.037592907416445 3 
0010 0007 1666683559639166 8.9375 -61.0 5.381204603902829 3 
0010 0005 1666683559642154 -34.9375 -65.5 2.9022916506796332 3 
0010 0001 1666683559644060 117.125 -68.5 5.375068680751287 3 
0010 0002 1666683559732454 -52.0625 -67.0 4.074252972624263 3 
0010 0014 1666683559734502 -52.0625 -64.0 5.098952138931871 3 
0010 0001 1666683559735411 91.125 -70.0 5.553010452146021 3 
0010 0015 1666683559737404 13.0 -68.5 2.5954954931025047 3 
0010 0007 1666683559738275 26.0 -61.0 5.313709449235861 3 
0010 0012 1666683559739430 -52.0625 -62.0 4.546719055293041 3 
0010 0010 1666683559740567 -4.0625 -61.0 3.227495577711389 3 
0010 0004 1666683559741479 -4.0625 -57.0 5.1725832167503825 3 
0010 0011 1666683559742769 -56.125 -66.0 3.5342917352885173 3 
0010 0006 1666683559743679 -156.1875 -68.5 4.7307967498393175 3 
0010 0005 1666683559744577 -4.0625 -67.0 2.773437264497239 3 
0010 0012 1666683559833100 -34.9375 -62.5 4.509903516383785 3 
0010 0007 1666683559835600 -65.0625 -61.0 5.442563835418255 3 
0010 0004 1666683559836736 -56.125 -57.0 5.203262832508095 3 
0010 0006 1666683559837631 56.9375 -67.5 4.4976316700806995 3 
0010 0005 1666683559839040 -26.0 -67.0 2.9513790358919736 3 
0010 0010 1666683559839993 21.9375 -61.0 3.1906800388021335 3 
0010 0014 1666683559841600 -69.125 -64.5 5.160311370447297 3 
0010 0002 1666683559845106 -121.25 -66.5 4.111068511533518 3 
0010 0011 1666683559846005 -52.0625 -66.0 3.423845118560751 3 
0010 0001 1666683559848490 -134.25 -70.0 5.773903685601553 3 
0010 0015 1666683559849644 104.125 -68.0 2.5341362615870793 3 
0010 0012 1666683559939088 -26.0 -62.5 4.552854978444583 3 
0010 0014 1666683559940584 -108.1875 -64.0 5.135767677841127 3 
0010 0002 1666683559942271 74.0 -66.5 3.877903431774901 3 
0010 0010 1666683559943198 -156.1875 -61.0 3.429981041712294 3 
0010 0011 1666683559944391 82.1875 -65.5 3.3379421944391554 3 
0010 0007 1666683559945940 -21.9375 -61.5 5.405748296509 3 
0010 0004 1666683559947092 -39.0 -57.0 5.1725832167503825 3 
0010 0001 1666683559948597 17.0625 -69.5 5.553010452146021 3 
0010 0006 1666683559949945 80.5625 -68.0 4.540583132141498 3 
0010 0015 1666683559951059 -134.25 -68.5 2.8532042654672924 3 
0010 0005 1666683559951971 -82.1875 -66.5 3.0066023442558567 3 
0010 0012 1666683560041626 -152.125 -62.5 4.669437518323892 3 
0010 0006 1666683560042701 -9.75 -67.0 4.620350133111551 3 
0010 0014 1666683560043616 -30.0625 -64.0 5.074408446325701 3 
0010 0004 1666683560045037 -39.0 -57.0 5.209398755659637 3 
0010 0011 1666683560047409 -21.9375 -66.0 3.442252888015379 3 
0010 0005 1666683560049870 -34.9375 -66.5 2.9575149590435164 3 
0010 0002 1666683560050735 -4.0625 -67.5 4.006757817957295 3 
0010 0007 1666683560052130 17.0625 -61.0 5.313709449235861 3 
0010 0010 1666683560054516 -17.0625 -60.5 3.227495577711389 3 
0010 0015 1666683560056112 -87.0625 -68.0 2.82252464970958 3 
0010 0001 1666683560058260 -156.1875 -70.0 5.792311455056181 3 
