0010 0014 1666683627077490 -165.1875 -62.0 4.313553975534423 3 
0010 0005 1666683627082099 -117.125 -65.0 4.632621979414636 3 
0010 0007 1666683627082967 26.0 -64.5 1.6260196351587797 3 
0010 0004 1666683627085026 17.0625 -70.5 2.9268353432858034 3 
0010 0006 1666683627111331 9.75 -73.0 5.203262832508095 3 
0010 0001 1666683627114735 9.75 -73.5 6.2034183062095325 3 
0010 0014 1666683627186295 -34.9375 -62.0 4.074252972624263 3 
0010 0005 1666683627189331 69.125 -65.5 4.411728745959104 3 
0010 0007 1666683627192412 8.9375 -64.5 1.6873788666742053 3 
0010 0004 1666683627193356 152.125 -71.0 2.6261751088602177 3 
0010 0001 1666683627220117 23.625 -73.5 6.160466844148735 3 
0010 0006 1666683627226659 17.8125 -73.0 5.135767677841127 3 
0010 0014 1666683627302413 -65.0625 -62.0 4.1417481272912315 3 
0010 0007 1666683627304227 8.9375 -64.5 1.7548740213411735 3 
0010 0004 1666683627305277 0.0 -70.5 2.890019804376548 3 
0010 0005 1666683627306168 39.0 -65.0 4.442408361716817 3 
0010 0006 1666683627331826 8.0625 -73.0 5.135767677841127 3 
0010 0001 1666683627337035 6.5 -74.0 6.264777537724958 3 
0010 0007 1666683627411047 34.9375 -64.5 1.7119225592803755 3 
0010 0014 1666683627413636 -4.0625 -62.0 4.037437433715008 3 
0010 0005 1666683627417219 69.125 -64.5 4.448544284868359 3 
0010 0004 1666683627419652 -52.0625 -70.0 2.8777479580734626 3 
0010 0006 1666683627439526 -0.75 -73.0 5.270757987175063 3 
0010 0001 1666683627443603 -8.0625 -74.0 0.04295146206079795 3 
0010 0004 1666683627520542 39.0 -71.0 2.748893571891069 3 
0010 0005 1666683627521748 0.0 -65.0 4.399456899656019 3 
0010 0014 1666683627524074 -21.9375 -61.5 4.1172044346850605 3 
0010 0007 1666683627526535 30.0625 -64.5 1.761009944492716 3 
0010 0006 1666683627547572 21.9375 -73.0 5.111223985234957 3 
0010 0001 1666683627553474 12.1875 -74.0 6.209554229361076 3 
0010 0014 1666683627626087 -100.0625 -61.5 4.178563666200486 3 
0010 0007 1666683627628258 8.9375 -64.5 1.7119225592803755 3 
0010 0005 1666683627633825 -212.375 -65.0 4.651029748869264 3 
0010 0004 1666683627636466 74.0 -71.5 2.84706834231575 3 
0010 0001 1666683627650853 10.5 -74.0 6.227961998815704 3 
0010 0006 1666683627657314 19.5 -73.5 5.141903600992669 3 
0010 0004 1666683627737216 -264.4375 -71.0 3.117048960983623 3 
0010 0014 1666683627739692 -4.0625 -62.5 4.09266074207889 3 
0010 0007 1666683627740593 -43.125 -65.0 1.736466251886546 3 
0010 0005 1666683627742266 -78.0625 -65.0 4.509903516383785 3 
0010 0001 1666683627766560 -3.1875 -74.5 6.234097921967246 3 
0010 0006 1666683627771177 -0.75 -73.0 5.289165756629691 3 
0010 0007 1666683627847328 -39.0 -65.0 1.7241944055834606 3 
0010 0005 1666683627848796 -13.0 -65.0 4.424000592262189 3 
0010 0014 1666683627849963 -13.0 -62.5 4.074252972624263 3 
0010 0001 1666683627871099 12.1875 -74.0 6.160466844148735 3 
0010 0006 1666683627877091 6.5 -73.5 5.221670601962723 3 
0010 0014 1666683627951201 -43.125 -62.0 4.135612204139688 3 
0010 0005 1666683627955600 -104.125 -65.0 4.503767593232243 3 
0010 0007 1666683627958773 30.0625 -65.0 1.5830681730979816 3 
0010 0004 1666683627961258 -126.125 -72.0 2.9697868053466014 3 
0010 0006 1666683627984056 -4.875 -73.5 5.246214294568893 3 
0010 0001 1666683627988812 6.5 -74.5 6.135923151542564 3 
0010 0005 1666683628059703 -30.0625 -64.5 4.362641360746763 3 
0010 0014 1666683628062446 -26.0 -62.5 4.111068511533518 3 
0010 0004 1666683628065563 290.5 -72.0 2.448233337465483 3 
0010 0007 1666683628066587 43.125 -64.5 1.5707963267948966 3 
0010 0001 1666683628094635 9.0 -74.0 6.240233845118788 3 
0010 0006 1666683628110602 10.1875 -74.0 1.9205439464328227 3 
0010 0007 1666683628172666 74.0 -64.0 1.662835174068035 3 
0010 0005 1666683628176369 -48.0 -65.5 4.3933209765044765 3 
0010 0004 1666683628178820 -61.0 -71.5 2.773437264497239 3 
0010 0014 1666683628179715 4.0625 -62.0 4.0987966652304335 3 
0010 0001 1666683628200276 -6.5 -74.0 6.1850105367549055 3 
0010 0006 1666683628226483 -6.0625 -74.0 2.055534255766759 3 
0010 0014 1666683628284447 4.0625 -62.0 4.04357335686655 3 
0010 0007 1666683628286436 13.0 -64.5 1.6812429435226628 3 
0010 0005 1666683628289642 -39.0 -64.5 4.368777283898306 3 
0010 0004 1666683628293107 8.9375 -71.5 2.8777479580734626 3 
0010 0001 1666683628313436 4.875 -74.0 6.037748381117884 3 
0010 0006 1666683628446389 6.8125 -74.0 1.8960002538266525 3 
0010 0004 1666683628453758 -74.0 -72.0 2.8838838812250054 3 
0010 0014 1666683628456898 -52.0625 -61.5 4.154019973594316 3 
0010 0005 1666683628458647 -34.9375 -64.5 4.264466590322082 3 
0010 0007 1666683628459860 139.125 -64.5 1.5155730184310134 3 
0010 0001 1666683628482755 3.1875 -74.0 5.976389149602458 3 
0010 0006 1666683628605653 2.3125 -74.0 5.117359908386499 3 
0010 0014 1666683628653697 -43.125 -61.5 4.104932588381976 3 
0010 0007 1666683628654964 104.125 -65.0 1.521708941582556 3 
0010 0005 1666683628656088 -82.1875 -64.0 4.399456899656019 3 
0010 0004 1666683628657400 -234.3125 -70.0 2.9084275738311756 3 
0010 0001 1666683628676856 -9.75 -74.0 5.994796919057086 3 
0010 0006 1666683628754854 2.5 -74.0 5.092816215780329 3 
0010 0005 1666683628764379 -30.0625 -64.5 4.313553975534423 3 
0010 0014 1666683628765801 -34.9375 -62.0 4.196971435655114 3 
0010 0007 1666683628767432 48.0 -65.0 1.6505633277649499 3 
0010 0004 1666683628771638 182.25 -71.5 2.429825568010856 3 
0010 0001 1666683628792550 11.4375 -74.0 5.878214379177777 3 
0010 0006 1666683628877391 -2.6875 -74.5 5.166447293598839 3 
0010 0006 1666683628892195 -8.8125 -74.5 2.1905245651006955 3 
0010 0006 1666683628900618 -2.875 -74.0 2.12916533358527 3 
0010 0006 1666683628909070 -1.9375 -74.5 2.1230294104337273 3 
0010 0006 1666683628924111 2.5 -74.5 5.148039524144211 3 
0010 0006 1666683628932566 -0.625 -74.0 2.043262409463674 3 
0010 0006 1666683628941277 -1.25 -74.5 2.061670178918302 3 
0010 0006 1666683628949856 3.375 -74.5 5.056000676871073 3 
0010 0006 1666683628958749 1.5 -74.5 5.264622064023521 3 
0010 0006 1666683628967163 -9.0625 -74.5 2.1537090261914402 3 
0010 0006 1666683628981315 4.1875 -74.0 1.9819031779482483 3 
0010 0001 1666683628988094 -195.25 -72.5 2.9820586516496865 3 
0010 0007 1666683628989218 -69.125 -65.0 1.8346410223112268 3 
0010 0014 1666683628991206 -17.0625 -61.5 4.104932588381976 3 
0010 0005 1666683628993475 -13.0 -64.0 4.25833066717054 3 
0010 0004 1666683628994785 -17.0625 -70.5 2.8286605728611223 3 
0010 0006 1666683629051322 -10.1875 -74.5 5.295301679781233 3 
0010 0005 1666683629104942 61.0 -63.5 4.184699589352029 3 
0010 0014 1666683629108740 -56.125 -62.0 4.1601558967458585 3 
0010 0004 1666683629110061 -17.0625 -70.5 2.6568547246179306 3 
0010 0007 1666683629111271 26.0 -65.0 1.6260196351587797 3 
0010 0006 1666683629156736 0.0 -74.0 2.055534255766759 3 
0010 0004 1666683629216420 195.25 -71.0 2.5034566458293663 3 
0010 0014 1666683629217966 4.0625 -62.0 4.09266074207889 3 
0010 0005 1666683629218866 17.0625 -63.5 4.313553975534423 3 
0010 0007 1666683629219862 4.0625 -65.0 1.607611865704152 3 
0010 0001 1666683629221582 65.0625 -72.5 2.693670263527186 3 
0010 0006 1666683629257643 5.625 -74.0 2.061670178918302 3 
0010 0007 1666683629319728 -78.0625 -65.0 1.8162332528565992 3 
0010 0004 1666683629322441 139.125 -70.5 2.6016314162540475 3 
0010 0014 1666683629323962 -26.0 -61.5 4.074252972624263 3 
0010 0005 1666683629325685 -8.9375 -64.0 4.325825821837508 3 
0010 0001 1666683629330850 256.3125 -72.0 2.2150682577068657 3 
0010 0006 1666683629368078 10.1875 -74.0 5.148039524144211 3 
0010 0007 1666683629431830 -4.0625 -64.5 1.6996507129772904 3 
0010 0014 1666683629434827 -8.9375 -61.5 4.1172044346850605 3 
0010 0005 1666683629437473 82.1875 -63.5 4.1601558967458585 3 
0010 0004 1666683629447958 65.0625 -71.0 2.6875343403756435 3 
0010 0001 1666683629449254 108.1875 -71.5 2.5893595699509624 3 
0010 0006 1666683629497665 -3.1875 -74.0 2.086213871524472 3 
0010 0005 1666683629549128 -26.0 -64.5 4.25833066717054 3 
0010 0014 1666683629551866 -69.125 -61.5 4.166291819897402 3 
0010 0007 1666683629553184 -4.0625 -65.0 1.6996507129772904 3 
0010 0004 1666683629556072 121.25 -70.5 2.6691265709210157 3 
0010 0001 1666683629558282 199.375 -72.5 2.5280003384355365 3 
0010 0006 1666683629604341 9.75 -74.5 5.129631754689584 3 
0010 0007 1666683629658411 61.0 -65.0 1.576932249946439 3 
0010 0001 1666683629662424 178.1875 -71.5 2.552544031041707 3 
0010 0005 1666683629663364 -100.0625 -64.0 4.313553975534423 3 
0010 0014 1666683629664246 -21.9375 -61.5 4.154019973594316 3 
0010 0004 1666683629667692 -243.3125 -71.0 2.945243112740431 3 
0010 0006 1666683629788610 8.0625 -74.5 2.0800779483729293 3 
0010 0008 1666683629835509 -2.1875 -75.0 4.09266074207889 3 
0010 0004 1666683629850194 -39.0 -71.0 2.7979809571034093 3 
0010 0005 1666683629851464 -43.125 -64.0 4.3933209765044765 3 
0010 0007 1666683629852334 -30.0625 -64.5 1.8346410223112268 3 
0010 0014 1666683629853232 -126.125 -61.5 4.215379205109742 3 
0010 0001 1666683629855120 182.25 -73.0 2.675262494072558 3 
0010 0008 1666683629873404 29.25 -72.5 0.9970875121256667 3 
0010 0006 1666683629884945 6.5 -72.5 5.184855063053467 3 
0010 0001 1666683629958884 17.0625 -69.5 3.3624858870453256 3 
0010 0008 1666683629961697 -39.0 -65.5 1.5707963267948966 3 
0010 0007 1666683629963045 -8.9375 -63.0 2.3439226438892597 3 
0010 0004 1666683629963944 -48.0 -65.5 3.5588354278946874 3 
0010 0005 1666683629965975 30.0625 -67.0 5.240078371417351 3 
0010 0014 1666683629967140 21.9375 -63.5 4.09266074207889 3 
0010 0015 1666683629968875 30.0625 -72.5 2.82252464970958 3 
0010 0009 1666683630035690 3.6875 -72.5 1.0921943209745766 3 
0010 0001 1666683630067374 -143.1875 -69.0 4.632621979414636 3 
0010 0008 1666683630070111 -4.0625 -62.0 2.055534255766759 3 
0010 0007 1666683630071409 -69.125 -62.5 3.485204350076177 3 
0010 0005 1666683630073173 8.9375 -61.0 1.8837284075235674 3 
0010 0004 1666683630074056 -74.0 -61.5 4.172427743048944 3 
0010 0014 1666683630075821 -139.125 -67.0 4.000621894805752 3 
0010 0015 1666683630076849 668.0625 -72.5 1.368310862793992 3 
0010 0011 1666683630120819 12.9375 -77.5 4.503767593232243 3 
0010 0007 1666683630174958 56.125 -64.0 5.436427912266712 3 
0010 0005 1666683630176492 43.125 -60.5 2.2027964114037806 3 
0010 0001 1666683630179012 69.125 -68.0 6.227961998815704 3 
0010 0004 1666683630182430 13.0 -65.0 0.3190680038802134 3 
0010 0014 1666683630183585 -243.3125 -66.5 4.135612204139688 3 
0010 0008 1666683630185580 -95.1875 -66.0 0.3313398501832985 3 
0010 0006 1666683630186501 -9.75 -65.0 0.8835729338221293 3 
0010 0015 1666683630188003 -286.4375 -72.5 2.478912953223196 3 
0010 0011 1666683630211370 17.0625 -74.0 0.4540583132141498 3 
0010 0001 1666683630284868 91.125 -65.5 0.030679615757712823 3 
0010 0005 1666683630288306 -56.125 -62.5 5.915029918087033 3 
0010 0008 1666683630289201 -30.0625 -60.5 0.9817477042468103 3 
0010 0007 1666683630290369 26.0 -64.0 0.9878836273983529 3 
0010 0014 1666683630291266 -56.125 -64.0 4.006757817957295 3 
0010 0004 1666683630292385 4.0625 -58.5 2.0371264863121317 3 
0010 0012 1666683630314337 0.75 -77.5 2.564815877344792 3 
0010 0010 1666683630341061 3.625 -72.5 0.9019807032767571 3 
0010 0006 1666683630344838 -1.1875 -71.0 0.35588354278946877 3 
0010 0004 1666683630398939 30.0625 -65.0 3.5588354278946874 3 
0010 0014 1666683630400091 -30.0625 -62.5 4.2031073588066565 3 
0010 0007 1666683630401046 -56.125 -63.5 3.9085830475326135 3 
0010 0006 1666683630402180 23.5625 -67.0 5.724816300389213 3 
0010 0010 1666683630403094 -43.125 -61.0 2.448233337465483 3 
0010 0005 1666683630404629 74.0 -64.0 0.09203884727313846 3 
0010 0001 1666683630406619 52.0625 -70.5 0.1227184630308513 3 
0010 0008 1666683630419925 -32.5 -68.0 6.252505691421874 3 
0010 0015 1666683630439317 21.9375 -73.5 5.559146375297564 3 
0010 0012 1666683630441507 -12.1875 -74.5 5.5714182216006485 3 
0010 0013 1666683630466732 -2.4375 -76.0 1.1535535524900022 3 
0010 0005 1666683630517630 -3.375 -73.5 6.105243535784852 3 
0010 0015 1666683630526089 26.0 -69.0 2.337786720737717 3 
0010 0010 1666683630527002 -52.0625 -57.5 4.595806440505381 3 
0010 0014 1666683630530449 -78.0625 -62.5 4.693981210930062 3 
0010 0004 1666683630531372 30.0625 -60.0 5.246214294568893 3 
0010 0002 1666683630533019 -56.125 -71.0 4.700117134081604 3 
0010 0007 1666683630537211 -108.1875 -63.0 5.0682725231741586 3 
0010 0008 1666683630538247 -4.0625 -64.0 5.651185222570702 3 
0010 0011 1666683630539419 -100.0625 -66.5 3.5895150436524004 3 
0010 0013 1666683630540705 -182.25 -67.5 4.522175362686871 3 
0010 0005 1666683630549985 1.1875 -70.5 0.23930100291016002 3 
0010 0001 1666683630563435 30.0 -73.5 6.12365130523948 3 
0010 0006 1666683630628581 3.5625 -74.0 5.921165841238575 3 
0010 0010 1666683630645212 -30.0625 -58.0 0.3129320807286708 3 
0010 0002 1666683630646451 82.1875 -68.5 4.2031073588066565 3 
0010 0013 1666683630647338 -91.125 -69.0 4.755340442445488 3 
0010 0004 1666683630648431 -17.0625 -59.0 4.822835597112456 3 
0010 0008 1666683630649314 69.125 -73.0 5.019185137961818 3 
0010 0012 1666683630650480 13.0 -70.5 3.724505352986337 3 
0010 0015 1666683630652796 -65.0625 -67.5 2.2150682577068657 3 
0010 0005 1666683630654403 147.25 -66.5 2.890019804376548 3 
0010 0007 1666683630655370 65.0625 -63.0 4.963961829597935 3 
0010 0014 1666683630656280 4.0625 -63.5 4.859651136021712 3 
0010 0001 1666683630658610 -78.0625 -69.5 5.5284667595398505 3 
0010 0006 1666683630678816 3.1875 -72.5 6.227961998815704 3 
0010 0015 1666683630758565 -78.0625 -65.5 2.1905245651006955 3 
0010 0006 1666683630761204 104.125 -72.5 2.8716120349219203 3 
0010 0004 1666683630763024 -30.0625 -57.5 4.565126824747668 3 
0010 0007 1666683630763877 -74.0 -62.5 4.896466674930966 3 
0010 0005 1666683630765047 -134.25 -68.5 2.478912953223196 3 
0010 0010 1666683630765943 -39.0 -59.0 1.2455923997631406 3 
0010 0002 1666683630768440 -95.1875 -69.0 3.9269908169872414 3 
0010 0001 1666683630769589 4.0625 -70.0 4.896466674930966 3 
0010 0014 1666683630771617 82.1875 -64.5 4.828971520263998 3 
0010 0012 1666683630772702 -26.0 -66.5 4.104932588381976 3 
0010 0008 1666683630883080 0.625 -75.0 1.509437095279471 3 
0010 0013 1666683630898615 -0.4375 -70.5 5.945709533844745 3 
0010 0015 1666683630905529 -21.9375 -66.5 2.1966604882522383 3 
0010 0001 1666683630906639 -78.0625 -68.5 4.577398671050753 3 
0010 0002 1666683630907551 74.0 -68.0 3.650874275167826 3 
0010 0006 1666683630908732 152.125 -70.5 3.792000507653305 3 
0010 0004 1666683630910381 56.125 -57.5 4.399456899656019 3 
0010 0013 1666683630911991 69.125 -69.5 5.829126993965437 3 
0010 0011 1666683630913156 -8.9375 -69.5 2.9697868053466014 3 
0010 0007 1666683630915274 4.0625 -60.5 4.853515212870168 3 
0010 0005 1666683630916430 82.1875 -68.5 1.7426021750380885 3 
0010 0010 1666683630917369 -17.0625 -60.0 2.1966604882522383 3 
0010 0012 1666683630920415 -17.0625 -64.5 4.503767593232243 3 
0010 0014 1666683630923513 65.0625 -64.0 5.129631754689584 3 
0010 0008 1666683630946153 6.5 -75.5 4.638757902566179 3 
0010 0015 1666683631022585 74.0 -66.5 2.061670178918302 3 
0010 0006 1666683631025748 -70.75 -71.0 4.147884050442774 3 
0010 0014 1666683631026687 4.0625 -64.5 5.117359908386499 3 
0010 0012 1666683631027903 -56.125 -66.0 4.792155981354743 3 
0010 0010 1666683631028813 -8.9375 -60.0 2.5770877236478773 3 
0010 0005 1666683631030152 -152.125 -70.0 2.098485717827557 3 
0010 0002 1666683631031345 -48.0 -67.0 3.4913402732277192 3 
0010 0004 1666683631032904 -100.0625 -57.5 4.558990901596125 3 
0010 0001 1666683631034040 13.0 -69.5 4.405592822807561 3 
0010 0007 1666683631035434 -34.9375 -60.0 4.884194828627882 3 
0010 0013 1666683631037007 -342.5625 -70.5 0.9081166264282996 3 
0010 0011 1666683631038175 -100.0625 -68.0 3.5956509668039427 3 
0010 0008 1666683631067017 0.75 -75.0 1.576932249946439 3 
0010 0006 1666683631135891 -109.0 -71.5 4.3074180523828804 3 
0010 0014 1666683631136817 -65.0625 -64.5 5.209398755659637 3 
0010 0007 1666683631137982 -21.9375 -60.0 4.988505522204105 3 
0010 0015 1666683631139124 78.0625 -67.0 2.12916533358527 3 
0010 0004 1666683631141510 -69.125 -57.5 4.552854978444583 3 
0010 0002 1666683631143370 65.0625 -67.5 3.2888548092268146 3 
0010 0011 1666683631145502 -48.0 -68.0 4.01902966426038 3 
0010 0012 1666683631146639 -8.9375 -65.0 4.8351074434155406 3 
0010 0010 1666683631149177 -74.0 -61.0 2.9943304979527716 3 
0010 0001 1666683631150777 21.9375 -69.5 4.135612204139688 3 
0010 0005 1666683631175160 11.4375 -72.5 5.049864753719531 3 
0010 0008 1666683631180979 -3.1875 -75.0 4.847379289718626 3 
0010 0013 1666683631186394 -1.625 -73.5 1.1596894756415448 3 
0010 0012 1666683631259587 48.0 -65.0 4.779884135051658 3 
0010 0004 1666683631260978 -8.9375 -57.5 4.589670517353839 3 
0010 0011 1666683631262968 21.9375 -69.0 4.129476280988146 3 
0010 0007 1666683631267134 -34.9375 -59.5 5.031456984264903 3 
0010 0014 1666683631268579 -17.0625 -64.0 5.086680292628786 3 
0010 0006 1666683631270363 -9.75 -71.0 4.362641360746763 3 
0010 0015 1666683631271393 39.0 -68.0 2.055534255766759 3 
0010 0010 1666683631272319 -13.0 -61.0 3.129320807286708 3 
0010 0001 1666683631273231 -34.9375 -69.5 4.172427743048944 3 
0010 0002 1666683631274875 -4.0625 -67.5 3.3195344249845276 3 
0010 0008 1666683631298477 5.625 -75.5 4.970097752749477 3 
0010 0005 1666683631338956 -1.625 -73.0 5.221670601962723 3 
0010 0002 1666683631386849 -65.0625 -67.0 3.436116964863836 3 
0010 0004 1666683631387688 -26.0 -58.0 4.663301595172349 3 
0010 0011 1666683631388857 -108.1875 -69.0 4.154019973594316 3 
0010 0007 1666683631390517 -43.125 -59.5 5.092816215780329 3 
0010 0006 1666683631391402 212.375 -71.0 4.3074180523828804 3 
0010 0010 1666683631395130 -26.0 -61.5 3.129320807286708 3 
0010 0015 1666683631396061 -221.3125 -67.5 2.435961491162398 3 
0010 0014 1666683631398815 -104.125 -64.0 5.2768939103266055 3 
0010 0001 1666683631401338 -82.1875 -69.0 4.061981126321178 3 
0010 0012 1666683631405070 -104.125 -64.5 5.043728830567988 3 
0010 0008 1666683631445949 -12.3125 -76.5 1.846912868614312 3 
0010 0005 1666683631469433 7.3125 -73.5 5.209398755659637 3 
0010 0001 1666683631516276 -152.125 -69.0 4.424000592262189 3 
0010 0012 1666683631518551 -82.1875 -65.0 5.013049214810275 3 
0010 0004 1666683631519701 -48.0 -58.0 4.693981210930062 3 
0010 0014 1666683631520556 34.9375 -64.5 5.013049214810275 3 
0010 0007 1666683631521751 -8.9375 -59.5 5.086680292628786 3 
0010 0006 1666683631523429 -85.4375 -70.0 4.540583132141498 3 
0010 0010 1666683631525328 48.0 -62.0 3.117048960983623 3 
0010 0002 1666683631526850 -61.0 -67.5 3.466796580621549 3 
0010 0015 1666683631527765 43.125 -68.0 2.0923497946760143 3 
0010 0011 1666683631529426 95.1875 -68.0 4.061981126321178 3 
0010 0008 1666683631565989 6.8125 -76.0 4.896466674930966 3 
0010 0005 1666683631582662 -9.75 -73.5 5.313709449235861 3 
0010 0010 1666683631641839 4.0625 -61.5 3.0802334220743677 3 
0010 0007 1666683631643094 -39.0 -59.5 5.111223985234957 3 
0010 0004 1666683631644530 -30.0625 -57.5 4.663301595172349 3 
0010 0012 1666683631645682 17.0625 -65.0 4.865787059173254 3 
0010 0011 1666683631646595 -56.125 -67.0 4.325825821837508 3 
0010 0014 1666683631647516 0.0 -64.0 5.105088062083414 3 
0010 0015 1666683631648422 -152.125 -68.0 2.3009711818284617 3 
0010 0001 1666683631649346 -104.125 -69.0 4.417864669110647 3 
0010 0002 1666683631650526 -104.125 -67.0 3.56497135104623 3 
0010 0006 1666683631677029 1.625 -72.5 1.2578642460662257 3 
0010 0008 1666683631698497 8.8125 -76.5 4.957825906446392 3 
0010 0005 1666683631703796 0.75 -73.5 5.325981295538946 3 
0010 0014 1666683631764383 43.125 -64.0 5.043728830567988 3 
0010 0001 1666683631766347 -299.4375 -70.0 4.626486056263094 3 
0010 0007 1666683631768959 -13.0 -59.5 5.043728830567988 3 
0010 0004 1666683631770338 -48.0 -58.0 4.71238898038469 3 
0010 0002 1666683631771987 65.0625 -67.0 3.3624858870453256 3 
0010 0015 1666683631773199 -52.0625 -67.5 2.1598449493429825 3 
0010 0011 1666683631774069 -34.9375 -67.5 4.25833066717054 3 
0010 0010 1666683631774967 -48.0 -61.5 3.2090878082567613 3 
0010 0012 1666683631775864 -8.9375 -65.0 4.97623367590102 3 
0010 0006 1666683631809420 -0.75 -72.5 1.2946797849754812 3 
0010 0008 1666683631812900 27.5625 -74.5 4.908738521234052 3 
0010 0005 1666683631835648 5.625 -73.0 5.227806525114265 3 
0010 0004 1666683631890144 26.0 -57.5 4.614214209960009 3 
0010 0006 1666683631891249 -4.875 -71.0 4.362641360746763 3 
0010 0014 1666683631893289 -74.0 -64.0 5.148039524144211 3 
0010 0011 1666683631894218 -143.1875 -68.0 4.239922897715912 3 
0010 0015 1666683631895614 -52.0625 -67.5 2.061670178918302 3 
0010 0012 1666683631897712 -43.125 -65.0 5.013049214810275 3 
0010 0010 1666683631898638 56.125 -61.0 3.074097498922825 3 
0010 0007 1666683631900286 -8.9375 -59.0 5.049864753719531 3 
0010 0001 1666683631905257 -160.3125 -69.5 4.583534594202296 3 
0010 0002 1666683631906181 30.0625 -67.0 3.497476196379262 3 
0010 0005 1666683631924030 15.375 -73.0 5.258486140871978 3 
0010 0008 1666683631928617 26.0625 -75.0 4.988505522204105 3 
0010 0004 1666683632004531 -13.0 -58.0 4.651029748869264 3 
0010 0011 1666683632005403 -52.0625 -66.5 4.166291819897402 3 
0010 0002 1666683632007882 -26.0 -67.5 3.552699504743145 3 
0010 0010 1666683632008808 -69.125 -61.5 3.1784081924990484 3 
0010 0007 1666683632010953 30.0625 -59.5 5.043728830567988 3 
0010 0012 1666683632012629 -69.125 -65.0 5.049864753719531 3 
0010 0006 1666683632013525 -87.0625 -69.5 4.509903516383785 3 
0010 0001 1666683632016878 147.25 -70.0 4.313553975534423 3 
0010 0015 1666683632019292 117.125 -68.5 1.8223691760081417 3 
0010 0014 1666683632020273 -8.9375 -65.0 5.0682725231741586 3 
0010 0008 1666683632035674 -12.9375 -75.0 5.21553467881118 3 
0010 0006 1666683632042475 -4.875 -72.5 1.380582709097077 3 
