0010 0015 1666684157516261 -230.25 -66.0 5.074408446325701 4 
0010 0003 1666684157517169 78.0625 -71.0 5.184855063053467 4 
0010 0005 1666684157518093 -4.0625 -57.0 4.301282129231338 4 
0010 0002 1666684157519189 21.9375 -67.0 2.650718801466388 4 
0010 0010 1666684157521280 -139.125 -62.0 3.509748042682347 4 
0010 0012 1666684157522433 -117.125 -60.5 3.9822141253511245 4 
0010 0007 1666684157523572 156.1875 -65.5 0.859029241215959 4 
0010 0009 1666684157596189 -2.875 -74.5 0.5829126993965437 4 
0010 0014 1666684157631432 26.0 -59.5 4.424000592262189 4 
0010 0002 1666684157632720 -100.0625 -68.5 2.834796496012665 4 
0010 0011 1666684157634847 34.9375 -66.0 3.9147189706841563 4 
0010 0012 1666684157635789 -56.125 -61.5 3.933126740138784 4 
0010 0007 1666684157636673 65.0625 -65.5 0.9142525495798421 4 
0010 0010 1666684157638134 -4.0625 -63.0 3.32567034813607 4 
0010 0004 1666684157639883 -26.0 -56.5 4.154019973594316 4 
0010 0013 1666684157642305 -78.0625 -64.0 3.129320807286708 4 
0010 0015 1666684157643218 -61.0 -66.5 4.994641445355648 4 
0010 0005 1666684157644386 -30.0625 -57.0 4.338097668140593 4 
0010 0003 1666684157645681 127.75 -70.5 5.117359908386499 4 
0010 0009 1666684157682397 3.3125 -74.5 0.3988350048502667 4 
0010 0010 1666684157758558 56.125 -63.0 3.3747577333484107 4 
0010 0012 1666684157759669 -91.125 -61.0 3.9576704327449543 4 
0010 0014 1666684157761103 -34.9375 -60.0 4.503767593232243 4 
0010 0004 1666684157761986 30.0625 -56.0 4.111068511533518 4 
0010 0005 1666684157766368 -30.0625 -57.0 4.374913207049849 4 
0010 0013 1666684157767910 -95.1875 -64.5 3.147728576741336 4 
0010 0007 1666684157771355 8.9375 -66.0 0.8651651643675016 4 
0010 0015 1666684157772639 -13.0 -66.5 4.908738521234052 4 
0010 0011 1666684157773540 -113.0625 -67.5 4.09266074207889 4 
0010 0002 1666684157774777 43.125 -67.5 2.6445828783148455 4 
0010 0003 1666684157775715 -69.125 -72.0 5.350524988145116 4 
0010 0009 1666684157794408 6.5 -73.5 0.4172427743048944 4 
0010 0004 1666684157875169 -56.125 -56.0 4.221515128261284 4 
0010 0003 1666684157877670 -275.0 -73.0 5.540738605842936 4 
0010 0007 1666684157878582 169.25 -66.5 0.6933593161243098 4 
0010 0012 1666684157879508 -39.0 -61.0 3.9085830475326135 4 
0010 0015 1666684157880661 -56.125 -66.0 5.019185137961818 4 
0010 0014 1666684157881558 -61.0 -59.5 4.546719055293041 4 
0010 0013 1666684157882976 0.0 -65.0 3.055689729468197 4 
0010 0005 1666684157883873 0.0 -57.0 4.325825821837508 4 
0010 0002 1666684157885908 -290.5 -68.0 3.0250101137104846 4 
0010 0010 1666684157888390 -61.0 -63.5 3.436116964863836 4 
0010 0011 1666684157889783 -21.9375 -66.5 4.025165587411922 4 
0010 0009 1666684157915139 9.0 -73.5 0.32520392703175593 4 
0010 0014 1666684157991915 -13.0 -59.0 4.466952054322987 4 
0010 0012 1666684157993085 -39.0 -61.0 3.8963112012295285 4 
0010 0010 1666684157994276 -8.9375 -63.0 3.442252888015379 4 
0010 0013 1666684157995179 -91.125 -64.5 3.1968159619536762 4 
0010 0005 1666684157996828 -30.0625 -57.0 4.362641360746763 4 
0010 0004 1666684157999688 -52.0625 -56.0 4.196971435655114 4 
0010 0007 1666684158002191 -26.0 -65.5 0.9387962421860124 4 
0010 0011 1666684158004195 -139.125 -66.5 4.111068511533518 4 
0010 0015 1666684158005364 -108.1875 -66.5 5.062136600022616 4 
0010 0003 1666684158006281 0.0 -73.0 5.270757987175063 4 
0010 0002 1666684158008519 48.0 -68.0 2.650718801466388 4 
0010 0009 1666684158030598 11.4375 -73.5 0.3620194659410113 4 
0010 0005 1666684158112687 -26.0 -57.5 4.381049130201391 4 
0010 0011 1666684158115269 -113.0625 -67.0 4.031301510563465 4 
0010 0002 1666684158116421 -169.25 -68.0 2.8961557275280905 4 
0010 0004 1666684158117529 -61.0 -56.0 4.190835512503572 4 
0010 0014 1666684158118921 13.0 -59.5 4.460816131171445 4 
0010 0007 1666684158120032 65.0625 -66.5 0.859029241215959 4 
0010 0015 1666684158121202 56.125 -67.0 4.8351074434155406 4 
0010 0010 1666684158123871 74.0 -63.0 3.32567034813607 4 
0010 0012 1666684158125151 -26.0 -60.5 3.9085830475326135 4 
0010 0013 1666684158127101 -100.0625 -65.0 3.1784081924990484 4 
0010 0003 1666684158128111 78.0625 -72.5 5.553010452146021 4 
0010 0009 1666684158270845 -1.9375 -74.0 3.6692820446224537 4 
0010 0000 1666684158299553 -7.0625 -78.0 4.239922897715912 4 
0010 0015 1666684158306253 -69.125 -66.5 4.988505522204105 4 
0010 0014 1666684158307886 -61.0 -59.5 4.528311285838413 4 
0010 0010 1666684158309689 -43.125 -62.5 3.423845118560751 4 
0010 0002 1666684158310812 30.0625 -68.0 2.724349879284899 4 
0010 0012 1666684158311708 -8.9375 -61.0 3.847223816017188 4 
0010 0007 1666684158313160 91.125 -66.5 0.760854470791278 4 
0010 0003 1666684158317131 160.3125 -73.0 5.295301679781233 4 
0010 0011 1666684158318396 4.0625 -65.5 3.9453985864418692 4 
0010 0005 1666684158319307 0.0 -57.5 4.3503695144436785 4 
0010 0004 1666684158320249 -4.0625 -56.0 4.0987966652304335 4 
0010 0013 1666684158321279 8.9375 -65.5 3.0066023442558567 4 
0010 0009 1666684158387328 0.1875 -74.0 3.5772431973493153 4 
0010 0015 1666684158449200 -87.0625 -65.5 5.019185137961818 4 
0010 0012 1666684158450310 13.0 -60.5 3.834951969714103 4 
0010 0004 1666684158451249 -21.9375 -56.0 4.04357335686655 4 
0010 0011 1666684158453710 -87.0625 -67.0 4.129476280988146 4 
0010 0002 1666684158454891 -52.0625 -68.0 2.718213956133356 4 
0010 0014 1666684158455802 48.0 -59.5 4.485359823777615 4 
0010 0005 1666684158457434 -4.0625 -57.0 4.264466590322082 4 
0010 0007 1666684158460378 139.125 -67.0 0.8344855486097889 4 
0010 0010 1666684158462100 -87.0625 -63.0 3.5036121195308043 4 
0010 0013 1666684158463497 -104.125 -66.5 3.147728576741336 4 
0010 0003 1666684158467178 91.125 -71.5 5.325981295538946 4 
0010 0009 1666684158508338 3.8125 -74.0 0.3865631585471816 4 
0010 0003 1666684158574482 -160.3125 -70.5 5.460971604872882 4 
0010 0012 1666684158575976 -91.125 -60.5 3.9699422790480394 4 
0010 0011 1666684158576903 -87.0625 -66.5 4.246058820867455 4 
0010 0010 1666684158577845 -65.0625 -64.0 3.4606606574700063 4 
0010 0005 1666684158579730 17.0625 -57.0 4.166291819897402 4 
0010 0015 1666684158580646 61.0 -65.5 4.914874444385594 4 
0010 0002 1666684158583427 121.25 -67.5 2.6568547246179306 4 
0010 0013 1666684158585541 61.0 -66.0 2.804116880254952 4 
0010 0007 1666684158587555 -4.0625 -66.0 0.9019807032767571 4 
0010 0004 1666684158588466 -21.9375 -55.5 4.147884050442774 4 
0010 0014 1666684158590244 -13.0 -59.0 4.546719055293041 4 
0010 0009 1666684158681619 0.625 -73.5 0.6381360077604268 4 
0010 0007 1666684158716799 -4.0625 -66.5 0.7976700097005334 4 
0010 0002 1666684158717695 -17.0625 -67.0 2.773437264497239 4 
0010 0012 1666684158719089 -34.9375 -61.0 3.890175278077986 4 
0010 0005 1666684158720482 -34.9375 -57.0 4.2031073588066565 4 
0010 0014 1666684158722398 -56.125 -59.5 4.540583132141498 4 
0010 0004 1666684158723281 -48.0 -55.5 4.1417481272912315 4 
0010 0015 1666684158724561 8.9375 -66.0 4.994641445355648 4 
0010 0003 1666684158726099 52.0625 -72.5 5.270757987175063 4 
0010 0013 1666684158726999 78.0625 -66.0 2.8532042654672924 4 
0010 0010 1666684158727911 -26.0 -63.0 3.399301425954581 4 
0010 0011 1666684158728838 -113.0625 -67.0 4.1601558967458585 4 
0010 0009 1666684158753554 -2.4375 -73.0 0.6320000846088841 4 
0010 0015 1666684158832635 48.0 -66.5 4.81056375080937 4 
0010 0002 1666684158833533 -34.9375 -68.0 2.761165418194154 4 
0010 0014 1666684158834932 13.0 -59.5 4.417864669110647 4 
0010 0004 1666684158836097 -13.0 -56.0 4.037437433715008 4 
0010 0011 1666684158837068 -56.125 -66.0 4.061981126321178 4 
0010 0005 1666684158838447 -8.9375 -57.5 4.215379205109742 4 
0010 0010 1666684158839332 -95.1875 -62.0 3.454524734318464 4 
0010 0013 1666684158840263 -43.125 -65.5 3.2090878082567613 4 
0010 0012 1666684158841135 -52.0625 -61.0 3.890175278077986 4 
0010 0007 1666684158842601 -26.0 -66.5 0.8467573949128739 4 
0010 0003 1666684158846027 21.9375 -71.5 5.080544369477243 4 
0010 0000 1666684158934509 1.75 -77.5 3.9147189706841563 4 
0010 0007 1666684158951228 -65.0625 -67.5 0.9572040116406401 4 
0010 0015 1666684158952125 -87.0625 -66.5 4.9394181369917645 4 
0010 0012 1666684158954050 -17.0625 -61.0 3.792000507653305 4 
0010 0014 1666684158955501 -61.0 -59.5 4.552854978444583 4 
0010 0002 1666684158957703 -61.0 -67.5 2.9145634969827183 4 
0010 0005 1666684158958616 -52.0625 -57.0 4.215379205109742 4 
0010 0004 1666684158960248 -21.9375 -55.5 4.049709280018092 4 
0010 0011 1666684158961162 -87.0625 -67.5 3.9515345095934116 4 
0010 0003 1666684158962495 -126.125 -71.5 5.295301679781233 4 
0010 0010 1666684158963392 -17.0625 -63.0 3.141592653589793 4 
0010 0013 1666684158965309 0.0 -66.0 3.2029518851052186 4 
0010 0000 1666684159085701 -5.75 -77.5 4.23378697456437 4 
0010 0002 1666684159093158 -34.9375 -67.5 3.147728576741336 4 
0010 0005 1666684159094709 -21.9375 -57.5 4.23378697456437 4 
0010 0004 1666684159096088 -48.0 -56.0 4.0558452031696355 4 
0010 0010 1666684159097255 43.125 -61.0 2.3930100291016 4 
0010 0012 1666684159098182 -39.0 -62.0 3.706097583531709 4 
0010 0007 1666684159099052 21.9375 -66.5 0.3436116964863836 4 
0010 0013 1666684159100197 208.3125 -66.0 2.423689644859313 4 
0010 0014 1666684159101651 -13.0 -59.5 4.448544284868359 4 
0010 0011 1666684159103117 -8.9375 -67.0 3.6140587362585705 4 
0010 0015 1666684159105098 -87.0625 -65.5 4.933282213840222 4 
0010 0003 1666684159105993 169.25 -71.5 5.534602682691394 4 
0010 0000 1666684159181518 7.0625 -78.0 4.442408361716817 4 
0010 0008 1666684159203940 5.75 -74.0 0.018407769454627694 4 
0010 0008 1666684159217086 152.125 -71.0 0.09817477042468103 4 
0010 0007 1666684159217971 152.125 -67.5 5.859806609723149 4 
0010 0015 1666684159219365 -74.0 -64.5 4.902602598082509 4 
0010 0002 1666684159220261 -69.125 -66.5 3.6999616603801666 4 
0010 0014 1666684159221668 -69.125 -60.0 4.424000592262189 4 
0010 0005 1666684159222595 -65.0625 -58.5 4.460816131171445 4 
0010 0013 1666684159223595 -95.1875 -67.5 1.7548740213411735 4 
0010 0012 1666684159225486 -17.0625 -64.5 3.5588354278946874 4 
0010 0010 1666684159226427 39.0 -58.0 1.2701360923693108 4 
0010 0011 1666684159227837 65.0625 -67.5 2.3746022596469727 4 
0010 0004 1666684159230732 -87.0625 -55.5 4.1172044346850605 4 
0010 0003 1666684159232749 -56.125 -72.5 0.9081166264282996 4 
0010 0001 1666684159315567 -3.5625 -74.5 3.411573272257666 4 
0010 0013 1666684159338561 65.0625 -65.5 0.5583690067903734 4 
0010 0010 1666684159339443 -8.9375 -58.0 6.1850105367549055 4 
0010 0011 1666684159340372 95.1875 -66.0 1.2885438618239387 4 
0010 0012 1666684159341312 8.9375 -63.5 3.3502140407422405 4 
0010 0007 1666684159342241 -13.0 -66.5 4.92714629068868 4 
0010 0008 1666684159343618 4.0625 -60.0 0.32520392703175593 4 
0010 0015 1666684159344519 34.9375 -64.0 4.577398671050753 4 
0010 0003 1666684159346395 250.625 -69.0 1.4296700943094176 4 
0010 0004 1666684159347992 0.0 -54.5 4.037437433715008 4 
0010 0014 1666684159354081 0.0 -59.5 4.28287435977671 4 
0010 0002 1666684159355263 -173.3125 -69.0 4.859651136021712 4 
0010 0005 1666684159356670 -61.0 -61.5 4.896466674930966 4 
0010 0001 1666684159358803 -165.1875 -71.0 1.3499030933393643 4 
0010 0007 1666684159463510 48.0 -64.0 3.0127382674073995 4 
0010 0003 1666684159464449 143.1875 -66.5 1.1596894756415448 4 
0010 0005 1666684159465384 0.0 -71.5 5.160311370447297 4 
0010 0012 1666684159466542 8.9375 -65.5 2.761165418194154 4 
0010 0011 1666684159467935 17.0625 -61.0 5.589825991055276 4 
0010 0008 1666684159468830 8.9375 -54.5 6.17273869045182 4 
0010 0002 1666684159470934 117.125 -70.0 5.651185222570702 4 
0010 0014 1666684159472367 4.0625 -58.5 4.104932588381976 4 
0010 0015 1666684159473494 -69.125 -61.0 4.2092432819582 4 
0010 0010 1666684159474676 -39.0 -57.0 3.9453985864418692 4 
0010 0013 1666684159475606 39.0 -66.0 5.706408530934585 4 
0010 0004 1666684159476573 -21.9375 -57.0 3.8963112012295285 4 
0010 0001 1666684159481315 100.0625 -70.5 3.8717675086233583 4 
0010 0000 1666684159525589 -5.0 -68.0 1.4971652489763858 4 
0010 0009 1666684159570337 -3.9375 -73.5 4.086524818927348 4 
0010 0002 1666684159591269 69.125 -67.0 0.6810874698212247 4 
0010 0007 1666684159592196 100.0625 -62.5 1.3437671701878218 4 
0010 0001 1666684159593827 -13.0 -66.5 3.2397674240144743 4 
0010 0014 1666684159594710 -30.0625 -57.5 4.1172044346850605 4 
0010 0011 1666684159596827 -21.9375 -62.0 2.9697868053466014 4 
0010 0010 1666684159597966 -26.0 -58.5 2.0064468705544187 4 
0010 0000 1666684159600067 21.9375 -57.0 0.7853981633974483 4 
0010 0012 1666684159601235 -26.0 -62.0 1.9205439464328227 4 
0010 0006 1666684159602102 117.125 -61.0 1.8100973297050567 4 
0010 0015 1666684159603226 -91.125 -60.5 4.239922897715912 4 
0010 0008 1666684159604351 -104.125 -62.0 3.3440781175906977 4 
0010 0009 1666684159605516 -143.1875 -69.0 6.240233845118788 4 
0010 0013 1666684159608050 -243.3125 -71.0 4.601942363656923 4 
0010 0003 1666684159609382 21.9375 -61.0 1.7426021750380885 4 
0010 0004 1666684159659224 3.3125 -66.0 3.9208548938356986 4 
0010 0002 1666684159714287 -56.125 -68.0 6.043884304269426 4 
0010 0007 1666684159716076 26.0 -65.5 6.258641614573416 4 
0010 0008 1666684159717185 43.125 -59.5 0.35588354278946877 4 
0010 0015 1666684159718083 -74.0 -61.5 4.252194744018997 4 
0010 0000 1666684159718975 0.0 -63.0 3.706097583531709 4 
0010 0001 1666684159720374 -117.125 -66.5 4.074252972624263 4 
0010 0006 1666684159721297 48.0 -59.5 0.9326603190344698 4 
0010 0004 1666684159722434 8.9375 -60.0 3.479068426924634 4 
0010 0012 1666684159723886 -17.0625 -62.5 1.4480778637640452 4 
0010 0014 1666684159724784 -43.125 -58.5 4.0128937411088375 4 
0010 0003 1666684159725694 -17.0625 -66.5 1.3192234775816514 4 
0010 0011 1666684159727034 -78.0625 -71.0 1.8346410223112268 4 
0010 0010 1666684159728544 -87.0625 -65.5 0.28225246497095796 4 
0010 0013 1666684159756478 30.9375 -74.5 0.16566992509164924 4 
0010 0009 1666684159777989 -1.1875 -75.0 4.76147636559703 4 
0010 0011 1666684159838220 -126.125 -70.0 3.1906800388021335 4 
0010 0015 1666684159839231 -87.0625 -62.5 4.154019973594316 4 
0010 0005 1666684159840088 -126.125 -68.5 0.16566992509164924 4 
0010 0006 1666684159841207 9.75 -59.5 0.3374757733348411 4 
0010 0012 1666684159842093 -26.0 -62.0 1.521708941582556 4 
0010 0003 1666684159842973 -13.0 -59.5 5.381204603902829 4 
0010 0004 1666684159844128 -100.0625 -63.0 3.399301425954581 4 
0010 0001 1666684159846003 156.1875 -72.0 4.755340442445488 4 
0010 0014 1666684159846912 13.0 -57.5 3.9944859716542096 4 
0010 0002 1666684159847851 -87.0625 -67.5 4.178563666200486 4 
0010 0007 1666684159853491 0.0 -66.5 5.381204603902829 4 
0010 0009 1666684159854406 -13.0 -67.0 6.000932842208628 4 
0010 0007 1666684159952786 -69.125 -66.5 4.755340442445488 4 
0010 0014 1666684159954335 -56.125 -58.0 4.0558452031696355 4 
0010 0006 1666684159956550 75.625 -61.0 0.2638446955163303 4 
0010 0003 1666684159957896 -4.0625 -60.5 4.663301595172349 4 
0010 0015 1666684159958810 -4.0625 -63.5 3.6815538909255388 4 
0010 0012 1666684159959964 -17.0625 -67.5 1.3744467859455345 4 
0010 0005 1666684159963760 -34.9375 -64.5 0.2761165418194154 4 
0010 0002 1666684159964670 -91.125 -68.0 2.435961491162398 4 
0010 0011 1666684159965874 -8.9375 -69.5 3.56497135104623 4 
0010 0004 1666684159970080 100.0625 -71.0 3.0372819600135696 4 
0010 0001 1666684159972956 -334.4375 -74.0 2.730485802436441 4 
0010 0014 1666684160073312 -52.0625 -58.0 4.0128937411088375 4 
0010 0006 1666684160074219 23.5625 -64.0 0.23316507975861744 4 
0010 0002 1666684160075354 56.125 -69.0 1.4787574795217582 4 
0010 0015 1666684160076522 -65.0625 -62.0 3.730641276137879 4 
0010 0008 1666684160078041 -13.0 -67.0 3.1354567304382504 4 
0010 0003 1666684160078995 -139.125 -64.5 3.933126740138784 4 
0010 0012 1666684160081368 74.0 -68.5 0.8958447801252144 4 
0010 0007 1666684160083229 -65.0625 -69.0 3.9638063558964967 4 
0010 0005 1666684160084578 -21.9375 -66.5 0.4540583132141498 4 
0010 0011 1666684160085820 117.125 -72.0 3.429981041712294 4 
0010 0006 1666684160182861 52.0625 -66.5 6.178874613603362 4 
0010 0014 1666684160183740 -8.9375 -58.0 4.04357335686655 4 
0010 0012 1666684160184896 -26.0 -68.5 0.8835729338221293 4 
0010 0003 1666684160185735 69.125 -65.5 3.1906800388021335 4 
0010 0015 1666684160187102 -69.125 -63.0 3.8410878928656453 4 
0010 0005 1666684160190394 -48.0 -68.5 0.6872233929727672 4 
0010 0007 1666684160191309 -173.3125 -70.0 3.749049045592507 4 
0010 0008 1666684160193185 52.0625 -66.0 2.8838838812250054 4 
0010 0002 1666684160195056 4.0625 -69.5 1.1965050145508 4 
0010 0011 1666684160225270 -4.875 -74.5 0.4724660826687775 4 
0010 0006 1666684160301162 26.0 -68.0 6.111379458936394 4 
0010 0014 1666684160303546 -4.0625 -57.5 4.080388895775806 4 
0010 0005 1666684160304432 39.0 -68.0 0.5767767762450011 4 
0010 0012 1666684160306109 -78.0625 -68.0 0.9510680884890975 4 
0010 0002 1666684160307256 4.0625 -68.5 1.2026409377023426 4 
0010 0007 1666684160310378 -39.0 -69.5 3.7551849687440497 4 
0010 0015 1666684160311320 -34.9375 -63.5 3.834951969714103 4 
0010 0008 1666684160313814 4.0625 -65.5 3.043417883165112 4 
0010 0003 1666684160314708 -4.0625 -66.0 3.4913402732277192 4 
0010 0011 1666684160328563 -17.4375 -73.5 0.40803888957758055 4 
0010 0015 1666684160416437 -95.1875 -62.5 3.890175278077986 4 
0010 0005 1666684160418101 -91.125 -67.5 0.8222137023067037 4 
0010 0012 1666684160420376 -30.0625 -67.5 0.8283496254582462 4 
0010 0003 1666684160421329 -91.125 -66.5 3.847223816017188 4 
0010 0014 1666684160422268 -8.9375 -57.0 4.080388895775806 4 
0010 0008 1666684160424668 65.0625 -65.0 3.0925052683774528 4 
0010 0006 1666684160426709 -113.875 -69.0 6.191146459906448 4 
0010 0011 1666684160427636 -173.3125 -70.5 3.6386024288647407 4 
0010 0002 1666684160433175 104.125 -69.5 1.141281706186917 4 
0010 0007 1666684160434130 -69.125 -69.5 4.037437433715008 4 
0010 0002 1666684160532202 -260.375 -69.0 1.6505633277649499 4 
0010 0003 1666684160533736 69.125 -66.5 3.80427235395639 4 
0010 0014 1666684160536286 -21.9375 -57.5 4.080388895775806 4 
0010 0012 1666684160537625 56.125 -67.5 0.7853981633974483 4 
0010 0007 1666684160538539 126.125 -69.0 3.773592738198677 4 
0010 0011 1666684160539451 -30.0625 -70.5 3.6324665057131984 4 
0010 0015 1666684160540960 -56.125 -62.5 3.834951969714103 4 
0010 0005 1666684160542499 -56.125 -67.0 0.8160777791551611 4 
0010 0008 1666684160544061 -13.0 -65.0 3.2213596545598464 4 
0010 0006 1666684160545010 -8.9375 -69.5 5.964117303299373 4 
0010 0012 1666684160642685 -39.0 -67.0 0.8774370106705868 4 
0010 0007 1666684160644250 -52.0625 -69.5 3.902447124381071 4 
0010 0014 1666684160645145 -30.0625 -58.0 4.080388895775806 4 
0010 0015 1666684160647511 -26.0 -62.5 3.785864584501762 4 
0010 0003 1666684160648432 -8.9375 -65.5 3.9208548938356986 4 
0010 0008 1666684160649345 -43.125 -64.5 3.2581751934691017 4 
0010 0005 1666684160650229 108.1875 -67.5 0.5951845456996288 4 
0010 0011 1666684160652492 -251.4375 -71.0 3.9208548938356986 4 
0010 0006 1666684160654023 161.125 -69.5 5.884350302329319 4 
0010 0002 1666684160654919 -160.3125 -69.0 1.6321555583103222 4 
0010 0011 1666684160751659 -69.125 -71.5 3.6263305825616556 4 
0010 0002 1666684160753900 -48.0 -68.5 1.4419419406125027 4 
0010 0005 1666684160754800 -65.0625 -67.0 0.6565437772150544 4 
0010 0014 1666684160756460 -26.0 -57.5 4.037437433715008 4 
0010 0006 1666684160757838 132.625 -71.5 5.681864838328415 4 
0010 0003 1666684160758804 -13.0 -65.5 3.8533597391687304 4 
0010 0012 1666684160760468 -74.0 -68.0 0.8651651643675016 4 
0010 0008 1666684160761349 -17.0625 -65.0 3.1968159619536762 4 
0010 0007 1666684160762293 -191.1875 -70.0 3.988350048502667 4 
0010 0015 1666684160765291 -13.0 -63.0 3.773592738198677 4 
0010 0012 1666684160862496 74.0 -68.0 0.6381360077604268 4 
0010 0008 1666684160864431 -39.0 -65.0 3.2029518851052186 4 
0010 0014 1666684160865314 -52.0625 -57.5 4.09266074207889 4 
0010 0015 1666684160866452 17.0625 -63.0 3.7429131224409646 4 
0010 0003 1666684160867613 0.0 -65.5 3.7551849687440497 4 
0010 0006 1666684160869717 -61.8125 -69.0 5.93343768754166 4 
0010 0007 1666684160871415 -221.3125 -70.0 3.988350048502667 4 
0010 0002 1666684160872987 4.0625 -69.5 1.3928545554001621 4 
0010 0005 1666684160874247 56.125 -67.0 0.4479223900626072 4 
0010 0011 1666684160875341 8.9375 -70.0 3.393165502803038 4 
0010 0003 1666684160973864 -74.0 -65.0 3.859495662320273 4 
0010 0005 1666684160975030 48.0 -67.0 0.47860200582032003 4 
0010 0006 1666684160977043 61.8125 -69.0 5.859806609723149 4 
0010 0007 1666684160978169 -65.0625 -69.5 3.749049045592507 4 
0010 0002 1666684160979051 -290.5 -69.0 1.6689710972195777 4 
0010 0012 1666684160980713 -48.0 -67.5 0.7240389318820226 4 
0010 0014 1666684160981650 -8.9375 -57.5 4.01902966426038 4 
0010 0015 1666684160984141 -17.0625 -63.0 3.77972866135022 4 
0010 0008 1666684160985308 -26.0 -65.5 3.11091303783208 4 
0010 0011 1666684160988422 82.1875 -71.0 3.454524734318464 4 
0010 0011 1666684161086056 -61.0 -70.0 3.5772431973493153 4 
0010 0008 1666684161087789 -82.1875 -65.0 3.1968159619536762 4 
0010 0006 1666684161088658 -118.75 -68.5 5.93343768754166 4 
0010 0007 1666684161090107 -13.0 -70.5 3.6017868899554855 4 
0010 0005 1666684161091006 -56.125 -66.0 0.46019423636569234 4 
0010 0012 1666684161095614 -21.9375 -68.0 0.7792622402459057 4 
0010 0014 1666684161096540 -69.125 -57.5 4.06811704947272 4 
0010 0015 1666684161097469 -104.125 -63.0 3.847223816017188 4 
0010 0002 1666684161098392 104.125 -68.5 1.214912784005428 4 
0010 0003 1666684161099399 8.9375 -64.5 3.77972866135022 4 
0010 0011 1666684161198559 17.0625 -71.5 3.313398501832985 4 
0010 0008 1666684161199984 -117.125 -65.0 3.2090878082567613 4 
0010 0003 1666684161200935 -30.0625 -65.0 3.80427235395639 4 
0010 0006 1666684161202087 -179.8125 -68.5 5.976389149602458 4 
0010 0014 1666684161203161 0.0 -57.5 3.9699422790480394 4 
0010 0005 1666684161204052 -52.0625 -67.0 0.4540583132141498 4 
0010 0015 1666684161204963 -100.0625 -63.5 3.859495662320273 4 
0010 0012 1666684161205863 182.25 -67.0 0.5460971604872883 4 
0010 0007 1666684161207571 56.125 -70.0 3.454524734318464 4 
0010 0002 1666684161209218 8.9375 -69.0 1.3744467859455345 4 
0010 0015 1666684161315680 -8.9375 -63.0 3.6999616603801666 4 
0010 0002 1666684161317472 -95.1875 -68.5 1.5155730184310134 4 
0010 0014 1666684161318638 -26.0 -57.5 4.031301510563465 4 
0010 0008 1666684161319592 -48.0 -65.0 3.2643111166206444 4 
0010 0005 1666684161321000 -56.125 -66.5 0.6442719309119693 4 
0010 0011 1666684161322154 -91.125 -68.5 3.153864499892878 4 
0010 0003 1666684161323517 -104.125 -65.0 3.8717675086233583 4 
0010 0012 1666684161324640 -30.0625 -68.5 0.8528933180644165 4 
0010 0006 1666684161327238 -66.6875 -69.0 5.915029918087033 4 
0010 0007 1666684161328111 -65.0625 -71.5 3.423845118560751 4 
0010 0003 1666684161425646 -8.9375 -65.0 3.7429131224409646 4 
0010 0008 1666684161428199 -8.9375 -66.0 3.313398501832985 4 
0010 0014 1666684161429367 -21.9375 -58.0 4.006757817957295 4 
0010 0011 1666684161430736 -69.125 -69.5 2.9636508821950587 4 
0010 0006 1666684161431673 -18.6875 -69.0 5.859806609723149 4 
0010 0005 1666684161432615 -56.125 -66.0 0.5522330836388308 4 
0010 0015 1666684161433544 -91.125 -63.0 3.761320891895592 4 
0010 0012 1666684161435182 74.0 -66.5 0.8835729338221293 4 
0010 0007 1666684161436949 -121.25 -71.5 3.4606606574700063 4 
0010 0002 1666684161438126 8.9375 -67.5 1.4664856332186729 4 
0010 0003 1666684161537205 0.0 -65.0 3.761320891895592 4 
0010 0012 1666684161538366 -139.125 -67.0 0.9817477042468103 4 
0010 0007 1666684161539279 -17.0625 -70.5 3.2643111166206444 4 
0010 0008 1666684161541147 -87.0625 -66.0 3.393165502803038 4 
0010 0002 1666684161544114 195.25 -68.0 1.3744467859455345 4 
0010 0014 1666684161546130 -21.9375 -57.5 3.988350048502667 4 
0010 0005 1666684161547043 52.0625 -66.5 0.48473792897186263 4 
0010 0015 1666684161548201 -17.0625 -63.0 3.6754179677739964 4 
0010 0006 1666684161550515 -170.875 -69.0 5.921165841238575 4 
0010 0011 1666684161551426 39.0 -68.5 3.0802334220743677 4 
0010 0005 1666684161648867 21.9375 -66.5 0.4663301595172349 4 
0010 0014 1666684161650005 -61.0 -58.0 4.031301510563465 4 
0010 0007 1666684161651614 -121.25 -72.0 3.2336315008629315 4 
0010 0003 1666684161653029 0.0 -64.0 3.6999616603801666 4 
0010 0006 1666684161654141 132.625 -69.0 5.835262917116979 4 
0010 0008 1666684161655970 8.9375 -66.5 3.2827188860752723 4 
0010 0015 1666684161658102 -4.0625 -63.0 3.6999616603801666 4 
0010 0002 1666684161662471 4.0625 -68.0 1.6689710972195777 4 
0010 0012 1666684161663999 199.375 -66.0 0.705631162427395 4 
0010 0011 1666684161664910 34.9375 -69.0 3.0127382674073995 4 
0010 0008 1666684161763209 -8.9375 -65.5 3.2336315008629315 4 
0010 0007 1666684161765176 316.5 -73.0 2.6323110320117604 4 
0010 0015 1666684161766217 -34.9375 -63.0 3.724505352986337 4 
0010 0002 1666684161767099 134.25 -68.0 1.368310862793992 4 
0010 0011 1666684161767998 -26.0 -68.5 2.9759227284981438 4 
0010 0005 1666684161768868 34.9375 -67.0 0.380427235395639 4 
0010 0003 1666684161770030 -4.0625 -64.5 3.6570101983193686 4 
0010 0014 1666684161771228 -34.9375 -58.0 4.006757817957295 4 
0010 0006 1666684161772791 -189.5625 -68.5 5.994796919057086 4 
0010 0012 1666684161773704 61.0 -66.5 0.8958447801252144 4 
0010 0011 1666684161872552 -173.3125 -69.5 3.074097498922825 4 
0010 0012 1666684161874120 87.0625 -67.5 0.8344855486097889 4 
0010 0005 1666684161875261 -126.125 -66.5 0.5154175447295755 4 
0010 0015 1666684161876172 13.0 -62.5 3.6754179677739964 4 
0010 0002 1666684161877097 -21.9375 -67.5 1.6382914814618648 4 
0010 0014 1666684161878306 -17.0625 -58.0 3.9760782021995817 4 
0010 0008 1666684161879728 -100.0625 -67.0 3.2581751934691017 4 
0010 0006 1666684161881347 -122.875 -68.5 6.062292073724054 4 
0010 0003 1666684161882626 -48.0 -63.5 3.6692820446224537 4 
0010 0007 1666684161885101 -277.4375 -70.5 3.552699504743145 4 
0010 0003 1666684161983738 -82.1875 -64.0 3.724505352986337 4 
0010 0014 1666684161985741 -48.0 -58.0 4.031301510563465 4 
0010 0012 1666684161987803 -8.9375 -67.0 0.9265243958829272 4 
0010 0002 1666684161990464 -21.9375 -68.0 1.6198837120072371 4 
0010 0008 1666684161992001 -74.0 -66.0 3.2090878082567613 4 
0010 0015 1666684161995751 -48.0 -62.5 3.736777199289422 4 
0010 0006 1666684161997348 -52.0625 -68.5 5.890486225480862 4 
0010 0005 1666684161999433 61.0 -66.5 0.34974761963792617 4 
0010 0011 1666684162001290 61.0 -68.0 2.8286605728611223 4 
0010 0007 1666684162003279 199.375 -72.0 2.8838838812250054 4 
0010 0012 1666684162102024 121.25 -67.5 0.8222137023067037 4 
0010 0006 1666684162104237 66.6875 -68.5 5.896622148632405 4 
0010 0011 1666684162105108 -169.25 -68.0 3.104777114680538 4 
0010 0015 1666684162106034 -52.0625 -63.0 3.7551849687440497 4 
0010 0005 1666684162106890 30.0625 -66.5 0.3190680038802134 4 
0010 0003 1666684162108043 -39.0 -64.0 3.6570101983193686 4 
0010 0014 1666684162108925 -17.0625 -58.0 3.988350048502667 4 
0010 0002 1666684162110221 -30.0625 -67.0 1.6751070203711202 4 
0010 0008 1666684162111132 -17.0625 -66.0 3.160000423044421 4 
0010 0007 1666684162112688 -230.25 -72.5 3.399301425954581 4 
0010 0002 1666684162209830 -21.9375 -67.0 1.7548740213411735 4 
0010 0012 1666684162211852 130.1875 -66.5 0.9878836273983529 4 
0010 0014 1666684162213002 -95.1875 -58.0 4.061981126321178 4 
0010 0008 1666684162214197 -34.9375 -66.5 3.215223731408304 4 
0010 0015 1666684162216059 -69.125 -63.0 3.767456815047135 4 
0010 0006 1666684162217238 75.625 -69.0 5.743224069843841 4 
0010 0003 1666684162218373 -43.125 -65.0 3.6692820446224537 4 
0010 0005 1666684162220479 104.125 -66.5 0.25157284921324513 4 
0010 0011 1666684162221334 -191.1875 -68.0 3.0925052683774528 4 
0010 0007 1666684162227132 -104.125 -72.5 3.2336315008629315 4 
0010 0012 1666684162324207 30.0625 -66.5 1.0062913968529805 4 
0010 0003 1666684162325625 -17.0625 -65.0 3.6079228131070282 4 
0010 0005 1666684162327635 82.1875 -65.5 0.2945243112740431 4 
0010 0015 1666684162328549 -43.125 -63.0 3.706097583531709 4 
0010 0008 1666684162329956 -87.0625 -65.5 3.399301425954581 4 
0010 0011 1666684162330896 4.0625 -69.0 3.0250101137104846 4 
0010 0007 1666684162331811 139.125 -72.0 3.043417883165112 4 
0010 0006 1666684162333145 -170.875 -69.5 6.105243535784852 4 
0010 0014 1666684162334268 -30.0625 -58.0 4.000621894805752 4 
0010 0002 1666684162336004 -147.25 -67.0 1.9389517158874505 4 
0010 0005 1666684162434971 -26.0 -67.0 0.4356505437595221 4 
0010 0002 1666684162436646 -87.0625 -67.5 1.8775924843720249 4 
0010 0011 1666684162437587 -195.25 -69.0 3.129320807286708 4 
0010 0003 1666684162438511 -34.9375 -64.0 3.6570101983193686 4 
0010 0012 1666684162439635 78.0625 -67.0 0.9940195505498954 4 
0010 0014 1666684162441765 -48.0 -58.0 4.0128937411088375 4 
0010 0006 1666684162444143 -80.5625 -68.0 5.921165841238575 4 
0010 0015 1666684162445084 -56.125 -62.5 3.810408277107933 4 
0010 0008 1666684162448178 87.0625 -66.0 3.11091303783208 4 
