0010 0011 1666684300766012 -212.375 -65.0 5.197126909356553 4 
0010 0010 1666684300768811 -87.0625 -65.0 3.9515345095934116 4 
0010 0010 1666684300867272 -30.0625 -64.5 3.8717675086233583 4 
0010 0007 1666684300868167 0.0 -65.0 2.5034566458293663 4 
0010 0015 1666684300870419 21.9375 -68.0 4.970097752749477 4 
0010 0013 1666684300871293 -87.0625 -62.5 3.3870295796514958 4 
0010 0005 1666684300872203 21.9375 -55.5 4.853515212870168 4 
0010 0012 1666684300873880 26.0 -61.0 4.387185053352934 4 
0010 0004 1666684300877340 -34.9375 -59.0 4.3933209765044765 4 
0010 0014 1666684300878394 -56.125 -60.0 4.522175362686871 4 
0010 0002 1666684300879290 13.0 -69.0 2.043262409463674 4 
0010 0011 1666684300880202 -4.0625 -65.0 5.111223985234957 4 
0010 0007 1666684300978129 26.0 -65.0 2.5770877236478773 4 
0010 0013 1666684300979074 26.0 -63.0 3.2213596545598464 4 
0010 0015 1666684300981323 121.25 -69.0 4.847379289718626 4 
0010 0005 1666684300982218 -21.9375 -55.5 4.92714629068868 4 
0010 0010 1666684300983615 -43.125 -64.0 3.816544200259475 4 
0010 0011 1666684300984754 65.0625 -64.5 5.013049214810275 4 
0010 0004 1666684300985707 -26.0 -59.5 4.362641360746763 4 
0010 0002 1666684300987100 91.125 -69.0 2.2457478734645786 4 
0010 0012 1666684300989062 -17.0625 -60.5 4.387185053352934 4 
0010 0014 1666684300990201 -34.9375 -60.0 4.491495746929157 4 
0010 0012 1666684301089251 -30.0625 -60.5 4.442408361716817 4 
0010 0005 1666684301090871 -39.0 -55.5 4.994641445355648 4 
0010 0010 1666684301092565 -143.1875 -64.5 4.061981126321178 4 
0010 0014 1666684301093660 -78.0625 -60.0 4.558990901596125 4 
0010 0002 1666684301094612 -74.0 -69.5 2.509592568980909 4 
0010 0015 1666684301096507 -195.25 -68.5 5.21553467881118 4 
0010 0004 1666684301098153 -13.0 -60.0 4.374913207049849 4 
0010 0007 1666684301099918 -34.9375 -65.0 2.564815877344792 4 
0010 0011 1666684301101085 13.0 -65.5 5.043728830567988 4 
0010 0013 1666684301101971 -4.0625 -63.0 3.2949907323783574 4 
0010 0014 1666684301200475 -17.0625 -60.0 4.485359823777615 4 
0010 0011 1666684301201446 78.0625 -65.0 4.963961829597935 4 
0010 0005 1666684301202939 -21.9375 -55.5 4.9823695990525625 4 
0010 0010 1666684301203854 -113.0625 -64.0 3.9822141253511245 4 
0010 0007 1666684301205020 74.0 -65.5 2.466641106920111 4 
0010 0004 1666684301205959 -134.25 -60.0 4.509903516383785 4 
0010 0013 1666684301207437 65.0625 -63.5 3.215223731408304 4 
0010 0012 1666684301208604 -4.0625 -61.0 4.442408361716817 4 
0010 0002 1666684301212102 52.0625 -68.5 2.356194490192345 4 
0010 0015 1666684301213257 -108.1875 -68.0 5.111223985234957 4 
0010 0002 1666684301311611 -104.125 -69.0 2.442097414313941 4 
0010 0005 1666684301314080 -8.9375 -55.5 5.013049214810275 4 
0010 0012 1666684301315392 21.9375 -60.5 4.368777283898306 4 
0010 0004 1666684301316884 -4.0625 -59.5 4.325825821837508 4 
0010 0015 1666684301319952 -156.1875 -68.0 5.105088062083414 4 
0010 0014 1666684301320843 0.0 -60.0 4.479223900626073 4 
0010 0011 1666684301322172 91.125 -65.0 5.00077736850719 4 
0010 0007 1666684301323226 8.9375 -65.5 2.5586799541932495 4 
0010 0010 1666684301326121 -104.125 -63.0 3.9638063558964967 4 
0010 0013 1666684301327063 -21.9375 -63.5 3.2949907323783574 4 
0010 0004 1666684301423291 43.125 -59.5 4.23378697456437 4 
0010 0007 1666684301424191 -34.9375 -65.0 2.724349879284899 4 
0010 0002 1666684301425073 -87.0625 -69.0 2.411417798556228 4 
0010 0011 1666684301426526 -21.9375 -64.5 5.013049214810275 4 
0010 0014 1666684301428387 -21.9375 -60.0 4.509903516383785 4 
0010 0010 1666684301429288 -165.1875 -63.5 4.025165587411922 4 
0010 0015 1666684301431180 -61.0 -69.0 5.0253210611133605 4 
0010 0013 1666684301433266 0.0 -63.0 3.1906800388021335 4 
0010 0012 1666684301434181 -4.0625 -61.0 4.3933209765044765 4 
0010 0005 1666684301435817 -43.125 -55.5 5.074408446325701 4 
0010 0013 1666684301536723 -21.9375 -63.5 3.2581751934691017 4 
0010 0014 1666684301539421 -21.9375 -59.5 4.4976316700806995 4 
0010 0012 1666684301541012 -95.1875 -60.5 4.479223900626073 4 
0010 0004 1666684301541881 -65.0625 -60.0 4.264466590322082 4 
0010 0010 1666684301542791 -56.125 -64.0 3.847223816017188 4 
0010 0015 1666684301543676 48.0 -68.5 4.859651136021712 4 
0010 0005 1666684301545345 0.0 -55.5 5.0253210611133605 4 
0010 0011 1666684301546633 121.25 -64.5 4.902602598082509 4 
0010 0002 1666684301547544 217.25 -69.0 1.9757672547967058 4 
0010 0007 1666684301548470 43.125 -65.5 2.5464081078901644 4 
0010 0011 1666684301644314 -126.125 -65.0 5.135767677841127 4 
0010 0002 1666684301645510 -269.3125 -69.0 2.4850488763747385 4 
0010 0010 1666684301646959 -61.0 -63.5 3.9208548938356986 4 
0010 0012 1666684301649036 56.125 -61.0 4.3074180523828804 4 
0010 0007 1666684301651283 -165.1875 -64.5 2.816388726558037 4 
0010 0005 1666684301653800 -34.9375 -55.5 5.006913291658733 4 
0010 0014 1666684301654812 -26.0 -60.0 4.540583132141498 4 
0010 0004 1666684301655963 -8.9375 -60.0 4.221515128261284 4 
0010 0013 1666684301656864 8.9375 -63.5 3.2765829629237295 4 
0010 0015 1666684301657912 -160.3125 -69.0 5.166447293598839 4 
0010 0010 1666684301755910 -30.0625 -65.0 3.80427235395639 4 
0010 0015 1666684301758144 -87.0625 -68.5 5.086680292628786 4 
0010 0005 1666684301759664 -39.0 -55.5 5.00077736850719 4 
0010 0012 1666684301763762 8.9375 -61.0 4.368777283898306 4 
0010 0011 1666684301764962 -52.0625 -64.5 5.037592907416445 4 
0010 0007 1666684301765874 -52.0625 -65.5 2.6568547246179306 4 
0010 0004 1666684301766828 -78.0625 -59.5 4.264466590322082 4 
0010 0002 1666684301767779 -87.0625 -69.5 2.172116795646068 4 
0010 0014 1666684301768702 8.9375 -59.5 4.448544284868359 4 
0010 0013 1666684301769720 -56.125 -63.0 3.2888548092268146 4 
0010 0005 1666684301867808 8.9375 -55.5 4.933282213840222 4 
0010 0013 1666684301868952 -48.0 -63.5 3.3440781175906977 4 
0010 0010 1666684301870092 -30.0625 -64.0 3.834951969714103 4 
0010 0015 1666684301871019 -13.0 -69.0 5.037592907416445 4 
0010 0012 1666684301872658 -65.0625 -61.0 4.399456899656019 4 
0010 0002 1666684301873838 -199.375 -68.5 2.399145952253143 4 
0010 0014 1666684301875003 -26.0 -60.0 4.491495746929157 4 
0010 0011 1666684301876514 21.9375 -65.0 4.878058905476339 4 
0010 0004 1666684301877640 -173.3125 -59.5 4.381049130201391 4 
0010 0007 1666684301880723 -61.0 -65.5 2.5586799541932495 4 
0010 0010 1666684301977215 -95.1875 -64.0 3.877903431774901 4 
0010 0013 1666684301978117 -8.9375 -63.0 3.2090878082567613 4 
0010 0014 1666684301980533 -26.0 -60.5 4.509903516383785 4 
0010 0015 1666684301981719 -264.4375 -68.0 5.1725832167503825 4 
0010 0004 1666684301983379 -56.125 -59.5 4.2092432819582 4 
0010 0011 1666684301984280 -48.0 -64.5 4.878058905476339 4 
0010 0002 1666684301985204 -48.0 -69.0 2.2518837966161214 4 
0010 0005 1666684301986369 -8.9375 -55.5 4.933282213840222 4 
0010 0012 1666684301987767 17.0625 -60.5 4.331961744989051 4 
0010 0007 1666684301988922 39.0 -65.5 2.5586799541932495 4 
0010 0014 1666684302086566 -48.0 -60.0 4.540583132141498 4 
0010 0013 1666684302087977 -100.0625 -63.0 3.368621810196868 4 
0010 0007 1666684302088874 -100.0625 -66.5 2.5770877236478773 4 
0010 0002 1666684302090024 -4.0625 -69.0 2.2948352586769194 4 
0010 0015 1666684302091155 52.0625 -67.5 4.95168998329485 4 
0010 0011 1666684302092305 -21.9375 -64.0 4.92714629068868 4 
0010 0012 1666684302095421 -65.0625 -60.5 4.454680208019902 4 
0010 0010 1666684302097283 -39.0 -63.5 3.773592738198677 4 
0010 0004 1666684302100903 -26.0 -59.5 4.190835512503572 4 
0010 0005 1666684302101799 -4.0625 -55.5 4.902602598082509 4 
0010 0013 1666684302202067 -156.1875 -63.5 3.3624858870453256 4 
0010 0004 1666684302202993 -117.125 -59.5 4.264466590322082 4 
0010 0014 1666684302204412 -87.0625 -60.0 4.522175362686871 4 
0010 0015 1666684302206051 -147.25 -67.5 5.148039524144211 4 
0010 0005 1666684302207401 13.0 -55.5 4.908738521234052 4 
0010 0012 1666684302208868 48.0 -60.5 4.289010282928253 4 
0010 0002 1666684302210499 13.0 -69.0 2.1353012567368124 4 
0010 0011 1666684302212167 87.0625 -64.0 4.828971520263998 4 
0010 0010 1666684302214030 -82.1875 -64.0 3.8533597391687304 4 
0010 0007 1666684302216279 113.0625 -66.0 2.429825568010856 4 
0010 0015 1666684302314437 -143.1875 -68.5 5.049864753719531 4 
0010 0011 1666684302315564 48.0 -64.0 4.878058905476339 4 
0010 0013 1666684302316736 -52.0625 -63.5 3.2459033471660166 4 
0010 0002 1666684302318866 104.125 -68.5 2.043262409463674 4 
0010 0012 1666684302321566 -34.9375 -60.5 4.356505437595221 4 
0010 0005 1666684302322804 -56.125 -55.5 4.994641445355648 4 
0010 0010 1666684302323729 21.9375 -63.5 3.730641276137879 4 
0010 0007 1666684302324671 -13.0 -66.0 2.5709518004963345 4 
0010 0004 1666684302327153 -4.0625 -59.5 4.2092432819582 4 
0010 0014 1666684302328349 21.9375 -60.0 4.448544284868359 4 
0010 0013 1666684302426743 -69.125 -62.5 3.3195344249845276 4 
0010 0007 1666684302427769 13.0 -65.5 2.521864415283994 4 
0010 0005 1666684302428714 -65.0625 -55.5 5.00077736850719 4 
0010 0011 1666684302430126 69.125 -64.0 4.865787059173254 4 
0010 0015 1666684302432315 -126.125 -68.5 5.123495831538041 4 
0010 0012 1666684302433199 -95.1875 -61.0 4.454680208019902 4 
0010 0002 1666684302435188 -100.0625 -68.5 2.2948352586769194 4 
0010 0014 1666684302436579 8.9375 -59.5 4.460816131171445 4 
0010 0004 1666684302437507 -69.125 -59.0 4.2092432819582 4 
0010 0010 1666684302439483 21.9375 -63.5 3.749049045592507 4 
0010 0014 1666684302535812 -26.0 -60.0 4.491495746929157 4 
0010 0007 1666684302536981 126.125 -65.5 2.448233337465483 4 
0010 0010 1666684302539321 -34.9375 -63.5 3.8533597391687304 4 
0010 0005 1666684302540185 0.0 -55.5 4.945554060143307 4 
0010 0015 1666684302541387 -4.0625 -68.0 4.798291904506286 4 
0010 0012 1666684302542345 -65.0625 -61.0 4.442408361716817 4 
0010 0002 1666684302544501 -113.0625 -68.5 2.36846633649543 4 
0010 0013 1666684302545657 -48.0 -63.5 3.2397674240144743 4 
0010 0011 1666684302547182 -95.1875 -64.5 4.97623367590102 4 
0010 0004 1666684302548960 -52.0625 -59.0 4.239922897715912 4 
0010 0007 1666684302646375 82.1875 -65.0 2.5157284921324514 4 
0010 0005 1666684302647288 -43.125 -55.5 4.994641445355648 4 
0010 0013 1666684302648730 -52.0625 -63.5 3.2888548092268146 4 
0010 0011 1666684302650123 -34.9375 -64.0 4.92714629068868 4 
0010 0014 1666684302651034 34.9375 -59.5 4.473087977474529 4 
0010 0015 1666684302652148 52.0625 -68.0 4.828971520263998 4 
0010 0002 1666684302654221 299.4375 -68.0 1.9205439464328227 4 
0010 0012 1666684302655358 -61.0 -60.5 4.399456899656019 4 
0010 0010 1666684302656243 -34.9375 -63.5 3.785864584501762 4 
0010 0004 1666684302657155 -48.0 -59.0 4.215379205109742 4 
0010 0003 1666684302788434 5.5625 -76.0 5.43029198911517 4 
0010 0010 1666684302806079 -78.0625 -64.0 3.859495662320273 4 
0010 0007 1666684302807429 -91.125 -64.5 2.718213956133356 4 
0010 0002 1666684302808536 -39.0 -68.0 2.2948352586769194 4 
0010 0005 1666684302809433 -17.0625 -55.5 4.994641445355648 4 
0010 0011 1666684302810332 -13.0 -65.0 4.9394181369917645 4 
0010 0012 1666684302811233 -61.0 -61.0 4.411728745959104 4 
0010 0013 1666684302813863 -34.9375 -63.5 3.313398501832985 4 
0010 0015 1666684302816385 -178.1875 -68.0 5.006913291658733 4 
0010 0004 1666684302820317 -82.1875 -59.5 4.2031073588066565 4 
0010 0014 1666684302822990 -30.0625 -59.5 4.466952054322987 4 
0010 0014 1666684302919841 -13.0 -59.5 4.4362724385652745 4 
0010 0005 1666684302921222 -34.9375 -55.5 5.0253210611133605 4 
0010 0013 1666684302922124 95.1875 -63.0 3.2704470397721868 4 
0010 0002 1666684302923729 -108.1875 -67.5 2.448233337465483 4 
0010 0004 1666684302925075 4.0625 -60.0 4.172427743048944 4 
0010 0012 1666684302926245 -61.0 -60.5 4.301282129231338 4 
0010 0010 1666684302927921 21.9375 -64.0 3.816544200259475 4 
0010 0007 1666684302929797 -52.0625 -65.0 2.730485802436441 4 
0010 0011 1666684302931980 21.9375 -65.0 4.878058905476339 4 
0010 0015 1666684302933181 -126.125 -69.5 5.141903600992669 4 
0010 0004 1666684303060550 -34.9375 -59.5 4.252194744018997 4 
0010 0012 1666684303061675 -13.0 -60.0 4.3503695144436785 4 
0010 0013 1666684303062591 43.125 -64.0 3.227495577711389 4 
0010 0005 1666684303063515 -4.0625 -55.5 4.994641445355648 4 
0010 0014 1666684303064431 -52.0625 -59.5 4.509903516383785 4 
0010 0015 1666684303068863 -17.0625 -69.5 4.9823695990525625 4 
0010 0010 1666684303070856 -61.0 -64.0 3.8717675086233583 4 
0010 0011 1666684303072182 -13.0 -65.0 4.994641445355648 4 
0010 0007 1666684303076106 74.0 -65.5 2.6016314162540475 4 
0010 0002 1666684303076988 34.9375 -69.0 2.2518837966161214 4 
0010 0002 1666684303173211 -251.4375 -70.0 2.454369260617026 4 
0010 0013 1666684303174817 -17.0625 -63.5 3.2459033471660166 4 
0010 0010 1666684303175729 21.9375 -63.5 3.767456815047135 4 
0010 0014 1666684303176610 13.0 -59.0 4.454680208019902 4 
0010 0004 1666684303179237 -39.0 -59.0 4.289010282928253 4 
0010 0012 1666684303180191 13.0 -60.0 4.325825821837508 4 
0010 0007 1666684303182295 -91.125 -65.0 2.804116880254952 4 
0010 0005 1666684303183674 -39.0 -55.5 5.019185137961818 4 
0010 0015 1666684303185368 -74.0 -68.0 5.0682725231741586 4 
0010 0011 1666684303189574 -87.0625 -65.0 5.0253210611133605 4 
0010 0012 1666684303292579 0.0 -60.5 4.301282129231338 4 
0010 0007 1666684303293881 30.0625 -66.0 2.5464081078901644 4 
0010 0014 1666684303295003 -17.0625 -59.5 4.460816131171445 4 
0010 0010 1666684303296413 -78.0625 -64.5 3.8717675086233583 4 
0010 0013 1666684303297326 13.0 -63.0 3.2949907323783574 4 
0010 0015 1666684303298409 82.1875 -69.5 4.81056375080937 4 
0010 0005 1666684303299318 4.0625 -55.5 5.019185137961818 4 
0010 0004 1666684303301194 -21.9375 -59.0 4.252194744018997 4 
0010 0002 1666684303302076 -74.0 -67.5 2.429825568010856 4 
0010 0011 1666684303305259 -61.0 -65.0 5.006913291658733 4 
0010 0011 1666684303401788 113.0625 -65.5 4.828971520263998 4 
0010 0014 1666684303403648 -30.0625 -60.0 4.466952054322987 4 
0010 0010 1666684303404801 -91.125 -64.5 3.792000507653305 4 
0010 0007 1666684303406182 126.125 -65.5 2.5402721847386216 4 
0010 0002 1666684303407854 139.125 -69.0 2.1905245651006955 4 
0010 0005 1666684303410880 -26.0 -55.5 5.062136600022616 4 
0010 0004 1666684303412147 48.0 -59.5 4.25833066717054 4 
0010 0015 1666684303413573 -256.3125 -70.0 5.166447293598839 4 
0010 0012 1666684303414668 -52.0625 -60.5 4.331961744989051 4 
0010 0013 1666684303415610 21.9375 -63.5 3.2090878082567613 4 
0010 0012 1666684303513494 -21.9375 -60.5 4.301282129231338 4 
0010 0010 1666684303514381 30.0625 -64.5 3.5036121195308043 4 
0010 0014 1666684303515503 -13.0 -59.5 4.4976316700806995 4 
0010 0002 1666684303519254 225.375 -68.0 2.1598449493429825 4 
0010 0007 1666684303521014 91.125 -65.0 2.497320722677824 4 
0010 0004 1666684303522280 -43.125 -59.5 4.442408361716817 4 
0010 0005 1666684303523218 -8.9375 -55.5 5.00077736850719 4 
0010 0015 1666684303524402 -8.9375 -68.0 5.0253210611133605 4 
0010 0013 1666684303526074 173.3125 -64.0 2.8286605728611223 4 
0010 0011 1666684303527101 -78.0625 -65.0 4.988505522204105 4 
0010 0011 1666684303624340 -69.125 -65.0 4.509903516383785 4 
0010 0015 1666684303625226 -152.125 -67.5 5.080544369477243 4 
0010 0005 1666684303626107 17.0625 -55.5 5.013049214810275 4 
0010 0013 1666684303627775 -69.125 -64.5 2.9513790358919736 4 
0010 0004 1666684303629907 17.0625 -59.5 4.374913207049849 4 
0010 0007 1666684303631555 17.0625 -64.5 2.4175537217077703 4 
0010 0010 1666684303632468 65.0625 -64.0 2.7550294950426117 4 
0010 0014 1666684303633860 -30.0625 -59.5 4.442408361716817 4 
0010 0012 1666684303636460 -26.0 -61.0 4.06811704947272 4 
0010 0002 1666684303639329 56.125 -68.0 2.650718801466388 4 
0010 0003 1666684303683634 -9.25 -75.5 0.9510680884890975 4 
0010 0008 1666684303763772 -2.625 -76.0 2.82252464970958 4 
0010 0012 1666684303815524 -43.125 -62.5 3.8840393549264434 4 
0010 0014 1666684303818704 -26.0 -59.5 4.399456899656019 4 
0010 0003 1666684303819571 -212.375 -69.5 2.012582793705961 4 
0010 0010 1666684303820652 48.0 -59.0 1.4542137869155878 4 
0010 0005 1666684303821592 -48.0 -56.5 5.2768939103266055 4 
0010 0004 1666684303822473 -21.9375 -58.5 4.4362724385652745 4 
0010 0013 1666684303824038 39.0 -66.5 2.073942025221387 4 
0010 0011 1666684303825659 -61.0 -66.5 2.423689644859313 4 
0010 0008 1666684303827919 156.1875 -69.5 6.277049384028044 4 
0010 0002 1666684303828842 -39.0 -67.0 3.6999616603801666 4 
0010 0015 1666684303833161 -56.125 -66.5 4.853515212870168 4 
0010 0007 1666684303834031 -56.125 -64.5 1.6137477888556946 4 
0010 0008 1666684303931327 -26.0 -62.0 0.25770877236478773 4 
0010 0010 1666684303932735 -4.0625 -57.0 0.14726215563702155 4 
0010 0003 1666684303933619 104.125 -67.0 2.337786720737717 4 
0010 0001 1666684303935547 26.0 -70.5 1.6566992509164924 4 
0010 0005 1666684303937166 8.9375 -58.5 5.338253141842031 4 
0010 0011 1666684303938293 -39.0 -67.5 1.3192234775816514 4 
0010 0012 1666684303939432 4.0625 -61.0 3.5036121195308043 4 
0010 0014 1666684303941819 -26.0 -59.0 4.3503695144436785 4 
0010 0015 1666684303943402 -130.1875 -64.5 4.8351074434155406 4 
0010 0004 1666684303944564 8.9375 -56.5 4.331961744989051 4 
0010 0007 1666684303946585 13.0 -65.5 0.3865631585471816 4 
0010 0013 1666684303949432 -17.0625 -65.0 1.2333205534600555 4 
0010 0002 1666684303950315 -178.1875 -68.5 4.884194828627882 4 
0010 0014 1666684304049083 -13.0 -58.0 4.227651051412827 4 
0010 0010 1666684304051131 -4.0625 -56.5 4.215379205109742 4 
0010 0008 1666684304052326 -17.0625 -55.5 5.970253226450915 4 
0010 0003 1666684304053209 30.0625 -65.0 1.8162332528565992 4 
0010 0002 1666684304054105 178.1875 -69.5 5.743224069843841 4 
0010 0011 1666684304055494 -17.0625 -65.5 4.4976316700806995 4 
0010 0007 1666684304056589 26.0 -65.0 4.841243366567084 4 
0010 0005 1666684304057503 -108.1875 -65.0 5.534602682691394 4 
0010 0012 1666684304058667 8.9375 -62.0 2.761165418194154 4 
0010 0013 1666684304060212 -65.0625 -67.0 6.007068765360171 4 
0010 0004 1666684304061376 21.9375 -59.5 4.344233591292136 4 
0010 0015 1666684304062797 -13.0 -62.0 4.368777283898306 4 
0010 0001 1666684304090354 10.5 -71.5 4.473087977474529 4 
0010 0013 1666684304168448 -78.0625 -69.5 4.25833066717054 4 
0010 0009 1666684304169371 -13.0 -65.5 1.6505633277649499 4 
0010 0011 1666684304170285 69.125 -68.0 2.2886993355253766 4 
0010 0010 1666684304171256 61.0 -61.0 1.932815792735908 4 
0010 0007 1666684304172679 -43.125 -63.5 2.9084275738311756 4 
0010 0015 1666684304175250 -8.9375 -60.5 4.338097668140593 4 
0010 0003 1666684304176673 34.9375 -62.5 2.0923497946760143 4 
0010 0001 1666684304177583 -147.25 -63.5 4.215379205109742 4 
0010 0008 1666684304178492 4.0625 -63.0 4.25833066717054 4 
0010 0002 1666684304179616 95.1875 -67.5 1.0185632431560658 4 
0010 0014 1666684304181447 4.0625 -57.5 4.1417481272912315 4 
0010 0006 1666684304182343 -94.375 -62.0 3.8288160465625602 4 
0010 0012 1666684304183225 8.9375 -63.0 2.030990563160589 4 
0010 0000 1666684304184506 4.0625 -60.0 1.2885438618239387 4 
0010 0004 1666684304195955 -11.75 -70.5 2.1015536794033283 4 
0010 0005 1666684304197185 27.25 -73.0 1.55545651891604 4 
0010 0012 1666684304291187 -26.0 -63.5 1.3744467859455345 4 
0010 0004 1666684304292509 -17.0625 -57.5 4.387185053352934 4 
0010 0001 1666684304293419 -13.0 -66.5 5.178719139901925 4 
0010 0006 1666684304294371 -8.9375 -60.5 2.767301341345697 4 
0010 0003 1666684304295536 -199.375 -67.5 2.5832236467994196 4 
0010 0008 1666684304296402 -30.0625 -61.0 0.5951845456996288 4 
0010 0007 1666684304297526 43.125 -66.0 1.337631247036279 4 
0010 0015 1666684304298580 17.0625 -60.5 4.196971435655114 4 
0010 0014 1666684304299787 -43.125 -58.0 4.025165587411922 4 
0010 0005 1666684304300700 78.0625 -68.0 1.2087768608538851 4 
0010 0000 1666684304302222 -108.1875 -69.0 4.921010367537137 4 
0010 0002 1666684304303814 34.9375 -70.5 0.1718058482431918 4 
0010 0009 1666684304351161 5.3125 -73.0 6.227961998815704 4 
0010 0000 1666684304406254 52.0625 -61.5 2.000310947402876 4 
0010 0003 1666684304409054 0.0 -63.5 5.921165841238575 4 
0010 0009 1666684304411171 56.125 -64.5 5.117359908386499 4 
0010 0012 1666684304412962 43.125 -62.0 1.2210487071569704 4 
0010 0014 1666684304415285 -17.0625 -57.0 4.06811704947272 4 
0010 0004 1666684304416632 -8.9375 -64.5 3.9392626632903265 4 
0010 0015 1666684304417547 -74.0 -63.0 4.319689898685965 4 
0010 0002 1666684304418485 -17.0625 -66.0 4.970097752749477 4 
0010 0005 1666684304420192 104.125 -67.5 2.141437179888355 4 
0010 0006 1666684304421968 100.0625 -71.5 6.154330920997192 4 
0010 0001 1666684304423904 147.25 -74.5 0.2270291566070749 4 
0010 0007 1666684304431229 19.5 -73.0 1.8438449070385408 4 
0010 0003 1666684304524937 -74.0 -63.5 5.141903600992669 4 
0010 0012 1666684304525835 13.0 -65.0 0.7853981633974483 4 
0010 0014 1666684304527259 -52.0625 -59.0 4.123340357836604 4 
0010 0015 1666684304528384 -100.0625 -65.0 3.9392626632903265 4 
0010 0007 1666684304529991 82.1875 -69.0 3.2213596545598464 4 
0010 0002 1666684304530889 113.0625 -65.5 2.945243112740431 4 
0010 0005 1666684304531772 186.3125 -68.0 2.791845033951867 4 
0010 0009 1666684304532754 -126.125 -71.0 2.773437264497239 4 
0010 0006 1666684304569266 -8.0625 -73.5 0.1595340019401067 4 
0010 0001 1666684304578787 -14.625 -76.5 1.8223691760081417 4 
0010 0015 1666684304660360 -39.0 -64.0 3.77972866135022 4 
0010 0007 1666684304661285 -4.0625 -68.0 2.227340104009951 4 
0010 0002 1666684304662166 8.9375 -66.0 1.902136176978195 4 
0010 0014 1666684304663601 -56.125 -57.5 4.123340357836604 4 
0010 0012 1666684304665963 -30.0625 -65.0 0.7301748550335652 4 
0010 0006 1666684304667113 75.625 -69.5 2.448233337465483 4 
0010 0003 1666684304674662 56.125 -71.0 2.730485802436441 4 
0010 0015 1666684304783288 21.9375 -64.0 3.816544200259475 4 
0010 0006 1666684304784187 -78.0625 -65.0 2.0371264863121317 4 
0010 0014 1666684304786644 -26.0 -57.5 4.215379205109742 4 
0010 0012 1666684304787571 91.125 -65.0 0.7117670855789375 4 
0010 0002 1666684304789911 156.1875 -70.0 1.4480778637640452 4 
0010 0007 1666684304790808 17.0625 -66.0 1.736466251886546 4 
0010 0003 1666684304791932 95.1875 -70.5 1.9266798695843652 4 
0010 0004 1666684304807339 -21.9375 -73.5 4.841243366567084 4 
0010 0012 1666684304892455 -225.375 -65.0 1.1719613219446299 4 
0010 0014 1666684304894656 -65.0625 -57.0 4.246058820867455 4 
0010 0015 1666684304895781 -34.9375 -63.5 3.8840393549264434 4 
0010 0006 1666684304898085 -18.6875 -63.0 1.9880391010997909 4 
0010 0002 1666684304898954 152.125 -70.0 1.6382914814618648 4 
0010 0003 1666684304901108 61.0 -71.0 2.1905245651006955 4 
0010 0007 1666684304902163 -39.0 -65.0 1.8039614065535141 4 
0010 0008 1666684304986247 -3.0 -73.0 6.1420590746941075 4 
0010 0009 1666684305044216 -4.375 -74.0 4.638757902566179 4 
0010 0006 1666684305081568 170.875 -62.0 1.9573594853420782 4 
0010 0015 1666684305082765 -87.0625 -63.5 3.9147189706841563 4 
0010 0012 1666684305084144 -17.0625 -65.0 0.9633399347921826 4 
0010 0007 1666684305085059 169.25 -67.0 1.6935147898257479 4 
0010 0002 1666684305086179 65.0625 -70.0 1.846912868614312 4 
0010 0014 1666684305087331 -34.9375 -57.5 4.178563666200486 4 
0010 0003 1666684305089800 30.0625 -71.5 2.6445828783148455 4 
0010 0008 1666684305113137 -1.625 -71.5 6.277049384028044 4 
0010 0009 1666684305194742 -4.1875 -73.5 4.859651136021712 4 
0010 0008 1666684305211480 -277.4375 -71.5 3.368621810196868 4 
0010 0007 1666684305212630 -165.1875 -66.5 2.043262409463674 4 
0010 0006 1666684305213762 -4.875 -61.0 2.1782527187976104 4 
0010 0014 1666684305214646 -48.0 -57.5 4.221515128261284 4 
0010 0012 1666684305218242 -17.0625 -64.5 1.0185632431560658 4 
0010 0002 1666684305220880 321.4375 -70.5 1.662835174068035 4 
0010 0015 1666684305222658 -17.0625 -63.5 3.816544200259475 4 
0010 0005 1666684305245318 -8.0625 -76.0 4.331961744989051 4 
0010 0003 1666684305248197 9.0 -74.0 6.086835766330224 4 
0010 0004 1666684305283766 3.8125 -74.0 5.632777453116074 4 
0010 0009 1666684305316702 -1.5 -73.5 4.97623367590102 4 
0010 0012 1666684305344672 39.0 -64.5 1.0062913968529805 4 
0010 0008 1666684305346477 -156.1875 -69.5 3.2090878082567613 4 
0010 0006 1666684305347595 4.875 -61.5 2.227340104009951 4 
0010 0002 1666684305348506 -21.9375 -70.0 2.1230294104337273 4 
0010 0015 1666684305350141 8.9375 -63.0 3.822680123411018 4 
0010 0014 1666684305355391 -21.9375 -57.5 4.154019973594316 4 
0010 0007 1666684305357154 -61.0 -66.0 1.9512235621905356 4 
0010 0003 1666684305358179 -87.0625 -72.0 3.129320807286708 4 
0010 0005 1666684305382697 -0.75 -75.0 0.9633399347921826 4 
0010 0004 1666684305417709 2.125 -73.5 5.602097837358362 4 
0010 0009 1666684305453134 0.1875 -74.0 4.884194828627882 4 
0010 0007 1666684305483983 -191.1875 -66.5 2.1046216409791 4 
0010 0006 1666684305485360 30.0625 -61.0 2.2334760271614935 4 
0010 0002 1666684305487562 -143.1875 -69.5 2.350058567040802 4 
0010 0014 1666684305488500 -30.0625 -57.5 4.1601558967458585 4 
0010 0008 1666684305494482 43.125 -70.5 3.1784081924990484 4 
0010 0015 1666684305496742 -65.0625 -63.5 3.8533597391687304 4 
0010 0012 1666684305497583 82.1875 -63.5 0.9756117810952678 4 
0010 0003 1666684305501199 184.6875 -71.5 3.3195344249845276 4 
0010 0004 1666684305521299 -1.625 -73.0 5.71868037723767 4 
0010 0009 1666684305564427 8.5 -74.0 4.902602598082509 4 
0010 0011 1666684305606430 6.5 -77.0 0.06135923151542565 4 
0010 0014 1666684305623505 -26.0 -57.5 4.154019973594316 4 
0010 0008 1666684305625380 -186.3125 -70.5 3.3870295796514958 4 
0010 0002 1666684305626288 17.0625 -71.0 2.2089323345553233 4 
0010 0005 1666684305633219 -429.625 -74.5 4.374913207049849 4 
0010 0006 1666684305634800 -42.3125 -60.5 2.313243028131547 4 
0010 0015 1666684305635725 -26.0 -63.0 3.792000507653305 4 
0010 0012 1666684305637570 69.125 -63.5 0.9940195505498954 4 
0010 0007 1666684305639278 -82.1875 -65.5 1.8960002538266525 4 
0010 0003 1666684305640785 -13.0 -72.5 3.172272269347506 4 
0010 0009 1666684305675040 6.5 -73.5 4.884194828627882 4 
0010 0004 1666684305684845 3.3125 -73.5 5.565282298449106 4 
0010 0011 1666684305710357 10.9375 -78.0 3.104777114680538 4 
