0010 0010 1666682064697946 82.1875 -68.0 1.6014759425526093 0 
0010 0015 1666682064698844 -34.9375 -60.5 2.1659808724945253 0 
0010 0014 1666682064700014 -191.1875 -68.5 4.154019973594316 0 
0010 0004 1666682064705055 17.0625 -64.5 5.264622064023521 0 
0010 0014 1666682064795650 -65.0625 -69.0 3.9392626632903265 0 
0010 0010 1666682064797612 264.4375 -67.5 1.4664856332186729 0 
0010 0015 1666682064800354 56.125 -60.5 2.0371264863121317 0 
0010 0004 1666682064802263 4.0625 -64.0 5.301437602932776 0 
0010 0015 1666682064891051 26.0 -61.0 2.055534255766759 0 
0010 0010 1666682064893148 -108.1875 -68.0 1.8162332528565992 0 
0010 0014 1666682064894390 -126.125 -68.0 3.8840393549264434 0 
0010 0004 1666682064896976 -17.0625 -64.5 5.43029198911517 0 
0010 0004 1666682064986101 21.9375 -64.5 5.246214294568893 0 
0010 0010 1666682064988635 -243.3125 -68.5 1.9205439464328227 0 
0010 0014 1666682064990371 -134.25 -69.0 3.877903431774901 0 
0010 0015 1666682064992376 -4.0625 -61.0 2.1598449493429825 0 
0010 0010 1666682065082530 -243.3125 -69.0 2.055534255766759 0 
0010 0015 1666682065084534 4.0625 -61.0 2.098485717827557 0 
0010 0004 1666682065087410 -186.3125 -64.5 5.534602682691394 0 
0010 0014 1666682065090461 -95.1875 -70.5 3.890175278077986 0 
0010 0004 1666682065179128 61.0 -64.5 5.221670601962723 0 
0010 0015 1666682065182142 -30.0625 -60.5 2.1230294104337273 0 
0010 0014 1666682065184775 -26.0 -69.0 3.8410878928656453 0 
0010 0010 1666682065185671 -43.125 -69.0 1.6935147898257479 0 
0010 0010 1666682065274110 156.1875 -68.0 1.5707963267948966 0 
0010 0004 1666682065275704 -78.0625 -64.0 5.338253141842031 0 
0010 0015 1666682065279313 -34.9375 -60.5 2.184388641949153 0 
0010 0014 1666682065281705 -39.0 -69.0 3.9147189706841563 0 
0010 0015 1666682065371853 -26.0 -61.0 2.116893487282185 0 
0010 0014 1666682065374396 -39.0 -68.5 3.8717675086233583 0 
0010 0004 1666682065375721 26.0 -64.5 5.246214294568893 0 
0010 0010 1666682065376630 -17.0625 -68.5 1.7978254834019713 0 
0010 0014 1666682065466634 -52.0625 -69.0 3.859495662320273 0 
0010 0004 1666682065469543 30.0625 -64.0 5.270757987175063 0 
0010 0010 1666682065470440 61.0 -68.5 1.552388557340269 0 
0010 0015 1666682065471352 8.9375 -61.0 2.055534255766759 0 
0010 0004 1666682065563614 13.0 -64.0 5.203262832508095 0 
0010 0010 1666682065565350 -152.125 -69.0 1.7916895602504288 0 
0010 0015 1666682065566517 30.0625 -61.0 2.0064468705544187 0 
0010 0014 1666682065568027 -69.125 -68.5 4.01902966426038 0 
0010 0015 1666682065659870 43.125 -61.0 1.9880391010997909 0 
0010 0004 1666682065661676 -134.25 -65.0 5.442563835418255 0 
0010 0014 1666682065662603 -43.125 -69.0 3.816544200259475 0 
0010 0010 1666682065663641 61.0 -69.0 1.564660403643354 0 
0010 0004 1666682065762893 0.0 -64.0 5.197126909356553 0 
0010 0015 1666682065764437 65.0625 -61.0 2.0371264863121317 0 
0010 0010 1666682065766002 -212.375 -68.5 1.9819031779482483 0 
0010 0014 1666682065766874 -74.0 -68.5 3.859495662320273 0 
0010 0014 1666682065857864 -117.125 -69.0 3.890175278077986 0 
0010 0015 1666682065858791 39.0 -61.0 2.018718716857504 0 
0010 0004 1666682065859706 147.25 -64.0 4.970097752749477 0 
0010 0010 1666682065861311 -43.125 -69.0 1.8162332528565992 0 
0010 0010 1666682065953505 -199.375 -68.0 2.2150682577068657 0 
0010 0004 1666682065958259 -17.0625 -64.5 5.264622064023521 0 
0010 0015 1666682065959171 8.9375 -61.0 2.055534255766759 0 
0010 0014 1666682065960428 21.9375 -68.0 3.8410878928656453 0 
0010 0004 1666682066049073 -65.0625 -64.0 5.240078371417351 0 
0010 0015 1666682066051276 34.9375 -60.5 2.000310947402876 0 
0010 0014 1666682066053823 43.125 -69.0 3.8410878928656453 0 
0010 0010 1666682066054764 -121.25 -69.0 1.932815792735908 0 
0010 0014 1666682066145724 0.0 -68.0 3.80427235395639 0 
0010 0015 1666682066147352 -43.125 -61.0 2.12916533358527 0 
0010 0004 1666682066150478 -34.9375 -64.0 5.240078371417351 0 
0010 0010 1666682066151957 -82.1875 -69.5 1.88986433067511 0 
0010 0004 1666682066241643 -87.0625 -64.0 5.295301679781233 0 
0010 0010 1666682066244100 78.0625 -69.5 1.7241944055834606 0 
0010 0014 1666682066245184 -316.5 -69.0 4.111068511533518 0 
0010 0015 1666682066247189 -17.0625 -61.0 2.061670178918302 0 
0010 0015 1666682066338062 30.0625 -60.5 2.012582793705961 0 
0010 0004 1666682066339799 43.125 -64.0 5.105088062083414 0 
0010 0014 1666682066341403 74.0 -69.5 3.822680123411018 0 
0010 0010 1666682066342754 121.25 -68.5 1.761009944492716 0 
0010 0015 1666682066434524 8.9375 -61.0 2.024854640009046 0 
0010 0010 1666682066436020 173.3125 -68.5 1.6505633277649499 0 
0010 0004 1666682066437287 34.9375 -64.5 5.184855063053467 0 
0010 0014 1666682066439040 61.0 -69.0 3.767456815047135 0 
0010 0014 1666682066528655 43.125 -69.0 3.8288160465625602 0 
0010 0015 1666682066531170 8.9375 -60.5 2.012582793705961 0 
0010 0004 1666682066532498 -160.3125 -65.0 5.442563835418255 0 
0010 0010 1666682066534033 -152.125 -69.0 1.9757672547967058 0 
0010 0004 1666682066624861 -48.0 -64.5 5.252350217720435 0 
0010 0014 1666682066626271 147.25 -70.0 3.6999616603801666 0 
0010 0010 1666682066628470 21.9375 -68.5 1.7978254834019713 0 
0010 0015 1666682066630847 17.0625 -61.0 2.0800779483729293 0 
0010 0014 1666682066724282 139.125 -68.5 3.730641276137879 0 
0010 0010 1666682066725200 0.0 -68.5 1.8285050991596843 0 
0010 0015 1666682066726262 69.125 -60.5 1.9819031779482483 0 
0010 0004 1666682066727575 -52.0625 -64.5 5.338253141842031 0 
0010 0010 1666682066816665 52.0625 -68.5 1.7978254834019713 0 
0010 0014 1666682066817719 -26.0 -68.0 3.7551849687440497 0 
0010 0015 1666682066821119 61.0 -61.0 1.9512235621905356 0 
0010 0004 1666682066822230 -69.125 -64.5 5.399612373357457 0 
0010 0014 1666682066912616 4.0625 -68.0 3.8288160465625602 0 
0010 0015 1666682066913888 78.0625 -60.5 1.9573594853420782 0 
0010 0010 1666682066915332 182.25 -69.5 1.705786636128833 0 
0010 0004 1666682066916952 -56.125 -65.0 5.338253141842031 0 
0010 0010 1666682067009521 143.1875 -69.5 1.6382914814618648 0 
0010 0014 1666682067010419 78.0625 -69.0 3.718369429834794 0 
0010 0015 1666682067012908 52.0625 -61.0 1.9696313316451632 0 
0010 0004 1666682067014105 -65.0625 -64.0 5.350524988145116 0 
0010 0014 1666682067105599 -21.9375 -68.5 3.847223816017188 0 
0010 0015 1666682067107473 65.0625 -61.0 1.9819031779482483 0 
0010 0004 1666682067108927 -130.1875 -65.0 5.405748296509 0 
0010 0010 1666682067109980 230.25 -69.5 1.6566992509164924 0 
0010 0014 1666682067200527 65.0625 -67.0 3.77972866135022 0 
0010 0010 1666682067202957 113.0625 -68.5 1.7119225592803755 0 
0010 0015 1666682067204532 -30.0625 -60.5 2.067806102069844 0 
0010 0004 1666682067205446 -165.1875 -65.0 5.5284667595398505 0 
0010 0004 1666682067299322 -108.1875 -64.5 5.43029198911517 0 
0010 0015 1666682067300192 -61.0 -61.0 2.0923497946760143 0 
0010 0014 1666682067301477 39.0 -68.5 3.816544200259475 0 
0010 0010 1666682067302571 21.9375 -69.0 1.8285050991596843 0 
0010 0015 1666682067392290 -34.9375 -60.5 2.110757564130642 0 
0010 0014 1666682067396993 -26.0 -68.0 3.8533597391687304 0 
0010 0004 1666682067397935 -34.9375 -64.5 5.393476450205914 0 
0010 0010 1666682067398831 95.1875 -68.0 1.8285050991596843 0 
0010 0014 1666682067489152 -8.9375 -67.5 3.8410878928656453 0 
0010 0010 1666682067490321 191.1875 -68.0 1.6935147898257479 0 
0010 0015 1666682067493419 -39.0 -60.5 2.0923497946760143 0 
0010 0004 1666682067494319 -126.125 -65.0 5.546874528994478 0 
0010 0015 1666682067585899 43.125 -60.5 2.0064468705544187 0 
0010 0004 1666682067593940 -65.0625 -65.0 5.491651220630596 0 
0010 0010 1666682067596383 56.125 -68.0 1.5892040962495242 0 
0010 0014 1666682067598136 -117.125 -68.5 3.8717675086233583 0 
0010 0015 1666682067688728 -8.9375 -60.5 2.024854640009046 0 
0010 0004 1666682067691577 -65.0625 -65.5 5.460971604872882 0 
0010 0014 1666682067692516 -4.0625 -68.0 3.8840393549264434 0 
0010 0010 1666682067693429 -130.1875 -69.0 1.932815792735908 0 
0010 0015 1666682067784320 69.125 -60.5 1.9634954084936207 0 
0010 0010 1666682067785245 -48.0 -68.5 1.7732817907958012 0 
0010 0004 1666682067786977 -69.125 -65.0 5.47937937432751 0 
0010 0014 1666682067788486 8.9375 -68.0 3.810408277107933 0 
0010 0014 1666682067877385 -182.25 -69.0 4.049709280018092 0 
0010 0010 1666682067882931 152.125 -69.0 1.576932249946439 0 
0010 0004 1666682067884549 -21.9375 -65.0 5.448699758569798 0 
0010 0015 1666682067885720 26.0 -61.0 1.9573594853420782 0 
0010 0014 1666682067973916 -78.0625 -68.0 3.9208548938356986 0 
0010 0015 1666682067978026 56.125 -61.0 2.030990563160589 0 
0010 0004 1666682067980242 -34.9375 -64.5 5.5714182216006485 0 
0010 0010 1666682067981168 238.4375 -68.0 1.4726215563702154 0 
0010 0010 1666682068069063 87.0625 -68.5 1.7548740213411735 0 
0010 0015 1666682068070939 -8.9375 -60.5 2.055534255766759 0 
0010 0014 1666682068073416 113.0625 -69.5 3.6017868899554855 0 
0010 0004 1666682068074938 -87.0625 -65.5 5.595961914206819 0 
0010 0015 1666682068164804 4.0625 -60.5 2.110757564130642 0 
0010 0004 1666682068167908 -139.125 -64.5 5.6143696836614465 0 
0010 0014 1666682068169418 82.1875 -69.0 3.6815538909255388 0 
0010 0010 1666682068170272 130.1875 -68.0 1.6260196351587797 0 
0010 0015 1666682068292888 -21.9375 -60.5 2.030990563160589 0 
0010 0014 1666682068296442 -48.0 -69.5 3.834951969714103 0 
0010 0010 1666682068297355 -87.0625 -69.0 1.7303303287350031 0 
0010 0004 1666682068298721 -52.0625 -65.0 5.442563835418255 0 
0010 0015 1666682068390448 61.0 -61.0 2.018718716857504 0 
0010 0004 1666682068392709 -91.125 -64.5 5.47937937432751 0 
0010 0010 1666682068393849 39.0 -68.5 1.5953400194010667 0 
0010 0014 1666682068395499 39.0 -70.5 3.785864584501762 0 
0010 0009 1666682068481786 2.5 -75.0 6.12365130523948 0 
0010 0015 1666682068497660 -17.0625 -60.5 2.073942025221387 0 
0010 0010 1666682068498701 -48.0 -69.5 1.6751070203711202 0 
0010 0014 1666682068501013 -48.0 -69.5 3.865631585471816 0 
0010 0004 1666682068502621 -91.125 -65.0 5.5284667595398505 0 
0010 0009 1666682068561755 3.1875 -75.0 6.178874613603362 0 
0010 0015 1666682068599783 -56.125 -61.0 2.110757564130642 0 
0010 0010 1666682068601190 -56.125 -68.5 1.8530487917658545 0 
0010 0014 1666682068602799 134.25 -69.5 3.6876898140770815 0 
0010 0004 1666682068605338 61.0 -64.5 5.43029198911517 0 
0010 0009 1666682068678569 2.6875 -74.5 6.234097921967246 0 
0010 0015 1666682068709399 43.125 -61.0 2.0064468705544187 0 
0010 0004 1666682068711392 -126.125 -64.0 5.577554144752192 0 
0010 0014 1666682068712319 -69.125 -68.5 3.865631585471816 0 
0010 0010 1666682068713842 104.125 -68.0 1.6812429435226628 0 
0010 0009 1666682068799805 -1.0625 -74.5 0.1227184630308513 0 
0010 0010 1666682068817408 113.0625 -68.5 1.6505633277649499 0 
0010 0015 1666682068819857 69.125 -61.0 1.9941750242513334 0 
0010 0014 1666682068820757 -91.125 -69.5 4.006757817957295 0 
0010 0004 1666682068822587 43.125 -65.0 5.344389064993574 0 
0010 0009 1666682068918305 -2.6875 -75.0 6.270913460876501 0 
0010 0010 1666682068924410 -126.125 -68.0 1.748738098189631 0 
0010 0015 1666682068925322 13.0 -61.0 2.024854640009046 0 
0010 0004 1666682068926208 -43.125 -65.0 5.50392306693368 0 
0010 0014 1666682068933307 -243.3125 -69.5 4.111068511533518 0 
0010 0009 1666682069015141 -2.4375 -75.0 6.22182607566416 0 
0010 0014 1666682069030728 82.1875 -68.5 3.6815538909255388 0 
0010 0010 1666682069035624 43.125 -68.5 1.576932249946439 0 
0010 0015 1666682069038517 26.0 -61.0 2.098485717827557 0 
0010 0004 1666682069039419 134.25 -64.5 5.283029833478148 0 
0010 0004 1666682069133817 -13.0 -64.5 5.485515297479052 0 
0010 0014 1666682069135072 -39.0 -69.0 3.859495662320273 0 
0010 0010 1666682069135952 -4.0625 -68.5 1.7303303287350031 0 
0010 0015 1666682069138669 -8.9375 -61.5 2.1230294104337273 0 
0010 0015 1666682069230989 26.0 -61.0 2.0371264863121317 0 
0010 0014 1666682069232470 -4.0625 -68.5 3.7551849687440497 0 
0010 0004 1666682069233386 34.9375 -64.5 5.350524988145116 0 
0010 0010 1666682069234511 -26.0 -69.0 1.7426021750380885 0 
0010 0015 1666682069327818 0.0 -61.0 2.098485717827557 0 
0010 0010 1666682069329188 121.25 -68.0 1.6198837120072371 0 
0010 0014 1666682069332247 -212.375 -69.0 3.9699422790480394 0 
0010 0004 1666682069333996 -87.0625 -64.0 5.4671075280244255 0 
0010 0014 1666682069425454 34.9375 -68.5 3.6140587362585705 0 
0010 0010 1666682069426378 169.25 -68.5 1.5462526341887264 0 
0010 0015 1666682069428386 52.0625 -61.0 2.012582793705961 0 
0010 0004 1666682069429524 13.0 -64.5 5.393476450205914 0 
0010 0015 1666682069534757 -21.9375 -61.0 2.0923497946760143 0 
0010 0004 1666682069536509 26.0 -64.0 5.301437602932776 0 
0010 0010 1666682069537478 -108.1875 -68.5 1.7241944055834606 0 
0010 0014 1666682069539611 -191.1875 -68.0 4.025165587411922 0 
