0010 0014 1666684637896594 -61.0 -60.0 0.5460971604872883 5 
0010 0011 1666684637898639 30.0625 -69.5 2.2948352586769194 5 
0010 0006 1666684637899952 0.0 -60.0 4.583534594202296 5 
0010 0003 1666684637900854 17.0625 -68.0 4.749204519293945 5 
0010 0004 1666684637901752 26.0 -64.0 1.0737865515199487 5 
0010 0001 1666684637902889 -34.9375 -71.0 1.564660403643354 5 
0010 0015 1666684637904917 65.0625 -62.5 1.2762720155208536 5 
0010 0009 1666684637906393 4.0625 -64.5 2.9759227284981438 5 
0010 0010 1666684637907295 69.125 -68.0 0.9510680884890975 5 
0010 0012 1666684637908224 -91.125 -65.5 2.2580197197676637 5 
0010 0007 1666684637912090 -61.0 -67.5 3.0127382674073995 5 
0010 0000 1666684637936879 -4.875 -71.5 0.380427235395639 5 
0010 0006 1666684638014969 4.875 -59.5 4.577398671050753 5 
0010 0009 1666684638016818 17.0625 -65.0 2.9636508821950587 5 
0010 0014 1666684638019731 56.125 -60.5 0.3988350048502667 5 
0010 0011 1666684638020632 -143.1875 -70.5 2.466641106920111 5 
0010 0001 1666684638022163 -104.125 -70.5 1.6137477888556946 5 
0010 0004 1666684638023976 65.0625 -63.5 0.9940195505498954 5 
0010 0012 1666684638025159 -82.1875 -65.0 2.2886993355253766 5 
0010 0003 1666684638027176 21.9375 -67.5 4.632621979414636 5 
0010 0010 1666684638028077 117.125 -67.5 0.9019807032767571 5 
0010 0007 1666684638028975 43.125 -68.5 2.724349879284899 5 
0010 0015 1666684638031556 -78.0625 -62.5 1.4173982480063325 5 
0010 0000 1666684638047823 0.0 -71.5 0.23316507975861744 5 
0010 0007 1666684638132344 -52.0625 -67.5 2.834796496012665 5 
0010 0014 1666684638137161 4.0625 -61.0 0.4970097752749477 5 
0010 0009 1666684638138717 0.0 -64.5 2.9943304979527716 5 
0010 0015 1666684638141037 8.9375 -62.5 1.3130875544301088 5 
0010 0001 1666684638141965 -147.25 -71.5 1.6444274046134073 5 
0010 0006 1666684638142915 18.6875 -60.0 4.583534594202296 5 
0010 0003 1666684638144141 212.375 -67.5 4.442408361716817 5 
0010 0012 1666684638145920 -52.0625 -66.0 2.227340104009951 5 
0010 0011 1666684638146818 204.25 -70.0 1.9573594853420782 5 
0010 0010 1666684638148952 121.25 -68.0 0.8467573949128739 5 
0010 0004 1666684638149861 -13.0 -63.0 1.0615147052168636 5 
0010 0000 1666684638171308 -3.1875 -71.0 3.393165502803038 5 
0010 0011 1666684638249945 -69.125 -69.0 2.3623304133438876 5 
0010 0003 1666684638250827 147.25 -67.0 4.479223900626073 5 
0010 0015 1666684638252007 -17.0625 -62.5 1.3744467859455345 5 
0010 0014 1666684638255218 -34.9375 -60.5 0.521553467881118 5 
0010 0010 1666684638256459 -17.0625 -68.5 0.9817477042468103 5 
0010 0007 1666684638257358 -21.9375 -68.0 2.779573187648782 5 
0010 0009 1666684638258241 -82.1875 -64.5 3.055689729468197 5 
0010 0006 1666684638259177 -56.9375 -60.0 4.577398671050753 5 
0010 0012 1666684638260347 39.0 -66.0 2.086213871524472 5 
0010 0001 1666684638261906 156.1875 -71.0 1.3867186322486196 5 
0010 0004 1666684638262843 17.0625 -64.0 0.9878836273983529 5 
0010 0000 1666684638286888 4.0625 -71.5 0.16566992509164924 5 
0010 0003 1666684638375005 -212.375 -67.0 4.914874444385594 5 
0010 0004 1666684638376394 39.0 -63.5 0.9387962421860124 5 
0010 0009 1666684638378654 43.125 -64.5 2.9145634969827183 5 
0010 0010 1666684638379598 87.0625 -67.5 0.9019807032767571 5 
0010 0007 1666684638380541 -178.1875 -67.5 2.9145634969827183 5 
0010 0012 1666684638381471 -69.125 -65.0 2.172116795646068 5 
0010 0014 1666684638382395 -8.9375 -60.0 0.4724660826687775 5 
0010 0001 1666684638384153 -8.9375 -72.0 1.5892040962495242 5 
0010 0011 1666684638385294 -178.1875 -70.0 2.466641106920111 5 
0010 0015 1666684638387406 78.0625 -61.5 1.282407938672396 5 
0010 0006 1666684638388302 -66.6875 -60.0 4.608078286808466 5 
0010 0000 1666684638412895 9.75 -71.0 0.1595340019401067 5 
0010 0004 1666684638490746 26.0 -63.0 0.9756117810952678 5 
0010 0014 1666684638492520 0.0 -60.5 0.4479223900626072 5 
0010 0007 1666684638494197 -117.125 -67.0 2.988194574801229 5 
0010 0015 1666684638495051 -34.9375 -62.0 1.3867186322486196 5 
0010 0009 1666684638496913 48.0 -64.5 2.8777479580734626 5 
0010 0010 1666684638497784 -26.0 -67.0 0.9572040116406401 5 
0010 0012 1666684638498866 4.0625 -65.5 2.1598449493429825 5 
0010 0006 1666684638500031 21.9375 -60.0 4.522175362686871 5 
0010 0003 1666684638501523 30.0625 -67.5 4.632621979414636 5 
0010 0011 1666684638505494 -26.0 -69.0 2.270291566070749 5 
0010 0001 1666684638506535 -147.25 -70.5 1.7855536370988863 5 
0010 0000 1666684638529415 14.625 -71.0 0.03681553890925539 5 
0010 0011 1666684638608349 8.9375 -69.5 2.2518837966161214 5 
0010 0001 1666684638610117 238.4375 -71.5 1.239456476611598 5 
0010 0000 1666684638611480 -43.125 -69.5 0.1595340019401067 5 
0010 0015 1666684638612591 39.0 -62.5 1.2455923997631406 5 
0010 0014 1666684638613525 0.0 -60.0 0.47860200582032003 5 
0010 0009 1666684638614455 82.1875 -64.0 2.9022916506796332 5 
0010 0004 1666684638615876 91.125 -64.0 0.8651651643675016 5 
0010 0006 1666684638617523 -80.5625 -60.0 4.601942363656923 5 
0010 0010 1666684638619501 13.0 -67.0 0.9081166264282996 5 
0010 0003 1666684638620512 -26.0 -67.5 4.7307967498393175 5 
0010 0007 1666684638621666 -74.0 -66.5 3.0066023442558567 5 
0010 0012 1666684638622609 61.0 -65.5 2.0923497946760143 5 
0010 0000 1666684638648533 2.4375 -70.5 0.16566992509164924 5 
0010 0006 1666684638727604 -14.625 -60.0 4.491495746929157 5 
0010 0001 1666684638729170 -104.125 -70.5 1.6260196351587797 5 
0010 0004 1666684638730317 8.9375 -63.0 0.8897088569736719 5 
0010 0010 1666684638731430 61.0 -67.0 0.8774370106705868 5 
0010 0009 1666684638733490 -130.1875 -63.5 3.031146036862027 5 
0010 0015 1666684638734727 -17.0625 -62.0 1.3560390164909069 5 
0010 0014 1666684638736491 -65.0625 -60.5 0.4970097752749477 5 
0010 0011 1666684638737927 91.125 -69.5 2.086213871524472 5 
0010 0007 1666684638738982 65.0625 -67.0 2.730485802436441 5 
0010 0012 1666684638739912 104.125 -64.5 1.88986433067511 5 
0010 0003 1666684638742540 4.0625 -67.5 4.743068596142402 5 
0010 0000 1666684638743824 -34.9375 -69.5 0.09203884727313846 5 
0010 0000 1666684638840929 78.0625 -69.0 0.018407769454627694 5 
0010 0015 1666684638841816 -65.0625 -62.0 1.3989904785517047 5 
0010 0004 1666684638842698 -56.125 -64.0 0.859029241215959 5 
0010 0006 1666684638844130 -42.3125 -60.5 4.4976316700806995 5 
0010 0012 1666684638847673 26.0 -65.5 1.9266798695843652 5 
0010 0009 1666684638849423 -30.0625 -64.0 2.9206994201342606 5 
0010 0003 1666684638851228 -156.1875 -68.0 4.779884135051658 5 
0010 0007 1666684638852097 -74.0 -67.5 2.834796496012665 5 
0010 0014 1666684638852977 -4.0625 -60.5 0.42337869745643697 5 
0010 0010 1666684638853865 43.125 -67.5 0.7669903939428205 5 
0010 0011 1666684638855105 -152.125 -69.5 2.1537090261914402 5 
0010 0001 1666684638858762 -43.125 -71.5 1.509437095279471 5 
0010 0012 1666684638955970 0.0 -65.5 1.9266798695843652 5 
0010 0004 1666684638957169 -43.125 -63.0 0.8897088569736719 5 
0010 0011 1666684638959030 17.0625 -69.0 2.0800779483729293 5 
0010 0001 1666684638959940 56.125 -71.0 1.4419419406125027 5 
0010 0015 1666684638961050 13.0 -62.0 1.2517283229146832 5 
0010 0009 1666684638962954 -56.125 -64.0 2.8838838812250054 5 
0010 0006 1666684638964617 -80.5625 -60.0 4.589670517353839 5 
0010 0014 1666684638966234 -4.0625 -60.0 0.4172427743048944 5 
0010 0010 1666684638967872 61.0 -66.5 0.7179030087304801 5 
0010 0003 1666684638968781 -61.0 -67.0 4.614214209960009 5 
0010 0007 1666684638969665 56.125 -68.0 2.6261751088602177 5 
0010 0000 1666684638974818 65.0625 -70.5 6.22182607566416 5 
0010 0006 1666684639071955 -104.125 -60.0 4.589670517353839 5 
0010 0007 1666684639072867 26.0 -67.0 2.742757648739526 5 
0010 0009 1666684639074457 -4.0625 -63.5 2.8716120349219203 5 
0010 0004 1666684639075412 -13.0 -64.0 0.8344855486097889 5 
0010 0012 1666684639077290 34.9375 -65.5 1.7794177139473437 5 
0010 0010 1666684639078853 43.125 -66.5 0.7301748550335652 5 
0010 0003 1666684639080997 -165.1875 -67.5 4.773748211900116 5 
0010 0015 1666684639082646 -17.0625 -62.5 1.282407938672396 5 
0010 0011 1666684639083533 121.25 -68.5 1.8837284075235674 5 
0010 0014 1666684639084445 -52.0625 -60.5 0.4908738521234052 5 
0010 0001 1666684639086108 -156.1875 -71.0 1.576932249946439 5 
0010 0000 1666684639089238 4.0625 -70.5 0.0 5 
0010 0011 1666684639189646 8.9375 -68.5 2.098485717827557 5 
0010 0014 1666684639190899 -4.0625 -60.5 0.44178646691106466 5 
0010 0010 1666684639192265 -95.1875 -67.5 0.8099418560036186 5 
0010 0006 1666684639194302 0.0 -60.0 4.491495746929157 5 
0010 0009 1666684639195243 0.0 -63.5 2.9268353432858034 5 
0010 0007 1666684639196146 -100.0625 -66.5 2.7857091108003242 5 
0010 0000 1666684639197071 30.0625 -68.5 6.234097921967246 5 
0010 0015 1666684639197952 -4.0625 -62.0 1.2578642460662257 5 
0010 0003 1666684639198863 -87.0625 -68.5 4.700117134081604 5 
0010 0004 1666684639200073 26.0 -63.0 0.7976700097005334 5 
0010 0012 1666684639201611 -56.125 -65.0 1.9880391010997909 5 
0010 0004 1666684639299164 -13.0 -63.5 0.7853981633974483 5 
0010 0000 1666684639300306 -78.0625 -69.0 0.2454369260617026 5 
0010 0014 1666684639301188 -39.0 -60.0 0.46019423636569234 5 
0010 0006 1666684639302634 4.875 -60.0 4.473087977474529 5 
0010 0012 1666684639303805 -78.0625 -65.5 1.9634954084936207 5 
0010 0001 1666684639305240 -104.125 -70.5 1.4787574795217582 5 
0010 0007 1666684639306394 65.0625 -67.0 2.6445828783148455 5 
0010 0009 1666684639308097 -8.9375 -64.0 2.8409324191642074 5 
0010 0003 1666684639309235 -21.9375 -67.5 4.565126824747668 5 
0010 0015 1666684639310826 8.9375 -61.5 1.2333205534600555 5 
0010 0010 1666684639311954 -30.0625 -67.0 0.944932165337555 5 
0010 0011 1666684639316470 -30.0625 -69.0 2.1230294104337273 5 
0010 0012 1666684639415277 65.0625 -65.0 1.8407769454627694 5 
0010 0003 1666684639416117 -52.0625 -67.0 4.571262747899211 5 
0010 0004 1666684639417311 43.125 -63.5 0.7669903939428205 5 
0010 0009 1666684639418689 91.125 -64.0 2.6998061866787286 5 
0010 0001 1666684639419869 -121.25 -71.0 1.607611865704152 5 
0010 0006 1666684639420761 8.9375 -60.5 4.466952054322987 5 
0010 0015 1666684639422939 61.0 -62.0 1.2517283229146832 5 
0010 0007 1666684639425796 -95.1875 -67.5 2.736621725587984 5 
0010 0014 1666684639426721 -26.0 -60.0 0.4663301595172349 5 
0010 0011 1666684639427892 -82.1875 -69.0 2.110757564130642 5 
0010 0010 1666684639428862 -13.0 -67.0 0.8651651643675016 5 
0010 0000 1666684639433311 74.0 -69.5 6.1850105367549055 5 
0010 0007 1666684639531276 139.125 -68.0 2.675262494072558 5 
0010 0014 1666684639535159 48.0 -60.5 0.35588354278946877 5 
0010 0011 1666684639536330 230.25 -69.0 1.9757672547967058 5 
0010 0015 1666684639537722 4.0625 -62.0 1.3130875544301088 5 
0010 0010 1666684639538874 0.0 -67.5 0.9142525495798421 5 
0010 0004 1666684639539771 0.0 -63.5 0.7547185476397354 5 
0010 0006 1666684639540910 -23.5625 -60.0 4.522175362686871 5 
0010 0003 1666684639541850 -121.25 -67.5 4.693981210930062 5 
0010 0000 1666684639543029 8.9375 -69.0 6.277049384028044 5 
0010 0012 1666684639544599 -56.125 -65.0 2.024854640009046 5 
0010 0009 1666684639545523 -8.9375 -64.0 2.773437264497239 5 
0010 0001 1666684639547726 48.0 -71.0 1.368310862793992 5 
0010 0009 1666684639647806 69.125 -64.0 2.779573187648782 5 
0010 0000 1666684639649186 -78.0625 -68.5 0.3190680038802134 5 
0010 0003 1666684639650124 -126.125 -67.5 4.828971520263998 5 
0010 0012 1666684639651036 -87.0625 -65.5 2.043262409463674 5 
0010 0004 1666684639652230 39.0 -63.5 0.7485826244881929 5 
0010 0006 1666684639653621 14.625 -60.0 4.479223900626073 5 
0010 0015 1666684639654550 48.0 -62.5 1.239456476611598 5 
0010 0014 1666684639655489 56.125 -60.0 0.3620194659410113 5 
0010 0010 1666684639656373 -8.9375 -67.5 0.8713010875190442 5 
0010 0011 1666684639657275 -52.0625 -69.5 2.337786720737717 5 
0010 0007 1666684639659424 -21.9375 -68.5 2.890019804376548 5 
0010 0001 1666684639660874 61.0 -70.5 1.5278448647340985 5 
0010 0014 1666684639758720 -87.0625 -60.5 0.5154175447295755 5 
0010 0012 1666684639759592 -30.0625 -65.0 2.0493983326152168 5 
0010 0006 1666684639761281 26.0 -60.0 4.466952054322987 5 
0010 0004 1666684639763256 17.0625 -64.0 0.803805932852076 5 
0010 0015 1666684639764171 13.0 -62.5 1.2885438618239387 5 
0010 0001 1666684639766655 -8.9375 -71.5 1.6812429435226628 5 
0010 0003 1666684639768715 8.9375 -68.0 4.706253057233147 5 
0010 0009 1666684639769615 -78.0625 -64.0 2.9084275738311756 5 
0010 0010 1666684639770555 -4.0625 -68.0 0.9203884727313847 5 
0010 0007 1666684639774665 8.9375 -68.0 2.890019804376548 5 
0010 0000 1666684639776243 -169.25 -68.5 0.39269908169872414 5 
0010 0011 1666684639777141 -316.5 -69.5 2.478912953223196 5 
0010 0006 1666684639875811 -13.0 -60.5 4.516039439535327 5 
0010 0011 1666684639876753 -147.25 -70.0 2.356194490192345 5 
0010 0012 1666684639877879 113.0625 -65.0 1.8162332528565992 5 
0010 0009 1666684639878999 -8.9375 -64.0 2.9022916506796332 5 
0010 0004 1666684639880437 39.0 -63.0 0.803805932852076 5 
0010 0010 1666684639883280 43.125 -67.5 0.9572040116406401 5 
0010 0014 1666684639884432 -61.0 -60.5 0.48473792897186263 5 
0010 0015 1666684639886819 -48.0 -62.0 1.3928545554001621 5 
0010 0003 1666684639888723 -30.0625 -68.0 4.626486056263094 5 
0010 0007 1666684639891327 -152.125 -68.5 3.160000423044421 5 
0010 0000 1666684639892418 0.0 -68.5 0.23316507975861744 5 
0010 0011 1666684639993332 -338.5 -69.5 2.509592568980909 5 
0010 0014 1666684639994881 -21.9375 -59.5 0.46019423636569234 5 
0010 0003 1666684639996045 -17.0625 -68.0 4.755340442445488 5 
0010 0004 1666684639996956 -13.0 -63.5 0.8651651643675016 5 
0010 0001 1666684639998080 139.125 -70.0 1.509437095279471 5 
0010 0009 1666684639998990 56.125 -64.0 2.791845033951867 5 
0010 0006 1666684640000603 0.0 -60.0 4.522175362686871 5 
0010 0015 1666684640001535 13.0 -62.0 1.282407938672396 5 
0010 0010 1666684640002450 69.125 -67.5 0.8958447801252144 5 
0010 0007 1666684640003335 -65.0625 -67.5 2.890019804376548 5 
0010 0000 1666684640004333 117.125 -69.5 0.0859029241215959 5 
0010 0012 1666684640006338 30.0625 -65.0 1.945087639038993 5 
0010 0000 1666684640106305 -17.0625 -68.0 0.2638446955163303 5 
0010 0009 1666684640108576 -17.0625 -64.5 2.8654761117703775 5 
0010 0014 1666684640109483 0.0 -60.0 0.42337869745643697 5 
0010 0015 1666684640111535 -17.0625 -61.5 1.2946797849754812 5 
0010 0006 1666684640112712 -61.8125 -60.0 4.589670517353839 5 
0010 0004 1666684640113637 -34.9375 -63.5 0.9203884727313847 5 
0010 0011 1666684640114920 -95.1875 -69.0 2.2948352586769194 5 
0010 0001 1666684640116028 30.0625 -70.5 1.4603497100671303 5 
0010 0012 1666684640116955 -43.125 -65.0 1.9634954084936207 5 
0010 0007 1666684640117855 -113.0625 -67.5 3.0372819600135696 5 
0010 0003 1666684640119575 -208.3125 -68.0 4.933282213840222 5 
0010 0010 1666684640120714 -147.25 -67.5 1.1167380135807468 5 
0010 0003 1666684640226074 -56.125 -69.0 4.822835597112456 5 
0010 0012 1666684640227653 87.0625 -65.0 1.8960002538266525 5 
0010 0015 1666684640229102 43.125 -62.5 1.2762720155208536 5 
0010 0010 1666684640230000 -26.0 -67.0 0.859029241215959 5 
0010 0006 1666684640232126 -23.5625 -60.5 4.558990901596125 5 
0010 0001 1666684640233716 52.0625 -72.0 1.3560390164909069 5 
0010 0004 1666684640234868 39.0 -63.0 0.859029241215959 5 
0010 0009 1666684640236021 -52.0625 -64.0 2.82252464970958 5 
0010 0014 1666684640237186 39.0 -60.5 0.37429131224409645 5 
0010 0007 1666684640238185 130.1875 -68.5 2.6016314162540475 5 
0010 0011 1666684640240255 -290.5 -69.5 2.60776733940559 5 
0010 0000 1666684640241506 -100.0625 -69.0 0.3988350048502667 5 
0010 0007 1666684640339579 -4.0625 -68.5 2.8716120349219203 5 
0010 0011 1666684640340737 52.0625 -69.0 2.1782527187976104 5 
0010 0010 1666684640342585 26.0 -67.0 0.9265243958829272 5 
0010 0000 1666684640345773 -95.1875 -68.0 0.1902136176978195 5 
0010 0012 1666684640346670 8.9375 -65.0 1.932815792735908 5 
0010 0004 1666684640347568 -13.0 -63.5 0.9817477042468103 5 
0010 0014 1666684640348749 -61.0 -60.5 0.5031456984264903 5 
0010 0001 1666684640350408 21.9375 -71.0 1.552388557340269 5 
0010 0015 1666684640351338 -91.125 -62.5 1.3989904785517047 5 
0010 0006 1666684640352202 9.75 -60.5 4.485359823777615 5 
0010 0009 1666684640353580 -43.125 -64.0 2.9022916506796332 5 
0010 0003 1666684640354505 -48.0 -67.5 4.7860200582032 5 
0010 0010 1666684640453935 -61.0 -67.0 1.0615147052168636 5 
0010 0006 1666684640455116 -90.3125 -60.0 4.626486056263094 5 
0010 0015 1666684640455956 13.0 -62.5 1.3008157081270237 5 
0010 0003 1666684640457122 -74.0 -68.0 4.7860200582032 5 
0010 0004 1666684640458047 39.0 -63.5 0.8897088569736719 5 
0010 0014 1666684640460401 8.9375 -60.5 0.4479223900626072 5 
0010 0000 1666684640463241 -52.0625 -69.0 0.2270291566070749 5 
0010 0007 1666684640466931 69.125 -68.5 2.9329712664373457 5 
0010 0009 1666684640468266 69.125 -64.0 2.767301341345697 5 
0010 0011 1666684640469448 104.125 -68.5 2.073942025221387 5 
0010 0012 1666684640470389 -43.125 -65.0 2.055534255766759 5 
0010 0001 1666684640472534 -130.1875 -70.5 1.7916895602504288 5 
0010 0009 1666684640570242 17.0625 -64.0 2.82252464970958 5 
0010 0006 1666684640571378 -8.9375 -60.5 4.528311285838413 5 
0010 0000 1666684640572279 113.0625 -69.0 0.22089323345553233 5 
0010 0015 1666684640574979 -21.9375 -62.0 1.3008157081270237 5 
0010 0011 1666684640577253 186.3125 -68.0 2.1537090261914402 5 
0010 0014 1666684640578432 -39.0 -60.0 0.5338253141842031 5 
0010 0003 1666684640579598 56.125 -67.0 4.681709364626977 5 
0010 0004 1666684640580522 -21.9375 -64.0 0.9265243958829272 5 
0010 0010 1666684640581379 -13.0 -67.0 1.0246991663076084 5 
0010 0007 1666684640583556 -26.0 -68.0 2.988194574801229 5 
0010 0001 1666684640584597 316.5 -71.0 1.2640001692177683 5 
0010 0012 1666684640585991 56.125 -65.5 2.012582793705961 5 
0010 0000 1666684640683400 -17.0625 -70.0 0.25157284921324513 5 
0010 0010 1666684640684825 -178.1875 -67.5 1.1658253987930873 5 
0010 0012 1666684640685979 -13.0 -65.0 2.055534255766759 5 
0010 0014 1666684640687653 -8.9375 -60.5 0.46019423636569234 5 
0010 0009 1666684640688778 56.125 -64.5 2.8532042654672924 5 
0010 0011 1666684640689777 69.125 -69.0 2.12916533358527 5 
0010 0001 1666684640690903 204.25 -70.5 1.3437671701878218 5 
0010 0007 1666684640694693 39.0 -67.5 2.9206994201342606 5 
0010 0004 1666684640696115 -30.0625 -63.5 0.9940195505498954 5 
0010 0003 1666684640699239 78.0625 -68.0 4.657165672020807 5 
0010 0015 1666684640700493 -17.0625 -63.0 1.4051264017032472 5 
0010 0006 1666684640701389 -33.3125 -60.5 4.522175362686871 5 
0010 0004 1666684640801200 -4.0625 -63.5 0.8406214717613314 5 
0010 0011 1666684640802399 147.25 -69.5 2.2089323345553233 5 
0010 0014 1666684640803786 0.0 -60.5 0.4908738521234052 5 
0010 0007 1666684640804718 -34.9375 -69.0 3.0250101137104846 5 
0010 0009 1666684640807342 -65.0625 -64.5 2.9206994201342606 5 
0010 0003 1666684640808237 48.0 -67.0 4.663301595172349 5 
0010 0001 1666684640809292 -243.3125 -72.5 1.8837284075235674 5 
0010 0006 1666684640810198 -28.4375 -60.0 4.552854978444583 5 
0010 0015 1666684640811354 48.0 -62.5 1.239456476611598 5 
0010 0000 1666684640812775 -48.0 -68.5 0.25157284921324513 5 
0010 0012 1666684640813683 0.0 -64.5 1.9512235621905356 5 
0010 0010 1666684640814715 30.0625 -66.5 0.8897088569736719 5 
0010 0001 1666684640912888 0.0 -72.0 1.4296700943094176 5 
0010 0006 1666684640915386 0.0 -60.5 4.466952054322987 5 
0010 0004 1666684640916768 17.0625 -63.5 0.8344855486097889 5 
0010 0003 1666684640917666 56.125 -68.5 4.675573441475434 5 
0010 0007 1666684640918836 30.0625 -68.5 2.84706834231575 5 
0010 0014 1666684640919746 -39.0 -60.5 0.4970097752749477 5 
0010 0011 1666684640920660 204.25 -68.5 2.061670178918302 5 
0010 0015 1666684640922053 -13.0 -62.0 1.325359400733194 5 
0010 0012 1666684640923464 -121.25 -64.5 2.110757564130642 5 
0010 0010 1666684640924744 74.0 -67.0 0.8774370106705868 5 
0010 0009 1666684640925627 30.0625 -64.0 2.748893571891069 5 
0010 0000 1666684640927018 4.0625 -69.0 0.14726215563702155 5 
0010 0009 1666684641026232 21.9375 -64.0 2.7550294950426117 5 
0010 0015 1666684641027897 61.0 -62.5 1.214912784005428 5 
0010 0007 1666684641029903 -4.0625 -67.0 2.7979809571034093 5 
0010 0000 1666684641031031 -34.9375 -68.0 0.11658253987930872 5 
0010 0004 1666684641032197 52.0625 -64.0 0.7547185476397354 5 
0010 0010 1666684641033321 48.0 -66.0 0.8344855486097889 5 
0010 0011 1666684641034490 169.25 -69.0 1.8714565612204823 5 
0010 0006 1666684641035652 -4.875 -59.5 4.460816131171445 5 
0010 0014 1666684641036552 -52.0625 -60.0 0.48473792897186263 5 
0010 0012 1666684641037521 17.0625 -65.0 1.9144080232812801 5 
0010 0001 1666684641039297 34.9375 -71.5 1.282407938672396 5 
0010 0003 1666684641040463 26.0 -66.5 4.595806440505381 5 
0010 0001 1666684641139648 43.125 -70.5 1.423534171157875 5 
0010 0014 1666684641141279 8.9375 -60.0 0.4172427743048944 5 
0010 0000 1666684641142476 -82.1875 -68.5 0.16566992509164924 5 
0010 0006 1666684641144112 -38.1875 -60.5 4.473087977474529 5 
0010 0015 1666684641145067 -30.0625 -62.5 1.325359400733194 5 
0010 0012 1666684641145938 -43.125 -65.0 1.9266798695843652 5 
0010 0011 1666684641147804 -269.3125 -69.5 2.399145952253143 5 
0010 0003 1666684641149179 26.0 -67.5 4.558990901596125 5 
0010 0004 1666684641151057 82.1875 -63.5 0.6565437772150544 5 
0010 0007 1666684641152212 78.0625 -67.5 2.8409324191642074 5 
0010 0009 1666684641153846 -26.0 -63.5 2.7979809571034093 5 
0010 0010 1666684641157751 -8.9375 -67.0 0.8713010875190442 5 
0010 0014 1666684641256590 4.0625 -60.0 0.4540583132141498 5 
0010 0007 1666684641257548 -61.0 -67.0 2.7120780329818137 5 
0010 0000 1666684641258739 0.0 -69.5 0.02454369260617026 5 
0010 0010 1666684641260410 126.125 -67.0 0.6872233929727672 5 
0010 0011 1666684641263365 43.125 -68.5 2.055534255766759 5 
0010 0004 1666684641264616 -8.9375 -63.5 0.760854470791278 5 
0010 0003 1666684641265583 17.0625 -67.0 4.558990901596125 5 
0010 0001 1666684641266765 173.3125 -70.5 1.0983302441261191 5 
0010 0015 1666684641267948 -52.0625 -62.0 1.3130875544301088 5 
0010 0006 1666684641268798 -61.0 -60.5 4.528311285838413 5 
0010 0012 1666684641269711 -17.0625 -65.5 1.88986433067511 5 
0010 0009 1666684641270750 61.0 -63.0 2.7120780329818137 5 
0010 0009 1666684641368854 26.0 -63.5 2.7550294950426117 5 
0010 0004 1666684641370273 -4.0625 -64.0 0.7669903939428205 5 
0010 0010 1666684641372536 -69.125 -66.5 0.9203884727313847 5 
0010 0007 1666684641373435 39.0 -67.5 2.6261751088602177 5 
0010 0015 1666684641375085 56.125 -62.0 1.1903690913992575 5 
0010 0014 1666684641376025 -43.125 -60.5 0.48473792897186263 5 
0010 0006 1666684641376935 -65.0625 -60.0 4.491495746929157 5 
0010 0011 1666684641377834 -152.125 -69.5 2.2948352586769194 5 
0010 0000 1666684641378759 -82.1875 -69.0 0.1902136176978195 5 
0010 0003 1666684641380433 -34.9375 -68.5 4.663301595172349 5 
0010 0012 1666684641382199 26.0 -65.0 1.8960002538266525 5 
0010 0001 1666684641383993 221.3125 -70.5 1.1106020904292042 5 
0010 0003 1666684641483586 -26.0 -67.0 4.595806440505381 5 
0010 0007 1666684641484501 95.1875 -67.5 2.6875343403756435 5 
0010 0010 1666684641485921 74.0 -66.5 0.8160777791551611 5 
0010 0000 1666684641487087 -4.0625 -70.0 0.14112623248547898 5 
0010 0012 1666684641488752 34.9375 -65.5 1.8100973297050567 5 
0010 0006 1666684641490352 9.75 -60.5 4.454680208019902 5 
0010 0009 1666684641491281 43.125 -63.5 2.7550294950426117 5 
0010 0004 1666684641492798 0.0 -64.0 0.7731263170943632 5 
0010 0011 1666684641494044 -204.25 -68.5 2.3193789512830896 5 
0010 0014 1666684641495418 8.9375 -60.0 0.4172427743048944 5 
0010 0001 1666684641496473 13.0 -71.0 1.2885438618239387 5 
0010 0015 1666684641497345 -30.0625 -62.5 1.3130875544301088 5 
0010 0007 1666684641595338 26.0 -67.5 2.8102528034064944 5 
0010 0001 1666684641596335 -39.0 -71.0 1.2946797849754812 5 
0010 0011 1666684641598056 165.1875 -69.5 1.902136176978195 5 
0010 0012 1666684641599195 -17.0625 -65.5 1.8837284075235674 5 
0010 0010 1666684641601074 108.1875 -67.0 0.6749515466696822 5 
0010 0009 1666684641601971 -52.0625 -63.5 2.8532042654672924 5 
0010 0003 1666684641602852 56.125 -66.5 4.577398671050753 5 
0010 0015 1666684641605158 65.0625 -62.0 1.2210487071569704 5 
0010 0014 1666684641606463 -8.9375 -60.0 0.4540583132141498 5 
0010 0006 1666684641607388 -9.75 -60.0 4.381049130201391 5 
0010 0004 1666684641608300 26.0 -63.0 0.7424467013366504 5 
0010 0000 1666684641609595 -126.125 -69.0 0.2454369260617026 5 
0010 0014 1666684641707563 4.0625 -60.5 0.44178646691106466 5 
0010 0000 1666684641708458 0.0 -70.0 0.09817477042468103 5 
0010 0009 1666684641709360 134.25 -63.5 2.6261751088602177 5 
0010 0006 1666684641711188 48.0 -60.0 4.3933209765044765 5 
0010 0010 1666684641712088 -130.1875 -67.5 0.9878836273983529 5 
0010 0012 1666684641713214 117.125 -65.0 1.6996507129772904 5 
0010 0011 1666684641714594 52.0625 -68.5 2.0493983326152168 5 
0010 0015 1666684641715520 82.1875 -62.0 1.214912784005428 5 
0010 0004 1666684641718783 -26.0 -63.5 0.8099418560036186 5 
0010 0007 1666684641721285 117.125 -68.0 2.7120780329818137 5 
0010 0001 1666684641723740 13.0 -71.5 1.4296700943094176 5 
0010 0003 1666684641724765 -43.125 -66.5 4.601942363656923 5 
0010 0000 1666684641823372 34.9375 -69.0 0.018407769454627694 5 
0010 0014 1666684641825247 -4.0625 -60.0 0.4295146206079795 5 
0010 0003 1666684641827764 61.0 -67.5 4.454680208019902 5 
0010 0012 1666684641829526 -56.125 -65.5 1.932815792735908 5 
0010 0004 1666684641830552 -17.0625 -64.0 0.760854470791278 5 
0010 0015 1666684641831422 26.0 -62.0 1.2517283229146832 5 
0010 0006 1666684641832346 -66.6875 -60.5 4.479223900626073 5 
0010 0010 1666684641833217 -39.0 -67.5 0.9142525495798421 5 
0010 0007 1666684641834229 13.0 -67.5 2.8409324191642074 5 
0010 0009 1666684641835156 52.0625 -63.5 2.705942109830271 5 
0010 0011 1666684641836199 221.3125 -69.5 1.9082721001297376 5 
0010 0001 1666684641837222 -113.0625 -71.5 1.2517283229146832 5 
0010 0004 1666684641934863 21.9375 -64.0 0.7547185476397354 5 
0010 0010 1666684641935792 34.9375 -67.0 0.8160777791551611 5 
0010 0009 1666684641936943 26.0 -64.0 2.693670263527186 5 
0010 0015 1666684641938293 4.0625 -61.5 1.2578642460662257 5 
0010 0007 1666684641939266 -117.125 -67.5 2.890019804376548 5 
0010 0012 1666684641940635 52.0625 -65.0 1.7671458676442586 5 
0010 0006 1666684641942254 -169.25 -60.5 4.595806440505381 5 
0010 0014 1666684641944154 4.0625 -59.5 0.42337869745643697 5 
0010 0011 1666684641945764 -30.0625 -68.5 2.3009711818284617 5 
0010 0003 1666684641947412 143.1875 -67.0 4.3933209765044765 5 
0010 0000 1666684641949218 65.0625 -69.5 0.04295146206079795 5 
0010 0001 1666684641950950 -4.0625 -71.0 1.4910293258248433 5 
0010 0001 1666684642050000 -165.1875 -70.5 1.7303303287350031 5 
0010 0004 1666684642051151 48.0 -63.5 0.7485826244881929 5 
0010 0011 1666684642053044 247.375 -69.0 1.945087639038993 5 
0010 0015 1666684642054214 95.1875 -62.5 1.2517283229146832 5 
0010 0009 1666684642055561 8.9375 -64.0 2.6445828783148455 5 
0010 0012 1666684642056690 -52.0625 -65.5 1.9941750242513334 5 
0010 0007 1666684642057887 134.25 -68.5 2.662990647769473 5 
0010 0014 1666684642058810 13.0 -60.5 0.4479223900626072 5 
0010 0000 1666684642060717 -212.375 -69.0 0.3313398501832985 5 
0010 0006 1666684642062814 -14.625 -60.5 4.479223900626073 5 
0010 0003 1666684642065909 -13.0 -66.5 4.626486056263094 5 
0010 0010 1666684642067078 21.9375 -67.5 0.8406214717613314 5 
0010 0010 1666684642185033 26.0 -66.5 0.8835729338221293 5 
0010 0009 1666684642187277 87.0625 -64.0 2.6998061866787286 5 
0010 0001 1666684642188187 -69.125 -70.5 1.5155730184310134 5 
0010 0004 1666684642189339 -48.0 -63.5 0.7547185476397354 5 
0010 0011 1666684642190732 165.1875 -69.5 1.8837284075235674 5 
0010 0012 1666684642191686 8.9375 -66.0 1.859184714917397 5 
0010 0006 1666684642192624 9.75 -60.0 4.466952054322987 5 
0010 0014 1666684642193762 -13.0 -60.5 0.4295146206079795 5 
0010 0015 1666684642194676 30.0625 -62.0 1.2640001692177683 5 
0010 0007 1666684642195786 21.9375 -67.0 2.816388726558037 5 
0010 0003 1666684642196753 -8.9375 -67.0 4.657165672020807 5 
0010 0000 1666684642198702 30.0625 -68.0 6.2034183062095325 5 
0010 0006 1666684642298554 -38.1875 -60.5 4.509903516383785 5 
0010 0009 1666684642300072 21.9375 -63.5 2.748893571891069 5 
0010 0015 1666684642301709 17.0625 -62.0 1.3069516312785663 5 
0010 0004 1666684642302593 26.0 -64.0 0.705631162427395 5 
0010 0001 1666684642303725 0.0 -71.0 1.533980787885641 5 
0010 0007 1666684642304613 82.1875 -67.5 2.7979809571034093 5 
0010 0012 1666684642306249 178.1875 -66.0 1.705786636128833 5 
0010 0010 1666684642307219 -230.25 -68.0 1.214912784005428 5 
0010 0014 1666684642308340 -17.0625 -59.5 0.4970097752749477 5 
0010 0000 1666684642309636 -69.125 -68.5 0.23930100291016002 5 
0010 0011 1666684642310762 117.125 -69.0 2.1046216409791 5 
0010 0003 1666684642311670 13.0 -67.5 4.6878452877785195 5 
0010 0008 1666684642386034 4.1875 -72.0 6.013204688511713 5 
0010 0000 1666684642417519 -56.125 -69.0 0.19634954084936207 5 
0010 0012 1666684642419873 56.125 -65.5 1.9634954084936207 5 
0010 0003 1666684642421677 26.0 -68.0 4.73693267299086 5 
0010 0009 1666684642423904 43.125 -64.0 2.7550294950426117 5 
0010 0015 1666684642424814 8.9375 -62.5 1.2946797849754812 5 
0010 0010 1666684642426012 -34.9375 -67.0 0.8713010875190442 5 
0010 0004 1666684642427137 -65.0625 -63.5 0.8406214717613314 5 
0010 0014 1666684642428685 -21.9375 -60.5 0.4663301595172349 5 
0010 0006 1666684642429640 -34.9375 -60.5 4.485359823777615 5 
0010 0007 1666684642432052 121.25 -68.5 2.82252464970958 5 
0010 0011 1666684642436385 -56.125 -69.5 2.0493983326152168 5 
0010 0001 1666684642437467 -126.125 -71.5 1.7119225592803755 5 
0010 0008 1666684642511283 8.5625 -72.0 5.915029918087033 5 
0010 0006 1666684642540679 -4.875 -60.0 4.448544284868359 5 
0010 0014 1666684642542059 13.0 -60.5 0.4479223900626072 5 
0010 0007 1666684642542976 -100.0625 -68.0 3.141592653589793 5 
0010 0010 1666684642543861 -134.25 -66.0 1.1658253987930873 5 
0010 0001 1666684642545479 -95.1875 -70.5 1.607611865704152 5 
0010 0000 1666684642546404 21.9375 -69.5 0.18407769454627693 5 
0010 0011 1666684642547333 130.1875 -69.0 2.110757564130642 5 
0010 0009 1666684642548738 56.125 -64.0 2.7979809571034093 5 
0010 0015 1666684642550814 82.1875 -62.5 1.1965050145508 5 
0010 0004 1666684642551947 0.0 -63.0 0.7179030087304801 5 
0010 0012 1666684642553307 104.125 -65.5 1.7794177139473437 5 
0010 0003 1666684642558231 -34.9375 -67.5 4.822835597112456 5 
0010 0008 1666684642678873 4.6875 -72.0 6.074563920027139 5 
0010 0003 1666684642728344 30.0625 -67.5 4.632621979414636 5 
0010 0009 1666684642729343 117.125 -63.5 2.5893595699509624 5 
0010 0012 1666684642730979 13.0 -66.0 1.8653206380689396 5 
0010 0004 1666684642732370 -8.9375 -63.5 0.7240389318820226 5 
0010 0000 1666684642733268 69.125 -68.0 0.25770877236478773 5 
0010 0014 1666684642734659 -4.0625 -60.0 0.4479223900626072 5 
0010 0011 1666684642737512 -191.1875 -69.0 2.2580197197676637 5 
0010 0015 1666684642738336 8.9375 -62.0 1.3192234775816514 5 
0010 0010 1666684642739705 69.125 -66.5 0.7915340865489908 5 
0010 0006 1666684642741380 -66.6875 -60.0 4.577398671050753 5 
0010 0007 1666684642742986 8.9375 -68.0 2.9820586516496865 5 
0010 0001 1666684642747956 -225.375 -71.0 1.521708941582556 5 
