0010 0012 1666684971375483 -121.25 -67.5 4.767612288748572 6 
0010 0006 1666684971377066 0.0 -70.5 0.6749515466696822 6 
0010 0005 1666684971378608 -8.9375 -71.0 2.8777479580734626 6 
0010 0015 1666684971379991 -52.0625 -61.5 2.9145634969827183 6 
0010 0003 1666684971381325 78.0625 -68.5 0.4295146206079795 6 
0010 0014 1666684971382278 -17.0625 -59.0 3.0066023442558567 6 
0010 0008 1666684971383517 -139.125 -69.0 4.3933209765044765 6 
0010 0007 1666684971385977 -65.0625 -66.0 0.34974761963792617 6 
0010 0012 1666684971484768 30.0625 -67.5 4.853515212870168 6 
0010 0003 1666684971485889 74.0 -67.5 0.4663301595172349 6 
0010 0008 1666684971487026 -91.125 -70.0 4.374913207049849 6 
0010 0015 1666684971489300 -69.125 -61.0 2.9206994201342606 6 
0010 0014 1666684971490490 4.0625 -59.0 2.9820586516496865 6 
0010 0006 1666684971493246 -28.4375 -69.5 0.5522330836388308 6 
0010 0007 1666684971494798 8.9375 -67.0 0.25157284921324513 6 
0010 0005 1666684971496448 56.125 -71.0 2.6875343403756435 6 
0010 0007 1666684971593087 104.125 -67.0 0.09203884727313846 6 
0010 0015 1666684971594281 8.9375 -61.5 2.773437264497239 6 
0010 0014 1666684971596513 -56.125 -59.0 3.06182565261974 6 
0010 0008 1666684971597452 -100.0625 -69.0 4.356505437595221 6 
0010 0006 1666684971599117 345.8125 -70.5 0.20248546400090464 6 
0010 0012 1666684971600030 -247.375 -67.0 5.154175447295755 6 
0010 0003 1666684971602864 52.0625 -69.5 0.5276893910326605 6 
0010 0005 1666684971607451 -126.125 -70.0 2.9145634969827183 6 
0010 0003 1666684971705433 -56.125 -69.5 0.4908738521234052 6 
0010 0014 1666684971706358 -87.0625 -59.0 3.0925052683774528 6 
0010 0015 1666684971708635 -30.0625 -61.5 2.8286605728611223 6 
0010 0012 1666684971711288 -8.9375 -67.5 4.884194828627882 6 
0010 0007 1666684971713925 -65.0625 -67.0 0.25157284921324513 6 
0010 0006 1666684971717279 56.125 -69.5 0.619728238305799 6 
0010 0005 1666684971721210 221.3125 -69.5 2.650718801466388 6 
0010 0008 1666684971738541 5.625 -71.0 1.0185632431560658 6 
0010 0012 1666684971822360 -78.0625 -67.5 4.896466674930966 6 
0010 0006 1666684971824022 121.25 -70.0 0.4356505437595221 6 
0010 0007 1666684971828020 52.0625 -66.5 0.0674951546669682 6 
0010 0014 1666684971829764 -8.9375 -59.0 2.9759227284981438 6 
0010 0015 1666684971830781 43.125 -62.5 2.767301341345697 6 
0010 0005 1666684971832622 39.0 -70.5 2.84706834231575 6 
0010 0003 1666684971834091 0.0 -69.0 0.5583690067903734 6 
0010 0008 1666684971851758 6.5 -71.0 1.0615147052168636 6 
0010 0006 1666684971937822 -61.8125 -69.0 0.6258641614573416 6 
0010 0005 1666684971938991 48.0 -70.5 2.730485802436441 6 
0010 0012 1666684971940669 21.9375 -67.0 4.890330751779424 6 
0010 0015 1666684971942318 17.0625 -61.0 2.779573187648782 6 
0010 0014 1666684971945270 -4.0625 -59.5 3.0250101137104846 6 
0010 0007 1666684971946856 104.125 -66.5 0.0859029241215959 6 
0010 0003 1666684971950167 -28.4375 -69.5 0.5890486225480862 6 
0010 0008 1666684971976779 4.875 -71.5 4.227651051412827 6 
0010 0014 1666684972055072 -17.0625 -59.5 2.9697868053466014 6 
0010 0003 1666684972057714 273.375 -68.5 0.30679615757712825 6 
0010 0015 1666684972058806 -21.9375 -61.5 2.8409324191642074 6 
0010 0012 1666684972060871 -117.125 -66.5 4.890330751779424 6 
0010 0007 1666684972061827 69.125 -67.5 0.07363107781851078 6 
0010 0006 1666684972062724 137.5 -69.0 0.4970097752749477 6 
0010 0005 1666684972063662 -4.0625 -71.5 2.859340188618835 6 
0010 0008 1666684972089250 -10.5 -71.0 4.23378697456437 6 
0010 0006 1666684972330827 174.9375 -69.5 0.4111068511533518 6 
0010 0012 1666684972332104 0.0 -67.5 4.773748211900116 6 
0010 0003 1666684972334126 95.1875 -69.0 0.5154175447295755 6 
0010 0014 1666684972335276 8.9375 -59.0 2.9513790358919736 6 
0010 0015 1666684972337590 -39.0 -61.0 2.8532042654672924 6 
0010 0007 1666684972339140 -13.0 -67.5 0.02454369260617026 6 
0010 0005 1666684972340637 -87.0625 -71.5 3.0372819600135696 6 
0010 0008 1666684972359834 2.4375 -71.5 4.0558452031696355 6 
0010 0014 1666684972443457 30.0625 -59.5 2.9391071895888885 6 
0010 0003 1666684972445756 -4.875 -67.5 0.521553467881118 6 
0010 0015 1666684972447027 26.0 -61.5 2.748893571891069 6 
0010 0007 1666684972448420 13.0 -67.5 6.191146459906448 6 
0010 0006 1666684972449473 42.3125 -69.0 0.6135923151542565 6 
0010 0005 1666684972452012 -238.4375 -72.0 3.104777114680538 6 
0010 0012 1666684972453249 -100.0625 -68.0 4.828971520263998 6 
0010 0008 1666684972469928 0.75 -71.5 0.9572040116406401 6 
0010 0002 1666684972508958 -12.8125 -79.5 3.810408277107933 6 
0010 0003 1666684972566871 152.125 -69.5 0.3988350048502667 6 
0010 0015 1666684972568450 52.0625 -61.5 2.791845033951867 6 
0010 0012 1666684972569917 -30.0625 -68.0 4.804427827657828 6 
0010 0007 1666684972571088 52.0625 -67.0 6.264777537724958 6 
0010 0005 1666684972572511 -61.0 -72.0 2.791845033951867 6 
0010 0014 1666684972573407 -21.9375 -59.0 2.988194574801229 6 
0010 0006 1666684972576171 -56.9375 -69.5 0.6810874698212247 6 
0010 0008 1666684972600625 17.0625 -72.0 4.147884050442774 6 
0010 0012 1666684972700401 17.0625 -68.5 4.828971520263998 6 
0010 0015 1666684972702183 -48.0 -61.5 2.9145634969827183 6 
0010 0014 1666684972703559 -17.0625 -59.0 3.000466421104314 6 
0010 0007 1666684972704714 39.0 -67.0 0.02454369260617026 6 
0010 0006 1666684972705598 -61.0 -69.0 0.705631162427395 6 
0010 0005 1666684972710005 39.0 -69.5 2.662990647769473 6 
0010 0003 1666684972711783 169.25 -68.5 0.42337869745643697 6 
0010 0008 1666684972732669 15.375 -71.5 4.172427743048944 6 
0010 0015 1666684972816319 139.125 -61.5 2.6200391857086753 6 
0010 0007 1666684972817800 48.0 -67.5 6.135923151542564 6 
0010 0014 1666684972819178 -39.0 -59.5 3.06182565261974 6 
0010 0012 1666684972820603 -21.9375 -67.5 4.816699673960914 6 
0010 0003 1666684972824066 -56.125 -69.0 0.6504078540635119 6 
0010 0006 1666684972831047 179.8125 -68.5 0.5276893910326605 6 
0010 0005 1666684972832614 -78.0625 -70.5 2.9084275738311756 6 
0010 0008 1666684972851432 14.625 -72.0 1.0615147052168636 6 
0010 0006 1666684973108305 251.4375 -69.0 0.4663301595172349 6 
0010 0012 1666684973110806 -165.1875 -67.0 5.0682725231741586 6 
0010 0015 1666684973112087 -17.0625 -62.0 2.816388726558037 6 
0010 0014 1666684973114821 17.0625 -59.5 2.9820586516496865 6 
0010 0007 1666684973116333 -52.0625 -68.0 0.06135923151542565 6 
0010 0003 1666684973117243 39.0 -69.0 0.5154175447295755 6 
0010 0005 1666684973118642 -221.3125 -70.0 3.043417883165112 6 
0010 0008 1666684973137734 12.9375 -71.5 1.0676506283684062 6 
0010 0007 1666684973229388 52.0625 -67.5 6.234097921967246 6 
0010 0015 1666684973230897 -4.0625 -62.0 2.804116880254952 6 
0010 0014 1666684973232117 21.9375 -59.5 2.9513790358919736 6 
0010 0006 1666684973235415 -42.3125 -71.0 0.7792622402459057 6 
0010 0012 1666684973237829 152.125 -68.0 4.7307967498393175 6 
0010 0003 1666684973239667 48.0 -69.0 0.5031456984264903 6 
0010 0005 1666684973241854 238.4375 -71.0 2.4911847995262812 6 
0010 0008 1666684973261645 -5.625 -72.0 4.325825821837508 6 
0010 0002 1666684973291946 -10.1875 -79.0 0.9817477042468103 6 
0010 0006 1666684973350848 94.375 -70.0 0.7179030087304801 6 
0010 0007 1666684973352666 182.25 -67.5 6.031612457966341 6 
0010 0005 1666684973354444 -117.125 -69.5 2.767301341345697 6 
0010 0003 1666684973355338 -69.125 -68.5 0.6320000846088841 6 
0010 0012 1666684973357644 -48.0 -67.0 4.963961829597935 6 
0010 0015 1666684973358912 4.0625 -61.5 2.7550294950426117 6 
0010 0014 1666684973361251 65.0625 -59.0 2.9145634969827183 6 
0010 0008 1666684973386415 5.625 -71.5 4.313553975534423 6 
0010 0002 1666684973417450 -21.625 -78.5 4.086524818927348 6 
0010 0012 1666684973476605 21.9375 -67.0 4.859651136021712 6 
0010 0014 1666684973479089 4.0625 -59.5 2.945243112740431 6 
0010 0006 1666684973479987 118.75 -68.5 0.6135923151542565 6 
0010 0007 1666684973481593 82.1875 -67.5 6.1850105367549055 6 
0010 0003 1666684973483224 21.9375 -68.0 0.4724660826687775 6 
0010 0015 1666684973484392 -43.125 -61.5 2.8286605728611223 6 
0010 0005 1666684973485504 273.375 -72.0 2.2580197197676637 6 
0010 0008 1666684973510806 4.875 -72.0 1.0615147052168636 6 
0010 0002 1666684973548537 4.25 -79.0 3.9944859716542096 6 
0010 0014 1666684973604011 -13.0 -59.0 3.000466421104314 6 
0010 0003 1666684973604906 17.0625 -69.0 0.4908738521234052 6 
0010 0015 1666684973606301 -39.0 -61.5 2.8532042654672924 6 
0010 0007 1666684973607482 4.0625 -67.0 6.215690152512618 6 
0010 0005 1666684973608909 -34.9375 -71.0 2.779573187648782 6 
0010 0012 1666684973609793 -43.125 -68.0 4.828971520263998 6 
0010 0006 1666684973612265 198.5625 -70.5 0.5338253141842031 6 
0010 0008 1666684973644491 3.1875 -71.5 4.2031073588066565 6 
0010 0002 1666684973672385 -19.0625 -79.5 4.184699589352029 6 
0010 0003 1666684973731219 30.0625 -69.5 0.4970097752749477 6 
0010 0007 1666684973732133 -108.1875 -67.0 6.277049384028044 6 
0010 0005 1666684973733996 -26.0 -70.0 2.804116880254952 6 
0010 0006 1666684973735373 66.6875 -70.0 0.607456392002714 6 
0010 0015 1666684973736968 -78.0625 -62.0 2.859340188618835 6 
0010 0014 1666684973738131 4.0625 -59.5 2.9513790358919736 6 
0010 0012 1666684973745649 -126.125 -67.5 5.019185137961818 6 
0010 0008 1666684973762761 9.0 -71.5 1.0676506283684062 6 
0010 0002 1666684973773065 -23.625 -78.5 0.8406214717613314 6 
0010 0003 1666684973850368 52.0625 -68.5 0.7792622402459057 6 
0010 0006 1666684973851759 -170.875 -68.0 0.6933593161243098 6 
0010 0015 1666684973852942 -34.9375 -61.5 2.816388726558037 6 
0010 0012 1666684973854559 0.0 -66.5 4.822835597112456 6 
0010 0014 1666684973858741 -4.0625 -59.5 2.9513790358919736 6 
0010 0005 1666684973859911 65.0625 -68.5 2.6016314162540475 6 
0010 0007 1666684973861773 87.0625 -68.5 6.240233845118788 6 
0010 0008 1666684973863055 -113.0625 -70.5 4.601942363656923 6 
0010 0002 1666684973887547 26.8125 -78.0 0.9756117810952678 6 
0010 0011 1666684973891097 -0.75 -73.5 0.521553467881118 6 
0010 0001 1666684973918378 8.5 -74.5 5.21553467881118 6 
0010 0001 1666684973974486 87.0625 -67.0 3.472932503773092 6 
0010 0003 1666684973975511 -17.0625 -69.0 2.8102528034064944 6 
0010 0011 1666684973976638 74.0 -68.5 0.5890486225480862 6 
0010 0012 1666684973977553 -117.125 -65.5 5.166447293598839 6 
0010 0015 1666684973979173 -43.125 -62.0 3.0802334220743677 6 
0010 0005 1666684973980296 43.125 -65.0 2.435961491162398 6 
0010 0014 1666684973981150 43.125 -61.0 3.0802334220743677 6 
0010 0007 1666684973986045 4.0625 -73.0 1.0246991663076084 6 
0010 0009 1666684974025028 1.625 -72.0 5.3198453723874035 6 
0010 0002 1666684974027749 3.1875 -76.0 3.227495577711389 6 
0010 0006 1666684974101612 4.375 -73.0 0.1043106935762236 6 
0010 0001 1666684974116503 -69.125 -67.5 4.06811704947272 6 
0010 0006 1666684974117852 18.6875 -68.5 0.6320000846088841 6 
0010 0011 1666684974119873 61.0 -63.5 1.1535535524900022 6 
0010 0005 1666684974120815 -17.0625 -68.5 2.5954954931025047 6 
0010 0008 1666684974122478 -61.0 -62.0 4.7860200582032 6 
0010 0012 1666684974123860 65.0625 -66.0 5.485515297479052 6 
0010 0000 1666684974125066 13.0 -55.5 2.1046216409791 6 
0010 0015 1666684974126786 39.0 -59.0 2.9513790358919736 6 
0010 0002 1666684974127840 -48.0 -70.5 4.196971435655114 6 
0010 0004 1666684974129910 -30.0625 -61.0 3.8963112012295285 6 
0010 0014 1666684974130791 -13.0 -59.0 3.1968159619536762 6 
0010 0003 1666684974132454 165.1875 -66.5 4.338097668140593 6 
0010 0007 1666684974136141 -230.25 -68.5 5.295301679781233 6 
0010 0009 1666684974137178 61.0 -69.5 0.6872233929727672 6 
0010 0010 1666684974152770 -1.625 -73.0 5.086680292628786 6 
0010 0013 1666684974164211 2.4375 -73.0 5.688000761479957 6 
0010 0000 1666684974242090 0.0 -66.0 1.0246991663076084 6 
0010 0007 1666684974243277 -30.0625 -63.0 0.6872233929727672 6 
0010 0005 1666684974244191 243.3125 -67.0 0.34974761963792617 6 
0010 0014 1666684974245353 8.9375 -60.5 3.11091303783208 6 
0010 0015 1666684974248485 -26.0 -59.0 2.9084275738311756 6 
0010 0012 1666684974249610 -69.125 -67.0 6.007068765360171 6 
0010 0006 1666684974250760 38.1875 -60.0 1.7426021750380885 6 
0010 0008 1666684974253074 -30.0625 -59.0 1.8223691760081417 6 
0010 0010 1666684974254694 48.0 -61.0 0.6442719309119693 6 
0010 0004 1666684974256057 -61.0 -60.0 4.061981126321178 6 
0010 0013 1666684974257384 91.125 -67.0 5.724816300389213 6 
0010 0001 1666684974261466 30.0625 -69.0 2.767301341345697 6 
0010 0003 1666684974269441 6.5 -70.0 4.580466632626525 6 
0010 0002 1666684974288960 17.8125 -77.5 1.7241944055834606 6 
0010 0010 1666684974363237 21.9375 -55.0 2.6445828783148455 6 
0010 0014 1666684974364573 -30.0625 -61.5 3.2520392703175593 6 
0010 0012 1666684974365472 56.125 -66.5 0.1227184630308513 6 
0010 0011 1666684974367188 91.125 -66.5 1.9205439464328227 6 
0010 0003 1666684974368863 -39.0 -66.5 0.44178646691106466 6 
0010 0008 1666684974371350 -43.125 -60.5 5.516194913236766 6 
0010 0006 1666684974372707 -99.25 -63.5 2.442097414313941 6 
0010 0007 1666684974373605 -26.0 -62.0 2.4911847995262812 6 
0010 0013 1666684974375948 -48.0 -64.0 6.277049384028044 6 
0010 0015 1666684974378390 34.9375 -59.5 2.9636508821950587 6 
0010 0004 1666684974414327 7.3125 -74.0 0.35588354278946877 6 
0010 0002 1666684974429714 4.0625 -79.0 0.7792622402459057 6 
0010 0005 1666684974489606 1.0625 -75.0 1.0983302441261191 6 
0010 0014 1666684974510359 21.9375 -61.5 3.32567034813607 6 
0010 0010 1666684974511242 -21.9375 -55.5 5.485515297479052 6 
0010 0011 1666684974513716 -91.125 -65.5 4.601942363656923 6 
0010 0004 1666684974514700 78.0625 -66.0 1.2333205534600555 6 
0010 0008 1666684974516058 0.0 -55.5 0.17794177139473438 6 
0010 0013 1666684974517220 39.0 -62.0 2.061670178918302 6 
0010 0015 1666684974518598 13.0 -61.0 3.172272269347506 6 
0010 0005 1666684974519780 43.125 -70.0 4.252194744018997 6 
0010 0007 1666684974521159 -8.9375 -66.0 3.8840393549264434 6 
0010 0003 1666684974524187 -56.125 -68.5 4.565126824747668 6 
0010 0012 1666684974525087 74.0 -65.5 1.0492428589137786 6 
0010 0002 1666684974551125 32.5 -76.0 5.31064148766009 6 
0010 0005 1666684974639919 21.9375 -62.0 3.724505352986337 6 
0010 0004 1666684974641072 56.125 -64.5 1.1228739367322893 6 
0010 0014 1666684974641920 0.0 -61.0 3.497476196379262 6 
0010 0012 1666684974643377 -61.0 -63.0 1.7548740213411735 6 
0010 0007 1666684974647113 43.125 -66.5 4.448544284868359 6 
0010 0003 1666684974648036 -82.1875 -68.5 3.8840393549264434 6 
0010 0010 1666684974649158 -4.0625 -54.0 0.8958447801252144 6 
0010 0015 1666684974650794 -8.9375 -61.5 3.393165502803038 6 
0010 0001 1666684974651664 61.0 -66.0 2.423689644859313 6 
0010 0011 1666684974653851 8.9375 -64.5 0.35588354278946877 6 
0010 0013 1666684974655337 113.0625 -71.5 0.662679700366597 6 
0010 0002 1666684974657431 -4.0625 -72.0 1.6198837120072371 6 
0010 0010 1666684974755283 -34.9375 -56.0 1.705786636128833 6 
0010 0015 1666684974756793 -95.1875 -63.0 3.423845118560751 6 
0010 0012 1666684974757947 13.0 -64.0 2.2334760271614935 6 
0010 0007 1666684974759130 -17.0625 -66.5 5.105088062083414 6 
0010 0014 1666684974760311 -4.0625 -61.0 3.4054373491061236 6 
0010 0003 1666684974761437 74.0 -68.0 3.3379421944391554 6 
0010 0005 1666684974762333 -8.9375 -60.5 3.380893656499953 6 
0010 0004 1666684974763969 69.125 -65.0 1.3499030933393643 6 
0010 0011 1666684974764864 0.0 -63.0 1.4603497100671303 6 
0010 0013 1666684974766366 -91.125 -64.0 2.270291566070749 6 
0010 0001 1666684974767263 -95.1875 -67.5 0.859029241215959 6 
0010 0002 1666684974768641 -95.1875 -71.0 1.2578642460662257 6 
0010 0014 1666684974867409 -74.0 -62.0 3.5342917352885173 6 
0010 0013 1666684974868354 -52.0625 -63.5 2.4911847995262812 6 
0010 0011 1666684974870246 -39.0 -63.0 2.116893487282185 6 
0010 0007 1666684974871358 -74.0 -67.0 5.872078456026235 6 
0010 0001 1666684974872521 -8.9375 -69.0 5.651185222570702 6 
0010 0010 1666684974873888 30.0625 -57.0 1.8039614065535141 6 
0010 0004 1666684974874799 -17.0625 -65.0 1.6812429435226628 6 
0010 0002 1666684974877454 13.0 -69.0 0.9572040116406401 6 
0010 0005 1666684974878592 4.0625 -59.5 3.2459033471660166 6 
0010 0003 1666684974879745 39.0 -67.5 3.1784081924990484 6 
0010 0012 1666684974880958 52.0625 -64.0 2.6200391857086753 6 
0010 0015 1666684974883658 -13.0 -63.5 3.423845118560751 6 
0010 0014 1666684974983651 -43.125 -61.5 3.466796580621549 6 
0010 0011 1666684974984791 39.0 -62.5 2.2764274892222915 6 
0010 0005 1666684974988183 -48.0 -60.0 3.2643111166206444 6 
0010 0012 1666684974989279 -21.9375 -64.0 2.8961557275280905 6 
0010 0003 1666684974990715 -52.0625 -67.5 3.043417883165112 6 
0010 0007 1666684974991596 13.0 -65.0 0.1349903093339364 6 
0010 0013 1666684974992455 13.0 -63.5 2.4911847995262812 6 
0010 0004 1666684974993482 -121.25 -63.5 2.073942025221387 6 
0010 0010 1666684974994648 30.0625 -58.0 1.902136176978195 6 
0010 0015 1666684974997045 8.9375 -64.5 3.4054373491061236 6 
0010 0002 1666684974998721 121.25 -67.5 0.7915340865489908 6 
0010 0012 1666684975107345 -52.0625 -64.5 3.3870295796514958 6 
0010 0011 1666684975109081 -26.0 -61.0 3.043417883165112 6 
0010 0007 1666684975109992 -21.9375 -64.5 0.5338253141842031 6 
0010 0010 1666684975110861 17.0625 -58.5 2.3071071049800045 6 
0010 0004 1666684975111773 -39.0 -64.0 2.356194490192345 6 
0010 0002 1666684975112682 -87.0625 -69.0 0.859029241215959 6 
0010 0013 1666684975114276 26.0 -63.0 2.9820586516496865 6 
0010 0005 1666684975115429 -34.9375 -59.5 3.2213596545598464 6 
0010 0014 1666684975116641 -52.0625 -62.0 3.2888548092268146 6 
0010 0003 1666684975117802 4.0625 -67.0 3.1231848841351653 6 
0010 0015 1666684975120447 13.0 -65.5 3.5281558121369745 6 
0010 0007 1666684975219375 -13.0 -63.0 0.6810874698212247 6 
0010 0014 1666684975220628 26.0 -61.5 3.3011266555298997 6 
0010 0004 1666684975221509 -69.125 -64.5 2.356194490192345 6 
0010 0003 1666684975222928 -13.0 -65.5 2.9697868053466014 6 
0010 0013 1666684975223872 78.0625 -63.0 3.0250101137104846 6 
0010 0011 1666684975225028 48.0 -61.0 3.129320807286708 6 
0010 0005 1666684975228747 -21.9375 -59.5 3.1661363461959633 6 
0010 0010 1666684975229803 17.0625 -59.0 2.350058567040802 6 
0010 0012 1666684975230914 30.0625 -64.0 3.552699504743145 6 
0010 0015 1666684975231843 82.1875 -65.0 3.3440781175906977 6 
0010 0002 1666684975233095 156.1875 -69.0 0.4172427743048944 6 
0010 0002 1666684975331688 56.125 -69.5 0.3865631585471816 6 
0010 0005 1666684975332581 0.0 -59.0 3.067961575771282 6 
0010 0007 1666684975333496 13.0 -63.5 0.5767767762450011 6 
0010 0010 1666684975335681 0.0 -59.0 2.442097414313941 6 
0010 0014 1666684975336836 34.9375 -61.5 3.2459033471660166 6 
0010 0011 1666684975338472 30.0625 -60.5 3.141592653589793 6 
0010 0012 1666684975339756 -52.0625 -64.0 3.6324665057131984 6 
0010 0003 1666684975341573 -69.125 -65.5 2.9145634969827183 6 
0010 0004 1666684975342725 -69.125 -64.0 2.3439226438892597 6 
0010 0013 1666684975343770 52.0625 -63.0 3.08636934522591 6 
0010 0015 1666684975344727 -134.25 -65.0 3.56497135104623 6 
0010 0003 1666684975458329 -91.125 -65.5 2.8777479580734626 6 
0010 0010 1666684975459198 -17.0625 -59.5 2.386874105950058 6 
0010 0005 1666684975461129 17.0625 -59.0 2.9513790358919736 6 
0010 0002 1666684975462056 225.375 -69.0 0.2454369260617026 6 
0010 0013 1666684975466600 4.0625 -63.5 3.0925052683774528 6 
0010 0014 1666684975467525 21.9375 -61.5 3.3011266555298997 6 
0010 0004 1666684975468437 -48.0 -64.0 2.313243028131547 6 
0010 0011 1666684975469859 -39.0 -60.5 3.2459033471660166 6 
0010 0007 1666684975470729 34.9375 -64.0 0.44178646691106466 6 
0010 0012 1666684975472309 -26.0 -63.5 3.6079228131070282 6 
0010 0015 1666684975473182 -160.3125 -65.0 3.693825737228624 6 
0010 0010 1666684975570590 34.9375 -59.5 2.2886993355253766 6 
0010 0012 1666684975571514 4.0625 -63.5 3.522019888985432 6 
0010 0014 1666684975572638 -39.0 -61.5 3.3624858870453256 6 
0010 0007 1666684975574019 43.125 -64.0 0.380427235395639 6 
0010 0011 1666684975574888 -43.125 -60.5 3.2397674240144743 6 
0010 0003 1666684975576011 117.125 -66.5 2.60776733940559 6 
0010 0004 1666684975577188 13.0 -64.0 2.2396119503130363 6 
0010 0013 1666684975578331 -34.9375 -63.5 3.1906800388021335 6 
0010 0005 1666684975580177 -39.0 -59.0 2.9513790358919736 6 
0010 0015 1666684975583217 -152.125 -64.5 3.663146121470911 6 
0010 0002 1666684975585981 87.0625 -69.5 0.4111068511533518 6 
0010 0002 1666684975697152 30.0625 -68.0 0.44178646691106466 6 
0010 0013 1666684975698834 -65.0625 -64.0 3.184544115650591 6 
0010 0010 1666684975699972 26.0 -59.0 2.2948352586769194 6 
0010 0005 1666684975700881 -4.0625 -58.5 2.9206994201342606 6 
0010 0012 1666684975702079 52.0625 -64.0 3.5036121195308043 6 
0010 0004 1666684975702978 -108.1875 -64.5 2.3623304133438876 6 
0010 0007 1666684975704371 -82.1875 -63.0 0.47860200582032003 6 
0010 0014 1666684975706046 -21.9375 -61.5 3.3072625786814425 6 
0010 0011 1666684975708902 -65.0625 -60.0 3.2520392703175593 6 
0010 0003 1666684975711535 74.0 -65.0 2.6384469551633027 6 
0010 0015 1666684975712450 -34.9375 -65.5 3.485204350076177 6 
0010 0002 1666684975809858 52.0625 -69.0 0.4540583132141498 6 
0010 0012 1666684975811594 -95.1875 -64.0 3.6815538909255388 6 
0010 0003 1666684975813028 -61.0 -65.5 2.9145634969827183 6 
0010 0010 1666684975814181 13.0 -59.0 2.36846633649543 6 
0010 0004 1666684975815289 39.0 -64.0 2.1905245651006955 6 
0010 0013 1666684975816488 -48.0 -63.5 3.1968159619536762 6 
0010 0007 1666684975818362 -8.9375 -63.0 0.48473792897186263 6 
0010 0014 1666684975819897 4.0625 -62.0 3.3011266555298997 6 
0010 0011 1666684975821037 -13.0 -60.0 3.2520392703175593 6 
0010 0005 1666684975822119 -21.9375 -59.5 2.9575149590435164 6 
0010 0015 1666684975823061 -91.125 -65.5 3.552699504743145 6 
0010 0006 1666684975917430 -1.25 -74.0 4.76147636559703 6 
0010 0015 1666684975930607 -17.0625 -65.0 3.454524734318464 6 
0010 0002 1666684975932594 -8.9375 -69.0 0.5829126993965437 6 
0010 0011 1666684975934345 -13.0 -60.5 3.2581751934691017 6 
0010 0013 1666684975935501 -30.0625 -63.5 3.1784081924990484 6 
0010 0010 1666684975936371 -43.125 -59.0 2.4175537217077703 6 
0010 0007 1666684975937313 -65.0625 -63.0 0.6013204688511713 6 
0010 0014 1666684975938208 -4.0625 -61.5 3.2827188860752723 6 
0010 0005 1666684975939359 -26.0 -59.0 3.0250101137104846 6 
0010 0004 1666684975940413 78.0625 -64.0 2.227340104009951 6 
0010 0012 1666684975941341 -13.0 -64.0 3.5772431973493153 6 
0010 0003 1666684975942295 108.1875 -65.0 2.6568547246179306 6 
0010 0006 1666684976031452 0.1875 -74.0 4.6448938257177215 6 
0010 0007 1666684976048327 8.9375 -63.0 0.4724660826687775 6 
0010 0011 1666684976049255 21.9375 -60.5 3.2397674240144743 6 
0010 0012 1666684976051758 34.9375 -64.5 3.5342917352885173 6 
0010 0015 1666684976052672 34.9375 -65.0 3.454524734318464 6 
0010 0004 1666684976053838 -34.9375 -64.0 2.356194490192345 6 
0010 0014 1666684976054946 13.0 -62.0 3.3011266555298997 6 
0010 0010 1666684976056128 43.125 -58.5 2.282563412373834 6 
0010 0013 1666684976059980 30.0625 -64.0 3.129320807286708 6 
0010 0003 1666684976060973 -21.9375 -64.5 2.8102528034064944 6 
0010 0002 1666684976061869 152.125 -70.0 0.6258641614573416 6 
0010 0005 1666684976063936 17.0625 -59.0 2.9636508821950587 6 
0010 0006 1666684976128733 5.3125 -74.0 4.663301595172349 6 
0010 0010 1666684976171868 -48.0 -58.5 2.36846633649543 6 
0010 0007 1666684976173104 -8.9375 -63.0 0.48473792897186263 6 
0010 0005 1666684976174328 39.0 -59.0 2.9145634969827183 6 
0010 0011 1666684976178307 -21.9375 -60.5 3.2581751934691017 6 
0010 0015 1666684976179252 -78.0625 -65.0 3.5342917352885173 6 
0010 0013 1666684976180421 -26.0 -64.0 3.147728576741336 6 
0010 0014 1666684976182193 -17.0625 -61.5 3.2520392703175593 6 
0010 0002 1666684976184130 61.0 -68.5 0.6258641614573416 6 
0010 0003 1666684976186663 65.0625 -65.0 2.705942109830271 6 
0010 0004 1666684976187944 74.0 -64.5 2.2089323345553233 6 
0010 0012 1666684976189496 -30.0625 -64.5 3.5588354278946874 6 
