0010 0010 1666685274067764 -126.125 -63.0 3.724505352986337 7 
0010 0008 1666685274068618 191.1875 -67.0 0.6872233929727672 7 
0010 0006 1666685274069515 122.875 -67.5 0.9203884727313847 7 
0010 0009 1666685274070664 17.0625 -68.5 0.380427235395639 7 
0010 0012 1666685274073119 -87.0625 -66.5 4.828971520263998 7 
0010 0005 1666685274109516 -13.875 -74.0 1.3867186322486196 7 
0010 0015 1666685274121683 -13.375 -72.5 5.3198453723874035 7 
0010 0003 1666685274132863 -5.9375 -76.5 4.601942363656923 7 
0010 0012 1666685274194249 -26.0 -68.5 4.0558452031696355 7 
0010 0015 1666685274195135 -17.0625 -65.0 4.129476280988146 7 
0010 0008 1666685274196288 43.125 -68.0 1.4051264017032472 7 
0010 0010 1666685274197186 -48.0 -63.0 4.3503695144436785 7 
0010 0009 1666685274199447 117.125 -68.5 0.760854470791278 7 
0010 0003 1666685274260306 -9.25 -77.0 0.1718058482431918 7 
0010 0010 1666685274311994 -91.125 -66.0 5.577554144752192 7 
0010 0014 1666685274314522 30.0625 -70.5 0.6442719309119693 7 
0010 0007 1666685274315529 0.0 -69.0 4.227651051412827 7 
0010 0004 1666685274319419 74.0 -69.5 5.221670601962723 7 
0010 0015 1666685274320419 104.125 -69.5 2.5464081078901644 7 
0010 0012 1666685274321375 74.0 -69.0 2.7857091108003242 7 
0010 0003 1666685274331282 65.0625 -72.0 4.1417481272912315 7 
0010 0009 1666685274333681 -139.125 -73.0 2.675262494072558 7 
0010 0002 1666685274385204 4.25 -74.5 6.062292073724054 7 
0010 0015 1666685274434879 -52.0625 -70.5 2.5954954931025047 7 
0010 0010 1666685274435876 69.125 -65.0 0.7485826244881929 7 
0010 0002 1666685274438192 39.0 -68.0 5.632777453116074 7 
0010 0004 1666685274440871 -4.0625 -59.5 0.5399612373357456 7 
0010 0007 1666685274447539 -43.5 -72.0 0.34054373491061235 7 
0010 0006 1666685274450963 31.3125 -72.0 0.39269908169872414 7 
0010 0011 1666685274543413 -104.125 -63.5 4.76147636559703 7 
0010 0004 1666685274544564 43.125 -60.0 0.521553467881118 7 
0010 0010 1666685274546103 82.1875 -67.5 1.9205439464328227 7 
0010 0015 1666685274549526 69.125 -70.5 2.497320722677824 7 
0010 0002 1666685274550465 -26.0 -66.5 5.289165756629691 7 
0010 0007 1666685274577681 9.75 -70.5 6.270913460876501 7 
0010 0011 1666685274652873 56.125 -68.0 5.338253141842031 7 
0010 0004 1666685274655541 -39.0 -64.5 5.301437602932776 7 
0010 0009 1666685274657490 -65.0625 -66.5 5.859806609723149 7 
0010 0015 1666685274659311 95.1875 -70.0 3.141592653589793 7 
0010 0007 1666685274661706 -48.0 -63.5 0.9572040116406401 7 
0010 0013 1666685274669770 17.4375 -69.5 0.7946020481247621 7 
0010 0003 1666685274686067 -6.5 -73.5 3.890175278077986 7 
0010 0014 1666685274718916 8.8125 -72.0 3.877903431774901 7 
0010 0011 1666685274769369 30.0625 -65.0 5.66959299202533 7 
0010 0009 1666685274772520 65.0625 -69.0 1.0799224746714913 7 
0010 0004 1666685274774585 -82.1875 -68.0 3.0802334220743677 7 
0010 0015 1666685274776082 -147.25 -67.0 4.28287435977671 7 
0010 0014 1666685274776980 134.25 -65.5 0.4172427743048944 7 
0010 0007 1666685274864963 3.375 -72.5 5.780039608753096 7 
0010 0014 1666685274882658 134.25 -69.5 4.822835597112456 7 
0010 0009 1666685274883640 -182.25 -67.0 2.405281875404685 7 
0010 0007 1666685274886165 -165.1875 -67.5 3.1784081924990484 7 
0010 0011 1666685274887730 104.125 -68.0 5.9518454569962875 7 
0010 0014 1666685274985935 -34.9375 -67.5 1.6689710972195777 7 
0010 0009 1666685274987654 43.125 -67.0 2.3623304133438876 7 
0010 0007 1666685274990622 -48.0 -66.5 4.0128937411088375 7 
0010 0011 1666685275013770 -2.4375 -73.0 0.25157284921324513 7 
0010 0007 1666685275090696 -178.1875 -68.5 4.509903516383785 7 
0010 0009 1666685275091975 -95.1875 -66.5 2.988194574801229 7 
0010 0014 1666685275096968 -121.25 -66.5 2.9759227284981438 7 
0010 0013 1666685275194475 -1.25 -74.0 2.2396119503130363 7 
0010 0009 1666685275202403 -121.25 -67.5 3.1968159619536762 7 
0010 0007 1666685275204666 -78.0625 -68.5 4.289010282928253 7 
0010 0014 1666685275207134 -78.0625 -65.5 2.5770877236478773 7 
0010 0013 1666685275233747 -23.625 -72.5 5.50392306693368 7 
0010 0014 1666685275311179 -17.0625 -62.0 0.9572040116406401 7 
0010 0015 1666685275312125 -165.1875 -71.0 3.9392626632903265 7 
0010 0007 1666685275313040 199.375 -69.5 3.810408277107933 7 
0010 0006 1666685275315077 -94.375 -71.5 3.810408277107933 7 
0010 0010 1666685275316599 26.0 -72.0 0.6442719309119693 7 
0010 0002 1666685275319447 -790.125 -73.0 5.424156065963627 7 
0010 0006 1666685275323322 -43.5 -71.5 0.7547185476397354 7 
0010 0004 1666685275344308 23.625 -71.5 2.423689644859313 7 
0010 0009 1666685275352688 0.4375 -75.5 0.07363107781851078 7 
0010 0004 1666685275425745 48.0 -65.5 5.994796919057086 7 
0010 0002 1666685275438462 -48.0 -69.0 6.062292073724054 7 
0010 0010 1666685275464473 0.0 -72.5 0.28838838812250056 7 
0010 0010 1666685275545277 -74.0 -64.0 4.399456899656019 7 
0010 0007 1666685275547469 -26.0 -66.5 4.792155981354743 7 
0010 0002 1666685275548648 74.0 -65.5 1.325359400733194 7 
0010 0012 1666685275550301 -65.0625 -67.5 3.2459033471660166 7 
0010 0004 1666685275552518 -30.0625 -64.5 1.1474176293384597 7 
0010 0003 1666685275638237 -0.4375 -74.0 6.1420590746941075 7 
0010 0002 1666685275657312 -17.0625 -64.5 3.877903431774901 7 
0010 0007 1666685275658465 4.0625 -70.0 1.043106935762236 7 
0010 0010 1666685275659876 -30.0625 -62.5 6.270913460876501 7 
0010 0003 1666685275663099 -69.125 -70.5 6.22182607566416 7 
0010 0006 1666685275665074 -104.125 -67.0 4.460816131171445 7 
0010 0004 1666685275707888 -7.125 -76.5 5.8045833013592665 7 
0010 0012 1666685275768825 -2.125 -71.5 1.030835089459151 7 
0010 0012 1666685275777560 8.9375 -69.5 4.381049130201391 7 
0010 0006 1666685275779109 -21.9375 -61.0 4.700117134081604 7 
0010 0002 1666685275780035 30.0625 -62.5 6.037748381117884 7 
0010 0010 1666685275782268 95.1875 -64.0 1.748738098189631 7 
0010 0007 1666685275783491 -74.0 -64.0 4.577398671050753 7 
0010 0004 1666685275787896 100.0625 -73.5 1.6260196351587797 7 
0010 0003 1666685275788835 134.25 -72.0 0.7117670855789375 7 
0010 0012 1666685275885496 82.1875 -64.5 5.418020142812084 7 
0010 0010 1666685275892440 -52.0625 -65.0 4.460816131171445 7 
0010 0007 1666685275893312 238.4375 -70.5 2.650718801466388 7 
0010 0015 1666685275911984 6.5 -71.5 5.405748296509 7 
0010 0006 1666685276004396 1.25 -69.5 0.6688156235181395 7 
0010 0007 1666685276018215 8.9375 -71.5 0.6135923151542565 7 
0010 0011 1666685276019232 -87.0625 -70.5 3.11091303783208 7 
0010 0010 1666685276020160 -56.125 -69.0 3.785864584501762 7 
0010 0012 1666685276022633 -17.0625 -61.0 5.565282298449106 7 
0010 0006 1666685276024653 52.0625 -69.0 1.0246991663076084 7 
0010 0010 1666685276121499 34.9375 -66.0 3.9944859716542096 7 
0010 0012 1666685276122427 -26.0 -63.0 6.234097921967246 7 
0010 0014 1666685276124940 39.0 -66.0 0.2086213871524472 7 
0010 0006 1666685276150899 18.75 -70.5 6.135923151542564 7 
0010 0007 1666685276182395 6.8125 -75.5 5.47937937432751 7 
0010 0014 1666685276241283 30.0625 -66.0 0.22089323345553233 7 
0010 0012 1666685276242438 -91.125 -65.0 0.8651651643675016 7 
0010 0007 1666685276243352 -152.125 -70.0 3.9085830475326135 7 
0010 0006 1666685276244486 -8.9375 -63.5 0.8099418560036186 7 
0010 0010 1666685276246267 56.125 -67.5 4.749204519293945 7 
0010 0001 1666685276247176 100.0625 -72.0 0.36815538909255385 7 
0010 0005 1666685276269807 -7.3125 -74.5 6.209554229361076 7 
0010 0006 1666685276350764 18.6875 -65.0 0.9387962421860124 7 
0010 0014 1666685276351947 82.1875 -67.5 0.1718058482431918 7 
0010 0007 1666685276353939 91.125 -67.0 4.71238898038469 7 
0010 0001 1666685276356156 30.0625 -69.5 0.9142525495798421 7 
0010 0012 1666685276357696 56.125 -62.5 1.2087768608538851 7 
0010 0006 1666685276454328 -66.6875 -67.0 1.030835089459151 7 
0010 0014 1666685276457080 0.0 -68.5 0.20248546400090464 7 
0010 0007 1666685276458836 -48.0 -67.0 5.945709533844745 7 
0010 0012 1666685276459978 -30.0625 -62.5 1.9819031779482483 7 
0010 0001 1666685276461417 -121.25 -70.5 1.6873788666742053 7 
0010 0003 1666685276545835 3.5625 -76.0 5.8045833013592665 7 
0010 0007 1666685276566413 78.0625 -70.0 1.8407769454627694 7 
0010 0005 1666685276568914 -108.1875 -72.0 2.6998061866787286 7 
0010 0012 1666685276570667 -113.0625 -65.0 2.552544031041707 7 
0010 0001 1666685276573075 56.125 -71.5 2.350058567040802 7 
0010 0003 1666685276579028 0.0 -72.5 2.8716120349219203 7 
0010 0009 1666685276675570 -78.0625 -67.0 1.9144080232812801 7 
0010 0002 1666685276677816 87.0625 -71.0 3.7122335066832517 7 
0010 0012 1666685276679353 -48.0 -70.5 3.018874190558942 7 
0010 0003 1666685276680250 -143.1875 -70.5 3.2520392703175593 7 
0010 0007 1666685276681866 0.0 -67.5 5.890486225480862 7 
0010 0010 1666685276743097 -1.625 -73.0 0.30679615757712825 7 
0010 0015 1666685276774491 5.0625 -73.5 2.0371264863121317 7 
0010 0013 1666685276781023 -1.9375 -72.5 0.7363107781851077 7 
0010 0011 1666685276797296 -2.9375 -72.0 1.2762720155208536 7 
0010 0010 1666685276814495 -4.0625 -69.0 0.9756117810952678 7 
0010 0007 1666685276815979 -91.125 -66.5 0.2270291566070749 7 
0010 0002 1666685276817399 -61.0 -69.5 5.098952138931871 7 
0010 0013 1666685276818728 -48.0 -71.0 3.5772431973493153 7 
0010 0012 1666685276820040 108.1875 -67.5 3.442252888015379 7 
0010 0011 1666685276821207 52.0625 -66.5 4.81056375080937 7 
0010 0015 1666685276826320 -1.1875 -72.5 5.052932715295302 7 
0010 0004 1666685276897729 5.3125 -76.0 0.23316507975861744 7 
0010 0011 1666685276925942 -13.0 -63.0 1.0615147052168636 7 
0010 0004 1666685276927199 156.1875 -69.5 0.944932165337555 7 
0010 0007 1666685276929722 -13.0 -69.5 0.6565437772150544 7 
0010 0012 1666685276930637 -212.375 -73.0 0.5460971604872883 7 
0010 0013 1666685276933778 173.3125 -73.0 2.82252464970958 7 
0010 0002 1666685276955188 4.875 -72.5 5.111223985234957 7 
0010 0010 1666685277021298 4.25 -72.5 6.000932842208628 7 
0010 0005 1666685277028761 -1.9375 -76.5 0.9510680884890975 7 
0010 0014 1666685277071417 3.3125 -73.0 1.607611865704152 7 
0010 0004 1666685277086389 39.0 -60.0 2.8286605728611223 7 
0010 0006 1666685277088956 -90.3125 -68.0 5.2768939103266055 7 
0010 0007 1666685277090081 -91.125 -70.0 4.252194744018997 7 
0010 0011 1666685277091460 -8.9375 -65.5 4.331961744989051 7 
0010 0010 1666685277093439 -74.0 -65.0 1.2517283229146832 7 
0010 0005 1666685277094849 87.0625 -73.0 5.485515297479052 7 
0010 0002 1666685277096469 52.0625 -70.0 3.117048960983623 7 
0010 0014 1666685277097477 -4.0625 -67.5 6.14819499784565 7 
0010 0007 1666685277201203 48.0 -64.0 3.2949907323783574 7 
0010 0004 1666685277202500 26.0 -63.0 1.6198837120072371 7 
0010 0011 1666685277203440 30.0625 -66.0 4.534447208989955 7 
0010 0014 1666685277205981 69.125 -63.5 2.5893595699509624 7 
0010 0010 1666685277207135 -21.9375 -64.5 1.718058482431918 7 
0010 0004 1666685277303451 -169.25 -68.5 0.37429131224409645 7 
0010 0011 1666685277306421 -26.0 -65.0 4.061981126321178 7 
0010 0007 1666685277307320 -104.125 -66.5 0.0674951546669682 7 
0010 0014 1666685277308456 65.0625 -66.0 2.5280003384355365 7 
0010 0010 1666685277312024 -52.0625 -66.0 1.9941750242513334 7 
0010 0013 1666685277320073 17.4375 -70.5 5.347457026569345 7 
0010 0013 1666685277410934 -65.0625 -67.5 0.14726215563702155 7 
0010 0004 1666685277413460 -8.9375 -67.5 0.6994952392758523 7 
0010 0014 1666685277414996 -8.9375 -69.5 2.442097414313941 7 
0010 0007 1666685277417462 -8.9375 -63.0 2.4605051837685683 7 
0010 0007 1666685277520360 4.0625 -61.0 3.411573272257666 7 
0010 0013 1666685277521788 17.0625 -67.5 1.1106020904292042 7 
0010 0014 1666685277522953 -13.0 -65.5 4.595806440505381 7 
0010 0007 1666685277624405 -17.0625 -60.5 3.9269908169872414 7 
0010 0014 1666685277630018 251.4375 -66.5 4.73693267299086 7 
0010 0013 1666685277631158 -48.0 -69.0 1.6444274046134073 7 
0010 0006 1666685277640637 65.0625 -72.0 0.2699806186678728 7 
0010 0010 1666685277644188 50.8125 -74.0 1.6229516735830083 7 
0010 0010 1666685277734367 -91.125 -68.0 5.565282298449106 7 
0010 0007 1666685277735891 -21.9375 -59.5 4.276738436625168 7 
0010 0006 1666685277737597 91.125 -71.0 4.049709280018092 7 
0010 0014 1666685277738960 -17.0625 -64.5 4.669437518323892 7 
0010 0013 1666685277740302 -34.9375 -69.0 2.5034566458293663 7 
0010 0007 1666685277836388 4.0625 -59.5 4.246058820867455 7 
0010 0014 1666685277838649 -26.0 -59.0 3.9760782021995817 7 
0010 0010 1666685277841640 21.9375 -62.0 0.7853981633974483 7 
0010 0013 1666685277886777 -6.0625 -71.0 4.724660826687775 7 
0010 0004 1666685277902752 -0.875 -72.5 0.32520392703175593 7 
0010 0014 1666685277957294 -13.0 -64.5 4.583534594202296 7 
0010 0007 1666685277958550 39.0 -62.0 4.0128937411088375 7 
0010 0004 1666685277959941 -17.0625 -69.0 4.123340357836604 7 
0010 0012 1666685277961308 65.0625 -70.0 2.8102528034064944 7 
0010 0010 1666685277964276 -21.9375 -59.5 3.3011266555298997 7 
0010 0003 1666685278022899 -1.625 -74.5 0.0859029241215959 7 
0010 0014 1666685278072067 -61.0 -71.5 3.3747577333484107 7 
0010 0012 1666685278073804 21.9375 -64.0 0.8897088569736719 7 
0010 0003 1666685278074731 91.125 -68.5 0.8406214717613314 7 
0010 0007 1666685278075843 -139.125 -64.5 2.9759227284981438 7 
0010 0010 1666685278076753 56.125 -57.5 5.878214379177777 7 
0010 0006 1666685278101996 -1.8125 -72.5 4.4976316700806995 7 
0010 0002 1666685278172302 7.75 -75.5 6.092971689481767 7 
0010 0010 1666685278191033 -13.0 -57.5 1.4603497100671303 7 
0010 0012 1666685278191976 17.0625 -63.5 1.748738098189631 7 
0010 0014 1666685278193144 30.0625 -69.5 3.6017868899554855 7 
0010 0007 1666685278196161 0.0 -69.0 5.45483568172134 7 
0010 0013 1666685278197308 21.9375 -64.0 3.485204350076177 7 
0010 0003 1666685278199184 -78.0625 -66.5 2.6813984172241008 7 
0010 0002 1666685278201285 -34.9375 -70.5 0.9633399347921826 7 
0010 0007 1666685278297241 4.0625 -59.5 2.5954954931025047 7 
0010 0002 1666685278298155 -69.125 -66.0 3.0372819600135696 7 
0010 0014 1666685278300415 121.25 -69.0 2.9697868053466014 7 
0010 0003 1666685278301311 91.125 -68.5 4.215379205109742 7 
0010 0012 1666685278303229 -13.0 -61.5 2.5770877236478773 7 
0010 0010 1666685278306015 -43.125 -56.5 3.32567034813607 7 
0010 0011 1666685278307512 -143.1875 -70.5 4.841243366567084 7 
0010 0015 1666685278385760 5.3125 -72.0 2.3439226438892597 7 
0010 0007 1666685278411329 13.0 -63.0 0.4172427743048944 7 
0010 0012 1666685278412539 -8.9375 -59.5 2.478912953223196 7 
0010 0002 1666685278415462 74.0 -69.5 4.970097752749477 7 
0010 0010 1666685278416417 26.0 -57.5 5.270757987175063 7 
0010 0003 1666685278419396 -17.0625 -71.5 4.540583132141498 7 
0010 0009 1666685278420250 -8.9375 -68.0 5.516194913236766 7 
0010 0014 1666685278422531 -87.0625 -69.5 3.0127382674073995 7 
0010 0006 1666685278472392 5.3125 -68.5 1.9512235621905356 7 
0010 0011 1666685278478956 -1.9375 -73.0 6.080699843178682 7 
0010 0015 1666685278483242 -0.4375 -73.0 0.5583690067903734 7 
0010 0008 1666685278530356 2.1875 -69.0 0.30679615757712825 7 
0010 0006 1666685278538642 48.0 -67.5 1.3499030933393643 7 
0010 0011 1666685278539556 -39.0 -67.5 3.4054373491061236 7 
0010 0008 1666685278540737 30.0625 -68.0 3.6754179677739964 7 
0010 0009 1666685278544003 -230.25 -67.0 4.3933209765044765 7 
0010 0012 1666685278546685 -39.0 -61.5 4.252194744018997 7 
0010 0015 1666685278547571 -169.25 -67.5 3.890175278077986 7 
0010 0007 1666685278549206 56.125 -65.0 2.9636508821950587 7 
0010 0010 1666685278550092 108.1875 -67.0 5.9088939949354895 7 
0010 0014 1666685278561208 -15.0 -65.5 4.295146206079795 7 
0010 0014 1666685278654017 -30.0625 -62.5 4.828971520263998 7 
0010 0006 1666685278655732 9.75 -69.0 5.436427912266712 7 
0010 0010 1666685278656675 -30.0625 -63.5 0.5276893910326605 7 
0010 0012 1666685278657830 39.0 -62.0 5.878214379177777 7 
0010 0015 1666685278659255 130.1875 -69.5 5.522330836388308 7 
0010 0011 1666685278660211 -48.0 -71.0 4.516039439535327 7 
0010 0007 1666685278661296 -65.0625 -63.0 1.8285050991596843 7 
0010 0008 1666685278663101 -61.0 -67.5 4.921010367537137 7 
0010 0010 1666685278760655 -87.0625 -61.5 1.6260196351587797 7 
0010 0014 1666685278761565 -56.125 -63.0 4.816699673960914 7 
0010 0008 1666685278762461 -17.0625 -68.0 5.66959299202533 7 
0010 0012 1666685278764804 8.9375 -63.0 6.129787228391022 7 
0010 0007 1666685278766003 30.0625 -64.0 1.564660403643354 7 
0010 0006 1666685278767154 -38.1875 -68.5 1.6935147898257479 7 
0010 0015 1666685278823948 4.0625 -73.0 4.417864669110647 7 
0010 0011 1666685278867795 0.5625 -76.0 0.7485826244881929 7 
0010 0006 1666685278886853 -284.0 -68.0 2.399145952253143 7 
0010 0007 1666685278889071 -65.0625 -65.0 3.368621810196868 7 
0010 0008 1666685278890266 225.375 -70.0 6.12365130523948 7 
0010 0012 1666685278891715 -21.9375 -63.0 0.5154175447295755 7 
0010 0010 1666685278893124 -30.0625 -61.5 2.098485717827557 7 
0010 0014 1666685278896415 34.9375 -65.0 4.362641360746763 7 
0010 0008 1666685278994560 0.0 -67.5 0.662679700366597 7 
0010 0006 1666685278996564 -13.0 -69.5 1.9573594853420782 7 
0010 0007 1666685278997405 -17.0625 -65.0 5.21553467881118 7 
0010 0012 1666685278998603 65.0625 -62.5 1.055378782065321 7 
0010 0003 1666685278999995 34.9375 -70.0 2.086213871524472 7 
0010 0014 1666685279001559 -34.9375 -64.5 3.767456815047135 7 
0010 0010 1666685279002500 -121.25 -63.0 2.9820586516496865 7 
0010 0001 1666685279004845 48.0 -69.5 5.976389149602458 7 
