0010 0009 1666685803405241 8.9375 -62.0 4.04357335686655 7 
0010 0015 1666685803458753 0.0 -73.0 5.767767762450011 7 
0010 0006 1666685803463500 3.1875 -74.0 4.896466674930966 7 
0010 0006 1666685803516284 0.0 -72.0 3.730641276137879 7 
0010 0009 1666685803518629 -61.0 -63.5 4.914874444385594 7 
0010 0014 1666685803521792 -95.1875 -64.0 1.055378782065321 7 
0010 0011 1666685803543457 9.0 -73.0 6.252505691421874 7 
0010 0004 1666685803592205 3.3125 -75.5 5.086680292628786 7 
0010 0015 1666685803610811 2.125 -73.5 0.01227184630308513 7 
0010 0007 1666685803631340 1.9375 -75.5 5.135767677841127 7 
0010 0009 1666685803643321 61.0 -65.5 4.865787059173254 7 
0010 0014 1666685803644546 69.125 -64.5 1.5462526341887264 7 
0010 0004 1666685803645458 169.25 -73.0 2.0800779483729293 7 
0010 0006 1666685803649225 113.875 -70.0 3.368621810196868 7 
0010 0011 1666685803651359 26.0 -69.5 0.5829126993965437 7 
0010 0007 1666685803659830 31.3125 -73.0 5.663457068873787 7 
0010 0015 1666685803670087 -9.0 -72.0 6.1420590746941075 7 
0010 0007 1666685803755156 -143.1875 -70.5 2.9145634969827183 7 
0010 0014 1666685803756493 78.0625 -64.0 2.0493983326152168 7 
0010 0009 1666685803757659 82.1875 -66.5 5.356660911296659 7 
0010 0011 1666685803760864 -21.9375 -70.5 0.28225246497095796 7 
0010 0012 1666685803859349 0.8125 -74.5 4.289010282928253 7 
0010 0007 1666685803869221 -108.1875 -69.0 2.435961491162398 7 
0010 0014 1666685803871296 -65.0625 -65.0 2.988194574801229 7 
0010 0012 1666685803873261 -425.5625 -71.0 1.705786636128833 7 
0010 0012 1666685803991144 17.0625 -67.5 0.12885438618239387 7 
0010 0007 1666685803992116 -30.0625 -68.0 1.337631247036279 7 
0010 0010 1666685804003663 1.1875 -71.5 5.304505564508547 7 
0010 0006 1666685804077175 -1.5 -71.5 3.368621810196868 7 
0010 0006 1666685804101767 -75.625 -71.5 3.773592738198677 7 
0010 0007 1666685804102692 4.0625 -67.5 5.773903685601553 7 
0010 0010 1666685804104074 -30.0625 -68.0 3.80427235395639 7 
0010 0009 1666685804190219 -3.6875 -77.0 0.1718058482431918 7 
0010 0011 1666685804213442 -1.9375 -74.0 4.546719055293041 7 
0010 0010 1666685804220458 286.4375 -67.0 4.006757817957295 7 
0010 0007 1666685804228422 -65.0625 -71.0 3.0495538063166547 7 
0010 0006 1666685804229557 30.0625 -69.0 0.42337869745643697 7 
0010 0002 1666685804234626 65.0625 -71.5 4.184699589352029 7 
0010 0009 1666685804235525 230.25 -73.0 3.5588354278946874 7 
0010 0014 1666685804260034 15.375 -71.5 1.1167380135807468 7 
0010 0003 1666685804326466 -5.0625 -74.0 1.5892040962495242 7 
0010 0006 1666685804344722 -113.875 -67.5 1.6137477888556946 7 
0010 0010 1666685804346102 -100.0625 -64.5 5.915029918087033 7 
0010 0007 1666685804347001 61.0 -69.5 3.2827188860752723 7 
0010 0009 1666685804354198 -43.125 -66.5 6.252505691421874 7 
0010 0014 1666685804366029 20.75 -71.0 1.0615147052168636 7 
0010 0012 1666685804377497 -1.625 -72.0 1.552388557340269 7 
0010 0015 1666685804459854 -117.125 -70.0 0.3865631585471816 7 
0010 0010 1666685804461561 -43.125 -67.0 0.28225246497095796 7 
0010 0012 1666685804462972 113.0625 -68.0 2.2150682577068657 7 
0010 0008 1666685804463897 -204.25 -71.0 2.454369260617026 7 
0010 0011 1666685804468027 143.1875 -70.0 3.9147189706841563 7 
0010 0014 1666685804494181 9.75 -70.5 5.062136600022616 7 
0010 0006 1666685804537741 4.375 -73.5 0.04295146206079795 7 
0010 0004 1666685804548135 -4.875 -75.5 0.9019807032767571 7 
0010 0006 1666685804579584 -70.75 -69.0 1.1106020904292042 7 
0010 0014 1666685804580721 34.9375 -61.0 1.5707963267948966 7 
0010 0010 1666685804581662 95.1875 -63.0 5.5714182216006485 7 
0010 0011 1666685804585172 78.0625 -70.0 4.6448938257177215 7 
0010 0012 1666685804587578 126.125 -70.5 2.1353012567368124 7 
0010 0008 1666685804588770 13.0 -66.5 4.491495746929157 7 
0010 0010 1666685804686507 0.0 -67.5 0.42337869745643697 7 
0010 0014 1666685804688231 -8.9375 -62.0 2.448233337465483 7 
0010 0012 1666685804690225 -34.9375 -70.0 3.6079228131070282 7 
0010 0006 1666685804691389 80.5625 -67.0 1.8223691760081417 7 
0010 0011 1666685804692287 -100.0625 -72.0 5.8045833013592665 7 
0010 0008 1666685804693694 -139.125 -67.5 5.356660911296659 7 
0010 0011 1666685804796410 -299.4375 -74.0 0.6810874698212247 7 
0010 0008 1666685804797306 -117.125 -67.5 6.000932842208628 7 
0010 0006 1666685804798216 61.8125 -69.5 1.3192234775816514 7 
0010 0012 1666685804800673 -65.0625 -63.5 4.957825906446392 7 
0010 0014 1666685804801825 13.0 -62.5 1.9512235621905356 7 
0010 0014 1666685804900157 -69.125 -65.0 2.1353012567368124 7 
0010 0006 1666685804901408 14.625 -71.0 5.786175531904639 7 
0010 0012 1666685804903961 -65.0625 -63.5 5.546874528994478 7 
0010 0008 1666685804905695 -65.0625 -63.5 0.3436116964863836 7 
0010 0009 1666685804954728 5.4375 -71.5 0.8160777791551611 7 
0010 0015 1666685805002567 -2.5 -73.0 4.534447208989955 7 
0010 0015 1666685805019575 -34.9375 -69.5 1.0615147052168636 7 
0010 0008 1666685805021067 -30.0625 -69.0 0.944932165337555 7 
0010 0012 1666685805022897 8.9375 -62.5 5.608233760509904 7 
0010 0006 1666685805023778 28.4375 -67.5 3.6017868899554855 7 
0010 0009 1666685805025299 91.125 -69.5 1.0246991663076084 7 
0010 0009 1666685805122365 -108.1875 -67.0 2.000310947402876 7 
0010 0013 1666685805128279 108.1875 -70.5 3.9147189706841563 7 
0010 0015 1666685805129760 52.0625 -64.0 5.773903685601553 7 
0010 0012 1666685805130656 -100.0625 -62.0 5.608233760509904 7 
0010 0008 1666685805132192 -130.1875 -69.5 3.466796580621549 7 
0010 0011 1666685805133105 104.125 -69.0 3.5036121195308043 7 
0010 0007 1666685805134131 39.0 -70.5 4.7307967498393175 7 
0010 0014 1666685805160364 18.75 -71.0 5.43029198911517 7 
0010 0006 1666685805182867 3.625 -74.0 3.80427235395639 7 
0010 0001 1666685805203653 -8.0625 -75.0 4.945554060143307 7 
0010 0004 1666685805248982 1.75 -75.0 0.3988350048502667 7 
0010 0006 1666685805262073 -23.5625 -69.5 2.705942109830271 7 
0010 0007 1666685805262959 104.125 -68.0 6.270913460876501 7 
0010 0001 1666685805263870 139.125 -71.0 2.098485717827557 7 
0010 0009 1666685805265772 26.0 -67.5 4.331961744989051 7 
0010 0015 1666685805267168 -52.0625 -64.5 5.270757987175063 7 
0010 0014 1666685805268109 -82.1875 -68.5 2.3193789512830896 7 
0010 0004 1666685805272343 -17.0625 -71.5 0.9265243958829272 7 
0010 0011 1666685805274052 -61.0 -65.5 5.037592907416445 7 
0010 0012 1666685805275805 -182.25 -70.5 6.0991076126333095 7 
0010 0002 1666685805276671 -74.0 -71.0 1.1167380135807468 7 
0010 0010 1666685805382720 1.125 -73.0 4.669437518323892 7 
0010 0009 1666685805389203 -17.0625 -67.5 5.368932757599744 7 
0010 0011 1666685805391153 56.125 -70.0 0.4295146206079795 7 
0010 0010 1666685805393457 256.3125 -69.5 4.620350133111551 7 
0010 0014 1666685805395273 -48.0 -65.0 3.509748042682347 7 
0010 0012 1666685805397308 -156.1875 -68.5 5.00077736850719 7 
0010 0007 1666685805399043 169.25 -66.5 1.8960002538266525 7 
0010 0015 1666685805400844 43.125 -65.5 5.283029833478148 7 
0010 0004 1666685805407037 139.125 -75.5 6.166602767300278 7 
0010 0014 1666685805507960 13.0 -66.5 0.20248546400090464 7 
0010 0015 1666685805509073 -43.125 -66.0 5.6941366846315 7 
0010 0010 1666685805511597 74.0 -68.0 0.1043106935762236 7 
0010 0007 1666685805512494 -61.0 -65.0 1.8162332528565992 7 
0010 0012 1666685805514385 43.125 -63.5 3.08636934522591 7 
0010 0011 1666685805540926 4.875 -75.0 0.380427235395639 7 
0010 0015 1666685805618059 -82.1875 -69.5 5.675728915176872 7 
0010 0011 1666685805621442 113.0625 -69.5 3.8840393549264434 7 
0010 0014 1666685805624028 -113.0625 -66.0 1.3314953238847365 7 
0010 0007 1666685805625068 17.0625 -72.0 0.5031456984264903 7 
0010 0007 1666685805635061 40.25 -72.5 1.175029283520401 7 
0010 0015 1666685805723782 -95.1875 -68.5 5.798447378207723 7 
0010 0007 1666685805725745 56.125 -63.0 4.031301510563465 7 
0010 0013 1666685805728208 113.0625 -68.5 2.3009711818284617 7 
0010 0011 1666685805730072 -108.1875 -67.0 5.393476450205914 7 
0010 0014 1666685805772124 -1.625 -66.5 4.190835512503572 7 
0010 0009 1666685805822569 -2.625 -69.5 1.055378782065321 7 
0010 0014 1666685805841153 -30.0625 -64.0 0.7179030087304801 7 
0010 0015 1666685805843187 -91.125 -68.5 0.7240389318820226 7 
0010 0007 1666685805845626 -13.0 -67.0 6.068427996875596 7 
0010 0011 1666685805846752 -48.0 -66.5 5.773903685601553 7 
0010 0009 1666685805847721 69.125 -67.5 4.111068511533518 7 
0010 0010 1666685805946872 3.5625 -79.0 1.7732817907958012 7 
0010 0009 1666685805955655 100.0625 -68.5 4.503767593232243 7 
0010 0007 1666685805958355 -30.0625 -68.0 1.0369710126106935 7 
0010 0014 1666685805959379 -21.9375 -63.0 2.1782527187976104 7 
0010 0011 1666685805960800 -8.9375 -65.0 0.05522330836388308 7 
0010 0015 1666685805967986 24.0 -71.5 0.0859029241215959 7 
0010 0010 1666685805985333 6.5 -77.5 5.203262832508095 7 
0010 0014 1666685806063620 -17.0625 -58.5 1.1474176293384597 7 
0010 0006 1666685806064831 139.125 -73.0 0.1349903093339364 7 
0010 0015 1666685806066465 -4.0625 -66.5 6.068427996875596 7 
0010 0007 1666685806068203 -21.9375 -68.5 1.4603497100671303 7 
0010 0011 1666685806069103 182.25 -68.5 6.258641614573416 7 
0010 0010 1666685806072520 -69.125 -72.0 3.724505352986337 7 
0010 0012 1666685806093345 10.5 -76.5 0.5399612373357456 7 
0010 0002 1666685806112408 2.125 -78.5 4.325825821837508 7 
0010 0012 1666685806179698 0.0 -74.0 5.307573526084319 7 
0010 0014 1666685806189181 56.125 -66.5 1.2026409377023426 7 
0010 0015 1666685806190437 -21.9375 -67.5 5.700272607783043 7 
0010 0007 1666685806191633 4.0625 -70.0 0.7669903939428205 7 
0010 0011 1666685806192805 308.375 -68.5 1.3314953238847365 7 
0010 0006 1666685806193953 -161.125 -70.5 3.3440781175906977 7 
0010 0010 1666685806198270 -26.0 -67.5 0.6013204688511713 7 
0010 0012 1666685806199651 65.0625 -68.0 1.239456476611598 7 
0010 0002 1666685806201708 74.0 -75.0 1.9819031779482483 7 
0010 0010 1666685806298382 43.125 -63.5 2.110757564130642 7 
0010 0012 1666685806301920 48.0 -64.5 5.589825991055276 7 
0010 0007 1666685806303713 4.0625 -66.0 4.215379205109742 7 
0010 0015 1666685806307204 8.9375 -69.0 5.988660995905543 7 
0010 0003 1666685806336792 -1.625 -71.0 6.1850105367549055 7 
0010 0002 1666685806338911 -28.5 -76.5 4.804427827657828 7 
0010 0011 1666685806363300 5.625 -71.5 5.4671075280244255 7 
0010 0013 1666685806395662 6.8125 -72.5 6.14819499784565 7 
0010 0006 1666685806424359 5.3125 -73.0 3.650874275167826 7 
0010 0013 1666685806432208 -139.125 -70.0 3.018874190558942 7 
0010 0010 1666685806433205 65.0625 -66.5 4.614214209960009 7 
0010 0007 1666685806434088 8.9375 -68.0 0.17794177139473438 7 
0010 0006 1666685806440527 69.125 -70.0 4.178563666200486 7 
0010 0012 1666685806441683 -39.0 -69.0 6.080699843178682 7 
0010 0003 1666685806444194 -195.25 -71.0 1.2210487071569704 7 
0010 0011 1666685806445632 -61.0 -67.5 6.1850105367549055 7 
0010 0010 1666685806542915 -56.125 -61.5 0.4540583132141498 7 
0010 0007 1666685806545359 -13.0 -63.0 2.0064468705544187 7 
0010 0011 1666685806546753 -74.0 -69.5 1.3989904785517047 7 
0010 0012 1666685806547665 21.9375 -67.0 0.2086213871524472 7 
0010 0009 1666685806550622 -126.125 -69.0 5.730952223540755 7 
0010 0001 1666685806622000 2.1875 -74.0 3.4177091954092087 7 
0010 0010 1666685806655349 -52.0625 -65.5 2.2212041808584084 7 
0010 0001 1666685806658957 -225.375 -71.0 1.0492428589137786 7 
0010 0011 1666685806660124 -91.125 -69.0 3.1661363461959633 7 
0010 0012 1666685806661038 -26.0 -62.5 1.6689710972195777 7 
0010 0007 1666685806662445 -13.0 -62.5 6.007068765360171 7 
0010 0009 1666685806664395 -74.0 -69.5 1.4480778637640452 7 
0010 0012 1666685806762777 26.0 -60.0 2.067806102069844 7 
0010 0001 1666685806763746 121.25 -70.0 1.509437095279471 7 
0010 0009 1666685806764911 -17.0625 -65.5 3.172272269347506 7 
0010 0006 1666685806765762 -4.875 -62.5 6.013204688511713 7 
0010 0007 1666685806766747 -17.0625 -70.5 4.4976316700806995 7 
0010 0011 1666685806820722 -3.625 -74.5 0.2761165418194154 7 
0010 0014 1666685806858214 4.625 -73.5 6.086835766330224 7 
0010 0012 1666685806882936 30.0625 -59.5 2.0371264863121317 7 
0010 0006 1666685806885864 18.6875 -62.0 0.9081166264282996 7 
0010 0014 1666685806888574 -139.125 -67.0 0.0 7 
0010 0008 1666685806889499 30.0625 -66.5 0.3129320807286708 7 
0010 0011 1666685806890498 195.25 -71.5 0.380427235395639 7 
0010 0012 1666685806987376 21.9375 -62.0 2.405281875404685 7 
0010 0008 1666685806989393 -4.0625 -65.5 1.3499030933393643 7 
0010 0014 1666685806991015 -21.9375 -65.5 0.46019423636569234 7 
0010 0006 1666685806993258 -4.875 -63.5 1.4296700943094176 7 
0010 0011 1666685806995084 -82.1875 -70.0 1.4051264017032472 7 
0010 0008 1666685807094176 43.125 -65.5 1.718058482431918 7 
0010 0006 1666685807095354 -30.0625 -62.5 1.3008157081270237 7 
0010 0012 1666685807096280 -30.0625 -60.0 3.399301425954581 7 
0010 0011 1666685807097675 -78.0625 -68.5 2.184388641949153 7 
0010 0007 1666685807099593 -48.0 -67.0 0.1349903093339364 7 
0010 0014 1666685807101242 -56.125 -66.5 6.22182607566416 7 
0010 0009 1666685807211103 -113.0625 -66.0 2.804116880254952 7 
0010 0006 1666685807212223 61.8125 -62.5 0.47860200582032003 7 
0010 0003 1666685807214775 -17.0625 -70.5 4.319689898685965 7 
0010 0012 1666685807215676 -65.0625 -61.0 3.5956509668039427 7 
0010 0007 1666685807216560 -139.125 -70.5 2.8654761117703775 7 
0010 0010 1666685807218561 48.0 -69.0 0.06135923151542565 7 
0010 0005 1666685807222379 -1236.9375 -73.0 2.705942109830271 7 
0010 0011 1666685807265921 8.0625 -72.5 4.767612288748572 7 
0010 0011 1666685807326851 8.9375 -62.0 2.8532042654672924 7 
0010 0012 1666685807330070 -17.0625 -61.5 4.473087977474529 7 
0010 0007 1666685807331000 108.1875 -63.0 1.5585244804918115 7 
0010 0010 1666685807332239 21.9375 -68.0 0.6872233929727672 7 
0010 0015 1666685807336069 139.125 -70.0 5.062136600022616 7 
0010 0009 1666685807351069 -27.25 -75.0 4.697049172505833 7 
0010 0015 1666685807442706 13.0 -68.5 3.822680123411018 7 
0010 0013 1666685807443609 195.25 -69.5 0.6688156235181395 7 
0010 0011 1666685807445258 -61.0 -62.0 3.9269908169872414 7 
0010 0007 1666685807446881 39.0 -70.0 1.5830681730979816 7 
0010 0012 1666685807447777 13.0 -62.0 5.062136600022616 7 
0010 0010 1666685807448690 82.1875 -65.5 1.3744467859455345 7 
0010 0009 1666685807516684 -7.0625 -77.0 5.939573610693203 7 
0010 0001 1666685807539534 -7.5 -75.0 6.056156150572511 7 
0010 0002 1666685807551839 2.625 -75.0 0.14726215563702155 7 
0010 0011 1666685807569146 -30.0625 -62.0 5.810719224510809 7 
0010 0013 1666685807570543 -21.9375 -71.5 2.2027964114037806 7 
0010 0012 1666685807573455 34.9375 -62.5 1.576932249946439 7 
0010 0010 1666685807574879 26.0 -65.5 3.2643111166206444 7 
0010 0002 1666685807575789 39.0 -68.5 3.6999616603801666 7 
0010 0007 1666685807579488 87.0625 -70.5 2.7979809571034093 7 
0010 0015 1666685807580405 -78.0625 -68.0 4.09266074207889 7 
0010 0009 1666685807582403 117.125 -69.0 0.6320000846088841 7 
0010 0006 1666685807652639 -2.6875 -73.5 2.466641106920111 7 
0010 0003 1666685807675049 6.0 -75.0 0.18407769454627693 7 
0010 0013 1666685807692076 -100.0625 -64.0 0.0859029241215959 7 
0010 0011 1666685807693017 52.0625 -66.5 2.9022916506796332 7 
0010 0007 1666685807695943 -143.1875 -73.0 1.8162332528565992 7 
0010 0010 1666685807696854 -39.0 -59.5 5.675728915176872 7 
0010 0002 1666685807698922 -100.0625 -68.0 4.454680208019902 7 
0010 0006 1666685807700158 56.9375 -70.0 5.141903600992669 7 
0010 0009 1666685807701295 78.0625 -62.5 2.067806102069844 7 
0010 0015 1666685807702665 52.0625 -67.5 4.3074180523828804 7 
0010 0012 1666685807703606 -108.1875 -69.0 5.21553467881118 7 
0010 0014 1666685807714282 9.75 -72.0 4.411728745959104 7 
0010 0003 1666685807728747 4.875 -75.0 0.803805932852076 7 
0010 0006 1666685807808471 66.6875 -68.5 3.8840393549264434 7 
0010 0010 1666685807810998 48.0 -61.0 6.000932842208628 7 
0010 0011 1666685807812025 -30.0625 -64.5 3.147728576741336 7 
0010 0015 1666685807813377 -100.0625 -68.5 4.25833066717054 7 
0010 0007 1666685807815027 30.0625 -61.5 1.0369710126106935 7 
0010 0013 1666685807843921 8.0625 -72.0 0.6504078540635119 7 
0010 0002 1666685807847192 -4.0625 -76.5 4.565126824747668 7 
0010 0014 1666685807887782 2.5625 -63.5 1.748738098189631 7 
0010 0010 1666685807939391 13.0 -62.5 5.006913291658733 7 
0010 0011 1666685807940800 -26.0 -61.0 3.472932503773092 7 
0010 0014 1666685807943055 -30.0625 -68.0 4.399456899656019 7 
0010 0015 1666685807944309 13.0 -72.5 4.485359823777615 7 
0010 0006 1666685807945446 90.3125 -71.0 2.5157284921324514 7 
0010 0007 1666685807946373 30.0625 -69.0 4.577398671050753 7 
0010 0013 1666685807953369 -10.9375 -71.0 3.411573272257666 7 
0010 0005 1666685808049398 4.25 -75.5 1.4419419406125027 7 
0010 0014 1666685808055918 -152.125 -62.5 4.595806440505381 7 
0010 0013 1666685808056861 -39.0 -64.0 2.82252464970958 7 
0010 0007 1666685808061210 13.0 -67.5 1.8653206380689396 7 
0010 0011 1666685808062523 26.0 -63.0 4.2092432819582 7 
0010 0005 1666685808069078 -87.0625 -72.0 5.111223985234957 7 
0010 0010 1666685808166518 -9.5 -77.5 1.5462526341887264 7 
0010 0013 1666685808174454 -8.9375 -68.0 3.933126740138784 7 
0010 0007 1666685808176483 0.0 -64.0 3.393165502803038 7 
0010 0009 1666685808180651 121.25 -74.5 5.559146375297564 7 
0010 0005 1666685808181548 30.0625 -71.5 5.344389064993574 7 
0010 0014 1666685808183614 61.0 -62.0 2.0800779483729293 7 
0010 0011 1666685808184642 108.1875 -65.0 4.878058905476339 7 
0010 0010 1666685808204495 -9.0 -75.0 1.8100973297050567 7 
0010 0015 1666685808226353 7.75 -73.5 1.9696313316451632 7 
0010 0002 1666685808292158 -27.3125 -79.0 5.957981380147831 7 
0010 0005 1666685808300804 -13.0 -70.5 6.2034183062095325 7 
0010 0010 1666685808302356 -43.125 -63.0 3.9699422790480394 7 
0010 0011 1666685808303254 -87.0625 -68.0 5.982525072754001 7 
0010 0014 1666685808304407 -56.125 -64.5 6.277049384028044 7 
0010 0007 1666685808305772 -43.125 -62.0 4.295146206079795 7 
0010 0012 1666685808368372 4.375 -67.0 4.405592822807561 7 
0010 0002 1666685808373773 -5.4375 -77.0 0.7915340865489908 7 
