0010 0010 1666687998189378 87.0625 -60.5 1.607611865704152 10 
0010 0015 1666687998190319 -4.0625 -66.5 3.509748042682347 10 
0010 0007 1666687998191515 113.0625 -64.0 1.4603497100671303 10 
0010 0005 1666687998196499 208.3125 -72.0 2.2641556429192065 10 
0010 0004 1666687998219032 -9.0 -72.5 0.8099418560036186 10 
0010 0015 1666687998288347 -191.1875 -68.5 3.693825737228624 10 
0010 0010 1666687998289740 13.0 -61.0 2.7979809571034093 10 
0010 0009 1666687998290694 21.9375 -67.0 5.019185137961818 10 
0010 0007 1666687998292569 -8.9375 -62.5 2.4727770300716534 10 
0010 0004 1666687998293738 69.125 -67.5 4.546719055293041 10 
0010 0005 1666687998300178 -212.375 -68.0 4.583534594202296 10 
0010 0003 1666687998303564 78.0625 -71.5 5.117359908386499 10 
0010 0002 1666687998304843 4.0625 -71.0 3.104777114680538 10 
0010 0013 1666687998305832 65.0625 -71.5 4.700117134081604 10 
0010 0004 1666687998396805 -243.3125 -68.5 5.491651220630596 10 
0010 0005 1666687998399130 -52.0625 -65.0 5.540738605842936 10 
0010 0010 1666687998400391 0.0 -60.5 4.485359823777615 10 
0010 0007 1666687998402236 -4.0625 -63.5 3.6386024288647407 10 
0010 0009 1666687998403390 -43.125 -66.0 0.2638446955163303 10 
0010 0015 1666687998404673 -87.0625 -70.0 3.1906800388021335 10 
0010 0002 1666687998407355 -4.0625 -71.5 3.6386024288647407 10 
0010 0013 1666687998409966 21.9375 -71.0 5.982525072754001 10 
0010 0003 1666687998411404 316.5 -72.5 0.2454369260617026 10 
0010 0015 1666687998502881 74.0 -67.5 3.1784081924990484 10 
0010 0009 1666687998504389 21.9375 -67.5 1.3008157081270237 10 
0010 0003 1666687998505554 78.0625 -71.0 1.662835174068035 10 
0010 0007 1666687998507487 -104.125 -66.5 5.056000676871073 10 
0010 0005 1666687998508739 -4.0625 -64.5 0.4970097752749477 10 
0010 0010 1666687998509640 -87.0625 -62.0 6.050020227420969 10 
0010 0006 1666687998510567 195.25 -70.5 1.6382914814618648 10 
0010 0002 1666687998527003 52.0625 -75.0 4.25833066717054 10 
0010 0005 1666687998607368 108.1875 -63.5 1.3867186322486196 10 
0010 0003 1666687998609434 130.1875 -67.5 2.2212041808584084 10 
0010 0010 1666687998610586 91.125 -64.5 0.14112623248547898 10 
0010 0006 1666687998615715 -95.1875 -69.0 2.7120780329818137 10 
0010 0007 1666687998621030 100.0625 -71.5 0.6688156235181395 10 
0010 0015 1666687998638010 9.75 -73.0 0.6810874698212247 10 
0010 0014 1666687998711214 -3.3125 -73.0 1.533980787885641 10 
0010 0006 1666687998726175 70.75 -69.5 2.7550294950426117 10 
0010 0005 1666687998727095 0.0 -64.0 2.442097414313941 10 
0010 0003 1666687998728054 -52.0625 -67.0 3.0127382674073995 10 
0010 0010 1666687998733582 21.9375 -66.5 1.0615147052168636 10 
0010 0011 1666687998790004 -3.1875 -74.5 5.387340527054372 10 
0010 0004 1666687998793802 -2.125 -72.0 3.8963112012295285 10 
0010 0003 1666687998838055 43.125 -67.0 3.859495662320273 10 
0010 0004 1666687998839659 -4.0625 -68.0 4.387185053352934 10 
0010 0006 1666687998841405 0.0 -70.0 3.393165502803038 10 
0010 0011 1666687998842308 87.0625 -71.5 5.491651220630596 10 
0010 0005 1666687998843220 43.125 -67.0 3.5588354278946874 10 
0010 0010 1666687998844602 -169.25 -68.0 2.742757648739526 10 
0010 0010 1666687998938353 8.9375 -65.0 4.147884050442774 10 
0010 0003 1666687998939549 108.1875 -69.0 4.417864669110647 10 
0010 0011 1666687998940676 -286.4375 -70.0 0.5706408530934585 10 
0010 0005 1666687998942295 43.125 -69.5 4.381049130201391 10 
0010 0004 1666687998944783 -52.0625 -64.5 5.227806525114265 10 
0010 0006 1666687998946773 -80.5625 -70.5 3.9822141253511245 10 
0010 0007 1666687998988555 0.0 -74.5 1.9389517158874505 10 
0010 0002 1666687998992315 10.1875 -77.5 1.086058397823034 10 
0010 0004 1666687999049655 -87.0625 -64.0 6.234097921967246 10 
0010 0007 1666687999050796 152.125 -70.5 5.473243451175968 10 
0010 0010 1666687999052202 34.9375 -62.0 5.546874528994478 10 
0010 0002 1666687999054345 -108.1875 -73.5 5.332117218690489 10 
0010 0005 1666687999076791 14.625 -73.0 4.430136515413731 10 
0010 0004 1666687999154051 -21.9375 -65.0 1.1658253987930873 10 
0010 0007 1666687999156408 377.5625 -71.5 5.767767762450011 10 
0010 0014 1666687999159608 13.0 -69.0 5.6573211457222445 10 
0010 0010 1666687999160535 -13.0 -62.0 0.6381360077604268 10 
0010 0005 1666687999161549 -169.25 -67.5 2.650718801466388 10 
0010 0001 1666687999162956 312.4375 -70.5 1.533980787885641 10 
0010 0002 1666687999165229 126.125 -70.0 6.160466844148735 10 
0010 0003 1666687999167454 238.4375 -71.0 2.724349879284899 10 
0010 0006 1666687999212812 -0.4375 -73.0 5.749359992995383 10 
0010 0012 1666687999244172 2.9375 -72.0 2.693670263527186 10 
0010 0010 1666687999268781 -17.0625 -63.5 1.9941750242513334 10 
0010 0004 1666687999271028 30.0625 -64.0 3.2029518851052186 10 
0010 0014 1666687999271969 299.4375 -68.5 5.393476450205914 10 
0010 0003 1666687999274752 13.0 -67.5 3.442252888015379 10 
0010 0001 1666687999276290 -130.1875 -70.5 2.761165418194154 10 
0010 0006 1666687999277183 -33.3125 -66.5 3.7551849687440497 10 
0010 0012 1666687999278082 65.0625 -69.5 5.890486225480862 10 
0010 0002 1666687999279374 8.9375 -69.0 1.1658253987930873 10 
0010 0005 1666687999281743 -65.0625 -66.0 3.9638063558964967 10 
0010 0004 1666687999369585 -30.0625 -61.5 4.651029748869264 10 
0010 0002 1666687999370468 -26.0 -68.5 2.1230294104337273 10 
0010 0010 1666687999371635 13.0 -66.0 3.509748042682347 10 
0010 0006 1666687999372987 34.9375 -67.0 4.657165672020807 10 
0010 0012 1666687999376455 -56.125 -67.0 5.976389149602458 10 
0010 0014 1666687999377707 -39.0 -69.5 5.5100589900852235 10 
0010 0005 1666687999379115 -17.0625 -65.5 4.405592822807561 10 
0010 0003 1666687999380776 -30.0625 -69.0 3.736777199289422 10 
0010 0001 1666687999402373 -6.5 -73.5 4.147884050442774 10 
0010 0003 1666687999476511 -33.3125 -71.5 4.061981126321178 10 
0010 0005 1666687999478288 -165.1875 -69.5 5.522330836388308 10 
0010 0002 1666687999479410 69.125 -68.0 2.9391071895888885 10 
0010 0010 1666687999480281 -78.0625 -64.0 4.822835597112456 10 
0010 0014 1666687999481133 -61.0 -69.5 5.583690067903734 10 
0010 0004 1666687999483022 -61.0 -61.0 5.853670686571607 10 
0010 0012 1666687999483922 -56.125 -65.0 6.277049384028044 10 
0010 0006 1666687999486324 -85.4375 -71.0 5.743224069843841 10 
0010 0001 1666687999505467 -16.3125 -73.0 5.019185137961818 10 
0010 0002 1666687999582461 -30.0625 -69.0 3.7122335066832517 10 
0010 0014 1666687999584237 -312.4375 -70.0 6.258641614573416 10 
0010 0012 1666687999585757 -8.9375 -64.0 0.34974761963792617 10 
0010 0010 1666687999586701 39.0 -62.0 5.681864838328415 10 
0010 0005 1666687999588788 139.125 -70.5 0.4356505437595221 10 
0010 0004 1666687999589712 26.0 -62.0 0.3313398501832985 10 
0010 0006 1666687999590863 104.125 -71.5 0.28838838812250056 10 
0010 0007 1666687999622454 12.1875 -73.0 0.662679700366597 10 
0010 0006 1666687999627772 9.75 -72.5 0.6320000846088841 10 
0010 0001 1666687999646475 5.4375 -74.5 2.773437264497239 10 
0010 0015 1666687999690136 0.4375 -74.0 2.073942025221387 10 
0010 0003 1666687999699935 -8.4375 -76.5 5.0253210611133605 10 
0010 0005 1666687999711604 -21.9375 -68.0 1.7732817907958012 10 
0010 0002 1666687999714880 -56.125 -69.5 4.473087977474529 10 
0010 0010 1666687999715820 34.9375 -61.5 0.3374757733348411 10 
0010 0012 1666687999717216 61.0 -63.5 0.380427235395639 10 
0010 0007 1666687999719754 -204.25 -69.5 1.4542137869155878 10 
0010 0004 1666687999721374 61.0 -63.5 1.3069516312785663 10 
0010 0003 1666687999728064 -1.1875 -73.5 2.2518837966161214 10 
0010 0015 1666687999741643 2.4375 -72.5 4.135612204139688 10 
0010 0014 1666687999748763 -9.0 -72.0 5.792311455056181 10 
0010 0010 1666687999818764 13.0 -61.5 1.030835089459151 10 
0010 0003 1666687999819634 256.3125 -69.0 3.031146036862027 10 
0010 0002 1666687999820841 100.0625 -72.0 5.049864753719531 10 
0010 0005 1666687999828476 -13.0 -65.5 2.693670263527186 10 
0010 0014 1666687999830055 134.25 -67.5 5.129631754689584 10 
0010 0012 1666687999830995 26.0 -62.5 0.7547185476397354 10 
0010 0004 1666687999832531 -30.0625 -65.0 2.386874105950058 10 
0010 0007 1666687999833631 -52.0625 -71.5 1.7671458676442586 10 
0010 0015 1666687999856328 2.4375 -73.0 1.8285050991596843 10 
0010 0009 1666687999860930 9.75 -74.5 5.859806609723149 10 
0010 0013 1666687999901510 0.0 -73.5 6.068427996875596 10 
0010 0004 1666687999937747 -61.0 -65.5 3.890175278077986 10 
0010 0007 1666687999939792 -26.0 -70.5 2.2886993355253766 10 
0010 0003 1666687999940730 -82.1875 -65.5 4.503767593232243 10 
0010 0015 1666687999941644 -117.125 -69.0 6.062292073724054 10 
0010 0005 1666687999942597 4.0625 -63.5 3.785864584501762 10 
0010 0012 1666687999944633 48.0 -62.0 1.0185632431560658 10 
0010 0010 1666687999945588 48.0 -64.0 2.098485717827557 10 
0010 0014 1666687999947125 -87.0625 -69.0 5.178719139901925 10 
0010 0005 1666688000038669 -4.0625 -61.5 4.7860200582032 10 
0010 0004 1666688000039594 8.9375 -63.0 5.442563835418255 10 
0010 0010 1666688000040509 -78.0625 -67.5 3.2765829629237295 10 
0010 0012 1666688000041377 8.9375 -63.5 1.2946797849754812 10 
0010 0003 1666688000042526 100.0625 -64.0 5.160311370447297 10 
0010 0015 1666688000044696 -234.3125 -68.5 0.16566992509164924 10 
0010 0014 1666688000045578 -30.0625 -69.5 5.203262832508095 10 
0010 0002 1666688000090294 4.25 -73.5 5.442563835418255 10 
0010 0006 1666688000101063 -2.125 -72.5 2.84706834231575 10 
0010 0008 1666688000137106 -0.625 -75.5 4.9394181369917645 10 
0010 0009 1666688000145086 0.875 -76.0 3.663146121470911 10 
0010 0007 1666688000165383 2.4375 -75.5 0.5645049299419159 10 
0010 0003 1666688000171461 43.125 -65.0 6.252505691421874 10 
0010 0004 1666688000173101 13.0 -59.0 0.8160777791551611 10 
0010 0015 1666688000174000 21.9375 -67.0 0.4295146206079795 10 
0010 0012 1666688000176757 117.125 -65.0 1.9389517158874505 10 
0010 0010 1666688000177626 -34.9375 -66.0 5.822991070813893 10 
0010 0005 1666688000179019 39.0 -60.5 0.32520392703175593 10 
0010 0006 1666688000180664 156.1875 -68.0 0.760854470791278 10 
0010 0002 1666688000182846 -30.0625 -67.5 5.810719224510809 10 
0010 0014 1666688000184634 34.9375 -69.5 5.47937937432751 10 
0010 0009 1666688000188445 139.125 -72.5 0.9326603190344698 10 
0010 0013 1666688000190410 -43.125 -71.0 2.6445828783148455 10 
0010 0007 1666688000192991 -108.1875 -71.5 1.282407938672396 10 
0010 0005 1666688000282416 -8.9375 -61.0 1.932815792735908 10 
0010 0003 1666688000284361 -4.0625 -68.0 1.2578642460662257 10 
0010 0015 1666688000285504 74.0 -66.0 0.34974761963792617 10 
0010 0004 1666688000286670 -13.0 -58.5 2.110757564130642 10 
0010 0013 1666688000287828 -130.1875 -69.5 4.1417481272912315 10 
0010 0009 1666688000288783 -152.125 -66.0 2.9268353432858034 10 
0010 0007 1666688000290158 0.0 -66.0 3.448388811166921 10 
0010 0002 1666688000292489 -30.0625 -66.0 6.080699843178682 10 
0010 0006 1666688000293868 -94.375 -66.0 2.227340104009951 10 
0010 0010 1666688000295277 61.0 -66.0 1.4910293258248433 10 
0010 0014 1666688000297441 -156.1875 -71.0 0.5522330836388308 10 
0010 0015 1666688000387233 4.0625 -64.5 0.5276893910326605 10 
0010 0003 1666688000388373 130.1875 -70.5 2.8286605728611223 10 
0010 0009 1666688000389509 8.9375 -66.0 3.890175278077986 10 
0010 0006 1666688000390889 -48.0 -67.0 3.0066023442558567 10 
0010 0005 1666688000392084 48.0 -63.0 3.730641276137879 10 
0010 0004 1666688000393476 4.0625 -61.5 3.429981041712294 10 
0010 0014 1666688000394644 130.1875 -70.0 1.736466251886546 10 
0010 0002 1666688000397044 -104.125 -66.0 0.30679615757712825 10 
0010 0007 1666688000398408 -26.0 -63.5 4.73693267299086 10 
0010 0010 1666688000399534 -65.0625 -64.0 3.4054373491061236 10 
0010 0009 1666688000491962 -17.0625 -67.0 4.651029748869264 10 
0010 0005 1666688000492874 -61.0 -62.0 5.289165756629691 10 
0010 0003 1666688000495373 4.0625 -69.0 4.779884135051658 10 
0010 0015 1666688000499169 134.25 -65.5 0.7669903939428205 10 
0010 0004 1666688000500181 -56.125 -62.5 4.859651136021712 10 
0010 0007 1666688000501306 100.0625 -65.5 5.448699758569798 10 
0010 0002 1666688000503765 160.3125 -69.0 0.5951845456996288 10 
0010 0010 1666688000505316 -43.125 -65.0 4.405592822807561 10 
0010 0006 1666688000507187 75.625 -68.0 3.7429131224409646 10 
0010 0011 1666688000526936 10.5 -72.5 5.006913291658733 10 
0010 0014 1666688000600681 1.5 -71.5 5.6941366846315 10 
0010 0009 1666688000608451 56.125 -68.5 5.9088939949354895 10 
0010 0004 1666688000609844 -48.0 -60.5 6.007068765360171 10 
0010 0010 1666688000610743 -169.25 -66.5 5.436427912266712 10 
0010 0007 1666688000611699 -69.125 -69.0 0.16566992509164924 10 
0010 0014 1666688000614050 -87.0625 -70.0 6.215690152512618 10 
0010 0002 1666688000615216 -30.0625 -73.0 1.9205439464328227 10 
0010 0003 1666688000616170 108.1875 -68.0 5.780039608753096 10 
0010 0005 1666688000617618 -48.0 -61.5 0.09817477042468103 10 
0010 0011 1666688000621582 212.375 -69.5 2.466641106920111 10 
0010 0007 1666688000713127 39.0 -72.0 0.607456392002714 10 
0010 0010 1666688000714865 -65.0625 -66.0 6.050020227420969 10 
0010 0014 1666688000715805 -186.3125 -69.0 4.252194744018997 10 
0010 0011 1666688000716717 -87.0625 -68.5 3.098641191528995 10 
0010 0005 1666688000718081 -17.0625 -61.5 0.8528933180644165 10 
0010 0003 1666688000720467 113.0625 -67.5 0.5154175447295755 10 
0010 0004 1666688000721390 -4.0625 -59.5 0.7363107781851077 10 
0010 0012 1666688000741555 -45.5625 -77.0 5.577554144752192 10 
0010 0002 1666688000813365 18.0 -77.5 6.080699843178682 10 
0010 0003 1666688000823072 43.125 -65.5 1.6996507129772904 10 
0010 0005 1666688000825143 17.0625 -61.0 1.7426021750380885 10 
0010 0015 1666688000830700 -52.0625 -70.0 1.0983302441261191 10 
0010 0011 1666688000831568 -21.9375 -69.0 4.172427743048944 10 
0010 0004 1666688000832477 -8.9375 -57.0 1.6505633277649499 10 
0010 0012 1666688000834201 -82.1875 -68.0 5.086680292628786 10 
0010 0010 1666688000836021 69.125 -68.0 0.6320000846088841 10 
0010 0014 1666688000841200 44.3125 -71.5 0.05829126993965436 10 
0010 0002 1666688000849478 41.0625 -74.0 0.48473792897186263 10 
0010 0006 1666688000878773 9.0 -74.0 0.705631162427395 10 
0010 0007 1666688000898501 5.3125 -75.0 5.927301764390117 10 
0010 0006 1666688000943387 241.6875 -70.5 1.2640001692177683 10 
0010 0003 1666688000945117 82.1875 -63.0 2.5341362615870793 10 
0010 0004 1666688000946070 17.0625 -55.5 2.662990647769473 10 
0010 0012 1666688000947832 -95.1875 -65.0 5.829126993965437 10 
0010 0010 1666688000949267 30.0625 -67.0 1.7855536370988863 10 
0010 0002 1666688000951155 -17.0625 -69.0 1.552388557340269 10 
0010 0005 1666688000952023 13.0 -60.0 2.8716120349219203 10 
0010 0015 1666688000953787 8.9375 -68.0 1.0246991663076084 10 
0010 0011 1666688000954745 -69.125 -69.0 5.344389064993574 10 
0010 0014 1666688000955912 -269.3125 -69.0 4.473087977474529 10 
0010 0007 1666688000962504 -212.375 -71.5 4.25833066717054 10 
0010 0001 1666688000979527 17.0625 -73.0 3.988350048502667 10 
0010 0007 1666688001056156 -26.0 -65.0 4.792155981354743 10 
0010 0001 1666688001058784 -199.375 -70.0 5.184855063053467 10 
0010 0005 1666688001059711 -43.125 -60.0 4.0128937411088375 10 
0010 0004 1666688001060638 -39.0 -56.0 4.09266074207889 10 
0010 0011 1666688001061539 165.1875 -71.5 0.11044661672776616 10 
0010 0006 1666688001062432 -61.8125 -68.0 2.890019804376548 10 
0010 0002 1666688001064052 74.0 -68.0 2.521864415283994 10 
0010 0014 1666688001065906 -8.9375 -69.5 4.3503695144436785 10 
0010 0003 1666688001067401 -21.9375 -64.0 3.5895150436524004 10 
0010 0012 1666688001069838 -65.0625 -69.0 0.4663301595172349 10 
0010 0015 1666688001070793 82.1875 -68.5 1.1474176293384597 10 
0010 0010 1666688001114137 10.9375 -72.5 2.0493983326152168 10 
0010 0003 1666688001163927 30.0625 -68.5 4.638757902566179 10 
0010 0014 1666688001165970 290.5 -69.5 4.06811704947272 10 
0010 0010 1666688001166921 -13.0 -69.5 6.160466844148735 10 
0010 0012 1666688001168034 56.125 -68.0 1.2701360923693108 10 
0010 0007 1666688001169242 69.125 -63.5 5.9518454569962875 10 
0010 0015 1666688001170397 -134.25 -68.0 1.7303303287350031 10 
0010 0006 1666688001171533 -194.4375 -70.5 4.246058820867455 10 
0010 0011 1666688001172711 -17.0625 -68.5 1.9266798695843652 10 
0010 0005 1666688001173552 -39.0 -62.5 5.516194913236766 10 
0010 0004 1666688001174475 -21.9375 -56.5 5.583690067903734 10 
0010 0002 1666688001175582 -4.0625 -66.5 3.816544200259475 10 
0010 0001 1666688001178623 -21.9375 -70.0 0.3436116964863836 10 
0010 0015 1666688001268222 165.1875 -70.0 1.9696313316451632 10 
0010 0005 1666688001272207 -91.125 -66.5 1.4971652489763858 10 
0010 0004 1666688001273742 -21.9375 -57.5 0.662679700366597 10 
0010 0007 1666688001274868 39.0 -64.5 1.368310862793992 10 
0010 0010 1666688001276137 39.0 -67.0 1.6321555583103222 10 
0010 0011 1666688001277713 -108.1875 -68.0 3.5895150436524004 10 
0010 0002 1666688001279278 160.3125 -67.0 4.565126824747668 10 
0010 0001 1666688001280172 178.1875 -69.5 1.2517283229146832 10 
0010 0003 1666688001314376 7.625 -76.0 4.601942363656923 10 
0010 0005 1666688001378456 -95.1875 -64.0 3.4606606574700063 10 
0010 0004 1666688001380132 34.9375 -57.0 2.012582793705961 10 
0010 0010 1666688001381269 4.0625 -68.5 2.1782527187976104 10 
0010 0011 1666688001382710 -152.125 -68.0 4.914874444385594 10 
0010 0002 1666688001385166 -186.3125 -67.0 5.890486225480862 10 
0010 0003 1666688001386061 -117.125 -71.5 2.675262494072558 10 
0010 0001 1666688001387241 -277.4375 -70.0 2.4850488763747385 10 
0010 0007 1666688001388435 -48.0 -64.5 3.2397674240144743 10 
0010 0009 1666688001393924 260.375 -73.5 1.239456476611598 10 
0010 0014 1666688001477400 -3.6875 -74.0 1.043106935762236 10 
0010 0015 1666688001493660 2.3125 -74.0 0.4295146206079795 10 
0010 0007 1666688001499776 -21.9375 -62.5 4.344233591292136 10 
0010 0002 1666688001501195 8.9375 -67.5 0.23930100291016002 10 
0010 0011 1666688001502591 -34.9375 -67.0 0.030679615757712823 10 
0010 0003 1666688001505091 74.0 -70.0 3.2459033471660166 10 
0010 0010 1666688001506244 -26.0 -65.5 2.724349879284899 10 
0010 0005 1666688001508999 4.0625 -60.0 4.399456899656019 10 
0010 0004 1666688001510266 -34.9375 -57.0 3.522019888985432 10 
0010 0012 1666688001511380 61.0 -67.5 3.54042765844006 10 
0010 0014 1666688001516634 -13.0 -70.5 3.9453985864418692 10 
0010 0015 1666688001525444 40.25 -71.5 1.389786593824391 10 
0010 0004 1666688001606267 4.0625 -56.5 4.289010282928253 10 
0010 0012 1666688001607947 65.0625 -65.5 4.000621894805752 10 
0010 0006 1666688001609054 -170.875 -69.0 5.246214294568893 10 
0010 0005 1666688001611251 0.0 -59.5 4.884194828627882 10 
0010 0015 1666688001612623 -17.0625 -65.5 0.3129320807286708 10 
0010 0010 1666688001614246 -78.0625 -64.0 3.6999616603801666 10 
0010 0007 1666688001616177 -4.0625 -61.5 4.706253057233147 10 
0010 0003 1666688001617343 -87.0625 -69.5 4.086524818927348 10 
0010 0011 1666688001619222 121.25 -66.5 0.859029241215959 10 
0010 0002 1666688001620740 21.9375 -70.5 0.8160777791551611 10 
0010 0004 1666688001712246 -26.0 -56.5 5.086680292628786 10 
0010 0011 1666688001713414 -61.0 -66.0 1.4358060174609601 10 
0010 0007 1666688001715033 -43.125 -60.5 5.178719139901925 10 
0010 0005 1666688001715987 -100.0625 -59.0 5.559146375297564 10 
0010 0012 1666688001718033 -78.0625 -66.0 3.9269908169872414 10 
0010 0006 1666688001718926 -42.3125 -67.0 5.338253141842031 10 
0010 0010 1666688001719867 48.0 -64.0 4.313553975534423 10 
0010 0003 1666688001723017 -78.0625 -71.5 4.773748211900116 10 
0010 0002 1666688001727151 17.0625 -74.0 1.6812429435226628 10 
0010 0015 1666688001804836 0.0 -70.0 3.8288160465625602 10 
0010 0006 1666688001821754 -17.0625 -66.0 5.516194913236766 10 
0010 0004 1666688001825107 -13.0 -57.5 6.068427996875596 10 
0010 0005 1666688001825976 -30.0625 -59.5 0.01227184630308513 10 
0010 0007 1666688001827598 -26.0 -62.5 5.872078456026235 10 
0010 0011 1666688001828482 13.0 -65.0 2.454369260617026 10 
0010 0015 1666688001829412 34.9375 -65.0 1.0921943209745766 10 
0010 0010 1666688001830680 -139.125 -65.5 5.148039524144211 10 
0010 0012 1666688001831623 -61.0 -63.5 4.000621894805752 10 
0010 0001 1666688001874511 -1.625 -74.0 5.270757987175063 10 
0010 0002 1666688001919312 3.9375 -77.5 0.16566992509164924 10 
0010 0010 1666688001934309 -134.25 -69.0 6.2463697682703305 10 
0010 0015 1666688001935180 160.3125 -64.0 1.4358060174609601 10 
0010 0001 1666688001936091 234.3125 -70.5 2.5464081078901644 10 
0010 0006 1666688001937744 14.625 -67.5 5.810719224510809 10 
0010 0004 1666688001938863 0.0 -57.5 1.1044661672776617 10 
0010 0012 1666688001939768 -69.125 -62.5 4.239922897715912 10 
0010 0011 1666688001941118 -8.9375 -66.0 3.6079228131070282 10 
0010 0007 1666688001942966 95.1875 -66.0 0.9326603190344698 10 
0010 0005 1666688001945126 61.0 -60.5 1.2517283229146832 10 
0010 0011 1666688002046904 -160.3125 -68.5 5.6143696836614465 10 
0010 0001 1666688002048338 34.9375 -70.5 3.7551849687440497 10 
0010 0012 1666688002050841 -95.1875 -62.5 5.0682725231741586 10 
0010 0005 1666688002052347 13.0 -61.0 3.1354567304382504 10 
0010 0015 1666688002053293 182.25 -64.0 1.88986433067511 10 
0010 0007 1666688002054219 91.125 -64.5 3.380893656499953 10 
0010 0006 1666688002055582 170.875 -71.5 0.30066023442558565 10 
0010 0004 1666688002056746 -13.0 -57.5 2.6568547246179306 10 
0010 0002 1666688002057762 225.375 -69.5 1.3192234775816514 10 
0010 0003 1666688002059774 -250.625 -71.5 4.71238898038469 10 
0010 0013 1666688002079203 -9.0 -74.5 5.436427912266712 10 
0010 0005 1666688002150839 -21.9375 -59.5 5.049864753719531 10 
0010 0011 1666688002152921 34.9375 -66.0 1.2026409377023426 10 
0010 0013 1666688002153838 -178.1875 -70.0 0.37429131224409645 10 
0010 0007 1666688002154989 -30.0625 -59.0 4.988505522204105 10 
0010 0004 1666688002155912 -8.9375 -58.5 4.000621894805752 10 
0010 0012 1666688002157125 48.0 -65.0 5.602097837358362 10 
0010 0015 1666688002158748 43.125 -66.0 2.2396119503130363 10 
0010 0003 1666688002160949 95.1875 -72.0 5.724816300389213 10 
0010 0002 1666688002163937 21.9375 -72.0 2.3316507975861747 10 
0010 0011 1666688002254618 0.0 -63.5 2.6016314162540475 10 
0010 0007 1666688002255745 -13.0 -60.0 6.234097921967246 10 
0010 0015 1666688002257541 39.0 -65.0 2.2580197197676637 10 
0010 0005 1666688002259530 -17.0625 -59.0 0.39269908169872414 10 
0010 0013 1666688002261088 139.125 -70.5 1.509437095279471 10 
0010 0004 1666688002262254 -39.0 -61.0 5.381204603902829 10 
0010 0003 1666688002263790 179.8125 -72.0 1.214912784005428 10 
0010 0014 1666688002289068 12.1875 -72.5 4.706253057233147 10 
0010 0010 1666688002321080 0.875 -70.5 4.822835597112456 10 
0010 0001 1666688002325775 3.625 -74.0 5.074408446325701 10 
0010 0005 1666688002374200 13.0 -58.5 1.736466251886546 10 
0010 0004 1666688002375339 56.125 -65.0 0.8835729338221293 10 
0010 0015 1666688002376254 65.0625 -66.5 2.5770877236478773 10 
0010 0011 1666688002377435 -56.125 -62.5 3.9147189706841563 10 
0010 0007 1666688002379509 117.125 -64.0 2.1230294104337273 10 
0010 0003 1666688002382589 -87.0625 -71.0 2.7857091108003242 10 
0010 0001 1666688002383513 4.0625 -70.0 2.497320722677824 10 
0010 0010 1666688002384865 134.25 -67.5 2.650718801466388 10 
0010 0014 1666688002386147 117.125 -67.5 0.5951845456996288 10 
0010 0005 1666688002473538 52.0625 -61.0 2.9575149590435164 10 
0010 0011 1666688002475785 121.25 -62.0 4.3503695144436785 10 
0010 0015 1666688002478090 -43.125 -68.5 2.282563412373834 10 
0010 0004 1666688002481423 117.125 -65.0 2.2212041808584084 10 
0010 0007 1666688002482575 26.0 -63.0 4.1417481272912315 10 
0010 0010 1666688002483969 4.0625 -66.0 3.9147189706841563 10 
0010 0003 1666688002485748 74.0 -72.5 4.000621894805752 10 
0010 0001 1666688002486943 221.3125 -71.0 3.0495538063166547 10 
0010 0013 1666688002504021 2.4375 -73.0 0.8528933180644165 10 
0010 0002 1666688002536298 8.0625 -77.5 0.0 10 
0010 0014 1666688002585507 3.3125 -70.0 0.4295146206079795 10 
0010 0010 1666688002591791 34.9375 -64.0 4.589670517353839 10 
0010 0005 1666688002595968 -34.9375 -62.0 4.608078286808466 10 
0010 0007 1666688002597514 4.0625 -61.5 5.356660911296659 10 
0010 0004 1666688002598351 0.0 -63.5 3.4606606574700063 10 
0010 0011 1666688002599492 -8.9375 -63.5 5.209398755659637 10 
0010 0014 1666688002600758 43.125 -66.5 3.8963112012295285 10 
0010 0002 1666688002602942 -65.0625 -74.0 3.5465635815916023 10 
0010 0013 1666688002634290 3.1875 -73.0 0.7669903939428205 10 
0010 0003 1666688002653462 5.3125 -76.5 0.42337869745643697 10 
0010 0010 1666688002708301 0.0 -62.0 5.47937937432751 10 
0010 0013 1666688002709236 61.0 -68.0 1.0676506283684062 10 
0010 0011 1666688002710985 -34.9375 -67.0 6.1420590746941075 10 
0010 0014 1666688002712633 26.0 -64.5 2.399145952253143 10 
0010 0002 1666688002713812 34.9375 -71.5 4.28287435977671 10 
0010 0004 1666688002714766 30.0625 -63.0 4.313553975534423 10 
0010 0007 1666688002715677 -4.0625 -60.0 6.227961998815704 10 
0010 0003 1666688002717057 126.125 -73.0 1.423534171157875 10 
0010 0005 1666688002718194 -61.0 -62.5 6.252505691421874 10 
0010 0012 1666688002719690 30.0625 -69.5 5.393476450205914 10 
0010 0005 1666688002819243 30.0625 -61.0 1.000155473701438 10 
0010 0010 1666688002820156 -34.9375 -62.0 0.21475731030398976 10 
0010 0003 1666688002821263 113.0625 -68.5 2.5893595699509624 10 
0010 0002 1666688002822922 -48.0 -72.0 5.209398755659637 10 
0010 0007 1666688002823846 -21.9375 -58.5 0.7424467013366504 10 
0010 0012 1666688002825482 186.3125 -66.0 1.1780972450961724 10 
0010 0004 1666688002827231 -26.0 -63.0 5.141903600992669 10 
0010 0014 1666688002828368 34.9375 -64.5 5.178719139901925 10 
0010 0013 1666688002829542 121.25 -66.0 1.4603497100671303 10 
0010 0011 1666688002832423 256.3125 -70.5 1.4542137869155878 10 
0010 0013 1666688002939930 160.3125 -67.5 1.945087639038993 10 
0010 0007 1666688002941334 -4.0625 -58.0 1.5830681730979816 10 
0010 0003 1666688002943809 -65.0625 -66.5 3.8963112012295285 10 
0010 0014 1666688002945319 -182.25 -68.5 5.93343768754166 10 
0010 0004 1666688002947083 -52.0625 -67.5 0.23930100291016002 10 
0010 0012 1666688002948010 39.0 -68.5 2.435961491162398 10 
0010 0005 1666688002949547 -4.0625 -59.5 2.1537090261914402 10 
0010 0010 1666688002950475 104.125 -61.0 1.6198837120072371 10 
0010 0011 1666688002952649 208.3125 -70.5 3.693825737228624 10 
0010 0002 1666688002977976 7.3125 -76.5 0.607456392002714 10 
0010 0001 1666688003006068 10.1875 -74.0 0.018407769454627694 10 
0010 0011 1666688003050367 -100.0625 -68.5 5.301437602932776 10 
0010 0012 1666688003051763 -121.25 -68.5 4.006757817957295 10 
0010 0005 1666688003053468 30.0625 -60.5 3.2213596545598464 10 
0010 0007 1666688003054888 -4.0625 -58.5 2.6016314162540475 10 
0010 0003 1666688003056069 -117.125 -67.0 5.062136600022616 10 
0010 0010 1666688003056992 -8.9375 -59.5 3.509748042682347 10 
0010 0004 1666688003058911 -130.1875 -70.0 2.693670263527186 10 
0010 0001 1666688003091397 -1.625 -73.5 1.0492428589137786 10 
0010 0007 1666688003160927 -43.125 -61.5 3.988350048502667 10 
0010 0004 1666688003162291 -48.0 -66.0 4.988505522204105 10 
0010 0003 1666688003164038 -34.9375 -66.5 0.1349903093339364 10 
0010 0012 1666688003165191 -43.125 -65.5 5.313709449235861 10 
0010 0011 1666688003166841 61.0 -69.5 0.16566992509164924 10 
0010 0005 1666688003167696 30.0625 -62.5 4.76147636559703 10 
0010 0010 1666688003168593 -17.0625 -57.5 5.375068680751287 10 
