0010 0011 1666688439904433 -34.9375 -68.0 4.963961829597935 11 
0010 0003 1666688439907672 -134.25 -67.0 3.1784081924990484 11 
0010 0007 1666688439909815 -13.0 -65.5 2.2457478734645786 11 
0010 0013 1666688439911029 -126.125 -63.0 4.773748211900116 11 
0010 0002 1666688439911966 -26.0 -72.5 1.7426021750380885 11 
0010 0010 1666688439913036 -52.0625 -71.5 2.834796496012665 11 
0010 0003 1666688440009537 195.25 -67.0 2.84706834231575 11 
0010 0004 1666688440011556 43.125 -63.5 5.50392306693368 11 
0010 0007 1666688440012452 -21.9375 -60.0 2.7550294950426117 11 
0010 0014 1666688440013344 0.0 -66.5 2.8716120349219203 11 
0010 0002 1666688440014555 178.1875 -71.0 1.6566992509164924 11 
0010 0013 1666688440015937 -91.125 -67.0 5.418020142812084 11 
0010 0005 1666688440017234 -74.0 -66.0 5.442563835418255 11 
0010 0011 1666688440018389 -39.0 -67.0 4.95168998329485 11 
0010 0010 1666688440019714 -113.0625 -69.5 3.160000423044421 11 
0010 0010 1666688440114557 -13.0 -61.5 3.8963112012295285 11 
0010 0003 1666688440115510 74.0 -66.5 3.2520392703175593 11 
0010 0013 1666688440116424 -26.0 -62.5 0.46019423636569234 11 
0010 0007 1666688440118102 34.9375 -63.0 2.36846633649543 11 
0010 0004 1666688440120248 13.0 -64.5 0.07976700097005335 11 
0010 0002 1666688440121388 -195.25 -70.0 2.5954954931025047 11 
0010 0014 1666688440123289 -43.125 -63.5 2.9575149590435164 11 
0010 0005 1666688440125902 -61.0 -66.5 5.473243451175968 11 
0010 0011 1666688440128628 -8.9375 -69.5 3.77972866135022 11 
0010 0001 1666688440221299 1.75 -74.5 2.380738182798515 11 
0010 0013 1666688440236903 -17.0625 -58.0 0.2638446955163303 11 
0010 0003 1666688440238181 21.9375 -65.0 3.736777199289422 11 
0010 0007 1666688440241473 -91.125 -68.0 4.8351074434155406 11 
0010 0014 1666688440242626 -82.1875 -65.0 1.748738098189631 11 
0010 0002 1666688440243552 -78.0625 -65.0 4.1417481272912315 11 
0010 0010 1666688440244932 -34.9375 -55.5 5.418020142812084 11 
0010 0005 1666688440247898 113.0625 -71.5 5.4671075280244255 11 
0010 0004 1666688440270907 -2.4375 -70.5 0.6994952392758523 11 
0010 0011 1666688440333818 -1.5 -70.5 0.8528933180644165 11 
0010 0011 1666688440368384 26.0 -63.5 0.2638446955163303 11 
0010 0012 1666688440370427 -21.9375 -59.5 0.36815538909255385 11 
0010 0010 1666688440371284 -48.0 -53.5 4.914874444385594 11 
0010 0003 1666688440372675 17.0625 -61.5 3.902447124381071 11 
0010 0002 1666688440374600 4.0625 -59.0 5.313709449235861 11 
0010 0013 1666688440375800 13.0 -63.5 0.5522330836388308 11 
0010 0004 1666688440376713 -30.0625 -62.5 5.798447378207723 11 
0010 0014 1666688440378703 -100.0625 -71.5 1.423534171157875 11 
0010 0007 1666688440396086 1.625 -74.5 4.479223900626073 11 
0010 0009 1666688440467432 0.1875 -76.5 0.8713010875190442 11 
0010 0002 1666688440486018 -21.9375 -60.5 5.516194913236766 11 
0010 0003 1666688440487396 -17.0625 -62.5 3.6447383520162835 11 
0010 0009 1666688440488339 243.3125 -70.0 3.9515345095934116 11 
0010 0010 1666688440491558 8.9375 -56.5 4.516039439535327 11 
0010 0006 1666688440492482 -42.3125 -68.5 2.9145634969827183 11 
0010 0012 1666688440493380 21.9375 -60.5 1.6137477888556946 11 
0010 0007 1666688440494290 4.0625 -61.5 1.9757672547967058 11 
0010 0005 1666688440586007 4.625 -76.5 5.884350302329319 11 
0010 0015 1666688440595990 -2.9375 -71.5 4.8351074434155406 11 
0010 0008 1666688440604389 -4.375 -75.0 2.1353012567368124 11 
0010 0010 1666688440611774 -52.0625 -59.0 4.154019973594316 11 
0010 0003 1666688440612924 39.0 -69.5 2.9820586516496865 11 
0010 0006 1666688440614032 -28.4375 -62.5 1.6014759425526093 11 
0010 0012 1666688440617721 43.125 -62.5 2.2764274892222915 11 
0010 0007 1666688440619201 30.0625 -60.5 2.018718716857504 11 
0010 0009 1666688440620368 -39.0 -67.0 4.95168998329485 11 
0010 0002 1666688440621889 -82.1875 -67.5 5.730952223540755 11 
0010 0008 1666688440625814 100.0625 -71.5 5.405748296509 11 
0010 0010 1666688440723007 -4.0625 -61.5 3.6999616603801666 11 
0010 0007 1666688440726654 -74.0 -64.0 6.074563920027139 11 
0010 0008 1666688440727550 39.0 -66.5 0.4479223900626072 11 
0010 0006 1666688440728970 -30.0625 -61.0 2.2580197197676637 11 
0010 0012 1666688440731258 21.9375 -63.0 1.5278448647340985 11 
0010 0002 1666688440734236 -403.625 -70.5 6.031612457966341 11 
0010 0009 1666688440830202 -2.4375 -71.0 0.803805932852076 11 
0010 0003 1666688440838627 5.5625 -75.5 5.209398755659637 11 
0010 0010 1666688440848748 -69.125 -60.5 4.190835512503572 11 
0010 0009 1666688440850383 -143.1875 -68.5 0.7485826244881929 11 
0010 0012 1666688440851804 52.0625 -62.5 1.5155730184310134 11 
0010 0002 1666688440852942 108.1875 -67.0 5.9518454569962875 11 
0010 0006 1666688440855439 -21.9375 -63.5 0.9878836273983529 11 
0010 0008 1666688440857188 21.9375 -65.0 0.30679615757712825 11 
0010 0007 1666688440858087 21.9375 -65.0 5.688000761479957 11 
0010 0003 1666688440883449 1.625 -74.0 2.325514874434632 11 
0010 0007 1666688440959785 -26.0 -62.0 1.4848934026733007 11 
0010 0010 1666688440962557 17.0625 -59.5 4.387185053352934 11 
0010 0006 1666688440963765 18.6875 -67.0 2.82252464970958 11 
0010 0012 1666688440965543 -56.125 -59.0 2.411417798556228 11 
0010 0008 1666688440966481 -48.0 -69.0 0.04295146206079795 11 
0010 0003 1666688440967406 100.0625 -71.0 2.834796496012665 11 
0010 0002 1666688440968344 17.0625 -60.5 5.93343768754166 11 
0010 0009 1666688440969641 30.0625 -69.0 0.5645049299419159 11 
0010 0011 1666688441009451 1.625 -69.5 4.000621894805752 11 
0010 0004 1666688441026447 4.25 -75.0 5.724816300389213 11 
0010 0013 1666688441073581 0.625 -74.5 4.583534594202296 11 
0010 0012 1666688441082623 13.0 -60.0 1.9634954084936207 11 
0010 0007 1666688441083509 74.0 -65.5 5.043728830567988 11 
0010 0010 1666688441084660 -17.0625 -55.5 4.534447208989955 11 
0010 0004 1666688441085827 13.0 -59.0 0.28838838812250056 11 
0010 0002 1666688441088157 -65.0625 -58.0 5.399612373357457 11 
0010 0003 1666688441090029 8.9375 -65.0 3.6201946594101133 11 
0010 0011 1666688441090953 0.0 -65.5 1.6935147898257479 11 
0010 0013 1666688441092839 -104.125 -72.0 3.9576704327449543 11 
0010 0008 1666688441093750 121.25 -73.0 0.20248546400090464 11 
0010 0007 1666688441195505 13.0 -62.0 4.908738521234052 11 
0010 0004 1666688441196417 -17.0625 -57.0 5.332117218690489 11 
0010 0012 1666688441197375 -48.0 -63.5 3.6876898140770815 11 
0010 0010 1666688441200843 0.0 -56.0 4.595806440505381 11 
0010 0003 1666688441202000 52.0625 -62.0 3.9392626632903265 11 
0010 0011 1666688441202941 48.0 -66.0 0.8406214717613314 11 
0010 0002 1666688441203837 39.0 -59.5 4.411728745959104 11 
0010 0014 1666688441256908 -3.0 -73.5 1.2026409377023426 11 
0010 0008 1666688441305887 2.1875 -76.0 2.4175537217077703 11 
0010 0002 1666688441315805 21.9375 -63.5 2.9943304979527716 11 
0010 0010 1666688441316760 17.0625 -57.0 3.1784081924990484 11 
0010 0007 1666688441317674 134.25 -66.5 0.9142525495798421 11 
0010 0003 1666688441319770 -8.9375 -63.0 3.0372819600135696 11 
0010 0004 1666688441320967 -69.125 -61.5 1.8285050991596843 11 
0010 0014 1666688441322021 43.125 -66.0 2.9329712664373457 11 
0010 0014 1666688441420664 91.125 -70.5 4.7307967498393175 11 
0010 0002 1666688441421944 56.125 -68.5 1.9389517158874505 11 
0010 0013 1666688441422818 -121.25 -67.0 0.7301748550335652 11 
0010 0003 1666688441423754 -26.0 -65.5 2.8286605728611223 11 
0010 0010 1666688441427327 48.0 -65.5 2.6139032625571326 11 
0010 0004 1666688441428749 13.0 -61.0 5.675728915176872 11 
0010 0005 1666688441443265 24.0 -74.5 1.586136134673753 11 
0010 0015 1666688441458656 3.1875 -73.0 0.1349903093339364 11 
0010 0007 1666688441518084 3.6875 -72.5 0.9081166264282996 11 
0010 0004 1666688441540731 0.0 -61.0 4.804427827657828 11 
0010 0005 1666688441542144 121.25 -66.5 5.006913291658733 11 
0010 0007 1666688441544064 -39.0 -68.0 1.2333205534600555 11 
0010 0011 1666688441544948 126.125 -70.0 3.902447124381071 11 
0010 0003 1666688441546157 104.125 -67.5 2.3746022596469727 11 
0010 0013 1666688441547366 -8.9375 -64.5 4.276738436625168 11 
0010 0014 1666688441549712 -87.0625 -66.0 2.9697868053466014 11 
0010 0002 1666688441553058 -126.125 -70.5 1.4971652489763858 11 
0010 0010 1666688441553985 230.25 -72.5 1.7978254834019713 11 
0010 0015 1666688441653027 1.5 -74.0 0.11044661672776616 11 
0010 0015 1666688441661847 -0.4375 -74.0 0.17794177139473438 11 
0010 0015 1666688441670662 0.0 -74.0 0.09203884727313846 11 
0010 0015 1666688441679516 -1.625 -74.0 0.15339807878856412 11 
0010 0015 1666688441688317 -1.5 -74.0 0.006135923151542565 11 
0010 0015 1666688441697154 -2.5 -73.5 0.12885438618239387 11 
0010 0005 1666688441703953 43.125 -67.5 5.227806525114265 11 
0010 0003 1666688441705613 13.0 -67.5 2.6139032625571326 11 
0010 0002 1666688441706764 91.125 -69.5 1.6382914814618648 11 
0010 0011 1666688441708371 65.0625 -67.0 3.485204350076177 11 
0010 0010 1666688441709750 30.0625 -68.0 2.9268353432858034 11 
0010 0004 1666688441711823 -39.0 -61.0 5.148039524144211 11 
0010 0007 1666688441716082 -208.3125 -71.5 0.9572040116406401 11 
0010 0013 1666688441717446 -8.9375 -67.0 0.1227184630308513 11 
0010 0014 1666688441725911 -19.5 -71.5 4.427068553837961 11 
0010 0014 1666688441826733 -39.0 -60.5 2.454369260617026 11 
0010 0013 1666688441827660 -4.0625 -62.0 0.09817477042468103 11 
0010 0004 1666688441828573 -21.9375 -62.0 0.34974761963792617 11 
0010 0010 1666688441829514 -4.0625 -56.5 4.3933209765044765 11 
0010 0003 1666688441830355 43.125 -66.0 2.945243112740431 11 
0010 0002 1666688441832697 -52.0625 -65.5 2.742757648739526 11 
0010 0007 1666688441835522 8.9375 -67.0 3.2704470397721868 11 
0010 0005 1666688441837519 -286.4375 -72.0 5.258486140871978 11 
0010 0012 1666688441888676 1.625 -66.0 1.4787574795217582 11 
0010 0011 1666688441940134 -3.5625 -74.5 2.2027964114037806 11 
0010 0013 1666688441948512 65.0625 -61.0 5.939573610693203 11 
0010 0011 1666688441949921 78.0625 -68.5 5.141903600992669 11 
0010 0010 1666688441952224 17.0625 -53.5 4.620350133111551 11 
0010 0002 1666688441953945 -43.125 -61.0 4.086524818927348 11 
0010 0004 1666688441954914 -26.0 -63.0 3.423845118560751 11 
0010 0003 1666688441955823 39.0 -64.0 3.067961575771282 11 
0010 0012 1666688441958442 61.0 -64.5 1.5707963267948966 11 
0010 0007 1666688442014424 -10.1875 -73.5 6.086835766330224 11 
0010 0008 1666688442030111 6.375 -78.0 5.350524988145116 11 
0010 0010 1666688442079864 -17.0625 -55.5 4.571262747899211 11 
0010 0002 1666688442081402 26.0 -59.5 4.724660826687775 11 
0010 0003 1666688442082298 52.0625 -64.5 3.2704470397721868 11 
0010 0007 1666688442083675 -21.9375 -62.0 3.2888548092268146 11 
0010 0004 1666688442084575 -48.0 -66.5 5.049864753719531 11 
0010 0012 1666688442087154 -13.0 -59.5 0.32520392703175593 11 
0010 0011 1666688442088280 39.0 -63.0 3.5956509668039427 11 
0010 0006 1666688442091381 -70.75 -67.5 5.602097837358362 11 
0010 0008 1666688442142205 5.9375 -76.5 1.8653206380689396 11 
0010 0006 1666688442191437 109.0 -67.5 3.877903431774901 11 
0010 0010 1666688442192839 4.0625 -56.5 3.5158839658338894 11 
0010 0012 1666688442194038 -13.0 -59.5 1.141281706186917 11 
0010 0007 1666688442195921 -52.0625 -61.0 3.466796580621549 11 
0010 0003 1666688442197072 -61.0 -68.5 2.9943304979527716 11 
0010 0002 1666688442200531 4.0625 -60.5 4.859651136021712 11 
0010 0009 1666688442203405 -156.1875 -68.0 5.994796919057086 11 
0010 0008 1666688442205801 -104.125 -73.5 5.00077736850719 11 
0010 0015 1666688442248522 3.1875 -72.5 3.761320891895592 11 
0010 0006 1666688442305198 30.0625 -62.5 1.3437671701878218 11 
0010 0010 1666688442306662 -26.0 -56.5 3.9576704327449543 11 
0010 0012 1666688442308937 26.0 -66.0 0.7424467013366504 11 
0010 0003 1666688442309834 -156.1875 -72.0 2.386874105950058 11 
0010 0009 1666688442311027 -113.0625 -67.5 6.117515382087937 11 
0010 0007 1666688442312675 21.9375 -65.0 5.964117303299373 11 
0010 0008 1666688442314549 61.0 -69.5 5.221670601962723 11 
0010 0002 1666688442316838 -39.0 -67.5 5.037592907416445 11 
0010 0012 1666688442416530 -74.0 -65.0 1.1658253987930873 11 
0010 0006 1666688442417411 -75.625 -61.0 1.8223691760081417 11 
0010 0007 1666688442418295 -178.1875 -64.5 5.037592907416445 11 
0010 0010 1666688442419175 8.9375 -59.0 3.736777199289422 11 
0010 0009 1666688442420060 -61.0 -66.0 0.7117670855789375 11 
0010 0008 1666688442421295 -43.125 -62.0 0.3374757733348411 11 
0010 0002 1666688442424412 -156.1875 -70.5 4.878058905476339 11 
0010 0003 1666688442506469 -3.5625 -75.0 5.037592907416445 11 
0010 0006 1666688442529024 -66.6875 -65.5 0.25770877236478773 11 
0010 0012 1666688442530164 -26.0 -66.0 1.1351457830353744 11 
0010 0010 1666688442531317 -26.0 -58.5 3.8717675086233583 11 
0010 0009 1666688442535270 -34.9375 -63.5 0.5031456984264903 11 
0010 0002 1666688442537044 8.9375 -66.5 4.902602598082509 11 
0010 0008 1666688442538568 -34.9375 -62.0 6.14819499784565 11 
0010 0007 1666688442539850 17.0625 -64.0 5.7616318392984684 11 
0010 0003 1666688442561432 -16.3125 -74.5 5.1725832167503825 11 
0010 0002 1666688442637401 104.125 -62.5 4.693981210930062 11 
0010 0007 1666688442638594 8.9375 -60.0 1.2885438618239387 11 
0010 0008 1666688442639521 -61.0 -66.0 6.025476534814799 11 
0010 0010 1666688442640683 0.0 -58.0 3.6017868899554855 11 
0010 0006 1666688442643043 -26.0 -65.0 1.0246991663076084 11 
0010 0012 1666688442646509 26.0 -62.0 1.1965050145508 11 
0010 0009 1666688442647520 -69.125 -68.5 0.28225246497095796 11 
0010 0003 1666688442649298 113.0625 -70.0 2.6200391857086753 11 
0010 0011 1666688442667911 -13.875 -73.5 0.8099418560036186 11 
0010 0004 1666688442670659 13.875 -74.0 5.197126909356553 11 
0010 0010 1666688442754099 17.0625 -55.5 3.80427235395639 11 
0010 0004 1666688442755465 -91.125 -63.0 5.516194913236766 11 
0010 0012 1666688442756590 48.0 -65.5 0.5338253141842031 11 
0010 0002 1666688442757741 17.0625 -59.5 4.522175362686871 11 
0010 0007 1666688442759164 87.0625 -68.5 6.160466844148735 11 
0010 0003 1666688442760797 78.0625 -66.0 3.2397674240144743 11 
0010 0008 1666688442761806 -4.0625 -70.0 6.025476534814799 11 
0010 0009 1666688442764500 173.3125 -73.5 6.019340611663256 11 
0010 0013 1666688442773815 30.5 -72.0 4.37798116862562 11 
0010 0011 1666688442814448 -12.9375 -73.0 5.822991070813893 11 
0010 0010 1666688442867655 13.0 -56.5 3.9576704327449543 11 
0010 0012 1666688442870668 17.0625 -62.5 2.2150682577068657 11 
0010 0007 1666688442872164 87.0625 -67.0 5.092816215780329 11 
0010 0004 1666688442874181 30.0625 -57.5 4.344233591292136 11 
0010 0008 1666688442875133 -91.125 -70.0 5.939573610693203 11 
0010 0003 1666688442877204 43.125 -62.0 3.865631585471816 11 
0010 0002 1666688442878056 -21.9375 -61.0 3.6017868899554855 11 
0010 0011 1666688442879082 13.0 -67.0 5.976389149602458 11 
0010 0014 1666688442960159 6.375 -72.5 4.95168998329485 11 
0010 0008 1666688442981686 126.125 -72.0 5.105088062083414 11 
0010 0002 1666688442984197 -21.9375 -62.5 2.675262494072558 11 
0010 0004 1666688442985974 48.0 -60.5 1.282407938672396 11 
0010 0003 1666688442986854 -21.9375 -63.0 2.9636508821950587 11 
0010 0014 1666688442987808 -8.9375 -67.5 2.8102528034064944 11 
0010 0007 1666688442988903 4.0625 -70.0 1.0246991663076084 11 
0010 0010 1666688442989830 13.0 -55.5 3.5772431973493153 11 
0010 0004 1666688443087608 -78.0625 -61.5 5.651185222570702 11 
0010 0010 1666688443089087 4.0625 -65.5 3.08636934522591 11 
0010 0003 1666688443091058 -8.9375 -66.5 2.466641106920111 11 
0010 0002 1666688443091913 48.0 -68.5 1.8714565612204823 11 
0010 0007 1666688443093279 21.9375 -71.5 3.0372819600135696 11 
0010 0013 1666688443094406 -17.0625 -66.5 0.4724660826687775 11 
0010 0014 1666688443095931 26.0 -68.0 4.565126824747668 11 
0010 0005 1666688443119924 30.9375 -73.5 4.534447208989955 11 
0010 0015 1666688443187406 -3.375 -74.5 0.4970097752749477 11 
0010 0004 1666688443215705 34.9375 -62.0 4.381049130201391 11 
0010 0014 1666688443218869 -13.0 -68.0 2.718213956133356 11 
0010 0003 1666688443219893 -69.125 -67.5 2.3623304133438876 11 
0010 0005 1666688443221062 134.25 -67.0 4.933282213840222 11 
0010 0013 1666688443222715 117.125 -65.0 4.031301510563465 11 
0010 0002 1666688443223609 48.0 -70.5 1.0615147052168636 11 
0010 0010 1666688443282739 3.625 -74.5 0.1595340019401067 11 
0010 0015 1666688443305936 -2.3125 -73.5 0.30066023442558565 11 
0010 0002 1666688443339096 87.0625 -71.5 0.9387962421860124 11 
0010 0004 1666688443341327 17.0625 -62.0 4.503767593232243 11 
0010 0010 1666688443346316 -30.0625 -70.0 3.761320891895592 11 
0010 0003 1666688443347254 30.0625 -68.0 2.380738182798515 11 
0010 0005 1666688443349340 48.0 -68.0 5.080544369477243 11 
0010 0015 1666688443368947 1.625 -73.0 3.1784081924990484 11 
0010 0013 1666688443377072 -12.1875 -70.0 0.0 11 
0010 0014 1666688443401293 -6.375 -68.5 1.41126232485479 11 
0010 0007 1666688443453472 0.1875 -71.5 0.4111068511533518 11 
0010 0010 1666688443466845 26.0 -59.0 3.773592738198677 11 
0010 0003 1666688443468564 26.0 -66.5 2.650718801466388 11 
0010 0007 1666688443469490 -100.0625 -68.0 3.1661363461959633 11 
0010 0014 1666688443471108 -17.0625 -59.5 2.564815877344792 11 
0010 0002 1666688443472274 -56.125 -67.0 2.043262409463674 11 
0010 0004 1666688443474376 -13.0 -62.5 5.313709449235861 11 
0010 0013 1666688443475291 -74.0 -63.0 0.1595340019401067 11 
0010 0005 1666688443477909 -82.1875 -70.0 4.675573441475434 11 
0010 0012 1666688443572041 -1.5 -64.0 0.11044661672776616 11 
0010 0003 1666688443587592 -8.9375 -64.0 3.074097498922825 11 
0010 0012 1666688443588764 56.125 -62.0 2.9145634969827183 11 
0010 0010 1666688443589647 21.9375 -54.0 4.638757902566179 11 
0010 0002 1666688443590542 -8.9375 -63.0 3.0066023442558567 11 
0010 0013 1666688443591757 -82.1875 -61.5 6.209554229361076 11 
0010 0004 1666688443592698 104.125 -66.0 1.4542137869155878 11 
0010 0011 1666688443594303 48.0 -70.0 0.4724660826687775 11 
0010 0007 1666688443646446 -14.1875 -75.0 0.23316507975861744 11 
0010 0008 1666688443702091 7.75 -78.0 1.7303303287350031 11 
0010 0004 1666688443717879 -65.0625 -62.5 4.2092432819582 11 
0010 0010 1666688443719014 -4.0625 -53.0 4.06811704947272 11 
0010 0012 1666688443720481 4.0625 -59.0 0.2761165418194154 11 
0010 0002 1666688443721635 -48.0 -60.5 4.651029748869264 11 
0010 0007 1666688443723893 -4.0625 -61.5 2.9268353432858034 11 
0010 0003 1666688443725684 -8.9375 -63.5 3.9147189706841563 11 
0010 0006 1666688443744420 -10.5 -70.0 1.8039614065535141 11 
0010 0006 1666688443824665 13.0 -65.5 2.110757564130642 11 
0010 0002 1666688443825547 -13.0 -61.0 4.81056375080937 11 
0010 0007 1666688443826941 -13.0 -60.0 3.368621810196868 11 
0010 0010 1666688443832180 8.9375 -56.0 3.3318062712876126 11 
0010 0012 1666688443834301 13.0 -60.5 1.3008157081270237 11 
0010 0003 1666688443835384 -56.125 -66.5 3.454524734318464 11 
0010 0009 1666688443843108 -9.75 -68.5 5.105088062083414 11 
0010 0008 1666688443921716 -3.6875 -76.5 0.9940195505498954 11 
0010 0003 1666688443939605 104.125 -72.5 2.2089323345553233 11 
0010 0012 1666688443940516 56.125 -65.5 1.086058397823034 11 
0010 0007 1666688443941458 -26.0 -64.5 5.8045833013592665 11 
0010 0010 1666688443944948 -21.9375 -57.0 3.5895150436524004 11 
0010 0002 1666688443946247 -238.4375 -66.0 5.485515297479052 11 
0010 0006 1666688443947779 23.5625 -63.5 1.4173982480063325 11 
0010 0009 1666688443958781 -11.75 -69.5 5.583690067903734 11 
0010 0008 1666688443963413 70.375 -74.0 3.8963112012295285 11 
0010 0010 1666688444053542 4.0625 -59.5 3.3440781175906977 11 
0010 0007 1666688444054472 -39.0 -66.0 4.1601558967458585 11 
0010 0006 1666688444055410 66.6875 -60.5 2.2518837966161214 11 
0010 0009 1666688444057013 -23.5625 -70.0 6.234097921967246 11 
0010 0012 1666688444057916 -65.0625 -66.0 1.0246991663076084 11 
0010 0008 1666688444058954 -43.125 -69.5 5.105088062083414 11 
0010 0014 1666688444111846 -5.0 -73.5 1.2333205534600555 11 
0010 0002 1666688444143057 0.1875 -74.0 5.442563835418255 11 
0010 0002 1666688444172357 -48.0 -69.5 5.460971604872882 11 
0010 0006 1666688444173492 70.75 -62.0 1.6382914814618648 11 
0010 0010 1666688444174418 -52.0625 -59.0 3.5465635815916023 11 
0010 0007 1666688444176320 -4.0625 -65.5 5.117359908386499 11 
0010 0009 1666688444178238 17.0625 -68.0 6.240233845118788 11 
0010 0008 1666688444180741 91.125 -68.0 4.614214209960009 11 
0010 0012 1666688444184336 91.125 -64.0 0.8897088569736719 11 
0010 0002 1666688444283279 -173.3125 -63.5 5.473243451175968 11 
0010 0006 1666688444284445 -221.3125 -71.5 3.509748042682347 11 
0010 0007 1666688444287727 4.0625 -61.0 0.28838838812250056 11 
0010 0010 1666688444289490 -21.9375 -59.0 3.32567034813607 11 
0010 0012 1666688444290671 -13.0 -61.0 1.3008157081270237 11 
0010 0008 1666688444291725 -139.125 -71.0 4.571262747899211 11 
0010 0004 1666688444328673 -7.625 -78.0 4.921010367537137 11 
0010 0003 1666688444333481 1.625 -74.5 2.1598449493429825 11 
0010 0011 1666688444342872 0.4375 -72.5 2.2457478734645786 11 
0010 0009 1666688444355616 -11.6875 -79.0 0.46019423636569234 11 
0010 0003 1666688444404985 199.375 -70.0 2.0800779483729293 11 
0010 0010 1666688444405881 -21.9375 -57.0 3.6201946594101133 11 
0010 0011 1666688444409077 17.0625 -67.5 5.780039608753096 11 
0010 0002 1666688444410115 17.0625 -59.5 4.865787059173254 11 
0010 0012 1666688444411071 4.0625 -61.5 1.086058397823034 11 
0010 0007 1666688444411985 -34.9375 -64.0 3.0495538063166547 11 
0010 0004 1666688444414525 -43.125 -69.0 3.988350048502667 11 
0010 0006 1666688444415663 -118.75 -69.5 4.914874444385594 11 
0010 0013 1666688444465168 -7.75 -72.5 1.0983302441261191 11 
0010 0004 1666688444518170 -17.0625 -57.5 4.135612204139688 11 
0010 0003 1666688444520652 65.0625 -65.5 2.718213956133356 11 
0010 0011 1666688444522785 21.9375 -67.5 5.197126909356553 11 
0010 0002 1666688444523666 -21.9375 -60.0 4.28287435977671 11 
0010 0010 1666688444524592 -21.9375 -56.0 3.77972866135022 11 
0010 0012 1666688444525506 21.9375 -63.5 2.5157284921324514 11 
0010 0007 1666688444526801 -13.0 -62.0 3.3870295796514958 11 
0010 0013 1666688444540124 -12.9375 -73.0 5.123495831538041 11 
0010 0006 1666688444568574 -1.1875 -71.0 5.706408530934585 11 
0010 0008 1666688444624831 -7.0625 -77.0 1.239456476611598 11 
0010 0002 1666688444637937 4.0625 -63.0 2.82252464970958 11 
0010 0003 1666688444639106 87.0625 -66.5 1.761009944492716 11 
0010 0010 1666688444643238 -8.9375 -56.0 3.0372819600135696 11 
0010 0013 1666688444644268 -4.0625 -64.5 5.086680292628786 11 
0010 0004 1666688444645707 -39.0 -60.0 1.2087768608538851 11 
0010 0007 1666688444672769 -0.75 -71.5 0.11044661672776616 11 
0010 0009 1666688444703628 2.125 -77.0 6.013204688511713 11 
0010 0014 1666688444757565 -56.125 -65.0 4.25833066717054 11 
0010 0015 1666688444758976 100.0625 -70.5 2.3071071049800045 11 
0010 0010 1666688444760636 8.9375 -66.5 2.5709518004963345 11 
0010 0004 1666688444761749 -65.0625 -60.5 5.295301679781233 11 
0010 0002 1666688444762646 -100.0625 -70.5 2.3746022596469727 11 
0010 0003 1666688444764292 21.9375 -70.0 1.5707963267948966 11 
0010 0007 1666688444765832 -43.125 -67.0 1.4603497100671303 11 
0010 0013 1666688444768185 208.3125 -71.5 6.074563920027139 11 
0010 0005 1666688444816052 5.3125 -75.0 6.234097921967246 11 
0010 0004 1666688444872581 30.0625 -62.5 4.509903516383785 11 
0010 0005 1666688444874650 -48.0 -68.0 3.423845118560751 11 
0010 0013 1666688444876077 -91.125 -68.5 2.82252464970958 11 
0010 0015 1666688444878821 -21.9375 -68.0 2.5770877236478773 11 
0010 0003 1666688444880288 243.3125 -69.5 1.2578642460662257 11 
0010 0011 1666688444881227 17.0625 -70.0 2.5586799541932495 11 
0010 0014 1666688444899347 5.625 -72.5 5.141903600992669 11 
0010 0002 1666688444903478 5.625 -74.5 4.902602598082509 11 
