0010 0005 1666689944266116 -325.5 -69.5 3.6079228131070282 14 
0010 0011 1666689944267296 -13.0 -64.5 3.0066023442558567 14 
0010 0014 1666689944269046 56.125 -62.5 1.4664856332186729 14 
0010 0007 1666689944270228 -48.0 -67.0 2.3930100291016 14 
0010 0008 1666689944271109 -4.0625 -56.0 0.5092816215780329 14 
0010 0009 1666689944272998 30.0625 -62.5 0.3374757733348411 14 
0010 0001 1666689944274361 95.1875 -66.0 6.092971689481767 14 
0010 0004 1666689944275230 52.0625 -59.5 4.700117134081604 14 
0010 0003 1666689944276154 48.0 -67.0 3.6017868899554855 14 
0010 0002 1666689944277916 -91.125 -64.5 4.301282129231338 14 
0010 0007 1666689944376913 208.3125 -67.0 2.0800779483729293 14 
0010 0004 1666689944379380 -30.0625 -60.0 4.767612288748572 14 
0010 0014 1666689944380290 21.9375 -62.5 1.509437095279471 14 
0010 0008 1666689944381173 26.0 -56.0 0.4724660826687775 14 
0010 0001 1666689944383881 8.9375 -65.5 0.006135923151542565 14 
0010 0005 1666689944385009 -104.125 -69.0 3.3440781175906977 14 
0010 0002 1666689944386953 117.125 -65.0 4.061981126321178 14 
0010 0009 1666689944388006 -26.0 -63.0 0.3988350048502667 14 
0010 0011 1666689944389780 69.125 -64.5 2.9943304979527716 14 
0010 0003 1666689944390649 -173.3125 -67.0 3.834951969714103 14 
0010 0007 1666689944487351 121.25 -67.0 2.061670178918302 14 
0010 0011 1666689944488235 -13.0 -65.0 3.0250101137104846 14 
0010 0002 1666689944490097 52.0625 -65.0 4.1172044346850605 14 
0010 0009 1666689944492283 178.1875 -63.5 0.09817477042468103 14 
0010 0014 1666689944493645 17.0625 -62.5 1.5462526341887264 14 
0010 0003 1666689944494777 95.1875 -67.0 3.5036121195308043 14 
0010 0005 1666689944495974 152.125 -70.0 3.055689729468197 14 
0010 0001 1666689944496882 8.9375 -66.0 6.19728238305799 14 
0010 0008 1666689944498744 30.0625 -56.0 0.5338253141842031 14 
0010 0004 1666689944499922 -8.9375 -59.5 4.749204519293945 14 
0010 0001 1666689944599511 -69.125 -65.0 0.006135923151542565 14 
0010 0003 1666689944600663 -48.0 -66.0 3.6570101983193686 14 
0010 0004 1666689944601770 -8.9375 -59.5 4.76147636559703 14 
0010 0009 1666689944603391 48.0 -63.0 0.3313398501832985 14 
0010 0008 1666689944605094 8.9375 -56.0 0.521553467881118 14 
0010 0011 1666689944606208 156.1875 -65.0 2.8102528034064944 14 
0010 0005 1666689944607119 -100.0625 -69.0 3.356349963893783 14 
0010 0014 1666689944609461 13.0 -63.0 1.509437095279471 14 
0010 0007 1666689944610844 134.25 -68.0 2.1230294104337273 14 
0010 0002 1666689944611737 -4.0625 -66.0 4.2092432819582 14 
0010 0007 1666689944713253 30.0625 -67.5 2.313243028131547 14 
0010 0008 1666689944714929 -30.0625 -56.0 0.5890486225480862 14 
0010 0002 1666689944717428 -173.3125 -65.5 4.454680208019902 14 
0010 0005 1666689944718410 -39.0 -69.0 3.423845118560751 14 
0010 0001 1666689944719532 -17.0625 -65.5 0.04908738521234052 14 
0010 0009 1666689944720444 -43.125 -62.0 0.4172427743048944 14 
0010 0004 1666689944722498 -30.0625 -60.0 4.792155981354743 14 
0010 0011 1666689944723455 104.125 -64.5 2.8777479580734626 14 
0010 0014 1666689944724662 -43.125 -62.0 1.5707963267948966 14 
0010 0003 1666689944725657 -30.0625 -66.5 3.6999616603801666 14 
0010 0007 1666689944823612 -43.125 -67.5 2.350058567040802 14 
0010 0009 1666689944825075 8.9375 -63.5 0.35588354278946877 14 
0010 0004 1666689944826032 -78.0625 -60.0 4.822835597112456 14 
0010 0005 1666689944826929 -100.0625 -70.5 3.3011266555298997 14 
0010 0003 1666689944827854 143.1875 -67.5 3.442252888015379 14 
0010 0008 1666689944828732 -8.9375 -56.0 0.5460971604872883 14 
0010 0011 1666689944829635 26.0 -65.0 2.9391071895888885 14 
0010 0001 1666689944830842 65.0625 -66.0 6.1850105367549055 14 
0010 0014 1666689944832717 -13.0 -62.5 1.5401167110371838 14 
0010 0002 1666689944833595 0.0 -65.0 4.215379205109742 14 
0010 0005 1666689944933462 -121.25 -69.5 3.442252888015379 14 
0010 0001 1666689944934371 -87.0625 -65.5 0.09203884727313846 14 
0010 0004 1666689944935267 13.0 -60.0 4.724660826687775 14 
0010 0007 1666689944936891 -78.0625 -67.5 2.2580197197676637 14 
0010 0002 1666689944937758 65.0625 -66.0 4.184699589352029 14 
0010 0014 1666689944940624 -8.9375 -63.0 1.5278448647340985 14 
0010 0009 1666689944941806 48.0 -63.0 0.3129320807286708 14 
0010 0008 1666689944942998 -8.9375 -56.5 0.5583690067903734 14 
0010 0011 1666689944946959 30.0625 -64.5 2.9636508821950587 14 
0010 0003 1666689944949017 4.0625 -67.0 3.6692820446224537 14 
0010 0001 1666689945047531 -134.25 -65.5 0.1902136176978195 14 
0010 0009 1666689945048818 0.0 -62.0 0.4111068511533518 14 
0010 0014 1666689945050202 13.0 -62.5 1.552388557340269 14 
0010 0011 1666689945051911 30.0625 -64.5 2.9329712664373457 14 
0010 0008 1666689945052808 26.0 -56.0 0.5154175447295755 14 
0010 0003 1666689945054000 -13.0 -67.0 3.6570101983193686 14 
0010 0004 1666689945055177 0.0 -60.0 4.693981210930062 14 
0010 0007 1666689945056719 -95.1875 -67.5 2.3623304133438876 14 
0010 0002 1666689945057858 -91.125 -65.5 4.368777283898306 14 
0010 0005 1666689945058785 -74.0 -70.0 3.399301425954581 14 
0010 0003 1666689945155992 -52.0625 -66.5 3.767456815047135 14 
0010 0002 1666689945156861 -108.1875 -65.5 4.289010282928253 14 
0010 0001 1666689945159601 -74.0 -66.0 6.277049384028044 14 
0010 0009 1666689945160543 -52.0625 -63.5 0.4479223900626072 14 
0010 0014 1666689945161396 100.0625 -62.5 1.4603497100671303 14 
0010 0005 1666689945162805 -56.125 -68.5 3.3318062712876126 14 
0010 0008 1666689945164904 17.0625 -56.5 0.5092816215780329 14 
0010 0004 1666689945166028 -26.0 -60.0 4.73693267299086 14 
0010 0007 1666689945166999 178.1875 -66.5 1.9819031779482483 14 
0010 0011 1666689945169134 -61.0 -65.0 3.1231848841351653 14 
0010 0011 1666689945266604 -8.9375 -64.5 2.9943304979527716 14 
0010 0007 1666689945268343 30.0625 -67.5 2.1966604882522383 14 
0010 0008 1666689945269747 4.0625 -56.0 0.5092816215780329 14 
0010 0001 1666689945271171 -95.1875 -66.0 6.277049384028044 14 
0010 0005 1666689945273373 -69.125 -68.0 3.2704470397721868 14 
0010 0003 1666689945274283 17.0625 -67.0 3.6386024288647407 14 
0010 0009 1666689945275717 39.0 -62.5 0.2761165418194154 14 
0010 0002 1666689945277990 95.1875 -65.5 4.086524818927348 14 
0010 0004 1666689945279273 39.0 -60.5 4.669437518323892 14 
0010 0014 1666689945280169 17.0625 -62.5 1.5585244804918115 14 
0010 0011 1666689945376679 -4.0625 -64.5 3.018874190558942 14 
0010 0014 1666689945377775 21.9375 -63.0 1.576932249946439 14 
0010 0005 1666689945379653 143.1875 -69.0 3.031146036862027 14 
0010 0004 1666689945380818 -13.0 -60.5 4.743068596142402 14 
0010 0001 1666689945384637 -26.0 -65.5 6.264777537724958 14 
0010 0008 1666689945385546 -13.0 -56.5 0.4970097752749477 14 
0010 0007 1666689945386987 -39.0 -67.0 2.399145952253143 14 
0010 0002 1666689945388859 30.0625 -66.0 4.166291819897402 14 
0010 0009 1666689945389798 43.125 -63.0 0.2761165418194154 14 
0010 0003 1666689945390768 -169.25 -66.5 3.847223816017188 14 
0010 0000 1666689945576312 -2.4375 -73.0 3.9822141253511245 14 
0010 0014 1666689945584114 -39.0 -62.5 1.6014759425526093 14 
0010 0003 1666689945585649 65.0625 -67.0 3.6386024288647407 14 
0010 0008 1666689945586585 -4.0625 -56.0 0.48473792897186263 14 
0010 0011 1666689945589154 -4.0625 -64.0 2.9636508821950587 14 
0010 0005 1666689945590918 34.9375 -69.0 3.1784081924990484 14 
0010 0004 1666689945591857 21.9375 -60.5 4.638757902566179 14 
0010 0009 1666689945593177 -100.0625 -63.0 0.4479223900626072 14 
0010 0002 1666689945595387 -17.0625 -65.0 4.184699589352029 14 
0010 0007 1666689945596400 -17.0625 -67.5 2.1966604882522383 14 
0010 0001 1666689945597554 -78.0625 -65.5 0.07976700097005335 14 
0010 0000 1666689945692196 1.25 -73.0 3.988350048502667 14 
0010 0014 1666689945707124 26.0 -62.5 1.5155730184310134 14 
0010 0008 1666689945708003 4.0625 -56.0 0.47860200582032003 14 
0010 0009 1666689945709213 -34.9375 -63.0 0.3865631585471816 14 
0010 0011 1666689945710857 108.1875 -64.5 2.8716120349219203 14 
0010 0004 1666689945711779 -8.9375 -60.0 4.7307967498393175 14 
0010 0001 1666689945712976 -65.0625 -65.5 0.11658253987930872 14 
0010 0005 1666689945713874 -26.0 -69.0 3.147728576741336 14 
0010 0007 1666689945715665 30.0625 -67.5 2.2150682577068657 14 
0010 0003 1666689945717898 100.0625 -66.0 3.5342917352885173 14 
0010 0002 1666689945718809 -39.0 -65.5 4.221515128261284 14 
0010 0000 1666689945780718 0.1875 -73.0 3.9515345095934116 14 
0010 0002 1666689945822512 61.0 -65.0 4.172427743048944 14 
0010 0003 1666689945823704 61.0 -67.0 3.56497135104623 14 
0010 0008 1666689945825210 -8.9375 -56.0 0.48473792897186263 14 
0010 0014 1666689945826151 17.0625 -62.5 1.533980787885641 14 
0010 0009 1666689945828609 -13.0 -63.0 0.3374757733348411 14 
0010 0011 1666689945829494 95.1875 -65.0 2.8961557275280905 14 
0010 0004 1666689945830371 0.0 -60.0 4.6878452877785195 14 
0010 0001 1666689945832976 0.0 -65.5 0.0 14 
0010 0007 1666689945834803 17.0625 -66.5 2.1598449493429825 14 
0010 0005 1666689945835815 78.0625 -68.5 3.098641191528995 14 
0010 0004 1666689945936618 8.9375 -60.5 4.681709364626977 14 
0010 0008 1666689945938026 -34.9375 -56.0 0.521553467881118 14 
0010 0011 1666689945939691 39.0 -65.0 2.9513790358919736 14 
0010 0002 1666689945941653 87.0625 -65.0 4.147884050442774 14 
0010 0003 1666689945942832 156.1875 -66.5 3.5711072741977725 14 
0010 0007 1666689945944014 -26.0 -67.0 2.350058567040802 14 
0010 0001 1666689945944912 -65.0625 -66.0 0.030679615757712823 14 
0010 0014 1666689945946816 -56.125 -63.0 1.5953400194010667 14 
0010 0005 1666689945948197 -260.375 -68.5 3.4606606574700063 14 
0010 0009 1666689945949347 34.9375 -63.0 0.30679615757712825 14 
0010 0004 1666689946050600 39.0 -60.0 4.7307967498393175 14 
0010 0001 1666689946051584 -65.0625 -65.5 0.04908738521234052 14 
0010 0003 1666689946052749 8.9375 -67.0 3.6692820446224537 14 
0010 0009 1666689946053632 13.0 -62.5 0.37429131224409645 14 
0010 0011 1666689946054575 69.125 -64.5 2.9943304979527716 14 
0010 0014 1666689946056166 -13.0 -62.5 1.5707963267948966 14 
0010 0002 1666689946057108 74.0 -66.0 4.123340357836604 14 
0010 0005 1666689946066185 69.125 -69.5 3.074097498922825 14 
0010 0007 1666689946068717 34.9375 -67.0 2.0371264863121317 14 
0010 0008 1666689946070465 13.0 -56.0 0.48473792897186263 14 
0010 0001 1666689946170099 -13.0 -66.5 0.0674951546669682 14 
0010 0014 1666689946171025 43.125 -62.5 1.4971652489763858 14 
0010 0008 1666689946171919 4.0625 -56.0 0.4724660826687775 14 
0010 0009 1666689946172834 -39.0 -63.0 0.37429131224409645 14 
0010 0007 1666689946173973 43.125 -67.0 2.2212041808584084 14 
0010 0004 1666689946175495 -100.0625 -60.0 4.921010367537137 14 
0010 0005 1666689946176435 17.0625 -68.5 3.227495577711389 14 
0010 0002 1666689946177317 43.125 -64.5 4.061981126321178 14 
0010 0011 1666689946178586 39.0 -64.0 2.9391071895888885 14 
0010 0003 1666689946179911 82.1875 -66.5 3.522019888985432 14 
0010 0006 1666689946287454 -1.5 -75.0 1.859184714917397 14 
0010 0004 1666689946294460 13.0 -59.5 4.804427827657828 14 
0010 0014 1666689946295343 26.0 -62.0 1.4173982480063325 14 
0010 0008 1666689946296281 -30.0625 -55.5 0.4970097752749477 14 
0010 0011 1666689946297720 56.125 -64.5 2.9575149590435164 14 
0010 0007 1666689946298647 78.0625 -67.0 2.0800779483729293 14 
0010 0001 1666689946300989 39.0 -65.5 0.030679615757712823 14 
0010 0002 1666689946303600 -26.0 -64.5 4.289010282928253 14 
0010 0009 1666689946307532 -13.0 -62.5 0.39269908169872414 14 
0010 0005 1666689946309728 0.0 -69.5 3.067961575771282 14 
0010 0003 1666689946310672 61.0 -65.5 3.522019888985432 14 
0010 0006 1666689946417565 -2.5 -74.5 4.970097752749477 14 
0010 0009 1666689946435376 34.9375 -62.5 0.4049709280018093 14 
0010 0004 1666689946437470 -56.125 -59.0 4.902602598082509 14 
0010 0007 1666689946439047 -39.0 -66.5 2.3316507975861747 14 
0010 0011 1666689946440231 34.9375 -64.5 3.0495538063166547 14 
0010 0008 1666689946441112 -26.0 -55.0 0.5031456984264903 14 
0010 0003 1666689946442008 -160.3125 -67.0 3.80427235395639 14 
0010 0014 1666689946443581 43.125 -62.0 1.4358060174609601 14 
0010 0001 1666689946446784 -43.125 -66.0 0.1043106935762236 14 
0010 0005 1666689946448025 95.1875 -67.0 3.172272269347506 14 
0010 0002 1666689946448893 -13.0 -65.5 4.2092432819582 14 
0010 0000 1666689946547482 -3.3125 -73.0 0.7117670855789375 14 
0010 0006 1666689946591625 -1.75 -74.5 1.7916895602504288 14 
0010 0014 1666689946607869 -43.125 -62.5 1.4910293258248433 14 
0010 0008 1666689946608761 0.0 -55.0 0.5092816215780329 14 
0010 0005 1666689946609706 -74.0 -68.0 3.2827188860752723 14 
0010 0009 1666689946610860 52.0625 -62.0 0.47860200582032003 14 
0010 0007 1666689946611758 156.1875 -67.0 2.098485717827557 14 
0010 0003 1666689946612670 26.0 -66.5 3.5711072741977725 14 
0010 0004 1666689946613652 -48.0 -59.0 4.957825906446392 14 
0010 0011 1666689946614589 0.0 -64.5 3.0802334220743677 14 
0010 0001 1666689946619085 91.125 -66.5 6.209554229361076 14 
0010 0002 1666689946620392 -21.9375 -65.5 4.221515128261284 14 
0010 0000 1666689946656613 1.1875 -73.0 0.6688156235181395 14 
0010 0006 1666689946681466 -3.1875 -75.0 1.859184714917397 14 
0010 0004 1666689946731652 0.0 -59.5 4.871922982324796 14 
0010 0007 1666689946733918 82.1875 -67.0 2.184388641949153 14 
0010 0009 1666689946736624 -30.0625 -62.0 0.4663301595172349 14 
0010 0003 1666689946738494 52.0625 -66.5 3.56497135104623 14 
0010 0014 1666689946739376 30.0625 -62.5 1.4296700943094176 14 
0010 0008 1666689946740271 -4.0625 -55.0 0.5276893910326605 14 
0010 0002 1666689946742898 13.0 -65.5 4.196971435655114 14 
0010 0001 1666689946743752 -43.125 -66.0 0.07363107781851078 14 
0010 0011 1666689946745914 182.25 -65.0 2.8961557275280905 14 
0010 0005 1666689946746796 74.0 -67.5 3.1354567304382504 14 
0010 0006 1666689946768951 4.0625 -74.5 4.933282213840222 14 
0010 0000 1666689946772346 5.625 -72.0 0.6442719309119693 14 
0010 0011 1666689946852923 117.125 -65.0 2.9575149590435164 14 
0010 0014 1666689946856097 -13.0 -63.0 1.41126232485479 14 
0010 0001 1666689946857008 -17.0625 -65.5 0.1227184630308513 14 
0010 0003 1666689946859106 -69.125 -67.0 3.724505352986337 14 
0010 0007 1666689946860019 61.0 -67.5 2.110757564130642 14 
0010 0004 1666689946860945 -87.0625 -59.5 5.006913291658733 14 
0010 0002 1666689946862325 143.1875 -65.0 4.111068511533518 14 
0010 0005 1666689946864540 -69.125 -66.5 3.1906800388021335 14 
0010 0008 1666689946865449 -21.9375 -55.0 0.5399612373357456 14 
0010 0009 1666689946866645 -74.0 -62.0 0.5031456984264903 14 
0010 0006 1666689946893067 -6.5 -74.5 5.062136600022616 14 
0010 0000 1666689946895826 12.9375 -72.0 0.5829126993965437 14 
0010 0001 1666689946972070 0.0 -66.0 0.0674951546669682 14 
0010 0014 1666689946974420 0.0 -63.0 1.4480778637640452 14 
0010 0011 1666689946976526 147.25 -65.0 2.9206994201342606 14 
0010 0005 1666689946977890 -82.1875 -67.5 3.129320807286708 14 
0010 0002 1666689946979281 113.0625 -64.5 4.074252972624263 14 
0010 0004 1666689946980913 -17.0625 -59.0 4.914874444385594 14 
0010 0008 1666689946982525 -17.0625 -55.0 0.5031456984264903 14 
0010 0007 1666689946983467 13.0 -67.0 2.116893487282185 14 
0010 0003 1666689946984350 39.0 -67.0 3.650874275167826 14 
0010 0009 1666689946985998 -39.0 -62.0 0.4970097752749477 14 
0010 0000 1666689947013108 0.75 -71.5 0.6258641614573416 14 
0010 0006 1666689947049062 -7.75 -75.0 1.88986433067511 14 
0010 0001 1666689947099255 -26.0 -66.0 0.0 14 
0010 0014 1666689947101031 30.0625 -62.0 1.4480778637640452 14 
0010 0002 1666689947103063 -13.0 -65.0 4.23378697456437 14 
0010 0009 1666689947103931 -17.0625 -62.5 0.4724660826687775 14 
0010 0004 1666689947105392 13.0 -60.0 4.841243366567084 14 
0010 0011 1666689947106559 17.0625 -64.5 3.0495538063166547 14 
0010 0008 1666689947107499 -26.0 -55.0 0.5154175447295755 14 
0010 0007 1666689947108569 -26.0 -67.0 2.1966604882522383 14 
0010 0005 1666689947109410 117.125 -68.0 2.9145634969827183 14 
0010 0003 1666689947111157 69.125 -66.5 3.5711072741977725 14 
0010 0000 1666689947132764 17.0625 -71.5 3.706097583531709 14 
0010 0006 1666689947157252 8.0625 -74.5 1.7732817907958012 14 
0010 0003 1666689947219547 -65.0625 -66.5 3.6815538909255388 14 
0010 0007 1666689947220696 4.0625 -66.5 2.116893487282185 14 
0010 0008 1666689947222567 0.0 -55.5 0.47860200582032003 14 
0010 0014 1666689947223455 -34.9375 -63.0 1.4848934026733007 14 
0010 0011 1666689947224793 -56.125 -64.5 3.141592653589793 14 
0010 0004 1666689947226624 13.0 -59.5 4.853515212870168 14 
0010 0002 1666689947227578 74.0 -65.5 4.09266074207889 14 
0010 0009 1666689947228503 -30.0625 -61.5 0.44178646691106466 14 
0010 0005 1666689947233250 -39.0 -67.5 3.153864499892878 14 
0010 0001 1666689947236148 -108.1875 -67.0 0.07363107781851078 14 
0010 0000 1666689947264613 -8.0625 -71.5 0.6749515466696822 14 
0010 0006 1666689947299154 9.75 -74.5 1.7916895602504288 14 
0010 0014 1666689947348208 69.125 -62.5 1.4173982480063325 14 
0010 0007 1666689947349589 34.9375 -67.5 2.110757564130642 14 
0010 0002 1666689947352806 13.0 -65.5 4.221515128261284 14 
0010 0009 1666689947354329 -26.0 -62.5 0.4908738521234052 14 
0010 0003 1666689947355536 -43.125 -66.0 3.724505352986337 14 
0010 0011 1666689947356465 113.0625 -64.5 2.945243112740431 14 
0010 0008 1666689947357403 -26.0 -55.5 0.4908738521234052 14 
0010 0004 1666689947358270 -8.9375 -60.0 4.828971520263998 14 
0010 0001 1666689947359139 -82.1875 -66.0 0.1349903093339364 14 
0010 0005 1666689947360889 -43.125 -67.5 3.2090878082567613 14 
0010 0000 1666689947387801 4.875 -72.0 0.662679700366597 14 
0010 0006 1666689947420848 -4.375 -74.5 1.7426021750380885 14 
0010 0003 1666689947473378 43.125 -66.0 3.5956509668039427 14 
0010 0002 1666689947474829 56.125 -64.5 4.1601558967458585 14 
0010 0004 1666689947477566 4.0625 -59.5 4.779884135051658 14 
0010 0008 1666689947478577 8.9375 -55.0 0.4479223900626072 14 
0010 0014 1666689947479506 52.0625 -62.5 1.4173982480063325 14 
0010 0001 1666689947482363 -21.9375 -66.5 6.240233845118788 14 
0010 0009 1666689947483573 -82.1875 -61.5 0.47860200582032003 14 
0010 0011 1666689947484587 -74.0 -65.0 3.141592653589793 14 
0010 0007 1666689947485471 -43.125 -67.5 2.2518837966161214 14 
0010 0005 1666689947489476 -8.9375 -68.5 3.160000423044421 14 
0010 0000 1666689947518258 -0.75 -71.5 0.6504078540635119 14 
0010 0006 1666689947632958 5.5625 -74.5 1.6505633277649499 14 
0010 0007 1666689947641261 -39.0 -67.5 2.1905245651006955 14 
0010 0001 1666689947643301 0.0 -66.0 6.258641614573416 14 
0010 0014 1666689947644175 -34.9375 -62.5 1.509437095279471 14 
0010 0002 1666689947645113 82.1875 -64.5 4.135612204139688 14 
0010 0008 1666689947646036 -8.9375 -55.0 0.4356505437595221 14 
0010 0009 1666689947646920 -69.125 -62.5 0.4724660826687775 14 
0010 0004 1666689947648030 -43.125 -60.0 4.878058905476339 14 
0010 0003 1666689947649349 100.0625 -66.5 3.54042765844006 14 
0010 0005 1666689947651883 91.125 -68.0 3.11091303783208 14 
0010 0011 1666689947655004 43.125 -64.0 3.06182565261974 14 
0010 0000 1666689947677061 -4.0625 -71.5 0.6749515466696822 14 
0010 0006 1666689947798684 -4.375 -75.0 1.718058482431918 14 
0010 0008 1666689947849495 0.0 -55.5 0.4111068511533518 14 
0010 0009 1666689947850781 -26.0 -62.5 0.39269908169872414 14 
0010 0001 1666689947852186 -34.9375 -66.0 0.02454369260617026 14 
0010 0004 1666689947853124 17.0625 -60.0 4.773748211900116 14 
0010 0005 1666689947854038 -91.125 -67.5 3.2765829629237295 14 
0010 0014 1666689947855006 43.125 -62.0 1.423534171157875 14 
0010 0003 1666689947856155 13.0 -66.0 3.6999616603801666 14 
0010 0011 1666689947857322 8.9375 -65.0 3.043417883165112 14 
0010 0007 1666689947858464 82.1875 -67.5 2.067806102069844 14 
0010 0002 1666689947861385 74.0 -65.0 4.111068511533518 14 
0010 0000 1666689947884246 3.1875 -71.5 3.8288160465625602 14 
0010 0006 1666689947971005 9.75 -75.0 1.6198837120072371 14 
0010 0002 1666689948020100 8.9375 -64.5 4.221515128261284 14 
0010 0014 1666689948021253 61.0 -62.0 1.4051264017032472 14 
0010 0011 1666689948022661 30.0625 -64.5 3.0127382674073995 14 
0010 0003 1666689948023855 -26.0 -67.0 3.749049045592507 14 
0010 0007 1666689948025279 69.125 -67.5 2.000310947402876 14 
0010 0001 1666689948026260 74.0 -66.5 0.0 14 
0010 0008 1666689948030295 30.0625 -55.0 0.3374757733348411 14 
0010 0009 1666689948031191 30.0625 -62.5 0.36815538909255385 14 
0010 0004 1666689948032116 -30.0625 -60.0 4.871922982324796 14 
0010 0005 1666689948035525 -65.0625 -68.0 3.2029518851052186 14 
0010 0000 1666689948062563 -2.4375 -71.5 0.662679700366597 14 
0010 0006 1666689948239696 -7.75 -74.5 4.92714629068868 14 
0010 0008 1666689948290212 8.9375 -55.0 0.3313398501832985 14 
0010 0005 1666689948291140 -91.125 -67.5 3.2397674240144743 14 
0010 0011 1666689948292920 -74.0 -64.0 3.1784081924990484 14 
0010 0007 1666689948293805 82.1875 -67.0 1.9266798695843652 14 
0010 0004 1666689948294951 0.0 -60.0 4.779884135051658 14 
0010 0002 1666689948297816 -69.125 -65.5 4.313553975534423 14 
0010 0001 1666689948298995 78.0625 -66.5 6.19728238305799 14 
0010 0014 1666689948300148 87.0625 -62.5 1.3130875544301088 14 
0010 0009 1666689948301357 61.0 -62.5 0.28838838812250056 14 
0010 0003 1666689948302578 -74.0 -65.5 3.834951969714103 14 
0010 0000 1666689948331412 12.1875 -71.0 0.5890486225480862 14 
0010 0006 1666689948477382 2.875 -75.0 1.6689710972195777 14 
0010 0007 1666689948529647 143.1875 -66.5 2.1230294104337273 14 
0010 0009 1666689948531436 -13.0 -63.0 0.4172427743048944 14 
0010 0001 1666689948532591 52.0625 -66.5 6.2034183062095325 14 
0010 0005 1666689948533501 -8.9375 -67.5 3.08636934522591 14 
0010 0008 1666689948534442 34.9375 -55.0 0.34974761963792617 14 
0010 0011 1666689948535382 -61.0 -65.0 3.104777114680538 14 
0010 0014 1666689948536277 8.9375 -62.5 1.4296700943094176 14 
0010 0003 1666689948537289 26.0 -65.5 3.6876898140770815 14 
0010 0002 1666689948538186 52.0625 -65.5 4.23378697456437 14 
0010 0004 1666689948539096 -74.0 -60.0 4.896466674930966 14 
0010 0000 1666689948568234 14.625 -71.5 0.5583690067903734 14 
0010 0006 1666689948599549 -7.75 -75.5 1.8223691760081417 14 
0010 0011 1666689948650608 108.1875 -65.0 2.890019804376548 14 
0010 0001 1666689948651971 -30.0625 -66.0 6.264777537724958 14 
0010 0009 1666689948653359 13.0 -62.5 0.34974761963792617 14 
0010 0014 1666689948654497 -21.9375 -62.5 1.4787574795217582 14 
0010 0005 1666689948655398 -74.0 -67.0 3.2704470397721868 14 
0010 0007 1666689948656267 -4.0625 -66.5 2.055534255766759 14 
0010 0003 1666689948657421 43.125 -66.0 3.663146121470911 14 
0010 0008 1666689948658298 0.0 -55.0 0.4356505437595221 14 
0010 0004 1666689948659453 4.0625 -60.0 4.798291904506286 14 
0010 0002 1666689948663095 -87.0625 -65.0 4.411728745959104 14 
0010 0000 1666689948691626 -12.9375 -71.5 0.619728238305799 14 
0010 0006 1666689948716265 -7.3125 -75.0 1.7732817907958012 14 
0010 0004 1666689948773297 -74.0 -60.0 4.871922982324796 14 
0010 0009 1666689948774236 21.9375 -62.0 0.39269908169872414 14 
0010 0001 1666689948775658 -104.125 -66.5 0.17794177139473438 14 
0010 0005 1666689948776527 -108.1875 -68.0 3.1784081924990484 14 
0010 0008 1666689948781997 17.0625 -55.0 0.4356505437595221 14 
0010 0002 1666689948782909 -39.0 -65.0 4.264466590322082 14 
0010 0003 1666689948783804 -87.0625 -65.5 3.767456815047135 14 
0010 0014 1666689948785452 -17.0625 -63.0 1.4848934026733007 14 
0010 0011 1666689948786749 -17.0625 -65.0 3.098641191528995 14 
0010 0007 1666689948787816 21.9375 -67.0 2.0800779483729293 14 
0010 0000 1666689948809240 12.9375 -71.5 0.5399612373357456 14 
0010 0006 1666689948844454 -1.9375 -75.5 1.6935147898257479 14 
0010 0014 1666689948897913 34.9375 -63.0 1.41126232485479 14 
0010 0003 1666689948899772 8.9375 -65.5 3.663146121470911 14 
0010 0009 1666689948900925 8.9375 -63.0 0.3436116964863836 14 
0010 0004 1666689948902136 43.125 -59.5 4.773748211900116 14 
0010 0007 1666689948903062 56.125 -67.0 2.1353012567368124 14 
0010 0005 1666689948904669 -61.0 -67.0 3.160000423044421 14 
0010 0011 1666689948906545 -108.1875 -65.0 3.147728576741336 14 
0010 0001 1666689948908617 113.0625 -66.0 6.178874613603362 14 
0010 0008 1666689948909527 17.0625 -55.0 0.47860200582032003 14 
0010 0002 1666689948910737 126.125 -65.0 4.221515128261284 14 
0010 0000 1666689948942440 -12.1875 -72.0 0.6933593161243098 14 
0010 0006 1666689948955689 -4.875 -75.0 1.8223691760081417 14 
0010 0005 1666689949025595 0.0 -68.0 3.1661363461959633 14 
0010 0008 1666689949028102 34.9375 -55.0 0.47860200582032003 14 
0010 0014 1666689949028999 -26.0 -62.0 1.4358060174609601 14 
0010 0009 1666689949030627 0.0 -62.5 0.42337869745643697 14 
0010 0004 1666689949031785 -65.0625 -60.0 4.933282213840222 14 
0010 0001 1666689949034420 39.0 -66.5 0.030679615757712823 14 
0010 0011 1666689949035828 -95.1875 -64.5 3.172272269347506 14 
0010 0003 1666689949037122 -34.9375 -66.0 3.6815538909255388 14 
0010 0007 1666689949039827 8.9375 -67.0 2.1782527187976104 14 
0010 0002 1666689949041010 117.125 -65.0 4.2092432819582 14 
0010 0000 1666689949068387 6.5 -72.0 0.6135923151542565 14 
0010 0006 1666689949098591 -3.1875 -74.5 1.8162332528565992 14 
0010 0002 1666689949151796 -65.0625 -65.0 4.276738436625168 14 
0010 0007 1666689949152932 8.9375 -66.5 2.055534255766759 14 
0010 0008 1666689949154071 52.0625 -55.0 0.48473792897186263 14 
0010 0009 1666689949154993 17.0625 -62.0 0.4724660826687775 14 
0010 0004 1666689949157137 -8.9375 -59.5 4.878058905476339 14 
0010 0005 1666689949158545 39.0 -67.0 3.2213596545598464 14 
0010 0011 1666689949159459 -61.0 -65.5 3.2029518851052186 14 
0010 0001 1666689949160385 -34.9375 -66.5 0.09203884727313846 14 
0010 0003 1666689949161265 43.125 -66.0 3.6017868899554855 14 
0010 0014 1666689949163651 61.0 -62.0 1.368310862793992 14 
