0010 0010 1666690296575053 -74.0 -67.5 4.988505522204105 15 
0010 0004 1666690296576431 -56.125 -56.5 5.64504929941916 15 
0010 0014 1666690296578137 -30.0625 -58.5 4.890330751779424 15 
0010 0008 1666690296579284 0.0 -56.0 1.9634954084936207 15 
0010 0009 1666690296581250 34.9375 -61.0 1.6689710972195777 15 
0010 0003 1666690296582429 8.9375 -63.5 0.02454369260617026 15 
0010 0007 1666690296583855 -30.0625 -63.0 4.8351074434155406 15 
0010 0002 1666690296585645 74.0 -68.0 3.5772431973493153 15 
0010 0001 1666690296685005 -82.1875 -68.0 5.786175531904639 15 
0010 0005 1666690296686764 43.125 -62.5 5.3198453723874035 15 
0010 0010 1666690296687649 56.125 -67.5 4.8351074434155406 15 
0010 0014 1666690296689122 13.0 -58.5 4.841243366567084 15 
0010 0007 1666690296690305 -4.0625 -63.5 4.865787059173254 15 
0010 0004 1666690296691457 21.9375 -56.0 5.589825991055276 15 
0010 0008 1666690296692668 -26.0 -56.0 2.0493983326152168 15 
0010 0009 1666690296693581 -43.125 -61.5 1.7794177139473437 15 
0010 0003 1666690296695114 87.0625 -63.5 6.209554229361076 15 
0010 0002 1666690296701164 -256.3125 -69.0 3.877903431774901 15 
0010 0011 1666690296715797 8.0625 -73.0 4.657165672020807 15 
0010 0009 1666690296800529 13.0 -61.5 1.662835174068035 15 
0010 0003 1666690296802805 52.0625 -63.5 0.01227184630308513 15 
0010 0001 1666690296804580 -17.0625 -68.5 5.638913376267617 15 
0010 0010 1666690296807856 -39.0 -69.0 4.963961829597935 15 
0010 0004 1666690296808752 -26.0 -56.5 5.663457068873787 15 
0010 0005 1666690296809905 61.0 -63.0 5.301437602932776 15 
0010 0008 1666690296810800 -17.0625 -56.5 2.012582793705961 15 
0010 0007 1666690296814011 -61.0 -63.0 4.853515212870168 15 
0010 0014 1666690296815119 -17.0625 -58.0 4.865787059173254 15 
0010 0002 1666690296817605 78.0625 -71.5 3.6263305825616556 15 
0010 0011 1666690296835513 19.5 -73.5 4.626486056263094 15 
0010 0014 1666690296918425 -4.0625 -58.5 4.865787059173254 15 
0010 0004 1666690296919319 0.0 -56.0 5.632777453116074 15 
0010 0002 1666690296920744 56.125 -69.5 3.724505352986337 15 
0010 0008 1666690296923453 48.0 -56.0 1.9573594853420782 15 
0010 0005 1666690296924976 -21.9375 -63.0 5.375068680751287 15 
0010 0003 1666690296926098 21.9375 -63.0 0.03681553890925539 15 
0010 0007 1666690296927011 21.9375 -63.5 4.822835597112456 15 
0010 0009 1666690296927882 -52.0625 -61.5 1.7426021750380885 15 
0010 0010 1666690296929901 -143.1875 -68.5 5.0253210611133605 15 
0010 0001 1666690296930839 126.125 -69.0 5.620505606812989 15 
0010 0011 1666690296955496 16.3125 -73.5 4.681709364626977 15 
0010 0002 1666690297038407 17.0625 -69.5 3.7429131224409646 15 
0010 0005 1666690297039292 21.9375 -63.0 5.338253141842031 15 
0010 0003 1666690297040782 -26.0 -63.5 0.14112623248547898 15 
0010 0008 1666690297042185 -8.9375 -56.0 2.012582793705961 15 
0010 0001 1666690297043054 -78.0625 -69.0 5.872078456026235 15 
0010 0010 1666690297044179 -204.25 -68.0 5.086680292628786 15 
0010 0004 1666690297045299 -4.0625 -56.0 5.651185222570702 15 
0010 0014 1666690297046934 -39.0 -58.0 4.896466674930966 15 
0010 0009 1666690297047845 26.0 -61.5 1.705786636128833 15 
0010 0007 1666690297051363 8.9375 -63.5 4.792155981354743 15 
0010 0011 1666690297069117 10.5 -73.5 4.847379289718626 15 
0010 0014 1666690297154312 -39.0 -58.5 4.95168998329485 15 
0010 0003 1666690297155517 13.0 -63.5 0.09203884727313846 15 
0010 0009 1666690297156487 -26.0 -61.5 1.6935147898257479 15 
0010 0008 1666690297157395 4.0625 -56.0 2.018718716857504 15 
0010 0005 1666690297158325 -78.0625 -62.5 5.442563835418255 15 
0010 0004 1666690297159475 26.0 -56.5 5.675728915176872 15 
0010 0007 1666690297162104 -69.125 -63.0 4.865787059173254 15 
0010 0002 1666690297164223 -165.1875 -69.5 3.9944859716542096 15 
0010 0010 1666690297165163 -61.0 -67.5 4.773748211900116 15 
0010 0001 1666690297167872 -165.1875 -69.0 6.129787228391022 15 
0010 0011 1666690297192376 -12.9375 -73.0 4.8351074434155406 15 
0010 0014 1666690297268947 -48.0 -58.5 4.963961829597935 15 
0010 0004 1666690297270579 8.9375 -56.0 5.675728915176872 15 
0010 0007 1666690297272615 43.125 -63.5 4.657165672020807 15 
0010 0001 1666690297273540 147.25 -70.0 5.8659425328746915 15 
0010 0008 1666690297275408 0.0 -56.0 2.024854640009046 15 
0010 0003 1666690297276572 0.0 -63.0 0.2270291566070749 15 
0010 0005 1666690297277728 -74.0 -62.5 5.491651220630596 15 
0010 0009 1666690297279388 39.0 -61.5 1.662835174068035 15 
0010 0010 1666690297282039 4.0625 -68.0 4.767612288748572 15 
0010 0002 1666690297284577 -8.9375 -69.5 3.9085830475326135 15 
0010 0011 1666690297307259 0.0 -73.5 4.76147636559703 15 
0010 0005 1666690297384327 -4.0625 -63.0 5.442563835418255 15 
0010 0009 1666690297386020 -87.0625 -62.0 1.8162332528565992 15 
0010 0008 1666690297389116 -26.0 -56.0 2.055534255766759 15 
0010 0014 1666690297390028 91.125 -59.0 4.859651136021712 15 
0010 0004 1666690297390905 0.0 -56.5 5.700272607783043 15 
0010 0007 1666690297391821 21.9375 -63.0 4.76147636559703 15 
0010 0003 1666690297393584 26.0 -63.0 0.2270291566070749 15 
0010 0010 1666690297394809 -134.25 -68.0 4.902602598082509 15 
0010 0002 1666690297397151 74.0 -70.5 3.9699422790480394 15 
0010 0001 1666690297398061 65.0625 -69.0 6.031612457966341 15 
0010 0011 1666690297418427 -9.0 -73.5 4.71238898038469 15 
0010 0007 1666690297501743 -8.9375 -63.5 4.755340442445488 15 
0010 0014 1666690297502657 -39.0 -59.0 5.019185137961818 15 
0010 0008 1666690297504391 26.0 -56.0 2.0371264863121317 15 
0010 0002 1666690297506048 21.9375 -69.0 4.006757817957295 15 
0010 0003 1666690297508726 -21.9375 -62.5 0.3129320807286708 15 
0010 0005 1666690297509866 -56.125 -63.5 5.43029198911517 15 
0010 0004 1666690297511031 21.9375 -56.5 5.700272607783043 15 
0010 0009 1666690297512170 -61.0 -62.5 1.7794177139473437 15 
0010 0010 1666690297513709 -91.125 -68.5 4.896466674930966 15 
0010 0001 1666690297515441 -17.0625 -70.0 0.2638446955163303 15 
0010 0011 1666690297538183 9.0 -73.5 1.5033011721279284 15 
0010 0014 1666690297617294 -26.0 -59.0 5.019185137961818 15 
0010 0007 1666690297618761 -69.125 -63.5 4.798291904506286 15 
0010 0008 1666690297619701 -30.0625 -56.0 2.1230294104337273 15 
0010 0004 1666690297620640 -26.0 -56.5 5.798447378207723 15 
0010 0003 1666690297624553 17.0625 -63.0 0.3190680038802134 15 
0010 0001 1666690297626141 238.4375 -69.5 6.191146459906448 15 
0010 0010 1666690297627305 65.0625 -67.5 4.798291904506286 15 
0010 0005 1666690297628334 212.375 -63.5 5.154175447295755 15 
0010 0009 1666690297629302 -65.0625 -62.0 1.7916895602504288 15 
0010 0002 1666690297630327 -143.1875 -69.0 4.331961744989051 15 
0010 0011 1666690297646450 11.4375 -73.5 4.767612288748572 15 
0010 0007 1666690297729761 4.0625 -63.5 4.779884135051658 15 
0010 0010 1666690297731397 -4.0625 -68.0 4.847379289718626 15 
0010 0002 1666690297733164 52.0625 -69.5 4.28287435977671 15 
0010 0008 1666690297734072 -8.9375 -56.0 2.0923497946760143 15 
0010 0014 1666690297735437 13.0 -59.0 5.00077736850719 15 
0010 0009 1666690297736378 82.1875 -62.5 1.6444274046134073 15 
0010 0005 1666690297737290 -74.0 -63.5 5.583690067903734 15 
0010 0003 1666690297738425 -4.0625 -63.5 0.37429131224409645 15 
0010 0004 1666690297740101 13.0 -56.5 5.773903685601553 15 
0010 0001 1666690297746867 -204.25 -70.5 0.5767767762450011 15 
0010 0011 1666690297770580 4.0625 -73.0 1.6382914814618648 15 
0010 0002 1666690297848000 -69.125 -67.5 4.338097668140593 15 
0010 0009 1666690297849538 74.0 -63.0 1.6014759425526093 15 
0010 0014 1666690297850690 48.0 -59.0 4.988505522204105 15 
0010 0007 1666690297851873 -48.0 -63.5 4.773748211900116 15 
0010 0004 1666690297852795 -8.9375 -56.0 5.780039608753096 15 
0010 0008 1666690297853693 34.9375 -56.0 2.055534255766759 15 
0010 0003 1666690297855550 -8.9375 -63.0 0.48473792897186263 15 
0010 0005 1666690297857813 -108.1875 -63.5 5.724816300389213 15 
0010 0010 1666690297859395 -152.125 -68.0 4.970097752749477 15 
0010 0001 1666690297865389 -56.125 -72.0 0.6565437772150544 15 
0010 0011 1666690297884962 -12.9375 -73.5 1.7241944055834606 15 
0010 0002 1666690297966284 -178.1875 -70.0 4.657165672020807 15 
0010 0009 1666690297968187 69.125 -63.5 1.5707963267948966 15 
0010 0010 1666690297969981 -48.0 -68.5 4.945554060143307 15 
0010 0004 1666690297971400 -13.0 -56.5 5.810719224510809 15 
0010 0008 1666690297975434 21.9375 -56.0 2.098485717827557 15 
0010 0007 1666690297976546 -52.0625 -63.0 4.859651136021712 15 
0010 0003 1666690297978800 -4.0625 -62.5 0.4724660826687775 15 
0010 0014 1666690297980209 39.0 -59.5 4.97623367590102 15 
0010 0005 1666690297981854 -43.125 -63.5 5.626641529964532 15 
0010 0001 1666690297983729 34.9375 -70.5 0.5890486225480862 15 
0010 0011 1666690298031382 7.75 -74.0 4.71238898038469 15 
0010 0002 1666690298088886 -303.5 -70.0 4.706253057233147 15 
0010 0008 1666690298091197 -13.0 -56.0 2.172116795646068 15 
0010 0007 1666690298092336 13.0 -63.5 4.749204519293945 15 
0010 0003 1666690298093261 -26.0 -63.0 0.5829126993965437 15 
0010 0004 1666690298094412 -48.0 -56.5 5.896622148632405 15 
0010 0010 1666690298095538 -87.0625 -68.5 4.9394181369917645 15 
0010 0014 1666690298097141 8.9375 -60.0 5.0253210611133605 15 
0010 0001 1666690298098578 126.125 -71.0 0.6749515466696822 15 
0010 0009 1666690298100723 -61.0 -63.5 1.7794177139473437 15 
0010 0005 1666690298102062 -117.125 -63.5 5.755495916146925 15 
0010 0011 1666690298156257 -2.875 -74.0 4.749204519293945 15 
0010 0010 1666690298210385 -160.3125 -69.0 4.970097752749477 15 
0010 0004 1666690298212613 -52.0625 -56.5 5.896622148632405 15 
0010 0014 1666690298213494 -34.9375 -59.0 5.080544369477243 15 
0010 0007 1666690298214378 -108.1875 -64.0 4.945554060143307 15 
0010 0008 1666690298215571 -21.9375 -56.0 2.2027964114037806 15 
0010 0005 1666690298218622 -78.0625 -64.0 5.737088146692298 15 
0010 0003 1666690298219995 4.0625 -63.5 0.5399612373357456 15 
0010 0002 1666690298221303 -204.25 -69.0 4.779884135051658 15 
0010 0009 1666690298222427 43.125 -64.0 1.6689710972195777 15 
0010 0001 1666690298225992 230.25 -71.5 0.5890486225480862 15 
0010 0011 1666690298266203 0.0 -74.0 4.822835597112456 15 
0010 0007 1666690298333018 -39.0 -63.0 4.859651136021712 15 
0010 0009 1666690298334553 21.9375 -64.0 1.7119225592803755 15 
0010 0005 1666690298335679 -95.1875 -64.0 5.743224069843841 15 
0010 0010 1666690298336534 69.125 -68.0 4.779884135051658 15 
0010 0001 1666690298337443 -30.0625 -71.0 0.8651651643675016 15 
0010 0004 1666690298338582 -48.0 -56.5 5.957981380147831 15 
0010 0014 1666690298339592 13.0 -59.5 5.00077736850719 15 
0010 0008 1666690298340504 4.0625 -56.0 2.2089323345553233 15 
0010 0003 1666690298341642 56.125 -63.0 0.5276893910326605 15 
0010 0002 1666690298344076 -34.9375 -69.0 4.522175362686871 15 
0010 0011 1666690298398936 -3.1875 -74.0 4.749204519293945 15 
0010 0004 1666690298454216 -8.9375 -56.5 5.93343768754166 15 
0010 0010 1666690298455585 -130.1875 -68.0 4.988505522204105 15 
0010 0002 1666690298456802 87.0625 -68.0 4.491495746929157 15 
0010 0008 1666690298459073 -34.9375 -57.0 2.2764274892222915 15 
0010 0014 1666690298460832 -26.0 -59.0 5.062136600022616 15 
0010 0007 1666690298461744 74.0 -63.5 4.7307967498393175 15 
0010 0009 1666690298463898 4.0625 -63.5 1.7119225592803755 15 
0010 0005 1666690298464927 48.0 -64.0 5.595961914206819 15 
0010 0003 1666690298465878 -17.0625 -63.5 0.607456392002714 15 
0010 0001 1666690298480585 48.0 -72.5 1.1167380135807468 15 
0010 0011 1666690298504341 5.625 -73.5 4.608078286808466 15 
0010 0003 1666690298581307 -26.0 -63.0 0.5706408530934585 15 
0010 0007 1666690298582829 -26.0 -63.5 4.822835597112456 15 
0010 0005 1666690298585580 -13.0 -64.0 5.632777453116074 15 
0010 0008 1666690298586476 17.0625 -56.5 2.2457478734645786 15 
0010 0004 1666690298588984 -26.0 -56.5 5.994796919057086 15 
0010 0009 1666690298589865 74.0 -62.5 1.846912868614312 15 
0010 0014 1666690298590777 -74.0 -59.5 5.086680292628786 15 
0010 0010 1666690298593155 -143.1875 -69.0 5.080544369477243 15 
0010 0002 1666690298594334 -26.0 -68.0 4.405592822807561 15 
0010 0001 1666690298596755 -21.9375 -73.0 0.9265243958829272 15 
0010 0011 1666690298620187 17.0625 -73.5 4.608078286808466 15 
0010 0010 1666690298696765 -221.3125 -69.0 5.062136600022616 15 
0010 0003 1666690298699041 30.0625 -63.0 0.5399612373357456 15 
0010 0004 1666690298700207 -34.9375 -56.5 5.964117303299373 15 
0010 0014 1666690298702068 -17.0625 -59.5 5.056000676871073 15 
0010 0008 1666690298702960 0.0 -56.5 2.2641556429192065 15 
0010 0005 1666690298703876 74.0 -64.5 5.540738605842936 15 
0010 0007 1666690298705723 -17.0625 -63.0 4.822835597112456 15 
0010 0009 1666690298706962 26.0 -63.0 1.9512235621905356 15 
0010 0001 1666690298709630 34.9375 -71.0 0.9756117810952678 15 
0010 0002 1666690298711205 -78.0625 -69.0 4.638757902566179 15 
0010 0011 1666690298733413 16.3125 -73.5 1.2885438618239387 15 
0010 0010 1666690298812763 82.1875 -68.0 4.669437518323892 15 
0010 0007 1666690298814983 -34.9375 -63.0 4.853515212870168 15 
0010 0003 1666690298818013 -21.9375 -63.5 0.6810874698212247 15 
0010 0005 1666690298818997 -69.125 -64.5 5.773903685601553 15 
0010 0001 1666690298820149 130.1875 -72.0 0.8958447801252144 15 
0010 0004 1666690298821354 -56.125 -56.5 5.994796919057086 15 
0010 0008 1666690298822461 -13.0 -57.0 2.3316507975861747 15 
0010 0002 1666690298824649 48.0 -68.5 4.565126824747668 15 
0010 0009 1666690298825688 17.0625 -63.0 2.024854640009046 15 
0010 0014 1666690298826628 -100.0625 -59.5 5.111223985234957 15 
0010 0011 1666690298852389 -18.75 -73.5 1.423534171157875 15 
0010 0014 1666690298930326 56.125 -59.5 4.908738521234052 15 
0010 0005 1666690298931237 100.0625 -64.0 5.620505606812989 15 
0010 0002 1666690298932616 -113.0625 -69.0 4.657165672020807 15 
0010 0010 1666690298934594 -65.0625 -68.5 4.878058905476339 15 
0010 0007 1666690298935799 4.0625 -63.0 4.890330751779424 15 
0010 0003 1666690298936908 26.0 -63.5 0.6258641614573416 15 
0010 0004 1666690298937847 -69.125 -56.5 6.000932842208628 15 
0010 0008 1666690298940428 13.0 -57.0 2.2457478734645786 15 
0010 0009 1666690298941354 87.0625 -63.5 1.9389517158874505 15 
0010 0001 1666690298945483 30.0625 -72.0 1.227184630308513 15 
0010 0011 1666690298973014 -7.3125 -73.5 1.4419419406125027 15 
0010 0014 1666690299047840 -4.0625 -60.0 5.019185137961818 15 
0010 0003 1666690299049376 -34.9375 -63.5 0.6381360077604268 15 
0010 0008 1666690299050582 -8.9375 -57.0 2.2580197197676637 15 
0010 0002 1666690299052575 173.3125 -68.5 4.344233591292136 15 
0010 0004 1666690299053453 -4.0625 -56.5 5.896622148632405 15 
0010 0005 1666690299056923 -117.125 -64.0 5.829126993965437 15 
0010 0007 1666690299059490 -26.0 -63.0 4.804427827657828 15 
0010 0010 1666690299060531 8.9375 -68.5 4.847379289718626 15 
0010 0009 1666690299061672 52.0625 -63.0 1.945087639038993 15 
0010 0001 1666690299063316 -21.9375 -70.5 1.0062913968529805 15 
0010 0011 1666690299090285 2.4375 -73.0 4.565126824747668 15 
0010 0008 1666690299168173 -21.9375 -57.0 2.2948352586769194 15 
0010 0009 1666690299169201 52.0625 -63.0 1.8714565612204823 15 
0010 0011 1666690299170368 -186.3125 -72.5 1.6198837120072371 15 
0010 0014 1666690299171745 -17.0625 -59.5 5.0682725231741586 15 
0010 0004 1666690299172657 -30.0625 -56.0 5.93343768754166 15 
0010 0010 1666690299173583 -17.0625 -69.0 4.804427827657828 15 
0010 0007 1666690299174469 152.125 -63.5 4.614214209960009 15 
0010 0003 1666690299175393 -61.0 -63.5 0.6933593161243098 15 
0010 0005 1666690299176588 -95.1875 -64.5 5.896622148632405 15 
0010 0002 1666690299181243 260.375 -68.5 4.338097668140593 15 
0010 0001 1666690299183045 186.3125 -72.0 0.9203884727313847 15 
0010 0004 1666690299280056 -8.9375 -56.5 5.982525072754001 15 
0010 0003 1666690299283360 -74.0 -63.5 0.7669903939428205 15 
0010 0009 1666690299284413 21.9375 -63.5 2.055534255766759 15 
0010 0007 1666690299286554 52.0625 -63.0 4.749204519293945 15 
0010 0014 1666690299287464 -61.0 -59.0 5.043728830567988 15 
0010 0008 1666690299290917 0.0 -57.0 2.2948352586769194 15 
0010 0010 1666690299291822 -52.0625 -67.5 4.792155981354743 15 
0010 0002 1666690299292971 -69.125 -69.5 4.718524903536232 15 
0010 0005 1666690299294139 -21.9375 -64.0 5.681864838328415 15 
0010 0001 1666690299314320 -19.5 -75.0 1.4664856332186729 15 
0010 0011 1666690299323175 14.625 -74.0 4.509903516383785 15 
0010 0002 1666690299401216 8.9375 -69.0 4.896466674930966 15 
0010 0008 1666690299402127 -8.9375 -57.0 2.454369260617026 15 
0010 0005 1666690299403777 4.0625 -64.5 5.743224069843841 15 
0010 0003 1666690299405195 13.0 -63.5 0.859029241215959 15 
0010 0014 1666690299406660 13.0 -59.0 5.00077736850719 15 
0010 0007 1666690299407828 -95.1875 -62.5 4.816699673960914 15 
0010 0009 1666690299411388 -78.0625 -64.5 2.172116795646068 15 
0010 0010 1666690299412554 4.0625 -68.0 4.700117134081604 15 
0010 0004 1666690299413467 39.0 -56.5 6.160466844148735 15 
0010 0011 1666690299439327 17.0625 -74.0 4.614214209960009 15 
0010 0001 1666690299509539 -1.125 -75.5 0.8283496254582462 15 
0010 0014 1666690299526307 -69.125 -59.0 5.117359908386499 15 
0010 0010 1666690299527191 -165.1875 -67.5 4.865787059173254 15 
0010 0008 1666690299528113 -17.0625 -57.0 2.791845033951867 15 
0010 0005 1666690299531903 -21.9375 -65.5 5.884350302329319 15 
0010 0004 1666690299533026 13.0 -56.0 0.3374757733348411 15 
0010 0007 1666690299534407 69.125 -63.0 4.706253057233147 15 
0010 0003 1666690299536580 91.125 -64.5 1.4419419406125027 15 
0010 0002 1666690299539689 121.25 -69.0 5.602097837358362 15 
0010 0009 1666690299541109 -65.0625 -67.5 2.2396119503130363 15 
0010 0001 1666690299542133 199.375 -72.0 4.424000592262189 15 
0010 0001 1666690299639223 82.1875 -71.0 5.964117303299373 15 
0010 0002 1666690299640630 -56.125 -68.5 0.5645049299419159 15 
0010 0003 1666690299642352 165.1875 -64.5 2.270291566070749 15 
0010 0008 1666690299643687 -34.9375 -57.5 3.4606606574700063 15 
0010 0014 1666690299644639 -17.0625 -59.5 5.203262832508095 15 
0010 0005 1666690299645554 -143.1875 -69.0 6.086835766330224 15 
0010 0004 1666690299646703 30.0625 -55.5 0.9081166264282996 15 
0010 0007 1666690299647644 -74.0 -61.5 4.81056375080937 15 
0010 0010 1666690299651097 30.0625 -67.5 4.608078286808466 15 
0010 0000 1666690299743063 -1.5 -71.0 0.9081166264282996 15 
0010 0004 1666690299757758 17.0625 -56.0 1.6014759425526093 15 
0010 0005 1666690299758674 52.0625 -71.0 5.93343768754166 15 
0010 0007 1666690299760095 -87.0625 -62.0 4.871922982324796 15 
0010 0002 1666690299761276 -65.0625 -68.5 2.227340104009951 15 
0010 0014 1666690299762879 -21.9375 -61.0 5.203262832508095 15 
0010 0003 1666690299763746 65.0625 -62.5 4.571262747899211 15 
0010 0010 1666690299766105 104.125 -68.0 4.638757902566179 15 
0010 0011 1666690299768447 78.0625 -72.5 0.9326603190344698 15 
0010 0008 1666690299770335 -69.125 -58.5 4.3074180523828804 15 
0010 0000 1666690299774056 -100.0625 -67.0 4.424000592262189 15 
0010 0005 1666690299873902 -221.3125 -71.5 6.160466844148735 15 
0010 0002 1666690299874838 78.0625 -65.5 4.632621979414636 15 
0010 0008 1666690299875778 52.0625 -63.5 4.4976316700806995 15 
0010 0011 1666690299876902 65.0625 -66.0 1.000155473701438 15 
0010 0004 1666690299877784 26.0 -59.5 2.423689644859313 15 
0010 0000 1666690299878680 -61.0 -59.0 5.577554144752192 15 
0010 0007 1666690299880344 -30.0625 -62.0 4.81056375080937 15 
0010 0014 1666690299881951 -43.125 -61.5 5.019185137961818 15 
0010 0003 1666690299883245 39.0 -59.0 0.02454369260617026 15 
0010 0010 1666690299884159 -143.1875 -69.5 5.1725832167503825 15 
0010 0009 1666690299886300 13.0 -69.0 3.411573272257666 15 
0010 0000 1666690299984586 17.0625 -53.0 0.2454369260617026 15 
0010 0008 1666690299985512 17.0625 -67.5 4.700117134081604 15 
0010 0014 1666690299988052 -82.1875 -62.5 5.117359908386499 15 
0010 0009 1666690299989469 13.0 -65.0 3.4913402732277192 15 
0010 0003 1666690299992911 -8.9375 -59.0 1.8285050991596843 15 
0010 0004 1666690299994164 65.0625 -70.5 2.945243112740431 15 
0010 0011 1666690299995023 121.25 -66.0 1.5278448647340985 15 
0010 0007 1666690299995949 -34.9375 -62.5 4.97623367590102 15 
0010 0002 1666690299997226 -8.9375 -63.0 0.1227184630308513 15 
0010 0008 1666690300093761 8.9375 -65.5 3.9392626632903265 15 
0010 0002 1666690300096412 113.0625 -65.0 1.1535535524900022 15 
0010 0007 1666690300098403 -56.125 -63.0 5.074408446325701 15 
0010 0000 1666690300101455 8.9375 -50.5 1.4480778637640452 15 
0010 0009 1666690300102880 48.0 -66.0 3.3870295796514958 15 
0010 0003 1666690300104171 -8.9375 -59.5 3.9515345095934116 15 
0010 0014 1666690300105227 -8.9375 -62.0 5.006913291658733 15 
0010 0004 1666690300193767 2.4375 -74.0 5.988660995905543 15 
0010 0008 1666690300210100 -30.0625 -60.0 3.724505352986337 15 
0010 0007 1666690300211054 -13.0 -62.5 5.166447293598839 15 
0010 0003 1666690300213778 -8.9375 -59.5 5.178719139901925 15 
0010 0002 1666690300215542 -13.0 -70.5 2.5034566458293663 15 
0010 0004 1666690300216481 -8.9375 -70.0 0.018407769454627694 15 
0010 0000 1666690300218143 -4.0625 -52.5 2.442097414313941 15 
0010 0009 1666690300218997 34.9375 -66.5 3.4054373491061236 15 
0010 0014 1666690300220234 13.0 -61.0 5.197126909356553 15 
0010 0004 1666690300319532 -74.0 -67.0 0.8774370106705868 15 
0010 0008 1666690300320509 0.0 -59.0 3.80427235395639 15 
0010 0003 1666690300321447 0.0 -60.5 5.638913376267617 15 
0010 0014 1666690300322392 -74.0 -62.5 5.5100589900852235 15 
0010 0000 1666690300323770 -30.0625 -57.5 2.564815877344792 15 
0010 0007 1666690300324667 21.9375 -63.0 5.1725832167503825 15 
0010 0009 1666690300327036 -82.1875 -65.0 3.822680123411018 15 
0010 0002 1666690300329071 260.375 -70.5 2.767301341345697 15 
0010 0008 1666690300436773 39.0 -60.5 3.749049045592507 15 
0010 0009 1666690300439286 4.0625 -65.0 3.4606606574700063 15 
0010 0014 1666690300440721 -78.0625 -64.0 5.516194913236766 15 
0010 0001 1666690300442096 -70.75 -70.5 1.9941750242513334 15 
0010 0002 1666690300444962 126.125 -70.0 2.834796496012665 15 
0010 0003 1666690300445999 30.0625 -63.0 5.970253226450915 15 
0010 0000 1666690300447107 69.125 -64.5 1.368310862793992 15 
0010 0007 1666690300448005 -26.0 -63.5 5.332117218690489 15 
0010 0004 1666690300449028 -8.9375 -66.5 1.3560390164909069 15 
0010 0005 1666690300450330 -459.75 -71.0 4.178563666200486 15 
0010 0004 1666690300549112 -21.9375 -66.5 1.4848934026733007 15 
0010 0014 1666690300551238 -8.9375 -64.5 5.5100589900852235 15 
0010 0008 1666690300552137 -39.0 -61.0 3.7429131224409646 15 
0010 0009 1666690300553075 -21.9375 -65.5 3.6754179677739964 15 
0010 0003 1666690300553987 113.0625 -65.0 5.93343768754166 15 
0010 0001 1666690300555775 351.5 -72.5 1.227184630308513 15 
0010 0007 1666690300556652 0.0 -63.0 5.338253141842031 15 
0010 0002 1666690300558295 -247.375 -72.0 3.0495538063166547 15 
0010 0000 1666690300561313 -65.0625 -66.5 0.6135923151542565 15 
0010 0005 1666690300562338 -82.1875 -69.5 3.8840393549264434 15 
0010 0002 1666690300659494 104.125 -71.0 2.7550294950426117 15 
0010 0007 1666690300660889 48.0 -63.5 5.338253141842031 15 
0010 0000 1666690300661829 74.0 -67.0 0.28225246497095796 15 
0010 0003 1666690300665005 4.0625 -65.0 6.135923151542564 15 
0010 0014 1666690300666005 -39.0 -65.5 5.522330836388308 15 
0010 0009 1666690300666904 26.0 -66.0 3.5036121195308043 15 
0010 0004 1666690300668322 0.0 -68.0 1.6137477888556946 15 
0010 0001 1666690300669279 203.4375 -72.0 1.1044661672776617 15 
0010 0008 1666690300670172 -4.0625 -61.0 3.718369429834794 15 
0010 0005 1666690300696056 12.9375 -73.5 0.8222137023067037 15 
0010 0003 1666690300774292 -43.125 -65.5 6.277049384028044 15 
0010 0014 1666690300775471 -4.0625 -65.0 5.516194913236766 15 
0010 0008 1666690300779073 4.0625 -60.5 3.736777199289422 15 
0010 0004 1666690300780607 0.0 -67.5 1.6014759425526093 15 
0010 0007 1666690300781552 -39.0 -63.5 5.368932757599744 15 
0010 0000 1666690300782961 65.0625 -67.0 0.30679615757712825 15 
0010 0009 1666690300783914 17.0625 -66.5 3.479068426924634 15 
0010 0002 1666690300785679 147.25 -71.5 2.6875343403756435 15 
0010 0001 1666690300786556 -4.0625 -73.0 1.6198837120072371 15 
0010 0005 1666690300811634 -8.0625 -73.5 0.944932165337555 15 
0010 0004 1666690300889928 -39.0 -66.5 1.5953400194010667 15 
0010 0002 1666690300892314 139.125 -71.5 2.5402721847386216 15 
0010 0008 1666690300893267 -65.0625 -60.5 3.865631585471816 15 
0010 0009 1666690300894413 0.0 -66.0 3.54042765844006 15 
0010 0000 1666690300895372 -61.0 -66.5 0.39269908169872414 15 
0010 0007 1666690300897707 -48.0 -63.5 5.405748296509 15 
0010 0014 1666690300899240 -199.375 -65.0 5.64504929941916 15 
0010 0003 1666690300900122 -52.0625 -65.0 0.1043106935762236 15 
0010 0001 1666690300905330 95.1875 -72.5 1.5278448647340985 15 
0010 0005 1666690300918406 13.875 -74.0 0.9019807032767571 15 
0010 0009 1666690301006210 48.0 -67.5 3.5281558121369745 15 
0010 0003 1666690301007219 -52.0625 -65.0 0.1227184630308513 15 
0010 0007 1666690301008087 -21.9375 -64.0 5.350524988145116 15 
0010 0002 1666690301009737 -82.1875 -70.5 2.816388726558037 15 
0010 0014 1666690301011174 -143.1875 -65.0 5.565282298449106 15 
0010 0008 1666690301012534 -8.9375 -60.0 3.773592738198677 15 
0010 0004 1666690301013534 139.125 -67.5 1.3744467859455345 15 
0010 0001 1666690301014657 225.375 -73.0 1.4603497100671303 15 
0010 0000 1666690301015581 74.0 -68.0 0.4111068511533518 15 
0010 0005 1666690301072753 4.875 -74.5 0.8528933180644165 15 
0010 0007 1666690301126133 -21.9375 -63.0 5.264622064023521 15 
0010 0014 1666690301127387 -69.125 -65.0 5.5284667595398505 15 
0010 0000 1666690301128781 82.1875 -67.5 0.4172427743048944 15 
0010 0002 1666690301130837 -26.0 -71.5 2.6875343403756435 15 
0010 0001 1666690301132936 725.0625 -72.5 0.8160777791551611 15 
0010 0008 1666690301133760 -34.9375 -61.0 3.8288160465625602 15 
0010 0003 1666690301135855 48.0 -65.5 0.02454369260617026 15 
0010 0004 1666690301136836 -8.9375 -67.0 1.6382914814618648 15 
0010 0009 1666690301140035 21.9375 -66.5 3.522019888985432 15 
0010 0005 1666690301359087 0.8125 -74.0 0.9572040116406401 15 
0010 0007 1666690301381837 39.0 -63.5 5.2768939103266055 15 
0010 0009 1666690301382732 -30.0625 -66.0 3.5158839658338894 15 
0010 0001 1666690301383644 -191.1875 -73.0 1.9144080232812801 15 
0010 0008 1666690301385460 -26.0 -60.5 3.785864584501762 15 
0010 0003 1666690301386583 43.125 -65.0 6.117515382087937 15 
0010 0014 1666690301387465 43.125 -65.5 5.522330836388308 15 
0010 0004 1666690301391040 -21.9375 -67.0 1.6505633277649499 15 
0010 0000 1666690301393215 -134.25 -67.0 0.803805932852076 15 
0010 0002 1666690301395503 -117.125 -71.0 3.067961575771282 15 
0010 0005 1666690301485536 -1.5 -74.5 0.6872233929727672 15 
0010 0000 1666690301502123 82.1875 -68.0 0.5645049299419159 15 
0010 0002 1666690301503474 91.125 -71.5 2.7550294950426117 15 
0010 0014 1666690301504685 182.25 -66.0 5.283029833478148 15 
0010 0004 1666690301505780 -69.125 -67.5 1.705786636128833 15 
0010 0003 1666690301507443 -56.125 -66.5 0.006135923151542565 15 
0010 0008 1666690301509074 -8.9375 -61.5 3.792000507653305 15 
0010 0007 1666690301510727 -78.0625 -63.5 5.350524988145116 15 
0010 0001 1666690301511651 295.375 -72.5 1.5585244804918115 15 
0010 0009 1666690301513254 34.9375 -66.0 3.380893656499953 15 
