0010 0014 1666691658485228 -160.3125 -65.0 3.479068426924634 18 
0010 0008 1666691658486390 -134.25 -60.0 4.945554060143307 18 
0010 0011 1666691658487316 52.0625 -58.0 5.829126993965437 18 
0010 0009 1666691658488239 -17.0625 -61.0 3.153864499892878 18 
0010 0004 1666691658490662 -4.0625 -52.0 2.227340104009951 18 
0010 0005 1666691658492354 13.0 -62.5 2.3316507975861747 18 
0010 0010 1666691658494687 130.1875 -68.0 3.693825737228624 18 
0010 0006 1666691658496587 47.1875 -62.0 4.540583132141498 18 
0010 0002 1666691658499355 95.1875 -71.0 1.1780972450961724 18 
0010 0007 1666691658500608 17.0625 -70.5 0.5829126993965437 18 
0010 0003 1666691658502610 -13.0 -66.5 1.7732817907958012 18 
0010 0001 1666691658509753 139.125 -71.5 2.36846633649543 18 
0010 0006 1666691658607016 -66.6875 -62.5 4.565126824747668 18 
0010 0004 1666691658608195 -13.0 -52.0 2.2150682577068657 18 
0010 0003 1666691658609063 95.1875 -68.5 1.5585244804918115 18 
0010 0011 1666691658610469 -34.9375 -58.0 5.884350302329319 18 
0010 0005 1666691658611594 82.1875 -62.5 2.2518837966161214 18 
0010 0009 1666691658612491 -61.0 -60.5 3.184544115650591 18 
0010 0014 1666691658613926 -4.0625 -65.0 3.313398501832985 18 
0010 0007 1666691658616584 56.125 -73.0 0.6381360077604268 18 
0010 0008 1666691658618296 -48.0 -60.5 4.822835597112456 18 
0010 0010 1666691658624041 4.0625 -67.0 3.877903431774901 18 
0010 0002 1666691658626850 126.125 -71.5 1.0246991663076084 18 
0010 0001 1666691658648857 -15.375 -73.0 5.853670686571607 18 
0010 0004 1666691658727815 34.9375 -52.0 2.1537090261914402 18 
0010 0006 1666691658730765 -18.6875 -62.5 4.534447208989955 18 
0010 0005 1666691658732260 -56.125 -62.5 2.423689644859313 18 
0010 0014 1666691658733742 -156.1875 -65.0 3.411573272257666 18 
0010 0011 1666691658734609 13.0 -58.0 5.853670686571607 18 
0010 0008 1666691658735507 -87.0625 -61.0 4.7860200582032 18 
0010 0009 1666691658736362 -95.1875 -61.0 3.2643111166206444 18 
0010 0003 1666691658737628 26.0 -66.5 1.533980787885641 18 
0010 0010 1666691658739606 -321.4375 -68.0 4.252194744018997 18 
0010 0002 1666691658741417 56.125 -72.0 1.1903690913992575 18 
0010 0001 1666691658746056 -39.0 -70.5 2.662990647769473 18 
0010 0007 1666691658747025 34.9375 -71.5 0.6135923151542565 18 
0010 0014 1666691658845822 -8.9375 -64.5 3.2459033471660166 18 
0010 0011 1666691658847006 -21.9375 -58.0 5.872078456026235 18 
0010 0004 1666691658847918 -30.0625 -52.5 2.2027964114037806 18 
0010 0003 1666691658848827 -26.0 -67.5 1.7732817907958012 18 
0010 0008 1666691658849725 26.0 -60.5 4.6878452877785195 18 
0010 0010 1666691658851178 -82.1875 -67.5 3.9085830475326135 18 
0010 0006 1666691658852090 26.0 -63.0 4.565126824747668 18 
0010 0001 1666691658853526 269.3125 -69.5 2.36846633649543 18 
0010 0005 1666691658854991 -30.0625 -62.0 2.2948352586769194 18 
0010 0007 1666691658855930 8.9375 -69.5 0.4908738521234052 18 
0010 0009 1666691658858063 -65.0625 -61.0 3.215223731408304 18 
0010 0002 1666691658864755 173.3125 -70.5 0.9265243958829272 18 
0010 0003 1666691658965078 -8.9375 -66.5 1.6260196351587797 18 
0010 0009 1666691658966120 -78.0625 -60.5 3.1968159619536762 18 
0010 0011 1666691658967040 0.0 -58.0 5.890486225480862 18 
0010 0004 1666691658967954 4.0625 -52.5 2.1598449493429825 18 
0010 0001 1666691658968867 65.0625 -71.5 2.5586799541932495 18 
0010 0008 1666691658969733 -91.125 -60.0 4.743068596142402 18 
0010 0005 1666691658971085 78.0625 -62.0 2.2150682577068657 18 
0010 0014 1666691658972395 -78.0625 -64.0 3.393165502803038 18 
0010 0006 1666691658973346 -42.3125 -63.0 4.558990901596125 18 
0010 0010 1666691658974710 -48.0 -67.5 3.9576704327449543 18 
0010 0007 1666691658976357 -160.3125 -70.5 0.8160777791551611 18 
0010 0002 1666691658978534 -43.125 -72.5 1.1780972450961724 18 
0010 0007 1666691659075431 282.375 -70.5 0.44178646691106466 18 
0010 0008 1666691659077275 30.0625 -60.5 4.669437518323892 18 
0010 0011 1666691659079052 43.125 -58.0 5.853670686571607 18 
0010 0002 1666691659080431 186.3125 -71.5 0.8283496254582462 18 
0010 0004 1666691659081326 13.0 -52.5 2.1905245651006955 18 
0010 0009 1666691659082731 17.0625 -60.5 3.0802334220743677 18 
0010 0005 1666691659083645 65.0625 -62.5 2.2396119503130363 18 
0010 0010 1666691659085067 13.0 -66.5 3.80427235395639 18 
0010 0006 1666691659085990 -90.3125 -63.0 4.638757902566179 18 
0010 0003 1666691659087510 -43.125 -68.0 1.6935147898257479 18 
0010 0014 1666691659088903 -21.9375 -64.0 3.3440781175906977 18 
0010 0001 1666691659090892 -100.0625 -70.5 2.6323110320117604 18 
0010 0009 1666691659188877 34.9375 -60.0 3.074097498922825 18 
0010 0008 1666691659189828 -4.0625 -60.5 4.681709364626977 18 
0010 0005 1666691659191477 21.9375 -62.5 2.3316507975861747 18 
0010 0003 1666691659193591 -48.0 -67.0 1.6260196351587797 18 
0010 0004 1666691659195862 -4.0625 -52.5 2.1966604882522383 18 
0010 0014 1666691659197613 -26.0 -64.0 3.3440781175906977 18 
0010 0006 1666691659198510 104.125 -63.0 4.534447208989955 18 
0010 0011 1666691659200466 -61.0 -58.0 5.927301764390117 18 
0010 0010 1666691659201410 -113.0625 -66.5 4.006757817957295 18 
0010 0001 1666691659202742 -4.0625 -70.5 2.60776733940559 18 
0010 0007 1666691659203938 21.9375 -70.0 0.5399612373357456 18 
0010 0002 1666691659205615 56.125 -72.5 1.0246991663076084 18 
0010 0007 1666691659303055 91.125 -70.0 0.3865631585471816 18 
0010 0004 1666691659304804 -39.0 -52.5 2.2027964114037806 18 
0010 0008 1666691659306235 39.0 -61.0 4.6878452877785195 18 
0010 0010 1666691659307390 -160.3125 -67.0 4.074252972624263 18 
0010 0006 1666691659308965 -122.875 -63.5 4.743068596142402 18 
0010 0014 1666691659310342 74.0 -64.0 3.1906800388021335 18 
0010 0009 1666691659311508 -34.9375 -60.0 3.08636934522591 18 
0010 0011 1666691659313043 4.0625 -58.0 5.8475347634200645 18 
0010 0003 1666691659313911 69.125 -67.5 1.4910293258248433 18 
0010 0005 1666691659315334 -48.0 -62.0 2.386874105950058 18 
0010 0001 1666691659321896 -113.0625 -71.0 2.6200391857086753 18 
0010 0002 1666691659323804 -208.3125 -73.0 1.1719613219446299 18 
0010 0011 1666691659421659 13.0 -58.0 5.853670686571607 18 
0010 0009 1666691659422572 -39.0 -60.5 3.031146036862027 18 
0010 0003 1666691659424921 230.25 -67.0 1.2640001692177683 18 
0010 0006 1666691659426085 -142.375 -63.5 4.681709364626977 18 
0010 0008 1666691659426994 -56.125 -60.5 4.749204519293945 18 
0010 0005 1666691659430061 61.0 -62.0 2.3009711818284617 18 
0010 0014 1666691659430985 13.0 -63.5 3.2520392703175593 18 
0010 0004 1666691659436141 17.0625 -52.5 2.1353012567368124 18 
0010 0001 1666691659437038 -69.125 -71.0 2.6445828783148455 18 
0010 0007 1666691659437980 82.1875 -70.0 0.3313398501832985 18 
0010 0010 1666691659439264 -156.1875 -67.5 4.037437433715008 18 
0010 0002 1666691659450995 -3.25 -74.0 0.9694758579437253 18 
0010 0003 1666691659540412 26.0 -67.5 1.4542137869155878 18 
0010 0014 1666691659541296 -48.0 -63.5 3.429981041712294 18 
0010 0007 1666691659542434 17.0625 -71.5 0.4908738521234052 18 
0010 0009 1666691659543347 -34.9375 -60.5 3.0066023442558567 18 
0010 0004 1666691659545982 0.0 -52.5 2.12916533358527 18 
0010 0005 1666691659549182 108.1875 -62.0 2.2089323345553233 18 
0010 0008 1666691659550732 95.1875 -60.5 4.620350133111551 18 
0010 0011 1666691659551685 -17.0625 -58.0 5.8475347634200645 18 
0010 0006 1666691659553339 0.0 -63.5 4.577398671050753 18 
0010 0010 1666691659555577 -78.0625 -67.5 4.025165587411922 18 
0010 0001 1666691659556908 21.9375 -70.5 2.60776733940559 18 
0010 0002 1666691659574516 16.25 -73.5 4.101864626806204 18 
0010 0011 1666691659662348 30.0625 -58.0 5.8045833013592665 18 
0010 0004 1666691659664279 8.9375 -52.5 2.098485717827557 18 
0010 0003 1666691659667513 160.3125 -67.0 1.3008157081270237 18 
0010 0009 1666691659668408 -34.9375 -60.5 2.9513790358919736 18 
0010 0008 1666691659670040 -26.0 -61.0 4.663301595172349 18 
0010 0010 1666691659671363 -234.3125 -67.5 4.172427743048944 18 
0010 0001 1666691659672781 104.125 -71.0 2.3930100291016 18 
0010 0005 1666691659674089 30.0625 -62.0 2.2948352586769194 18 
0010 0007 1666691659675102 -78.0625 -70.5 0.4663301595172349 18 
0010 0014 1666691659675995 8.9375 -64.0 3.3624858870453256 18 
0010 0006 1666691659677148 -30.0625 -63.0 4.6878452877785195 18 
0010 0002 1666691659681428 48.0 -73.5 0.8344855486097889 18 
0010 0011 1666691659778682 4.0625 -58.5 5.792311455056181 18 
0010 0009 1666691659781420 0.0 -60.5 2.9329712664373457 18 
0010 0005 1666691659782438 -65.0625 -61.5 2.3623304133438876 18 
0010 0014 1666691659783627 -43.125 -64.5 3.4177091954092087 18 
0010 0004 1666691659784510 34.9375 -52.5 2.0493983326152168 18 
0010 0008 1666691659785916 -69.125 -60.5 4.675573441475434 18 
0010 0003 1666691659788152 100.0625 -67.0 1.4051264017032472 18 
0010 0006 1666691659790221 -66.6875 -63.5 4.663301595172349 18 
0010 0007 1666691659791346 95.1875 -70.5 0.34974761963792617 18 
0010 0001 1666691659792400 -256.3125 -70.0 2.767301341345697 18 
0010 0010 1666691659793283 -34.9375 -67.0 3.9760782021995817 18 
0010 0002 1666691659819575 2.4375 -75.0 0.944932165337555 18 
0010 0009 1666691659897853 17.0625 -60.5 2.9268353432858034 18 
0010 0014 1666691659899858 -48.0 -64.0 3.3624858870453256 18 
0010 0011 1666691659900784 -48.0 -58.5 5.915029918087033 18 
0010 0001 1666691659902149 152.125 -71.0 2.1046216409791 18 
0010 0004 1666691659904149 4.0625 -52.5 2.061670178918302 18 
0010 0008 1666691659905358 -100.0625 -61.0 4.675573441475434 18 
0010 0007 1666691659907152 -160.3125 -71.0 0.5829126993965437 18 
0010 0005 1666691659907991 -4.0625 -61.0 2.2396119503130363 18 
0010 0006 1666691659909396 -9.75 -63.0 4.558990901596125 18 
0010 0003 1666691659910339 -34.9375 -68.0 1.552388557340269 18 
0010 0010 1666691659911309 -61.0 -68.0 3.7981364308048478 18 
0010 0002 1666691659938667 -7.3125 -75.5 0.9142525495798421 18 
0010 0001 1666691660016477 74.0 -70.0 2.1782527187976104 18 
0010 0014 1666691660018140 -30.0625 -63.5 3.3747577333484107 18 
0010 0009 1666691660019024 -65.0625 -60.0 2.9820586516496865 18 
0010 0010 1666691660020678 -26.0 -68.5 3.9760782021995817 18 
0010 0008 1666691660021844 -91.125 -61.5 4.657165672020807 18 
0010 0005 1666691660024244 30.0625 -61.5 2.2089323345553233 18 
0010 0006 1666691660027248 -137.5 -64.0 4.7307967498393175 18 
0010 0011 1666691660028532 52.0625 -58.5 5.8045833013592665 18 
0010 0004 1666691660029510 -4.0625 -52.5 2.067806102069844 18 
0010 0007 1666691660030666 48.0 -70.5 0.4356505437595221 18 
0010 0003 1666691660032045 182.25 -67.0 1.3192234775816514 18 
0010 0002 1666691660069380 -6.5 -76.0 0.8528933180644165 18 
0010 0005 1666691660143536 61.0 -62.0 2.141437179888355 18 
0010 0004 1666691660144462 -17.0625 -52.5 2.067806102069844 18 
0010 0011 1666691660146962 30.0625 -58.5 5.8045833013592665 18 
0010 0008 1666691660149257 -39.0 -60.5 4.638757902566179 18 
0010 0014 1666691660150312 26.0 -64.0 3.2949907323783574 18 
0010 0009 1666691660151494 21.9375 -60.0 2.8654761117703775 18 
0010 0006 1666691660153705 -288.875 -64.0 4.908738521234052 18 
0010 0007 1666691660154673 30.0625 -70.5 0.4295146206079795 18 
0010 0001 1666691660155555 -173.3125 -72.0 2.5709518004963345 18 
0010 0010 1666691660157970 0.0 -67.0 4.025165587411922 18 
0010 0003 1666691660159113 -130.1875 -68.0 1.5830681730979816 18 
0010 0002 1666691660186792 -1.625 -75.5 0.803805932852076 18 
0010 0008 1666691660268082 -39.0 -61.0 4.663301595172349 18 
0010 0006 1666691660269347 -151.3125 -63.5 4.718524903536232 18 
0010 0014 1666691660270272 39.0 -64.0 3.2765829629237295 18 
0010 0007 1666691660271453 56.125 -71.5 0.5460971604872883 18 
0010 0010 1666691660272395 26.0 -67.0 4.025165587411922 18 
0010 0011 1666691660273521 26.0 -58.5 5.829126993965437 18 
0010 0004 1666691660274639 0.0 -52.5 2.0371264863121317 18 
0010 0001 1666691660276288 -160.3125 -71.5 2.6200391857086753 18 
0010 0005 1666691660285599 78.0625 -61.5 2.116893487282185 18 
0010 0009 1666691660286852 56.125 -60.5 2.804116880254952 18 
0010 0003 1666691660287719 21.9375 -67.5 1.3744467859455345 18 
0010 0002 1666691660313407 16.3125 -75.5 0.6933593161243098 18 
0010 0014 1666691660392622 -13.0 -64.0 3.32567034813607 18 
0010 0004 1666691660394241 -4.0625 -52.5 2.0064468705544187 18 
0010 0009 1666691660396120 61.0 -59.5 2.767301341345697 18 
0010 0008 1666691660397909 82.1875 -60.5 4.552854978444583 18 
0010 0005 1666691660399091 -61.0 -62.0 2.2641556429192065 18 
0010 0007 1666691660400061 -52.0625 -70.0 0.4908738521234052 18 
0010 0011 1666691660401221 -8.9375 -58.0 5.841398840268521 18 
0010 0003 1666691660402133 17.0625 -67.0 1.3867186322486196 18 
0010 0006 1666691660403060 -132.625 -64.0 4.6878452877785195 18 
0010 0010 1666691660405300 -61.0 -67.5 4.049709280018092 18 
0010 0001 1666691660406788 -39.0 -69.5 2.5464081078901644 18 
0010 0002 1666691660433012 -5.625 -76.0 0.803805932852076 18 
0010 0003 1666691660513380 173.3125 -67.5 1.2087768608538851 18 
0010 0008 1666691660514333 26.0 -61.0 4.565126824747668 18 
0010 0006 1666691660515480 -80.5625 -64.0 4.614214209960009 18 
0010 0005 1666691660516421 39.0 -61.5 2.1475731030398975 18 
0010 0010 1666691660517561 -48.0 -66.5 4.025165587411922 18 
0010 0007 1666691660518971 147.25 -70.5 0.4111068511533518 18 
0010 0004 1666691660520618 -4.0625 -52.5 1.9880391010997909 18 
0010 0009 1666691660521616 -34.9375 -59.5 2.8838838812250054 18 
0010 0014 1666691660523387 26.0 -63.5 3.3195344249845276 18 
0010 0011 1666691660524299 26.0 -58.0 5.835262917116979 18 
0010 0001 1666691660526455 -78.0625 -71.5 2.5341362615870793 18 
0010 0002 1666691660550547 21.9375 -75.5 0.5583690067903734 18 
0010 0005 1666691660630257 48.0 -62.0 2.1353012567368124 18 
0010 0009 1666691660632496 8.9375 -60.0 2.791845033951867 18 
0010 0003 1666691660633889 -34.9375 -67.5 1.5401167110371838 18 
0010 0008 1666691660634770 56.125 -61.0 4.509903516383785 18 
0010 0001 1666691660635921 -30.0625 -70.5 2.5402721847386216 18 
0010 0011 1666691660636848 -48.0 -58.0 5.853670686571607 18 
0010 0010 1666691660638000 4.0625 -67.5 3.988350048502667 18 
0010 0007 1666691660638946 -78.0625 -71.0 0.4663301595172349 18 
0010 0004 1666691660639870 13.0 -52.5 1.9696313316451632 18 
0010 0006 1666691660643502 -90.3125 -63.0 4.638757902566179 18 
0010 0014 1666691660644384 -91.125 -63.5 3.442252888015379 18 
0010 0002 1666691660668400 -30.9375 -75.5 0.7792622402459057 18 
0010 0006 1666691660750280 -132.625 -63.5 4.71238898038469 18 
0010 0001 1666691660751405 -221.3125 -70.5 3.043417883165112 18 
0010 0010 1666691660752941 -69.125 -66.5 4.129476280988146 18 
0010 0011 1666691660753852 -39.0 -58.0 5.872078456026235 18 
0010 0014 1666691660756647 39.0 -65.0 3.313398501832985 18 
0010 0004 1666691660758486 13.0 -52.5 1.9573594853420782 18 
0010 0008 1666691660759409 -4.0625 -61.0 4.6448938257177215 18 
0010 0009 1666691660760320 -8.9375 -60.5 2.8102528034064944 18 
0010 0005 1666691660761361 -13.0 -62.0 2.227340104009951 18 
0010 0003 1666691660762285 -26.0 -67.5 1.4603497100671303 18 
0010 0007 1666691660766616 -17.0625 -70.0 0.619728238305799 18 
0010 0002 1666691660784732 19.5 -75.5 0.6442719309119693 18 
0010 0009 1666691660868003 30.0625 -59.5 2.7979809571034093 18 
0010 0011 1666691660870194 43.125 -58.5 5.792311455056181 18 
0010 0008 1666691660871346 39.0 -61.5 4.558990901596125 18 
0010 0006 1666691660872255 -61.8125 -63.0 4.669437518323892 18 
0010 0005 1666691660873378 -48.0 -61.5 2.2396119503130363 18 
0010 0007 1666691660874503 100.0625 -71.0 0.39269908169872414 18 
0010 0004 1666691660875398 -21.9375 -52.5 2.012582793705961 18 
0010 0010 1666691660876284 -56.125 -66.5 4.123340357836604 18 
0010 0003 1666691660878370 61.0 -68.5 1.3867186322486196 18 
0010 0014 1666691660880796 -17.0625 -64.0 3.3072625786814425 18 
0010 0001 1666691660881724 48.0 -70.0 2.9697868053466014 18 
0010 0002 1666691660908448 -12.1875 -75.5 0.9265243958829272 18 
0010 0004 1666691660985482 0.0 -52.5 2.0371264863121317 18 
0010 0009 1666691660986612 -169.25 -60.5 3.0372819600135696 18 
0010 0011 1666691660987720 -26.0 -57.5 5.902758071783947 18 
0010 0007 1666691660988620 52.0625 -70.5 0.4724660826687775 18 
0010 0010 1666691660991244 -87.0625 -66.0 4.000621894805752 18 
0010 0006 1666691660993969 -56.9375 -63.5 4.595806440505381 18 
0010 0014 1666691660996610 -39.0 -63.5 3.436116964863836 18 
0010 0001 1666691660997492 -100.0625 -71.0 3.3440781175906977 18 
0010 0008 1666691660999543 -48.0 -61.0 4.669437518323892 18 
0010 0005 1666691661000696 43.125 -62.0 2.1475731030398975 18 
0010 0003 1666691661002254 -61.0 -67.0 1.5892040962495242 18 
0010 0002 1666691661018070 -43.5 -73.5 4.28287435977671 18 
0010 0008 1666691661107658 -48.0 -60.0 4.7307967498393175 18 
0010 0011 1666691661110130 -56.125 -58.0 5.890486225480862 18 
0010 0014 1666691661111807 -74.0 -64.0 3.4913402732277192 18 
0010 0004 1666691661113001 21.9375 -52.5 2.2641556429192065 18 
0010 0006 1666691661114433 -66.6875 -64.0 4.558990901596125 18 
0010 0003 1666691661115979 -100.0625 -67.0 1.8039614065535141 18 
0010 0007 1666691661116906 48.0 -70.0 0.3129320807286708 18 
0010 0002 1666691661117819 160.3125 -70.0 1.4296700943094176 18 
0010 0009 1666691661121983 -17.0625 -60.0 3.0802334220743677 18 
0010 0010 1666691661123992 61.0 -64.0 3.5711072741977725 18 
0010 0005 1666691661125131 -87.0625 -62.5 2.4911847995262812 18 
0010 0001 1666691661149281 11.4375 -73.0 5.240078371417351 18 
0010 0010 1666691661226282 -34.9375 -62.0 3.442252888015379 18 
0010 0004 1666691661228555 17.0625 -52.5 2.9022916506796332 18 
0010 0011 1666691661229469 -52.0625 -58.0 5.6573211457222445 18 
0010 0002 1666691661230408 69.125 -69.0 2.429825568010856 18 
0010 0005 1666691661231804 91.125 -64.5 2.82252464970958 18 
0010 0008 1666691661232967 -4.0625 -58.5 5.092816215780329 18 
0010 0009 1666691661234629 -52.0625 -60.0 3.6079228131070282 18 
0010 0007 1666691661236110 -82.1875 -69.5 0.5399612373357456 18 
0010 0001 1666691661237015 0.0 -67.5 0.8958447801252144 18 
0010 0014 1666691661238172 -48.0 -64.5 3.429981041712294 18 
0010 0006 1666691661239805 39.0 -65.0 4.356505437595221 18 
0010 0003 1666691661241982 108.1875 -68.5 2.380738182798515 18 
0010 0014 1666691661339116 74.0 -64.5 3.0802334220743677 18 
0010 0009 1666691661342635 13.0 -61.5 4.166291819897402 18 
0010 0008 1666691661344252 4.0625 -57.5 5.988660995905543 18 
0010 0010 1666691661345138 -34.9375 -64.0 3.411573272257666 18 
0010 0006 1666691661346557 -28.4375 -68.0 3.9638063558964967 18 
0010 0004 1666691661347892 -13.0 -52.0 4.184699589352029 18 
0010 0001 1666691661349087 26.0 -69.0 3.466796580621549 18 
0010 0002 1666691661350026 48.0 -69.5 4.583534594202296 18 
0010 0007 1666691661350909 -17.0625 -67.5 0.7792622402459057 18 
0010 0011 1666691661352660 -34.9375 -57.0 5.166447293598839 18 
0010 0005 1666691661354667 -100.0625 -73.0 4.0128937411088375 18 
0010 0003 1666691661355633 -199.375 -72.5 4.9394181369917645 18 
0010 0014 1666691661454168 -39.0 -62.5 3.2643111166206444 18 
0010 0011 1666691661455578 -43.125 -61.0 4.485359823777615 18 
0010 0004 1666691661457806 -4.0625 -52.5 6.013204688511713 18 
0010 0008 1666691661459062 82.1875 -54.5 1.2640001692177683 18 
0010 0006 1666691661460930 -61.8125 -68.0 3.2397674240144743 18 
0010 0003 1666691661462577 65.0625 -69.0 1.3560390164909069 18 
0010 0007 1666691661466409 178.1875 -66.5 1.4664856332186729 18 
0010 0002 1666691661467601 -238.4375 -71.5 2.0800779483729293 18 
0010 0001 1666691661470078 21.9375 -67.0 1.9941750242513334 18 
0010 0005 1666691661554526 11.0625 -75.5 5.632777453116074 18 
0010 0010 1666691661566843 -1.9375 -74.0 4.693981210930062 18 
0010 0001 1666691661583214 -13.0 -64.5 4.571262747899211 18 
0010 0011 1666691661584839 -117.125 -62.0 6.0991076126333095 18 
0010 0005 1666691661586046 243.3125 -71.0 2.6813984172241008 18 
0010 0007 1666691661588761 -186.3125 -68.5 4.331961744989051 18 
0010 0004 1666691661589685 21.9375 -52.0 2.2212041808584084 18 
0010 0003 1666691661590882 -607.875 -72.0 4.95168998329485 18 
0010 0000 1666691661591763 17.0625 -69.5 1.4664856332186729 18 
0010 0014 1666691661593441 43.125 -63.5 3.6263305825616556 18 
0010 0010 1666691661594651 13.0 -70.5 4.957825906446392 18 
0010 0002 1666691661595804 160.3125 -70.0 4.129476280988146 18 
0010 0008 1666691661596725 -13.0 -55.0 3.1906800388021335 18 
0010 0006 1666691661643197 0.0 -68.0 0.21475731030398976 18 
0010 0009 1666691661651957 -3.0 -72.5 0.5338253141842031 18 
0010 0002 1666691661704538 477.6875 -73.5 6.019340611663256 18 
0010 0008 1666691661705503 -69.125 -64.5 5.516194913236766 18 
0010 0007 1666691661707991 104.125 -62.5 0.944932165337555 18 
0010 0003 1666691661711234 65.0625 -72.5 1.1903690913992575 18 
0010 0004 1666691661712371 -26.0 -55.0 4.196971435655114 18 
0010 0000 1666691661713283 -139.125 -66.0 2.7550294950426117 18 
0010 0001 1666691661714178 -69.125 -66.0 6.166602767300278 18 
0010 0014 1666691661715358 -30.0625 -66.0 3.8410878928656453 18 
0010 0006 1666691661717768 -52.0625 -59.5 4.031301510563465 18 
0010 0011 1666691661718651 -69.125 -56.5 3.9515345095934116 18 
0010 0005 1666691661719919 -48.0 -65.5 4.289010282928253 18 
0010 0010 1666691661736039 12.1875 -71.5 0.859029241215959 18 
0010 0008 1666691661819208 8.9375 -60.0 3.7429131224409646 18 
0010 0011 1666691661820321 -91.125 -57.5 5.902758071783947 18 
0010 0006 1666691661821199 -4.875 -58.5 4.651029748869264 18 
0010 0007 1666691661822609 -21.9375 -57.5 2.4911847995262812 18 
0010 0010 1666691661824045 4.0625 -58.0 0.8222137023067037 18 
0010 0014 1666691661825169 8.9375 -65.5 3.5711072741977725 18 
0010 0004 1666691661826564 48.0 -60.5 0.8467573949128739 18 
0010 0002 1666691661828198 -152.125 -72.0 2.2641556429192065 18 
0010 0003 1666691661829125 264.4375 -68.5 2.0371264863121317 18 
0010 0001 1666691661836334 117.125 -65.5 0.4049709280018093 18 
0010 0009 1666691661842773 2.0 -70.5 4.0466413184423216 18 
0010 0013 1666691661863773 0.0 -75.0 5.160311370447297 18 
0010 0012 1666691661929071 8.0625 -76.0 0.7731263170943632 18 
0010 0005 1666691661952363 -3.8125 -73.0 0.7669903939428205 18 
0010 0000 1666691661969877 2.625 -76.5 0.30066023442558565 18 
0010 0001 1666691661977007 -39.0 -67.0 0.6258641614573416 18 
0010 0004 1666691661978769 -13.0 -56.0 3.147728576741336 18 
0010 0007 1666691661979668 -26.0 -61.0 3.877903431774901 18 
0010 0008 1666691661982258 -74.0 -57.0 5.086680292628786 18 
0010 0010 1666691661983934 -4.0625 -55.5 3.6017868899554855 18 
0010 0005 1666691661985061 -30.0625 -66.5 4.147884050442774 18 
0010 0011 1666691661986227 8.9375 -60.5 2.552544031041707 18 
0010 0013 1666691661988495 26.0 -69.5 5.749359992995383 18 
0010 0014 1666691661990740 204.25 -66.0 3.3011266555298997 18 
0010 0003 1666691662042545 12.9375 -75.5 3.9269908169872414 18 
0010 0002 1666691662044676 -1.625 -76.5 0.018407769454627694 18 
0010 0000 1666691662048756 20.25 -76.0 0.4172427743048944 18 
0010 0012 1666691662075813 0.0 -73.5 3.6692820446224537 18 
0010 0014 1666691662128558 -91.125 -66.0 3.6447383520162835 18 
0010 0010 1666691662129993 4.0625 -59.0 6.111379458936394 18 
0010 0004 1666691662131727 8.9375 -54.5 3.9392626632903265 18 
0010 0005 1666691662135195 13.0 -59.5 5.0682725231741586 18 
0010 0011 1666691662136080 -126.125 -60.0 4.828971520263998 18 
0010 0013 1666691662139297 74.0 -71.0 6.0991076126333095 18 
0010 0012 1666691662140154 -69.125 -71.0 3.411573272257666 18 
0010 0001 1666691662142762 -30.0625 -68.5 0.4479223900626072 18 
0010 0007 1666691662144992 152.125 -72.0 1.8223691760081417 18 
0010 0003 1666691662174247 4.0625 -75.0 1.4848934026733007 18 
0010 0000 1666691662178386 17.0625 -76.5 0.3374757733348411 18 
0010 0008 1666691662187815 -12.1875 -71.5 5.129631754689584 18 
0010 0002 1666691662191952 13.875 -77.0 3.3379421944391554 18 
0010 0010 1666691662266432 -30.0625 -59.0 1.6689710972195777 18 
0010 0011 1666691662267359 -56.125 -61.5 5.8659425328746915 18 
0010 0003 1666691662268314 152.125 -71.5 4.491495746929157 18 
0010 0001 1666691662270202 -17.0625 -68.5 0.4356505437595221 18 
0010 0014 1666691662271596 -30.0625 -65.0 3.9822141253511245 18 
0010 0005 1666691662273217 -52.0625 -58.0 5.792311455056181 18 
0010 0008 1666691662274312 -91.125 -71.0 5.6573211457222445 18 
0010 0013 1666691662275978 -26.0 -66.0 6.037748381117884 18 
0010 0007 1666691662277115 61.0 -64.5 3.3072625786814425 18 
0010 0012 1666691662278269 34.9375 -64.0 3.448388811166921 18 
0010 0004 1666691662280100 -34.9375 -55.0 4.430136515413731 18 
0010 0000 1666691662304923 -9.75 -76.0 0.6749515466696822 18 
0010 0002 1666691662316516 43.9375 -76.0 0.22089323345553233 18 
0010 0010 1666691662390123 -21.9375 -60.5 2.466641106920111 18 
0010 0014 1666691662391049 -13.0 -65.5 4.04357335686655 18 
0010 0007 1666691662394288 -52.0625 -62.5 3.724505352986337 18 
0010 0013 1666691662395529 -17.0625 -64.0 0.07976700097005335 18 
0010 0005 1666691662396662 0.0 -57.5 5.9518454569962875 18 
0010 0004 1666691662398111 0.0 -56.0 4.546719055293041 18 
0010 0003 1666691662400957 -243.3125 -71.0 5.5100589900852235 18 
0010 0011 1666691662402445 95.1875 -65.0 0.4479223900626072 18 
0010 0012 1666691662407333 -13.0 -64.0 3.933126740138784 18 
0010 0001 1666691662408667 -61.0 -67.0 0.4663301595172349 18 
0010 0008 1666691662409834 -126.125 -71.5 0.006135923151542565 18 
0010 0000 1666691662433204 -4.875 -75.5 1.0246991663076084 18 
0010 0002 1666691662435294 31.6875 -76.0 3.5036121195308043 18 
0010 0001 1666691662521522 0.0 -67.5 0.4049709280018093 18 
0010 0014 1666691662522817 -69.125 -65.0 4.0558452031696355 18 
0010 0005 1666691662523954 -4.0625 -57.5 6.0991076126333095 18 
0010 0010 1666691662525898 -61.0 -61.5 2.82252464970958 18 
0010 0011 1666691662527050 -82.1875 -65.5 1.3314953238847365 18 
0010 0003 1666691662527976 104.125 -69.5 5.105088062083414 18 
0010 0004 1666691662528886 -34.9375 -56.0 4.706253057233147 18 
0010 0007 1666691662529825 -13.0 -61.5 4.01902966426038 18 
0010 0013 1666691662532032 -69.125 -63.0 0.4356505437595221 18 
0010 0012 1666691662532917 -87.0625 -63.0 4.270602513473625 18 
0010 0000 1666691662573670 -14.625 -76.0 1.1903690913992575 18 
0010 0008 1666691662577216 23.625 -75.0 6.227961998815704 18 
0010 0002 1666691662580114 -6.5 -76.0 0.5460971604872883 18 
0010 0005 1666691662657076 -4.0625 -57.0 6.227961998815704 18 
0010 0010 1666691662659296 -82.1875 -62.5 3.018874190558942 18 
0010 0014 1666691662660451 -61.0 -65.5 4.135612204139688 18 
0010 0003 1666691662662946 -39.0 -69.5 5.381204603902829 18 
0010 0011 1666691662664153 61.0 -66.5 1.239456476611598 18 
0010 0004 1666691662665021 -43.125 -56.0 4.902602598082509 18 
0010 0013 1666691662666431 -26.0 -63.5 0.6565437772150544 18 
0010 0012 1666691662667739 -56.125 -63.5 4.516039439535327 18 
0010 0001 1666691662668622 117.125 -68.0 0.2638446955163303 18 
0010 0007 1666691662669542 0.0 -60.0 4.239922897715912 18 
0010 0008 1666691662699176 4.0625 -75.5 0.17794177139473438 18 
0010 0002 1666691662701962 12.9375 -75.5 0.3988350048502667 18 
0010 0000 1666691662704759 4.875 -75.0 1.239456476611598 18 
0010 0003 1666691662783677 -4.0625 -69.0 5.418020142812084 18 
0010 0014 1666691662785313 -21.9375 -65.5 4.037437433715008 18 
0010 0011 1666691662786197 -17.0625 -67.0 1.423534171157875 18 
0010 0010 1666691662789834 17.0625 -63.0 3.0372819600135696 18 
0010 0004 1666691662790788 -21.9375 -56.0 4.963961829597935 18 
0010 0001 1666691662792502 26.0 -68.0 0.34974761963792617 18 
0010 0007 1666691662793400 -48.0 -60.5 4.3074180523828804 18 
0010 0005 1666691662795161 -4.0625 -57.0 6.277049384028044 18 
0010 0012 1666691662796090 13.0 -63.0 4.583534594202296 18 
0010 0013 1666691662797147 4.0625 -64.5 0.6933593161243098 18 
0010 0000 1666691662834113 -15.375 -75.5 1.4664856332186729 18 
0010 0002 1666691662838244 -0.75 -75.5 3.80427235395639 18 
0010 0008 1666691662845103 12.9375 -75.5 0.3129320807286708 18 
0010 0013 1666691662919597 -30.0625 -64.0 0.8283496254582462 18 
0010 0010 1666691662920509 17.0625 -63.5 3.11091303783208 18 
0010 0005 1666691662922228 -56.125 -57.5 0.0674951546669682 18 
0010 0011 1666691662925909 26.0 -67.0 1.6137477888556946 18 
0010 0014 1666691662927218 -78.0625 -65.0 4.111068511533518 18 
0010 0007 1666691662928156 30.0625 -60.0 4.313553975534423 18 
0010 0000 1666691662931759 -230.25 -74.0 1.736466251886546 18 
0010 0001 1666691662932950 26.0 -67.5 0.4663301595172349 18 
0010 0004 1666691662934001 -4.0625 -56.0 5.062136600022616 18 
0010 0003 1666691662934865 0.0 -68.5 5.460971604872882 18 
0010 0012 1666691662935939 -30.0625 -63.0 4.693981210930062 18 
0010 0002 1666691662963464 13.875 -75.5 0.7424467013366504 18 
0010 0008 1666691662966961 -10.5 -75.0 0.4356505437595221 18 
0010 0003 1666691663045564 -43.125 -68.5 5.553010452146021 18 
0010 0005 1666691663047791 -34.9375 -57.0 0.07976700097005335 18 
0010 0001 1666691663048925 -21.9375 -68.5 0.5460971604872883 18 
0010 0013 1666691663049882 8.9375 -63.5 0.7976700097005334 18 
0010 0012 1666691663050725 -48.0 -62.5 4.7860200582032 18 
0010 0007 1666691663052133 4.0625 -60.0 4.381049130201391 18 
0010 0014 1666691663053301 -74.0 -64.5 4.086524818927348 18 
0010 0010 1666691663054222 0.0 -63.0 3.1906800388021335 18 
0010 0004 1666691663055118 0.0 -56.5 5.178719139901925 18 
0010 0011 1666691663057621 17.0625 -67.5 1.662835174068035 18 
0010 0000 1666691663059394 -208.3125 -74.5 1.6260196351587797 18 
0010 0008 1666691663083163 35.8125 -75.0 0.3988350048502667 18 
0010 0002 1666691663091525 4.0625 -76.0 4.0128937411088375 18 
0010 0005 1666691663166172 -34.9375 -57.0 0.0859029241215959 18 
0010 0011 1666691663167471 113.0625 -66.5 1.7794177139473437 18 
0010 0004 1666691663168392 -8.9375 -56.5 5.307573526084319 18 
0010 0012 1666691663169281 43.125 -62.5 4.718524903536232 18 
0010 0003 1666691663170413 0.0 -69.5 5.50392306693368 18 
0010 0007 1666691663171317 -39.0 -60.0 4.4362724385652745 18 
0010 0001 1666691663172985 -65.0625 -68.0 0.6749515466696822 18 
0010 0013 1666691663174393 43.125 -64.0 0.7915340865489908 18 
0010 0010 1666691663176973 -4.0625 -63.5 3.2949907323783574 18 
0010 0014 1666691663178525 -26.0 -65.5 4.080388895775806 18 
0010 0008 1666691663203524 31.3125 -74.0 0.49394181369917645 18 
0010 0000 1666691663207887 -22.75 -74.5 1.402058440127476 18 
0010 0002 1666691663221145 15.375 -76.0 4.0558452031696355 18 
0010 0011 1666691663299038 -43.125 -66.5 1.932815792735908 18 
0010 0010 1666691663300791 -34.9375 -63.0 3.2888548092268146 18 
0010 0007 1666691663302436 0.0 -60.0 4.399456899656019 18 
0010 0003 1666691663303321 4.0625 -68.0 5.5100589900852235 18 
0010 0005 1666691663304519 -48.0 -57.0 0.11658253987930872 18 
0010 0013 1666691663305686 -17.0625 -63.5 0.8713010875190442 18 
0010 0014 1666691663306641 -39.0 -64.5 4.09266074207889 18 
0010 0004 1666691663307594 -56.125 -56.5 5.375068680751287 18 
0010 0001 1666691663308517 -8.9375 -68.0 0.7179030087304801 18 
0010 0012 1666691663309631 -69.125 -62.5 4.878058905476339 18 
0010 0000 1666691663313174 -360.5 -74.0 2.0493983326152168 18 
0010 0008 1666691663316231 -4.0625 -71.5 0.8406214717613314 18 
0010 0002 1666691663340333 -2.4375 -76.0 4.074252972624263 18 
