0010 0009 1666691929185636 8.9375 -66.5 2.9759227284981438 19 
0010 0015 1666691929187618 -13.0 -64.0 0.521553467881118 19 
0010 0006 1666691929188484 61.8125 -65.5 1.9696313316451632 19 
0010 0011 1666691929190774 69.125 -63.5 3.2029518851052186 19 
0010 0001 1666691929192564 -8.9375 -66.0 6.270913460876501 19 
0010 0013 1666691929193548 0.0 -68.0 6.105243535784852 19 
0010 0012 1666691929194865 -143.1875 -71.5 1.6935147898257479 19 
0010 0012 1666691929205268 69.5625 -70.5 4.61728217153578 19 
0010 0006 1666691929294530 -90.3125 -65.0 2.012582793705961 19 
0010 0012 1666691929297160 113.0625 -69.5 1.5155730184310134 19 
0010 0011 1666691929298103 -156.1875 -63.5 3.472932503773092 19 
0010 0013 1666691929299029 8.9375 -67.5 6.19728238305799 19 
0010 0009 1666691929299942 -48.0 -67.5 3.0495538063166547 19 
0010 0001 1666691929301094 100.0625 -66.0 6.117515382087937 19 
0010 0015 1666691929301994 34.9375 -64.0 0.5092816215780329 19 
0010 0012 1666691929323836 -13.875 -71.0 1.6198837120072371 19 
0010 0010 1666691929412783 3.3125 -74.0 0.8467573949128739 19 
0010 0013 1666691929419861 152.125 -67.0 5.957981380147831 19 
0010 0006 1666691929420799 -70.75 -65.5 2.030990563160589 19 
0010 0011 1666691929422532 0.0 -65.0 3.2704470397721868 19 
0010 0012 1666691929423974 -34.9375 -70.0 1.6321555583103222 19 
0010 0015 1666691929425128 4.0625 -64.0 0.5276893910326605 19 
0010 0001 1666691929426055 65.0625 -65.5 6.270913460876501 19 
0010 0009 1666691929430827 -43.125 -68.5 2.564815877344792 19 
0010 0012 1666691929441033 17.4375 -70.5 4.681709364626977 19 
0010 0015 1666691929530585 0.0 -64.0 0.5154175447295755 19 
0010 0013 1666691929535659 -108.1875 -67.5 6.19728238305799 19 
0010 0001 1666691929536554 43.125 -65.5 6.252505691421874 19 
0010 0009 1666691929537693 152.125 -69.0 2.429825568010856 19 
0010 0006 1666691929538631 104.125 -65.0 1.9757672547967058 19 
0010 0011 1666691929539571 -17.0625 -64.5 3.2949907323783574 19 
0010 0012 1666691929563892 15.375 -71.5 4.491495746929157 19 
0010 0013 1666691929641462 26.0 -67.0 6.117515382087937 19 
0010 0009 1666691929644160 -17.0625 -69.0 2.718213956133356 19 
0010 0011 1666691929645073 -13.0 -65.0 3.2949907323783574 19 
0010 0006 1666691929647303 -80.5625 -65.5 2.098485717827557 19 
0010 0001 1666691929648454 17.0625 -65.5 0.04295146206079795 19 
0010 0015 1666691929650120 39.0 -64.5 0.48473792897186263 19 
0010 0012 1666691929667857 -18.75 -71.5 4.706253057233147 19 
0010 0009 1666691929754827 65.0625 -68.5 2.380738182798515 19 
0010 0006 1666691929756121 127.75 -65.0 1.8837284075235674 19 
0010 0011 1666691929757328 -26.0 -64.5 3.3195344249845276 19 
0010 0012 1666691929758482 61.0 -70.0 1.4358060174609601 19 
0010 0015 1666691929759650 -34.9375 -64.0 0.6013204688511713 19 
0010 0013 1666691929762634 -8.9375 -67.5 6.1420590746941075 19 
0010 0001 1666691929764014 -100.0625 -66.0 0.1227184630308513 19 
0010 0012 1666691929791393 22.6875 -71.0 1.368310862793992 19 
0010 0001 1666691929867866 -21.9375 -66.0 0.030679615757712823 19 
0010 0011 1666691929868991 43.125 -65.0 3.2949907323783574 19 
0010 0009 1666691929871462 -91.125 -69.0 2.650718801466388 19 
0010 0015 1666691929874725 130.1875 -64.5 0.3988350048502667 19 
0010 0006 1666691929875975 -33.3125 -66.0 1.9819031779482483 19 
0010 0013 1666691929877415 82.1875 -67.5 6.117515382087937 19 
0010 0012 1666691929899780 -5.625 -71.0 1.4848934026733007 19 
0010 0006 1666691929979649 82.1875 -65.0 1.9144080232812801 19 
0010 0015 1666691929981387 34.9375 -64.0 0.5092816215780329 19 
0010 0001 1666691929985112 -91.125 -66.0 0.07363107781851078 19 
0010 0011 1666691929986378 17.0625 -65.0 3.2949907323783574 19 
0010 0013 1666691929987250 8.9375 -67.5 6.056156150572511 19 
0010 0009 1666691929988177 -30.0625 -69.0 2.742757648739526 19 
0010 0012 1666691930003881 3.1875 -71.0 4.540583132141498 19 
0010 0015 1666691930089607 -4.0625 -64.5 0.5951845456996288 19 
0010 0011 1666691930096436 -74.0 -64.5 3.393165502803038 19 
0010 0013 1666691930097309 -126.125 -68.0 6.22182607566416 19 
0010 0009 1666691930098675 -234.3125 -69.0 2.859340188618835 19 
0010 0001 1666691930099571 -52.0625 -66.0 0.030679615757712823 19 
0010 0006 1666691930101672 -113.875 -65.5 2.018718716857504 19 
0010 0012 1666691930124974 0.0 -71.5 4.540583132141498 19 
0010 0006 1666691930207621 -4.875 -65.0 2.018718716857504 19 
0010 0001 1666691930208520 52.0625 -66.0 6.227961998815704 19 
0010 0015 1666691930209630 -21.9375 -64.0 0.607456392002714 19 
0010 0011 1666691930212011 -26.0 -65.0 3.2765829629237295 19 
0010 0009 1666691930213148 95.1875 -69.0 2.5709518004963345 19 
0010 0013 1666691930215767 -30.0625 -67.5 6.1420590746941075 19 
0010 0012 1666691930232682 -3.1875 -71.0 1.3867186322486196 19 
0010 0006 1666691930320046 13.0 -65.5 2.012582793705961 19 
0010 0009 1666691930322416 -17.0625 -68.0 2.5280003384355365 19 
0010 0013 1666691930324453 -74.0 -67.5 6.14819499784565 19 
0010 0001 1666691930325590 13.0 -66.0 6.264777537724958 19 
0010 0015 1666691930326605 -43.125 -64.5 0.5031456984264903 19 
0010 0011 1666691930327519 -130.1875 -65.0 3.4054373491061236 19 
0010 0012 1666691930349138 3.1875 -71.5 4.546719055293041 19 
0010 0015 1666691930430772 4.0625 -63.5 0.5276893910326605 19 
0010 0006 1666691930431683 90.3125 -65.0 1.9266798695843652 19 
0010 0009 1666691930433289 56.125 -68.5 2.429825568010856 19 
0010 0011 1666691930435189 -139.125 -65.5 3.3440781175906977 19 
0010 0013 1666691930439716 17.0625 -68.0 5.902758071783947 19 
0010 0001 1666691930440643 -39.0 -65.5 0.06135923151542565 19 
0010 0012 1666691930461660 -9.75 -71.5 1.4603497100671303 19 
0010 0011 1666691930545738 -95.1875 -64.5 3.313398501832985 19 
0010 0009 1666691930547475 126.125 -68.0 2.3316507975861747 19 
0010 0001 1666691930548357 -152.125 -65.0 0.2086213871524472 19 
0010 0006 1666691930549267 48.0 -64.5 1.9696313316451632 19 
0010 0015 1666691930551623 -17.0625 -64.0 0.5522330836388308 19 
0010 0013 1666691930552553 82.1875 -68.5 6.056156150572511 19 
0010 0012 1666691930575481 0.75 -71.5 1.4726215563702154 19 
0010 0015 1666691930664743 -26.0 -64.0 0.4724660826687775 19 
0010 0011 1666691930665643 87.0625 -65.0 3.104777114680538 19 
0010 0001 1666691930667302 -17.0625 -65.5 0.018407769454627694 19 
0010 0012 1666691930668201 -4.0625 -70.0 1.380582709097077 19 
0010 0009 1666691930670559 78.0625 -67.5 2.337786720737717 19 
0010 0006 1666691930675696 -14.625 -64.5 1.9819031779482483 19 
0010 0013 1666691930676953 8.9375 -68.5 5.939573610693203 19 
0010 0012 1666691930776120 82.1875 -70.5 1.4296700943094176 19 
0010 0001 1666691930777044 -13.0 -65.5 6.227961998815704 19 
0010 0006 1666691930778449 82.1875 -65.0 1.9205439464328227 19 
0010 0015 1666691930779392 -65.0625 -64.0 0.5706408530934585 19 
0010 0009 1666691930780926 -238.4375 -67.5 2.6998061866787286 19 
0010 0011 1666691930785303 -69.125 -65.5 3.2949907323783574 19 
0010 0013 1666691930786390 -169.25 -68.5 6.17273869045182 19 
0010 0001 1666691930884779 -139.125 -64.5 0.06135923151542565 19 
0010 0013 1666691930887283 -65.0625 -68.5 5.994796919057086 19 
0010 0011 1666691930889033 -61.0 -65.0 3.2643111166206444 19 
0010 0015 1666691930889947 26.0 -64.0 0.4970097752749477 19 
0010 0012 1666691930891301 34.9375 -69.5 1.3621749396424494 19 
0010 0009 1666691930892569 -182.25 -67.0 2.6261751088602177 19 
0010 0006 1666691930893535 -42.3125 -66.0 2.098485717827557 19 
0010 0011 1666691930994471 -17.0625 -64.0 3.2336315008629315 19 
0010 0015 1666691930995586 69.125 -63.5 0.4356505437595221 19 
0010 0013 1666691930997082 95.1875 -68.0 5.939573610693203 19 
0010 0012 1666691930998491 48.0 -70.0 1.337631247036279 19 
0010 0009 1666691931000480 74.0 -67.0 2.3930100291016 19 
0010 0006 1666691931001855 4.875 -65.0 1.9634954084936207 19 
0010 0001 1666691931003007 17.0625 -65.5 6.270913460876501 19 
0010 0012 1666691931102647 56.125 -69.0 1.3008157081270237 19 
0010 0015 1666691931104697 17.0625 -64.5 0.5092816215780329 19 
0010 0001 1666691931106731 -121.25 -66.0 0.17794177139473438 19 
0010 0006 1666691931108505 -134.25 -65.5 2.1537090261914402 19 
0010 0009 1666691931109459 -139.125 -66.5 2.6016314162540475 19 
0010 0013 1666691931110502 -48.0 -68.0 6.080699843178682 19 
0010 0011 1666691931111400 17.0625 -64.5 3.129320807286708 19 
0010 0006 1666691931208268 -130.1875 -65.5 2.1659808724945253 19 
0010 0015 1666691931211862 -13.0 -64.0 0.5583690067903734 19 
0010 0011 1666691931213060 -17.0625 -63.5 3.2336315008629315 19 
0010 0001 1666691931214451 -108.1875 -66.0 0.1349903093339364 19 
0010 0013 1666691931216853 -8.9375 -68.5 6.013204688511713 19 
0010 0009 1666691931217782 100.0625 -66.0 2.9145634969827183 19 
0010 0012 1666691931218822 17.0625 -70.0 1.4051264017032472 19 
0010 0013 1666691931315962 -121.25 -68.0 6.154330920997192 19 
0010 0001 1666691931316902 48.0 -65.5 6.209554229361076 19 
0010 0015 1666691931318268 -21.9375 -64.5 0.5092816215780329 19 
0010 0012 1666691931320943 156.1875 -69.0 1.3744467859455345 19 
0010 0011 1666691931321839 -21.9375 -64.0 3.1968159619536762 19 
0010 0009 1666691931323702 -61.0 -65.5 3.0066023442558567 19 
0010 0006 1666691931326200 -28.4375 -65.0 2.024854640009046 19 
0010 0012 1666691931428532 26.0 -69.5 1.5278448647340985 19 
0010 0015 1666691931429686 -43.125 -65.0 0.5399612373357456 19 
0010 0013 1666691931431023 21.9375 -67.0 5.976389149602458 19 
0010 0009 1666691931433084 -139.125 -66.5 2.9820586516496865 19 
0010 0001 1666691931433965 65.0625 -64.5 6.191146459906448 19 
0010 0011 1666691931435091 -39.0 -64.0 3.2397674240144743 19 
0010 0006 1666691931436043 28.4375 -65.5 1.9389517158874505 19 
0010 0009 1666691931536569 -100.0625 -66.0 2.9268353432858034 19 
0010 0011 1666691931538347 -17.0625 -64.0 3.160000423044421 19 
0010 0006 1666691931540721 42.3125 -65.0 1.9634954084936207 19 
0010 0001 1666691931542536 48.0 -66.0 6.191146459906448 19 
0010 0012 1666691931543423 43.125 -70.0 1.4910293258248433 19 
0010 0015 1666691931544340 87.0625 -64.0 0.4663301595172349 19 
0010 0013 1666691931545990 8.9375 -68.0 5.890486225480862 19 
0010 0006 1666691931647690 -4.0625 -65.5 1.9389517158874505 19 
0010 0009 1666691931649652 -82.1875 -66.0 3.0066023442558567 19 
0010 0011 1666691931650791 26.0 -63.5 3.153864499892878 19 
0010 0012 1666691931653008 186.3125 -70.5 1.214912784005428 19 
0010 0015 1666691931653906 -43.125 -64.0 0.4970097752749477 19 
0010 0013 1666691931655020 56.125 -67.5 5.945709533844745 19 
0010 0001 1666691931656200 -65.0625 -65.5 0.06135923151542565 19 
0010 0015 1666691931755930 56.125 -64.5 0.5031456984264903 19 
0010 0006 1666691931757066 -38.1875 -65.5 2.024854640009046 19 
0010 0001 1666691931759338 -21.9375 -66.0 0.02454369260617026 19 
0010 0009 1666691931761115 -17.0625 -65.5 2.988194574801229 19 
0010 0011 1666691931762468 -30.0625 -63.5 3.2581751934691017 19 
0010 0013 1666691931763468 17.0625 -68.0 5.970253226450915 19 
0010 0012 1666691931764411 204.25 -69.5 1.2087768608538851 19 
0010 0010 1666691931854694 -2.875 -74.0 0.9387962421860124 19 
0010 0015 1666691931871628 4.0625 -64.5 0.5092816215780329 19 
0010 0012 1666691931874203 100.0625 -69.5 1.4726215563702154 19 
0010 0009 1666691931876181 30.0625 -66.5 2.890019804376548 19 
0010 0011 1666691931877509 -43.125 -63.0 3.3072625786814425 19 
0010 0006 1666691931879577 -28.4375 -66.0 1.9941750242513334 19 
0010 0001 1666691931880519 -56.125 -65.5 0.0 19 
0010 0013 1666691931881405 30.0625 -68.0 6.129787228391022 19 
0010 0010 1666691931945986 0.875 -74.0 0.8528933180644165 19 
0010 0006 1666691931987463 -42.3125 -66.0 2.0493983326152168 19 
0010 0001 1666691931988842 -74.0 -65.5 0.01227184630308513 19 
0010 0011 1666691931989968 191.1875 -63.5 3.0250101137104846 19 
0010 0012 1666691931994054 -113.0625 -70.0 1.6873788666742053 19 
0010 0015 1666691931995098 26.0 -65.0 0.4970097752749477 19 
0010 0009 1666691931996292 39.0 -66.5 2.834796496012665 19 
0010 0013 1666691931997833 -152.125 -68.5 6.227961998815704 19 
0010 0010 1666691932077645 -0.1875 -73.5 0.9387962421860124 19 
0010 0015 1666691932101223 17.0625 -64.0 0.5338253141842031 19 
0010 0013 1666691932102743 -56.125 -67.0 6.1850105367549055 19 
0010 0001 1666691932104771 -4.0625 -66.0 6.2463697682703305 19 
0010 0012 1666691932106868 -48.0 -69.5 1.6382914814618648 19 
0010 0011 1666691932107795 -21.9375 -63.5 3.2090878082567613 19 
0010 0009 1666691932108795 108.1875 -67.5 2.7857091108003242 19 
0010 0006 1666691932109692 184.6875 -65.5 1.8100973297050567 19 
0010 0010 1666691932196636 0.875 -74.0 0.9265243958829272 19 
0010 0009 1666691932217666 -34.9375 -67.0 2.9697868053466014 19 
0010 0011 1666691932220079 -78.0625 -64.0 3.399301425954581 19 
0010 0006 1666691932221216 -208.3125 -65.0 2.073942025221387 19 
0010 0012 1666691932222355 373.5 -69.5 1.030835089459151 19 
0010 0001 1666691932223717 -30.0625 -64.5 0.0 19 
0010 0015 1666691932225211 26.0 -64.0 0.48473792897186263 19 
0010 0013 1666691932226099 43.125 -66.5 6.092971689481767 19 
0010 0010 1666691932318804 -0.1875 -73.5 4.123340357836604 19 
0010 0009 1666691932332566 -143.1875 -68.0 2.6875343403756435 19 
0010 0015 1666691932333592 -21.9375 -64.0 0.47860200582032003 19 
0010 0001 1666691932335540 -69.125 -66.0 0.030679615757712823 19 
0010 0013 1666691932336740 30.0625 -67.5 6.050020227420969 19 
0010 0006 1666691932337872 0.0 -66.0 2.043262409463674 19 
0010 0012 1666691932339078 -264.4375 -70.5 1.8837284075235674 19 
0010 0011 1666691932339987 -13.0 -64.5 3.2888548092268146 19 
0010 0010 1666691932409316 2.625 -74.0 4.086524818927348 19 
0010 0013 1666691932444824 -69.125 -67.5 0.0 19 
0010 0009 1666691932446243 -52.0625 -67.5 2.6875343403756435 19 
0010 0006 1666691932448259 179.8125 -65.0 1.748738098189631 19 
0010 0011 1666691932450279 -30.0625 -65.0 3.2090878082567613 19 
0010 0015 1666691932452848 -69.125 -64.5 0.6258641614573416 19 
0010 0001 1666691932453718 -65.0625 -64.5 0.04295146206079795 19 
0010 0012 1666691932454774 -65.0625 -70.0 1.6137477888556946 19 
0010 0010 1666691932545734 -2.875 -73.5 1.0676506283684062 19 
0010 0001 1666691932571433 -65.0625 -66.0 0.0 19 
0010 0013 1666691932573455 -52.0625 -67.5 6.14819499784565 19 
0010 0009 1666691932574382 178.1875 -69.0 2.325514874434632 19 
0010 0011 1666691932575312 -82.1875 -64.0 3.3195344249845276 19 
0010 0015 1666691932578051 0.0 -64.5 0.5276893910326605 19 
0010 0006 1666691932579817 137.5 -65.5 1.8100973297050567 19 
0010 0012 1666691932580756 78.0625 -69.5 1.337631247036279 19 
0010 0010 1666691932668978 4.1875 -74.0 4.1172044346850605 19 
0010 0009 1666691932688096 208.3125 -69.0 2.2886993355253766 19 
0010 0013 1666691932689321 -26.0 -67.0 6.111379458936394 19 
0010 0015 1666691932690476 -26.0 -64.0 0.5583690067903734 19 
0010 0006 1666691932694507 146.4375 -65.5 1.859184714917397 19 
0010 0001 1666691932695373 -82.1875 -65.0 0.11658253987930872 19 
0010 0011 1666691932696286 34.9375 -65.0 3.2459033471660166 19 
0010 0012 1666691932698348 256.3125 -71.0 1.1044661672776617 19 
0010 0010 1666691932776234 -6.125 -73.5 4.289010282928253 19 
0010 0006 1666691932804037 56.9375 -65.5 1.945087639038993 19 
0010 0001 1666691932804960 -34.9375 -65.0 0.018407769454627694 19 
0010 0009 1666691932807014 21.9375 -68.0 2.5157284921324514 19 
0010 0013 1666691932807944 -34.9375 -67.5 6.14819499784565 19 
0010 0011 1666691932809964 17.0625 -64.5 3.2704470397721868 19 
0010 0015 1666691932811090 -78.0625 -64.5 0.6442719309119693 19 
0010 0012 1666691932811989 39.0 -70.0 1.368310862793992 19 
0010 0010 1666691932876471 -3.5625 -73.5 1.1106020904292042 19 
0010 0013 1666691932918690 -87.0625 -67.0 6.264777537724958 19 
0010 0009 1666691932920041 69.125 -68.5 2.509592568980909 19 
0010 0006 1666691932921433 -198.5625 -65.5 2.2948352586769194 19 
0010 0001 1666691932923674 -17.0625 -65.5 6.2463697682703305 19 
0010 0015 1666691932924945 -65.0625 -64.0 0.619728238305799 19 
0010 0011 1666691932926114 -104.125 -64.5 3.368621810196868 19 
0010 0012 1666691932928750 -21.9375 -71.0 1.4848934026733007 19 
0010 0010 1666691933014943 -0.625 -73.5 4.252194744018997 19 
0010 0015 1666691933039993 -13.0 -63.5 0.5399612373357456 19 
0010 0012 1666691933043553 139.125 -70.0 1.3928545554001621 19 
0010 0011 1666691933045076 -43.125 -65.5 3.3318062712876126 19 
0010 0006 1666691933046624 65.0625 -65.0 1.8714565612204823 19 
0010 0009 1666691933047760 -82.1875 -68.0 2.4850488763747385 19 
0010 0013 1666691933048675 100.0625 -67.5 5.9518454569962875 19 
0010 0001 1666691933049714 -39.0 -65.5 6.2463697682703305 19 
0010 0010 1666691933123953 -0.1875 -74.0 4.196971435655114 19 
0010 0001 1666691933155304 -30.0625 -65.0 6.277049384028044 19 
0010 0011 1666691933156842 -34.9375 -65.0 3.2827188860752723 19 
0010 0012 1666691933157742 -130.1875 -70.0 1.6751070203711202 19 
0010 0013 1666691933158670 78.0625 -68.0 6.025476534814799 19 
0010 0006 1666691933159775 -4.0625 -66.0 1.9880391010997909 19 
0010 0009 1666691933160674 13.0 -67.5 2.411417798556228 19 
0010 0015 1666691933161616 -21.9375 -64.5 0.5767767762450011 19 
0010 0010 1666691933255030 -3.6875 -73.5 4.276738436625168 19 
0010 0012 1666691933268678 399.5625 -69.0 0.9940195505498954 19 
0010 0006 1666691933269586 137.5 -65.0 1.846912868614312 19 
0010 0009 1666691933270482 -21.9375 -68.5 2.4605051837685683 19 
0010 0011 1666691933271339 -126.125 -64.5 3.3379421944391554 19 
0010 0001 1666691933274866 -143.1875 -65.0 0.2086213871524472 19 
0010 0015 1666691933276006 26.0 -63.5 0.4724660826687775 19 
0010 0013 1666691933278015 -121.25 -68.0 6.086835766330224 19 
0010 0010 1666691933354114 -2.4375 -74.0 1.1474176293384597 19 
0010 0012 1666691933385015 121.25 -68.5 1.2455923997631406 19 
0010 0011 1666691933386764 -100.0625 -65.0 3.2213596545598464 19 
0010 0009 1666691933389046 26.0 -67.5 2.466641106920111 19 
0010 0006 1666691933391512 34.9375 -66.0 1.8960002538266525 19 
0010 0015 1666691933392511 -17.0625 -64.5 0.5460971604872883 19 
0010 0001 1666691933393637 -108.1875 -65.5 0.030679615757712823 19 
0010 0013 1666691933394637 52.0625 -68.0 6.019340611663256 19 
0010 0010 1666691933486594 -5.0625 -74.0 1.0737865515199487 19 
0010 0015 1666691933499111 104.125 -63.5 0.3865631585471816 19 
0010 0001 1666691933501041 48.0 -65.5 6.215690152512618 19 
0010 0013 1666691933501971 -152.125 -67.5 6.277049384028044 19 
0010 0011 1666691933503378 74.0 -64.5 3.0925052683774528 19 
0010 0012 1666691933505528 -290.5 -69.5 1.6996507129772904 19 
0010 0009 1666691933509929 21.9375 -67.0 2.380738182798515 19 
0010 0006 1666691933511292 28.4375 -65.0 1.902136176978195 19 
0010 0010 1666691933604100 0.625 -74.0 4.184699589352029 19 
0010 0001 1666691933617294 -30.0625 -65.0 0.018407769454627694 19 
0010 0015 1666691933618675 30.0625 -63.5 0.4540583132141498 19 
0010 0013 1666691933620202 -87.0625 -68.0 6.025476534814799 19 
0010 0012 1666691933621117 -34.9375 -70.5 1.521708941582556 19 
0010 0009 1666691933622241 74.0 -67.5 2.4175537217077703 19 
0010 0011 1666691933623438 -43.125 -64.0 3.2397674240144743 19 
0010 0006 1666691933624406 -189.5625 -65.5 2.1230294104337273 19 
0010 0010 1666691933706620 -5.5625 -74.0 4.25833066717054 19 
0010 0013 1666691933731530 -17.0625 -67.5 6.117515382087937 19 
0010 0012 1666691933733166 -30.0625 -70.0 1.509437095279471 19 
0010 0001 1666691933735920 -4.0625 -65.5 6.1850105367549055 19 
0010 0009 1666691933738021 108.1875 -67.0 2.3193789512830896 19 
0010 0011 1666691933739275 -30.0625 -64.0 3.2336315008629315 19 
0010 0015 1666691933740148 -34.9375 -64.0 0.5583690067903734 19 
0010 0006 1666691933741060 -30.0625 -65.5 1.9941750242513334 19 
0010 0010 1666691933934938 2.4375 -74.0 4.104932588381976 19 
0010 0011 1666691933945255 -130.1875 -65.0 3.2029518851052186 19 
0010 0009 1666691933946534 130.1875 -67.0 2.350058567040802 19 
0010 0013 1666691933947462 -34.9375 -68.0 6.135923151542564 19 
0010 0006 1666691933948357 42.3125 -65.0 1.9205439464328227 19 
0010 0015 1666691933949825 -48.0 -64.0 0.5706408530934585 19 
0010 0012 1666691933951377 34.9375 -70.5 1.337631247036279 19 
0010 0001 1666691933952303 26.0 -65.5 6.234097921967246 19 
0010 0010 1666691934033699 0.875 -73.0 0.8651651643675016 19 
0010 0013 1666691934056737 4.0625 -68.5 5.9518454569962875 19 
0010 0015 1666691934058954 0.0 -65.5 0.48473792897186263 19 
0010 0011 1666691934062112 43.125 -64.0 3.141592653589793 19 
0010 0001 1666691934063393 108.1875 -65.0 6.105243535784852 19 
0010 0006 1666691934064303 137.5 -66.5 1.88986433067511 19 
0010 0009 1666691934065180 0.0 -65.5 2.890019804376548 19 
0010 0012 1666691934067089 13.0 -69.5 1.509437095279471 19 
