0010 0015 1666691979674758 48.0 -66.0 0.6258641614573416 19 
0010 0006 1666691979679613 78.0625 -64.0 5.375068680751287 19 
0010 0011 1666691979680526 21.9375 -63.0 4.178563666200486 19 
0010 0012 1666691979681436 0.0 -69.5 4.601942363656923 19 
0010 0005 1666691979682852 100.0625 -70.0 4.104932588381976 19 
0010 0009 1666691979683791 69.125 -69.5 0.25770877236478773 19 
0010 0003 1666691979690752 29.25 -73.0 0.16260196351587797 19 
0010 0001 1666691979736316 4.6875 -74.5 3.865631585471816 19 
0010 0011 1666691979792991 -104.125 -63.0 4.276738436625168 19 
0010 0012 1666691979794414 -69.125 -69.5 4.577398671050753 19 
0010 0015 1666691979796650 182.25 -65.5 0.4970097752749477 19 
0010 0006 1666691979799756 -118.75 -64.0 5.663457068873787 19 
0010 0005 1666691979801047 -74.0 -68.5 4.2092432819582 19 
0010 0009 1666691979803288 95.1875 -69.5 0.4111068511533518 19 
0010 0003 1666691979808789 37.8125 -73.0 0.24236896448593132 19 
0010 0001 1666691979857081 -19.9375 -74.5 0.9878836273983529 19 
0010 0015 1666691979912345 108.1875 -66.5 0.619728238305799 19 
0010 0011 1666691979915143 -4.0625 -63.5 4.147884050442774 19 
0010 0005 1666691979916426 56.125 -69.0 4.111068511533518 19 
0010 0006 1666691979918240 82.1875 -64.5 5.387340527054372 19 
0010 0012 1666691979919409 -74.0 -70.5 4.534447208989955 19 
0010 0009 1666691979923063 -56.125 -70.0 0.3190680038802134 19 
0010 0003 1666691979928463 -368.625 -72.5 3.730641276137879 19 
0010 0001 1666691979973987 -6.8125 -74.5 0.8835729338221293 19 
0010 0005 1666691980031670 -87.0625 -69.0 4.331961744989051 19 
0010 0012 1666691980033409 56.125 -69.5 4.338097668140593 19 
0010 0009 1666691980034322 -69.125 -70.0 0.3865631585471816 19 
0010 0015 1666691980035235 -17.0625 -66.0 0.7179030087304801 19 
0010 0006 1666691980036656 -66.6875 -64.5 5.540738605842936 19 
0010 0011 1666691980038249 -34.9375 -63.5 4.2031073588066565 19 
0010 0003 1666691980048486 -69.125 -72.0 3.5711072741977725 19 
0010 0001 1666691980141522 11.4375 -74.5 0.705631162427395 19 
0010 0015 1666691980191858 -21.9375 -66.5 0.6504078540635119 19 
0010 0006 1666691980194115 -39.0 -64.5 5.5284667595398505 19 
0010 0012 1666691980195664 121.25 -69.5 4.28287435977671 19 
0010 0011 1666691980196846 -74.0 -62.5 4.2092432819582 19 
0010 0005 1666691980197747 -178.1875 -70.0 4.405592822807561 19 
0010 0003 1666691980199170 -104.125 -72.0 3.5158839658338894 19 
0010 0009 1666691980200932 21.9375 -69.5 0.39269908169872414 19 
0010 0001 1666691980273790 3.625 -74.5 0.7853981633974483 19 
0010 0012 1666691980323299 43.125 -69.5 4.522175362686871 19 
0010 0005 1666691980325121 -113.0625 -69.5 4.295146206079795 19 
0010 0006 1666691980326213 -28.4375 -64.5 5.5284667595398505 19 
0010 0011 1666691980328443 -21.9375 -62.0 4.190835512503572 19 
0010 0015 1666691980330905 87.0625 -67.0 0.6565437772150544 19 
0010 0009 1666691980331929 -56.125 -69.0 0.4479223900626072 19 
0010 0003 1666691980334952 -178.1875 -72.5 3.5036121195308043 19 
0010 0001 1666691980437599 1.625 -74.5 4.0128937411088375 19 
0010 0011 1666691980487870 -17.0625 -62.5 4.2031073588066565 19 
0010 0005 1666691980488827 43.125 -69.5 4.080388895775806 19 
0010 0009 1666691980489724 -61.0 -68.5 0.3865631585471816 19 
0010 0006 1666691980490916 -109.0 -65.0 5.602097837358362 19 
0010 0015 1666691980495126 100.0625 -66.0 0.521553467881118 19 
0010 0003 1666691980496948 -299.4375 -72.0 3.718369429834794 19 
0010 0012 1666691980498228 -34.9375 -70.0 4.540583132141498 19 
0010 0001 1666691980552630 -9.75 -74.5 0.9142525495798421 19 
0010 0009 1666691980605618 82.1875 -69.0 0.3374757733348411 19 
0010 0011 1666691980608428 -26.0 -62.5 4.252194744018997 19 
0010 0006 1666691980610227 -75.625 -64.5 5.626641529964532 19 
0010 0012 1666691980611379 8.9375 -69.5 4.466952054322987 19 
0010 0005 1666691980612788 -13.0 -69.0 4.129476280988146 19 
0010 0015 1666691980613930 -34.9375 -67.0 0.6320000846088841 19 
0010 0003 1666691980615124 108.1875 -72.0 3.2581751934691017 19 
0010 0001 1666691980717243 -1.25 -74.5 3.9944859716542096 19 
0010 0005 1666691980736695 -113.0625 -70.0 4.246058820867455 19 
0010 0015 1666691980738433 108.1875 -66.5 0.5890486225480862 19 
0010 0009 1666691980740827 -95.1875 -68.5 0.4663301595172349 19 
0010 0006 1666691980742815 -28.4375 -64.0 5.522330836388308 19 
0010 0011 1666691980743981 -48.0 -63.5 4.301282129231338 19 
0010 0012 1666691980746767 -104.125 -69.0 4.595806440505381 19 
0010 0003 1666691980750276 -69.125 -73.0 3.2949907323783574 19 
0010 0001 1666691980845377 2.875 -74.0 4.031301510563465 19 
0010 0012 1666691980859853 87.0625 -70.5 4.356505437595221 19 
0010 0011 1666691980863821 61.0 -62.5 4.166291819897402 19 
0010 0006 1666691980865837 122.875 -64.0 5.356660911296659 19 
0010 0009 1666691980867874 191.1875 -70.5 0.2699806186678728 19 
0010 0005 1666691980871310 82.1875 -70.0 4.006757817957295 19 
0010 0015 1666691980872568 -39.0 -67.0 0.705631162427395 19 
0010 0003 1666691980878575 91.125 -73.0 3.3747577333484107 19 
0010 0001 1666691980968801 -1.75 -74.5 4.0128937411088375 19 
0010 0005 1666691980984770 39.0 -69.5 4.2031073588066565 19 
0010 0009 1666691980988371 -34.9375 -70.0 0.39269908169872414 19 
0010 0011 1666691980989257 -78.0625 -63.0 4.2092432819582 19 
0010 0006 1666691980990676 38.1875 -64.5 5.448699758569798 19 
0010 0015 1666691980992709 4.0625 -65.5 0.7301748550335652 19 
0010 0012 1666691980993610 -21.9375 -69.0 4.485359823777615 19 
0010 0003 1666691980997574 -143.1875 -72.0 3.650874275167826 19 
0010 0001 1666691981079110 -3.3125 -74.5 4.061981126321178 19 
0010 0012 1666691981099705 -256.3125 -70.0 4.755340442445488 19 
0010 0009 1666691981100855 104.125 -69.0 0.1718058482431918 19 
0010 0011 1666691981104108 74.0 -63.5 4.09266074207889 19 
0010 0006 1666691981105708 52.0625 -64.0 5.4671075280244255 19 
0010 0015 1666691981108469 -4.0625 -65.5 0.7117670855789375 19 
0010 0005 1666691981112354 34.9375 -69.5 4.178563666200486 19 
0010 0003 1666691981117050 -329.5625 -70.5 3.736777199289422 19 
0010 0001 1666691981182745 -6.375 -74.0 4.129476280988146 19 
0010 0006 1666691981221122 -39.0 -64.5 5.5100589900852235 19 
0010 0011 1666691981222617 -121.25 -63.0 4.28287435977671 19 
0010 0012 1666691981224705 -152.125 -69.5 4.724660826687775 19 
0010 0005 1666691981226484 -143.1875 -69.0 4.295146206079795 19 
0010 0003 1666691981228756 -74.0 -72.0 3.479068426924634 19 
0010 0015 1666691981230028 -130.1875 -66.5 0.944932165337555 19 
0010 0009 1666691981233277 -113.0625 -71.0 0.25770877236478773 19 
0010 0009 1666691981241431 17.4375 -71.5 0.2791845033951867 19 
0010 0001 1666691981319040 1.25 -74.5 3.9944859716542096 19 
0010 0009 1666691981339700 -82.1875 -71.5 0.5031456984264903 19 
0010 0011 1666691981342695 -69.125 -62.5 4.276738436625168 19 
0010 0006 1666691981344487 -33.3125 -64.5 5.4671075280244255 19 
0010 0015 1666691981347723 39.0 -66.5 0.6565437772150544 19 
0010 0005 1666691981349057 -82.1875 -70.0 4.301282129231338 19 
0010 0012 1666691981350213 -143.1875 -69.5 4.601942363656923 19 
0010 0003 1666691981356922 -165.1875 -70.5 3.650874275167826 19 
0010 0001 1666691981427155 -5.0625 -74.0 4.172427743048944 19 
0010 0009 1666691981463565 43.125 -70.5 0.3620194659410113 19 
0010 0006 1666691981465138 14.625 -64.5 5.485515297479052 19 
0010 0011 1666691981466407 -48.0 -63.0 4.246058820867455 19 
0010 0012 1666691981468913 -69.125 -69.5 4.460816131171445 19 
0010 0015 1666691981470040 61.0 -66.0 0.6810874698212247 19 
0010 0005 1666691981472410 -26.0 -69.0 4.215379205109742 19 
0010 0003 1666691981473728 9.75 -71.0 3.2827188860752723 19 
0010 0001 1666691981557263 -0.625 -74.0 3.9147189706841563 19 
0010 0003 1666691981583154 -139.125 -73.5 3.5772431973493153 19 
0010 0006 1666691981584048 23.5625 -64.5 5.43029198911517 19 
0010 0011 1666691981586608 -39.0 -62.5 4.2092432819582 19 
0010 0015 1666691981588969 34.9375 -66.0 0.662679700366597 19 
0010 0009 1666691981592809 0.0 -69.5 0.28838838812250056 19 
0010 0012 1666691981594234 -4.0625 -69.0 4.565126824747668 19 
0010 0005 1666691981595209 -238.4375 -69.0 4.295146206079795 19 
0010 0001 1666691981646619 7.625 -74.5 0.7731263170943632 19 
0010 0015 1666691981701477 87.0625 -67.0 0.5583690067903734 19 
0010 0011 1666691981703043 26.0 -63.5 4.1601558967458585 19 
0010 0006 1666691981704762 -194.4375 -64.5 5.651185222570702 19 
0010 0003 1666691981706527 -152.125 -72.0 3.6386024288647407 19 
0010 0005 1666691981707936 -121.25 -69.5 4.190835512503572 19 
0010 0012 1666691981709234 -225.375 -70.0 4.743068596142402 19 
0010 0009 1666691981710707 26.0 -69.5 0.25770877236478773 19 
0010 0001 1666691981760474 0.0 -74.5 0.8713010875190442 19 
0010 0011 1666691981816650 -30.0625 -63.0 4.227651051412827 19 
0010 0009 1666691981820222 -4.0625 -70.0 0.36815538909255385 19 
0010 0006 1666691981821118 -80.5625 -64.5 5.5714182216006485 19 
0010 0005 1666691981822314 -48.0 -70.0 4.1601558967458585 19 
0010 0012 1666691981824130 113.0625 -69.0 4.338097668140593 19 
0010 0015 1666691981825568 -65.0625 -66.5 0.7301748550335652 19 
0010 0003 1666691981828402 134.25 -71.0 3.472932503773092 19 
0010 0001 1666691981881574 2.5625 -74.5 4.006757817957295 19 
0010 0009 1666691981934028 69.125 -70.5 0.37429131224409645 19 
0010 0011 1666691981935212 -52.0625 -63.0 4.221515128261284 19 
0010 0015 1666691981936096 30.0625 -66.0 0.6688156235181395 19 
0010 0005 1666691981939148 -108.1875 -69.0 4.246058820867455 19 
0010 0006 1666691981940732 -43.125 -64.5 5.522330836388308 19 
0010 0012 1666691981942097 -39.0 -69.0 4.540583132141498 19 
0010 0003 1666691981944507 -243.3125 -71.0 3.834951969714103 19 
0010 0001 1666691981981883 -1.625 -74.0 4.025165587411922 19 
0010 0009 1666691982050490 -56.125 -70.0 0.39269908169872414 19 
0010 0006 1666691982053253 -156.1875 -64.5 5.71868037723767 19 
0010 0012 1666691982054507 -108.1875 -69.0 4.669437518323892 19 
0010 0003 1666691982055701 -236.75 -72.5 3.6815538909255388 19 
0010 0011 1666691982056838 -100.0625 -63.5 4.239922897715912 19 
0010 0005 1666691982058916 13.0 -69.5 4.104932588381976 19 
0010 0015 1666691982060102 52.0625 -65.5 0.6872233929727672 19 
0010 0001 1666691982107852 6.8125 -74.5 0.8344855486097889 19 
0010 0015 1666691982167124 13.0 -66.0 0.6994952392758523 19 
0010 0011 1666691982168322 -74.0 -63.0 4.23378697456437 19 
0010 0009 1666691982169999 56.125 -69.5 0.3313398501832985 19 
0010 0005 1666691982172261 -65.0625 -69.5 4.2031073588066565 19 
0010 0006 1666691982174587 -42.3125 -64.5 5.546874528994478 19 
0010 0003 1666691982176164 -30.0625 -72.0 3.442252888015379 19 
0010 0012 1666691982178369 56.125 -69.5 4.417864669110647 19 
0010 0001 1666691982235191 -3.0 -74.5 4.04357335686655 19 
0010 0005 1666691982287482 52.0625 -69.5 4.104932588381976 19 
0010 0006 1666691982289697 78.0625 -64.0 5.448699758569798 19 
0010 0003 1666691982292022 -121.25 -71.5 3.5772431973493153 19 
0010 0011 1666691982293617 -52.0625 -63.5 4.23378697456437 19 
0010 0015 1666691982294502 82.1875 -66.0 0.6442719309119693 19 
0010 0009 1666691982295628 204.25 -70.5 0.23930100291016002 19 
0010 0012 1666691982298942 91.125 -70.0 4.387185053352934 19 
0010 0001 1666691982355077 0.875 -74.5 0.7547185476397354 19 
0010 0011 1666691982409943 8.9375 -63.0 4.2031073588066565 19 
0010 0015 1666691982412533 -199.375 -66.5 0.9265243958829272 19 
0010 0003 1666691982413429 -78.0625 -71.5 3.497476196379262 19 
0010 0006 1666691982414380 -42.3125 -64.0 5.546874528994478 19 
0010 0009 1666691982415275 -4.0625 -69.5 0.39269908169872414 19 
0010 0012 1666691982419488 -277.4375 -70.5 4.816699673960914 19 
0010 0005 1666691982420383 -4.0625 -69.5 3.9638063558964967 19 
0010 0001 1666691982456749 -2.125 -74.5 0.8344855486097889 19 
0010 0006 1666691982530694 -87.0625 -64.0 5.583690067903734 19 
0010 0012 1666691982531889 -4.0625 -69.0 4.399456899656019 19 
0010 0009 1666691982534156 -156.1875 -70.5 0.35588354278946877 19 
0010 0015 1666691982535338 -56.125 -66.5 0.6872233929727672 19 
0010 0011 1666691982537640 -78.0625 -63.5 4.2092432819582 19 
0010 0003 1666691982540544 -104.125 -71.5 3.5956509668039427 19 
0010 0005 1666691982541439 4.0625 -69.5 4.1172044346850605 19 
0010 0001 1666691982590750 0.4375 -74.5 3.9638063558964967 19 
0010 0003 1666691982645415 126.125 -72.5 3.1231848841351653 19 
0010 0005 1666691982646867 -104.125 -69.0 4.221515128261284 19 
0010 0009 1666691982647790 17.0625 -69.0 0.37429131224409645 19 
0010 0012 1666691982650520 43.125 -70.0 4.411728745959104 19 
0010 0006 1666691982654094 -246.5625 -64.0 5.8045833013592665 19 
0010 0011 1666691982654990 -13.0 -63.0 4.154019973594316 19 
0010 0015 1666691982656668 100.0625 -66.5 0.5583690067903734 19 
0010 0001 1666691982702092 -0.4375 -74.5 0.7547185476397354 19 
0010 0006 1666691982764286 -113.0625 -64.5 5.608233760509904 19 
0010 0009 1666691982765837 4.0625 -69.5 0.32520392703175593 19 
0010 0015 1666691982767589 -82.1875 -66.5 0.8651651643675016 19 
0010 0003 1666691982768486 -74.0 -72.5 3.454524734318464 19 
0010 0011 1666691982771524 -65.0625 -63.5 4.270602513473625 19 
0010 0005 1666691982774259 100.0625 -68.5 4.080388895775806 19 
0010 0012 1666691982775542 -178.1875 -69.0 4.706253057233147 19 
0010 0001 1666691982801247 4.875 -74.0 0.6933593161243098 19 
0010 0005 1666691982880195 238.4375 -69.5 3.933126740138784 19 
0010 0006 1666691982882181 -52.0625 -64.5 5.5714182216006485 19 
0010 0011 1666691982884305 -74.0 -63.5 4.23378697456437 19 
0010 0015 1666691982885233 65.0625 -67.0 0.6013204688511713 19 
0010 0009 1666691982887217 52.0625 -69.5 0.4049709280018093 19 
0010 0012 1666691982890049 225.375 -70.5 4.331961744989051 19 
0010 0003 1666691982895991 -238.4375 -72.0 3.56497135104623 19 
0010 0001 1666691982951255 -3.0 -74.5 0.7976700097005334 19 
0010 0006 1666691983002475 -9.75 -64.5 5.448699758569798 19 
0010 0015 1666691983003955 34.9375 -67.0 0.7117670855789375 19 
0010 0011 1666691983005576 -61.0 -62.5 4.196971435655114 19 
0010 0005 1666691983006505 -130.1875 -69.5 4.239922897715912 19 
0010 0009 1666691983007671 -308.375 -69.0 0.6442719309119693 19 
0010 0012 1666691983012452 -264.4375 -70.0 4.76147636559703 19 
0010 0001 1666691983066396 -7.3125 -75.0 0.8467573949128739 19 
0010 0006 1666691983118643 90.3125 -65.0 5.47937937432751 19 
0010 0011 1666691983120561 -34.9375 -62.5 4.190835512503572 19 
0010 0005 1666691983121774 -113.0625 -70.0 4.319689898685965 19 
0010 0015 1666691983124801 -61.0 -66.5 0.7363107781851077 19 
0010 0009 1666691983125840 -48.0 -69.0 0.47860200582032003 19 
0010 0012 1666691983127885 -56.125 -70.0 4.601942363656923 19 
0010 0003 1666691983130492 -48.0 -72.5 3.5281558121369745 19 
0010 0001 1666691983182046 0.0 -74.5 3.9638063558964967 19 
0010 0006 1666691983238814 -90.3125 -64.5 5.608233760509904 19 
0010 0011 1666691983239727 -91.125 -63.0 4.276738436625168 19 
0010 0009 1666691983240682 -87.0625 -69.0 0.5583690067903734 19 
0010 0012 1666691983242360 -21.9375 -69.0 4.485359823777615 19 
0010 0015 1666691983243788 -78.0625 -66.0 0.760854470791278 19 
0010 0003 1666691983247687 65.0625 -70.5 3.472932503773092 19 
0010 0005 1666691983248599 100.0625 -68.5 4.074252972624263 19 
0010 0001 1666691983298110 6.8125 -74.5 0.7915340865489908 19 
0010 0006 1666691983356070 99.25 -63.5 5.375068680751287 19 
0010 0003 1666691983357913 -8.9375 -71.0 3.6079228131070282 19 
0010 0011 1666691983359946 0.0 -62.5 4.227651051412827 19 
0010 0015 1666691983361363 87.0625 -66.5 0.6320000846088841 19 
0010 0012 1666691983362274 13.0 -69.0 4.540583132141498 19 
0010 0005 1666691983363852 74.0 -70.0 3.890175278077986 19 
0010 0001 1666691983418877 3.0 -74.5 0.8283496254582462 19 
0010 0006 1666691983480339 -75.625 -64.0 5.638913376267617 19 
0010 0011 1666691983481252 -26.0 -62.5 4.215379205109742 19 
0010 0015 1666691983482648 65.0625 -66.5 0.662679700366597 19 
0010 0009 1666691983483993 0.0 -69.0 0.3129320807286708 19 
0010 0012 1666691983485690 26.0 -70.0 4.491495746929157 19 
0010 0005 1666691983489503 -108.1875 -70.0 4.25833066717054 19 
0010 0003 1666691983491009 4.0625 -70.5 2.748893571891069 19 
0010 0001 1666691983539647 5.3125 -74.5 0.7915340865489908 19 
0010 0012 1666691983600944 134.25 -69.0 4.405592822807561 19 
0010 0009 1666691983602421 17.0625 -69.5 0.3436116964863836 19 
0010 0003 1666691983604469 -139.125 -72.0 2.84706834231575 19 
0010 0006 1666691983605765 -217.25 -64.5 5.712544454086128 19 
0010 0011 1666691983606945 -39.0 -63.0 4.221515128261284 19 
0010 0015 1666691983608283 134.25 -66.5 0.5890486225480862 19 
0010 0005 1666691983609229 -117.125 -69.5 4.2031073588066565 19 
0010 0001 1666691983644750 -1.1875 -74.5 3.9638063558964967 19 
0010 0005 1666691983714794 -4.0625 -70.5 4.215379205109742 19 
0010 0012 1666691983716774 -147.25 -70.5 4.589670517353839 19 
0010 0011 1666691983717688 104.125 -63.0 4.104932588381976 19 
0010 0009 1666691983718583 -17.0625 -69.0 0.4111068511533518 19 
0010 0003 1666691983720021 -251.4375 -72.0 3.172272269347506 19 
0010 0015 1666691983721700 -87.0625 -67.0 0.705631162427395 19 
0010 0006 1666691983723319 38.1875 -64.5 5.424156065963627 19 
0010 0001 1666691983784579 -6.8125 -74.5 0.8897088569736719 19 
0010 0003 1666691983834205 286.4375 -73.0 2.454369260617026 19 
0010 0005 1666691983836702 -108.1875 -69.0 4.264466590322082 19 
0010 0012 1666691983838082 191.1875 -68.5 4.295146206079795 19 
0010 0009 1666691983839699 87.0625 -68.0 0.1595340019401067 19 
0010 0015 1666691983840643 -65.0625 -66.0 0.760854470791278 19 
0010 0011 1666691983841808 -48.0 -63.0 4.246058820867455 19 
0010 0006 1666691983843424 9.75 -64.5 5.43029198911517 19 
0010 0001 1666691983899589 -2.125 -74.5 3.9515345095934116 19 
0010 0015 1666691983953121 4.0625 -66.5 0.7669903939428205 19 
0010 0005 1666691983954151 -95.1875 -68.0 4.344233591292136 19 
0010 0011 1666691983955334 43.125 -63.0 4.111068511533518 19 
0010 0006 1666691983956427 179.8125 -64.5 5.313709449235861 19 
0010 0012 1666691983957368 -65.0625 -70.0 4.4976316700806995 19 
0010 0009 1666691983958250 -199.375 -71.0 0.5092816215780329 19 
0010 0003 1666691983965701 -143.1875 -72.5 2.9697868053466014 19 
0010 0001 1666691984022385 0.875 -74.5 4.049709280018092 19 
0010 0005 1666691984071213 -65.0625 -69.0 4.172427743048944 19 
0010 0015 1666691984072114 -30.0625 -67.0 0.7363107781851077 19 
0010 0009 1666691984073535 -61.0 -70.0 0.39269908169872414 19 
0010 0012 1666691984075998 -121.25 -69.0 4.614214209960009 19 
0010 0011 1666691984077644 4.0625 -63.5 4.23378697456437 19 
0010 0003 1666691984079902 -407.6875 -72.5 3.436116964863836 19 
0010 0006 1666691984080823 -18.6875 -65.0 5.497787143782138 19 
0010 0001 1666691984137551 3.8125 -74.5 4.000621894805752 19 
0010 0015 1666691984189818 56.125 -66.5 0.6258641614573416 19 
0010 0005 1666691984191454 -121.25 -69.0 4.270602513473625 19 
0010 0011 1666691984194018 -21.9375 -63.0 4.23378697456437 19 
0010 0006 1666691984196859 28.4375 -65.0 5.418020142812084 19 
0010 0012 1666691984198268 -208.3125 -68.5 4.681709364626977 19 
0010 0009 1666691984201794 43.125 -69.5 0.2699806186678728 19 
0010 0003 1666691984215583 -29.25 -73.0 5.936505649117431 19 
0010 0001 1666691984250496 10.625 -74.5 0.7731263170943632 19 
0010 0015 1666691984312394 30.0625 -67.0 0.7363107781851077 19 
0010 0012 1666691984314713 -178.1875 -70.0 4.657165672020807 19 
0010 0009 1666691984317637 182.25 -71.5 0.20248546400090464 19 
0010 0006 1666691984319660 -75.625 -64.5 5.602097837358362 19 
0010 0011 1666691984321212 -52.0625 -64.0 4.270602513473625 19 
0010 0005 1666691984322112 182.25 -70.0 4.025165587411922 19 
0010 0003 1666691984323036 -52.0625 -71.5 2.804116880254952 19 
0010 0001 1666691984361753 10.625 -74.0 3.902447124381071 19 
0010 0011 1666691984433075 -26.0 -63.0 4.2092432819582 19 
0010 0006 1666691984434026 -80.5625 -64.5 5.5284667595398505 19 
0010 0003 1666691984437129 -152.125 -72.5 2.9759227284981438 19 
0010 0012 1666691984438421 -78.0625 -69.0 4.571262747899211 19 
0010 0015 1666691984444049 39.0 -66.5 0.7424467013366504 19 
0010 0005 1666691984445979 -13.0 -70.0 4.154019973594316 19 
0010 0009 1666691984448884 -82.1875 -71.5 0.4049709280018093 19 
0010 0001 1666691984495638 -2.5625 -74.5 3.9822141253511245 19 
0010 0006 1666691984553479 -14.625 -64.5 5.553010452146021 19 
0010 0003 1666691984556092 61.0 -72.5 2.8777479580734626 19 
0010 0012 1666691984557233 -130.1875 -71.0 4.571262747899211 19 
0010 0015 1666691984558173 17.0625 -67.5 0.7240389318820226 19 
0010 0011 1666691984560583 -52.0625 -63.0 4.25833066717054 19 
0010 0009 1666691984562106 -212.375 -71.0 0.6013204688511713 19 
0010 0005 1666691984563314 -95.1875 -69.5 4.28287435977671 19 
0010 0001 1666691984613391 -3.0 -74.5 0.9756117810952678 19 
0010 0015 1666691984670363 82.1875 -67.0 0.6381360077604268 19 
0010 0012 1666691984671856 8.9375 -70.0 4.3503695144436785 19 
0010 0011 1666691984672728 52.0625 -62.5 4.1417481272912315 19 
0010 0006 1666691984676118 165.1875 -64.0 5.332117218690489 19 
0010 0003 1666691984689445 -438.625 -71.0 3.153864499892878 19 
0010 0005 1666691984690938 -48.0 -69.0 4.252194744018997 19 
0010 0009 1666691984691848 -26.0 -70.0 0.34974761963792617 19 
