0003 0004 1665563412556044 -30.0625 -66.0 5.043728830567988 2 
0003 0014 1665563412557547 0.0 -66.5 6.013204688511713 2 
0003 0005 1665563412558438 108.1875 -71.5 5.945709533844745 2 
0003 0001 1665563412561496 -13.0 -74.5 0.11044661672776616 2 
0003 0006 1665563412562647 90.3125 -74.0 6.191146459906448 2 
0003 0015 1665563412564526 -26.0 -67.0 2.141437179888355 2 
0003 0000 1665563412594452 12.1875 -70.5 5.111223985234957 2 
0003 0015 1665563412670160 199.375 -67.0 1.902136176978195 2 
0003 0005 1665563412672688 56.125 -71.0 6.056156150572511 2 
0003 0014 1665563412673698 34.9375 -67.0 5.994796919057086 2 
0003 0006 1665563412674821 -104.125 -72.0 0.09817477042468103 2 
0003 0004 1665563412676733 82.1875 -66.0 4.914874444385594 2 
0003 0001 1665563412680261 -4.0625 -72.0 0.11658253987930872 2 
0003 0000 1665563412701918 1.625 -70.5 5.160311370447297 2 
0003 0014 1665563412781144 152.125 -67.0 5.835262917116979 2 
0003 0001 1665563412782748 -74.0 -72.0 0.1595340019401067 2 
0003 0015 1665563412784455 -8.9375 -66.5 2.141437179888355 2 
0003 0006 1665563412785396 117.125 -72.5 0.0 2 
0003 0004 1665563412786596 -238.4375 -66.0 5.258486140871978 2 
0003 0005 1665563412790044 26.0 -70.5 6.105243535784852 2 
0003 0000 1665563412817752 14.625 -70.5 5.117359908386499 2 
0003 0001 1665563412895045 -234.3125 -71.0 0.5890486225480862 2 
0003 0005 1665563412898463 69.125 -72.0 6.062292073724054 2 
0003 0004 1665563412899926 -8.9375 -66.0 5.043728830567988 2 
0003 0014 1665563412900839 -104.125 -67.0 6.12365130523948 2 
0003 0015 1665563412903854 143.1875 -67.0 1.902136176978195 2 
0003 0006 1665563412907288 -56.125 -73.5 0.1902136176978195 2 
0003 0000 1665563412932768 8.0625 -71.0 5.135767677841127 2 
0003 0014 1665563413009132 -221.3125 -66.5 0.0859029241215959 2 
0003 0015 1665563413011116 0.0 -67.0 2.098485717827557 2 
0003 0004 1665563413012501 -100.0625 -66.0 5.123495831538041 2 
0003 0006 1665563413019293 -70.75 -70.5 0.09203884727313846 2 
0003 0001 1665563413020417 -134.25 -72.5 0.5154175447295755 2 
0003 0005 1665563413021486 225.375 -73.0 5.872078456026235 2 
0003 0000 1665563413046217 3.1875 -71.0 5.203262832508095 2 
0003 0015 1665563413123597 13.0 -67.5 2.018718716857504 2 
0003 0005 1665563413125538 -147.25 -71.5 6.2463697682703305 2 
0003 0001 1665563413127344 438.625 -73.5 5.872078456026235 2 
0003 0004 1665563413130561 134.25 -66.5 4.957825906446392 2 
0003 0014 1665563413131815 -178.1875 -66.5 0.006135923151542565 2 
0003 0006 1665563413133818 -132.625 -72.0 0.25157284921324513 2 
0003 0000 1665563413152715 4.875 -70.5 5.123495831538041 2 
0003 0004 1665563413236455 30.0625 -66.0 5.006913291658733 2 
0003 0014 1665563413239656 -52.0625 -67.0 6.074563920027139 2 
0003 0015 1665563413240811 -87.0625 -66.5 2.2089323345553233 2 
0003 0006 1665563413243985 -52.0625 -71.5 6.277049384028044 2 
0003 0005 1665563413245331 -4.0625 -71.0 5.915029918087033 2 
0003 0001 1665563413268068 8.0625 -73.5 0.2761165418194154 2 
0003 0000 1665563413276836 -12.9375 -71.0 5.197126909356553 2 
0003 0015 1665563413356808 78.0625 -67.5 1.9634954084936207 2 
0003 0004 1665563413359510 -65.0625 -66.5 5.141903600992669 2 
0003 0014 1665563413360465 -121.25 -67.0 6.160466844148735 2 
0003 0005 1665563413365610 -147.25 -71.5 0.0 2 
0003 0006 1665563413373666 38.1875 -73.0 0.018407769454627694 2 
0003 0001 1665563413377162 82.1875 -72.0 0.03681553890925539 2 
0003 0000 1665563413397031 -0.75 -71.0 5.209398755659637 2 
0003 0005 1665563413480310 43.125 -71.5 6.074563920027139 2 
0003 0006 1665563413483585 17.0625 -72.0 0.09817477042468103 2 
0003 0004 1665563413485148 -48.0 -66.0 5.074408446325701 2 
0003 0015 1665563413486063 52.0625 -68.0 2.0800779483729293 2 
0003 0001 1665563413488150 82.1875 -71.0 0.11044661672776616 2 
0003 0014 1665563413489657 -39.0 -66.5 6.0991076126333095 2 
0003 0000 1665563413511637 12.1875 -71.0 5.141903600992669 2 
0003 0015 1665563413595420 165.1875 -67.0 1.9389517158874505 2 
0003 0014 1665563413596670 61.0 -67.5 5.921165841238575 2 
0003 0004 1665563413598220 48.0 -66.5 4.945554060143307 2 
0003 0006 1665563413600768 184.6875 -73.0 6.117515382087937 2 
0003 0005 1665563413603235 -143.1875 -71.5 6.227961998815704 2 
0003 0001 1665563413604486 143.1875 -73.0 0.17794177139473438 2 
0003 0000 1665563413620359 6.5 -71.0 2.024854640009046 2 
0003 0004 1665563413715449 -4.0625 -65.0 4.9823695990525625 2 
0003 0001 1665563413717227 61.0 -71.0 0.14726215563702155 2 
0003 0005 1665563413720249 -56.125 -71.0 6.277049384028044 2 
0003 0015 1665563413721277 26.0 -67.0 2.1046216409791 2 
0003 0006 1665563413722229 -56.9375 -72.5 0.0674951546669682 2 
0003 0014 1665563413723153 -56.125 -66.5 6.068427996875596 2 
0003 0000 1665563413748418 4.875 -71.0 2.073942025221387 2 
0003 0014 1665563413827497 -74.0 -66.0 6.14819499784565 2 
0003 0004 1665563413828876 -26.0 -65.5 5.062136600022616 2 
0003 0005 1665563413830566 121.25 -71.5 5.878214379177777 2 
0003 0001 1665563413831971 -165.1875 -71.5 0.30066023442558565 2 
0003 0015 1665563413837485 -61.0 -67.0 2.1537090261914402 2 
0003 0000 1665563413860807 -12.9375 -71.0 2.073942025221387 2 
0003 0006 1665563413937990 33.3125 -71.5 0.15339807878856412 2 
0003 0004 1665563413941422 -43.125 -65.5 5.0253210611133605 2 
0003 0001 1665563413943641 -260.375 -72.0 0.4356505437595221 2 
0003 0005 1665563413945475 204.25 -70.5 5.982525072754001 2 
0003 0015 1665563413948938 48.0 -67.5 2.116893487282185 2 
0003 0014 1665563413949833 48.0 -67.5 5.976389149602458 2 
0003 0000 1665563413972511 10.5 -71.0 2.000310947402876 2 
0003 0015 1665563414050264 39.0 -68.0 2.086213871524472 2 
0003 0005 1665563414052227 -100.0625 -71.0 0.030679615757712823 2 
0003 0006 1665563414053869 -66.6875 -72.0 0.15339807878856412 2 
0003 0001 1665563414056088 -87.0625 -70.5 0.3436116964863836 2 
0003 0014 1665563414057028 -121.25 -66.0 6.252505691421874 2 
0003 0004 1665563414059587 0.0 -65.5 4.97623367590102 2 
0003 0000 1665563414074867 11.4375 -71.0 5.098952138931871 2 
0003 0005 1665563414160313 -204.25 -71.0 0.11658253987930872 2 
0003 0004 1665563414161676 56.125 -66.0 4.92714629068868 2 
0003 0001 1665563414164483 34.9375 -72.0 0.09817477042468103 2 
0003 0014 1665563414165747 30.0625 -67.0 6.037748381117884 2 
0003 0015 1665563414166902 56.125 -67.0 1.9696313316451632 2 
0003 0006 1665563414169350 -38.1875 -72.0 0.11044661672776616 2 
0003 0000 1665563414190082 -10.5 -71.0 2.073942025221387 2 
0003 0001 1665563414273484 -166.0 -71.5 0.2086213871524472 2 
0003 0015 1665563414274978 13.0 -67.5 2.0923497946760143 2 
0003 0005 1665563414276485 -30.0625 -70.5 6.1420590746941075 2 
0003 0006 1665563414279456 307.5625 -71.5 5.902758071783947 2 
0003 0014 1665563414280337 -52.0625 -67.0 6.062292073724054 2 
0003 0004 1665563414281234 -126.125 -66.0 5.1725832167503825 2 
0003 0000 1665563414301575 9.0 -71.0 2.0493983326152168 2 
0003 0015 1665563414386355 117.125 -67.5 1.9757672547967058 2 
0003 0004 1665563414387281 126.125 -66.0 4.859651136021712 2 
0003 0001 1665563414389281 4.0625 -72.5 0.23316507975861744 2 
0003 0006 1665563414390178 -56.9375 -72.0 0.04295146206079795 2 
0003 0014 1665563414391557 -134.25 -66.5 6.19728238305799 2 
0003 0005 1665563414395428 -56.125 -70.5 6.252505691421874 2 
0003 0000 1665563414416041 -8.0625 -71.0 2.0923497946760143 2 
0003 0004 1665563414496595 26.0 -66.0 4.921010367537137 2 
0003 0005 1665563414500942 26.0 -71.0 6.068427996875596 2 
0003 0015 1665563414501841 65.0625 -67.0 2.000310947402876 2 
0003 0014 1665563414502753 52.0625 -67.5 5.957981380147831 2 
0003 0006 1665563414504953 221.3125 -72.0 6.258641614573416 2 
0003 0001 1665563414506767 152.125 -72.0 6.240233845118788 2 
0003 0000 1665563414519570 8.0625 -71.0 2.0923497946760143 2 
0003 0015 1665563414608578 43.125 -67.0 2.0493983326152168 2 
0003 0004 1665563414609562 -152.125 -66.0 5.178719139901925 2 
0003 0005 1665563414611256 273.375 -71.0 5.730952223540755 2 
0003 0001 1665563414612178 -56.125 -72.5 0.04908738521234052 2 
0003 0014 1665563414613752 43.125 -66.5 5.976389149602458 2 
0003 0006 1665563414614674 -38.1875 -72.0 0.04908738521234052 2 
0003 0000 1665563414639177 17.8125 -71.5 5.117359908386499 2 
0003 0015 1665563414718504 65.0625 -67.5 1.9389517158874505 2 
0003 0004 1665563414720735 13.0 -66.5 5.043728830567988 2 
0003 0014 1665563414721973 -65.0625 -67.0 6.14819499784565 2 
0003 0005 1665563414725432 69.125 -71.5 5.9518454569962875 2 
0003 0001 1665563414728996 100.0625 -71.5 6.2034183062095325 2 
0003 0006 1665563414731144 -431.25 -72.0 0.4172427743048944 2 
0003 0000 1665563414753417 -0.75 -70.5 5.160311370447297 2 
0003 0004 1665563414833791 52.0625 -65.5 4.878058905476339 2 
0003 0014 1665563414834702 -26.0 -67.0 6.111379458936394 2 
0003 0015 1665563414838570 69.125 -67.0 1.9634954084936207 2 
0003 0006 1665563414840823 -23.5625 -71.5 0.05522330836388308 2 
0003 0001 1665563414842318 217.25 -70.5 6.086835766330224 2 
0003 0005 1665563414843186 113.0625 -70.0 5.976389149602458 2 
0003 0000 1665563414868918 -4.875 -70.5 5.209398755659637 2 
0003 0004 1665563414950965 108.1875 -66.0 4.828971520263998 2 
0003 0014 1665563414951875 52.0625 -67.5 5.945709533844745 2 
0003 0005 1665563414953311 74.0 -71.0 6.129787228391022 2 
0003 0015 1665563414954210 17.0625 -67.0 2.043262409463674 2 
0003 0006 1665563414955220 -66.6875 -71.0 0.07363107781851078 2 
0003 0000 1665563414978798 -1.625 -71.0 5.148039524144211 2 
0003 0006 1665563415057674 -198.5625 -71.5 0.12885438618239387 2 
0003 0005 1665563415058812 -91.125 -70.5 6.19728238305799 2 
0003 0014 1665563415062926 -65.0625 -66.5 6.068427996875596 2 
0003 0015 1665563415064748 169.25 -68.0 1.9573594853420782 2 
0003 0001 1665563415065701 -290.5 -71.0 0.3129320807286708 2 
0003 0004 1665563415066624 -82.1875 -66.0 5.117359908386499 2 
0003 0000 1665563415094150 0.0 -71.0 2.0371264863121317 2 
0003 0014 1665563415171791 48.0 -67.5 5.93343768754166 2 
0003 0004 1665563415172744 78.0625 -66.0 4.865787059173254 2 
0003 0006 1665563415174604 137.5 -71.5 6.227961998815704 2 
0003 0015 1665563415177385 26.0 -67.0 2.1230294104337273 2 
0003 0005 1665563415178283 -74.0 -69.5 6.252505691421874 2 
0003 0001 1665563415181190 -241.6875 -72.5 0.23930100291016002 2 
0003 0000 1665563415200190 -3.1875 -70.5 5.141903600992669 2 
0003 0015 1665563415284304 65.0625 -67.5 2.073942025221387 2 
0003 0004 1665563415286576 48.0 -65.5 5.062136600022616 2 
0003 0001 1665563415287470 -39.0 -71.5 0.04908738521234052 2 
0003 0014 1665563415288592 13.0 -66.0 6.080699843178682 2 
0003 0005 1665563415289716 -13.0 -70.5 6.17273869045182 2 
0003 0006 1665563415294969 14.625 -72.5 0.09203884727313846 2 
0003 0000 1665563415315447 -2.4375 -71.0 5.166447293598839 2 
0003 0001 1665563415399844 -182.25 -72.0 0.32520392703175593 2 
0003 0014 1665563415401222 182.25 -67.5 5.8475347634200645 2 
0003 0015 1665563415402403 -173.3125 -67.5 2.282563412373834 2 
0003 0006 1665563415403282 -28.4375 -72.0 0.04295146206079795 2 
0003 0005 1665563415404221 34.9375 -71.5 6.068427996875596 2 
0003 0004 1665563415407042 43.125 -66.0 4.871922982324796 2 
0003 0000 1665563415425568 0.0 -71.0 5.135767677841127 2 
0003 0004 1665563415513885 -39.0 -66.0 5.0253210611133605 2 
0003 0014 1665563415515022 -30.0625 -66.5 6.068427996875596 2 
0003 0015 1665563415515979 -48.0 -67.0 2.184388641949153 2 
0003 0001 1665563415521366 165.1875 -72.0 6.14819499784565 2 
0003 0005 1665563415522306 147.25 -70.5 6.080699843178682 2 
0003 0006 1665563415533823 -15.0 -72.5 0.09203884727313846 2 
0003 0000 1665563415549731 10.5 -71.0 2.043262409463674 2 
0003 0014 1665563415635774 78.0625 -67.0 6.019340611663256 2 
0003 0005 1665563415636670 -21.9375 -70.5 6.14819499784565 2 
0003 0015 1665563415639190 43.125 -67.5 2.0371264863121317 2 
0003 0001 1665563415640456 -43.125 -71.0 6.258641614573416 2 
0003 0006 1665563415642187 189.5625 -73.0 6.178874613603362 2 
0003 0004 1665563415643082 -13.0 -66.5 5.019185137961818 2 
0003 0000 1665563415665209 1.625 -71.0 5.203262832508095 2 
0003 0015 1665563415743591 -30.0625 -67.5 2.116893487282185 2 
0003 0014 1665563415745024 65.0625 -66.5 5.915029918087033 2 
0003 0001 1665563415746547 186.3125 -71.5 6.178874613603362 2 
0003 0004 1665563415748506 -4.0625 -65.5 4.9394181369917645 2 
0003 0006 1665563415749915 -307.5625 -71.0 0.3865631585471816 2 
0003 0005 1665563415751321 191.1875 -72.0 5.798447378207723 2 
0003 0000 1665563415768553 0.75 -71.0 5.178719139901925 2 
0003 0014 1665563415855172 91.125 -67.0 5.884350302329319 2 
0003 0004 1665563415857228 26.0 -65.5 4.9823695990525625 2 
0003 0006 1665563415858194 -52.0625 -72.5 0.09817477042468103 2 
0003 0015 1665563415860297 113.0625 -67.0 1.9634954084936207 2 
0003 0005 1665563415862946 8.9375 -72.0 6.019340611663256 2 
0003 0001 1665563415863846 -134.25 -71.5 0.3129320807286708 2 
0003 0000 1665563415888711 13.875 -71.0 5.1725832167503825 2 
0003 0006 1665563415966186 208.3125 -73.0 6.12365130523948 2 
0003 0014 1665563415969350 56.125 -66.5 5.988660995905543 2 
0003 0015 1665563415970222 113.0625 -67.0 1.9205439464328227 2 
0003 0004 1665563415971442 -34.9375 -66.0 4.988505522204105 2 
0003 0005 1665563415974837 -65.0625 -71.0 6.227961998815704 2 
0003 0001 1665563415975760 56.125 -72.5 6.277049384028044 2 
0003 0000 1665563416001026 13.875 -71.0 5.123495831538041 2 
0003 0015 1665563416078816 -82.1875 -66.5 2.116893487282185 2 
0003 0004 1665563416081311 0.0 -66.0 4.988505522204105 2 
0003 0006 1665563416082808 94.375 -71.0 6.1850105367549055 2 
0003 0001 1665563416085743 -69.125 -70.5 0.14112623248547898 2 
0003 0014 1665563416086809 -43.125 -66.5 6.019340611663256 2 
0003 0005 1665563416091555 65.0625 -71.5 5.915029918087033 2 
0003 0000 1665563416115143 0.75 -71.0 2.024854640009046 2 
0003 0001 1665563416195082 43.125 -72.5 6.227961998815704 2 
0003 0005 1665563416196095 -52.0625 -71.5 6.117515382087937 2 
0003 0014 1665563416198591 -17.0625 -66.5 6.043884304269426 2 
0003 0004 1665563416199447 30.0625 -66.0 5.056000676871073 2 
0003 0015 1665563416201745 108.1875 -67.5 1.9941750242513334 2 
0003 0006 1665563416203494 247.375 -72.0 6.062292073724054 2 
0003 0000 1665563416225095 -4.0625 -71.0 1.9757672547967058 2 
0003 0014 1665563416304837 -43.125 -66.5 6.019340611663256 2 
0003 0005 1665563416308684 117.125 -71.0 5.93343768754166 2 
0003 0006 1665563416310726 -90.3125 -72.0 0.09817477042468103 2 
0003 0004 1665563416312045 -34.9375 -66.0 4.95168998329485 2 
0003 0015 1665563416312948 -39.0 -67.0 2.067806102069844 2 
0003 0001 1665563416313989 303.5 -73.0 6.227961998815704 2 
0003 0000 1665563416336952 3.1875 -71.0 5.190990986205009 2 
0003 0004 1665563416414816 8.9375 -66.0 4.95168998329485 2 
0003 0015 1665563416416144 -13.0 -67.0 2.1046216409791 2 
0003 0005 1665563416420193 156.1875 -70.0 5.988660995905543 2 
0003 0006 1665563416421512 104.125 -71.5 6.019340611663256 2 
0003 0014 1665563416424813 21.9375 -67.5 6.025476534814799 2 
0003 0001 1665563416425951 -143.1875 -73.0 0.17794177139473438 2 
0003 0000 1665563416449366 17.8125 -71.0 5.166447293598839 2 
0003 0005 1665563416529360 -43.125 -69.5 6.17273869045182 2 
0003 0006 1665563416530567 -104.125 -71.0 0.03681553890925539 2 
0003 0001 1665563416532212 74.0 -72.5 0.006135923151542565 2 
0003 0015 1665563416533592 17.0625 -66.5 2.043262409463674 2 
0003 0004 1665563416534489 17.0625 -65.5 4.963961829597935 2 
0003 0014 1665563416536123 30.0625 -67.5 5.994796919057086 2 
0003 0000 1665563416561431 -11.4375 -71.0 5.258486140871978 2 
0003 0004 1665563416641815 78.0625 -65.5 4.963961829597935 2 
0003 0006 1665563416644058 -151.3125 -70.5 6.277049384028044 2 
0003 0014 1665563416644955 108.1875 -66.5 5.915029918087033 2 
0003 0015 1665563416646367 -100.0625 -66.5 2.2396119503130363 2 
0003 0001 1665563416648470 -39.0 -72.0 0.1227184630308513 2 
0003 0005 1665563416652925 -78.0625 -70.5 6.1420590746941075 2 
0003 0000 1665563416677053 7.3125 -71.0 2.061670178918302 2 
0003 0004 1665563416755722 -169.25 -66.0 5.203262832508095 2 
0003 0014 1665563416756704 195.25 -66.5 5.8045833013592665 2 
0003 0015 1665563416758712 43.125 -67.0 2.0064468705544187 2 
0003 0001 1665563416761020 34.9375 -71.0 0.1227184630308513 2 
0003 0006 1665563416763792 270.125 -72.0 6.043884304269426 2 
0003 0005 1665563416766166 -139.125 -71.5 6.258641614573416 2 
0003 0000 1665563416782042 21.9375 -71.0 5.117359908386499 2 
0003 0004 1665563416867455 0.0 -66.0 4.97623367590102 2 
0003 0014 1665563416869811 -61.0 -65.5 6.043884304269426 2 
0003 0015 1665563416872555 -78.0625 -67.0 2.2150682577068657 2 
0003 0006 1665563416874423 -121.25 -71.0 0.1349903093339364 2 
0003 0001 1665563416875687 13.0 -73.0 0.1718058482431918 2 
0003 0005 1665563416877082 -39.0 -71.0 6.068427996875596 2 
0003 0000 1665563416898793 -3.1875 -71.0 5.197126909356553 2 
0003 0001 1665563416977882 17.0625 -71.0 0.1718058482431918 2 
0003 0004 1665563416979758 56.125 -65.0 4.97623367590102 2 
0003 0005 1665563416984437 269.3125 -71.0 5.921165841238575 2 
0003 0006 1665563416985417 270.125 -73.0 5.841398840268521 2 
0003 0015 1665563416986344 -34.9375 -67.5 2.018718716857504 2 
0003 0014 1665563416987213 152.125 -66.5 5.859806609723149 2 
0003 0000 1665563417009117 -7.3125 -71.5 5.252350217720435 2 
0003 0015 1665563417091658 8.9375 -66.5 2.2212041808584084 2 
0003 0014 1665563417093024 -26.0 -66.5 6.037748381117884 2 
0003 0001 1665563417094670 160.3125 -72.0 0.1349903093339364 2 
0003 0004 1665563417098398 -156.1875 -65.5 5.252350217720435 2 
0003 0005 1665563417099309 17.0625 -69.5 6.105243535784852 2 
0003 0006 1665563417100363 127.75 -73.5 6.215690152512618 2 
0003 0000 1665563417113159 -2.4375 -71.0 5.178719139901925 2 
0003 0014 1665563417203555 -169.25 -67.5 6.135923151542564 2 
0003 0006 1665563417204816 350.6875 -73.5 5.829126993965437 2 
0003 0015 1665563417205715 69.125 -67.0 2.086213871524472 2 
0003 0004 1665563417206612 -100.0625 -65.5 5.160311370447297 2 
0003 0001 1665563417208731 74.0 -72.5 0.09203884727313846 2 
0003 0005 1665563417211509 143.1875 -70.5 5.902758071783947 2 
0003 0000 1665563417236615 5.625 -71.0 5.166447293598839 2 
0003 0004 1665563417312956 -182.25 -65.5 5.301437602932776 2 
0003 0005 1665563417314704 74.0 -70.0 5.976389149602458 2 
0003 0014 1665563417316380 -87.0625 -66.5 6.031612457966341 2 
0003 0015 1665563417323181 78.0625 -67.0 2.030990563160589 2 
0003 0006 1665563417324164 212.375 -71.5 6.14819499784565 2 
0003 0001 1665563417325921 95.1875 -72.5 0.1349903093339364 2 
0003 0000 1665563417352573 11.4375 -71.0 5.074408446325701 2 
0003 0006 1665563417428274 -165.1875 -71.5 6.178874613603362 2 
0003 0014 1665563417429198 -21.9375 -66.5 6.068427996875596 2 
0003 0015 1665563417430172 104.125 -66.5 1.8960002538266525 2 
0003 0004 1665563417432314 39.0 -66.0 4.9823695990525625 2 
0003 0005 1665563417436002 -65.0625 -70.0 6.166602767300278 2 
0003 0001 1665563417438913 65.0625 -72.5 0.11044661672776616 2 
0003 0000 1665563417462710 -7.3125 -71.0 5.258486140871978 2 
