0003 0000 1665563889196313 56.125 -66.0 1.748738098189631 3 
0003 0001 1665563889290425 78.0625 -69.0 6.154330920997192 3 
0003 0014 1665563889291848 169.25 -63.5 0.9387962421860124 3 
0003 0000 1665563889294120 65.0625 -65.5 1.736466251886546 3 
0003 0005 1665563889295343 39.0 -63.5 1.748738098189631 3 
0003 0008 1665563889296975 4.0625 -60.5 3.6876898140770815 3 
0003 0004 1665563889303512 -13.0 -70.0 3.393165502803038 3 
0003 0007 1665563889326647 22.6875 -74.0 0.7424467013366504 3 
0003 0005 1665563889404237 4.0625 -63.5 1.761009944492716 3 
0003 0008 1665563889405719 -61.0 -61.0 3.749049045592507 3 
0003 0014 1665563889406657 -17.0625 -63.5 1.1106020904292042 3 
0003 0000 1665563889407539 4.0625 -64.5 1.7548740213411735 3 
0003 0004 1665563889413212 -139.125 -69.0 3.454524734318464 3 
0003 0001 1665563889414193 56.125 -68.5 6.209554229361076 3 
0003 0007 1665563889431343 11.4375 -74.0 0.8099418560036186 3 
0003 0008 1665563889513772 -21.9375 -61.5 3.6815538909255388 3 
0003 0001 1665563889514638 8.9375 -69.5 6.277049384028044 3 
0003 0014 1665563889515624 -52.0625 -64.0 1.141281706186917 3 
0003 0005 1665563889516477 61.0 -63.5 1.705786636128833 3 
0003 0000 1665563889517658 26.0 -65.5 1.7671458676442586 3 
0003 0004 1665563889521707 -78.0625 -69.0 3.3318062712876126 3 
0003 0007 1665563889542320 4.0625 -74.0 3.816544200259475 3 
0003 0004 1665563889620636 13.0 -71.5 3.2827188860752723 3 
0003 0014 1665563889623401 21.9375 -63.5 1.0921943209745766 3 
0003 0008 1665563889624666 34.9375 -61.0 3.5833791205008576 3 
0003 0005 1665563889625564 82.1875 -63.5 1.6260196351587797 3 
0003 0001 1665563889626446 87.0625 -69.0 6.111379458936394 3 
0003 0000 1665563889628035 -4.0625 -65.0 1.6935147898257479 3 
0003 0007 1665563889649513 -5.625 -74.0 0.7792622402459057 3 
0003 0005 1665563889727138 52.0625 -63.5 1.7119225592803755 3 
0003 0004 1665563889728035 -74.0 -69.5 3.2336315008629315 3 
0003 0008 1665563889729386 -78.0625 -61.0 3.7122335066832517 3 
0003 0000 1665563889732845 -34.9375 -65.0 1.761009944492716 3 
0003 0001 1665563889736489 -130.1875 -69.0 6.240233845118788 3 
0003 0014 1665563889737855 147.25 -63.0 0.9633399347921826 3 
0003 0007 1665563889754033 19.5 -73.5 0.7117670855789375 3 
0003 0014 1665563889835234 -8.9375 -64.0 1.0737865515199487 3 
0003 0005 1665563889837256 39.0 -63.5 1.7119225592803755 3 
0003 0004 1665563889838649 -43.125 -70.5 3.2704470397721868 3 
0003 0001 1665563889841797 91.125 -69.5 5.982525072754001 3 
0003 0000 1665563889843277 56.125 -65.0 1.6444274046134073 3 
0003 0008 1665563889844444 -26.0 -61.0 3.6692820446224537 3 
0003 0007 1665563889870141 0.75 -74.5 3.9147189706841563 3 
0003 0008 1665563889939745 -4.0625 -61.0 3.6201946594101133 3 
0003 0001 1665563889943084 21.9375 -69.0 6.092971689481767 3 
0003 0014 1665563889944466 52.0625 -63.5 1.0492428589137786 3 
0003 0000 1665563889945591 52.0625 -65.5 1.6260196351587797 3 
0003 0005 1665563889946502 -34.9375 -64.0 1.8039614065535141 3 
0003 0004 1665563889947743 -286.4375 -70.5 3.54042765844006 3 
0003 0007 1665563889971975 -6.5 -74.0 0.8160777791551611 3 
0003 0008 1665563890048461 -17.0625 -61.5 3.6324665057131984 3 
0003 0004 1665563890049345 -26.0 -71.0 3.227495577711389 3 
0003 0001 1665563890051506 -109.0 -69.0 0.0 3 
0003 0014 1665563890053778 48.0 -63.0 1.0369710126106935 3 
0003 0000 1665563890057334 -95.1875 -65.0 1.8162332528565992 3 
0003 0005 1665563890058248 52.0625 -63.0 1.6812429435226628 3 
0003 0007 1665563890082682 -9.75 -74.0 0.7853981633974483 3 
0003 0014 1665563890155155 30.0625 -63.5 1.1167380135807468 3 
0003 0000 1665563890156861 87.0625 -65.0 1.7119225592803755 3 
0003 0005 1665563890157727 -8.9375 -63.5 1.736466251886546 3 
0003 0004 1665563890159179 169.25 -70.5 3.0250101137104846 3 
0003 0008 1665563890160784 26.0 -61.0 3.5895150436524004 3 
0003 0001 1665563890161962 -8.9375 -69.0 6.0991076126333095 3 
0003 0007 1665563890184802 0.75 -74.5 0.6933593161243098 3 
0003 0004 1665563890262253 17.0625 -70.0 3.3011266555298997 3 
0003 0014 1665563890263987 34.9375 -63.5 1.0737865515199487 3 
0003 0008 1665563890264900 -39.0 -61.0 3.7122335066832517 3 
0003 0001 1665563890265810 152.125 -70.0 6.031612457966341 3 
0003 0005 1665563890267171 -4.0625 -63.5 1.718058482431918 3 
0003 0000 1665563890269032 39.0 -64.5 1.718058482431918 3 
0003 0007 1665563890292755 7.3125 -74.0 0.7547185476397354 3 
0003 0008 1665563890367139 -4.0625 -61.0 3.724505352986337 3 
0003 0004 1665563890368422 -39.0 -70.5 3.2765829629237295 3 
0003 0000 1665563890370226 4.0625 -64.5 1.7732817907958012 3 
0003 0001 1665563890371408 78.0625 -68.5 6.105243535784852 3 
0003 0014 1665563890372547 69.125 -63.5 0.9940195505498954 3 
0003 0005 1665563890373431 -69.125 -63.5 1.8407769454627694 3 
0003 0007 1665563890396713 -25.125 -75.0 0.8222137023067037 3 
0003 0000 1665563890517950 21.9375 -65.5 1.7794177139473437 3 
0003 0014 1665563890520707 39.0 -64.0 1.0737865515199487 3 
0003 0001 1665563890523444 95.1875 -70.0 6.166602767300278 3 
0003 0005 1665563890524355 -48.0 -64.0 1.7855536370988863 3 
0003 0004 1665563890525764 -230.25 -70.0 3.6263305825616556 3 
0003 0008 1665563890526658 -48.0 -61.5 3.7429131224409646 3 
0003 0007 1665563890546565 7.3125 -74.5 0.7976700097005334 3 
0003 0008 1665563890624562 -39.0 -58.0 4.1417481272912315 3 
0003 0005 1665563890626325 -74.0 -63.0 1.8407769454627694 3 
0003 0004 1665563890627875 43.125 -68.0 4.822835597112456 3 
0003 0014 1665563890629028 -26.0 -67.0 1.0185632431560658 3 
0003 0001 1665563890630461 108.1875 -68.5 0.3129320807286708 3 
0003 0000 1665563890632885 82.1875 -70.5 1.6566992509164924 3 
0003 0007 1665563890634040 -65.0625 -72.5 0.944932165337555 3 
0003 0006 1665563890656709 -10.5 -72.0 5.0682725231741586 3 
0003 0015 1665563890660807 10.5 -72.5 0.5890486225480862 3 
0003 0008 1665563890735741 -26.0 -63.0 5.602097837358362 3 
0003 0014 1665563890737747 -52.0625 -70.0 1.0492428589137786 3 
0003 0015 1665563890739955 -8.9375 -70.0 1.5830681730979816 3 
0003 0004 1665563890740881 8.9375 -60.5 0.7547185476397354 3 
0003 0001 1665563890743342 -82.1875 -70.0 1.8285050991596843 3 
0003 0005 1665563890745122 -61.0 -67.0 2.5832236467994196 3 
0003 0007 1665563890746232 182.25 -68.0 2.141437179888355 3 
0003 0000 1665563890794227 6.375 -74.5 5.264622064023521 3 
0003 0001 1665563890846135 87.0625 -71.0 3.6692820446224537 3 
0003 0014 1665563890847018 91.125 -69.0 1.576932249946439 3 
0003 0004 1665563890847915 78.0625 -65.5 2.6691265709210157 3 
0003 0005 1665563890848785 -121.25 -66.5 5.2339424482658075 3 
0003 0000 1665563890849904 -13.0 -70.5 5.749359992995383 3 
0003 0007 1665563890850833 52.0625 -64.5 2.834796496012665 3 
0003 0008 1665563890852197 -52.0625 -65.0 3.9147189706841563 3 
0003 0015 1665563890853593 56.125 -65.5 1.8530487917658545 3 
0003 0010 1665563890854790 -195.25 -71.0 0.36815538909255385 3 
0003 0007 1665563890948948 13.0 -63.5 2.5157284921324514 3 
0003 0001 1665563890951969 -247.375 -68.0 4.92714629068868 3 
0003 0004 1665563890953546 43.125 -58.5 5.368932757599744 3 
0003 0015 1665563890954744 -39.0 -65.0 1.902136176978195 3 
0003 0005 1665563890955640 4.0625 -62.0 0.5399612373357456 3 
0003 0008 1665563890957033 -21.9375 -64.0 4.221515128261284 3 
0003 0014 1665563890958543 -78.0625 -66.5 2.405281875404685 3 
0003 0000 1665563891048005 -1.9375 -73.0 5.896622148632405 3 
0003 0009 1665563891055957 9.5 -77.5 1.5830681730979816 3 
0003 0004 1665563891069857 43.125 -59.0 6.025476534814799 3 
0003 0000 1665563891070782 -143.1875 -70.0 2.84706834231575 3 
0003 0011 1665563891071722 -8.9375 -68.0 2.380738182798515 3 
0003 0001 1665563891072619 -26.0 -70.5 5.227806525114265 3 
0003 0015 1665563891073521 173.3125 -67.0 1.2026409377023426 3 
0003 0005 1665563891074460 -8.9375 -60.0 1.6137477888556946 3 
0003 0014 1665563891075742 39.0 -64.5 2.6323110320117604 3 
0003 0007 1665563891097607 28.0625 -72.0 0.5583690067903734 3 
0003 0009 1665563891098927 31.3125 -75.5 5.031456984264903 3 
0003 0013 1665563891110769 16.3125 -78.0 4.04357335686655 3 
0003 0014 1665563891186318 -52.0625 -62.5 3.215223731408304 3 
0003 0005 1665563891188080 -95.1875 -63.0 2.8716120349219203 3 
0003 0010 1665563891189840 17.0625 -62.0 0.5092816215780329 3 
0003 0007 1665563891190723 13.0 -62.0 1.4603497100671303 3 
0003 0015 1665563891191867 178.1875 -70.0 1.282407938672396 3 
0003 0004 1665563891192776 -17.0625 -64.0 2.1782527187976104 3 
0003 0006 1665563891193698 -4.875 -66.0 4.755340442445488 3 
0003 0011 1665563891196747 -152.125 -67.0 2.804116880254952 3 
0003 0001 1665563891197700 -152.125 -71.5 5.221670601962723 3 
0003 0013 1665563891211049 10.9375 -76.5 0.303728196001357 3 
0003 0010 1665563891293948 -17.0625 -58.0 1.8837284075235674 3 
0003 0007 1665563891295611 8.9375 -64.5 1.9757672547967058 3 
0003 0004 1665563891297899 -17.0625 -60.0 3.1231848841351653 3 
0003 0014 1665563891299635 -21.9375 -59.0 3.5342917352885173 3 
0003 0013 1665563891300565 -56.125 -73.5 3.5036121195308043 3 
0003 0005 1665563891301461 8.9375 -60.5 4.319689898685965 3 
0003 0011 1665563891302605 74.0 -65.5 4.8351074434155406 3 
0003 0008 1665563891303872 121.25 -67.5 1.9082721001297376 3 
0003 0006 1665563891305038 -109.0 -67.5 5.921165841238575 3 
0003 0001 1665563891305934 -48.0 -70.0 4.184699589352029 3 
0003 0012 1665563891386444 -5.3125 -76.0 5.737088146692298 3 
0003 0013 1665563891424922 -108.1875 -69.0 3.822680123411018 3 
0003 0011 1665563891427538 39.0 -65.0 0.39269908169872414 3 
0003 0006 1665563891428490 -146.4375 -67.5 0.9817477042468103 3 
0003 0001 1665563891429373 -130.1875 -71.0 3.650874275167826 3 
0003 0008 1665563891430848 87.0625 -68.5 2.1353012567368124 3 
0003 0004 1665563891431845 -56.125 -61.0 3.32567034813607 3 
0003 0010 1665563891433113 -61.0 -58.0 4.172427743048944 3 
0003 0014 1665563891434076 0.0 -58.5 3.129320807286708 3 
0003 0005 1665563891435293 21.9375 -58.5 4.81056375080937 3 
0003 0000 1665563891437003 282.375 -73.0 4.779884135051658 3 
0003 0008 1665563891527986 69.125 -68.5 2.2212041808584084 3 
0003 0004 1665563891529177 21.9375 -62.5 2.9759227284981438 3 
0003 0014 1665563891530301 -30.0625 -58.5 2.834796496012665 3 
0003 0005 1665563891533323 21.9375 -57.5 4.773748211900116 3 
0003 0010 1665563891535172 26.0 -58.5 5.037592907416445 3 
0003 0006 1665563891536109 14.625 -67.0 0.9633399347921826 3 
0003 0013 1665563891537036 8.9375 -65.0 4.000621894805752 3 
0003 0009 1665563891539585 -21.9375 -71.0 4.957825906446392 3 
0003 0011 1665563891541367 182.25 -69.5 1.368310862793992 3 
0003 0007 1665563891542305 13.0 -72.0 0.37429131224409645 3 
0003 0012 1665563891543247 -13.0 -67.5 1.7978254834019713 3 
0003 0011 1665563891561313 -5.25 -71.0 4.822835597112456 3 
0003 0001 1665563891578274 12.1875 -74.0 5.344389064993574 3 
0003 0000 1665563891654549 5.4375 -78.0 0.3620194659410113 3 
0003 0010 1665563891702034 -34.9375 -59.0 5.184855063053467 3 
0003 0012 1665563891703430 -39.0 -67.0 0.859029241215959 3 
0003 0009 1665563891704367 8.9375 -71.5 5.602097837358362 3 
0003 0014 1665563891705279 48.0 -58.0 2.5954954931025047 3 
0003 0005 1665563891706174 -48.0 -58.5 4.331961744989051 3 
0003 0008 1665563891707051 0.0 -66.0 2.3316507975861747 3 
0003 0004 1665563891707998 -104.125 -66.0 2.478912953223196 3 
0003 0006 1665563891709090 17.0625 -66.0 0.2699806186678728 3 
0003 0013 1665563891714908 -52.0625 -65.0 4.239922897715912 3 
0003 0011 1665563891717269 43.125 -70.0 0.30066023442558565 3 
0003 0000 1665563891740973 29.25 -76.5 6.105243535784852 3 
0003 0007 1665563891775981 1.9375 -75.0 1.5278448647340985 3 
0003 0008 1665563891822336 -117.125 -64.5 2.3930100291016 3 
0003 0004 1665563891823205 -82.1875 -66.5 1.88986433067511 3 
0003 0013 1665563891825711 34.9375 -63.5 4.405592822807561 3 
0003 0007 1665563891827148 48.0 -69.0 0.705631162427395 3 
0003 0009 1665563891828554 -39.0 -73.0 5.9518454569962875 3 
0003 0005 1665563891829508 -34.9375 -60.0 3.6570101983193686 3 
0003 0006 1665563891830430 -9.75 -66.5 6.160466844148735 3 
0003 0014 1665563891831298 13.0 -57.5 2.662990647769473 3 
0003 0010 1665563891832694 -52.0625 -59.0 4.865787059173254 3 
0003 0012 1665563891833788 -4.0625 -66.5 0.8467573949128739 3 
0003 0000 1665563891852197 -107.375 -75.0 6.163534805724506 3 
0003 0004 1665563891933982 113.0625 -68.5 1.2333205534600555 3 
0003 0014 1665563891935301 4.0625 -57.5 2.6813984172241008 3 
0003 0013 1665563891936217 -13.0 -63.5 4.442408361716817 3 
0003 0006 1665563891937822 -17.0625 -65.5 6.240233845118788 3 
0003 0008 1665563891938988 -8.9375 -66.0 2.043262409463674 3 
0003 0012 1665563891939888 -21.9375 -66.5 0.7363107781851077 3 
0003 0007 1665563891940773 -69.125 -66.0 0.3436116964863836 3 
0003 0005 1665563891946253 34.9375 -60.0 2.742757648739526 3 
0003 0010 1665563891948300 -43.125 -59.5 4.681709364626977 3 
0003 0009 1665563891950044 -56.125 -73.0 5.197126909356553 3 
0003 0000 1665563891971959 24.8125 -75.5 5.641981337843388 3 
0003 0005 1665563892058407 13.0 -61.0 2.2334760271614935 3 
0003 0004 1665563892059350 152.125 -68.0 0.944932165337555 3 
0003 0010 1665563892061237 13.0 -59.5 4.381049130201391 3 
0003 0014 1665563892062119 26.0 -57.5 2.6384469551633027 3 
0003 0006 1665563892063283 -28.4375 -65.5 5.853670686571607 3 
0003 0008 1665563892064662 -191.1875 -66.5 1.9144080232812801 3 
0003 0012 1665563892066766 108.1875 -66.5 0.4970097752749477 3 
0003 0013 1665563892071553 -87.0625 -63.5 4.3933209765044765 3 
0003 0007 1665563892073020 30.0625 -66.0 0.04908738521234052 3 
0003 0000 1665563892086354 -69.125 -74.0 2.4911847995262812 3 
0003 0009 1665563892107507 -26.8125 -76.0 1.718058482431918 3 
0003 0002 1665563892171701 -2.4375 -78.0 5.921165841238575 3 
0003 0005 1665563892198089 0.0 -60.0 2.12916533358527 3 
0003 0006 1665563892201086 -184.6875 -65.0 6.129787228391022 3 
0003 0010 1665563892203142 -30.0625 -60.0 4.4362724385652745 3 
0003 0014 1665563892204735 69.125 -58.0 2.5954954931025047 3 
0003 0008 1665563892206523 -26.0 -65.5 1.5707963267948966 3 
0003 0009 1665563892207421 238.4375 -73.0 4.614214209960009 3 
0003 0007 1665563892209703 -30.0625 -66.5 0.07976700097005335 3 
0003 0004 1665563892211253 108.1875 -68.0 1.0369710126106935 3 
0003 0012 1665563892212577 -30.0625 -67.0 0.662679700366597 3 
0003 0013 1665563892213435 -30.0625 -64.0 4.368777283898306 3 
0003 0000 1665563892236121 21.9375 -75.5 2.018718716857504 3 
0003 0008 1665563892321718 21.9375 -65.5 1.3192234775816514 3 
0003 0004 1665563892323000 87.0625 -69.0 0.8835729338221293 3 
0003 0007 1665563892325231 -30.0625 -67.5 6.191146459906448 3 
0003 0013 1665563892326796 -39.0 -64.0 4.424000592262189 3 
0003 0005 1665563892327722 65.0625 -60.0 2.043262409463674 3 
0003 0014 1665563892328559 -17.0625 -57.5 2.6445828783148455 3 
0003 0006 1665563892329868 -23.5625 -65.0 6.1420590746941075 3 
0003 0010 1665563892330738 26.0 -60.0 4.4362724385652745 3 
0003 0012 1665563892331737 -100.0625 -67.0 0.6442719309119693 3 
0003 0009 1665563892334912 -342.5625 -72.5 5.2339424482658075 3 
0003 0000 1665563892337511 208.3125 -74.0 1.7303303287350031 3 
0003 0012 1665563892430128 52.0625 -67.0 0.4908738521234052 3 
0003 0007 1665563892431480 -13.0 -67.5 6.178874613603362 3 
0003 0013 1665563892433786 -69.125 -64.0 4.405592822807561 3 
0003 0008 1665563892435024 56.125 -65.5 1.3130875544301088 3 
0003 0005 1665563892435921 4.0625 -60.0 1.9512235621905356 3 
0003 0014 1665563892436805 -34.9375 -57.5 2.6445828783148455 3 
0003 0006 1665563892437717 -127.75 -65.0 6.160466844148735 3 
0003 0004 1665563892438641 61.0 -70.0 0.44178646691106466 3 
0003 0010 1665563892439805 17.0625 -60.0 4.313553975534423 3 
0003 0009 1665563892444367 -48.0 -71.5 5.00077736850719 3 
0003 0000 1665563892468712 -11.4375 -75.5 1.7978254834019713 3 
0003 0004 1665563892545536 4.0625 -70.5 0.28838838812250056 3 
0003 0014 1665563892546661 -21.9375 -57.5 2.6016314162540475 3 
0003 0013 1665563892548882 -87.0625 -64.5 4.448544284868359 3 
0003 0009 1665563892551464 -134.25 -71.0 4.853515212870168 3 
0003 0007 1665563892552476 -17.0625 -67.0 6.013204688511713 3 
0003 0010 1665563892553390 -52.0625 -60.0 4.123340357836604 3 
0003 0012 1665563892554585 -87.0625 -67.5 0.4724660826687775 3 
0003 0006 1665563892556806 4.875 -65.0 5.700272607783043 3 
0003 0005 1665563892557762 17.0625 -60.5 1.748738098189631 3 
0003 0008 1665563892558929 -91.125 -65.0 1.1535535524900022 3 
0003 0000 1665563892579148 18.75 -75.5 4.663301595172349 3 
0003 0005 1665563892654971 34.9375 -60.0 1.6444274046134073 3 
0003 0007 1665563892656496 -65.0625 -67.0 6.037748381117884 3 
0003 0008 1665563892657928 -8.9375 -65.5 0.9203884727313847 3 
0003 0009 1665563892659026 269.3125 -71.5 4.190835512503572 3 
0003 0010 1665563892660175 -21.9375 -60.5 3.8840393549264434 3 
0003 0006 1665563892661282 -66.6875 -65.0 5.491651220630596 3 
0003 0004 1665563892662195 -48.0 -69.5 6.0991076126333095 3 
0003 0013 1665563892663094 21.9375 -64.0 4.0987966652304335 3 
0003 0012 1665563892663980 26.0 -68.0 0.2945243112740431 3 
0003 0014 1665563892664887 -8.9375 -58.0 2.5341362615870793 3 
0003 0000 1665563892687475 -25.125 -75.0 1.7426021750380885 3 
0003 0008 1665563892766134 39.0 -65.5 0.7117670855789375 3 
0003 0012 1665563892767898 13.0 -67.5 0.2454369260617026 3 
0003 0007 1665563892769024 -34.9375 -67.5 5.841398840268521 3 
0003 0013 1665563892770210 -100.0625 -64.5 4.184699589352029 3 
0003 0006 1665563892771828 -52.0625 -65.0 5.203262832508095 3 
0003 0014 1665563892773276 -26.0 -57.5 2.5586799541932495 3 
0003 0010 1665563892775055 -52.0625 -60.0 3.77972866135022 3 
0003 0005 1665563892776857 26.0 -60.5 1.576932249946439 3 
0003 0009 1665563892778051 195.25 -73.0 3.9085830475326135 3 
0003 0004 1665563892779974 -121.25 -70.0 5.927301764390117 3 
0003 0000 1665563892803308 18.75 -75.0 1.564660403643354 3 
0003 0010 1665563892879572 -56.125 -59.5 3.6692820446224537 3 
0003 0008 1665563892880723 4.0625 -65.0 0.6994952392758523 3 
0003 0014 1665563892885153 17.0625 -57.5 2.509592568980909 3 
0003 0012 1665563892886196 61.0 -67.0 0.1043106935762236 3 
0003 0006 1665563892887612 42.3125 -65.5 4.963961829597935 3 
0003 0013 1665563892888527 -26.0 -64.5 4.074252972624263 3 
0003 0004 1665563892889467 -139.125 -69.5 5.681864838328415 3 
0003 0005 1665563892890646 4.0625 -60.5 1.607611865704152 3 
0003 0007 1665563892891945 -82.1875 -67.0 5.767767762450011 3 
0003 0000 1665563892919793 -18.75 -75.5 1.5585244804918115 3 
0003 0009 1665563892923266 1.625 -76.5 0.8283496254582462 3 
0003 0005 1665563893008665 21.9375 -60.5 1.6137477888556946 3 
0003 0014 1665563893013624 -21.9375 -57.5 2.5770877236478773 3 
0003 0010 1665563893014491 -8.9375 -60.5 3.9699422790480394 3 
0003 0013 1665563893015705 -52.0625 -63.5 4.516039439535327 3 
0003 0004 1665563893016715 -30.0625 -69.5 5.411884219660542 3 
0003 0006 1665563893017865 -66.6875 -64.5 5.00077736850719 3 
0003 0008 1665563893018989 156.1875 -65.0 0.7424467013366504 3 
0003 0012 1665563893019846 130.1875 -65.5 0.5706408530934585 3 
0003 0007 1665563893021620 -4.0625 -67.0 5.93343768754166 3 
0003 0009 1665563893030503 87.0625 -73.0 3.9760782021995817 3 
0003 0011 1665563893051465 2.4375 -74.5 4.693981210930062 3 
0003 0000 1665563893058541 -22.6875 -75.5 1.6260196351587797 3 
0003 0012 1665563893131150 87.0625 -66.0 0.5583690067903734 3 
0003 0008 1665563893132329 8.9375 -64.0 1.0062913968529805 3 
0003 0007 1665563893133994 74.0 -67.0 5.822991070813893 3 
0003 0014 1665563893137000 8.9375 -57.5 2.5464081078901644 3 
0003 0004 1665563893138776 87.0625 -71.0 5.252350217720435 3 
0003 0006 1665563893139670 -56.9375 -64.5 5.056000676871073 3 
0003 0010 1665563893140540 -61.0 -60.0 4.037437433715008 3 
0003 0013 1665563893141664 -87.0625 -63.0 4.552854978444583 3 
0003 0005 1665563893142559 -8.9375 -60.0 1.6689710972195777 3 
0003 0011 1665563893178540 -0.75 -74.5 4.749204519293945 3 
0003 0009 1665563893183182 -15.375 -76.0 4.074252972624263 3 
0003 0000 1665563893188487 -0.75 -75.5 1.5278448647340985 3 
0003 0004 1665563893260703 186.3125 -71.0 5.154175447295755 3 
0003 0007 1665563893262352 43.125 -66.0 5.780039608753096 3 
0003 0008 1665563893264743 0.0 -64.0 1.0185632431560658 3 
0003 0013 1665563893266144 26.0 -63.0 4.3933209765044765 3 
0003 0006 1665563893268585 -18.6875 -64.0 4.95168998329485 3 
0003 0005 1665563893270363 26.0 -60.0 1.5707963267948966 3 
0003 0014 1665563893271752 -4.0625 -57.5 2.5341362615870793 3 
0003 0010 1665563893274330 -43.125 -60.0 3.988350048502667 3 
0003 0012 1665563893275198 -4.0625 -64.5 0.662679700366597 3 
0003 0009 1665563893280300 195.25 -73.0 3.7551849687440497 3 
0003 0000 1665563893295749 -18.75 -75.5 1.3867186322486196 3 
0003 0011 1665563893303332 -11.4375 -74.0 1.5401167110371838 3 
0003 0005 1665563893378517 13.0 -60.0 1.509437095279471 3 
0003 0013 1665563893379445 -13.0 -63.0 4.442408361716817 3 
0003 0004 1665563893381337 251.4375 -71.5 4.878058905476339 3 
0003 0007 1665563893383837 -30.0625 -66.5 5.8659425328746915 3 
0003 0012 1665563893385304 139.125 -66.0 0.5276893910326605 3 
0003 0008 1665563893386166 0.0 -64.0 0.9142525495798421 3 
0003 0010 1665563893387039 -13.0 -60.5 3.8963112012295285 3 
0003 0006 1665563893388388 38.1875 -64.5 4.853515212870168 3 
0003 0014 1665563893389253 -13.0 -57.5 2.552544031041707 3 
0003 0009 1665563893396716 -243.3125 -73.0 4.074252972624263 3 
0003 0000 1665563893421525 24.375 -75.5 1.325359400733194 3 
0003 0011 1665563893423771 12.9375 -74.5 4.503767593232243 3 
0003 0005 1665563893498799 56.125 -60.0 1.423534171157875 3 
0003 0013 1665563893499969 -65.0625 -62.5 4.460816131171445 3 
0003 0007 1665563893502535 -34.9375 -66.5 5.822991070813893 3 
0003 0014 1665563893505648 -17.0625 -58.0 2.5341362615870793 3 
0003 0010 1665563893506548 -65.0625 -60.5 3.9638063558964967 3 
0003 0012 1665563893507998 130.1875 -66.0 0.4970097752749477 3 
0003 0004 1665563893509345 134.25 -70.0 4.896466674930966 3 
0003 0006 1665563893512738 -28.4375 -64.5 4.963961829597935 3 
0003 0008 1665563893514178 0.0 -64.5 0.9142525495798421 3 
0003 0009 1665563893517567 -74.0 -74.0 3.9576704327449543 3 
0003 0011 1665563893542848 1.625 -74.5 4.522175362686871 3 
0003 0000 1665563893546283 16.3125 -75.5 1.2640001692177683 3 
0003 0010 1665563893618510 -56.125 -60.0 3.9638063558964967 3 
0003 0005 1665563893619930 -4.0625 -60.0 1.4726215563702154 3 
0003 0004 1665563893621099 -113.0625 -70.0 5.184855063053467 3 
0003 0006 1665563893623931 -34.9375 -64.5 4.921010367537137 3 
0003 0007 1665563893624873 -78.0625 -66.5 5.841398840268521 3 
0003 0013 1665563893627247 -4.0625 -63.0 4.473087977474529 3 
0003 0008 1665563893628857 82.1875 -63.5 0.8467573949128739 3 
0003 0014 1665563893630008 26.0 -58.0 2.4911847995262812 3 
0003 0012 1665563893632100 -30.0625 -65.5 0.6872233929727672 3 
0003 0009 1665563893641488 -104.125 -72.5 4.252194744018997 3 
0003 0000 1665563893666888 2.4375 -76.5 1.2701360923693108 3 
0003 0011 1665563893668947 1.625 -74.5 1.4419419406125027 3 
0003 0013 1665563893745768 21.9375 -63.0 4.430136515413731 3 
0003 0007 1665563893747359 -4.0625 -66.5 5.786175531904639 3 
0003 0014 1665563893748269 -13.0 -57.5 2.5157284921324514 3 
0003 0012 1665563893749169 -30.0625 -66.0 0.7301748550335652 3 
0003 0010 1665563893752392 -69.125 -60.0 4.01902966426038 3 
0003 0006 1665563893754979 4.0625 -64.0 4.908738521234052 3 
0003 0005 1665563893756458 8.9375 -60.0 1.509437095279471 3 
0003 0004 1665563893758803 117.125 -70.5 4.878058905476339 3 
0003 0008 1665563893760677 -8.9375 -63.0 0.9756117810952678 3 
0003 0009 1665563893761606 169.25 -72.0 4.381049130201391 3 
0003 0011 1665563893787980 -6.5 -74.0 4.632621979414636 3 
0003 0000 1665563893792040 11.4375 -76.5 1.1658253987930873 3 
0003 0005 1665563893865928 34.9375 -60.0 1.509437095279471 3 
0003 0014 1665563893867688 -43.125 -58.0 2.564815877344792 3 
0003 0008 1665563893868585 65.0625 -62.5 0.9694758579437253 3 
0003 0004 1665563893871433 -130.1875 -71.5 5.166447293598839 3 
0003 0009 1665563893872612 -82.1875 -72.0 4.73693267299086 3 
0003 0007 1665563893874868 -39.0 -66.5 5.921165841238575 3 
0003 0006 1665563893877601 -52.0625 -64.0 5.074408446325701 3 
0003 0012 1665563893878905 -4.0625 -66.0 0.662679700366597 3 
0003 0010 1665563893880044 -43.125 -60.0 4.01902966426038 3 
0003 0013 1665563893880973 48.0 -62.5 4.4362724385652745 3 
0003 0000 1665563893899933 9.0 -76.5 1.2762720155208536 3 
0003 0011 1665563893905922 12.9375 -74.0 4.620350133111551 3 
0003 0005 1665563893978386 52.0625 -60.0 1.4848934026733007 3 
0003 0004 1665563893981621 -8.9375 -70.0 4.779884135051658 3 
0003 0008 1665563893984672 39.0 -63.0 1.0246991663076084 3 
0003 0010 1665563893985614 -78.0625 -60.5 4.09266074207889 3 
0003 0006 1665563893986792 -70.75 -65.0 5.031456984264903 3 
0003 0013 1665563893987964 -52.0625 -63.0 4.583534594202296 3 
0003 0012 1665563893988878 126.125 -65.5 0.5645049299419159 3 
0003 0014 1665563893989800 -8.9375 -58.0 2.5341362615870793 3 
0003 0007 1665563893990872 30.0625 -66.5 5.829126993965437 3 
0003 0009 1665563893999570 -329.5625 -72.0 4.9823695990525625 3 
0003 0011 1665563894026170 -9.75 -74.0 4.473087977474529 3 
0003 0000 1665563894028255 18.75 -76.0 1.1535535524900022 3 
0003 0008 1665563894100294 100.0625 -62.5 0.9694758579437253 3 
0003 0010 1665563894101178 -52.0625 -60.5 4.0128937411088375 3 
0003 0005 1665563894102075 61.0 -60.0 1.4664856332186729 3 
0003 0012 1665563894103269 -8.9375 -66.0 0.6994952392758523 3 
0003 0007 1665563894104454 -52.0625 -66.5 5.749359992995383 3 
0003 0014 1665563894106600 -61.0 -57.5 2.5709518004963345 3 
0003 0006 1665563894107988 -66.6875 -64.5 4.92714629068868 3 
0003 0009 1665563894109884 -30.0625 -71.0 4.706253057233147 3 
0003 0013 1665563894111371 -13.0 -63.0 4.516039439535327 3 
0003 0004 1665563894116963 52.0625 -71.5 4.865787059173254 3 
0003 0000 1665563894137910 -19.5 -76.0 1.337631247036279 3 
0003 0011 1665563894145585 -2.4375 -74.0 1.5278448647340985 3 
