0003 0004 1665563899121727 143.1875 -64.0 4.614214209960009 3 
0003 0014 1665563899123462 -34.9375 -65.0 0.7179030087304801 3 
0003 0002 1665563899125266 17.0625 -70.0 0.02454369260617026 3 
0003 0001 1665563899126219 -74.0 -67.0 0.380427235395639 3 
0003 0007 1665563899127372 -17.0625 -72.0 2.7857091108003242 3 
0003 0005 1665563899128327 43.125 -64.0 1.2578642460662257 3 
0003 0000 1665563899130360 65.0625 -71.5 1.1596894756415448 3 
0003 0008 1665563899132679 104.125 -70.0 3.6815538909255388 3 
0003 0006 1665563899133600 -66.6875 -70.5 0.5890486225480862 3 
0003 0006 1665563899226049 -156.1875 -71.5 0.6872233929727672 3 
0003 0001 1665563899228773 4.0625 -67.0 0.30066023442558565 3 
0003 0007 1665563899229732 212.375 -71.5 2.5770877236478773 3 
0003 0005 1665563899232074 65.0625 -64.0 1.282407938672396 3 
0003 0004 1665563899234766 -21.9375 -64.0 4.743068596142402 3 
0003 0014 1665563899235776 -17.0625 -65.0 0.7424467013366504 3 
0003 0000 1665563899236675 -52.0625 -72.5 1.2762720155208536 3 
0003 0008 1665563899237826 -104.125 -70.0 3.9822141253511245 3 
0003 0002 1665563899239133 -30.0625 -70.0 0.1043106935762236 3 
0003 0006 1665563899333171 -80.5625 -71.0 0.521553467881118 3 
0003 0000 1665563899334168 -52.0625 -71.5 1.3130875544301088 3 
0003 0014 1665563899335816 52.0625 -65.0 0.6320000846088841 3 
0003 0004 1665563899336713 -26.0 -64.0 4.755340442445488 3 
0003 0005 1665563899338389 4.0625 -64.0 1.3069516312785663 3 
0003 0008 1665563899339302 -134.25 -69.5 3.9208548938356986 3 
0003 0001 1665563899340930 65.0625 -67.0 0.2699806186678728 3 
0003 0002 1665563899343528 -82.1875 -71.0 0.09203884727313846 3 
0003 0007 1665563899345345 199.375 -70.0 2.6691265709210157 3 
0003 0001 1665563899439231 82.1875 -67.0 0.2454369260617026 3 
0003 0007 1665563899440487 -130.1875 -70.5 2.9759227284981438 3 
0003 0004 1665563899441412 -56.125 -64.5 4.792155981354743 3 
0003 0000 1665563899442561 -4.0625 -71.5 1.184233168247715 3 
0003 0005 1665563899444693 8.9375 -64.0 1.3437671701878218 3 
0003 0014 1665563899446101 -17.0625 -65.0 0.7117670855789375 3 
0003 0008 1665563899448395 147.25 -70.0 3.6324665057131984 3 
0003 0006 1665563899449289 26.0 -70.5 0.5645049299419159 3 
0003 0002 1665563899450908 -104.125 -70.0 0.23930100291016002 3 
0003 0014 1665563899546094 21.9375 -65.5 0.6749515466696822 3 
0003 0006 1665563899547904 246.5625 -71.0 0.2945243112740431 3 
0003 0007 1665563899548773 87.0625 -72.0 2.6200391857086753 3 
0003 0004 1665563899550501 121.25 -64.5 4.546719055293041 3 
0003 0000 1665563899551654 -134.25 -72.5 1.2762720155208536 3 
0003 0005 1665563899553033 34.9375 -64.0 1.2885438618239387 3 
0003 0002 1665563899556641 30.0625 -69.5 0.03681553890925539 3 
0003 0001 1665563899560762 61.0 -66.0 0.2945243112740431 3 
0003 0008 1665563899561790 -104.125 -71.0 3.8533597391687304 3 
0003 0001 1665563899655096 121.25 -67.5 0.2270291566070749 3 
0003 0005 1665563899656007 43.125 -64.0 1.2885438618239387 3 
0003 0006 1665563899657868 78.0625 -70.5 0.5276893910326605 3 
0003 0008 1665563899661237 -247.375 -72.0 3.933126740138784 3 
0003 0004 1665563899662640 -8.9375 -63.5 4.71238898038469 3 
0003 0014 1665563899663779 17.0625 -65.5 0.662679700366597 3 
0003 0007 1665563899665328 43.125 -71.5 2.816388726558037 3 
0003 0002 1665563899666251 34.9375 -71.5 0.018407769454627694 3 
0003 0000 1665563899667979 0.0 -71.5 1.1106020904292042 3 
0003 0000 1665563899762015 61.0 -72.5 1.086058397823034 3 
0003 0004 1665563899762952 4.0625 -63.5 4.6448938257177215 3 
0003 0007 1665563899764095 121.25 -71.5 2.748893571891069 3 
0003 0002 1665563899767579 -65.0625 -70.5 0.09203884727313846 3 
0003 0014 1665563899768604 34.9375 -66.0 0.6565437772150544 3 
0003 0005 1665563899769781 -82.1875 -63.5 1.4173982480063325 3 
0003 0001 1665563899771085 147.25 -67.5 0.1349903093339364 3 
0003 0008 1665563899773331 243.3125 -70.5 3.479068426924634 3 
0003 0006 1665563899774197 203.4375 -71.5 0.48473792897186263 3 
0003 0014 1665563899867246 -108.1875 -64.5 0.8835729338221293 3 
0003 0007 1665563899868415 -121.25 -71.5 2.8961557275280905 3 
0003 0002 1665563899870387 -34.9375 -70.5 0.1227184630308513 3 
0003 0001 1665563899872645 48.0 -67.5 0.30679615757712825 3 
0003 0005 1665563899873572 52.0625 -64.0 1.2026409377023426 3 
0003 0004 1665563899874484 78.0625 -64.0 4.577398671050753 3 
0003 0006 1665563899875847 118.75 -71.5 0.4540583132141498 3 
0003 0000 1665563899882153 -17.0625 -71.5 1.2885438618239387 3 
0003 0008 1665563899899706 17.0625 -73.0 0.5338253141842031 3 
0003 0001 1665563899981484 52.0625 -67.5 0.23930100291016002 3 
0003 0004 1665563899983474 -30.0625 -63.5 4.71238898038469 3 
0003 0007 1665563899984446 -39.0 -71.0 2.9145634969827183 3 
0003 0014 1665563899985899 -8.9375 -64.5 0.7363107781851077 3 
0003 0002 1665563899986797 -169.25 -69.0 0.12885438618239387 3 
0003 0005 1665563899988654 39.0 -64.5 1.214912784005428 3 
0003 0000 1665563899990852 -26.0 -73.5 1.0615147052168636 3 
0003 0006 1665563899994138 -109.0 -71.5 0.4908738521234052 3 
0003 0008 1665563900016085 -2.4375 -73.0 0.5645049299419159 3 
0003 0005 1665563900094911 8.9375 -63.5 1.227184630308513 3 
0003 0014 1665563900098077 87.0625 -65.0 0.5522330836388308 3 
0003 0004 1665563900098972 4.0625 -63.5 4.663301595172349 3 
0003 0001 1665563900103151 108.1875 -67.5 0.1043106935762236 3 
0003 0002 1665563900104582 -56.125 -70.5 0.0674951546669682 3 
0003 0007 1665563900110194 56.125 -70.0 2.5893595699509624 3 
0003 0006 1665563900111089 104.125 -71.0 0.5031456984264903 3 
0003 0000 1665563900112249 4.0625 -72.5 0.9572040116406401 3 
0003 0008 1665563900139725 -13.875 -73.0 0.5583690067903734 3 
0003 0002 1665563900209175 43.125 -70.5 6.129787228391022 3 
0003 0001 1665563900213088 -91.125 -67.5 0.18407769454627693 3 
0003 0004 1665563900214681 121.25 -64.0 4.601942363656923 3 
0003 0014 1665563900216511 -34.9375 -65.0 0.8160777791551611 3 
0003 0005 1665563900217395 13.0 -63.5 1.2210487071569704 3 
0003 0000 1665563900218664 178.1875 -72.5 0.9694758579437253 3 
0003 0006 1665563900220416 -14.625 -70.0 0.619728238305799 3 
0003 0007 1665563900221939 61.0 -71.5 2.804116880254952 3 
0003 0008 1665563900237236 19.5 -73.0 0.5706408530934585 3 
0003 0014 1665563900319040 -13.0 -65.5 0.760854470791278 3 
0003 0002 1665563900320519 -160.3125 -70.5 0.07363107781851078 3 
0003 0004 1665563900322267 -34.9375 -64.0 4.657165672020807 3 
0003 0005 1665563900324307 48.0 -63.5 1.1965050145508 3 
0003 0006 1665563900325259 161.125 -71.5 0.37429131224409645 3 
0003 0007 1665563900326158 -186.3125 -72.0 3.000466421104314 3 
0003 0001 1665563900328979 74.0 -67.0 6.277049384028044 3 
0003 0000 1665563900332585 -195.25 -73.5 1.3192234775816514 3 
0003 0008 1665563900354354 15.375 -73.5 0.5276893910326605 3 
0003 0001 1665563900430157 -95.1875 -67.0 0.25770877236478773 3 
0003 0007 1665563900431067 0.0 -71.5 2.8532042654672924 3 
0003 0014 1665563900432822 74.0 -65.0 0.6258641614573416 3 
0003 0000 1665563900433918 143.1875 -74.0 0.8160777791551611 3 
0003 0005 1665563900434857 -43.125 -63.5 1.2885438618239387 3 
0003 0004 1665563900436493 74.0 -63.5 4.577398671050753 3 
0003 0002 1665563900437390 -95.1875 -70.5 0.04908738521234052 3 
0003 0006 1665563900439278 23.5625 -71.0 0.4970097752749477 3 
0003 0008 1665563900459457 -6.5 -73.0 0.5829126993965437 3 
0003 0004 1665563900540193 43.125 -64.0 4.614214209960009 3 
0003 0001 1665563900542895 78.0625 -67.5 0.01227184630308513 3 
0003 0007 1665563900545382 195.25 -72.0 2.356194490192345 3 
0003 0000 1665563900546923 -87.0625 -72.0 1.0615147052168636 3 
0003 0008 1665563900548469 -78.0625 -72.5 3.77972866135022 3 
0003 0002 1665563900550556 82.1875 -70.5 6.160466844148735 3 
0003 0006 1665563900551706 -99.25 -72.0 0.5829126993965437 3 
0003 0005 1665563900553001 -26.0 -64.0 1.2333205534600555 3 
0003 0014 1665563900554026 -26.0 -65.0 0.7976700097005334 3 
0003 0004 1665563900648882 -39.0 -64.5 4.706253057233147 3 
0003 0014 1665563900650006 -34.9375 -65.5 0.7792622402459057 3 
0003 0002 1665563900651365 -4.0625 -71.5 6.191146459906448 3 
0003 0000 1665563900652492 52.0625 -73.5 0.9694758579437253 3 
0003 0005 1665563900653361 -13.0 -63.5 1.2210487071569704 3 
0003 0006 1665563900654754 146.4375 -72.0 0.3620194659410113 3 
0003 0008 1665563900655905 39.0 -72.0 3.767456815047135 3 
0003 0001 1665563900657027 -82.1875 -67.5 0.35588354278946877 3 
0003 0007 1665563900658070 -130.1875 -70.5 2.773437264497239 3 
0003 0004 1665563900750976 -165.1875 -64.0 4.890330751779424 3 
0003 0005 1665563900751916 100.0625 -63.5 1.1228739367322893 3 
0003 0008 1665563900754641 69.125 -72.0 3.6570101983193686 3 
0003 0014 1665563900755568 -48.0 -65.5 0.8099418560036186 3 
0003 0007 1665563900757218 173.3125 -72.0 2.325514874434632 3 
0003 0000 1665563900758384 -26.0 -72.5 0.9940195505498954 3 
0003 0001 1665563900759279 34.9375 -66.5 0.20248546400090464 3 
0003 0002 1665563900760418 52.0625 -71.0 6.2034183062095325 3 
0003 0006 1665563900761823 -90.3125 -70.0 0.6688156235181395 3 
0003 0005 1665563900856166 61.0 -64.0 1.227184630308513 3 
0003 0006 1665563900857885 -189.5625 -71.5 0.6872233929727672 3 
0003 0000 1665563900858796 178.1875 -73.0 0.8222137023067037 3 
0003 0004 1665563900859723 52.0625 -63.5 4.632621979414636 3 
0003 0001 1665563900862121 -26.0 -67.5 0.30066023442558565 3 
0003 0002 1665563900863003 -82.1875 -71.0 0.12885438618239387 3 
0003 0007 1665563900864174 -256.3125 -71.0 2.9820586516496865 3 
0003 0008 1665563900865142 113.0625 -71.5 3.77972866135022 3 
0003 0014 1665563900866350 -30.0625 -65.5 0.760854470791278 3 
0003 0015 1665563900945608 -1.25 -73.0 4.957825906446392 3 
0003 0004 1665563900978172 13.0 -60.0 5.66959299202533 3 
0003 0006 1665563900979097 -250.625 -71.0 1.0799224746714913 3 
0003 0008 1665563900980049 -82.1875 -69.0 4.571262747899211 3 
0003 0007 1665563900983060 8.9375 -72.0 2.429825568010856 3 
0003 0005 1665563900985577 39.0 -65.5 1.2640001692177683 3 
0003 0001 1665563900989498 17.0625 -67.5 0.9817477042468103 3 
0003 0002 1665563900990636 -13.0 -71.0 0.46019423636569234 3 
0003 0000 1665563901015887 -2.4375 -76.0 2.1966604882522383 3 
0003 0014 1665563901018004 13.875 -74.0 0.2699806186678728 3 
0003 0015 1665563901025311 9.75 -72.5 5.227806525114265 3 
0003 0007 1665563901098023 8.9375 -67.5 2.804116880254952 3 
0003 0015 1665563901099788 -134.25 -69.5 2.650718801466388 3 
0003 0001 1665563901100741 230.25 -71.0 2.270291566070749 3 
0003 0004 1665563901101622 -34.9375 -56.5 0.7547185476397354 3 
0003 0014 1665563901103255 -87.0625 -69.5 1.239456476611598 3 
0003 0005 1665563901105130 -43.125 -69.5 2.9575149590435164 3 
0003 0002 1665563901107716 87.0625 -75.5 2.337786720737717 3 
0003 0000 1665563901109517 -117.125 -74.5 4.295146206079795 3 
0003 0010 1665563901158674 -1.1875 -76.0 0.1595340019401067 3 
0003 0008 1665563901196772 2.1875 -71.5 5.915029918087033 3 
0003 0006 1665563901217892 1.5 -74.5 2.7550294950426117 3 
0003 0008 1665563901226214 -91.125 -69.5 3.1354567304382504 3 
0003 0001 1665563901227605 56.125 -68.0 4.270602513473625 3 
0003 0010 1665563901229597 126.125 -71.0 0.1902136176978195 3 
0003 0015 1665563901231007 95.1875 -65.0 2.2457478734645786 3 
0003 0005 1665563901231876 -56.125 -61.5 5.810719224510809 3 
0003 0007 1665563901233057 34.9375 -70.5 2.705942109830271 3 
0003 0014 1665563901235217 -34.9375 -67.5 2.0800779483729293 3 
0003 0004 1665563901236381 -13.0 -57.0 3.6692820446224537 3 
0003 0002 1665563901241666 -269.3125 -69.5 4.798291904506286 3 
0003 0000 1665563901319741 -4.1875 -75.0 4.896466674930966 3 
0003 0000 1665563901343562 100.0625 -71.5 1.8039614065535141 3 
0003 0004 1665563901344715 34.9375 -55.0 4.638757902566179 3 
0003 0014 1665563901345626 48.0 -65.0 2.2580197197676637 3 
0003 0005 1665563901347767 -17.0625 -60.0 0.7731263170943632 3 
0003 0011 1665563901348950 34.9375 -67.0 1.9941750242513334 3 
0003 0015 1665563901350958 30.0625 -68.0 2.0064468705544187 3 
0003 0001 1665563901351883 -243.3125 -71.0 5.706408530934585 3 
0003 0013 1665563901376658 14.625 -76.0 4.724660826687775 3 
0003 0002 1665563901396085 9.0 -77.5 0.8344855486097889 3 
0003 0003 1665563901403383 8.5 -76.5 1.521708941582556 3 
0003 0009 1665563901409962 -0.4375 -79.0 5.1725832167503825 3 
0003 0007 1665563901419286 1.625 -70.0 0.47860200582032003 3 
0003 0010 1665563901429453 -1.625 -67.0 0.1349903093339364 3 
0003 0001 1665563901484446 78.0625 -72.0 5.497787143782138 3 
0003 0013 1665563901488614 -104.125 -73.0 4.252194744018997 3 
0003 0006 1665563901490001 -4.875 -66.5 4.086524818927348 3 
0003 0014 1665563901490898 30.0625 -62.0 2.9759227284981438 3 
0003 0007 1665563901492589 -69.125 -64.5 0.7117670855789375 3 
0003 0011 1665563901493742 -4.0625 -67.5 2.442097414313941 3 
0003 0004 1665563901494582 -8.9375 -59.5 1.2087768608538851 3 
0003 0010 1665563901496614 -4.0625 -61.0 0.7301748550335652 3 
0003 0005 1665563901499794 69.125 -63.0 2.386874105950058 3 
0003 0002 1665563901503749 -43.125 -73.5 1.3130875544301088 3 
0003 0014 1665563901597773 -30.0625 -58.5 3.117048960983623 3 
0003 0001 1665563901598656 -195.25 -70.5 5.154175447295755 3 
0003 0006 1665563901599507 61.8125 -65.0 3.761320891895592 3 
0003 0013 1665563901600422 173.3125 -71.0 3.3624858870453256 3 
0003 0007 1665563901601348 -26.0 -65.0 0.5645049299419159 3 
0003 0010 1665563901602959 -34.9375 -57.5 1.7548740213411735 3 
0003 0008 1665563901603872 108.1875 -69.0 1.607611865704152 3 
0003 0005 1665563901605007 -21.9375 -62.0 3.522019888985432 3 
0003 0004 1665563901605962 -26.0 -53.5 1.4971652489763858 3 
0003 0011 1665563901607457 156.1875 -69.0 4.289010282928253 3 
0003 0002 1665563901629095 5.625 -77.5 1.3192234775816514 3 
0003 0004 1665563901706768 0.0 -53.0 1.030835089459151 3 
0003 0007 1665563901708949 126.125 -70.5 6.234097921967246 3 
0003 0006 1665563901710354 -61.8125 -67.0 4.571262747899211 3 
0003 0010 1665563901711252 -61.0 -56.5 2.4911847995262812 3 
0003 0001 1665563901712900 -61.0 -69.0 4.374913207049849 3 
0003 0005 1665563901713826 -26.0 -62.0 3.429981041712294 3 
0003 0014 1665563901715473 -13.0 -57.0 2.7120780329818137 3 
0003 0008 1665563901716412 82.1875 -68.5 1.2455923997631406 3 
0003 0013 1665563901720254 0.0 -69.5 3.2827188860752723 3 
0003 0011 1665563901743009 2.4375 -71.0 5.638913376267617 3 
0003 0002 1665563901809103 2.5625 -80.5 0.7792622402459057 3 
0003 0014 1665563901856680 -13.0 -57.5 2.386874105950058 3 
0003 0008 1665563901857634 -34.9375 -67.5 1.1903690913992575 3 
0003 0004 1665563901859012 -13.0 -53.5 0.8835729338221293 3 
0003 0013 1665563901861767 -56.125 -66.5 2.6568547246179306 3 
0003 0012 1665563901862861 0.0 -66.0 5.4671075280244255 3 
0003 0001 1665563901864018 -199.375 -72.0 3.0066023442558567 3 
0003 0006 1665563901864925 47.1875 -68.5 5.111223985234957 3 
0003 0007 1665563901865880 8.9375 -67.5 5.221670601962723 3 
0003 0005 1665563901866723 -34.9375 -63.0 2.8838838812250054 3 
0003 0010 1665563901867846 17.0625 -56.5 3.4054373491061236 3 
0003 0009 1665563901873816 -30.0625 -72.5 4.6878452877785195 3 
0003 0002 1665563901914244 6.375 -78.5 0.521553467881118 3 
0003 0000 1665563901926274 -1.625 -76.0 6.17273869045182 3 
0003 0011 1665563901930058 1.9375 -72.5 2.1905245651006955 3 
0003 0015 1665563901942931 5.625 -76.0 4.792155981354743 3 
0003 0001 1665563901993544 173.3125 -72.5 1.9573594853420782 3 
0003 0000 1665563901995177 121.25 -73.5 2.6568547246179306 3 
0003 0006 1665563901996088 -151.3125 -68.0 5.5714182216006485 3 
0003 0007 1665563901999704 61.0 -66.5 5.019185137961818 3 
0003 0008 1665563902000700 26.0 -64.5 0.8897088569736719 3 
0003 0012 1665563902001868 34.9375 -61.0 4.239922897715912 3 
0003 0004 1665563902002764 -17.0625 -52.0 0.5276893910326605 3 
0003 0005 1665563902003859 -4.0625 -62.0 2.1353012567368124 3 
0003 0013 1665563902004762 65.0625 -67.5 1.88986433067511 3 
0003 0011 1665563902005675 -191.1875 -71.0 5.00077736850719 3 
0003 0010 1665563902006940 -13.0 -56.5 3.3011266555298997 3 
0003 0014 1665563902007848 4.0625 -58.0 2.3316507975861747 3 
0003 0015 1665563902008735 165.1875 -73.0 1.8837284075235674 3 
0003 0009 1665563902009996 -4.0625 -72.5 4.651029748869264 3 
0003 0002 1665563902032740 -24.0 -76.0 0.1349903093339364 3 
0003 0008 1665563902117726 -4.0625 -63.5 0.4479223900626072 3 
0003 0011 1665563902119197 -130.1875 -68.5 4.792155981354743 3 
0003 0004 1665563902120404 4.0625 -53.0 0.07976700097005335 3 
0003 0014 1665563902121570 -17.0625 -58.0 2.5464081078901644 3 
0003 0015 1665563902122468 -4.0625 -68.5 2.5341362615870793 3 
0003 0010 1665563902123409 30.0625 -56.5 2.9575149590435164 3 
0003 0013 1665563902124311 -134.25 -69.5 2.399145952253143 3 
0003 0006 1665563902126210 -9.75 -68.0 5.227806525114265 3 
0003 0005 1665563902128542 39.0 -61.5 1.5155730184310134 3 
0003 0001 1665563902129438 -91.125 -71.5 1.705786636128833 3 
0003 0007 1665563902136921 -69.125 -66.5 4.92714629068868 3 
0003 0000 1665563902137975 160.3125 -74.0 2.1966604882522383 3 
0003 0002 1665563902141443 -39.0 -74.5 5.835262917116979 3 
0003 0009 1665563902222776 -9.0625 -79.5 5.141903600992669 3 
0003 0014 1665563902250796 -21.9375 -59.0 2.5157284921324514 3 
0003 0015 1665563902251978 8.9375 -67.5 2.9022916506796332 3 
0003 0004 1665563902252905 -34.9375 -52.0 5.6941366846315 3 
0003 0005 1665563902254239 4.0625 -59.5 1.0615147052168636 3 
0003 0008 1665563902256072 56.125 -66.5 5.859806609723149 3 
0003 0013 1665563902258177 -87.0625 -70.0 2.3009711818284617 3 
0003 0011 1665563902259091 48.0 -67.0 4.528311285838413 3 
0003 0010 1665563902260256 21.9375 -55.5 2.9513790358919736 3 
0003 0007 1665563902263425 87.0625 -65.5 4.945554060143307 3 
0003 0001 1665563902264534 -286.4375 -71.5 1.509437095279471 3 
0003 0006 1665563902267066 38.1875 -68.0 5.21553467881118 3 
0003 0002 1665563902293829 -2.4375 -77.0 4.865787059173254 3 
0003 0009 1665563902295983 12.9375 -78.5 5.117359908386499 3 
0003 0014 1665563902370113 26.0 -57.0 1.9634954084936207 3 
0003 0011 1665563902372430 -17.0625 -65.5 4.528311285838413 3 
0003 0015 1665563902373543 139.125 -69.5 3.497476196379262 3 
0003 0010 1665563902374424 34.9375 -56.0 3.2643111166206444 3 
0003 0004 1665563902375818 -52.0625 -52.0 5.700272607783043 3 
0003 0008 1665563902377155 -95.1875 -66.0 5.822991070813893 3 
0003 0005 1665563902378363 -48.0 -60.0 0.8467573949128739 3 
0003 0006 1665563902380088 -21.9375 -68.5 5.283029833478148 3 
0003 0007 1665563902380987 -13.0 -66.0 5.387340527054372 3 
0003 0013 1665563902411775 5.625 -72.0 0.36815538909255385 3 
0003 0009 1665563902417794 -47.125 -76.5 2.705942109830271 3 
0003 0010 1665563902491813 8.9375 -57.0 3.5036121195308043 3 
0003 0011 1665563902492926 43.125 -65.0 4.528311285838413 3 
0003 0005 1665563902494437 -26.0 -59.5 0.5706408530934585 3 
0003 0014 1665563902495585 4.0625 -58.5 1.6260196351587797 3 
0003 0004 1665563902497032 -17.0625 -52.5 5.755495916146925 3 
0003 0006 1665563902498891 42.3125 -65.5 5.822991070813893 3 
0003 0007 1665563902500302 -104.125 -66.0 5.859806609723149 3 
0003 0008 1665563902501199 -78.0625 -66.0 6.056156150572511 3 
0003 0009 1665563902526262 -7.3125 -76.5 2.8777479580734626 3 
0003 0013 1665563902596124 3.125 -73.0 4.074252972624263 3 
0003 0006 1665563902610185 -4.875 -66.0 5.798447378207723 3 
0003 0004 1665563902611710 -48.0 -53.0 5.884350302329319 3 
0003 0014 1665563902613721 21.9375 -58.5 1.576932249946439 3 
0003 0007 1665563902614578 -91.125 -66.5 5.50392306693368 3 
0003 0005 1665563902615729 -43.125 -59.0 0.2454369260617026 3 
0003 0010 1665563902616818 0.0 -58.0 3.509748042682347 3 
0003 0008 1665563902619772 -65.0625 -66.0 5.64504929941916 3 
0003 0011 1665563902622407 0.0 -67.0 4.424000592262189 3 
0003 0013 1665563902670946 7.3125 -71.5 0.8222137023067037 3 
0003 0009 1665563902677443 28.5 -76.0 6.050020227420969 3 
0003 0012 1665563902709371 -1.1875 -73.0 0.11044661672776616 3 
0003 0001 1665563902714990 7.125 -75.0 6.043884304269426 3 
0003 0005 1665563902764904 -48.0 -59.5 0.42337869745643697 3 
0003 0010 1665563902767257 8.9375 -59.0 3.129320807286708 3 
0003 0004 1665563902769278 -56.125 -53.0 5.8475347634200645 3 
0003 0006 1665563902770187 -28.4375 -67.5 4.963961829597935 3 
0003 0014 1665563902771152 4.0625 -57.5 1.5155730184310134 3 
0003 0011 1665563902772571 -74.0 -67.0 3.724505352986337 3 
0003 0007 1665563902773483 17.0625 -67.0 4.516039439535327 3 
0003 0008 1665563902775455 -95.1875 -65.0 5.749359992995383 3 
0003 0009 1665563902778121 260.375 -74.0 3.0802334220743677 3 
0003 0012 1665563902780417 -48.0 -67.5 6.056156150572511 3 
0003 0013 1665563902805356 -9.75 -72.0 0.6933593161243098 3 
0003 0001 1665563902808225 -4.875 -73.5 0.030679615757712823 3 
0003 0011 1665563902891720 -113.0625 -68.0 3.5895150436524004 3 
0003 0008 1665563902892631 65.0625 -64.5 5.583690067903734 3 
0003 0013 1665563902893546 -95.1875 -69.5 4.865787059173254 3 
0003 0007 1665563902894468 0.0 -67.5 4.71238898038469 3 
0003 0010 1665563902895870 13.0 -58.0 2.9268353432858034 3 
0003 0012 1665563902899264 -8.9375 -63.0 0.0674951546669682 3 
0003 0004 1665563902900659 -13.0 -53.5 5.577554144752192 3 
0003 0014 1665563902903117 56.125 -56.5 1.6321555583103222 3 
0003 0009 1665563902904422 -381.625 -73.0 3.2029518851052186 3 
0003 0005 1665563902905498 -8.9375 -60.5 0.4111068511533518 3 
0003 0006 1665563902906439 -56.9375 -68.5 4.528311285838413 3 
0003 0001 1665563902927636 1.625 -74.0 6.2034183062095325 3 
0003 0014 1665563903005908 -17.0625 -57.0 1.6996507129772904 3 
0003 0004 1665563903007992 -26.0 -53.5 5.436427912266712 3 
0003 0005 1665563903008904 -65.0625 -61.0 0.7424467013366504 3 
0003 0006 1665563903010492 -70.75 -67.5 4.399456899656019 3 
0003 0009 1665563903012648 -178.1875 -68.0 4.289010282928253 3 
0003 0010 1665563903013529 13.0 -59.0 3.104777114680538 3 
0003 0008 1665563903015038 -78.0625 -63.0 6.12365130523948 3 
0003 0012 1665563903016588 26.0 -61.5 6.17273869045182 3 
0003 0013 1665563903017562 30.0625 -68.5 4.595806440505381 3 
0003 0007 1665563903019151 -21.9375 -67.5 5.356660911296659 3 
0003 0011 1665563903020053 -87.0625 -69.0 3.9822141253511245 3 
0003 0001 1665563903067083 9.75 -74.5 5.810719224510809 3 
0003 0004 1665563903121183 -17.0625 -54.0 5.424156065963627 3 
0003 0007 1665563903123487 52.0625 -67.5 5.749359992995383 3 
0003 0008 1665563903125248 30.0625 -62.5 0.23930100291016002 3 
0003 0006 1665563903128488 -104.125 -66.5 3.9085830475326135 3 
0003 0014 1665563903129768 -43.125 -57.5 1.6935147898257479 3 
0003 0010 1665563903130649 13.0 -59.5 3.0250101137104846 3 
0003 0009 1665563903131548 195.25 -68.0 4.4362724385652745 3 
0003 0012 1665563903132461 26.0 -62.5 6.154330920997192 3 
0003 0005 1665563903133316 56.125 -60.0 1.214912784005428 3 
0003 0013 1665563903134698 56.125 -65.5 4.313553975534423 3 
0003 0001 1665563903156274 -26.8125 -73.5 5.681864838328415 3 
0003 0014 1665563903234545 4.0625 -58.0 1.521708941582556 3 
0003 0006 1665563903235697 -69.125 -65.5 3.6017868899554855 3 
0003 0012 1665563903236640 -74.0 -64.0 6.22182607566416 3 
0003 0005 1665563903237522 21.9375 -59.5 1.6260196351587797 3 
0003 0013 1665563903239925 -30.0625 -64.0 4.086524818927348 3 
0003 0008 1665563903241800 26.0 -64.0 0.5338253141842031 3 
0003 0009 1665563903243195 204.25 -68.5 4.509903516383785 3 
0003 0004 1665563903244091 -13.0 -54.5 5.45483568172134 3 
0003 0001 1665563903244946 -134.25 -73.5 5.767767762450011 3 
0003 0007 1665563903247299 0.0 -67.5 0.12885438618239387 3 
0003 0010 1665563903250154 -39.0 -61.0 3.3318062712876126 3 
0003 0001 1665563903270644 -2.4375 -73.0 5.706408530934585 3 
0003 0007 1665563903351643 69.125 -67.0 0.2086213871524472 3 
0003 0010 1665563903353720 8.9375 -61.5 3.356349963893783 3 
0003 0009 1665563903354901 108.1875 -73.0 4.479223900626073 3 
0003 0006 1665563903356245 14.625 -66.0 3.5036121195308043 3 
0003 0004 1665563903357383 -21.9375 -54.0 5.5714182216006485 3 
0003 0014 1665563903358733 30.0625 -58.5 1.4296700943094176 3 
0003 0005 1665563903360558 61.0 -59.5 1.564660403643354 3 
0003 0008 1665563903362559 30.0625 -63.5 0.7669903939428205 3 
0003 0013 1665563903363939 -30.0625 -64.0 4.000621894805752 3 
0003 0012 1665563903365280 -43.125 -64.0 6.074563920027139 3 
0003 0006 1665563903459388 -56.9375 -68.0 4.061981126321178 3 
0003 0012 1665563903462315 -34.9375 -64.0 0.04295146206079795 3 
0003 0014 1665563903463823 34.9375 -58.0 1.4603497100671303 3 
0003 0004 1665563903464751 -30.0625 -53.5 5.688000761479957 3 
0003 0005 1665563903465663 34.9375 -59.5 1.3314953238847365 3 
0003 0001 1665563903466575 152.125 -71.0 5.71868037723767 3 
0003 0010 1665563903467500 61.0 -60.5 3.6876898140770815 3 
0003 0008 1665563903468664 -21.9375 -64.5 0.8467573949128739 3 
0003 0009 1665563903469963 -338.5 -72.0 4.95168998329485 3 
0003 0013 1665563903470833 -17.0625 -64.0 4.270602513473625 3 
0003 0007 1665563903472086 -13.0 -67.0 0.1043106935762236 3 
0003 0004 1665563903564916 -30.0625 -53.5 5.743224069843841 3 
0003 0010 1665563903566435 0.0 -59.0 4.540583132141498 3 
0003 0007 1665563903568047 -26.0 -67.0 0.2454369260617026 3 
0003 0001 1665563903569213 -94.375 -71.5 5.921165841238575 3 
0003 0009 1665563903570846 -191.1875 -72.5 4.816699673960914 3 
0003 0013 1665563903571759 -48.0 -64.0 4.301282129231338 3 
0003 0005 1665563903572629 65.0625 -59.0 0.8528933180644165 3 
0003 0014 1665563903574035 52.0625 -58.0 1.4358060174609601 3 
0003 0008 1665563903575029 -17.0625 -66.5 0.859029241215959 3 
0003 0006 1665563903575956 -121.25 -68.5 4.632621979414636 3 
0003 0012 1665563903577393 61.0 -65.0 0.3129320807286708 3 
0003 0000 1665563903645281 6.8125 -78.0 3.77972866135022 3 
0003 0006 1665563903681301 14.625 -69.5 5.240078371417351 3 
0003 0010 1665563903682818 13.0 -59.0 4.135612204139688 3 
0003 0013 1665563903683959 -8.9375 -64.5 4.172427743048944 3 
0003 0004 1665563903684844 -34.9375 -53.5 5.945709533844745 3 
0003 0007 1665563903686234 -34.9375 -65.5 0.09817477042468103 3 
0003 0005 1665563903688177 8.9375 -59.0 1.000155473701438 3 
0003 0008 1665563903689957 100.0625 -66.5 0.48473792897186263 3 
0003 0012 1665563903691138 -34.9375 -65.5 0.5951845456996288 3 
0003 0014 1665563903693036 34.9375 -58.5 1.4971652489763858 3 
0003 0001 1665563903694329 -74.0 -70.0 5.939573610693203 3 
0003 0009 1665563903695240 134.25 -72.5 4.301282129231338 3 
0003 0000 1665563903841721 11.6875 -78.5 3.7551849687440497 3 
0003 0004 1665563903864170 -39.0 -54.5 6.2034183062095325 3 
0003 0007 1665563903865803 -13.0 -66.5 5.8659425328746915 3 
0003 0001 1665563903866700 -95.1875 -68.5 6.043884304269426 3 
0003 0006 1665563903867892 23.5625 -66.5 4.970097752749477 3 
0003 0014 1665563903869992 -34.9375 -58.5 1.521708941582556 3 
0003 0005 1665563903871416 30.0625 -59.0 0.8958447801252144 3 
0003 0013 1665563903873250 -4.0625 -65.5 4.0128937411088375 3 
0003 0009 1665563903876255 39.0 -69.5 4.921010367537137 3 
0003 0010 1665563903878260 61.0 -63.5 3.043417883165112 3 
0003 0012 1665563903879783 -21.9375 -65.5 0.6933593161243098 3 
0003 0008 1665563903880695 -95.1875 -68.0 0.380427235395639 3 
0003 0003 1665563903962563 0.4375 -76.5 1.1719613219446299 3 
0003 0005 1665563903983619 -30.0625 -58.5 0.8835729338221293 3 
0003 0009 1665563903984574 -139.125 -69.5 4.963961829597935 3 
0003 0007 1665563903985469 4.0625 -66.5 5.559146375297564 3 
0003 0006 1665563903987941 61.8125 -66.5 4.4362724385652745 3 
0003 0013 1665563903988899 -130.1875 -64.5 4.031301510563465 3 
0003 0001 1665563903990062 -13.0 -68.5 5.835262917116979 3 
0003 0014 1665563903992697 4.0625 -58.5 1.4787574795217582 3 
0003 0004 1665563903993594 -17.0625 -53.5 6.1420590746941075 3 
0003 0008 1665563903994506 26.0 -65.5 0.3190680038802134 3 
0003 0010 1665563903997162 -95.1875 -64.0 2.693670263527186 3 
0003 0012 1665563903998528 -13.0 -64.5 0.5460971604872883 3 
