0003 0005 1665564944066451 -17.0625 -59.5 2.650718801466388 4 
0003 0007 1665564944067363 -17.0625 -65.0 1.043106935762236 4 
0003 0015 1665564944068717 -43.125 -70.0 2.9145634969827183 4 
0003 0008 1665564944070095 -17.0625 -57.5 1.7303303287350031 4 
0003 0010 1665564944070992 -26.0 -58.0 5.203262832508095 4 
0003 0004 1665564944072383 -30.0625 -52.0 5.5714182216006485 4 
0003 0014 1665564944073267 -152.125 -63.5 2.6323110320117604 4 
0003 0009 1665564944076217 61.0 -68.5 5.706408530934585 4 
0003 0012 1665564944077132 34.9375 -68.5 1.337631247036279 4 
0003 0011 1665564944078044 -87.0625 -67.0 2.270291566070749 4 
0003 0002 1665564944079069 -78.0625 -72.5 2.5832236467994196 4 
0003 0008 1665564944175614 26.0 -58.0 1.6689710972195777 4 
0003 0013 1665564944177211 -78.0625 -66.0 5.424156065963627 4 
0003 0005 1665564944178656 26.0 -59.5 2.5832236467994196 4 
0003 0004 1665564944182012 -13.0 -52.0 5.540738605842936 4 
0003 0007 1665564944182884 -100.0625 -65.0 1.1780972450961724 4 
0003 0010 1665564944184048 -8.9375 -58.0 5.21553467881118 4 
0003 0009 1665564944185453 74.0 -68.5 5.6941366846315 4 
0003 0011 1665564944186989 -121.25 -68.0 2.325514874434632 4 
0003 0002 1665564944189863 -182.25 -72.0 2.675262494072558 4 
0003 0014 1665564944190886 -17.0625 -63.0 2.380738182798515 4 
0003 0015 1665564944192311 61.0 -69.5 2.8838838812250054 4 
0003 0012 1665564944193550 13.0 -67.5 1.3130875544301088 4 
0003 0009 1665564944291157 82.1875 -68.5 5.651185222570702 4 
0003 0014 1665564944293144 17.0625 -64.0 2.386874105950058 4 
0003 0005 1665564944294008 0.0 -59.5 2.662990647769473 4 
0003 0012 1665564944294970 87.0625 -67.5 1.1658253987930873 4 
0003 0010 1665564944295924 -26.0 -58.0 5.1725832167503825 4 
0003 0013 1665564944297124 61.0 -66.0 5.252350217720435 4 
0003 0004 1665564944298305 -34.9375 -52.0 5.602097837358362 4 
0003 0008 1665564944299186 13.0 -58.0 1.6935147898257479 4 
0003 0007 1665564944300283 48.0 -65.0 1.1167380135807468 4 
0003 0011 1665564944301167 130.1875 -68.0 2.055534255766759 4 
0003 0015 1665564944303217 -104.125 -69.0 3.067961575771282 4 
0003 0002 1665564944305205 -156.1875 -72.5 2.761165418194154 4 
0003 0009 1665564944402599 -17.0625 -69.5 5.8045833013592665 4 
0003 0010 1665564944403512 26.0 -58.5 5.160311370447297 4 
0003 0005 1665564944404932 21.9375 -59.5 2.718213956133356 4 
0003 0004 1665564944406552 -26.0 -52.0 5.6143696836614465 4 
0003 0008 1665564944407508 -39.0 -57.5 1.7855536370988863 4 
0003 0011 1665564944411108 -121.25 -67.5 2.3623304133438876 4 
0003 0012 1665564944412058 0.0 -69.0 1.325359400733194 4 
0003 0007 1665564944413926 169.25 -66.0 0.9633399347921826 4 
0003 0014 1665564944418440 48.0 -64.0 2.337786720737717 4 
0003 0013 1665564944420219 134.25 -65.5 5.1725832167503825 4 
0003 0015 1665564944421133 126.125 -70.0 2.7550294950426117 4 
0003 0002 1665564944422781 208.3125 -72.0 2.2948352586769194 4 
0003 0014 1665564944520690 -52.0625 -63.0 2.442097414313941 4 
0003 0013 1665564944522669 -74.0 -65.5 5.559146375297564 4 
0003 0010 1665564944524498 -34.9375 -58.0 5.270757987175063 4 
0003 0011 1665564944525637 -26.0 -68.0 2.356194490192345 4 
0003 0004 1665564944526535 -30.0625 -52.0 5.620505606812989 4 
0003 0012 1665564944527405 78.0625 -67.5 1.3560390164909069 4 
0003 0005 1665564944528332 -48.0 -59.0 2.9329712664373457 4 
0003 0002 1665564944529228 -173.3125 -73.0 2.724349879284899 4 
0003 0007 1665564944530253 -61.0 -66.0 1.2762720155208536 4 
0003 0008 1665564944531404 48.0 -57.5 1.761009944492716 4 
0003 0015 1665564944532302 117.125 -70.0 2.8716120349219203 4 
0003 0009 1665564944533384 -147.25 -69.0 5.884350302329319 4 
0003 0009 1665564944630326 152.125 -70.5 5.602097837358362 4 
0003 0008 1665564944631405 52.0625 -58.0 1.7732817907958012 4 
0003 0013 1665564944632787 95.1875 -66.5 5.197126909356553 4 
0003 0007 1665564944635612 -30.0625 -66.0 1.2701360923693108 4 
0003 0015 1665564944637423 169.25 -70.0 2.748893571891069 4 
0003 0011 1665564944639293 -186.3125 -68.5 2.435961491162398 4 
0003 0012 1665564944640674 221.3125 -68.0 1.1596894756415448 4 
0003 0010 1665564944641810 -65.0625 -58.0 5.368932757599744 4 
0003 0014 1665564944642720 65.0625 -64.0 2.337786720737717 4 
0003 0005 1665564944643659 43.125 -59.0 2.82252464970958 4 
0003 0002 1665564944645079 100.0625 -73.0 2.3193789512830896 4 
0003 0004 1665564944646269 0.0 -52.0 5.6143696836614465 4 
0003 0002 1665564944746162 273.375 -72.5 2.442097414313941 4 
0003 0004 1665564944747795 -30.0625 -52.0 5.675728915176872 4 
0003 0008 1665564944750278 34.9375 -58.0 1.8100973297050567 4 
0003 0005 1665564944751246 -48.0 -59.0 2.9206994201342606 4 
0003 0011 1665564944752130 -173.3125 -67.5 2.411417798556228 4 
0003 0015 1665564944753313 30.0625 -68.5 2.945243112740431 4 
0003 0009 1665564944754466 -100.0625 -69.5 5.872078456026235 4 
0003 0007 1665564944755390 4.0625 -65.5 1.3008157081270237 4 
0003 0010 1665564944756305 -113.0625 -58.5 5.393476450205914 4 
0003 0014 1665564944757256 -34.9375 -64.0 2.4605051837685683 4 
0003 0012 1665564944758426 52.0625 -67.0 1.3621749396424494 4 
0003 0013 1665564944761030 74.0 -66.0 5.129631754689584 4 
0003 0012 1665564944858664 -30.0625 -67.0 1.380582709097077 4 
0003 0015 1665564944859565 95.1875 -70.0 2.742757648739526 4 
0003 0008 1665564944861380 -8.9375 -58.5 1.8714565612204823 4 
0003 0005 1665564944862731 -4.0625 -59.5 2.9820586516496865 4 
0003 0004 1665564944865268 -21.9375 -52.0 5.706408530934585 4 
0003 0011 1665564944866183 -52.0625 -66.5 2.3071071049800045 4 
0003 0013 1665564944867096 -8.9375 -65.5 5.240078371417351 4 
0003 0010 1665564944868262 -8.9375 -57.5 5.190990986205009 4 
0003 0009 1665564944869148 108.1875 -70.5 5.6573211457222445 4 
0003 0007 1665564944870102 -13.0 -66.0 1.282407938672396 4 
0003 0014 1665564944871253 17.0625 -64.0 2.386874105950058 4 
0003 0002 1665564944872182 -238.4375 -71.0 3.067961575771282 4 
0003 0012 1665564944972726 74.0 -66.5 1.043106935762236 4 
0003 0014 1665564944974387 100.0625 -64.0 2.2396119503130363 4 
0003 0013 1665564944975531 -143.1875 -65.0 5.080544369477243 4 
0003 0004 1665564944977266 -21.9375 -51.5 5.724816300389213 4 
0003 0008 1665564944978416 -8.9375 -58.5 1.8714565612204823 4 
0003 0011 1665564944979360 126.125 -64.5 1.9819031779482483 4 
0003 0009 1665564944980979 -91.125 -69.5 5.64504929941916 4 
0003 0010 1665564944982083 0.0 -57.0 4.884194828627882 4 
0003 0005 1665564944983693 78.0625 -60.0 3.0127382674073995 4 
0003 0007 1665564944985825 -182.25 -66.0 1.3069516312785663 4 
0003 0015 1665564944989148 8.9375 -70.0 2.8102528034064944 4 
0003 0002 1665564945026440 9.75 -77.0 0.1718058482431918 4 
0003 0008 1665564945106255 -21.9375 -58.0 1.7548740213411735 4 
0003 0010 1665564945107196 -26.0 -55.5 3.9944859716542096 4 
0003 0005 1665564945108376 -34.9375 -61.0 3.215223731408304 4 
0003 0004 1665564945109286 17.0625 -52.0 5.583690067903734 4 
0003 0014 1665564945110750 56.125 -64.0 2.3009711818284617 4 
0003 0013 1665564945112656 -8.9375 -65.5 4.448544284868359 4 
0003 0011 1665564945113698 -82.1875 -63.0 1.4664856332186729 4 
0003 0007 1665564945114582 26.0 -69.0 0.25770877236478773 4 
0003 0015 1665564945115518 0.0 -68.5 2.859340188618835 4 
0003 0012 1665564945116395 100.0625 -64.0 0.4111068511533518 4 
0003 0009 1665564945119277 -169.25 -72.0 5.00077736850719 4 
0003 0002 1665564945153071 11.4375 -76.5 4.853515212870168 4 
0003 0011 1665564945230513 -17.0625 -61.5 0.07363107781851078 4 
0003 0007 1665564945232263 43.125 -66.0 4.528311285838413 4 
0003 0004 1665564945234279 17.0625 -53.5 5.325981295538946 4 
0003 0013 1665564945235678 -52.0625 -65.5 3.3011266555298997 4 
0003 0015 1665564945236619 -21.9375 -67.0 2.767301341345697 4 
0003 0008 1665564945237515 13.0 -56.5 1.1780972450961724 4 
0003 0010 1665564945238678 0.0 -53.0 2.5341362615870793 4 
0003 0012 1665564945239710 -43.125 -62.5 6.007068765360171 4 
0003 0005 1665564945240904 -56.125 -64.5 3.3747577333484107 4 
0003 0014 1665564945241809 0.0 -63.5 2.2089323345553233 4 
0003 0002 1665564945243109 273.375 -71.5 5.589825991055276 4 
0003 0009 1665564945288589 7.625 -73.0 6.105243535784852 4 
0003 0000 1665564945327741 -1.5 -73.5 5.086680292628786 4 
0003 0003 1665564945348135 -12.875 -75.5 5.9518454569962875 4 
0003 0004 1665564945354542 56.125 -60.5 4.601942363656923 4 
0003 0009 1665564945356189 -82.1875 -66.5 5.043728830567988 4 
0003 0002 1665564945357581 95.1875 -66.5 0.5829126993965437 4 
0003 0000 1665564945358534 -95.1875 -69.0 2.0064468705544187 4 
0003 0014 1665564945359899 -95.1875 -63.0 2.055534255766759 4 
0003 0012 1665564945361477 43.125 -61.0 5.013049214810275 4 
0003 0003 1665564945362400 13.0 -71.5 5.988660995905543 4 
0003 0011 1665564945363811 -82.1875 -61.5 4.669437518323892 4 
0003 0013 1665564945364712 -78.0625 -67.0 2.552544031041707 4 
0003 0008 1665564945365636 26.0 -61.5 0.01227184630308513 4 
0003 0010 1665564945367013 4.0625 -53.5 0.9510680884890975 4 
0003 0007 1665564945369386 -30.0625 -60.0 1.7426021750380885 4 
0003 0015 1665564945371774 -87.0625 -67.0 2.8409324191642074 4 
0003 0015 1665564945471756 -108.1875 -66.5 2.6445828783148455 4 
0003 0004 1665564945473161 4.0625 -66.5 0.4540583132141498 4 
0003 0014 1665564945476001 -61.0 -63.0 1.6996507129772904 4 
0003 0007 1665564945476910 -4.0625 -60.0 0.030679615757712823 4 
0003 0010 1665564945477834 0.0 -58.0 6.056156150572511 4 
0003 0000 1665564945479515 -56.125 -59.0 1.902136176978195 4 
0003 0012 1665564945481374 -13.0 -62.5 4.221515128261284 4 
0003 0009 1665564945482329 -48.0 -65.5 3.3502140407422405 4 
0003 0003 1665564945485460 -30.0625 -68.0 0.1349903093339364 4 
0003 0013 1665564945486390 121.25 -71.0 1.2578642460662257 4 
0003 0011 1665564945487977 -82.1875 -68.5 2.8961557275280905 4 
0003 0008 1665564945490176 48.0 -65.5 3.018874190558942 4 
0003 0002 1665564945505388 -13.0 -74.5 0.21168934872821848 4 
0003 0006 1665564945570845 -2.4375 -73.5 0.8713010875190442 4 
0003 0012 1665564945599859 13.0 -68.0 3.54042765844006 4 
0003 0010 1665564945602146 -34.9375 -62.0 5.602097837358362 4 
0003 0006 1665564945603776 94.375 -70.0 3.368621810196868 4 
0003 0009 1665564945604943 -143.1875 -66.5 2.1659808724945253 4 
0003 0004 1665564945606108 43.125 -60.0 5.497787143782138 4 
0003 0014 1665564945607527 56.125 -62.0 1.5830681730979816 4 
0003 0008 1665564945608442 -156.1875 -66.5 1.0983302441261191 4 
0003 0007 1665564945609807 -39.0 -60.0 5.50392306693368 4 
0003 0015 1665564945611091 95.1875 -66.0 2.313243028131547 4 
0003 0005 1665564945613106 34.9375 -66.5 1.0492428589137786 4 
0003 0000 1665564945614656 -65.0625 -66.0 0.030679615757712823 4 
0003 0001 1665564945616188 -104.125 -69.5 2.5770877236478773 4 
0003 0002 1665564945621442 269.3125 -75.0 6.092971689481767 4 
0003 0013 1665564945643811 -16.3125 -77.0 5.154175447295755 4 
0003 0002 1665564945722931 -126.125 -70.0 0.8160777791551611 4 
0003 0004 1665564945724082 69.125 -62.5 4.970097752749477 4 
0003 0008 1665564945724996 -52.0625 -61.5 5.240078371417351 4 
0003 0014 1665564945726626 -4.0625 -61.5 1.4726215563702154 4 
0003 0015 1665564945727572 -52.0625 -65.5 2.429825568010856 4 
0003 0006 1665564945729716 -179.8125 -65.5 3.6263305825616556 4 
0003 0009 1665564945731109 -113.0625 -66.5 1.6260196351587797 4 
0003 0000 1665564945732005 -69.125 -64.0 4.23378697456437 4 
0003 0007 1665564945732875 -69.125 -61.5 4.9394181369917645 4 
0003 0010 1665564945735544 -30.0625 -72.0 4.528311285838413 4 
0003 0012 1665564945740262 8.9375 -70.0 3.3072625786814425 4 
0003 0015 1665564945838647 130.1875 -65.5 2.3746022596469727 4 
0003 0007 1665564945840025 -61.0 -61.0 4.816699673960914 4 
0003 0006 1665564945840952 -78.0625 -65.5 3.6876898140770815 4 
0003 0012 1665564945842349 -182.25 -71.5 3.522019888985432 4 
0003 0008 1665564945843780 -39.0 -60.0 4.847379289718626 4 
0003 0003 1665564945844971 13.0 -68.0 2.282563412373834 4 
0003 0004 1665564945846139 -48.0 -62.5 5.080544369477243 4 
0003 0002 1665564945848270 -134.25 -72.0 1.1474176293384597 4 
0003 0014 1665564945850839 -13.0 -61.0 1.4296700943094176 4 
0003 0009 1665564945852845 186.3125 -69.0 1.0983302441261191 4 
0003 0001 1665564945977986 -9.9375 -78.5 2.6691265709210157 4 
0003 0015 1665564945992896 -65.0625 -64.0 2.6813984172241008 4 
0003 0007 1665564945994330 -13.0 -61.0 5.056000676871073 4 
0003 0002 1665564945996394 48.0 -71.0 1.1535535524900022 4 
0003 0012 1665564945998384 -130.1875 -71.5 3.77972866135022 4 
0003 0008 1665564945999305 -8.9375 -59.5 4.97623367590102 4 
0003 0009 1665564946001209 -65.0625 -67.5 1.662835174068035 4 
0003 0014 1665564946002205 -82.1875 -62.0 1.5892040962495242 4 
0003 0003 1665564946003413 21.9375 -67.0 2.9513790358919736 4 
0003 0004 1665564946004253 -39.0 -62.5 5.442563835418255 4 
0003 0006 1665564946005291 -66.6875 -66.0 4.387185053352934 4 
0003 0002 1665564946101408 -100.0625 -69.5 1.6382914814618648 4 
0003 0009 1665564946102335 134.25 -66.0 1.7978254834019713 4 
0003 0012 1665564946104790 178.1875 -70.5 3.393165502803038 4 
0003 0000 1665564946106198 -78.0625 -70.0 4.6448938257177215 4 
0003 0014 1665564946107617 -21.9375 -62.5 1.521708941582556 4 
0003 0007 1665564946108570 4.0625 -61.0 5.141903600992669 4 
0003 0006 1665564946112077 127.75 -65.5 4.473087977474529 4 
0003 0015 1665564946113396 56.125 -65.0 2.4850488763747385 4 
0003 0003 1665564946114574 -56.125 -68.0 3.3502140407422405 4 
0003 0008 1665564946118069 -48.0 -60.0 5.332117218690489 4 
0003 0004 1665564946118908 -100.0625 -62.5 5.632777453116074 4 
0003 0010 1665564946162721 -11.875 -74.0 4.97623367590102 4 
0003 0005 1665564946215850 -4.375 -75.0 5.043728830567988 4 
0003 0003 1665564946230226 -17.0625 -67.5 3.522019888985432 4 
0003 0008 1665564946231422 -82.1875 -60.5 5.47937937432751 4 
0003 0002 1665564946233095 61.0 -71.0 1.6751070203711202 4 
0003 0014 1665564946234034 -74.0 -62.5 1.6260196351587797 4 
0003 0007 1665564946234973 -13.0 -60.5 5.307573526084319 4 
0003 0009 1665564946237818 43.125 -66.5 2.024854640009046 4 
0003 0012 1665564946239556 126.125 -70.5 3.5956509668039427 4 
0003 0015 1665564946242042 -147.25 -64.5 2.718213956133356 4 
0003 0000 1665564946243209 -173.3125 -69.0 4.914874444385594 4 
0003 0004 1665564946244645 -52.0625 -62.0 5.6573211457222445 4 
0003 0006 1665564946245765 28.4375 -65.5 4.6448938257177215 4 
0003 0009 1665564946366707 -4.0625 -67.5 1.8837284075235674 4 
0003 0004 1665564946367904 -34.9375 -62.0 5.602097837358362 4 
0003 0015 1665564946368802 -17.0625 -64.5 2.5832236467994196 4 
0003 0003 1665564946373196 -48.0 -67.0 3.472932503773092 4 
0003 0014 1665564946374716 -78.0625 -62.5 1.6873788666742053 4 
0003 0007 1665564946376477 -26.0 -60.5 5.332117218690489 4 
0003 0008 1665564946377984 -91.125 -60.0 5.424156065963627 4 
0003 0006 1665564946378938 -113.0625 -65.0 4.724660826687775 4 
0003 0012 1665564946380460 -78.0625 -71.0 3.724505352986337 4 
0003 0002 1665564946381413 -269.3125 -69.5 2.018718716857504 4 
0003 0007 1665564946478110 21.9375 -61.0 5.289165756629691 4 
0003 0008 1665564946479502 -13.0 -60.0 5.252350217720435 4 
0003 0014 1665564946481194 34.9375 -62.0 1.5278448647340985 4 
0003 0003 1665564946483168 -91.125 -66.0 3.5895150436524004 4 
0003 0015 1665564946484322 39.0 -65.5 2.5341362615870793 4 
0003 0004 1665564946485220 -134.25 -62.5 5.663457068873787 4 
0003 0006 1665564946486144 -134.25 -66.5 4.779884135051658 4 
0003 0009 1665564946487026 48.0 -67.5 1.7241944055834606 4 
0003 0002 1665564946488901 -160.3125 -70.0 1.662835174068035 4 
0003 0012 1665564946492184 -139.125 -69.0 3.6447383520162835 4 
0003 0005 1665564946561211 5.0625 -75.0 5.313709449235861 4 
0003 0015 1665564946596825 61.0 -65.0 2.4727770300716534 4 
0003 0002 1665564946598414 -8.9375 -70.5 1.509437095279471 4 
0003 0004 1665564946599312 39.0 -63.0 5.344389064993574 4 
0003 0012 1665564946602479 -403.625 -72.0 3.847223816017188 4 
0003 0008 1665564946603372 -8.9375 -60.0 5.203262832508095 4 
0003 0007 1665564946604798 -65.0625 -60.5 5.3198453723874035 4 
0003 0003 1665564946606132 -30.0625 -66.0 3.436116964863836 4 
0003 0006 1665564946607524 82.1875 -65.5 4.430136515413731 4 
0003 0014 1665564946610233 -43.125 -62.0 1.6382914814618648 4 
0003 0009 1665564946611755 78.0625 -67.0 1.7732817907958012 4 
0003 0005 1665564946653990 0.75 -75.0 5.344389064993574 4 
0003 0012 1665564946715402 -208.3125 -69.5 3.5711072741977725 4 
0003 0009 1665564946716341 -152.125 -67.5 1.8407769454627694 4 
0003 0014 1665564946718383 26.0 -61.5 1.521708941582556 4 
0003 0008 1665564946720117 -69.125 -59.5 5.190990986205009 4 
0003 0003 1665564946721233 0.0 -67.0 3.411573272257666 4 
0003 0015 1665564946722404 74.0 -64.5 2.4605051837685683 4 
0003 0004 1665564946723837 87.0625 -62.0 5.184855063053467 4 
0003 0007 1665564946724807 -26.0 -60.5 5.3198453723874035 4 
0003 0006 1665564946727495 14.625 -66.0 4.3933209765044765 4 
0003 0002 1665564946729540 -234.3125 -71.0 1.521708941582556 4 
0003 0005 1665564946756648 9.75 -74.0 2.0493983326152168 4 
0003 0014 1665564946834099 8.9375 -62.0 1.5278448647340985 4 
0003 0008 1665564946835012 26.0 -59.5 5.111223985234957 4 
0003 0002 1665564946835981 -273.375 -72.0 1.607611865704152 4 
0003 0004 1665564946837343 48.0 -62.0 5.203262832508095 4 
0003 0015 1665564946839228 56.125 -64.5 2.448233337465483 4 
0003 0009 1665564946840126 -34.9375 -67.0 1.6873788666742053 4 
0003 0007 1665564946841236 -74.0 -61.0 5.411884219660542 4 
0003 0012 1665564946842534 -178.1875 -70.5 3.552699504743145 4 
0003 0003 1665564946844793 52.0625 -66.0 3.3502140407422405 4 
0003 0006 1665564946845716 34.9375 -66.0 4.301282129231338 4 
0003 0005 1665564946862232 -5.625 -73.5 5.332117218690489 4 
0003 0012 1665564946947813 -173.3125 -73.0 3.54042765844006 4 
0003 0008 1665564946950101 -69.125 -60.0 5.184855063053467 4 
0003 0005 1665564946950999 30.0625 -72.0 2.116893487282185 4 
0003 0009 1665564946952419 -30.0625 -68.0 1.7732817907958012 4 
0003 0003 1665564946953387 61.0 -67.0 3.2827188860752723 4 
0003 0006 1665564946954978 -52.0625 -66.0 4.411728745959104 4 
0003 0015 1665564946955845 -30.0625 -65.0 2.521864415283994 4 
0003 0004 1665564946956800 113.0625 -62.5 5.074408446325701 4 
0003 0002 1665564946958148 100.0625 -70.0 1.0615147052168636 4 
0003 0007 1665564946960506 -8.9375 -61.0 5.350524988145116 4 
0003 0014 1665564946961418 56.125 -62.0 1.4848934026733007 4 
0003 0008 1665564947058516 17.0625 -60.0 5.086680292628786 4 
0003 0004 1665564947059953 -69.125 -63.0 5.2768939103266055 4 
0003 0002 1665564947060862 -48.0 -71.5 1.3008157081270237 4 
0003 0015 1665564947062001 -100.0625 -64.5 2.5954954931025047 4 
0003 0012 1665564947063398 43.125 -69.5 3.2888548092268146 4 
0003 0006 1665564947064531 4.875 -65.5 4.301282129231338 4 
0003 0005 1665564947065970 52.0625 -71.5 2.2212041808584084 4 
0003 0007 1665564947066894 -26.0 -60.5 5.3198453723874035 4 
0003 0003 1665564947068513 43.125 -66.5 3.32567034813607 4 
0003 0014 1665564947071629 -121.25 -62.0 1.6566992509164924 4 
0003 0009 1665564947073915 -100.0625 -67.5 1.748738098189631 4 
0003 0007 1665564947173483 -8.9375 -61.0 5.411884219660542 4 
0003 0004 1665564947174377 0.0 -62.5 5.209398755659637 4 
0003 0005 1665564947175549 82.1875 -71.5 2.1230294104337273 4 
0003 0012 1665564947176972 113.0625 -71.0 3.1784081924990484 4 
0003 0008 1665564947178393 -13.0 -59.5 5.184855063053467 4 
0003 0002 1665564947179518 -247.375 -70.0 1.6198837120072371 4 
0003 0003 1665564947183075 -21.9375 -67.5 3.4606606574700063 4 
0003 0014 1665564947184002 26.0 -62.5 1.521708941582556 4 
0003 0006 1665564947185407 -33.3125 -65.5 4.362641360746763 4 
0003 0009 1665564947189274 -134.25 -67.5 1.9389517158874505 4 
0003 0015 1665564947190203 -52.0625 -64.5 2.6139032625571326 4 
0003 0007 1665564947289411 52.0625 -60.5 5.3627968344482015 4 
0003 0003 1665564947290830 178.1875 -67.0 3.3195344249845276 4 
0003 0006 1665564947291697 33.3125 -66.0 4.25833066717054 4 
0003 0004 1665564947293587 -87.0625 -62.5 5.313709449235861 4 
0003 0014 1665564947295221 -34.9375 -62.5 1.5892040962495242 4 
0003 0008 1665564947298246 -52.0625 -60.0 5.313709449235861 4 
0003 0005 1665564947299243 78.0625 -72.0 2.1230294104337273 4 
0003 0015 1665564947300677 100.0625 -64.0 2.423689644859313 4 
0003 0009 1665564947302669 -52.0625 -67.0 1.7855536370988863 4 
0003 0002 1665564947304699 -169.25 -70.5 1.6751070203711202 4 
0003 0012 1665564947306193 91.125 -72.5 3.3195344249845276 4 
0003 0012 1665564947405029 134.25 -72.0 3.2765829629237295 4 
0003 0005 1665564947405855 -95.1875 -72.0 2.3623304133438876 4 
0003 0003 1665564947406779 -48.0 -66.5 3.522019888985432 4 
0003 0014 1665564947407702 -30.0625 -62.5 1.5462526341887264 4 
0003 0015 1665564947408911 13.0 -65.5 2.5034566458293663 4 
0003 0006 1665564947410063 137.5 -65.0 4.1417481272912315 4 
0003 0009 1665564947411384 -69.125 -67.5 1.88986433067511 4 
0003 0002 1665564947413753 -130.1875 -70.0 1.4603497100671303 4 
0003 0004 1665564947414764 82.1875 -62.5 5.197126909356553 4 
0003 0007 1665564947415646 -39.0 -61.0 5.497787143782138 4 
0003 0008 1665564947416585 69.125 -60.5 5.098952138931871 4 
0003 0004 1665564947513466 74.0 -63.0 5.178719139901925 4 
0003 0015 1665564947514889 -82.1875 -64.0 2.662990647769473 4 
0003 0003 1665564947516066 17.0625 -67.0 3.5036121195308043 4 
0003 0008 1665564947517972 43.125 -60.0 5.197126909356553 4 
0003 0002 1665564947519026 442.6875 -70.0 0.6933593161243098 4 
0003 0007 1665564947520417 -30.0625 -60.5 5.497787143782138 4 
0003 0009 1665564947521781 -82.1875 -67.0 1.932815792735908 4 
0003 0014 1665564947523204 -48.0 -62.5 1.6382914814618648 4 
0003 0006 1665564947526648 38.1875 -65.0 4.276738436625168 4 
0003 0005 1665564947527590 -82.1875 -71.5 2.4727770300716534 4 
0003 0012 1665564947531385 34.9375 -70.5 3.3011266555298997 4 
0003 0002 1665564947740467 26.0 -71.5 1.1596894756415448 4 
0003 0014 1665564947741347 -4.0625 -62.5 1.5892040962495242 4 
0003 0008 1665564947742258 13.0 -60.0 5.135767677841127 4 
0003 0006 1665564947744659 85.4375 -65.5 4.196971435655114 4 
0003 0009 1665564947745826 74.0 -67.0 1.7119225592803755 4 
0003 0004 1665564947747191 -69.125 -62.5 5.184855063053467 4 
0003 0007 1665564947748143 -8.9375 -60.5 5.325981295538946 4 
0003 0005 1665564947749766 -95.1875 -71.0 2.36846633649543 4 
0003 0015 1665564947750707 -104.125 -65.0 2.6384469551633027 4 
0003 0012 1665564947751604 -13.0 -70.0 3.3747577333484107 4 
0003 0003 1665564947754415 -195.25 -66.0 3.6263305825616556 4 
0003 0003 1665564947854993 13.0 -66.5 3.313398501832985 4 
0003 0007 1665564947856132 -26.0 -60.5 5.325981295538946 4 
0003 0014 1665564947866618 -13.0 -62.0 1.5462526341887264 4 
0003 0008 1665564947868039 39.0 -59.5 5.031456984264903 4 
0003 0009 1665564947869473 173.3125 -67.5 1.5401167110371838 4 
0003 0004 1665564947870822 -43.125 -62.5 5.166447293598839 4 
0003 0015 1665564947871710 -52.0625 -65.0 2.6016314162540475 4 
0003 0002 1665564947872591 82.1875 -71.5 0.9633399347921826 4 
0003 0012 1665564947874373 134.25 -71.0 3.1906800388021335 4 
0003 0006 1665564947875760 14.625 -66.0 4.2031073588066565 4 
0003 0005 1665564947876929 -182.25 -71.0 2.3623304133438876 4 
0003 0000 1665564947907024 9.75 -73.5 0.28838838812250056 4 
0003 0008 1665564947981709 -61.0 -59.5 5.098952138931871 4 
0003 0002 1665564947982604 78.0625 -71.0 0.8897088569736719 4 
0003 0007 1665564947983755 -30.0625 -61.0 5.307573526084319 4 
0003 0015 1665564947986711 -69.125 -64.5 2.5709518004963345 4 
0003 0005 1665564947987835 100.0625 -71.5 2.141437179888355 4 
0003 0009 1665564947989045 169.25 -68.0 1.423534171157875 4 
0003 0012 1665564947991840 95.1875 -71.5 3.160000423044421 4 
0003 0004 1665564947992991 43.125 -62.5 4.957825906446392 4 
0003 0014 1665564947993910 0.0 -62.5 1.564660403643354 4 
0003 0003 1665564947994783 -34.9375 -67.0 3.393165502803038 4 
0003 0006 1665564947995975 -66.6875 -65.5 4.2092432819582 4 
0003 0000 1665564948025240 -9.0 -73.5 3.4177091954092087 4 
0003 0002 1665564948103375 -26.0 -71.5 0.8651651643675016 4 
0003 0007 1665564948105391 -8.9375 -60.5 5.252350217720435 4 
0003 0006 1665564948107792 -52.0625 -65.5 4.184699589352029 4 
0003 0008 1665564948108730 43.125 -59.5 4.970097752749477 4 
0003 0009 1665564948110562 -61.0 -67.5 1.5585244804918115 4 
0003 0012 1665564948111885 61.0 -71.5 3.018874190558942 4 
0003 0003 1665564948112766 143.1875 -67.0 3.147728576741336 4 
0003 0004 1665564948114004 -30.0625 -62.0 5.092816215780329 4 
0003 0014 1665564948114870 13.0 -62.0 1.5278448647340985 4 
0003 0015 1665564948116603 -61.0 -64.5 2.5832236467994196 4 
0003 0005 1665564948117643 61.0 -71.0 2.000310947402876 4 
0003 0000 1665564948165081 -0.875 -74.0 3.466796580621549 4 
0003 0014 1665564948225057 -34.9375 -63.0 1.5462526341887264 4 
0003 0007 1665564948226633 52.0625 -61.0 5.129631754689584 4 
0003 0015 1665564948228026 -30.0625 -65.0 2.4850488763747385 4 
0003 0004 1665564948229447 21.9375 -63.0 5.037592907416445 4 
0003 0008 1665564948230386 -17.0625 -59.5 5.0253210611133605 4 
0003 0005 1665564948231302 -243.3125 -71.5 2.5157284921324514 4 
0003 0006 1665564948235227 4.875 -66.5 4.037437433715008 4 
0003 0012 1665564948236414 104.125 -70.5 3.0495538063166547 4 
0003 0009 1665564948237568 -225.375 -68.5 1.718058482431918 4 
0003 0003 1665564948239252 26.0 -66.0 3.2459033471660166 4 
0003 0002 1665564948244176 61.0 -70.0 0.7915340865489908 4 
0003 0000 1665564948311196 0.875 -74.0 0.30679615757712825 4 
0003 0004 1665564948360341 -69.125 -62.5 5.043728830567988 4 
0003 0007 1665564948361265 -4.0625 -61.0 5.252350217720435 4 
0003 0014 1665564948362432 -8.9375 -62.5 1.5278448647340985 4 
0003 0008 1665564948364022 21.9375 -60.0 5.037592907416445 4 
0003 0006 1665564948366451 -38.1875 -65.5 4.1417481272912315 4 
0003 0002 1665564948367589 126.125 -70.0 0.8344855486097889 4 
0003 0005 1665564948368460 -126.125 -71.0 2.448233337465483 4 
0003 0015 1665564948369341 39.0 -64.0 2.478912953223196 4 
0003 0009 1665564948371485 156.1875 -68.0 1.41126232485479 4 
0003 0003 1665564948372662 48.0 -67.5 3.2459033471660166 4 
0003 0012 1665564948377080 -17.0625 -69.5 3.129320807286708 4 
0003 0000 1665564948394522 14.625 -73.5 0.25770877236478773 4 
0003 0015 1665564948476347 30.0625 -64.5 2.442097414313941 4 
0003 0005 1665564948478224 -217.25 -70.5 2.6200391857086753 4 
0003 0014 1665564948480576 52.0625 -62.5 1.4848934026733007 4 
0003 0008 1665564948481829 -48.0 -59.5 5.092816215780329 4 
0003 0006 1665564948482739 -170.875 -65.0 4.264466590322082 4 
0003 0003 1665564948483633 -126.125 -66.5 3.4177091954092087 4 
0003 0009 1665564948485942 -43.125 -67.5 1.7119225592803755 4 
0003 0007 1665564948486913 -108.1875 -60.5 5.393476450205914 4 
0003 0004 1665564948489327 -48.0 -62.5 5.031456984264903 4 
0003 0002 1665564948490534 74.0 -71.0 0.8283496254582462 4 
0003 0012 1665564948492030 -48.0 -71.5 3.2336315008629315 4 
0003 0000 1665564948508771 2.4375 -73.0 0.1718058482431918 4 
0003 0003 1665564948593448 43.125 -67.0 3.2397674240144743 4 
0003 0005 1665564948595251 52.0625 -69.5 2.1046216409791 4 
0003 0006 1665564948596374 -66.6875 -65.0 4.154019973594316 4 
0003 0015 1665564948597996 -74.0 -64.0 2.6139032625571326 4 
0003 0014 1665564948599177 48.0 -62.5 1.4603497100671303 4 
0003 0009 1665564948603823 34.9375 -67.5 1.521708941582556 4 
0003 0004 1665564948605214 74.0 -62.5 4.908738521234052 4 
0003 0012 1665564948606169 21.9375 -70.5 3.141592653589793 4 
0003 0008 1665564948608583 -43.125 -59.5 5.062136600022616 4 
0003 0007 1665564948609541 -30.0625 -61.0 5.240078371417351 4 
0003 0002 1665564948611515 -65.0625 -71.5 0.9019807032767571 4 
0003 0000 1665564948626152 -0.75 -72.5 0.1349903093339364 4 
0003 0006 1665564948712519 -4.875 -65.5 4.178563666200486 4 
0003 0002 1665564948714207 -61.0 -72.5 0.8406214717613314 4 
0003 0007 1665564948715557 -34.9375 -60.5 5.21553467881118 4 
0003 0004 1665564948716722 -26.0 -62.5 5.062136600022616 4 
0003 0015 1665564948720186 -8.9375 -64.5 2.478912953223196 4 
0003 0008 1665564948721734 34.9375 -59.5 4.9394181369917645 4 
0003 0014 1665564948723256 108.1875 -63.0 1.3744467859455345 4 
0003 0012 1665564948724196 87.0625 -69.5 3.08636934522591 4 
0003 0009 1665564948725091 -21.9375 -69.0 1.5585244804918115 4 
0003 0005 1665564948726361 82.1875 -70.5 2.012582793705961 4 
0003 0003 1665564948727853 61.0 -67.0 3.153864499892878 4 
0003 0000 1665564948752768 0.75 -73.0 0.11658253987930872 4 
0003 0003 1665564948830930 -43.125 -67.0 3.2643111166206444 4 
0003 0005 1665564948831813 -100.0625 -70.0 2.2580197197676637 4 
0003 0015 1665564948834740 -56.125 -65.0 2.5402721847386216 4 
0003 0014 1665564948835622 -13.0 -62.5 1.5155730184310134 4 
0003 0008 1665564948836774 -91.125 -59.0 5.062136600022616 4 
0003 0007 1665564948839408 -52.0625 -61.0 5.21553467881118 4 
0003 0004 1665564948840586 13.0 -62.5 4.95168998329485 4 
0003 0012 1665564948841517 -52.0625 -70.5 3.2949907323783574 4 
0003 0006 1665564948842952 170.875 -65.0 3.877903431774901 4 
0003 0009 1665564948844456 17.0625 -68.0 1.4848934026733007 4 
0003 0002 1665564948845963 -91.125 -72.0 0.8467573949128739 4 
0003 0000 1665564948870536 -4.875 -73.5 6.209554229361076 4 
0003 0009 1665564948947548 -26.0 -67.5 1.5155730184310134 4 
0003 0004 1665564948948628 13.0 -63.0 4.884194828627882 4 
0003 0005 1665564948949514 -100.0625 -70.5 2.1230294104337273 4 
0003 0007 1665564948950865 -26.0 -61.0 5.154175447295755 4 
0003 0014 1665564948952542 -65.0625 -62.0 1.5953400194010667 4 
0003 0008 1665564948953693 -30.0625 -59.0 4.945554060143307 4 
0003 0006 1665564948957411 14.625 -65.0 4.1601558967458585 4 
0003 0012 1665564948958368 -21.9375 -71.0 2.890019804376548 4 
0003 0003 1665564948961105 21.9375 -66.5 3.08636934522591 4 
0003 0015 1665564948962402 204.25 -65.0 2.2150682577068657 4 
0003 0002 1665564948963538 121.25 -72.5 0.6504078540635119 4 
0003 0000 1665564949010188 4.6875 -74.0 6.0991076126333095 4 
