0003 0009 1665564994205497 -30.0625 -68.5 6.050020227420969 4 
0003 0008 1665564994206421 -30.0625 -59.5 1.8775924843720249 4 
0003 0011 1665564994207787 69.125 -62.5 0.2454369260617026 4 
0003 0007 1665564994210485 21.9375 -68.0 1.1658253987930873 4 
0003 0005 1665564994211806 21.9375 -58.0 2.6384469551633027 4 
0003 0013 1665564994213233 26.0 -66.5 0.0859029241215959 4 
0003 0010 1665564994214145 -87.0625 -64.0 3.3870295796514958 4 
0003 0012 1665564994215089 126.125 -64.5 0.9878836273983529 4 
0003 0015 1665564994215972 69.125 -68.5 2.890019804376548 4 
0003 0004 1665564994216897 -21.9375 -53.0 5.559146375297564 4 
0003 0014 1665564994218049 17.0625 -64.0 2.411417798556228 4 
0003 0002 1665564994230888 10.9375 -72.0 5.887418263905091 4 
0003 0011 1665564994320138 8.9375 -63.0 0.30679615757712825 4 
0003 0007 1665564994322626 91.125 -67.5 1.0676506283684062 4 
0003 0014 1665564994323565 -52.0625 -63.5 2.5280003384355365 4 
0003 0005 1665564994325184 26.0 -58.5 2.6323110320117604 4 
0003 0012 1665564994326874 13.0 -64.5 1.086058397823034 4 
0003 0009 1665564994327798 -17.0625 -68.5 5.927301764390117 4 
0003 0004 1665564994328738 -39.0 -52.5 5.5714182216006485 4 
0003 0015 1665564994329837 -121.25 -69.0 3.055689729468197 4 
0003 0008 1665564994332226 26.0 -60.0 1.8100973297050567 4 
0003 0013 1665564994333184 91.125 -66.5 6.215690152512618 4 
0003 0010 1665564994334096 -39.0 -64.5 3.3318062712876126 4 
0003 0002 1665564994340347 178.1875 -72.5 2.5586799541932495 4 
0003 0002 1665564994438904 -494.75 -71.5 3.0925052683774528 4 
0003 0008 1665564994439812 -39.0 -60.0 1.9082721001297376 4 
0003 0012 1665564994440697 113.0625 -65.0 0.9387962421860124 4 
0003 0014 1665564994441814 0.0 -63.0 2.497320722677824 4 
0003 0013 1665564994443259 -100.0625 -67.0 0.15339807878856412 4 
0003 0004 1665564994444878 13.0 -52.5 5.5284667595398505 4 
0003 0009 1665564994446568 -134.25 -68.5 6.050020227420969 4 
0003 0011 1665564994448104 65.0625 -63.0 0.23316507975861744 4 
0003 0007 1665564994449017 104.125 -69.0 1.1228739367322893 4 
0003 0005 1665564994449955 -8.9375 -58.0 2.6691265709210157 4 
0003 0010 1665564994452244 -104.125 -64.5 3.423845118560751 4 
0003 0015 1665564994454206 -34.9375 -69.5 2.791845033951867 4 
0003 0008 1665564994551930 -82.1875 -60.5 1.9757672547967058 4 
0003 0015 1665564994553881 -30.0625 -69.0 2.9943304979527716 4 
0003 0014 1665564994554792 56.125 -63.5 2.405281875404685 4 
0003 0004 1665564994555942 -4.0625 -52.5 5.516194913236766 4 
0003 0010 1665564994556852 0.0 -64.5 3.3440781175906977 4 
0003 0009 1665564994557797 195.25 -70.5 5.626641529964532 4 
0003 0013 1665564994558740 74.0 -67.0 6.227961998815704 4 
0003 0005 1665564994560089 26.0 -58.5 2.6384469551633027 4 
0003 0011 1665564994560989 82.1875 -63.0 0.1902136176978195 4 
0003 0007 1665564994562821 -104.125 -69.0 1.2885438618239387 4 
0003 0012 1665564994565420 139.125 -64.5 0.8713010875190442 4 
0003 0002 1665564994568198 286.4375 -71.0 2.399145952253143 4 
0003 0010 1665564994664718 -82.1875 -63.5 3.4606606574700063 4 
0003 0009 1665564994665883 -48.0 -68.0 5.878214379177777 4 
0003 0008 1665564994667261 30.0625 -60.0 1.8223691760081417 4 
0003 0013 1665564994670919 39.0 -67.0 6.2463697682703305 4 
0003 0005 1665564994672896 -52.0625 -58.0 2.7120780329818137 4 
0003 0007 1665564994673760 0.0 -68.5 1.055378782065321 4 
0003 0011 1665564994674962 -13.0 -62.5 0.3129320807286708 4 
0003 0004 1665564994675901 -21.9375 -52.5 5.565282298449106 4 
0003 0014 1665564994676767 4.0625 -63.5 2.380738182798515 4 
0003 0015 1665564994678010 -104.125 -69.0 3.000466421104314 4 
0003 0012 1665564994679164 48.0 -65.0 1.012427320004523 4 
0003 0002 1665564994680089 -91.125 -71.0 3.0372819600135696 4 
0003 0008 1665564994778223 -43.125 -60.0 1.9512235621905356 4 
0003 0004 1665564994779843 -30.0625 -52.5 5.5714182216006485 4 
0003 0011 1665564994781353 17.0625 -62.0 0.3436116964863836 4 
0003 0007 1665564994782763 26.0 -67.5 1.2087768608538851 4 
0003 0002 1665564994783928 -282.375 -71.0 3.129320807286708 4 
0003 0005 1665564994785590 -13.0 -58.0 2.6875343403756435 4 
0003 0010 1665564994786789 -65.0625 -64.0 3.5158839658338894 4 
0003 0013 1665564994787915 82.1875 -66.5 0.006135923151542565 4 
0003 0014 1665564994788866 -8.9375 -63.5 2.435961491162398 4 
0003 0012 1665564994790662 8.9375 -65.0 1.0983302441261191 4 
0003 0009 1665564994791945 48.0 -69.0 5.982525072754001 4 
0003 0015 1665564994793371 -52.0625 -69.0 2.9084275738311756 4 
0003 0004 1665564994890688 -26.0 -52.5 5.583690067903734 4 
0003 0008 1665564994891849 0.0 -60.0 1.9144080232812801 4 
0003 0005 1665564994893262 56.125 -58.0 2.6200391857086753 4 
0003 0013 1665564994895354 21.9375 -67.0 0.04908738521234052 4 
0003 0015 1665564994897363 -82.1875 -69.0 3.0250101137104846 4 
0003 0011 1665564994898319 4.0625 -63.0 0.3620194659410113 4 
0003 0012 1665564994899249 160.3125 -65.0 0.9265243958829272 4 
0003 0014 1665564994900116 -34.9375 -63.5 2.497320722677824 4 
0003 0007 1665564994901779 -26.0 -67.5 1.1965050145508 4 
0003 0010 1665564994903416 -4.0625 -63.5 3.497476196379262 4 
0003 0009 1665564994904301 178.1875 -69.0 5.780039608753096 4 
0003 0002 1665564994909067 -126.125 -71.0 2.8777479580734626 4 
0003 0014 1665564995006384 -26.0 -64.0 2.5034566458293663 4 
0003 0011 1665564995007547 -17.0625 -62.5 0.4663301595172349 4 
0003 0013 1665564995008688 17.0625 -66.5 0.018407769454627694 4 
0003 0010 1665564995011090 13.0 -63.5 3.522019888985432 4 
0003 0012 1665564995012189 48.0 -64.5 1.000155473701438 4 
0003 0008 1665564995013282 -21.9375 -60.0 1.932815792735908 4 
0003 0007 1665564995014196 61.0 -68.0 1.0246991663076084 4 
0003 0005 1665564995015598 0.0 -58.5 2.6998061866787286 4 
0003 0004 1665564995016766 -39.0 -52.5 5.632777453116074 4 
0003 0009 1665564995018445 -117.125 -69.0 6.12365130523948 4 
0003 0015 1665564995021176 312.4375 -70.0 2.478912953223196 4 
0003 0002 1665564995025527 117.125 -72.0 2.8286605728611223 4 
0003 0014 1665564995123341 -8.9375 -63.5 2.478912953223196 4 
0003 0004 1665564995124977 -39.0 -52.5 5.6573211457222445 4 
0003 0010 1665564995126800 -126.125 -63.0 3.767456815047135 4 
0003 0005 1665564995127963 17.0625 -58.5 2.6998061866787286 4 
0003 0012 1665564995128835 -69.125 -65.5 1.1780972450961724 4 
0003 0011 1665564995129749 34.9375 -62.5 0.4295146206079795 4 
0003 0015 1665564995130605 -134.25 -68.5 3.08636934522591 4 
0003 0013 1665564995131773 -17.0625 -66.5 0.11658253987930872 4 
0003 0009 1665564995132658 -121.25 -68.5 6.050020227420969 4 
0003 0008 1665564995134747 8.9375 -60.0 1.9512235621905356 4 
0003 0002 1665564995135775 -273.375 -70.5 3.2090878082567613 4 
0003 0007 1665564995138021 52.0625 -69.0 1.030835089459151 4 
0003 0013 1665564995236004 121.25 -66.5 6.215690152512618 4 
0003 0011 1665564995237926 4.0625 -62.5 0.5460971604872883 4 
0003 0007 1665564995239992 152.125 -68.0 1.030835089459151 4 
0003 0005 1665564995241142 -13.0 -58.5 2.779573187648782 4 
0003 0004 1665564995242097 -17.0625 -52.0 5.66959299202533 4 
0003 0010 1665564995243265 -169.25 -63.0 3.9147189706841563 4 
0003 0009 1665564995244430 -56.125 -68.5 6.050020227420969 4 
0003 0014 1665564995246133 21.9375 -64.0 2.442097414313941 4 
0003 0008 1665564995247330 -52.0625 -60.0 2.0493983326152168 4 
0003 0015 1665564995249464 178.1875 -69.0 2.6016314162540475 4 
0003 0012 1665564995250375 -13.0 -64.5 1.0921943209745766 4 
0003 0002 1665564995252918 169.25 -72.5 2.9575149590435164 4 
0003 0002 1665564995349716 100.0625 -71.5 3.11091303783208 4 
0003 0008 1665564995350880 -17.0625 -60.5 2.055534255766759 4 
0003 0011 1665564995351824 48.0 -62.0 0.6565437772150544 4 
0003 0007 1665564995352751 95.1875 -68.0 1.1167380135807468 4 
0003 0010 1665564995354626 -91.125 -62.5 4.025165587411922 4 
0003 0005 1665564995355976 13.0 -58.5 2.84706834231575 4 
0003 0004 1665564995357824 -39.0 -52.0 5.780039608753096 4 
0003 0013 1665564995359262 -17.0625 -67.0 0.030679615757712823 4 
0003 0009 1665564995361366 126.125 -68.0 5.8475347634200645 4 
0003 0012 1665564995362744 -13.0 -65.0 1.1965050145508 4 
0003 0014 1665564995363596 4.0625 -64.0 2.405281875404685 4 
0003 0015 1665564995366912 82.1875 -68.5 2.7857091108003242 4 
0003 0001 1665564995448842 0.0 -74.0 5.283029833478148 4 
0003 0004 1665564995474619 -21.9375 -52.5 5.835262917116979 4 
0003 0009 1665564995475758 134.25 -70.0 5.424156065963627 4 
0003 0011 1665564995476712 -34.9375 -61.0 0.760854470791278 4 
0003 0008 1665564995477677 8.9375 -60.5 1.846912868614312 4 
0003 0015 1665564995481171 -48.0 -68.0 2.9145634969827183 4 
0003 0013 1665564995482114 74.0 -68.0 5.921165841238575 4 
0003 0005 1665564995483790 17.0625 -60.0 2.9820586516496865 4 
0003 0014 1665564995485189 30.0625 -64.0 2.399145952253143 4 
0003 0010 1665564995486950 -56.125 -61.5 3.865631585471816 4 
0003 0012 1665564995489594 56.125 -64.5 0.8099418560036186 4 
0003 0007 1665564995492723 139.125 -71.0 0.9387962421860124 4 
0003 0002 1665564995499242 -282.375 -71.5 4.295146206079795 4 
0003 0011 1665564995606729 -4.0625 -61.0 0.06135923151542565 4 
0003 0002 1665564995609004 -178.1875 -70.5 5.491651220630596 4 
0003 0004 1665564995609928 -39.0 -52.5 5.755495916146925 4 
0003 0013 1665564995611398 -78.0625 -66.0 5.411884219660542 4 
0003 0005 1665564995612818 34.9375 -61.5 3.055689729468197 4 
0003 0014 1665564995613755 -4.0625 -64.0 2.405281875404685 4 
0003 0008 1665564995614665 -4.0625 -60.0 1.564660403643354 4 
0003 0010 1665564995615637 69.125 -60.5 2.497320722677824 4 
0003 0012 1665564995616565 -48.0 -63.5 0.380427235395639 4 
0003 0007 1665564995619689 -290.5 -71.5 5.896622148632405 4 
0003 0015 1665564995620630 -126.125 -68.0 2.988194574801229 4 
0003 0009 1665564995677243 -13.0625 -78.5 4.8351074434155406 4 
0003 0004 1665564995732098 -48.0 -55.5 5.387340527054372 4 
0003 0005 1665564995733024 -26.0 -65.0 3.184544115650591 4 
0003 0008 1665564995734430 4.0625 -61.5 0.8774370106705868 4 
0003 0012 1665564995735375 26.0 -63.0 6.025476534814799 4 
0003 0007 1665564995738742 43.125 -65.5 3.08636934522591 4 
0003 0013 1665564995739685 -26.0 -62.5 4.239922897715912 4 
0003 0010 1665564995741334 56.125 -60.5 0.6933593161243098 4 
0003 0011 1665564995742189 21.9375 -63.0 4.890330751779424 4 
0003 0015 1665564995744841 -74.0 -66.0 2.8961557275280905 4 
0003 0009 1665564995746983 -104.125 -70.5 5.792311455056181 4 
0003 0014 1665564995747947 4.0625 -63.5 2.2027964114037806 4 
0003 0002 1665564995749313 52.0625 -64.0 0.47860200582032003 4 
0003 0000 1665564995801221 0.875 -75.5 1.7978254834019713 4 
0003 0007 1665564995851444 -30.0625 -58.0 1.0676506283684062 4 
0003 0003 1665564995852336 -9.75 -70.0 6.14819499784565 4 
0003 0015 1665564995853971 -8.9375 -66.0 2.5034566458293663 4 
0003 0011 1665564995855339 -26.0 -67.0 2.497320722677824 4 
0003 0014 1665564995856520 -56.125 -63.0 2.0493983326152168 4 
0003 0010 1665564995857658 -26.0 -62.0 6.111379458936394 4 
0003 0009 1665564995858778 8.9375 -64.5 4.25833066717054 4 
0003 0004 1665564995861379 21.9375 -71.0 3.1968159619536762 4 
0003 0013 1665564995862280 13.0 -62.0 2.9820586516496865 4 
0003 0000 1665564995863207 -191.1875 -66.5 2.061670178918302 4 
0003 0002 1665564995865791 -61.0 -64.0 1.3928545554001621 4 
0003 0008 1665564995868663 -69.125 -68.0 5.411884219660542 4 
0003 0012 1665564995869802 -34.9375 -63.0 5.178719139901925 4 
0003 0006 1665564995915949 -3.1875 -74.0 1.368310862793992 4 
0003 0005 1665564995966153 3.5625 -76.0 0.30679615757712825 4 
0003 0000 1665564995980833 -4.0625 -58.5 1.5033011721279284 4 
0003 0004 1665564995981758 4.0625 -61.5 5.706408530934585 4 
0003 0008 1665564995983166 -26.0 -66.0 2.380738182798515 4 
0003 0014 1665564995985838 52.0625 -62.5 1.705786636128833 4 
0003 0015 1665564995987034 -69.125 -67.5 2.4911847995262812 4 
0003 0009 1665564995987900 -8.9375 -67.0 2.399145952253143 4 
0003 0007 1665564995990342 -17.0625 -58.5 5.473243451175968 4 
0003 0012 1665564995991979 -143.1875 -67.0 4.638757902566179 4 
0003 0005 1665564995994621 195.25 -73.5 0.5399612373357456 4 
0003 0010 1665564995995801 -108.1875 -66.5 4.724660826687775 4 
0003 0013 1665564996007970 -43.125 -70.5 5.706408530934585 4 
0003 0006 1665564996009164 -331.1875 -68.0 4.411728745959104 4 
0003 0003 1665564996018930 199.375 -74.5 0.11658253987930872 4 
0003 0002 1665564996115520 126.125 -69.0 0.39269908169872414 4 
0003 0001 1665564996116416 234.3125 -71.5 1.8223691760081417 4 
0003 0012 1665564996117555 -178.1875 -68.0 4.025165587411922 4 
0003 0004 1665564996118945 4.0625 -60.0 5.141903600992669 4 
0003 0014 1665564996121020 26.0 -62.5 1.6321555583103222 4 
0003 0008 1665564996122426 30.0625 -66.5 6.031612457966341 4 
0003 0009 1665564996123324 126.125 -69.5 1.1167380135807468 4 
0003 0000 1665564996125200 -78.0625 -66.5 5.4671075280244255 4 
0003 0006 1665564996126094 38.1875 -65.5 3.522019888985432 4 
0003 0007 1665564996128180 13.0 -61.5 4.608078286808466 4 
0003 0015 1665564996129904 61.0 -66.5 2.2580197197676637 4 
0003 0005 1665564996133556 169.25 -71.5 1.0615147052168636 4 
0003 0003 1665564996223514 -0.1875 -75.5 5.460971604872882 4 
0003 0010 1665564996229546 -6.375 -72.5 5.473243451175968 4 
0003 0008 1665564996244302 -4.0625 -63.0 4.921010367537137 4 
0003 0015 1665564996245245 -82.1875 -63.5 2.5341362615870793 4 
0003 0012 1665564996248495 43.125 -69.0 3.6324665057131984 4 
0003 0006 1665564996249432 -9.75 -65.0 3.429981041712294 4 
0003 0007 1665564996250842 -13.0 -62.0 3.9822141253511245 4 
0003 0014 1665564996251968 117.125 -60.5 1.3130875544301088 4 
0003 0004 1665564996253032 -21.9375 -63.5 4.859651136021712 4 
0003 0010 1665564996255590 -234.3125 -70.0 5.583690067903734 4 
0003 0009 1665564996257067 104.125 -71.0 0.34974761963792617 4 
0003 0002 1665564996258202 -325.5 -72.5 0.4540583132141498 4 
0003 0003 1665564996259208 17.0625 -71.0 2.043262409463674 4 
0003 0001 1665564996279286 10.5 -76.5 5.2339424482658075 4 
0003 0005 1665564996331120 7.75 -76.5 1.9573594853420782 4 
0003 0012 1665564996379732 39.0 -67.5 3.761320891895592 4 
0003 0008 1665564996380688 -113.0625 -64.5 4.718524903536232 4 
0003 0003 1665564996381567 87.0625 -67.0 2.1353012567368124 4 
0003 0014 1665564996382704 -48.0 -61.0 1.509437095279471 4 
0003 0007 1665564996385655 -34.9375 -61.0 4.080388895775806 4 
0003 0004 1665564996386822 48.0 -64.0 4.841243366567084 4 
0003 0015 1665564996388005 74.0 -64.5 2.4605051837685683 4 
0003 0006 1665564996389652 13.0 -64.0 3.429981041712294 4 
0003 0010 1665564996392264 -117.125 -69.0 5.270757987175063 4 
0003 0002 1665564996397366 -121.25 -71.5 0.23316507975861744 4 
0003 0001 1665564996414842 -22.6875 -77.0 4.773748211900116 4 
0003 0009 1665564996445138 8.0625 -72.5 0.7301748550335652 4 
0003 0005 1665564996462087 12.1875 -76.5 5.227806525114265 4 
0003 0008 1665564996512666 13.0 -62.5 5.246214294568893 4 
0003 0014 1665564996514002 21.9375 -62.0 1.4848934026733007 4 
0003 0009 1665564996515470 468.6875 -69.0 0.9203884727313847 4 
0003 0012 1665564996516666 -43.125 -68.0 4.074252972624263 4 
0003 0015 1665564996517608 48.0 -64.0 2.4605051837685683 4 
0003 0006 1665564996519026 -18.6875 -64.0 3.8288160465625602 4 
0003 0004 1665564996520911 -95.1875 -62.0 5.313709449235861 4 
0003 0007 1665564996522315 26.0 -61.0 4.473087977474529 4 
0003 0002 1665564996532710 152.125 -72.5 1.012427320004523 4 
0003 0000 1665564996561311 -4.0625 -72.5 0.7424467013366504 4 
0003 0005 1665564996565503 7.3125 -75.0 5.418020142812084 4 
0003 0014 1665564996639712 -17.0625 -63.5 1.5953400194010667 4 
0003 0002 1665564996640920 -95.1875 -72.5 1.5155730184310134 4 
0003 0006 1665564996642058 -227.0 -65.0 4.374913207049849 4 
0003 0015 1665564996643450 48.0 -65.0 2.4175537217077703 4 
0003 0009 1665564996644644 -48.0 -65.5 2.043262409463674 4 
0003 0008 1665564996646518 8.9375 -62.5 5.8475347634200645 4 
0003 0012 1665564996650920 -61.0 -68.0 4.301282129231338 4 
0003 0004 1665564996653391 30.0625 -61.5 5.436427912266712 4 
0003 0000 1665564996654886 -56.125 -65.5 4.503767593232243 4 
0003 0007 1665564996656039 -65.0625 -61.0 5.0253210611133605 4 
0003 0005 1665564996675847 18.75 -75.0 5.393476450205914 4 
0003 0002 1665564996758849 -21.9375 -71.5 1.4910293258248433 4 
0003 0000 1665564996759734 -82.1875 -66.0 4.552854978444583 4 
0003 0009 1665564996761497 104.125 -66.5 1.8346410223112268 4 
0003 0004 1665564996762421 -26.0 -61.5 5.522330836388308 4 
0003 0008 1665564996763528 21.9375 -62.5 5.773903685601553 4 
0003 0014 1665564996764455 -48.0 -63.5 1.6382914814618648 4 
0003 0015 1665564996765382 -173.3125 -64.0 2.650718801466388 4 
0003 0007 1665564996766293 -43.125 -61.5 4.865787059173254 4 
0003 0012 1665564996768421 0.0 -68.5 4.23378697456437 4 
0003 0006 1665564996769307 -127.75 -65.0 4.368777283898306 4 
0003 0005 1665564996794106 -2.4375 -75.5 2.5341362615870793 4 
0003 0006 1665564996876439 42.3125 -64.5 4.129476280988146 4 
0003 0007 1665564996877350 -30.0625 -61.0 4.540583132141498 4 
0003 0004 1665564996878456 8.9375 -62.0 5.3627968344482015 4 
0003 0012 1665564996880348 17.0625 -69.0 4.190835512503572 4 
0003 0015 1665564996883341 8.9375 -64.0 2.5341362615870793 4 
0003 0003 1665564996884270 104.125 -70.5 3.018874190558942 4 
0003 0008 1665564996885209 43.125 -63.0 5.313709449235861 4 
0003 0014 1665564996886870 65.0625 -62.5 1.4787574795217582 4 
0003 0002 1665564996887963 143.1875 -72.0 1.3192234775816514 4 
0003 0009 1665564996889100 126.125 -70.0 1.4971652489763858 4 
0003 0001 1665564996941568 -3.0 -77.5 5.706408530934585 4 
0003 0010 1665564997003162 -1.25 -73.0 5.534602682691394 4 
0003 0015 1665564997011865 -17.0625 -64.5 2.564815877344792 4 
0003 0006 1665564997013388 -255.5 -66.0 4.387185053352934 4 
0003 0004 1665564997014338 -17.0625 -62.5 5.246214294568893 4 
0003 0003 1665564997018402 -95.1875 -70.5 2.773437264497239 4 
0003 0014 1665564997019806 17.0625 -62.0 1.4480778637640452 4 
0003 0012 1665564997021132 -152.125 -68.5 4.184699589352029 4 
0003 0008 1665564997022155 -13.0 -62.0 5.1725832167503825 4 
0003 0007 1665564997023589 -61.0 -61.0 4.252194744018997 4 
0003 0002 1665564997026195 -74.0 -71.5 1.2455923997631406 4 
0003 0009 1665564997053621 1.625 -71.0 4.509903516383785 4 
0003 0001 1665564997058540 -5.625 -77.5 5.681864838328415 4 
0003 0014 1665564997160414 95.1875 -62.5 1.337631247036279 4 
0003 0009 1665564997161296 78.0625 -69.0 1.5155730184310134 4 
0003 0004 1665564997162207 -95.1875 -62.0 5.43029198911517 4 
0003 0006 1665564997163357 -28.4375 -64.0 4.178563666200486 4 
0003 0008 1665564997165281 0.0 -62.0 5.387340527054372 4 
0003 0007 1665564997169208 21.9375 -61.5 4.356505437595221 4 
0003 0000 1665564997173267 -91.125 -69.0 3.2029518851052186 4 
0003 0002 1665564997174165 -238.4375 -73.0 1.5953400194010667 4 
0003 0015 1665564997176080 -65.0625 -64.5 2.5341362615870793 4 
0003 0003 1665564997192458 -0.75 -75.0 6.086835766330224 4 
0003 0005 1665564997342960 -3.8125 -76.5 5.418020142812084 4 
0003 0004 1665564997350829 4.0625 -61.5 5.283029833478148 4 
0003 0015 1665564997351828 -4.0625 -64.5 2.4911847995262812 4 
0003 0014 1665564997352781 -8.9375 -63.5 1.552388557340269 4 
0003 0009 1665564997353951 87.0625 -67.5 1.6812429435226628 4 
0003 0007 1665564997354847 -4.0625 -62.0 4.589670517353839 4 
0003 0012 1665564997356271 -82.1875 -68.0 4.264466590322082 4 
0003 0008 1665564997357140 -113.0625 -62.0 5.6573211457222445 4 
0003 0006 1665564997359208 -23.5625 -65.0 4.147884050442774 4 
0003 0000 1665564997360492 -117.125 -68.0 3.3318062712876126 4 
0003 0002 1665564997363779 13.0 -72.5 1.3744467859455345 4 
0003 0003 1665564997408610 -6.5 -76.5 0.0 4 
0003 0005 1665564997432037 -0.1875 -76.0 2.043262409463674 4 
0003 0008 1665564997471682 -78.0625 -61.5 5.418020142812084 4 
0003 0006 1665564997473241 -118.75 -64.5 4.2092432819582 4 
0003 0002 1665564997474376 147.25 -71.5 0.9510680884890975 4 
0003 0004 1665564997475328 -43.125 -61.5 5.3198453723874035 4 
0003 0003 1665564997478068 108.1875 -71.5 3.0127382674073995 4 
0003 0014 1665564997478992 -74.0 -63.0 1.6014759425526093 4 
0003 0009 1665564997479918 -65.0625 -68.0 1.6812429435226628 4 
0003 0015 1665564997480872 -61.0 -64.5 2.5280003384355365 4 
0003 0012 1665564997481773 -91.125 -68.5 4.190835512503572 4 
0003 0007 1665564997482715 -113.0625 -62.0 4.552854978444583 4 
0003 0000 1665564997484479 169.25 -72.0 2.60776733940559 4 
0003 0006 1665564997616323 137.5 -65.0 4.031301510563465 4 
0003 0004 1665564997618660 -43.125 -62.5 5.258486140871978 4 
0003 0014 1665564997620647 -8.9375 -62.5 1.4910293258248433 4 
0003 0008 1665564997621544 8.9375 -62.0 5.190990986205009 4 
0003 0007 1665564997622471 -17.0625 -61.0 4.448544284868359 4 
0003 0015 1665564997624856 -39.0 -64.5 2.5586799541932495 4 
0003 0009 1665564997625921 -8.9375 -69.0 1.6444274046134073 4 
0003 0012 1665564997629136 -69.125 -69.5 4.276738436625168 4 
0003 0002 1665564997630415 -34.9375 -72.0 1.043106935762236 4 
0003 0003 1665564997632626 121.25 -72.0 2.7550294950426117 4 
0003 0000 1665564997757705 2.1875 -73.5 6.117515382087937 4 
0003 0002 1665564997774404 -178.1875 -71.0 1.6260196351587797 4 
0003 0009 1665564997776606 178.1875 -68.5 1.6996507129772904 4 
0003 0014 1665564997777530 69.125 -62.5 1.4664856332186729 4 
0003 0007 1665564997779705 65.0625 -61.5 4.608078286808466 4 
0003 0015 1665564997780662 43.125 -64.0 2.5034566458293663 4 
0003 0008 1665564997783472 -108.1875 -62.0 5.553010452146021 4 
0003 0004 1665564997784608 -43.125 -62.0 5.43029198911517 4 
0003 0012 1665564997785463 21.9375 -68.0 4.2031073588066565 4 
0003 0006 1665564997786343 -9.75 -65.0 4.215379205109742 4 
0003 0003 1665564997788603 -199.375 -73.5 3.466796580621549 4 
0003 0000 1665564997814409 9.0 -73.0 6.277049384028044 4 
0003 0004 1665564997889783 -74.0 -62.0 5.626641529964532 4 
0003 0007 1665564997890751 -39.0 -61.5 4.816699673960914 4 
0003 0009 1665564997891747 152.125 -68.0 1.5953400194010667 4 
0003 0015 1665564997892760 52.0625 -64.0 2.4727770300716534 4 
0003 0008 1665564997893923 -82.1875 -62.0 5.66959299202533 4 
0003 0014 1665564997894859 8.9375 -63.0 1.607611865704152 4 
0003 0006 1665564997896419 4.875 -64.5 4.325825821837508 4 
0003 0002 1665564997907121 87.0625 -71.5 1.4480778637640452 4 
0003 0012 1665564997908092 43.125 -68.0 4.338097668140593 4 
0003 0000 1665564997909659 -308.375 -70.5 3.399301425954581 4 
0003 0003 1665564997918654 43.125 -72.5 3.3318062712876126 4 
0003 0009 1665564998015592 -13.0 -67.5 2.2518837966161214 4 
0003 0015 1665564998017883 -74.0 -64.5 2.564815877344792 4 
0003 0004 1665564998019392 -52.0625 -61.5 5.595961914206819 4 
0003 0014 1665564998022701 74.0 -63.0 1.4971652489763858 4 
0003 0007 1665564998024984 13.0 -61.5 4.767612288748572 4 
0003 0008 1665564998026304 -13.0 -61.5 5.6143696836614465 4 
0003 0012 1665564998027769 -4.0625 -67.5 4.405592822807561 4 
0003 0000 1665564998028870 -43.125 -72.0 3.5281558121369745 4 
0003 0006 1665564998029767 52.0625 -64.5 4.301282129231338 4 
0003 0002 1665564998031479 -26.0 -72.5 1.7548740213411735 4 
0003 0003 1665564998032474 147.25 -73.0 3.141592653589793 4 
0003 0002 1665564998129779 165.1875 -71.5 1.4603497100671303 4 
0003 0014 1665564998130688 17.0625 -63.0 1.5462526341887264 4 
0003 0006 1665564998134122 117.125 -64.5 4.362641360746763 4 
0003 0004 1665564998138132 4.0625 -62.5 5.497787143782138 4 
0003 0009 1665564998139441 126.125 -68.0 1.9757672547967058 4 
0003 0008 1665564998141014 -56.125 -62.5 5.6143696836614465 4 
0003 0007 1665564998143059 39.0 -61.5 4.675573441475434 4 
0003 0012 1665564998143989 -108.1875 -68.5 4.638757902566179 4 
0003 0015 1665564998144915 39.0 -64.5 2.4911847995262812 4 
0003 0003 1665564998147278 -152.125 -74.0 3.497476196379262 4 
0003 0000 1665564998165307 -15.375 -73.0 0.04908738521234052 4 
0003 0007 1665564998248329 -13.0 -61.5 4.73693267299086 4 
0003 0009 1665564998250805 -312.4375 -68.5 2.4850488763747385 4 
0003 0012 1665564998251957 -65.0625 -68.0 4.417864669110647 4 
0003 0002 1665564998253138 -243.3125 -72.5 1.945087639038993 4 
0003 0006 1665564998254484 38.1875 -64.5 4.313553975534423 4 
0003 0003 1665564998255692 217.25 -72.5 3.160000423044421 4 
0003 0008 1665564998256643 -34.9375 -62.5 5.589825991055276 4 
0003 0004 1665564998257540 -56.125 -62.0 5.50392306693368 4 
0003 0014 1665564998258660 13.0 -62.5 1.552388557340269 4 
0003 0015 1665564998261573 8.9375 -64.5 2.4605051837685683 4 
0003 0000 1665564998287358 11.4375 -73.5 6.2034183062095325 4 
0003 0004 1665564998362471 -61.0 -62.0 5.47937937432751 4 
0003 0006 1665564998364460 -194.4375 -65.0 4.577398671050753 4 
0003 0015 1665564998366545 34.9375 -64.0 2.4605051837685683 4 
0003 0014 1665564998367455 -26.0 -63.0 1.6260196351587797 4 
0003 0003 1665564998368393 199.375 -71.5 2.8777479580734626 4 
0003 0007 1665564998369336 -104.125 -61.5 4.798291904506286 4 
0003 0012 1665564998370234 -30.0625 -68.0 4.301282129231338 4 
0003 0008 1665564998371142 -8.9375 -62.0 5.448699758569798 4 
0003 0002 1665564998372749 208.3125 -71.5 1.3192234775816514 4 
0003 0009 1665564998373660 121.25 -68.0 1.945087639038993 4 
0003 0000 1665564998391999 -4.875 -73.5 6.17273869045182 4 
0003 0014 1665564998477105 130.1875 -63.0 1.380582709097077 4 
0003 0006 1665564998479306 75.625 -65.0 4.172427743048944 4 
0003 0008 1665564998480498 -13.0 -61.5 5.399612373357457 4 
0003 0009 1665564998481666 104.125 -67.5 1.8714565612204823 4 
0003 0002 1665564998483313 30.0625 -71.0 1.3192234775816514 4 
0003 0004 1665564998484988 -43.125 -62.0 5.3627968344482015 4 
0003 0007 1665564998487008 -65.0625 -62.0 4.700117134081604 4 
0003 0012 1665564998487976 -95.1875 -68.5 4.362641360746763 4 
0003 0015 1665564998489144 -61.0 -64.5 2.5464081078901644 4 
0003 0000 1665564998490101 -342.5625 -72.5 3.399301425954581 4 
0003 0003 1665564998491219 13.0 -71.5 3.2090878082567613 4 
0003 0005 1665564998589847 -4.875 -75.5 5.792311455056181 4 
0003 0007 1665564998596924 13.0 -61.5 4.528311285838413 4 
0003 0014 1665564998597822 -65.0625 -62.5 1.5953400194010667 4 
0003 0002 1665564998598958 186.3125 -72.5 0.9817477042468103 4 
0003 0012 1665564998600353 -108.1875 -68.5 4.221515128261284 4 
0003 0008 1665564998602014 -30.0625 -61.5 5.381204603902829 4 
0003 0015 1665564998602957 -78.0625 -65.0 2.552544031041707 4 
0003 0004 1665564998604360 -4.0625 -61.5 5.252350217720435 4 
0003 0009 1665564998606995 -8.9375 -67.5 1.9880391010997909 4 
0003 0006 1665564998608871 -30.0625 -65.0 4.166291819897402 4 
0003 0003 1665564998613770 21.9375 -71.0 3.215223731408304 4 
0003 0000 1665564998639431 31.6875 -73.0 5.755495916146925 4 
0003 0005 1665564998663778 4.875 -76.5 5.565282298449106 4 
0003 0004 1665564998721436 13.0 -61.5 5.135767677841127 4 
0003 0009 1665564998722561 160.3125 -68.0 1.7119225592803755 4 
0003 0006 1665564998724221 -85.4375 -65.5 4.1417481272912315 4 
0003 0007 1665564998726463 -26.0 -62.0 4.534447208989955 4 
0003 0014 1665564998727681 0.0 -62.5 1.4848934026733007 4 
0003 0012 1665564998728931 8.9375 -68.5 3.9453985864418692 4 
0003 0003 1665564998732126 -152.125 -72.0 3.0066023442558567 4 
0003 0015 1665564998734093 0.0 -64.5 2.448233337465483 4 
0003 0002 1665564998735031 0.0 -72.0 0.8897088569736719 4 
0003 0008 1665564998736172 -69.125 -61.0 5.283029833478148 4 
0003 0000 1665564998754788 15.375 -73.0 5.706408530934585 4 
0003 0005 1665564998760209 -24.375 -75.5 5.688000761479957 4 
0003 0008 1665564998841807 -95.1875 -61.0 5.258486140871978 4 
0003 0006 1665564998843043 -75.625 -65.5 4.04357335686655 4 
0003 0004 1665564998845098 17.0625 -62.0 5.00077736850719 4 
0003 0015 1665564998846013 139.125 -64.5 2.282563412373834 4 
0003 0007 1665564998846925 -30.0625 -61.5 4.424000592262189 4 
0003 0014 1665564998848333 -186.3125 -62.5 1.6505633277649499 4 
0003 0012 1665564998849273 17.0625 -69.0 3.847223816017188 4 
0003 0003 1665564998850256 -117.125 -71.5 3.08636934522591 4 
0003 0009 1665564998851432 26.0 -67.5 1.8285050991596843 4 
0003 0002 1665564998854452 65.0625 -72.5 0.8713010875190442 4 
0003 0000 1665564998882923 4.0625 -73.0 5.724816300389213 4 
0003 0005 1665564998885737 15.375 -75.5 5.5714182216006485 4 
0003 0006 1665564998960793 -52.0625 -64.5 3.9147189706841563 4 
0003 0000 1665564998961717 -43.125 -71.5 2.509592568980909 4 
0003 0004 1665564998962628 39.0 -62.0 4.914874444385594 4 
0003 0014 1665564998963537 -34.9375 -63.0 1.4726215563702154 4 
0003 0015 1665564998965415 134.25 -64.5 2.2518837966161214 4 
0003 0008 1665564998968501 0.0 -61.0 5.0682725231741586 4 
0003 0009 1665564998969689 -126.125 -68.0 1.9144080232812801 4 
0003 0007 1665564998971082 -30.0625 -61.5 4.442408361716817 4 
0003 0002 1665564998972472 13.0 -72.5 0.8467573949128739 4 
0003 0012 1665564998979779 -69.125 -68.5 3.9392626632903265 4 
0003 0003 1665564998980661 -230.25 -72.5 3.08636934522591 4 
0003 0005 1665564998998535 26.8125 -74.5 5.473243451175968 4 
0003 0010 1665564999031335 -0.4375 -73.0 5.608233760509904 4 
0003 0003 1665564999089352 -82.1875 -71.5 2.8654761117703775 4 
0003 0009 1665564999090263 108.1875 -68.0 1.5585244804918115 4 
0003 0012 1665564999092178 8.9375 -67.5 3.7551849687440497 4 
0003 0014 1665564999093091 -34.9375 -63.0 1.4910293258248433 4 
0003 0002 1665564999094016 -160.3125 -73.0 0.8344855486097889 4 
0003 0006 1665564999096792 161.125 -65.5 3.7551849687440497 4 
0003 0008 1665564999097714 -8.9375 -60.5 5.031456984264903 4 
0003 0015 1665564999101993 65.0625 -65.0 2.380738182798515 4 
0003 0004 1665564999104719 -17.0625 -62.5 4.865787059173254 4 
0003 0005 1665564999105678 -299.4375 -74.0 2.7550294950426117 4 
0003 0007 1665564999109043 -91.125 -61.5 4.4976316700806995 4 
