0003 0002 1665565505629953 -3.8125 -77.5 0.4111068511533518 5 
0003 0013 1665565505637473 4.375 -78.5 1.0921943209745766 5 
0003 0000 1665565505683117 1.9375 -73.0 0.3865631585471816 5 
0003 0014 1665565505699953 -30.0625 -61.5 1.2885438618239387 5 
0003 0004 1665565505701586 13.0 -60.0 0.48473792897186263 5 
0003 0012 1665565505703013 48.0 -65.5 2.2150682577068657 5 
0003 0009 1665565505703896 8.9375 -66.5 2.662990647769473 5 
0003 0007 1665565505706826 -165.1875 -68.0 4.859651136021712 5 
0003 0011 1665565505708091 43.125 -67.0 0.5399612373357456 5 
0003 0015 1665565505708992 95.1875 -69.5 1.2578642460662257 5 
0003 0008 1665565505711148 -74.0 -62.0 5.700272607783043 5 
0003 0010 1665565505712469 -61.0 -64.0 5.049864753719531 5 
0003 0013 1665565505738612 -2.4375 -77.0 4.135612204139688 5 
0003 0002 1665565505744901 -32.5 -77.0 0.42337869745643697 5 
0003 0000 1665565505821335 1.25 -73.0 0.3313398501832985 5 
0003 0014 1665565505838648 -56.125 -61.5 1.3192234775816514 5 
0003 0009 1665565505840270 39.0 -66.0 2.724349879284899 5 
0003 0007 1665565505842533 -139.125 -68.5 4.828971520263998 5 
0003 0010 1665565505844042 -78.0625 -64.0 5.049864753719531 5 
0003 0008 1665565505845833 -30.0625 -62.5 5.6573211457222445 5 
0003 0004 1665565505846967 39.0 -60.0 0.4356505437595221 5 
0003 0012 1665565505848022 4.0625 -66.5 2.325514874434632 5 
0003 0011 1665565505848894 113.0625 -66.0 0.36815538909255385 5 
0003 0015 1665565505852191 217.25 -69.0 1.2578642460662257 5 
0003 0013 1665565505871718 0.75 -76.5 4.264466590322082 5 
0003 0002 1665565505876602 0.0 -77.0 0.37429131224409645 5 
0003 0012 1665565505966065 -69.125 -66.0 2.399145952253143 5 
0003 0015 1665565505967177 87.0625 -68.5 1.3069516312785663 5 
0003 0010 1665565505968344 113.0625 -65.0 4.945554060143307 5 
0003 0004 1665565505971325 -21.9375 -60.0 0.5276893910326605 5 
0003 0014 1665565505973821 -21.9375 -61.0 1.3008157081270237 5 
0003 0009 1665565505975329 -17.0625 -67.0 2.7979809571034093 5 
0003 0008 1665565505976663 -17.0625 -63.0 5.6573211457222445 5 
0003 0007 1665565505978027 -87.0625 -69.0 4.608078286808466 5 
0003 0011 1665565505978924 13.0 -66.5 0.4295146206079795 5 
0003 0013 1665565506002365 -29.25 -77.0 4.466952054322987 5 
0003 0002 1665565506010569 -1.625 -77.5 0.30066023442558565 5 
0003 0004 1665565506091027 26.0 -60.5 0.4908738521234052 5 
0003 0014 1665565506092249 48.0 -61.0 1.2455923997631406 5 
0003 0010 1665565506094149 -4.0625 -64.0 5.056000676871073 5 
0003 0011 1665565506096180 -21.9375 -66.0 0.5829126993965437 5 
0003 0012 1665565506097209 52.0625 -65.5 2.3439226438892597 5 
0003 0008 1665565506098118 -43.125 -62.5 5.7616318392984684 5 
0003 0007 1665565506099512 -17.0625 -68.0 4.6878452877785195 5 
0003 0009 1665565506100424 69.125 -66.5 2.6445828783148455 5 
0003 0015 1665565506101623 69.125 -69.5 1.5278448647340985 5 
0003 0013 1665565506128692 12.9375 -77.0 4.1172044346850605 5 
0003 0002 1665565506134173 17.0625 -77.0 0.28838838812250056 5 
0003 0007 1665565506214614 -121.25 -69.0 4.608078286808466 5 
0003 0010 1665565506215511 -52.0625 -64.0 4.994641445355648 5 
0003 0004 1665565506216931 26.0 -61.0 0.46019423636569234 5 
0003 0014 1665565506218121 8.9375 -61.0 1.2762720155208536 5 
0003 0008 1665565506219546 -178.1875 -62.5 5.902758071783947 5 
0003 0011 1665565506221236 -26.0 -66.5 0.5645049299419159 5 
0003 0015 1665565506223971 91.125 -70.0 1.2333205534600555 5 
0003 0009 1665565506225871 -52.0625 -66.0 2.9022916506796332 5 
0003 0012 1665565506227608 91.125 -66.5 2.172116795646068 5 
0003 0013 1665565506262856 11.4375 -76.5 4.405592822807561 5 
0003 0002 1665565506264919 29.25 -77.0 0.11044661672776616 5 
0003 0008 1665565506346262 52.0625 -62.5 5.583690067903734 5 
0003 0014 1665565506347385 34.9375 -61.0 1.1596894756415448 5 
0003 0015 1665565506348993 360.5 -70.5 1.0062913968529805 5 
0003 0007 1665565506350088 -95.1875 -69.0 4.743068596142402 5 
0003 0010 1665565506352006 26.0 -64.5 4.957825906446392 5 
0003 0012 1665565506354437 91.125 -66.0 2.1353012567368124 5 
0003 0004 1665565506355391 21.9375 -60.5 0.3988350048502667 5 
0003 0011 1665565506358433 43.125 -67.0 0.44178646691106466 5 
0003 0009 1665565506359716 52.0625 -67.0 2.6691265709210157 5 
0003 0013 1665565506387039 13.875 -76.5 4.246058820867455 5 
0003 0002 1665565506390579 17.0625 -77.0 6.270913460876501 5 
0003 0000 1665565506432337 4.875 -73.0 0.14726215563702155 5 
0003 0009 1665565506473432 14.625 -66.5 2.736621725587984 5 
0003 0007 1665565506474345 -8.9375 -68.5 4.804427827657828 5 
0003 0014 1665565506475526 -48.0 -61.0 1.2210487071569704 5 
0003 0004 1665565506476946 -17.0625 -61.0 0.4356505437595221 5 
0003 0010 1665565506478808 -56.125 -64.5 4.97623367590102 5 
0003 0015 1665565506480941 21.9375 -70.0 1.2210487071569704 5 
0003 0012 1665565506483285 -169.25 -66.0 2.497320722677824 5 
0003 0011 1665565506484238 48.0 -66.5 0.44178646691106466 5 
0003 0008 1665565506486365 -4.0625 -62.5 5.638913376267617 5 
0003 0013 1665565506511486 -45.5625 -76.5 4.3503695144436785 5 
0003 0002 1665565506519797 29.25 -77.0 0.11044661672776616 5 
0003 0000 1665565506582326 0.1875 -73.0 0.28225246497095796 5 
0003 0011 1665565506605553 39.0 -66.0 0.39269908169872414 5 
0003 0007 1665565506606856 0.0 -69.0 4.632621979414636 5 
0003 0010 1665565506607789 -108.1875 -65.0 5.080544369477243 5 
0003 0008 1665565506609538 87.0625 -62.5 5.442563835418255 5 
0003 0004 1665565506610477 30.0625 -61.0 0.3374757733348411 5 
0003 0014 1665565506612390 8.9375 -61.0 1.2578642460662257 5 
0003 0012 1665565506614252 56.125 -66.0 2.2089323345553233 5 
0003 0009 1665565506615801 -199.375 -67.0 3.000466421104314 5 
0003 0015 1665565506616925 -17.0625 -69.5 1.3744467859455345 5 
0003 0013 1665565506640973 -21.1875 -77.0 4.301282129231338 5 
0003 0002 1665565506649324 -1.625 -76.5 0.04908738521234052 5 
0003 0012 1665565506745903 82.1875 -66.5 2.184388641949153 5 
0003 0011 1665565506746911 0.0 -66.0 0.39269908169872414 5 
0003 0014 1665565506748606 39.0 -60.5 1.227184630308513 5 
0003 0008 1665565506749457 -4.0625 -62.5 5.534602682691394 5 
0003 0004 1665565506750597 -26.0 -60.5 0.34974761963792617 5 
0003 0010 1665565506751764 -43.125 -65.0 5.031456984264903 5 
0003 0009 1665565506753423 0.0 -67.0 2.705942109830271 5 
0003 0015 1665565506754925 -156.1875 -70.5 1.5585244804918115 5 
0003 0007 1665565506756675 -43.125 -69.5 4.7860200582032 5 
0003 0013 1665565506795441 2.4375 -76.5 4.252194744018997 5 
0003 0002 1665565506801447 -0.75 -77.0 6.270913460876501 5 
0003 0014 1665565506882524 74.0 -61.0 1.1351457830353744 5 
0003 0010 1665565506883888 39.0 -65.5 4.871922982324796 5 
0003 0012 1665565506885992 -182.25 -66.0 2.497320722677824 5 
0003 0004 1665565506886918 26.0 -60.0 0.30066023442558565 5 
0003 0008 1665565506887873 -48.0 -62.5 5.595961914206819 5 
0003 0011 1665565506889125 87.0625 -66.5 0.32520392703175593 5 
0003 0009 1665565506889993 113.0625 -66.5 2.6323110320117604 5 
0003 0007 1665565506892720 -26.0 -69.0 4.669437518323892 5 
0003 0015 1665565506893672 0.0 -71.0 1.3130875544301088 5 
0003 0002 1665565506919677 -11.4375 -77.0 0.04908738521234052 5 
0003 0013 1665565506928575 12.1875 -76.5 4.172427743048944 5 
0003 0015 1665565507001886 -208.3125 -70.0 1.5953400194010667 5 
0003 0012 1665565507003054 34.9375 -66.0 2.2089323345553233 5 
0003 0009 1665565507004403 -43.125 -65.5 2.7979809571034093 5 
0003 0004 1665565507005328 -13.0 -60.5 0.28838838812250056 5 
0003 0008 1665565507006284 -126.125 -62.0 5.626641529964532 5 
0003 0014 1665565507008396 -4.0625 -61.0 1.2210487071569704 5 
0003 0010 1665565507009531 0.0 -64.5 4.933282213840222 5 
0003 0011 1665565507012646 26.0 -66.5 0.3865631585471816 5 
0003 0007 1665565507014052 4.0625 -68.5 4.577398671050753 5 
0003 0013 1665565507049252 24.375 -76.5 4.006757817957295 5 
0003 0002 1665565507051382 64.1875 -77.5 5.8659425328746915 5 
0003 0008 1665565507134622 8.9375 -62.0 5.50392306693368 5 
0003 0014 1665565507136850 -26.0 -60.5 1.239456476611598 5 
0003 0007 1665565507139591 61.0 -69.0 4.73693267299086 5 
0003 0012 1665565507141611 -13.0 -66.0 2.1905245651006955 5 
0003 0009 1665565507142666 30.0625 -66.0 2.6384469551633027 5 
0003 0010 1665565507143803 4.0625 -65.0 4.8351074434155406 5 
0003 0004 1665565507144909 0.0 -61.0 0.22089323345553233 5 
0003 0011 1665565507147264 34.9375 -67.0 0.4724660826687775 5 
0003 0015 1665565507152527 69.125 -69.5 1.3192234775816514 5 
0003 0002 1665565507183186 -43.125 -76.5 6.154330920997192 5 
0003 0013 1665565507186032 22.6875 -76.5 4.086524818927348 5 
0003 0000 1665565507241401 3.5625 -73.0 0.1718058482431918 5 
0003 0007 1665565507270291 130.1875 -68.5 4.485359823777615 5 
0003 0008 1665565507271470 -30.0625 -62.0 5.5100589900852235 5 
0003 0011 1665565507272409 39.0 -66.5 0.32520392703175593 5 
0003 0009 1665565507275258 108.1875 -67.0 2.5770877236478773 5 
0003 0004 1665565507278465 17.0625 -60.0 0.25770877236478773 5 
0003 0010 1665565507279377 82.1875 -65.0 4.828971520263998 5 
0003 0015 1665565507282459 -21.9375 -71.0 1.41126232485479 5 
0003 0014 1665565507283343 -43.125 -61.0 1.2578642460662257 5 
0003 0012 1665565507284554 17.0625 -66.0 2.2396119503130363 5 
0003 0002 1665565507315425 -18.75 -77.0 6.264777537724958 5 
0003 0013 1665565507318970 -18.75 -76.0 4.295146206079795 5 
0003 0000 1665565507363174 -2.125 -73.0 3.3502140407422405 5 
0003 0008 1665565507413111 -43.125 -61.5 5.602097837358362 5 
0003 0012 1665565507414083 -30.0625 -66.0 2.2212041808584084 5 
0003 0014 1665565507416814 52.0625 -61.0 1.184233168247715 5 
0003 0009 1665565507417992 61.0 -66.0 2.6139032625571326 5 
0003 0010 1665565507420008 -26.0 -64.5 4.9394181369917645 5 
0003 0004 1665565507421770 8.9375 -60.5 0.2699806186678728 5 
0003 0015 1665565507423876 104.125 -70.0 1.1903690913992575 5 
0003 0011 1665565507425040 -8.9375 -67.0 0.3620194659410113 5 
0003 0007 1665565507426650 56.125 -68.5 4.693981210930062 5 
0003 0002 1665565507440587 26.0 -73.0 6.154330920997192 5 
0003 0013 1665565507461360 4.0625 -76.5 4.448544284868359 5 
0003 0000 1665565507482158 9.75 -72.5 0.23316507975861744 5 
0003 0008 1665565507552284 -87.0625 -62.0 5.620505606812989 5 
0003 0010 1665565507554757 -108.1875 -65.0 5.0253210611133605 5 
0003 0004 1665565507557010 17.0625 -61.0 0.3129320807286708 5 
0003 0009 1665565507557923 -95.1875 -66.0 2.8102528034064944 5 
0003 0007 1665565507559842 -143.1875 -71.0 4.9394181369917645 5 
0003 0014 1665565507561362 -34.9375 -61.5 1.337631247036279 5 
0003 0015 1665565507562264 273.375 -69.5 0.9203884727313847 5 
0003 0012 1665565507563545 -43.125 -68.0 2.3316507975861747 5 
0003 0011 1665565507564431 -65.0625 -65.5 0.5399612373357456 5 
0003 0002 1665565507591339 -23.625 -76.5 0.09203884727313846 5 
0003 0013 1665565507596819 48.0625 -76.5 3.9822141253511245 5 
0003 0000 1665565507612370 3.0 -73.0 0.28838838812250056 5 
0003 0014 1665565507677375 -26.0 -60.5 1.2885438618239387 5 
0003 0009 1665565507679643 -17.0625 -66.0 2.6998061866787286 5 
0003 0011 1665565507680469 -17.0625 -66.5 0.5154175447295755 5 
0003 0015 1665565507681326 21.9375 -70.5 1.4296700943094176 5 
0003 0012 1665565507682241 61.0 -66.0 2.1905245651006955 5 
0003 0007 1665565507683663 195.25 -70.0 4.632621979414636 5 
0003 0004 1665565507684827 -17.0625 -60.5 0.3620194659410113 5 
0003 0010 1665565507685767 -4.0625 -65.0 4.914874444385594 5 
0003 0008 1665565507687389 -74.0 -62.0 5.620505606812989 5 
0003 0013 1665565507734101 53.6875 -77.0 0.9878836273983529 5 
0003 0002 1665565507737640 -7.3125 -77.5 0.07363107781851078 5 
0003 0000 1665565507760176 5.4375 -72.5 0.3436116964863836 5 
0003 0004 1665565507817660 17.0625 -60.0 0.3436116964863836 5 
0003 0012 1665565507819669 -87.0625 -66.0 2.350058567040802 5 
0003 0008 1665565507820564 -48.0 -62.0 5.577554144752192 5 
0003 0014 1665565507821459 21.9375 -61.5 1.2455923997631406 5 
0003 0009 1665565507822585 26.0 -66.5 2.675262494072558 5 
0003 0010 1665565507823751 -43.125 -65.5 4.988505522204105 5 
0003 0007 1665565507826269 -290.5 -69.0 5.098952138931871 5 
0003 0015 1665565507828020 134.25 -70.5 1.4296700943094176 5 
0003 0011 1665565507829356 -126.125 -68.0 0.5092816215780329 5 
0003 0002 1665565507882548 1.625 -77.0 0.11658253987930872 5 
0003 0013 1665565507888127 -1.9375 -77.0 1.1106020904292042 5 
0003 0000 1665565507944826 -0.1875 -73.0 0.2270291566070749 5 
0003 0011 1665565507954351 -61.0 -66.5 0.4970097752749477 5 
0003 0008 1665565507955846 13.0 -61.5 5.497787143782138 5 
0003 0007 1665565507956777 108.1875 -69.5 4.73693267299086 5 
0003 0014 1665565507957687 48.0 -61.0 1.1596894756415448 5 
0003 0009 1665565507958599 -52.0625 -65.5 2.7979809571034093 5 
0003 0015 1665565507959806 8.9375 -71.0 1.3192234775816514 5 
0003 0004 1665565507960946 56.125 -60.5 0.25157284921324513 5 
0003 0010 1665565507962114 -134.25 -66.0 5.080544369477243 5 
0003 0012 1665565507963752 100.0625 -65.5 2.0493983326152168 5 
0003 0013 1665565507995586 17.0625 -76.0 4.129476280988146 5 
0003 0002 1665565508008376 3.1875 -76.5 6.191146459906448 5 
0003 0000 1665565508050285 1.125 -73.0 0.23930100291016002 5 
0003 0015 1665565508091681 87.0625 -70.0 1.1290098598838318 5 
0003 0007 1665565508092863 -34.9375 -69.0 4.675573441475434 5 
0003 0008 1665565508094630 -74.0 -62.0 5.565282298449106 5 
0003 0009 1665565508096037 21.9375 -66.5 2.675262494072558 5 
0003 0014 1665565508097657 17.0625 -61.0 1.227184630308513 5 
0003 0004 1665565508098553 21.9375 -60.5 0.28838838812250056 5 
0003 0010 1665565508099436 -21.9375 -65.5 4.878058905476339 5 
0003 0011 1665565508100576 -113.0625 -67.0 0.35588354278946877 5 
0003 0012 1665565508104185 69.125 -66.5 2.184388641949153 5 
0003 0013 1665565508128865 -1.625 -77.0 4.154019973594316 5 
0003 0002 1665565508138262 27.5625 -77.0 6.025476534814799 5 
0003 0014 1665565508239282 43.125 -61.0 1.1596894756415448 5 
0003 0008 1665565508242238 -34.9375 -63.0 5.534602682691394 5 
0003 0011 1665565508243490 -13.0 -66.5 0.2761165418194154 5 
0003 0010 1665565508244446 -48.0 -65.0 4.7307967498393175 5 
0003 0004 1665565508245626 -65.0625 -61.5 0.30679615757712825 5 
0003 0009 1665565508247641 -74.0 -66.5 2.773437264497239 5 
0003 0015 1665565508249501 156.1875 -69.5 1.1228739367322893 5 
0003 0007 1665565508251302 -78.0625 -69.5 4.73693267299086 5 
0003 0012 1665565508252484 -13.0 -66.0 2.2764274892222915 5 
0003 0013 1665565508272379 25.125 -76.0 3.9208548938356986 5 
0003 0002 1665565508275778 34.9375 -77.0 5.853670686571607 5 
0003 0011 1665565508358264 -130.1875 -66.5 0.34974761963792617 5 
0003 0012 1665565508361034 -13.0 -67.0 2.2518837966161214 5 
0003 0014 1665565508362230 39.0 -61.0 1.1535535524900022 5 
0003 0008 1665565508363637 -13.0 -62.5 5.50392306693368 5 
0003 0004 1665565508366197 -4.0625 -61.0 0.2270291566070749 5 
0003 0009 1665565508367123 17.0625 -65.5 2.675262494072558 5 
0003 0010 1665565508368785 26.0 -65.0 4.601942363656923 5 
0003 0015 1665565508373079 286.4375 -69.0 1.0983302441261191 5 
0003 0007 1665565508374019 -82.1875 -69.5 4.896466674930966 5 
0003 0013 1665565508407607 -4.0625 -76.0 4.270602513473625 5 
0003 0002 1665565508416855 26.0625 -77.5 5.982525072754001 5 
0003 0006 1665565508488931 0.875 -73.0 1.9144080232812801 5 
0003 0004 1665565508497613 13.0 -60.5 0.18407769454627693 5 
0003 0014 1665565508498765 -13.0 -61.0 1.2455923997631406 5 
0003 0010 1665565508500174 -61.0 -65.5 4.755340442445488 5 
0003 0012 1665565508501089 -82.1875 -66.5 2.3439226438892597 5 
0003 0008 1665565508503472 -34.9375 -62.0 5.516194913236766 5 
0003 0009 1665565508504413 -52.0625 -66.0 2.6813984172241008 5 
0003 0015 1665565508508258 156.1875 -70.0 1.1228739367322893 5 
0003 0011 1665565508510784 17.0625 -67.5 0.0859029241215959 5 
0003 0007 1665565508512568 -260.375 -69.0 4.884194828627882 5 
0003 0013 1665565508552643 21.1875 -76.5 4.123340357836604 5 
0003 0002 1665565508556897 3.1875 -77.0 5.994796919057086 5 
0003 0006 1665565508625921 2.1875 -73.0 1.88986433067511 5 
0003 0009 1665565508644722 -39.0 -65.5 2.6261751088602177 5 
0003 0011 1665565508646969 134.25 -68.0 0.02454369260617026 5 
0003 0004 1665565508648387 21.9375 -60.5 0.1043106935762236 5 
0003 0014 1665565508649497 -13.0 -60.5 1.2026409377023426 5 
0003 0012 1665565508650945 91.125 -66.0 2.116893487282185 5 
0003 0015 1665565508654946 156.1875 -70.5 1.1290098598838318 5 
0003 0008 1665565508657042 30.0625 -62.5 5.387340527054372 5 
0003 0007 1665565508658818 -152.125 -67.5 4.871922982324796 5 
0003 0010 1665565508659741 8.9375 -65.5 4.595806440505381 5 
0003 0002 1665565508681519 -17.0625 -77.0 5.878214379177777 5 
0003 0013 1665565508695480 -12.1875 -76.5 4.221515128261284 5 
0003 0006 1665565508732747 3.625 -73.5 1.846912868614312 5 
0003 0004 1665565508786873 52.0625 -61.5 0.04295146206079795 5 
0003 0007 1665565508791204 -69.125 -68.5 4.565126824747668 5 
0003 0015 1665565508793929 173.3125 -71.0 1.0246991663076084 5 
0003 0011 1665565508795748 48.0 -67.0 0.0859029241215959 5 
0003 0008 1665565508796614 -17.0625 -62.0 5.411884219660542 5 
0003 0010 1665565508797540 -13.0 -66.0 4.681709364626977 5 
0003 0014 1665565508798466 -43.125 -61.0 1.2026409377023426 5 
0003 0012 1665565508801724 108.1875 -66.5 2.0493983326152168 5 
0003 0009 1665565508802705 -4.0625 -65.0 2.6384469551633027 5 
0003 0002 1665565508828442 4.0625 -77.0 5.737088146692298 5 
0003 0013 1665565508840842 -25.125 -76.0 4.221515128261284 5 
0003 0006 1665565508872080 -1.1875 -73.5 1.9205439464328227 5 
0003 0004 1665565508926918 -8.9375 -61.0 0.11044661672776616 5 
0003 0011 1665565508928457 43.125 -68.0 0.07363107781851078 5 
0003 0008 1665565508929382 -61.0 -62.5 5.460971604872882 5 
0003 0007 1665565508930535 -82.1875 -68.5 4.595806440505381 5 
0003 0010 1665565508931916 108.1875 -66.0 4.4976316700806995 5 
0003 0009 1665565508933092 13.0 -65.5 2.650718801466388 5 
0003 0012 1665565508934262 -82.1875 -66.5 2.3623304133438876 5 
0003 0014 1665565508935683 113.0625 -60.5 1.055378782065321 5 
0003 0015 1665565508938706 -69.125 -70.0 1.3499030933393643 5 
0003 0002 1665565508973034 -28.5 -77.0 5.896622148632405 5 
0003 0013 1665565508982315 -13.875 -76.5 4.129476280988146 5 
0003 0006 1665565508998008 9.0 -73.5 1.8346410223112268 5 
0003 0008 1665565509065337 -126.125 -62.0 5.50392306693368 5 
0003 0009 1665565509068500 17.0625 -66.0 2.6323110320117604 5 
0003 0004 1665565509069949 -30.0625 -61.5 0.1043106935762236 5 
0003 0011 1665565509071257 -52.0625 -67.5 0.14112623248547898 5 
0003 0014 1665565509072564 30.0625 -61.0 1.1719613219446299 5 
0003 0007 1665565509073548 -39.0 -68.5 4.626486056263094 5 
0003 0012 1665565509074926 39.0 -66.0 2.12916533358527 5 
0003 0015 1665565509078823 -26.0 -69.5 1.1290098598838318 5 
0003 0010 1665565509079735 -108.1875 -65.0 4.73693267299086 5 
0003 0013 1665565509104358 -17.0625 -76.5 4.147884050442774 5 
0003 0002 1665565509109227 -6.5 -77.0 5.964117303299373 5 
0003 0006 1665565509137734 9.0 -73.5 1.7916895602504288 5 
0003 0009 1665565509192890 56.125 -66.0 2.5832236467994196 5 
0003 0010 1665565509197097 -100.0625 -65.5 4.755340442445488 5 
0003 0015 1665565509198068 113.0625 -71.0 1.1228739367322893 5 
0003 0008 1665565509198978 -65.0625 -62.0 5.442563835418255 5 
0003 0004 1665565509200866 30.0625 -61.0 0.01227184630308513 5 
0003 0014 1665565509201762 -13.0 -60.5 1.1535535524900022 5 
0003 0011 1665565509203016 61.0 -68.0 0.07976700097005335 5 
0003 0012 1665565509204611 -43.125 -65.5 2.1782527187976104 5 
0003 0007 1665565509206668 -91.125 -68.5 4.6448938257177215 5 
0003 0013 1665565509244908 8.0625 -76.0 4.080388895775806 5 
0003 0002 1665565509247029 17.0625 -76.0 5.712544454086128 5 
0003 0006 1665565509258805 6.0625 -73.5 1.8346410223112268 5 
0003 0014 1665565509327702 -4.0625 -60.5 1.141281706186917 5 
0003 0007 1665565509329977 -91.125 -69.5 4.583534594202296 5 
0003 0011 1665565509330890 -139.125 -66.5 0.2270291566070749 5 
0003 0009 1665565509332319 -4.0625 -66.0 2.5893595699509624 5 
0003 0010 1665565509333203 -34.9375 -66.0 4.546719055293041 5 
0003 0015 1665565509334118 -56.125 -71.5 1.2885438618239387 5 
0003 0008 1665565509335722 21.9375 -62.0 5.325981295538946 5 
0003 0012 1665565509336863 17.0625 -66.5 2.141437179888355 5 
0003 0004 1665565509337788 39.0 -61.5 0.02454369260617026 5 
0003 0013 1665565509383379 -11.6875 -77.5 0.9510680884890975 5 
0003 0006 1665565509389229 2.125 -73.5 4.970097752749477 5 
0003 0002 1665565509400182 -13.5625 -77.0 5.890486225480862 5 
0003 0008 1665565509458482 -56.125 -62.0 5.405748296509 5 
0003 0007 1665565509459752 -173.3125 -69.5 4.669437518323892 5 
0003 0015 1665565509461985 204.25 -70.5 0.9817477042468103 5 
0003 0014 1665565509463079 -30.0625 -61.0 1.1965050145508 5 
0003 0004 1665565509463977 -69.125 -61.5 0.1595340019401067 5 
0003 0010 1665565509467432 -104.125 -66.5 4.7307967498393175 5 
0003 0011 1665565509468514 -61.0 -67.5 0.09817477042468103 5 
0003 0009 1665565509471414 -52.0625 -66.0 2.6813984172241008 5 
0003 0012 1665565509472326 95.1875 -66.0 2.1659808724945253 5 
0003 0002 1665565509504283 13.875 -76.5 5.810719224510809 5 
0003 0013 1665565509506466 -0.75 -76.5 4.25833066717054 5 
0003 0006 1665565509537993 5.4375 -73.5 5.013049214810275 5 
0003 0009 1665565509594128 0.0 -65.0 2.5402721847386216 5 
0003 0007 1665565509595018 -39.0 -69.0 4.503767593232243 5 
0003 0004 1665565509598191 8.9375 -61.0 0.0859029241215959 5 
0003 0008 1665565509599729 -56.125 -61.5 5.442563835418255 5 
0003 0010 1665565509600641 -43.125 -65.5 4.583534594202296 5 
0003 0011 1665565509601794 -17.0625 -67.5 0.1349903093339364 5 
0003 0012 1665565509602902 0.0 -66.0 2.1659808724945253 5 
0003 0014 1665565509604456 -4.0625 -61.0 1.184233168247715 5 
0003 0015 1665565509605659 -169.25 -70.0 1.1780972450961724 5 
0003 0002 1665565509608043 -234.3125 -75.5 5.93343768754166 5 
0003 0013 1665565509631577 -17.0625 -77.0 1.1780972450961724 5 
0003 0006 1665565509655833 -0.75 -73.5 1.8775924843720249 5 
0003 0014 1665565509720150 26.0 -61.0 1.1351457830353744 5 
0003 0011 1665565509721543 69.125 -67.0 0.07976700097005335 5 
0003 0008 1665565509722453 -69.125 -62.0 5.43029198911517 5 
0003 0010 1665565509723336 48.0 -65.5 4.552854978444583 5 
0003 0007 1665565509725253 -34.9375 -69.0 4.485359823777615 5 
0003 0004 1665565509726645 21.9375 -61.5 0.06135923151542565 5 
0003 0012 1665565509727573 91.125 -66.5 2.1598449493429825 5 
0003 0015 1665565509728885 -13.0 -69.0 1.1044661672776617 5 
0003 0009 1665565509732466 -169.25 -65.5 2.791845033951867 5 
0003 0013 1665565509767337 16.3125 -76.5 3.9699422790480394 5 
0003 0002 1665565509769482 0.75 -77.0 5.8659425328746915 5 
0003 0006 1665565509806033 7.3125 -73.0 1.736466251886546 5 
0003 0009 1665565509856182 13.0 -65.5 2.5034566458293663 5 
0003 0010 1665565509857363 -30.0625 -66.0 4.724660826687775 5 
0003 0014 1665565509858494 8.9375 -60.5 1.1535535524900022 5 
0003 0011 1665565509859362 8.9375 -67.0 0.15339807878856412 5 
0003 0008 1665565509860487 -61.0 -61.5 5.460971604872882 5 
0003 0004 1665565509862121 -48.0 -61.0 0.1227184630308513 5 
0003 0015 1665565509863263 30.0625 -71.0 1.055378782065321 5 
0003 0007 1665565509864402 -56.125 -69.0 4.651029748869264 5 
0003 0012 1665565509867428 13.0 -66.5 2.184388641949153 5 
0003 0013 1665565509893249 17.0625 -76.0 4.147884050442774 5 
0003 0002 1665565509898145 13.875 -77.0 5.749359992995383 5 
0003 0006 1665565509920405 6.0625 -73.5 1.8714565612204823 5 
0003 0007 1665565509985793 -95.1875 -68.0 4.608078286808466 5 
0003 0015 1665565509986920 -186.3125 -69.5 1.325359400733194 5 
0003 0008 1665565509988410 -4.0625 -61.5 5.381204603902829 5 
0003 0010 1665565509991232 -178.1875 -66.0 4.792155981354743 5 
0003 0009 1665565509992255 -21.9375 -66.0 2.675262494072558 5 
0003 0012 1665565509993142 -104.125 -66.5 2.3930100291016 5 
0003 0014 1665565509995715 39.0 -61.0 1.1290098598838318 5 
0003 0011 1665565509997090 4.0625 -67.0 0.1595340019401067 5 
0003 0004 1665565509998499 -34.9375 -61.0 0.1227184630308513 5 
0003 0013 1665565510016949 -2.4375 -76.5 4.264466590322082 5 
0003 0002 1665565510027007 0.0 -76.5 6.000932842208628 5 
0003 0006 1665565510062069 3.625 -73.5 1.902136176978195 5 
0003 0000 1665565510100115 -1.9375 -73.5 6.264777537724958 5 
0003 0015 1665565510122282 -221.3125 -70.0 1.521708941582556 5 
0003 0014 1665565510123163 13.0 -61.0 1.1290098598838318 5 
0003 0004 1665565510125168 -52.0625 -61.5 0.22089323345553233 5 
0003 0012 1665565510126574 17.0625 -66.0 2.172116795646068 5 
0003 0010 1665565510129145 48.0 -65.5 4.749204519293945 5 
0003 0007 1665565510130679 -199.375 -69.5 4.718524903536232 5 
0003 0008 1665565510131880 -8.9375 -61.5 5.393476450205914 5 
0003 0009 1665565510133176 -61.0 -65.5 2.6813984172241008 5 
0003 0011 1665565510134925 65.0625 -67.0 0.2270291566070749 5 
0003 0002 1665565510161435 -22.6875 -77.0 6.013204688511713 5 
0003 0013 1665565510168265 26.8125 -76.0 4.196971435655114 5 
0003 0000 1665565510305383 -1.25 -73.0 0.09817477042468103 5 
0003 0009 1665565510359783 -21.9375 -66.5 2.7550294950426117 5 
0003 0011 1665565510360683 -104.125 -67.0 0.4479223900626072 5 
0003 0014 1665565510361820 -39.0 -61.0 1.1903690913992575 5 
0003 0007 1665565510364009 -169.25 -69.0 4.804427827657828 5 
0003 0004 1665565510365161 -69.125 -60.5 0.21475731030398976 5 
0003 0012 1665565510368651 104.125 -67.0 2.12916533358527 5 
0003 0010 1665565510369562 -113.0625 -66.0 4.994641445355648 5 
0003 0015 1665565510370502 178.1875 -69.5 1.1351457830353744 5 
0003 0008 1665565510371410 -13.0 -61.5 5.540738605842936 5 
0003 0002 1665565510404267 -34.9375 -76.5 6.258641614573416 5 
0003 0013 1665565510406407 14.625 -76.5 4.1417481272912315 5 
0003 0000 1665565510426111 6.375 -73.0 0.07976700097005335 5 
0003 0004 1665565510485224 -61.0 -61.0 0.34974761963792617 5 
0003 0011 1665565510487202 74.0 -66.5 0.30066023442558565 5 
0003 0015 1665565510488116 56.125 -69.5 1.141281706186917 5 
0003 0008 1665565510488972 -78.0625 -61.5 5.589825991055276 5 
0003 0007 1665565510489840 78.0625 -69.0 4.693981210930062 5 
0003 0014 1665565510490737 39.0 -61.0 1.1290098598838318 5 
0003 0012 1665565510493164 -8.9375 -66.0 2.282563412373834 5 
0003 0009 1665565510495440 21.9375 -65.5 2.8286605728611223 5 
0003 0010 1665565510497230 -134.25 -65.5 5.019185137961818 5 
0003 0002 1665565510529003 21.9375 -76.5 6.092971689481767 5 
0003 0013 1665565510531128 -4.875 -77.0 1.1474176293384597 5 
