0003 0012 1665566364795892 -95.1875 -66.5 4.460816131171445 6 
0003 0005 1665566364799059 152.125 -67.0 0.35588354278946877 6 
0003 0014 1665566364802050 139.125 -62.5 1.705786636128833 6 
0003 0015 1665566364803090 -13.0 -67.0 2.442097414313941 6 
0003 0003 1665566364804512 -39.0 -66.5 2.110757564130642 6 
0003 0002 1665566364808052 -43.125 -65.0 0.8774370106705868 6 
0003 0004 1665566364808992 26.0 -64.0 0.5092816215780329 6 
0003 0013 1665566364816025 3.25 -75.0 6.12365130523948 6 
0003 0001 1665566364830194 -6.5 -74.0 0.22089323345553233 6 
0003 0008 1665566364832905 9.75 -71.5 0.5645049299419159 6 
0003 0015 1665566364919333 147.25 -67.0 2.3009711818284617 6 
0003 0014 1665566364921837 -26.0 -62.5 1.9205439464328227 6 
0003 0001 1665566364923386 65.0625 -72.5 0.05522330836388308 6 
0003 0012 1665566364924581 -61.0 -66.5 4.362641360746763 6 
0003 0003 1665566364925466 -325.5 -66.0 2.337786720737717 6 
0003 0002 1665566364927239 39.0 -64.5 0.7301748550335652 6 
0003 0005 1665566364928520 121.25 -68.0 0.37429131224409645 6 
0003 0004 1665566364929670 8.9375 -63.5 0.5829126993965437 6 
0003 0013 1665566364940565 -59.8125 -74.5 6.132855189966794 6 
0003 0008 1665566364950351 12.9375 -71.0 0.5276893910326605 6 
0003 0001 1665566365033320 169.25 -73.0 6.086835766330224 6 
0003 0003 1665566365034499 69.125 -67.0 1.9205439464328227 6 
0003 0004 1665566365035651 34.9375 -63.5 0.4970097752749477 6 
0003 0014 1665566365037041 -17.0625 -63.0 1.9266798695843652 6 
0003 0002 1665566365038957 21.9375 -65.0 0.7117670855789375 6 
0003 0005 1665566365040793 -104.125 -67.5 0.5583690067903734 6 
0003 0015 1665566365043975 -17.0625 -67.5 2.282563412373834 6 
0003 0012 1665566365046141 108.1875 -65.0 4.25833066717054 6 
0003 0013 1665566365062451 13.0 -75.0 5.911961956511261 6 
0003 0008 1665566365075417 1.625 -71.0 0.5399612373357456 6 
0003 0015 1665566365153755 -260.375 -67.5 2.773437264497239 6 
0003 0005 1665566365156026 113.0625 -68.5 0.28838838812250056 6 
0003 0001 1665566365156952 -238.4375 -73.0 0.2945243112740431 6 
0003 0004 1665566365158072 13.0 -63.5 0.5645049299419159 6 
0003 0012 1665566365159255 8.9375 -66.0 4.344233591292136 6 
0003 0014 1665566365160619 -34.9375 -62.0 1.9573594853420782 6 
0003 0003 1665566365161515 -82.1875 -66.5 2.043262409463674 6 
0003 0002 1665566365162637 21.9375 -65.0 0.7424467013366504 6 
0003 0013 1665566365175042 6.5 -75.0 5.936505649117431 6 
0003 0008 1665566365184668 7.3125 -71.0 0.4724660826687775 6 
0003 0002 1665566365270762 48.0 -65.5 0.6504078540635119 6 
0003 0012 1665566365273158 -100.0625 -66.0 4.479223900626073 6 
0003 0004 1665566365274480 30.0625 -63.5 0.521553467881118 6 
0003 0015 1665566365275396 165.1875 -68.5 2.2457478734645786 6 
0003 0014 1665566365277846 61.0 -62.5 1.8346410223112268 6 
0003 0001 1665566365280888 403.625 -72.0 5.749359992995383 6 
0003 0003 1665566365281840 74.0 -67.5 1.846912868614312 6 
0003 0005 1665566365286239 13.0 -67.5 0.2270291566070749 6 
0003 0008 1665566365289116 -217.25 -69.0 0.7179030087304801 6 
0003 0013 1665566365292162 -212.375 -73.5 2.9636508821950587 6 
0003 0008 1665566365317253 -8.0625 -70.5 0.4479223900626072 6 
0003 0015 1665566365393551 -48.0 -67.5 2.4850488763747385 6 
0003 0002 1665566365394447 56.125 -64.5 0.662679700366597 6 
0003 0012 1665566365396936 -48.0 -66.0 4.381049130201391 6 
0003 0001 1665566365398075 152.125 -73.5 5.841398840268521 6 
0003 0003 1665566365399227 139.125 -67.5 1.7426021750380885 6 
0003 0014 1665566365400151 30.0625 -62.0 1.8530487917658545 6 
0003 0004 1665566365401633 100.0625 -64.0 0.46019423636569234 6 
0003 0005 1665566365407854 -139.125 -68.5 0.2761165418194154 6 
0003 0013 1665566365417443 102.9375 -75.0 5.835262917116979 6 
0003 0008 1665566365428328 12.9375 -70.5 0.4295146206079795 6 
0003 0002 1665566365511095 21.9375 -65.0 0.6933593161243098 6 
0003 0014 1665566365514234 17.0625 -63.0 1.8223691760081417 6 
0003 0015 1665566365515134 104.125 -67.5 2.3439226438892597 6 
0003 0004 1665566365516072 13.0 -64.0 0.5645049299419159 6 
0003 0003 1665566365518142 -8.9375 -66.5 1.8837284075235674 6 
0003 0005 1665566365519323 -8.9375 -69.0 0.17794177139473438 6 
0003 0012 1665566365525368 -56.125 -66.0 4.411728745959104 6 
0003 0001 1665566365529870 -61.0 -73.0 6.1420590746941075 6 
0003 0013 1665566365541024 76.0625 -75.0 5.875146417602005 6 
0003 0008 1665566365550587 -7.3125 -70.5 0.4663301595172349 6 
0003 0004 1665566365631967 4.0625 -63.5 0.6135923151542565 6 
0003 0005 1665566365633166 191.1875 -68.0 0.03681553890925539 6 
0003 0012 1665566365634918 -30.0625 -65.5 4.331961744989051 6 
0003 0003 1665566365636238 52.0625 -67.0 1.8100973297050567 6 
0003 0002 1665566365637404 121.25 -65.5 0.5951845456996288 6 
0003 0014 1665566365640914 -21.9375 -63.0 1.8653206380689396 6 
0003 0015 1665566365643163 -121.25 -67.5 2.4850488763747385 6 
0003 0013 1665566365660731 -24.8125 -75.0 5.979457111178229 6 
0003 0001 1665566365675383 4.0625 -74.0 6.270913460876501 6 
0003 0008 1665566365686691 0.75 -70.5 0.47860200582032003 6 
0003 0004 1665566365763680 -8.9375 -63.5 0.5890486225480862 6 
0003 0012 1665566365764609 -82.1875 -66.0 4.362641360746763 6 
0003 0015 1665566365766455 108.1875 -68.0 2.282563412373834 6 
0003 0003 1665566365768102 108.1875 -66.5 1.705786636128833 6 
0003 0014 1665566365769537 61.0 -62.5 1.7978254834019713 6 
0003 0005 1665566365772763 74.0 -68.5 0.15339807878856412 6 
0003 0002 1665566365773816 34.9375 -65.5 0.7792622402459057 6 
0003 0001 1665566365776946 -69.125 -71.5 0.03681553890925539 6 
0003 0013 1665566365787070 40.25 -75.5 5.979457111178229 6 
0003 0008 1665566365798574 0.75 -70.5 0.4724660826687775 6 
0003 0012 1665566365878844 17.0625 -66.0 4.313553975534423 6 
0003 0015 1665566365879715 -4.0625 -67.0 2.405281875404685 6 
0003 0005 1665566365880884 91.125 -67.5 0.2638446955163303 6 
0003 0004 1665566365882987 56.125 -63.5 0.4724660826687775 6 
0003 0003 1665566365884170 -152.125 -66.5 2.1353012567368124 6 
0003 0014 1665566365885094 -13.0 -63.0 1.945087639038993 6 
0003 0002 1665566365886502 56.125 -65.0 0.7117670855789375 6 
0003 0001 1665566365902389 -91.125 -73.0 6.178874613603362 6 
0003 0013 1665566365919809 37.8125 -75.0 5.893554187056633 6 
0003 0008 1665566365928664 -2.4375 -71.0 0.5031456984264903 6 
0003 0005 1665566366009753 -26.0 -68.5 0.4540583132141498 6 
0003 0014 1665566366012136 -39.0 -63.0 1.945087639038993 6 
0003 0003 1665566366013062 26.0 -67.0 1.902136176978195 6 
0003 0012 1665566366013961 -82.1875 -66.0 4.466952054322987 6 
0003 0015 1665566366015103 -147.25 -67.5 2.454369260617026 6 
0003 0004 1665566366016525 -61.0 -63.5 0.5706408530934585 6 
0003 0002 1665566366017423 -61.0 -65.0 0.8160777791551611 6 
0003 0013 1665566366029163 -128.9375 -75.0 0.06135923151542565 6 
0003 0001 1665566366045532 4.875 -74.5 0.006135923151542565 6 
0003 0008 1665566366047620 -4.0625 -71.0 0.5338253141842031 6 
0003 0005 1665566366128624 -52.0625 -68.0 0.4908738521234052 6 
0003 0012 1665566366130871 108.1875 -66.0 4.147884050442774 6 
0003 0003 1665566366131812 130.1875 -66.5 1.7119225592803755 6 
0003 0004 1665566366133896 26.0 -64.0 0.4908738521234052 6 
0003 0014 1665566366137423 -48.0 -62.5 1.9389517158874505 6 
0003 0015 1665566366138965 108.1875 -67.5 2.2396119503130363 6 
0003 0002 1665566366140124 0.0 -64.5 0.7240389318820226 6 
0003 0013 1665566366157108 -67.125 -75.5 6.111379458936394 6 
0003 0001 1665566366168534 -18.75 -74.5 0.1227184630308513 6 
0003 0008 1665566366171857 -3.1875 -71.0 0.5154175447295755 6 
0003 0003 1665566366250121 65.0625 -66.5 1.9205439464328227 6 
0003 0015 1665566366252595 152.125 -67.5 2.1659808724945253 6 
0003 0014 1665566366254341 -30.0625 -63.0 1.9144080232812801 6 
0003 0002 1665566366255281 160.3125 -65.0 0.5460971604872883 6 
0003 0012 1665566366256463 -165.1875 -66.5 4.522175362686871 6 
0003 0005 1665566366258111 -30.0625 -68.0 0.4908738521234052 6 
0003 0004 1665566366259883 43.125 -63.5 0.39269908169872414 6 
0003 0008 1665566366264763 -52.0625 -69.5 0.619728238305799 6 
0003 0008 1665566366288314 46.75 -70.5 0.49394181369917645 6 
0003 0013 1665566366291583 -40.25 -75.0 6.138991113118336 6 
0003 0001 1665566366304016 13.875 -74.5 0.0 6 
0003 0005 1665566366381270 61.0 -68.0 0.3988350048502667 6 
0003 0014 1665566366383275 -43.125 -62.5 1.8162332528565992 6 
0003 0015 1665566366384501 61.0 -67.0 2.1966604882522383 6 
0003 0012 1665566366385399 -39.0 -66.5 4.387185053352934 6 
0003 0002 1665566366386518 4.0625 -64.5 0.6994952392758523 6 
0003 0003 1665566366387434 147.25 -66.0 1.736466251886546 6 
0003 0004 1665566366388613 -13.0 -63.0 0.3620194659410113 6 
0003 0013 1665566366405671 11.75 -75.5 6.050020227420969 6 
0003 0008 1665566366418371 17.0625 -71.5 0.47860200582032003 6 
0003 0001 1665566366445867 -16.875 -75.5 0.22089323345553233 6 
0003 0015 1665566366506361 -43.125 -67.5 2.337786720737717 6 
0003 0012 1665566366507254 0.0 -66.0 4.270602513473625 6 
0003 0005 1665566366508739 -34.9375 -68.0 0.4970097752749477 6 
0003 0003 1665566366509905 91.125 -66.0 1.7855536370988863 6 
0003 0002 1665566366511103 121.25 -64.5 0.36815538909255385 6 
0003 0004 1665566366512029 -91.125 -64.0 0.3988350048502667 6 
0003 0014 1665566366513420 52.0625 -63.0 1.8223691760081417 6 
0003 0013 1665566366525021 303.5 -74.0 2.662990647769473 6 
0003 0001 1665566366543239 21.1875 -75.0 0.0859029241215959 6 
0003 0008 1665566366548571 7.3125 -71.0 0.5645049299419159 6 
0003 0008 1665566366638646 -52.0625 -69.5 0.6258641614573416 6 
0003 0005 1665566366639572 -65.0625 -68.0 0.4663301595172349 6 
0003 0003 1665566366640949 34.9375 -66.5 1.7671458676442586 6 
0003 0012 1665566366642119 -134.25 -66.0 4.387185053352934 6 
0003 0014 1665566366643241 61.0 -62.5 1.7671458676442586 6 
0003 0015 1665566366648021 30.0625 -67.5 2.1537090261914402 6 
0003 0004 1665566366648902 -21.9375 -63.5 0.32520392703175593 6 
0003 0002 1665566366651903 -56.125 -64.5 0.521553467881118 6 
0003 0013 1665566366662634 92.3125 -75.5 5.807651262935037 6 
0003 0001 1665566366670465 16.3125 -74.5 0.01227184630308513 6 
0003 0015 1665566366756831 4.0625 -67.0 2.172116795646068 6 
0003 0004 1665566366760811 4.0625 -63.5 0.2761165418194154 6 
0003 0008 1665566366761738 56.125 -69.5 0.5031456984264903 6 
0003 0002 1665566366763115 -95.1875 -64.5 0.5154175447295755 6 
0003 0014 1665566366764011 -39.0 -63.0 1.9144080232812801 6 
0003 0003 1665566366765079 182.25 -66.0 1.6137477888556946 6 
0003 0012 1665566366765962 13.0 -66.5 4.129476280988146 6 
0003 0005 1665566366767741 -13.0 -67.5 0.3620194659410113 6 
0003 0001 1665566366787598 6.5 -75.0 0.07363107781851078 6 
0003 0003 1665566366872373 -113.0625 -67.0 1.88986433067511 6 
0003 0012 1665566366874421 -108.1875 -67.0 4.399456899656019 6 
0003 0004 1665566366875611 -13.0 -63.0 0.20248546400090464 6 
0003 0015 1665566366877442 -74.0 -67.0 2.3009711818284617 6 
0003 0014 1665566366879750 56.125 -63.0 1.8530487917658545 6 
0003 0002 1665566366880717 61.0 -64.0 0.3374757733348411 6 
0003 0013 1665566366882028 17.0625 -73.0 2.9391071895888885 6 
0003 0005 1665566366883065 0.0 -67.5 0.30066023442558565 6 
0003 0008 1665566366886534 13.0 -69.5 0.4970097752749477 6 
0003 0001 1665566366908409 10.5 -74.5 6.227961998815704 6 
0003 0012 1665566366990351 -156.1875 -67.0 4.3933209765044765 6 
0003 0008 1665566366991274 -26.0 -69.5 0.5706408530934585 6 
0003 0002 1665566366992197 -8.9375 -64.0 0.3865631585471816 6 
0003 0005 1665566366993750 -104.125 -67.0 0.3988350048502667 6 
0003 0015 1665566366994791 56.125 -67.5 2.1659808724945253 6 
0003 0014 1665566366995742 -4.0625 -63.0 1.9144080232812801 6 
0003 0003 1665566366996653 48.0 -66.0 1.6873788666742053 6 
0003 0004 1665566366998764 -69.125 -63.5 0.34974761963792617 6 
0003 0001 1665566367002860 17.0625 -73.0 0.28225246497095796 6 
0003 0013 1665566367011954 4.4375 -75.0 5.838330878692751 6 
0003 0001 1665566367027092 0.75 -75.0 0.06135923151542565 6 
0003 0011 1665566367036530 9.0 -75.5 6.277049384028044 6 
0003 0000 1665566367056156 5.0 -76.0 5.767767762450011 6 
0003 0010 1665566367108508 -6.625 -74.0 2.030990563160589 6 
0003 0008 1665566367123453 30.0625 -61.0 0.619728238305799 6 
0003 0015 1665566367124369 243.3125 -70.0 1.4358060174609601 6 
0003 0011 1665566367127417 -173.3125 -68.5 4.6878452877785195 6 
0003 0003 1665566367128312 -43.125 -68.5 1.6137477888556946 6 
0003 0013 1665566367129228 -39.0 -68.0 3.80427235395639 6 
0003 0004 1665566367131541 78.0625 -63.5 1.0737865515199487 6 
0003 0014 1665566367132734 95.1875 -66.5 1.8775924843720249 6 
0003 0002 1665566367133675 -48.0 -64.0 1.6014759425526093 6 
0003 0012 1665566367135733 -61.0 -67.5 4.289010282928253 6 
0003 0000 1665566367137153 87.0625 -63.5 3.5711072741977725 6 
0003 0010 1665566367159672 34.9375 -73.5 5.681864838328415 6 
0003 0001 1665566367187562 4.875 -72.5 1.6382914814618648 6 
0003 0005 1665566367222117 0.625 -74.0 5.540738605842936 6 
0003 0005 1665566367250173 -8.9375 -68.5 2.3930100291016 6 
0003 0011 1665566367251515 -43.125 -66.5 0.7179030087304801 6 
0003 0013 1665566367252456 -8.9375 -66.0 5.307573526084319 6 
0003 0010 1665566367254375 48.0 -66.0 5.074408446325701 6 
0003 0012 1665566367255529 -61.0 -63.0 5.246214294568893 6 
0003 0008 1665566367256409 -17.0625 -62.5 3.1906800388021335 6 
0003 0000 1665566367257292 -21.9375 -62.0 2.7857091108003242 6 
0003 0009 1665566367258432 269.3125 -70.5 5.436427912266712 6 
0003 0004 1665566367260761 48.0 -65.5 3.6570101983193686 6 
0003 0002 1665566367261744 126.125 -66.0 1.4726215563702154 6 
0003 0014 1665566367262711 100.0625 -68.0 2.12916533358527 6 
0003 0003 1665566367308012 -5.625 -76.5 0.1902136176978195 6 
0003 0015 1665566367329582 -0.1875 -76.0 5.405748296509 6 
0003 0006 1665566367366205 -1.625 -78.0 5.8045833013592665 6 
0003 0002 1665566367374742 -147.25 -69.5 2.110757564130642 6 
0003 0013 1665566367375697 -56.125 -70.0 0.25157284921324513 6 
0003 0008 1665566367378378 -4.0625 -60.0 1.1228739367322893 6 
0003 0000 1665566367380422 -69.125 -57.5 3.9453985864418692 6 
0003 0012 1665566367381362 4.0625 -62.0 5.945709533844745 6 
0003 0004 1665566367383699 52.0625 -62.5 6.166602767300278 6 
0003 0014 1665566367384608 -143.1875 -67.5 3.06182565261974 6 
0003 0010 1665566367385490 13.0 -59.5 0.9081166264282996 6 
0003 0011 1665566367387323 52.0625 -62.5 2.5586799541932495 6 
0003 0006 1665566367443864 0.0 -80.0 0.5767767762450011 6 
0003 0011 1665566367500729 4.0625 -62.5 4.914874444385594 6 
0003 0013 1665566367501872 61.0 -64.0 2.3193789512830896 6 
0003 0012 1665566367503013 -52.0625 -63.0 0.9387962421860124 6 
0003 0009 1665566367504363 -61.0 -69.5 0.47860200582032003 6 
0003 0014 1665566367505558 -43.125 -67.0 3.2336315008629315 6 
0003 0004 1665566367507687 0.0 -56.5 0.5399612373357456 6 
0003 0010 1665566367509042 -43.125 -57.5 3.1231848841351653 6 
0003 0002 1665566367512505 -208.3125 -72.5 1.3744467859455345 6 
0003 0008 1665566367513526 13.0 -54.5 2.2089323345553233 6 
0003 0006 1665566367540631 22.6875 -78.5 1.423534171157875 6 
0003 0001 1665566367608662 -0.4375 -74.0 0.09203884727313846 6 
0003 0009 1665566367634008 21.9375 -62.0 1.0185632431560658 6 
0003 0013 1665566367635123 -39.0 -58.0 4.97623367590102 6 
0003 0008 1665566367636751 8.9375 -54.5 2.6691265709210157 6 
0003 0001 1665566367638218 -117.125 -70.5 5.810719224510809 6 
0003 0012 1665566367643740 -69.125 -67.0 3.2643111166206444 6 
0003 0004 1665566367645809 17.0625 -55.0 0.8222137023067037 6 
0003 0010 1665566367646664 56.125 -57.5 4.6878452877785195 6 
0003 0011 1665566367648621 87.0625 -65.5 0.4479223900626072 6 
0003 0014 1665566367649516 -56.125 -69.0 3.3318062712876126 6 
0003 0005 1665566367650639 -4.0625 -67.5 1.0983302441261191 6 
0003 0002 1665566367653359 286.4375 -74.0 5.45483568172134 6 
0003 0006 1665566367706956 23.625 -75.5 5.749359992995383 6 
0003 0012 1665566367788217 -17.0625 -67.5 3.6876898140770815 6 
0003 0008 1665566367790715 30.0625 -56.0 3.0372819600135696 6 
0003 0014 1665566367791631 52.0625 -69.5 3.2765829629237295 6 
0003 0010 1665566367792782 -43.125 -58.5 5.424156065963627 6 
0003 0005 1665566367793980 69.125 -67.0 1.3069516312785663 6 
0003 0004 1665566367795413 -8.9375 -55.5 0.9940195505498954 6 
0003 0013 1665566367796328 -4.0625 -61.0 6.019340611663256 6 
0003 0009 1665566367798567 17.0625 -61.5 1.718058482431918 6 
0003 0011 1665566367801305 -26.0 -65.0 1.4419419406125027 6 
0003 0002 1665566367802869 -312.4375 -73.5 5.074408446325701 6 
0003 0006 1665566367811180 65.0625 -74.5 0.2239611950313036 6 
0003 0011 1665566367904623 95.1875 -65.5 1.6382914814618648 6 
0003 0013 1665566367905964 -39.0 -61.0 6.277049384028044 6 
0003 0008 1665566367907336 0.0 -57.0 3.000466421104314 6 
0003 0006 1665566367908676 -161.125 -71.5 4.147884050442774 6 
0003 0010 1665566367909599 -4.0625 -59.5 5.749359992995383 6 
0003 0009 1665566367910468 -39.0 -63.0 1.7303303287350031 6 
0003 0004 1665566367911647 -4.0625 -55.5 0.9878836273983529 6 
0003 0014 1665566367912800 4.0625 -69.5 3.411573272257666 6 
0003 0005 1665566367913684 -48.0 -66.5 1.7119225592803755 6 
0003 0012 1665566367914954 -117.125 -69.0 4.061981126321178 6 
0003 0002 1665566367916769 -34.9375 -73.0 4.448544284868359 6 
0003 0014 1665566368014464 130.1875 -70.5 3.1906800388021335 6 
0003 0012 1665566368015586 4.0625 -71.0 4.301282129231338 6 
0003 0010 1665566368016500 -34.9375 -61.0 5.841398840268521 6 
0003 0005 1665566368018134 -43.125 -65.5 1.932815792735908 6 
0003 0013 1665566368019033 4.0625 -60.5 0.1595340019401067 6 
0003 0002 1665566368021149 43.125 -73.0 4.473087977474529 6 
0003 0004 1665566368024613 -34.9375 -56.0 0.9878836273983529 6 
0003 0011 1665566368026022 134.25 -67.5 1.9819031779482483 6 
0003 0008 1665566368027395 0.0 -57.5 2.9759227284981438 6 
0003 0006 1665566368029827 -94.375 -71.0 4.675573441475434 6 
0003 0009 1665566368031389 8.9375 -63.5 1.5707963267948966 6 
0003 0011 1665566368128413 -117.125 -68.5 2.442097414313941 6 
0003 0005 1665566368129665 100.0625 -65.0 1.859184714917397 6 
0003 0010 1665566368131269 -4.0625 -60.0 5.9518454569962875 6 
0003 0004 1665566368132731 -34.9375 -56.5 0.8283496254582462 6 
0003 0008 1665566368134379 -26.0 -58.0 2.9636508821950587 6 
0003 0009 1665566368135590 26.0 -65.0 1.3560390164909069 6 
0003 0013 1665566368136505 -65.0625 -60.5 0.2638446955163303 6 
0003 0002 1665566368140238 87.0625 -72.5 3.8717675086233583 6 
0003 0012 1665566368142961 277.4375 -71.5 4.123340357836604 6 
0003 0014 1665566368143899 95.1875 -73.0 3.184544115650591 6 
0003 0006 1665566368169484 -6.5 -72.5 1.8837284075235674 6 
0003 0009 1665566368245050 -30.0625 -67.0 1.1965050145508 6 
0003 0010 1665566368245992 -39.0 -60.5 5.859806609723149 6 
0003 0013 1665566368249944 -82.1875 -61.0 0.11044661672776616 6 
0003 0014 1665566368251193 0.0 -72.0 3.5158839658338894 6 
0003 0011 1665566368252082 -69.125 -68.0 2.1475731030398975 6 
0003 0002 1665566368252978 143.1875 -73.5 3.6447383520162835 6 
0003 0004 1665566368253901 -4.0625 -57.0 0.48473792897186263 6 
0003 0008 1665566368254784 8.9375 -58.5 2.742757648739526 6 
0003 0005 1665566368255996 -26.0 -64.5 1.9941750242513334 6 
0003 0012 1665566368257534 61.0 -69.5 3.724505352986337 6 
0003 0006 1665566368279242 9.75 -72.0 1.88986433067511 6 
0003 0010 1665566368359621 -61.0 -61.5 5.522330836388308 6 
0003 0013 1665566368360519 -4.0625 -60.5 5.878214379177777 6 
0003 0004 1665566368362536 0.0 -57.5 6.1850105367549055 6 
0003 0008 1665566368366256 26.0 -59.5 2.478912953223196 6 
0003 0005 1665566368367169 -26.0 -65.0 1.7794177139473437 6 
0003 0002 1665566368369426 108.1875 -71.5 3.5342917352885173 6 
0003 0011 1665566368370790 -221.3125 -68.5 1.9205439464328227 6 
0003 0012 1665566368371700 -74.0 -68.5 3.3072625786814425 6 
0003 0014 1665566368372894 -21.9375 -70.0 3.448388811166921 6 
0003 0006 1665566368373761 4.0625 -70.0 4.853515212870168 6 
0003 0009 1665566368374660 -87.0625 -68.5 0.8958447801252144 6 
0003 0005 1665566368473483 95.1875 -65.5 1.4787574795217582 6 
0003 0013 1665566368474950 -34.9375 -60.0 5.307573526084319 6 
0003 0004 1665566368475804 -26.0 -57.5 5.93343768754166 6 
0003 0011 1665566368476952 0.0 -67.0 1.043106935762236 6 
0003 0008 1665566368478334 -43.125 -60.0 2.172116795646068 6 
0003 0012 1665566368479773 -74.0 -68.5 2.6261751088602177 6 
0003 0010 1665566368481702 -65.0625 -62.0 4.767612288748572 6 
0003 0014 1665566368482712 121.25 -70.5 3.098641191528995 6 
0003 0006 1665566368483607 -113.875 -69.5 5.209398755659637 6 
0003 0009 1665566368484518 -178.1875 -70.5 0.6013204688511713 6 
0003 0002 1665566368485458 -160.3125 -71.5 3.693825737228624 6 
0003 0015 1665566368561015 4.375 -75.5 5.6143696836614465 6 
0003 0009 1665566368599410 -169.25 -70.5 5.964117303299373 6 
0003 0014 1665566368600333 -26.0 -68.0 3.2765829629237295 6 
0003 0011 1665566368601249 91.125 -69.5 0.7179030087304801 6 
0003 0006 1665566368603817 -208.3125 -71.0 6.019340611663256 6 
0003 0013 1665566368605689 4.0625 -59.5 5.117359908386499 6 
0003 0010 1665566368609057 -21.9375 -60.5 4.2092432819582 6 
0003 0005 1665566368609970 91.125 -65.0 1.521708941582556 6 
0003 0008 1665566368611362 21.9375 -60.0 1.8775924843720249 6 
0003 0004 1665566368612771 -30.0625 -59.0 5.497787143782138 6 
0003 0012 1665566368614252 43.125 -67.0 1.945087639038993 6 
0003 0002 1665566368615789 95.1875 -70.5 3.2459033471660166 6 
0003 0015 1665566368698493 1.0625 -75.5 5.546874528994478 6 
0003 0008 1665566368719297 17.0625 -60.5 1.6566992509164924 6 
0003 0012 1665566368723133 65.0625 -68.5 2.2212041808584084 6 
0003 0013 1665566368724072 -8.9375 -59.5 4.81056375080937 6 
0003 0005 1665566368725977 30.0625 -66.5 1.5830681730979816 6 
0003 0004 1665566368728366 -8.9375 -58.0 5.350524988145116 6 
0003 0010 1665566368729534 4.0625 -59.5 3.8288160465625602 6 
0003 0006 1665566368730683 9.75 -72.0 5.442563835418255 6 
0003 0009 1665566368733692 -381.625 -71.0 5.589825991055276 6 
0003 0014 1665566368734574 199.375 -69.5 2.8654761117703775 6 
0003 0002 1665566368753343 50.8125 -72.0 3.126252845710937 6 
0003 0011 1665566368754656 -7.6875 -70.0 0.40803888957758055 6 
0003 0002 1665566368901649 17.0625 -69.5 3.055689729468197 6 
0003 0013 1665566368904175 0.0 -59.5 4.816699673960914 6 
0003 0009 1665566368905931 -78.0625 -71.0 4.81056375080937 6 
0003 0006 1665566368907110 -184.6875 -70.0 5.399612373357457 6 
0003 0011 1665566368908277 -100.0625 -67.5 6.270913460876501 6 
0003 0004 1665566368909683 -21.9375 -57.0 5.540738605842936 6 
0003 0010 1665566368910725 -17.0625 -59.5 3.9576704327449543 6 
0003 0005 1665566368911639 26.0 -66.0 1.2762720155208536 6 
0003 0008 1665566368912537 48.0 -60.5 1.0737865515199487 6 
0003 0012 1665566368914934 -56.125 -69.0 3.2029518851052186 6 
0003 0014 1665566368915874 56.125 -69.0 2.8777479580734626 6 
0003 0013 1665566369011610 -13.0 -59.0 4.95168998329485 6 
0003 0004 1665566369014115 -39.0 -57.0 5.688000761479957 6 
0003 0010 1665566369015028 -48.0 -59.5 4.221515128261284 6 
0003 0011 1665566369016156 -117.125 -67.5 6.129787228391022 6 
0003 0005 1665566369017041 121.25 -66.0 1.043106935762236 6 
0003 0014 1665566369018915 -108.1875 -70.5 3.147728576741336 6 
0003 0008 1665566369019866 43.125 -60.5 1.0676506283684062 6 
0003 0009 1665566369020777 65.0625 -71.5 4.890330751779424 6 
0003 0012 1665566369023264 -61.0 -68.5 3.497476196379262 6 
0003 0006 1665566369024843 -104.125 -69.0 5.3627968344482015 6 
0003 0011 1665566369122218 -95.1875 -66.5 6.111379458936394 6 
0003 0010 1665566369123611 -21.9375 -59.5 4.252194744018997 6 
0003 0012 1665566369124511 -87.0625 -71.0 3.663146121470911 6 
0003 0013 1665566369126163 95.1875 -58.5 5.056000676871073 6 
0003 0008 1665566369128547 13.0 -60.0 1.0492428589137786 6 
0003 0004 1665566369129460 -52.0625 -57.5 5.7616318392984684 6 
0003 0009 1665566369130597 -152.125 -71.5 5.013049214810275 6 
0003 0005 1665566369132453 0.0 -66.0 1.2333205534600555 6 
0003 0006 1665566369134320 134.25 -70.5 5.086680292628786 6 
0003 0014 1665566369135500 -91.125 -71.0 2.9943304979527716 6 
0003 0002 1665566369140087 91.125 -71.5 2.7550294950426117 6 
0003 0010 1665566369236216 -61.0 -58.5 4.221515128261284 6 
0003 0008 1665566369237592 -4.0625 -61.5 0.9142525495798421 6 
0003 0005 1665566369240068 -26.0 -66.5 1.3130875544301088 6 
0003 0012 1665566369241038 -87.0625 -70.0 3.6324665057131984 6 
0003 0006 1665566369243720 -52.0625 -70.5 5.553010452146021 6 
0003 0009 1665566369244673 -178.1875 -72.0 5.049864753719531 6 
0003 0014 1665566369245612 30.0625 -70.5 3.1661363461959633 6 
0003 0013 1665566369246555 -39.0 -58.5 5.853670686571607 6 
0003 0011 1665566369247455 160.3125 -66.0 5.982525072754001 6 
0003 0004 1665566369248322 -26.0 -57.5 5.767767762450011 6 
0003 0015 1665566369323888 -7.375 -75.0 5.890486225480862 6 
0003 0013 1665566369354118 -52.0625 -59.0 6.056156150572511 6 
0003 0004 1665566369356798 -48.0 -57.5 5.829126993965437 6 
0003 0008 1665566369357722 8.9375 -61.5 1.1474176293384597 6 
0003 0011 1665566369358680 -69.125 -66.0 0.1902136176978195 6 
0003 0002 1665566369359577 -108.1875 -72.0 2.6384469551633027 6 
0003 0014 1665566369360530 13.0 -70.0 3.5342917352885173 6 
0003 0012 1665566369361628 152.125 -67.5 2.6875343403756435 6 
0003 0010 1665566369362524 39.0 -58.0 4.28287435977671 6 
0003 0009 1665566369363820 -104.125 -70.5 5.5284667595398505 6 
0003 0005 1665566369365053 95.1875 -66.0 1.1965050145508 6 
0003 0006 1665566369366318 33.3125 -71.5 5.074408446325701 6 
0003 0015 1665566369368435 -48.0 -71.0 3.3195344249845276 6 
0003 0010 1665566369466303 -26.0 -59.5 4.252194744018997 6 
0003 0004 1665566369467797 -87.0625 -57.0 5.939573610693203 6 
0003 0012 1665566369469869 -65.0625 -66.0 2.2518837966161214 6 
0003 0008 1665566369470765 26.0 -60.0 1.4419419406125027 6 
0003 0013 1665566369472019 -34.9375 -59.5 5.773903685601553 6 
0003 0005 1665566369472891 52.0625 -66.5 1.5278448647340985 6 
0003 0011 1665566369474356 -134.25 -67.0 0.7547185476397354 6 
0003 0015 1665566369475707 -78.0625 -72.5 3.0127382674073995 6 
0003 0006 1665566369477786 316.5 -71.0 4.755340442445488 6 
0003 0009 1665566369478823 -95.1875 -68.5 5.724816300389213 6 
0003 0014 1665566369479976 26.0 -68.0 3.5342917352885173 6 
0003 0006 1665566369580946 -9.75 -72.5 5.356660911296659 6 
0003 0008 1665566369581816 78.0625 -60.0 1.5462526341887264 6 
0003 0009 1665566369582955 -65.0625 -69.5 5.853670686571607 6 
0003 0004 1665566369585486 -8.9375 -57.0 5.927301764390117 6 
0003 0005 1665566369587136 -87.0625 -67.0 1.6566992509164924 6 
0003 0010 1665566369590406 -78.0625 -60.0 4.614214209960009 6 
0003 0011 1665566369592212 -43.125 -67.5 0.7915340865489908 6 
0003 0014 1665566369593180 78.0625 -67.5 3.472932503773092 6 
0003 0012 1665566369594374 -4.0625 -65.0 1.9512235621905356 6 
0003 0013 1665566369595263 -65.0625 -59.0 5.688000761479957 6 
0003 0015 1665566369596162 -91.125 -71.0 3.184544115650591 6 
0003 0002 1665566369597935 -52.0625 -72.0 3.0127382674073995 6 
