0003 0011 1665580162330144 13.0 -70.5 4.037437433715008 10 
0003 0005 1665580162332732 113.0625 -71.5 3.2581751934691017 10 
0003 0001 1665580162333628 -95.1875 -68.0 2.018718716857504 10 
0003 0006 1665580162334567 208.3125 -68.0 4.626486056263094 10 
0003 0007 1665580162335959 100.0625 -71.0 3.448388811166921 10 
0003 0008 1665580162337119 39.0 -63.0 2.767301341345697 10 
0003 0010 1665580162338018 26.0 -65.0 2.1905245651006955 10 
0003 0014 1665580162338955 13.0 -66.5 0.4970097752749477 10 
0003 0004 1665580162340123 34.9375 -60.0 1.086058397823034 10 
0003 0002 1665580162341345 -39.0 -67.0 4.95168998329485 10 
0003 0009 1665580162344215 100.0625 -67.5 2.098485717827557 10 
0003 0011 1665580162435115 -173.3125 -68.5 5.2339424482658075 10 
0003 0014 1665580162436704 34.9375 -67.0 0.944932165337555 10 
0003 0004 1665580162437629 4.0625 -61.0 2.024854640009046 10 
0003 0007 1665580162439477 -4.0625 -70.0 5.00077736850719 10 
0003 0008 1665580162441410 -4.0625 -64.0 3.8288160465625602 10 
0003 0010 1665580162442551 -69.125 -63.5 2.7979809571034093 10 
0003 0005 1665580162444396 13.0 -69.0 4.430136515413731 10 
0003 0006 1665580162445292 -90.3125 -68.0 5.632777453116074 10 
0003 0002 1665580162446883 -130.1875 -69.0 5.583690067903734 10 
0003 0009 1665580162447794 -26.0 -65.5 3.5465635815916023 10 
0003 0001 1665580162450677 -56.125 -69.0 2.3623304133438876 10 
0003 0009 1665580162542428 -17.0625 -66.0 4.374913207049849 10 
0003 0011 1665580162545012 -126.125 -69.5 6.270913460876501 10 
0003 0010 1665580162545908 -8.9375 -63.0 3.2888548092268146 10 
0003 0007 1665580162547276 -121.25 -71.0 0.1043106935762236 10 
0003 0004 1665580162548172 -13.0 -62.0 3.4606606574700063 10 
0003 0005 1665580162549666 -30.0625 -67.5 5.491651220630596 10 
0003 0006 1665580162550814 9.75 -68.5 0.30066023442558565 10 
0003 0008 1665580162552817 -61.0 -66.0 5.092816215780329 10 
0003 0014 1665580162553726 26.0 -69.5 0.7669903939428205 10 
0003 0001 1665580162554874 0.0 -70.5 2.82252464970958 10 
0003 0002 1665580162556284 -13.0 -72.5 0.03681553890925539 10 
0003 0012 1665580162644570 -3.375 -75.0 1.9389517158874505 10 
0003 0014 1665580162657236 -69.125 -69.5 0.3374757733348411 10 
0003 0005 1665580162659823 160.3125 -67.0 0.380427235395639 10 
0003 0008 1665580162661002 39.0 -67.0 0.46019423636569234 10 
0003 0004 1665580162661884 -8.9375 -61.5 4.865787059173254 10 
0003 0009 1665580162663052 -82.1875 -66.0 5.47937937432751 10 
0003 0010 1665580162664022 -87.0625 -66.5 3.80427235395639 10 
0003 0006 1665580162665600 33.3125 -68.5 1.2333205534600555 10 
0003 0007 1665580162666570 69.125 -68.5 1.368310862793992 10 
0003 0011 1665580162667483 -91.125 -70.0 1.552388557340269 10 
0003 0012 1665580162678212 41.0625 -72.5 2.000310947402876 10 
0003 0015 1665580162679761 -20.75 -70.0 1.53091282630987 10 
0003 0015 1665580162762182 48.0 -63.0 2.6445828783148455 10 
0003 0011 1665580162764216 91.125 -69.0 3.3747577333484107 10 
0003 0014 1665580162765127 -139.125 -70.0 0.5338253141842031 10 
0003 0005 1665580162766051 65.0625 -66.0 1.576932249946439 10 
0003 0008 1665580162767005 26.0 -65.5 2.386874105950058 10 
0003 0007 1665580162769128 78.0625 -70.0 2.9268353432858034 10 
0003 0006 1665580162769980 -42.3125 -73.0 2.086213871524472 10 
0003 0012 1665580162770936 -48.0 -69.5 5.859806609723149 10 
0003 0004 1665580162771834 -43.125 -60.5 6.264777537724958 10 
0003 0009 1665580162773409 78.0625 -70.0 0.4663301595172349 10 
0003 0001 1665580162853923 -0.625 -74.0 5.338253141842031 10 
0003 0015 1665580162876971 26.0 -64.5 2.705942109830271 10 
0003 0012 1665580162877854 -4.0625 -70.0 0.3313398501832985 10 
0003 0008 1665580162879022 26.0 -62.5 4.111068511533518 10 
0003 0014 1665580162879890 -87.0625 -72.0 0.5154175447295755 10 
0003 0007 1665580162881071 -91.125 -67.5 4.675573441475434 10 
0003 0011 1665580162882267 -56.125 -65.0 5.577554144752192 10 
0003 0004 1665580162883404 -4.0625 -60.5 1.4296700943094176 10 
0003 0001 1665580162884558 -222.9375 -70.5 2.8286605728611223 10 
0003 0002 1665580162885438 -108.1875 -72.5 0.5890486225480862 10 
0003 0005 1665580162886362 74.0 -68.5 2.8532042654672924 10 
0003 0009 1665580162889232 -95.1875 -70.0 3.2213596545598464 10 
0003 0006 1665580162980489 8.5625 -74.0 1.7119225592803755 10 
0003 0005 1665580162987567 -13.0 -72.5 4.97623367590102 10 
0003 0002 1665580162988877 56.125 -70.0 1.1780972450961724 10 
0003 0015 1665580162989806 -74.0 -67.0 2.9575149590435164 10 
0003 0008 1665580162991240 13.0 -63.5 5.651185222570702 10 
0003 0001 1665580162992167 199.375 -68.0 3.9085830475326135 10 
0003 0006 1665580162995043 -23.5625 -71.0 2.0923497946760143 10 
0003 0011 1665580162995915 43.125 -61.5 1.1780972450961724 10 
0003 0004 1665580163001280 -13.0 -66.5 3.472932503773092 10 
0003 0007 1665580163002193 78.0625 -73.5 0.4172427743048944 10 
0003 0014 1665580163004390 -56.125 -70.0 1.0492428589137786 10 
0003 0009 1665580163005766 74.0 -70.0 4.908738521234052 10 
0003 0010 1665580163029598 30.9375 -73.0 0.9817477042468103 10 
0003 0001 1665580163103865 -95.1875 -71.5 6.117515382087937 10 
0003 0010 1665580163104791 -91.125 -68.0 5.8045833013592665 10 
0003 0015 1665580163105706 -87.0625 -68.5 3.098641191528995 10 
0003 0011 1665580163107371 -82.1875 -64.0 3.2090878082567613 10 
0003 0014 1665580163108479 17.0625 -68.5 1.4910293258248433 10 
0003 0004 1665580163109350 -74.0 -66.5 5.945709533844745 10 
0003 0008 1665580163110247 -126.125 -69.0 1.7548740213411735 10 
0003 0006 1665580163111339 -18.6875 -67.5 3.3624858870453256 10 
0003 0005 1665580163112594 -95.1875 -72.0 2.6813984172241008 10 
0003 0009 1665580163113972 -182.25 -72.0 0.5951845456996288 10 
0003 0007 1665580163134968 0.75 -74.5 1.2517283229146832 10 
0003 0005 1665580163213348 -48.0 -71.0 4.473087977474529 10 
0003 0001 1665580163214244 169.25 -70.0 1.6689710972195777 10 
0003 0015 1665580163217066 -26.0 -67.0 2.9145634969827183 10 
0003 0010 1665580163218206 -139.125 -67.0 1.8223691760081417 10 
0003 0014 1665580163219582 13.0 -68.0 2.2457478734645786 10 
0003 0011 1665580163222110 13.0 -63.5 5.123495831538041 10 
0003 0004 1665580163223631 13.0 -64.0 1.8039614065535141 10 
0003 0009 1665580163225702 178.1875 -73.5 2.5280003384355365 10 
0003 0007 1665580163228426 26.0 -72.0 5.780039608753096 10 
0003 0013 1665580163235406 13.0 -72.5 5.089748254204557 10 
0003 0008 1665580163255700 -5.625 -72.0 1.2946797849754812 10 
0003 0007 1665580163325801 -108.1875 -71.5 1.086058397823034 10 
0003 0004 1665580163326952 -13.0 -61.5 3.313398501832985 10 
0003 0010 1665580163330082 -17.0625 -63.5 4.1417481272912315 10 
0003 0001 1665580163331036 -26.0 -69.0 3.356349963893783 10 
0003 0015 1665580163333311 -56.125 -66.0 3.2029518851052186 10 
0003 0013 1665580163336045 -95.1875 -69.5 6.240233845118788 10 
0003 0005 1665580163336940 -4.0625 -71.0 6.007068765360171 10 
0003 0011 1665580163338351 21.9375 -66.0 6.117515382087937 10 
0003 0009 1665580163340741 -121.25 -71.0 4.166291819897402 10 
0003 0002 1665580163349790 70.375 -75.5 5.764699800874239 10 
0003 0014 1665580163395364 6.375 -73.5 4.2031073588066565 10 
0003 0011 1665580163442939 -4.0625 -66.5 0.6258641614573416 10 
0003 0005 1665580163444108 34.9375 -68.5 0.7915340865489908 10 
0003 0009 1665580163445557 -91.125 -69.5 4.963961829597935 10 
0003 0015 1665580163448127 199.375 -68.0 3.055689729468197 10 
0003 0004 1665580163449320 -21.9375 -60.0 4.608078286808466 10 
0003 0010 1665580163450218 13.0 -60.5 6.117515382087937 10 
0003 0001 1665580163451101 -186.3125 -71.0 4.921010367537137 10 
0003 0014 1665580163452452 -48.0 -66.0 5.491651220630596 10 
0003 0007 1665580163453481 156.1875 -71.5 2.1353012567368124 10 
0003 0002 1665580163457363 117.125 -72.0 3.3011266555298997 10 
0003 0006 1665580163514591 1.75 -74.5 5.332117218690489 10 
0003 0011 1665580163556353 121.25 -67.0 1.1658253987930873 10 
0003 0004 1665580163558256 13.0 -60.5 5.387340527054372 10 
0003 0007 1665580163559441 312.4375 -70.0 2.5586799541932495 10 
0003 0010 1665580163561124 0.0 -58.5 0.3374757733348411 10 
0003 0005 1665580163564073 8.9375 -68.5 1.5462526341887264 10 
0003 0002 1665580163569318 -225.375 -71.5 4.06811704947272 10 
0003 0006 1665580163570279 -9.75 -71.5 5.411884219660542 10 
0003 0009 1665580163571203 -4.0625 -70.5 5.368932757599744 10 
0003 0015 1665580163596999 -17.0625 -73.0 0.5338253141842031 10 
0003 0014 1665580163634158 -6.375 -74.5 1.227184630308513 10 
0003 0001 1665580163715776 -1.625 -74.5 4.638757902566179 10 
0003 0014 1665580163763900 13.0 -66.5 4.4976316700806995 10 
0003 0006 1665580163765636 -284.0 -68.5 5.835262917116979 10 
0003 0011 1665580163766548 26.0 -68.0 2.227340104009951 10 
0003 0005 1665580163767507 -199.375 -70.0 2.6200391857086753 10 
0003 0010 1665580163768958 -52.0625 -58.0 1.9266798695843652 10 
0003 0004 1665580163769854 13.0 -61.5 1.0921943209745766 10 
0003 0009 1665580163773837 -117.125 -71.0 0.6504078540635119 10 
0003 0007 1665580163778756 -61.0 -70.5 3.9208548938356986 10 
0003 0001 1665580163796202 18.75 -73.5 5.5714182216006485 10 
0003 0015 1665580163827320 -2.4375 -73.5 5.884350302329319 10 
0003 0014 1665580163880103 -91.125 -62.5 0.9633399347921826 10 
0003 0011 1665580163884179 8.9375 -67.5 3.2090878082567613 10 
0003 0004 1665580163885078 -43.125 -62.5 2.5954954931025047 10 
0003 0010 1665580163886698 30.0625 -59.0 2.9391071895888885 10 
0003 0009 1665580163887610 -82.1875 -69.5 2.061670178918302 10 
0003 0001 1665580163889144 82.1875 -71.5 3.472932503773092 10 
0003 0007 1665580163892377 -56.125 -70.0 4.411728745959104 10 
0003 0015 1665580163938401 1.1875 -73.5 5.700272607783043 10 
0003 0005 1665580163990244 3.8125 -76.5 5.6941366846315 10 
0003 0001 1665580164009183 -87.0625 -70.0 5.283029833478148 10 
0003 0007 1665580164010649 108.1875 -69.5 5.203262832508095 10 
0003 0009 1665580164011784 17.0625 -70.5 3.6201946594101133 10 
0003 0010 1665580164014791 4.0625 -59.0 4.73693267299086 10 
0003 0014 1665580164016046 39.0 -67.0 1.1965050145508 10 
0003 0004 1665580164018396 -8.9375 -62.0 4.571262747899211 10 
0003 0005 1665580164021006 -91.125 -74.0 0.42337869745643697 10 
0003 0013 1665580164042617 -7.3125 -73.0 1.1351457830353744 10 
0003 0015 1665580164063283 -5.625 -73.5 5.5100589900852235 10 
0003 0002 1665580164090604 -1.25 -78.5 2.84706834231575 10 
0003 0011 1665580164125696 2.5 -73.0 0.2945243112740431 10 
0003 0014 1665580164143299 -48.0 -65.0 0.6504078540635119 10 
0003 0011 1665580164145633 -48.0 -70.5 0.7301748550335652 10 
0003 0001 1665580164146659 -334.4375 -70.5 1.3008157081270237 10 
0003 0004 1665580164147555 -100.0625 -62.0 0.25770877236478773 10 
0003 0013 1665580164148457 -191.1875 -71.5 5.540738605842936 10 
0003 0009 1665580164149536 -173.3125 -69.0 5.841398840268521 10 
0003 0010 1665580164151865 -39.0 -61.0 1.1106020904292042 10 
0003 0005 1665580164152864 -230.25 -64.0 2.2396119503130363 10 
0003 0002 1665580164154071 303.5 -73.0 0.25157284921324513 10 
0003 0015 1665580164179076 14.625 -73.0 5.399612373357457 10 
0003 0006 1665580164204631 7.75 -75.0 0.5951845456996288 10 
0003 0007 1665580164226509 8.0625 -76.0 0.0 10 
0003 0014 1665580164275147 -26.0 -64.5 0.14726215563702155 10 
0003 0004 1665580164276967 17.0625 -62.0 2.2212041808584084 10 
0003 0010 1665580164278237 30.0625 -61.0 3.0066023442558567 10 
0003 0002 1665580164280908 0.0 -71.0 1.325359400733194 10 
0003 0011 1665580164282308 191.1875 -68.5 2.386874105950058 10 
0003 0005 1665580164283262 48.0 -66.5 3.423845118560751 10 
0003 0009 1665580164284219 204.25 -69.0 1.4296700943094176 10 
0003 0001 1665580164285173 139.125 -70.5 2.9697868053466014 10 
0003 0015 1665580164286414 -52.0625 -71.5 2.6261751088602177 10 
0003 0013 1665580164289245 52.0625 -69.0 1.0799224746714913 10 
0003 0006 1665580164290168 85.4375 -72.0 1.4971652489763858 10 
0003 0007 1665580164297608 79.3125 -73.0 4.519107401111099 10 
0003 0013 1665580164383576 108.1875 -68.5 2.086213871524472 10 
0003 0009 1665580164384983 195.25 -71.0 3.399301425954581 10 
0003 0014 1665580164385920 39.0 -64.5 6.043884304269426 10 
0003 0004 1665580164386860 -17.0625 -64.0 4.516039439535327 10 
0003 0011 1665580164389462 -52.0625 -68.0 3.9760782021995817 10 
0003 0007 1665580164393592 -273.375 -70.0 0.1043106935762236 10 
0003 0010 1665580164397545 -17.0625 -59.0 4.700117134081604 10 
0003 0005 1665580164399402 147.25 -68.5 5.749359992995383 10 
0003 0001 1665580164404345 -82.1875 -70.5 5.325981295538946 10 
0003 0002 1665580164405355 -4.0625 -75.0 3.2949907323783574 10 
0003 0004 1665580164495605 -130.1875 -66.5 0.7669903939428205 10 
0003 0005 1665580164496518 82.1875 -65.0 1.41126232485479 10 
0003 0010 1665580164498392 -17.0625 -58.5 6.2463697682703305 10 
0003 0011 1665580164499790 173.3125 -70.0 5.71868037723767 10 
0003 0014 1665580164501379 -87.0625 -64.0 0.1227184630308513 10 
0003 0007 1665580164505750 191.1875 -68.5 1.4664856332186729 10 
0003 0009 1665580164507166 39.0 -69.5 5.663457068873787 10 
0003 0002 1665580164525786 0.0 -77.5 5.822991070813893 10 
0003 0001 1665580164538094 0.75 -74.0 4.675573441475434 10 
0003 0003 1665580164602608 1.75 -76.5 4.313553975534423 10 
0003 0007 1665580164615952 65.0625 -70.5 3.043417883165112 10 
0003 0001 1665580164617346 126.125 -72.5 2.6200391857086753 10 
0003 0011 1665580164618496 4.0625 -66.0 1.88986433067511 10 
0003 0010 1665580164619466 -34.9375 -56.5 1.9573594853420782 10 
0003 0005 1665580164620393 -61.0 -63.5 2.8409324191642074 10 
0003 0004 1665580164621320 -26.0 -64.0 2.405281875404685 10 
0003 0014 1665580164623234 -87.0625 -64.5 6.031612457966341 10 
0003 0009 1665580164625848 -4.0625 -68.5 0.607456392002714 10 
0003 0002 1665580164643173 -10.9375 -75.0 0.6320000846088841 10 
0003 0003 1665580164655707 3.1875 -76.0 1.337631247036279 10 
0003 0004 1665580164728191 -4.0625 -62.5 3.3072625786814425 10 
0003 0005 1665580164729558 -87.0625 -63.5 3.6386024288647407 10 
0003 0009 1665580164731787 -13.0 -69.0 1.5033011721279284 10 
0003 0014 1665580164735271 39.0 -63.5 5.976389149602458 10 
0003 0011 1665580164736140 -4.0625 -62.5 3.6815538909255388 10 
0003 0002 1665580164737067 -121.25 -74.0 1.2578642460662257 10 
0003 0010 1665580164738672 -4.0625 -56.5 2.945243112740431 10 
0003 0012 1665580164740876 113.0625 -72.5 3.8717675086233583 10 
0003 0001 1665580164742761 -26.0 -71.0 4.111068511533518 10 
0003 0007 1665580164744300 -39.0 -73.0 4.344233591292136 10 
0003 0003 1665580164767889 28.5 -75.0 5.086680292628786 10 
0003 0008 1665580164771300 8.0625 -72.5 5.356660911296659 10 
0003 0008 1665580164842316 -8.9375 -69.5 6.074563920027139 10 
0003 0009 1665580164844477 130.1875 -71.0 2.356194490192345 10 
0003 0014 1665580164845614 -39.0 -64.5 0.30066023442558565 10 
0003 0010 1665580164846826 17.0625 -55.0 3.3195344249845276 10 
0003 0004 1665580164847725 30.0625 -61.5 4.080388895775806 10 
0003 0011 1665580164849415 4.0625 -61.5 4.509903516383785 10 
0003 0002 1665580164850341 34.9375 -73.5 2.3623304133438876 10 
0003 0005 1665580164853673 -39.0 -65.0 4.331961744989051 10 
0003 0001 1665580164854568 -108.1875 -70.0 5.178719139901925 10 
0003 0012 1665580164855950 -126.125 -69.0 4.368777283898306 10 
0003 0007 1665580164856846 -91.125 -73.0 5.436427912266712 10 
0003 0004 1665580164950653 -30.0625 -61.5 4.706253057233147 10 
0003 0010 1665580164953422 -34.9375 -55.0 4.0128937411088375 10 
0003 0005 1665580164954477 69.125 -65.5 5.148039524144211 10 
0003 0011 1665580164955377 -52.0625 -62.0 5.301437602932776 10 
0003 0014 1665580164957556 43.125 -68.5 0.5460971604872883 10 
0003 0008 1665580164960386 8.9375 -67.5 0.859029241215959 10 
0003 0001 1665580164962431 -139.125 -70.0 5.743224069843841 10 
0003 0002 1665580164968740 -182.25 -74.0 3.792000507653305 10 
0003 0007 1665580164988966 12.1875 -75.5 0.20248546400090464 10 
0003 0015 1665580165011042 8.0625 -72.5 4.4362724385652745 10 
0003 0014 1665580165067498 -13.0 -66.5 0.19634954084936207 10 
0003 0005 1665580165068440 -121.25 -65.0 0.35588354278946877 10 
0003 0002 1665580165070667 225.375 -73.0 4.313553975534423 10 
0003 0008 1665580165071605 61.0 -64.0 1.9512235621905356 10 
0003 0004 1665580165074574 -39.0 -62.0 5.6941366846315 10 
0003 0015 1665580165076056 34.9375 -67.0 3.031146036862027 10 
0003 0010 1665580165076967 -13.0 -56.5 4.424000592262189 10 
0003 0007 1665580165077894 -48.0 -69.5 1.2333205534600555 10 
0003 0011 1665580165079155 0.0 -61.0 0.3129320807286708 10 
0003 0001 1665580165080170 143.1875 -70.5 0.42337869745643697 10 
0003 0008 1665580165170890 95.1875 -63.5 3.147728576741336 10 
0003 0004 1665580165172895 -43.125 -62.0 0.12885438618239387 10 
0003 0010 1665580165174176 -17.0625 -57.0 5.166447293598839 10 
0003 0005 1665580165175074 65.0625 -62.5 1.5953400194010667 10 
0003 0011 1665580165176001 52.0625 -60.5 1.5462526341887264 10 
0003 0014 1665580165178284 -100.0625 -67.0 0.35588354278946877 10 
0003 0007 1665580165179720 -48.0 -68.5 2.2212041808584084 10 
0003 0015 1665580165181013 -160.3125 -67.0 3.6570101983193686 10 
0003 0002 1665580165182050 -82.1875 -70.5 5.589825991055276 10 
0003 0001 1665580165183186 -91.125 -69.5 2.000310947402876 10 
0003 0003 1665580165184738 -61.0 -73.5 0.8406214717613314 10 
0003 0009 1665580165264976 3.9375 -74.0 4.945554060143307 10 
0003 0001 1665580165284267 4.0625 -69.0 3.736777199289422 10 
0003 0005 1665580165285180 13.0 -63.5 2.9206994201342606 10 
0003 0004 1665580165286094 -39.0 -64.0 1.6505633277649499 10 
0003 0014 1665580165288210 78.0625 -68.0 0.02454369260617026 10 
0003 0008 1665580165291433 -26.0 -61.0 4.773748211900116 10 
0003 0010 1665580165294112 -30.0625 -58.0 0.09203884727313846 10 
0003 0011 1665580165295519 -39.0 -61.0 3.2581751934691017 10 
0003 0002 1665580165297260 -169.25 -70.5 0.5092816215780329 10 
0003 0015 1665580165298147 117.125 -72.0 3.5281558121369745 10 
0003 0007 1665580165300886 147.25 -69.5 3.3195344249845276 10 
0003 0003 1665580165302448 56.125 -70.0 1.8162332528565992 10 
0003 0009 1665580165327118 8.0625 -73.5 5.681864838328415 10 
0003 0004 1665580165397928 134.25 -64.0 3.6692820446224537 10 
0003 0010 1665580165398810 17.0625 -58.0 1.3437671701878218 10 
0003 0008 1665580165400758 48.0 -59.5 6.025476534814799 10 
0003 0014 1665580165402785 -113.0625 -70.5 6.0991076126333095 10 
0003 0003 1665580165404789 212.375 -71.5 2.742757648739526 10 
0003 0001 1665580165406193 -69.125 -69.0 5.7616318392984684 10 
0003 0011 1665580165407089 -8.9375 -61.0 4.95168998329485 10 
0003 0006 1665580165407986 94.375 -66.0 1.5953400194010667 10 
0003 0005 1665580165409138 -21.9375 -64.0 4.399456899656019 10 
0003 0009 1665580165410421 -147.25 -71.0 3.6324665057131984 10 
0003 0002 1665580165411344 52.0625 -69.5 1.8960002538266525 10 
0003 0007 1665580165498343 0.4375 -76.0 1.5278448647340985 10 
0003 0010 1665580165513914 -8.9375 -55.5 3.6324665057131984 10 
0003 0004 1665580165516469 -82.1875 -60.5 5.626641529964532 10 
0003 0006 1665580165518918 142.375 -66.0 2.521864415283994 10 
0003 0011 1665580165520027 56.125 -60.5 0.23316507975861744 10 
0003 0008 1665580165521857 -8.9375 -59.0 1.4051264017032472 10 
0003 0005 1665580165524981 -113.0625 -67.5 5.982525072754001 10 
0003 0001 1665580165525903 82.1875 -65.5 1.1167380135807468 10 
0003 0014 1665580165526883 13.0 -73.0 5.66959299202533 10 
0003 0002 1665580165528980 4.0625 -70.0 3.497476196379262 10 
0003 0009 1665580165531213 8.9375 -72.5 5.21553467881118 10 
0003 0007 1665580165546306 55.3125 -73.0 5.470175489600196 10 
0003 0010 1665580165628900 -43.125 -55.0 5.4671075280244255 10 
0003 0006 1665580165629794 -85.4375 -66.5 4.154019973594316 10 
0003 0001 1665580165631542 91.125 -65.0 2.2027964114037806 10 
0003 0004 1665580165633119 -91.125 -58.5 0.8222137023067037 10 
0003 0002 1665580165634016 156.1875 -69.0 4.822835597112456 10 
0003 0005 1665580165635393 -43.125 -67.5 1.736466251886546 10 
0003 0011 1665580165638456 8.9375 -61.0 1.8714565612204823 10 
0003 0008 1665580165639338 13.0 -58.5 2.748893571891069 10 
0003 0007 1665580165641358 -82.1875 -68.5 3.6999616603801666 10 
0003 0014 1665580165643572 126.125 -71.5 6.019340611663256 10 
0003 0009 1665580165644469 -316.5 -72.0 1.043106935762236 10 
0003 0015 1665580165652481 24.0 -72.0 5.8045833013592665 10 
0003 0010 1665580165738037 0.0 -54.0 0.7731263170943632 10 
0003 0002 1665580165740526 -121.25 -70.5 6.129787228391022 10 
0003 0009 1665580165743951 -39.0 -70.5 1.9082721001297376 10 
0003 0008 1665580165745290 -52.0625 -59.5 3.8840393549264434 10 
0003 0004 1665580165746442 -26.0 -56.0 2.313243028131547 10 
0003 0007 1665580165747596 -56.125 -66.5 4.23378697456437 10 
0003 0001 1665580165749012 0.0 -64.5 3.472932503773092 10 
0003 0011 1665580165750140 13.0 -61.5 3.3195344249845276 10 
0003 0006 1665580165751252 -250.625 -67.0 6.191146459906448 10 
0003 0005 1665580165752401 74.0 -67.5 3.0372819600135696 10 
0003 0014 1665580165753667 -26.0 -68.5 1.0246991663076084 10 
0003 0006 1665580165847448 -56.9375 -67.0 1.012427320004523 10 
0003 0001 1665580165848342 21.9375 -65.5 4.270602513473625 10 
0003 0010 1665580165850319 13.0 -53.0 2.1230294104337273 10 
0003 0005 1665580165851216 -61.0 -66.5 4.123340357836604 10 
0003 0007 1665580165853320 -377.5625 -66.5 5.3198453723874035 10 
0003 0008 1665580165854225 4.0625 -60.0 4.595806440505381 10 
0003 0004 1665580165855138 17.0625 -54.5 3.4913402732277192 10 
0003 0009 1665580165856034 -56.125 -70.5 2.5832236467994196 10 
0003 0011 1665580165857496 -4.0625 -62.0 4.442408361716817 10 
0003 0014 1665580165859035 126.125 -68.5 3.1354567304382504 10 
0003 0002 1665580165861291 -43.125 -71.5 1.0676506283684062 10 
0003 0004 1665580165952864 -13.0 -54.0 4.368777283898306 10 
0003 0008 1665580165955927 -4.0625 -59.5 5.289165756629691 10 
0003 0006 1665580165957037 28.4375 -65.5 1.423534171157875 10 
0003 0010 1665580165958713 -13.0 -54.0 3.2090878082567613 10 
0003 0005 1665580165960078 56.125 -66.5 4.76147636559703 10 
0003 0007 1665580165961273 -78.0625 -67.0 5.460971604872882 10 
0003 0011 1665580165962568 -30.0625 -64.0 4.9823695990525625 10 
0003 0001 1665580165963464 -39.0 -66.0 5.160311370447297 10 
0003 0009 1665580165966009 -13.0 -70.5 3.3502140407422405 10 
0003 0002 1665580165966861 -21.9375 -72.5 2.172116795646068 10 
0003 0014 1665580165990194 3.1875 -74.5 1.2517283229146832 10 
0003 0005 1665580166075578 0.0 -64.5 5.6573211457222445 10 
0003 0011 1665580166076947 -13.0 -63.5 6.025476534814799 10 
0003 0007 1665580166080616 -43.125 -66.0 6.252505691421874 10 
0003 0006 1665580166081596 61.8125 -67.0 1.8714565612204823 10 
0003 0004 1665580166082478 -21.9375 -53.5 5.393476450205914 10 
0003 0001 1665580166084067 8.9375 -67.5 6.074563920027139 10 
0003 0010 1665580166084951 -17.0625 -55.5 3.749049045592507 10 
0003 0014 1665580166086132 -121.25 -71.0 1.000155473701438 10 
0003 0009 1665580166087793 -65.0625 -70.0 4.289010282928253 10 
0003 0008 1665580166088714 -8.9375 -59.0 0.2699806186678728 10 
0003 0002 1665580166092846 21.9375 -72.5 3.8410878928656453 10 
0003 0001 1665580166181637 -104.125 -67.5 0.8713010875190442 10 
0003 0006 1665580166183269 -69.125 -66.5 2.435961491162398 10 
0003 0004 1665580166185019 26.0 -54.0 6.025476534814799 10 
0003 0014 1665580166187262 -69.125 -67.0 5.743224069843841 10 
0003 0011 1665580166188131 39.0 -63.5 0.4295146206079795 10 
0003 0005 1665580166189535 -4.0625 -65.5 0.1595340019401067 10 
0003 0002 1665580166191324 8.9375 -73.0 4.693981210930062 10 
0003 0007 1665580166192240 52.0625 -67.5 0.7117670855789375 10 
0003 0010 1665580166194595 8.9375 -55.5 4.356505437595221 10 
0003 0008 1665580166195508 -34.9375 -58.5 1.0921943209745766 10 
0003 0009 1665580166196561 -134.25 -71.5 5.049864753719531 10 
0003 0006 1665580166288237 -170.875 -67.5 3.399301425954581 10 
0003 0011 1665580166290722 17.0625 -61.0 1.4542137869155878 10 
0003 0009 1665580166291649 -169.25 -68.5 5.921165841238575 10 
0003 0005 1665580166293027 26.0 -63.5 0.8222137023067037 10 
0003 0014 1665580166293938 -26.0 -56.5 3.773592738198677 10 
0003 0008 1665580166294877 -13.0 -58.0 2.018718716857504 10 
0003 0010 1665580166295789 -26.0 -56.0 5.258486140871978 10 
0003 0007 1665580166296685 -8.9375 -68.0 1.5462526341887264 10 
0003 0004 1665580166298561 17.0625 -55.0 0.705631162427395 10 
0003 0002 1665580166299567 0.0 -71.0 5.6573211457222445 10 
0003 0001 1665580166301307 121.25 -67.5 1.8223691760081417 10 
0003 0012 1665580166302460 61.0 -70.5 0.7424467013366504 10 
0003 0005 1665580166394716 30.0625 -64.5 1.5892040962495242 10 
0003 0014 1665580166395910 -48.0 -59.5 4.25833066717054 10 
0003 0010 1665580166397063 21.9375 -57.0 0.17794177139473438 10 
0003 0008 1665580166398982 0.0 -57.5 3.06182565261974 10 
0003 0004 1665580166399911 -4.0625 -54.0 1.8346410223112268 10 
0003 0012 1665580166401053 -69.125 -71.0 1.7241944055834606 10 
0003 0006 1665580166401962 -90.3125 -67.5 4.638757902566179 10 
0003 0007 1665580166403369 78.0625 -66.5 2.4850488763747385 10 
0003 0001 1665580166404748 -134.25 -66.5 3.031146036862027 10 
0003 0002 1665580166408929 -104.125 -70.5 0.39269908169872414 10 
0003 0009 1665580166410478 21.9375 -69.5 0.9572040116406401 10 
0003 0011 1665580166413095 -34.9375 -60.0 2.6998061866787286 10 
0003 0002 1665580166503910 87.0625 -70.0 1.4542137869155878 10 
0003 0006 1665580166504762 -33.3125 -66.0 5.66959299202533 10 
0003 0007 1665580166506113 -69.125 -65.5 3.6201946594101133 10 
0003 0011 1665580166507233 0.0 -62.5 3.730641276137879 10 
0003 0004 1665580166510062 -13.0 -54.0 3.3072625786814425 10 
0003 0014 1665580166511240 4.0625 -59.5 4.558990901596125 10 
0003 0009 1665580166513995 -178.1875 -70.0 2.7550294950426117 10 
0003 0008 1665580166515699 -30.0625 -57.0 4.546719055293041 10 
0003 0010 1665580166517092 21.9375 -56.5 1.902136176978195 10 
0003 0005 1665580166518756 -39.0 -69.5 3.0372819600135696 10 
0003 0001 1665580166520321 100.0625 -68.0 4.129476280988146 10 
0003 0013 1665580166611064 -3.1875 -75.5 5.019185137961818 10 
0003 0011 1665580166619181 -169.25 -66.0 5.47937937432751 10 
0003 0014 1665580166621010 -30.0625 -59.0 4.804427827657828 10 
0003 0010 1665580166622176 -21.9375 -58.0 3.3379421944391554 10 
0003 0005 1665580166624451 65.0625 -71.0 5.190990986205009 10 
0003 0006 1665580166625601 -61.8125 -67.0 1.0921943209745766 10 
0003 0004 1665580166629641 4.0625 -53.0 5.148039524144211 10 
0003 0002 1665580166630541 -147.25 -71.5 3.6876898140770815 10 
0003 0007 1665580166631678 13.0 -65.5 4.669437518323892 10 
0003 0008 1665580166632959 30.0625 -58.0 6.043884304269426 10 
0003 0009 1665580166634703 108.1875 -69.5 4.374913207049849 10 
0003 0001 1665580166635965 -4.0625 -69.5 6.1850105367549055 10 
0003 0013 1665580166646191 45.5625 -72.5 5.169515255174611 10 
0003 0007 1665580166730313 -39.0 -67.5 6.031612457966341 10 
0003 0005 1665580166731625 130.1875 -70.0 0.9940195505498954 10 
0003 0009 1665580166732534 -165.1875 -67.5 5.829126993965437 10 
0003 0008 1665580166734193 -8.9375 -58.5 1.533980787885641 10 
0003 0010 1665580166735107 -56.125 -58.5 5.197126909356553 10 
0003 0002 1665580166736044 48.0 -71.5 5.522330836388308 10 
0003 0014 1665580166737677 -13.0 -59.5 4.988505522204105 10 
0003 0004 1665580166738603 17.0625 -53.0 0.48473792897186263 10 
0003 0001 1665580166739531 230.25 -69.0 1.5953400194010667 10 
0003 0006 1665580166740469 -85.4375 -68.5 3.000466421104314 10 
0003 0011 1665580166742206 43.125 -65.5 0.9081166264282996 10 
0003 0013 1665580166744570 78.0625 -70.5 3.2459033471660166 10 
0003 0005 1665580166837320 8.9375 -68.5 2.6445828783148455 10 
0003 0004 1665580166838231 4.0625 -52.5 1.9205439464328227 10 
0003 0001 1665580166839159 -204.25 -69.0 4.04357335686655 10 
0003 0014 1665580166840294 -17.0625 -60.0 5.154175447295755 10 
0003 0002 1665580166842878 243.3125 -72.5 0.6749515466696822 10 
0003 0007 1665580166845121 8.9375 -67.5 1.9573594853420782 10 
0003 0006 1665580166846333 -118.75 -68.0 4.448544284868359 10 
0003 0008 1665580166847240 13.0 -59.0 3.32567034813607 10 
0003 0011 1665580166848366 108.1875 -65.5 2.1905245651006955 10 
0003 0013 1665580166849534 -91.125 -68.0 4.417864669110647 10 
0003 0009 1665580166850684 147.25 -68.5 0.9265243958829272 10 
0003 0010 1665580166852049 43.125 -60.0 1.086058397823034 10 
0003 0007 1665580166961428 -134.25 -66.5 4.184699589352029 10 
0003 0011 1665580166963317 4.0625 -65.0 4.246058820867455 10 
0003 0006 1665580166964244 -118.75 -68.0 5.559146375297564 10 
0003 0014 1665580166965197 -61.0 -62.0 5.411884219660542 10 
0003 0013 1665580166966397 156.1875 -71.0 5.313709449235861 10 
0003 0008 1665580166968810 -26.0 -60.0 5.252350217720435 10 
0003 0005 1665580166970417 -78.0625 -66.5 5.350524988145116 10 
0003 0001 1665580166971539 69.125 -67.5 5.829126993965437 10 
0003 0004 1665580166972648 -26.0 -53.5 3.8717675086233583 10 
0003 0010 1665580166974832 -69.125 -62.0 3.153864499892878 10 
0003 0009 1665580166976776 -4.0625 -69.5 3.160000423044421 10 
0003 0002 1665580166980078 -69.125 -72.5 4.074252972624263 10 
0003 0014 1665580167072318 39.0 -62.5 5.227806525114265 10 
0003 0007 1665580167073271 -21.9375 -66.0 5.497787143782138 10 
0003 0004 1665580167074183 13.0 -54.0 4.963961829597935 10 
0003 0008 1665580167076269 -8.9375 -61.0 0.4724660826687775 10 
0003 0010 1665580167077169 -56.125 -61.0 4.289010282928253 10 
0003 0002 1665580167080647 34.9375 -69.5 5.620505606812989 10 
0003 0011 1665580167082383 17.0625 -63.5 6.050020227420969 10 
0003 0001 1665580167083307 61.0 -65.5 1.214912784005428 10 
0003 0005 1665580167084219 34.9375 -63.5 0.5890486225480862 10 
0003 0009 1665580167085392 139.125 -68.0 4.583534594202296 10 
0003 0000 1665580167118274 26.0625 -78.0 6.258641614573416 10 
0003 0011 1665580167189738 69.125 -61.0 1.1474176293384597 10 
0003 0008 1665580167191742 -30.0625 -60.5 1.552388557340269 10 
0003 0005 1665580167192639 -69.125 -63.0 1.5155730184310134 10 
0003 0010 1665580167194077 -56.125 -61.0 5.080544369477243 10 
0003 0007 1665580167195031 17.0625 -67.0 0.7424467013366504 10 
0003 0004 1665580167195900 -17.0625 -55.0 5.5714182216006485 10 
0003 0014 1665580167196823 -17.0625 -62.0 5.246214294568893 10 
0003 0012 1665580167198460 21.9375 -63.0 1.5707963267948966 10 
0003 0009 1665580167199926 -34.9375 -68.0 5.632777453116074 10 
0003 0001 1665580167201274 -56.125 -65.5 2.423689644859313 10 
0003 0002 1665580167204142 165.1875 -68.5 6.166602767300278 10 
0003 0003 1665580167209132 -87.0625 -72.0 0.17794177139473438 10 
0003 0000 1665580167229294 -23.625 -77.5 0.9940195505498954 10 
