0003 0006 1665581193283125 -118.75 -66.5 4.387185053352934 11 
0003 0004 1665581193284350 82.1875 -63.0 4.6878452877785195 11 
0003 0005 1665581193285260 8.9375 -60.5 2.1966604882522383 11 
0003 0010 1665581193286176 -26.0 -63.5 2.386874105950058 11 
0003 0012 1665581193287820 0.0 -62.5 1.9389517158874505 11 
0003 0001 1665581193289445 -43.125 -65.0 2.552544031041707 11 
0003 0008 1665581193290820 4.0625 -64.5 0.3313398501832985 11 
0003 0007 1665581193292597 -8.9375 -67.5 3.890175278077986 11 
0003 0014 1665581193297047 -199.375 -68.5 5.724816300389213 11 
0003 0003 1665581193297984 -69.125 -71.0 5.522330836388308 11 
0003 0009 1665581193378736 -1.75 -69.5 1.6505633277649499 11 
0003 0013 1665581193388644 -1.625 -72.0 5.945709533844745 11 
0003 0011 1665581193400700 0.625 -73.0 4.908738521234052 11 
0003 0000 1665581193409107 -5.3125 -77.5 5.301437602932776 11 
0003 0014 1665581193416895 -65.0625 -66.5 5.166447293598839 11 
0003 0006 1665581193418118 -104.125 -65.0 5.6573211457222445 11 
0003 0005 1665581193419268 -8.9375 -62.5 2.055534255766759 11 
0003 0004 1665581193420197 -160.3125 -68.0 3.9147189706841563 11 
0003 0010 1665581193421023 -48.0 -61.5 3.2765829629237295 11 
0003 0012 1665581193421937 -34.9375 -60.5 1.239456476611598 11 
0003 0009 1665581193422849 -30.0625 -63.5 5.043728830567988 11 
0003 0011 1665581193423775 -52.0625 -67.5 5.203262832508095 11 
0003 0008 1665581193426397 104.125 -61.5 1.4664856332186729 11 
0003 0007 1665581193427693 -26.0 -71.0 0.5522330836388308 11 
0003 0001 1665581193428589 -95.1875 -66.0 3.2090878082567613 11 
0003 0003 1665581193432702 -52.0625 -74.0 6.258641614573416 11 
0003 0000 1665581193448255 18.75 -76.5 5.387340527054372 11 
0003 0014 1665581193529759 91.125 -68.0 4.890330751779424 11 
0003 0004 1665581193530927 -43.125 -69.5 4.411728745959104 11 
0003 0010 1665581193532067 -43.125 -62.5 2.9636508821950587 11 
0003 0012 1665581193533235 -26.0 -62.5 0.9142525495798421 11 
0003 0005 1665581193534656 13.0 -61.5 1.9819031779482483 11 
0003 0009 1665581193536081 -52.0625 -63.5 5.43029198911517 11 
0003 0011 1665581193538667 -243.3125 -68.5 5.473243451175968 11 
0003 0001 1665581193539774 -61.0 -66.0 3.5036121195308043 11 
0003 0008 1665581193540896 39.0 -60.0 1.4848934026733007 11 
0003 0007 1665581193545200 65.0625 -70.5 5.988660995905543 11 
0003 0003 1665581193547013 -26.0 -69.5 0.0674951546669682 11 
0003 0000 1665581193571383 9.0 -76.0 1.9819031779482483 11 
0003 0006 1665581193596524 1.9375 -71.5 0.7915340865489908 11 
0003 0007 1665581193653777 8.9375 -63.5 4.1601558967458585 11 
0003 0005 1665581193655073 -8.9375 -62.0 1.1106020904292042 11 
0003 0003 1665581193656853 143.1875 -69.0 5.994796919057086 11 
0003 0008 1665581193658257 -30.0625 -58.5 0.9510680884890975 11 
0003 0010 1665581193659185 30.0625 -63.0 2.454369260617026 11 
0003 0006 1665581193662410 48.0 -66.5 1.3928545554001621 11 
0003 0012 1665581193665307 104.125 -64.5 1.0676506283684062 11 
0003 0011 1665581193666177 78.0625 -67.0 2.761165418194154 11 
0003 0009 1665581193667313 -8.9375 -64.0 5.970253226450915 11 
0003 0001 1665581193668411 -65.0625 -67.0 3.2213596545598464 11 
0003 0000 1665581193679780 -16.25 -75.5 1.5800002115222105 11 
0003 0014 1665581193718319 -2.125 -73.0 5.049864753719531 11 
0003 0013 1665581193774507 -0.8125 -73.0 4.92714629068868 11 
0003 0012 1665581193780614 34.9375 -60.5 1.3499030933393643 11 
0003 0009 1665581193781964 -69.125 -60.0 0.9940195505498954 11 
0003 0007 1665581193783898 -13.0 -62.0 2.5832236467994196 11 
0003 0008 1665581193786342 17.0625 -56.5 1.3069516312785663 11 
0003 0001 1665581193788557 -52.0625 -66.0 3.411573272257666 11 
0003 0010 1665581193789961 -4.0625 -62.0 4.3933209765044765 11 
0003 0014 1665581193790931 -21.9375 -67.5 5.0682725231741586 11 
0003 0005 1665581193791845 -30.0625 -64.0 5.810719224510809 11 
0003 0003 1665581193793275 8.9375 -70.5 6.22182607566416 11 
0003 0011 1665581193796157 78.0625 -71.5 3.141592653589793 11 
0003 0010 1665581193890838 -43.125 -63.5 4.589670517353839 11 
0003 0005 1665581193891864 87.0625 -70.0 3.5588354278946874 11 
0003 0009 1665581193892759 -43.125 -57.0 1.1044661672776617 11 
0003 0008 1665581193895166 -8.9375 -57.0 1.030835089459151 11 
0003 0012 1665581193896559 0.0 -62.5 1.7241944055834606 11 
0003 0007 1665581193898666 30.0625 -62.0 1.2087768608538851 11 
0003 0014 1665581193899564 -30.0625 -66.0 5.491651220630596 11 
0003 0001 1665581193901555 -234.3125 -67.5 3.313398501832985 11 
0003 0011 1665581193912460 6.5 -69.5 5.605165798934133 11 
0003 0014 1665581193998191 139.125 -66.5 5.375068680751287 11 
0003 0010 1665581193999342 -74.0 -61.5 4.0558452031696355 11 
0003 0009 1665581194000550 69.125 -59.0 0.4295146206079795 11 
0003 0011 1665581194002213 34.9375 -61.5 4.528311285838413 11 
0003 0004 1665581194003139 34.9375 -69.0 5.884350302329319 11 
0003 0012 1665581194005979 -4.0625 -65.0 2.2948352586769194 11 
0003 0008 1665581194006933 8.9375 -55.5 0.32520392703175593 11 
0003 0001 1665581194008342 78.0625 -68.5 2.0923497946760143 11 
0003 0007 1665581194010988 -30.0625 -66.0 5.6573211457222445 11 
0003 0005 1665581194014767 -290.5 -74.0 3.466796580621549 11 
0003 0011 1665581194113292 -48.0 -57.0 4.356505437595221 11 
0003 0012 1665581194115057 -121.25 -67.0 2.423689644859313 11 
0003 0004 1665581194116859 -4.0625 -61.0 0.6749515466696822 11 
0003 0014 1665581194117744 -65.0625 -64.0 5.264622064023521 11 
0003 0008 1665581194119063 17.0625 -53.5 0.47860200582032003 11 
0003 0010 1665581194120105 -26.0 -59.5 3.6263305825616556 11 
0003 0009 1665581194121015 -34.9375 -61.0 0.7301748550335652 11 
0003 0001 1665581194122552 52.0625 -69.5 2.429825568010856 11 
0003 0005 1665581194123817 -8.9375 -72.5 3.3502140407422405 11 
0003 0015 1665581194203683 3.125 -74.0 6.025476534814799 11 
0003 0012 1665581194224780 -165.1875 -70.5 1.6198837120072371 11 
0003 0010 1665581194225662 26.0 -59.5 4.166291819897402 11 
0003 0011 1665581194227522 -4.0625 -59.5 3.8717675086233583 11 
0003 0009 1665581194229510 0.0 -65.0 0.1595340019401067 11 
0003 0001 1665581194230439 8.9375 -70.5 2.5464081078901644 11 
0003 0004 1665581194231380 56.125 -60.5 1.214912784005428 11 
0003 0014 1665581194232758 -17.0625 -63.5 5.252350217720435 11 
0003 0008 1665581194234632 -17.0625 -55.0 0.17794177139473438 11 
0003 0005 1665581194239829 -165.1875 -72.5 3.8533597391687304 11 
0003 0015 1665581194263502 5.625 -72.0 2.779573187648782 11 
0003 0004 1665581194341033 -4.0625 -57.0 1.7119225592803755 11 
0003 0001 1665581194342414 -152.125 -72.5 2.4850488763747385 11 
0003 0015 1665581194344065 -243.3125 -70.0 0.11044661672776616 11 
0003 0008 1665581194345453 8.9375 -54.0 5.66959299202533 11 
0003 0009 1665581194346324 -61.0 -64.0 5.21553467881118 11 
0003 0010 1665581194347498 -52.0625 -60.5 4.7860200582032 11 
0003 0014 1665581194348993 -87.0625 -67.0 5.227806525114265 11 
0003 0011 1665581194351211 -13.0 -62.0 2.779573187648782 11 
0003 0001 1665581194447334 195.25 -70.5 1.736466251886546 11 
0003 0010 1665581194448202 17.0625 -60.0 5.21553467881118 11 
0003 0004 1665581194449129 39.0 -56.0 1.736466251886546 11 
0003 0009 1665581194450085 -30.0625 -64.0 5.313709449235861 11 
0003 0011 1665581194451013 61.0 -64.5 3.0925052683774528 11 
0003 0008 1665581194453398 -34.9375 -54.0 5.749359992995383 11 
0003 0014 1665581194455044 -13.0 -67.5 5.344389064993574 11 
0003 0015 1665581194456312 21.9375 -71.5 6.277049384028044 11 
0003 0011 1665581194552498 0.0 -63.5 3.5833791205008576 11 
0003 0009 1665581194553868 -78.0625 -68.0 5.197126909356553 11 
0003 0004 1665581194556151 21.9375 -58.0 2.030990563160589 11 
0003 0015 1665581194557350 -108.1875 -68.5 0.07976700097005335 11 
0003 0010 1665581194558516 -30.0625 -57.0 5.5714182216006485 11 
0003 0008 1665581194559682 17.0625 -58.5 6.264777537724958 11 
0003 0001 1665581194562931 -30.0625 -68.0 2.0371264863121317 11 
0003 0014 1665581194563856 52.0625 -63.5 5.2339424482658075 11 
0003 0014 1665581194662340 78.0625 -65.5 5.283029833478148 11 
0003 0010 1665581194663478 21.9375 -57.0 5.381204603902829 11 
0003 0004 1665581194664872 17.0625 -59.5 2.086213871524472 11 
0003 0008 1665581194666281 -39.0 -57.5 6.019340611663256 11 
0003 0015 1665581194667706 -100.0625 -69.0 0.01227184630308513 11 
0003 0001 1665581194669419 -30.0625 -67.5 1.239456476611598 11 
0003 0011 1665581194672063 30.0625 -65.0 3.0925052683774528 11 
0003 0015 1665581194766529 108.1875 -71.0 5.964117303299373 11 
0003 0008 1665581194768771 -13.0 -56.5 5.632777453116074 11 
0003 0011 1665581194769922 4.0625 -66.0 3.129320807286708 11 
0003 0001 1665581194771799 113.0625 -68.0 0.7547185476397354 11 
0003 0014 1665581194773135 -43.125 -66.5 5.6573211457222445 11 
0003 0004 1665581194774003 34.9375 -58.5 2.110757564130642 11 
0003 0010 1665581194775155 17.0625 -56.5 5.45483568172134 11 
0003 0001 1665581194873085 -251.4375 -68.0 1.6382914814618648 11 
0003 0011 1665581194876377 -74.0 -63.5 3.9147189706841563 11 
0003 0014 1665581194879110 -8.9375 -63.5 5.325981295538946 11 
0003 0004 1665581194881485 -21.9375 -59.0 2.0923497946760143 11 
0003 0015 1665581194882382 8.9375 -69.5 0.006135923151542565 11 
0003 0010 1665581194884883 -8.9375 -57.5 5.700272607783043 11 
0003 0008 1665581194885737 -17.0625 -57.0 6.215690152512618 11 
0003 0006 1665581194894325 -32.5 -71.0 1.5585244804918115 11 
0003 0005 1665581194940301 -3.1875 -76.0 0.7731263170943632 11 
0003 0009 1665581194984277 -5.75 -73.5 2.313243028131547 11 
0003 0007 1665581194996911 0.5625 -75.5 1.4173982480063325 11 
0003 0002 1665581195018916 5.75 -78.0 3.4913402732277192 11 
0003 0011 1665581195025290 -17.0625 -61.0 3.6263305825616556 11 
0003 0006 1665581195028719 4.875 -61.0 0.5276893910326605 11 
0003 0005 1665581195029592 30.0625 -72.0 4.620350133111551 11 
0003 0008 1665581195030969 -17.0625 -57.0 6.209554229361076 11 
0003 0001 1665581195032376 65.0625 -67.5 1.41126232485479 11 
0003 0004 1665581195034055 -117.125 -65.5 1.4726215563702154 11 
0003 0010 1665581195034983 -65.0625 -58.5 4.963961829597935 11 
0003 0007 1665581195036135 17.0625 -70.5 4.81056375080937 11 
0003 0014 1665581195038296 48.0 -66.5 5.264622064023521 11 
0003 0002 1665581195042158 -48.0 -73.0 0.2270291566070749 11 
0003 0009 1665581195078078 -4.25 -73.0 5.0682725231741586 11 
0003 0011 1665581195150480 -4.0625 -59.5 3.9576704327449543 11 
0003 0010 1665581195152497 17.0625 -61.5 4.503767593232243 11 
0003 0008 1665581195153380 -61.0 -56.5 0.3129320807286708 11 
0003 0007 1665581195154351 -65.0625 -67.5 5.246214294568893 11 
0003 0014 1665581195155545 -74.0 -67.0 5.436427912266712 11 
0003 0006 1665581195156452 9.75 -59.0 6.2463697682703305 11 
0003 0004 1665581195157364 -13.0 -62.0 0.9265243958829272 11 
0003 0009 1665581195158915 -17.0625 -66.5 5.8659425328746915 11 
0003 0001 1665581195159796 -8.9375 -67.5 1.0615147052168636 11 
0003 0005 1665581195161122 -34.9375 -72.5 2.8532042654672924 11 
0003 0007 1665581195256465 48.0 -70.5 5.816855147662351 11 
0003 0004 1665581195258824 -17.0625 -60.5 0.3313398501832985 11 
0003 0008 1665581195260002 4.0625 -58.0 0.9817477042468103 11 
0003 0006 1665581195261180 4.875 -60.5 0.05522330836388308 11 
0003 0011 1665581195262020 -8.9375 -60.0 4.914874444385594 11 
0003 0010 1665581195262934 -139.125 -62.0 4.865787059173254 11 
0003 0009 1665581195264157 39.0 -66.5 6.135923151542564 11 
0003 0014 1665581195265053 17.0625 -65.0 5.301437602932776 11 
0003 0005 1665581195265979 26.0 -66.0 2.2150682577068657 11 
0003 0001 1665581195267471 87.0625 -68.0 0.8774370106705868 11 
0003 0005 1665581195360914 -13.0 -63.0 2.1905245651006955 11 
0003 0011 1665581195363656 -8.9375 -63.5 5.111223985234957 11 
0003 0008 1665581195365121 8.9375 -56.5 0.9510680884890975 11 
0003 0010 1665581195366501 -21.9375 -58.0 4.448544284868359 11 
0003 0009 1665581195367356 -39.0 -64.5 6.22182607566416 11 
0003 0014 1665581195369102 -78.0625 -68.0 5.289165756629691 11 
0003 0006 1665581195370925 -61.8125 -61.0 6.154330920997192 11 
0003 0001 1665581195372669 260.375 -68.5 0.2699806186678728 11 
0003 0004 1665581195373607 21.9375 -62.0 6.111379458936394 11 
0003 0007 1665581195375116 -61.0 -72.0 0.8344855486097889 11 
0003 0002 1665581195392901 11.4375 -77.0 4.767612288748572 11 
0003 0014 1665581195475139 -169.25 -71.5 5.080544369477243 11 
0003 0008 1665581195476301 -4.0625 -54.0 1.086058397823034 11 
0003 0006 1665581195477724 -104.125 -65.5 4.28287435977671 11 
0003 0005 1665581195478620 -4.0625 -66.5 2.9636508821950587 11 
0003 0001 1665581195480965 48.0 -68.0 0.21475731030398976 11 
0003 0010 1665581195481805 30.0625 -58.5 3.9147189706841563 11 
0003 0004 1665581195483058 52.0625 -65.0 5.553010452146021 11 
0003 0009 1665581195485019 30.0625 -62.0 0.5829126993965437 11 
0003 0007 1665581195486274 -117.125 -67.5 2.1046216409791 11 
0003 0012 1665581195538609 4.375 -71.5 4.890330751779424 11 
0003 0011 1665581195585964 3.375 -70.0 1.2455923997631406 11 
0003 0014 1665581195602481 -4.0625 -68.5 5.092816215780329 11 
0003 0011 1665581195603850 -130.1875 -65.5 4.6448938257177215 11 
0003 0005 1665581195606887 -21.9375 -66.0 0.5031456984264903 11 
0003 0012 1665581195607889 65.0625 -66.0 1.4480778637640452 11 
0003 0001 1665581195609309 -117.125 -68.0 0.9081166264282996 11 
0003 0008 1665581195610726 13.0 -55.0 1.9512235621905356 11 
0003 0000 1665581195612545 48.0 -72.0 2.9575149590435164 11 
0003 0010 1665581195613415 -39.0 -66.0 3.9453985864418692 11 
0003 0009 1665581195614455 -39.0 -69.5 0.3129320807286708 11 
0003 0004 1665581195615323 43.125 -62.5 0.6135923151542565 11 
0003 0007 1665581195617067 17.0625 -70.0 4.2031073588066565 11 
0003 0013 1665581195698074 -1.75 -74.0 0.5583690067903734 11 
0003 0006 1665581195704082 0.1875 -72.0 5.019185137961818 11 
0003 0008 1665581195732823 -4.0625 -53.5 1.7671458676442586 11 
0003 0000 1665581195735355 -69.125 -67.5 3.6999616603801666 11 
0003 0005 1665581195736323 34.9375 -61.0 1.9082721001297376 11 
0003 0012 1665581195737280 -48.0 -64.5 0.7363107781851077 11 
0003 0001 1665581195738968 30.0625 -68.5 0.9387962421860124 11 
0003 0004 1665581195740349 -56.125 -59.5 5.767767762450011 11 
0003 0006 1665581195741330 43.125 -68.5 4.816699673960914 11 
0003 0014 1665581195742255 -69.125 -68.5 5.141903600992669 11 
0003 0010 1665581195743122 4.0625 -59.5 3.5772431973493153 11 
0003 0007 1665581195746322 -30.0625 -67.5 5.307573526084319 11 
0003 0011 1665581195747352 -342.5625 -71.0 4.387185053352934 11 
0003 0009 1665581195770999 4.0625 -69.0 0.6872233929727672 11 
0003 0002 1665581195781440 -11.4375 -78.5 6.000932842208628 11 
0003 0010 1665581195850549 -17.0625 -59.5 2.693670263527186 11 
0003 0003 1665581195852595 191.1875 -72.0 5.632777453116074 11 
0003 0000 1665581195853476 21.9375 -65.0 3.3624858870453256 11 
0003 0001 1665581195854630 186.3125 -67.5 0.8835729338221293 11 
0003 0007 1665581195855780 -21.9375 -68.5 4.945554060143307 11 
0003 0008 1665581195856700 0.0 -55.0 0.9326603190344698 11 
0003 0002 1665581195857575 -234.3125 -71.5 2.466641106920111 11 
0003 0012 1665581195862539 -26.0 -63.0 0.3865631585471816 11 
0003 0009 1665581195864326 -4.0625 -62.5 4.239922897715912 11 
0003 0005 1665581195865834 34.9375 -61.0 2.8654761117703775 11 
0003 0004 1665581195867118 34.9375 -68.0 4.620350133111551 11 
0003 0006 1665581195955363 1.25 -69.0 2.1475731030398975 11 
0003 0007 1665581195974317 -134.25 -68.5 5.460971604872882 11 
0003 0008 1665581195975736 -17.0625 -59.5 1.0185632431560658 11 
0003 0000 1665581195976876 -212.375 -66.5 3.215223731408304 11 
0003 0001 1665581195977785 191.1875 -66.5 1.3744467859455345 11 
0003 0006 1665581195978950 -174.9375 -66.5 2.791845033951867 11 
0003 0010 1665581195980141 8.9375 -60.5 3.3195344249845276 11 
0003 0012 1665581195981294 30.0625 -61.5 0.3374757733348411 11 
0003 0009 1665581195983066 0.0 -64.0 4.700117134081604 11 
0003 0005 1665581195985126 -39.0 -60.5 1.9266798695843652 11 
0003 0011 1665581195997655 31.3125 -69.5 5.019185137961818 11 
0003 0001 1665581196085050 87.0625 -69.0 2.1905245651006955 11 
0003 0011 1665581196086772 -78.0625 -66.5 5.240078371417351 11 
0003 0007 1665581196087657 -121.25 -68.0 5.368932757599744 11 
0003 0008 1665581196088821 87.0625 -63.0 1.0983302441261191 11 
0003 0009 1665581196089716 -8.9375 -66.5 5.190990986205009 11 
0003 0012 1665581196091852 34.9375 -63.0 0.30679615757712825 11 
0003 0005 1665581196093258 -21.9375 -62.5 0.859029241215959 11 
0003 0000 1665581196094242 -78.0625 -66.5 3.043417883165112 11 
0003 0010 1665581196095167 -30.0625 -61.0 3.5588354278946874 11 
0003 0006 1665581196119973 -0.75 -73.5 0.8283496254582462 11 
0003 0014 1665581196126124 28.5 -74.0 4.466952054322987 11 
0003 0003 1665581196151630 -1.1875 -73.5 0.8528933180644165 11 
0003 0015 1665581196172754 4.375 -73.0 0.5706408530934585 11 
0003 0008 1665581196222606 74.0 -63.5 0.30066023442558565 11 
0003 0011 1665581196224014 -82.1875 -70.0 2.8654761117703775 11 
0003 0000 1665581196225195 -87.0625 -64.5 2.2457478734645786 11 
0003 0012 1665581196227337 -8.9375 -68.5 6.2034183062095325 11 
0003 0010 1665581196228521 34.9375 -59.5 3.08636934522591 11 
0003 0007 1665581196229644 -21.9375 -63.5 2.9759227284981438 11 
0003 0005 1665581196232187 -61.0 -62.0 5.516194913236766 11 
0003 0001 1665581196233579 -65.0625 -70.0 2.2089323345553233 11 
0003 0003 1665581196235495 26.0 -67.0 0.0859029241215959 11 
0003 0006 1665581196236433 -38.1875 -61.5 2.380738182798515 11 
0003 0009 1665581196237330 165.1875 -65.5 5.460971604872882 11 
0003 0015 1665581196255271 15.375 -72.5 0.4970097752749477 11 
0003 0003 1665581196337894 195.25 -70.0 5.405748296509 11 
0003 0005 1665581196338776 130.1875 -66.5 3.4054373491061236 11 
0003 0006 1665581196340845 -14.625 -60.0 3.2397674240144743 11 
0003 0009 1665581196341782 -4.0625 -61.5 6.270913460876501 11 
0003 0001 1665581196342894 147.25 -70.0 2.086213871524472 11 
0003 0007 1665581196344768 8.9375 -65.0 0.21475731030398976 11 
0003 0000 1665581196345937 113.0625 -67.5 1.282407938672396 11 
0003 0012 1665581196347317 61.0 -62.5 0.6013204688511713 11 
0003 0010 1665581196348739 -48.0 -57.5 3.9453985864418692 11 
0003 0008 1665581196349664 34.9375 -64.0 6.264777537724958 11 
0003 0011 1665581196395552 1.625 -72.0 1.3744467859455345 11 
0003 0014 1665581196451170 1.5 -75.0 1.5707963267948966 11 
0003 0004 1665581196459619 1.9375 -72.5 1.533980787885641 11 
0003 0006 1665581196468148 -85.4375 -66.0 4.061981126321178 11 
0003 0011 1665581196469004 -43.125 -64.0 3.730641276137879 11 
0003 0007 1665581196469888 -26.0 -65.0 3.184544115650591 11 
0003 0009 1665581196473377 17.0625 -59.5 6.1850105367549055 11 
0003 0004 1665581196474742 17.0625 -70.0 1.3744467859455345 11 
0003 0012 1665581196476167 -48.0 -65.5 1.0185632431560658 11 
0003 0008 1665581196478265 43.125 -62.5 6.068427996875596 11 
0003 0010 1665581196479188 -8.9375 -58.5 3.479068426924634 11 
0003 0000 1665581196481051 117.125 -70.0 2.1230294104337273 11 
0003 0001 1665581196483139 48.0 -69.5 2.399145952253143 11 
0003 0014 1665581196502469 16.3125 -74.5 4.853515212870168 11 
0003 0003 1665581196535954 -1.1875 -76.0 4.485359823777615 11 
0003 0001 1665581196589373 4.0625 -71.5 1.7119225592803755 11 
0003 0004 1665581196591673 0.0 -59.0 1.012427320004523 11 
0003 0008 1665581196593041 -17.0625 -59.5 4.700117134081604 11 
0003 0006 1665581196594206 9.75 -67.5 1.7426021750380885 11 
0003 0011 1665581196595090 8.9375 -59.0 2.454369260617026 11 
0003 0009 1665581196596016 26.0 -60.5 4.945554060143307 11 
0003 0010 1665581196598229 -52.0625 -63.0 3.172272269347506 11 
0003 0003 1665581196600908 -82.1875 -70.5 0.6872233929727672 11 
0003 0012 1665581196611539 18.25 -70.0 4.9302142522644505 11 
0003 0005 1665581196630637 9.75 -73.0 0.12885438618239387 11 
0003 0007 1665581196698936 -2.4375 -74.0 1.3437671701878218 11 
0003 0014 1665581196709346 -5.3125 -75.5 2.000310947402876 11 
0003 0009 1665581196716371 -113.0625 -64.0 5.5714182216006485 11 
0003 0014 1665581196717552 -117.125 -74.0 5.190990986205009 11 
0003 0008 1665581196719325 0.0 -55.5 4.767612288748572 11 
0003 0011 1665581196721292 -30.0625 -58.0 2.5034566458293663 11 
0003 0004 1665581196722217 -26.0 -59.0 1.846912868614312 11 
0003 0007 1665581196724066 104.125 -72.5 0.8344855486097889 11 
0003 0010 1665581196725545 -26.0 -67.0 3.773592738198677 11 
0003 0010 1665581196821835 -61.0 -60.5 4.896466674930966 11 
0003 0015 1665581196825232 91.125 -70.5 6.062292073724054 11 
0003 0008 1665581196826649 -30.0625 -57.0 5.460971604872882 11 
0003 0011 1665581196827603 21.9375 -59.0 2.509592568980909 11 
0003 0014 1665581196829619 -26.0 -66.0 5.227806525114265 11 
0003 0009 1665581196831635 -4.0625 -62.0 0.9817477042468103 11 
0003 0004 1665581196833215 17.0625 -62.5 2.141437179888355 11 
0003 0007 1665581196834103 -277.4375 -72.0 0.6442719309119693 11 
0003 0005 1665581196839766 -30.0625 -71.0 3.399301425954581 11 
0003 0007 1665581196934870 4.0625 -70.0 4.97623367590102 11 
0003 0010 1665581196936081 -21.9375 -55.5 4.546719055293041 11 
0003 0011 1665581196939201 -13.0 -61.0 1.6689710972195777 11 
0003 0008 1665581196941206 -43.125 -60.0 5.2768939103266055 11 
0003 0015 1665581196942404 117.125 -70.0 5.878214379177777 11 
0003 0004 1665581196943310 -4.0625 -60.5 2.0493983326152168 11 
0003 0009 1665581196944479 -30.0625 -63.0 6.117515382087937 11 
0003 0014 1665581196945732 -48.0 -70.5 5.184855063053467 11 
0003 0005 1665581197053689 -0.5625 -76.5 4.896466674930966 11 
0003 0014 1665581197060878 -30.0625 -66.5 5.184855063053467 11 
0003 0010 1665581197062923 4.0625 -55.5 4.608078286808466 11 
0003 0009 1665581197063823 -182.25 -66.5 0.3374757733348411 11 
0003 0011 1665581197064987 -4.0625 -59.0 2.791845033951867 11 
0003 0015 1665581197065857 0.0 -66.5 0.030679615757712823 11 
0003 0004 1665581197068416 13.0 -60.0 3.117048960983623 11 
0003 0008 1665581197069328 -30.0625 -63.0 5.344389064993574 11 
0003 0010 1665581197175079 -13.0 -59.0 4.76147636559703 11 
0003 0014 1665581197176445 87.0625 -64.5 5.080544369477243 11 
0003 0011 1665581197179994 -13.0 -59.0 3.6201946594101133 11 
0003 0008 1665581197180862 -34.9375 -62.0 5.5284667595398505 11 
0003 0004 1665581197182041 -13.0 -57.5 3.5342917352885173 11 
0003 0015 1665581197182926 65.0625 -68.5 6.270913460876501 11 
0003 0009 1665581197184404 -8.9375 -66.5 5.988660995905543 11 
0003 0006 1665581197207902 5.3125 -70.5 4.822835597112456 11 
0003 0011 1665581197282578 -39.0 -63.5 3.2949907323783574 11 
0003 0005 1665581197284231 -39.0 -69.0 4.227651051412827 11 
0003 0004 1665581197285099 13.0 -56.5 3.0495538063166547 11 
0003 0009 1665581197286239 34.9375 -67.0 5.086680292628786 11 
0003 0014 1665581197287391 -108.1875 -69.0 5.258486140871978 11 
0003 0010 1665581197289463 4.0625 -58.5 3.706097583531709 11 
0003 0008 1665581197291517 -48.0 -57.0 4.902602598082509 11 
0003 0006 1665581197294711 4.0625 -58.5 0.9633399347921826 11 
0003 0002 1665581197297797 -126.125 -69.5 1.1780972450961724 11 
0003 0015 1665581197298696 -26.0 -71.0 6.166602767300278 11 
0003 0001 1665581197322206 8.0625 -72.0 4.92714629068868 11 
0003 0007 1665581197354656 -5.3125 -72.5 6.209554229361076 11 
0003 0006 1665581197404603 -80.5625 -61.0 4.970097752749477 11 
0003 0015 1665581197405505 -130.1875 -69.5 0.0 11 
0003 0014 1665581197407425 -212.375 -67.5 5.577554144752192 11 
0003 0004 1665581197408604 -21.9375 -53.0 1.6444274046134073 11 
0003 0011 1665581197410240 -56.125 -62.0 3.436116964863836 11 
0003 0007 1665581197414073 -91.125 -68.5 1.932815792735908 11 
0003 0001 1665581197414969 61.0 -70.5 1.368310862793992 11 
0003 0008 1665581197415892 -13.0 -56.0 5.540738605842936 11 
0003 0010 1665581197417060 13.0 -54.0 4.601942363656923 11 
0003 0002 1665581197418239 -87.0625 -70.0 5.767767762450011 11 
0003 0009 1665581197419506 39.0 -61.5 5.0682725231741586 11 
0003 0013 1665581197446789 -8.0625 -75.0 0.3129320807286708 11 
0003 0005 1665581197474020 3.625 -69.0 0.9940195505498954 11 
0003 0011 1665581197528179 -52.0625 -60.0 4.9823695990525625 11 
0003 0008 1665581197530218 -8.9375 -53.0 0.4540583132141498 11 
0003 0009 1665581197531115 39.0 -65.5 0.4970097752749477 11 
0003 0010 1665581197532039 -13.0 -54.0 4.522175362686871 11 
0003 0004 1665581197533856 4.0625 -50.0 0.22089323345553233 11 
0003 0001 1665581197534711 74.0 -68.5 1.7119225592803755 11 
0003 0007 1665581197537770 -4.0625 -64.5 0.5951845456996288 11 
0003 0014 1665581197538812 -173.3125 -64.0 5.608233760509904 11 
0003 0005 1665581197540532 100.0625 -67.5 3.129320807286708 11 
0003 0002 1665581197542337 -34.9375 -72.5 4.773748211900116 11 
0003 0006 1665581197568769 -11.4375 -71.5 5.8659425328746915 11 
0003 0008 1665581197644148 21.9375 -54.0 0.006135923151542565 11 
0003 0010 1665581197646650 26.0 -57.5 3.80427235395639 11 
0003 0007 1665581197647563 61.0 -66.0 2.4727770300716534 11 
0003 0004 1665581197648728 -8.9375 -52.5 5.190990986205009 11 
0003 0006 1665581197649911 165.1875 -69.5 4.227651051412827 11 
0003 0011 1665581197651077 -65.0625 -67.0 3.773592738198677 11 
0003 0014 1665581197653261 -69.125 -66.5 5.755495916146925 11 
0003 0005 1665581197654156 -8.9375 -63.0 2.2027964114037806 11 
0003 0001 1665581197656275 -21.9375 -67.0 0.9510680884890975 11 
0003 0002 1665581197658726 -78.0625 -72.5 3.7981364308048478 11 
0003 0009 1665581197665931 -6.5 -69.0 6.24330180669456 11 
0003 0012 1665581197746700 2.5 -69.5 4.135612204139688 11 
0003 0004 1665581197763218 -4.0625 -55.0 4.006757817957295 11 
0003 0007 1665581197764629 87.0625 -70.5 2.9329712664373457 11 
0003 0005 1665581197766023 -82.1875 -60.5 3.9515345095934116 11 
0003 0010 1665581197767401 -48.0 -58.0 3.3011266555298997 11 
0003 0008 1665581197768834 -8.9375 -58.0 0.20248546400090464 11 
0003 0014 1665581197770213 -8.9375 -65.5 5.632777453116074 11 
0003 0002 1665581197771578 95.1875 -70.0 1.7794177139473437 11 
0003 0011 1665581197773723 21.9375 -65.0 5.006913291658733 11 
0003 0001 1665581197776080 65.0625 -67.0 0.6872233929727672 11 
0003 0012 1665581197778457 -74.0 -66.5 1.3744467859455345 11 
0003 0013 1665581197799872 2.4375 -70.5 5.9088939949354895 11 
0003 0006 1665581197861748 -2.5 -70.0 1.5830681730979816 11 
0003 0008 1665581197884658 -48.0 -64.5 0.25157284921324513 11 
0003 0012 1665581197885853 8.9375 -64.0 0.662679700366597 11 
0003 0011 1665581197887746 -87.0625 -64.0 4.448544284868359 11 
0003 0001 1665581197888613 -30.0625 -66.5 0.2638446955163303 11 
0003 0006 1665581197890512 -66.6875 -66.5 4.4976316700806995 11 
0003 0010 1665581197891829 0.0 -62.5 2.2089323345553233 11 
0003 0013 1665581197893003 -17.0625 -63.5 6.007068765360171 11 
0003 0007 1665581197893930 100.0625 -70.5 4.473087977474529 11 
0003 0004 1665581197896782 21.9375 -56.5 1.6321555583103222 11 
0003 0002 1665581197897962 121.25 -68.5 0.944932165337555 11 
0003 0005 1665581197899698 -39.0 -64.0 4.9394181369917645 11 
0003 0014 1665581197902811 -52.0625 -64.0 5.338253141842031 11 
0003 0011 1665581197998355 -117.125 -67.5 4.227651051412827 11 
0003 0005 1665581198000029 8.9375 -60.5 4.865787059173254 11 
0003 0008 1665581198001180 -8.9375 -62.5 0.07976700097005335 11 
0003 0001 1665581198003670 -52.0625 -67.0 5.994796919057086 11 
0003 0004 1665581198004609 -43.125 -58.0 0.8467573949128739 11 
0003 0013 1665581198005973 -87.0625 -68.5 3.6999616603801666 11 
0003 0014 1665581198007337 -74.0 -69.0 5.565282298449106 11 
0003 0009 1665581198008445 48.0 -67.0 0.7547185476397354 11 
0003 0006 1665581198009606 0.0 -64.0 3.650874275167826 11 
0003 0010 1665581198010790 -13.0 -61.0 1.5155730184310134 11 
0003 0000 1665581198012840 -13.0 -71.0 1.8407769454627694 11 
0003 0012 1665581198014111 108.1875 -65.5 5.00077736850719 11 
0003 0002 1665581198015006 -56.125 -66.0 0.5829126993965437 11 
0003 0007 1665581198015979 -230.25 -70.5 4.06811704947272 11 
0003 0015 1665581198065429 3.1875 -73.0 0.4111068511533518 11 
0003 0006 1665581198118388 52.0625 -70.5 1.9819031779482483 11 
0003 0005 1665581198119579 8.9375 -59.0 4.0128937411088375 11 
0003 0010 1665581198120463 -17.0625 -59.5 0.8774370106705868 11 
0003 0013 1665581198121379 -56.125 -61.0 5.1725832167503825 11 
0003 0002 1665581198122331 -26.0 -70.0 0.5338253141842031 11 
0003 0001 1665581198124464 -52.0625 -66.5 0.3865631585471816 11 
0003 0008 1665581198125418 -52.0625 -64.5 0.1595340019401067 11 
0003 0007 1665581198130928 -126.125 -70.0 4.049709280018092 11 
0003 0014 1665581198131840 -113.0625 -67.0 5.424156065963627 11 
0003 0009 1665581198133234 -139.125 -68.5 1.1290098598838318 11 
0003 0012 1665581198134162 -104.125 -62.0 5.1725832167503825 11 
0003 0004 1665581198135041 -4.0625 -57.5 0.5031456984264903 11 
