0003 0005 1665582243625158 8.9375 -71.0 4.706253057233147 12 
0003 0010 1665582243626117 108.1875 -68.0 0.9326603190344698 12 
0003 0009 1665582243628877 -8.9375 -59.0 1.1474176293384597 12 
0003 0013 1665582243630216 13.0 -60.5 5.246214294568893 12 
0003 0015 1665582243631189 -160.3125 -70.0 4.374913207049849 12 
0003 0002 1665582243632093 0.0 -71.0 5.405748296509 12 
0003 0008 1665582243632996 -117.125 -66.0 2.282563412373834 12 
0003 0011 1665582243633906 48.0 -58.0 0.7363107781851077 12 
0003 0004 1665582243637875 -4.0625 -71.0 4.172427743048944 12 
0003 0001 1665582243639640 -82.1875 -69.5 1.7119225592803755 12 
0003 0007 1665582243649720 -19.5 -74.0 0.3650874275167826 12 
0003 0001 1665582243664830 3.1875 -72.0 4.718524903536232 12 
0003 0006 1665582243698124 -2.875 -73.0 0.2086213871524472 12 
0003 0014 1665582243734830 3.125 -69.0 4.994641445355648 12 
0003 0011 1665582243755408 0.0 -57.0 1.4358060174609601 12 
0003 0014 1665582243757871 34.9375 -63.0 4.6448938257177215 12 
0003 0009 1665582243758739 56.125 -61.0 1.184233168247715 12 
0003 0006 1665582243759874 -4.0625 -68.5 3.08636934522591 12 
0003 0008 1665582243760803 -52.0625 -65.0 2.2886993355253766 12 
0003 0013 1665582243761725 0.0 -63.0 6.234097921967246 12 
0003 0010 1665582243763295 -108.1875 -66.0 1.736466251886546 12 
0003 0004 1665582243764190 -100.0625 -71.5 3.9453985864418692 12 
0003 0002 1665582243767022 178.1875 -72.0 5.00077736850719 12 
0003 0001 1665582243792209 0.75 -72.5 1.4419419406125027 12 
0003 0013 1665582243869007 8.9375 -62.5 0.8467573949128739 12 
0003 0014 1665582243871255 -69.125 -68.5 3.2765829629237295 12 
0003 0006 1665582243872136 18.6875 -64.0 2.9022916506796332 12 
0003 0008 1665582243873104 17.0625 -65.5 2.5464081078901644 12 
0003 0011 1665582243875486 39.0 -60.0 1.705786636128833 12 
0003 0002 1665582243876625 195.25 -71.0 4.681709364626977 12 
0003 0010 1665582243877799 0.0 -60.5 1.3069516312785663 12 
0003 0004 1665582243879450 -26.0 -69.5 4.362641360746763 12 
0003 0009 1665582243880345 -4.0625 -65.5 1.4051264017032472 12 
0003 0001 1665582243897431 -4.0625 -73.0 1.2455923997631406 12 
0003 0012 1665582243961489 0.4375 -77.5 1.6198837120072371 12 
0003 0006 1665582243986517 -21.9375 -64.0 2.718213956133356 12 
0003 0009 1665582243987814 -143.1875 -66.0 2.1475731030398975 12 
0003 0013 1665582243988698 -13.0 -61.0 2.116893487282185 12 
0003 0008 1665582243992697 -30.0625 -68.5 2.84706834231575 12 
0003 0004 1665582243993738 -52.0625 -70.5 4.01902966426038 12 
0003 0011 1665582243994875 69.125 -59.0 2.172116795646068 12 
0003 0010 1665582243995773 13.0 -58.5 0.5645049299419159 12 
0003 0002 1665582244004978 -178.1875 -73.5 5.338253141842031 12 
0003 0012 1665582244007832 -355.5625 -73.5 3.9699422790480394 12 
0003 0001 1665582244059264 -2.5625 -73.0 4.871922982324796 12 
0003 0009 1665582244107858 -48.0 -67.5 1.0799224746714913 12 
0003 0004 1665582244108769 -143.1875 -70.0 3.988350048502667 12 
0003 0011 1665582244109892 26.0 -65.0 1.6689710972195777 12 
0003 0006 1665582244111071 56.125 -62.5 1.8714565612204823 12 
0003 0010 1665582244114780 17.0625 -58.0 6.1850105367549055 12 
0003 0008 1665582244116584 -34.9375 -68.5 1.9082721001297376 12 
0003 0002 1665582244127866 -47.5625 -75.0 5.890486225480862 12 
0003 0012 1665582244166052 -1.9375 -71.0 5.307573526084319 12 
0003 0010 1665582244217693 -39.0 -57.5 5.546874528994478 12 
0003 0009 1665582244219482 -43.125 -60.5 1.9880391010997909 12 
0003 0014 1665582244220872 -43.125 -68.5 3.816544200259475 12 
0003 0006 1665582244222876 -34.9375 -62.0 2.337786720737717 12 
0003 0002 1665582244224028 87.0625 -74.0 5.5714182216006485 12 
0003 0008 1665582244225181 61.0 -63.5 2.435961491162398 12 
0003 0015 1665582244226107 -43.125 -59.5 3.4913402732277192 12 
0003 0004 1665582244227726 -169.25 -69.5 3.847223816017188 12 
0003 0012 1665582244228907 100.0625 -69.0 1.7426021750380885 12 
0003 0007 1665582244281139 -10.1875 -76.5 0.4908738521234052 12 
0003 0005 1665582244284878 -0.4375 -75.5 1.2885438618239387 12 
0003 0008 1665582244335938 4.0625 -62.5 2.84706834231575 12 
0003 0009 1665582244337601 26.0 -60.0 2.184388641949153 12 
0003 0002 1665582244338512 -91.125 -73.5 5.964117303299373 12 
0003 0014 1665582244339693 -26.0 -66.5 4.522175362686871 12 
0003 0010 1665582244344292 -21.9375 -58.0 5.522330836388308 12 
0003 0004 1665582244345461 -65.0625 -68.0 3.9147189706841563 12 
0003 0015 1665582244346414 -4.0625 -60.5 2.662990647769473 12 
0003 0006 1665582244347354 78.0625 -62.5 2.859340188618835 12 
0003 0005 1665582244350095 113.0625 -71.0 0.8897088569736719 12 
0003 0013 1665582244463953 1.5 -70.5 0.07363107781851078 12 
0003 0012 1665582244491616 17.0625 -64.5 4.651029748869264 12 
0003 0006 1665582244492869 -52.0625 -64.5 2.7979809571034093 12 
0003 0011 1665582244493780 13.0 -63.0 2.067806102069844 12 
0003 0009 1665582244494648 -26.0 -63.5 2.12916533358527 12 
0003 0004 1665582244496377 -61.0 -68.5 4.424000592262189 12 
0003 0010 1665582244497513 21.9375 -56.5 0.28225246497095796 12 
0003 0013 1665582244498814 26.0 -68.5 5.424156065963627 12 
0003 0015 1665582244500209 -39.0 -69.0 1.6812429435226628 12 
0003 0008 1665582244501916 -204.25 -66.5 3.3195344249845276 12 
0003 0002 1665582244503631 -156.1875 -73.5 6.025476534814799 12 
0003 0007 1665582244547602 9.0 -76.5 5.822991070813893 12 
0003 0014 1665582244596156 -5.5625 -74.0 6.019340611663256 12 
0003 0004 1665582244622904 -39.0 -70.0 4.706253057233147 12 
0003 0009 1665582244623985 -95.1875 -64.5 2.448233337465483 12 
0003 0010 1665582244625335 17.0625 -60.0 0.859029241215959 12 
0003 0002 1665582244626968 74.0 -73.0 5.307573526084319 12 
0003 0015 1665582244629975 -134.25 -68.0 0.6872233929727672 12 
0003 0012 1665582244631950 -4.0625 -61.5 5.608233760509904 12 
0003 0011 1665582244633131 -30.0625 -58.5 2.736621725587984 12 
0003 0006 1665582244635348 -43.125 -65.5 3.147728576741336 12 
0003 0008 1665582244636258 43.125 -66.5 3.810408277107933 12 
0003 0014 1665582244659674 4.875 -73.0 0.380427235395639 12 
0003 0001 1665582244729113 -2.1875 -74.0 5.534602682691394 12 
0003 0009 1665582244742137 95.1875 -63.5 1.2578642460662257 12 
0003 0010 1665582244743104 -4.0625 -61.0 1.5401167110371838 12 
0003 0015 1665582244744218 126.125 -66.5 0.44178646691106466 12 
0003 0014 1665582244745157 -74.0 -64.0 3.0066023442558567 12 
0003 0006 1665582244748830 30.0625 -70.5 3.4606606574700063 12 
0003 0011 1665582244749756 -39.0 -57.5 2.270291566070749 12 
0003 0004 1665582244751813 -108.1875 -71.5 4.516039439535327 12 
0003 0002 1665582244753589 52.0625 -72.0 5.540738605842936 12 
0003 0008 1665582244754515 -30.0625 -69.5 2.60776733940559 12 
0003 0001 1665582244777192 0.0 -73.0 5.411884219660542 12 
0003 0007 1665582244799581 -4.875 -76.0 1.3130875544301088 12 
0003 0005 1665582244826266 2.5 -77.0 2.779573187648782 12 
0003 0013 1665582244861104 17.0625 -66.0 1.1780972450961724 12 
0003 0014 1665582244863391 -30.0625 -66.0 3.2949907323783574 12 
0003 0009 1665582244865784 13.0 -59.5 1.141281706186917 12 
0003 0008 1665582244866669 -30.0625 -70.5 1.7548740213411735 12 
0003 0011 1665582244868144 4.0625 -56.5 2.2457478734645786 12 
0003 0015 1665582244869301 -39.0 -66.0 1.902136176978195 12 
0003 0004 1665582244870228 -134.25 -70.5 4.239922897715912 12 
0003 0005 1665582244872431 -377.5625 -73.5 6.258641614573416 12 
0003 0002 1665582244874206 130.1875 -72.0 4.921010367537137 12 
0003 0010 1665582244875330 -21.9375 -69.0 1.2087768608538851 12 
0003 0001 1665582244894123 10.5 -72.5 5.166447293598839 12 
0003 0009 1665582244971886 39.0 -60.0 1.368310862793992 12 
0003 0002 1665582244973904 -143.1875 -72.0 5.375068680751287 12 
0003 0013 1665582244975448 0.0 -58.0 5.141903600992669 12 
0003 0011 1665582244977201 17.0625 -57.0 2.110757564130642 12 
0003 0005 1665582244978143 91.125 -72.0 5.313709449235861 12 
0003 0004 1665582244980989 82.1875 -75.0 4.221515128261284 12 
0003 0008 1665582244982738 -26.0 -65.5 2.675262494072558 12 
0003 0007 1665582245000116 -20.25 -75.0 1.1106020904292042 12 
0003 0001 1665582245007791 11.4375 -73.0 4.804427827657828 12 
0003 0015 1665582245036177 1.625 -74.5 5.798447378207723 12 
0003 0010 1665582245040806 5.0 -70.5 0.944932165337555 12 
0003 0014 1665582245046096 -4.25 -71.5 4.9823695990525625 12 
0003 0009 1665582245095787 17.0625 -62.0 1.1658253987930873 12 
0003 0014 1665582245096713 17.0625 -59.5 4.270602513473625 12 
0003 0002 1665582245098035 -56.125 -72.0 5.332117218690489 12 
0003 0015 1665582245098947 4.0625 -68.0 1.6873788666742053 12 
0003 0010 1665582245100115 17.0625 -64.0 1.5278448647340985 12 
0003 0004 1665582245101012 -4.0625 -71.0 4.006757817957295 12 
0003 0005 1665582245101885 -186.3125 -72.5 5.595961914206819 12 
0003 0008 1665582245102823 69.125 -65.0 2.0371264863121317 12 
0003 0011 1665582245103960 -4.0625 -57.5 1.8285050991596843 12 
0003 0013 1665582245108081 8.9375 -60.0 5.700272607783043 12 
0003 0001 1665582245127291 11.4375 -72.0 1.6444274046134073 12 
0003 0010 1665582245206658 -8.9375 -60.5 1.2946797849754812 12 
0003 0012 1665582245208481 -121.25 -73.0 0.8467573949128739 12 
0003 0011 1665582245209604 43.125 -60.5 1.9819031779482483 12 
0003 0002 1665582245211036 -82.1875 -74.0 5.497787143782138 12 
0003 0013 1665582245211963 -13.0 -60.0 0.6872233929727672 12 
0003 0009 1665582245213502 -34.9375 -67.0 1.5953400194010667 12 
0003 0006 1665582245214709 -91.125 -67.0 2.5709518004963345 12 
0003 0004 1665582245216060 -74.0 -69.0 4.417864669110647 12 
0003 0008 1665582245218891 48.0 -68.0 2.3316507975861747 12 
0003 0014 1665582245238072 -12.1875 -71.0 5.006913291658733 12 
0003 0001 1665582245248982 0.0 -72.5 1.761009944492716 12 
0003 0015 1665582245314984 -0.5625 -72.5 4.074252972624263 12 
0003 0009 1665582245330748 -39.0 -63.0 2.1782527187976104 12 
0003 0002 1665582245331817 329.5625 -73.5 6.105243535784852 12 
0003 0011 1665582245332713 21.9375 -59.0 1.846912868614312 12 
0003 0008 1665582245333624 -95.1875 -67.5 2.552544031041707 12 
0003 0010 1665582245334776 34.9375 -58.5 0.6320000846088841 12 
0003 0015 1665582245335692 -52.0625 -70.0 1.2517283229146832 12 
0003 0006 1665582245338142 17.0625 -68.5 2.4911847995262812 12 
0003 0004 1665582245339894 -65.0625 -68.5 4.325825821837508 12 
0003 0012 1665582245386971 0.4375 -72.5 6.080699843178682 12 
0003 0009 1665582245439888 100.0625 -66.5 0.9633399347921826 12 
0003 0011 1665582245442219 95.1875 -65.0 0.8099418560036186 12 
0003 0006 1665582245443145 108.1875 -65.5 2.141437179888355 12 
0003 0008 1665582245444479 -56.125 -67.0 1.4664856332186729 12 
0003 0004 1665582245447812 4.0625 -69.0 3.902447124381071 12 
0003 0010 1665582245449249 13.0 -60.0 0.380427235395639 12 
0003 0002 1665582245450943 -113.0625 -74.5 0.03681553890925539 12 
0003 0015 1665582245458751 9.75 -67.0 1.423534171157875 12 
0003 0012 1665582245470601 -17.0625 -71.0 4.657165672020807 12 
0003 0010 1665582245556015 -8.9375 -59.5 0.2454369260617026 12 
0003 0009 1665582245557284 61.0 -65.5 0.5092816215780329 12 
0003 0015 1665582245558166 21.9375 -59.5 3.227495577711389 12 
0003 0002 1665582245559318 34.9375 -75.5 5.8475347634200645 12 
0003 0012 1665582245560485 82.1875 -64.0 0.0 12 
0003 0006 1665582245561849 39.0 -64.0 1.945087639038993 12 
0003 0014 1665582245562998 -4.0625 -66.0 4.8351074434155406 12 
0003 0004 1665582245564096 -108.1875 -68.0 3.810408277107933 12 
0003 0008 1665582245565488 -30.0625 -65.0 1.2333205534600555 12 
0003 0011 1665582245566515 48.0 -72.0 5.7616318392984684 12 
0003 0009 1665582245671309 -78.0625 -62.5 1.2517283229146832 12 
0003 0006 1665582245672275 -134.25 -69.0 1.2210487071569704 12 
0003 0008 1665582245673960 -39.0 -64.5 1.5707963267948966 12 
0003 0011 1665582245675325 -74.0 -70.5 0.5276893910326605 12 
0003 0012 1665582245677531 121.25 -64.5 6.080699843178682 12 
0003 0010 1665582245678485 -61.0 -59.0 0.02454369260617026 12 
0003 0014 1665582245681255 -108.1875 -68.5 4.558990901596125 12 
0003 0015 1665582245683028 13.0 -60.0 3.117048960983623 12 
0003 0004 1665582245683898 -74.0 -68.0 3.6570101983193686 12 
0003 0002 1665582245686188 -100.0625 -74.5 5.957981380147831 12 
0003 0013 1665582245778103 13.0 -67.0 0.3129320807286708 12 
0003 0011 1665582245779724 13.0 -62.5 1.3499030933393643 12 
0003 0008 1665582245781502 26.0 -66.5 1.8530487917658545 12 
0003 0002 1665582245782666 26.0 -73.5 5.743224069843841 12 
0003 0009 1665582245784030 -13.0 -64.5 1.3314953238847365 12 
0003 0012 1665582245785195 -87.0625 -63.5 5.632777453116074 12 
0003 0004 1665582245786081 -108.1875 -68.5 3.706097583531709 12 
0003 0010 1665582245786948 13.0 -57.0 0.23316507975861744 12 
0003 0006 1665582245787815 100.0625 -65.5 1.6873788666742053 12 
0003 0015 1665582245789239 -65.0625 -69.0 3.3440781175906977 12 
0003 0001 1665582245860721 0.875 -74.0 4.767612288748572 12 
0003 0009 1665582245895992 39.0 -62.5 1.8223691760081417 12 
0003 0008 1665582245896886 -8.9375 -68.0 2.1537090261914402 12 
0003 0011 1665582245898112 -91.125 -58.0 1.9696313316451632 12 
0003 0010 1665582245901020 13.0 -59.5 0.7669903939428205 12 
0003 0012 1665582245903267 -74.0 -69.0 0.7179030087304801 12 
0003 0006 1665582245904205 -34.9375 -67.0 2.6200391857086753 12 
0003 0002 1665582245905145 -117.125 -73.0 5.338253141842031 12 
0003 0004 1665582245907107 -325.5 -69.5 4.466952054322987 12 
0003 0007 1665582245908259 147.25 -73.5 0.07976700097005335 12 
0003 0001 1665582245965092 7.125 -74.5 1.1719613219446299 12 
0003 0015 1665582246008376 -0.8125 -71.5 5.418020142812084 12 
0003 0005 1665582246018576 -0.8125 -77.0 1.8837284075235674 12 
0003 0008 1665582246025438 108.1875 -69.0 1.7303303287350031 12 
0003 0004 1665582246026531 -56.125 -69.0 4.28287435977671 12 
0003 0015 1665582246028295 4.0625 -67.5 2.662990647769473 12 
0003 0009 1665582246029704 52.0625 -64.5 0.1718058482431918 12 
0003 0011 1665582246030928 -26.0 -56.5 1.662835174068035 12 
0003 0014 1665582246032306 -48.0 -61.0 4.71238898038469 12 
0003 0002 1665582246033443 -91.125 -72.5 5.049864753719531 12 
0003 0010 1665582246035048 -13.0 -62.5 1.9082721001297376 12 
0003 0005 1665582246058855 4.875 -76.0 5.0682725231741586 12 
0003 0001 1665582246081998 -0.4375 -74.0 1.2087768608538851 12 
0003 0007 1665582246100046 3.625 -75.0 0.0674951546669682 12 
0003 0004 1665582246148726 -394.625 -71.5 4.81056375080937 12 
0003 0013 1665582246150401 56.125 -66.0 5.915029918087033 12 
0003 0009 1665582246151579 -8.9375 -62.0 0.8406214717613314 12 
0003 0002 1665582246153030 -100.0625 -70.0 5.381204603902829 12 
0003 0008 1665582246155488 -52.0625 -68.0 2.024854640009046 12 
0003 0010 1665582246157733 91.125 -66.0 1.227184630308513 12 
0003 0011 1665582246160947 43.125 -57.0 1.3130875544301088 12 
0003 0005 1665582246163325 0.0 -72.5 5.375068680751287 12 
0003 0015 1665582246164229 -56.125 -69.0 4.749204519293945 12 
0003 0007 1665582246165385 217.25 -71.5 3.6079228131070282 12 
0003 0001 1665582246187089 17.8125 -73.0 0.9756117810952678 12 
0003 0014 1665582246259608 -3.3125 -68.5 5.915029918087033 12 
0003 0015 1665582246271859 87.0625 -69.5 3.9760782021995817 12 
0003 0005 1665582246273043 52.0625 -73.5 5.049864753719531 12 
0003 0011 1665582246274487 -8.9375 -56.5 1.7241944055834606 12 
0003 0013 1665582246275362 65.0625 -65.5 0.47860200582032003 12 
0003 0014 1665582246276216 -39.0 -63.0 5.497787143782138 12 
0003 0004 1665582246277369 -87.0625 -69.5 4.651029748869264 12 
0003 0002 1665582246279682 160.3125 -72.5 5.043728830567988 12 
0003 0010 1665582246280591 -4.0625 -63.5 1.8653206380689396 12 
0003 0009 1665582246283207 -56.125 -63.5 0.6933593161243098 12 
0003 0008 1665582246285789 -87.0625 -68.5 1.761009944492716 12 
0003 0012 1665582246336396 3.1875 -77.5 0.8958447801252144 12 
0003 0001 1665582246340091 0.0 -73.5 4.516039439535327 12 
0003 0006 1665582246351975 -9.75 -74.0 6.22182607566416 12 
0003 0009 1665582246398814 43.125 -66.0 1.1167380135807468 12 
0003 0011 1665582246400067 -74.0 -60.5 2.3439226438892597 12 
0003 0004 1665582246400980 -147.25 -69.0 4.97623367590102 12 
0003 0012 1665582246402146 -8.9375 -68.0 4.331961744989051 12 
0003 0013 1665582246403796 -56.125 -62.0 2.098485717827557 12 
0003 0006 1665582246404719 26.0 -71.5 2.9575149590435164 12 
0003 0008 1665582246406377 65.0625 -69.0 2.043262409463674 12 
0003 0010 1665582246407245 48.0 -60.0 1.8162332528565992 12 
0003 0008 1665582246525033 21.9375 -68.0 2.662990647769473 12 
0003 0009 1665582246525958 69.125 -62.5 2.4850488763747385 12 
0003 0004 1665582246529299 -251.4375 -69.0 4.81056375080937 12 
0003 0011 1665582246530619 -30.0625 -59.5 2.337786720737717 12 
0003 0010 1665582246531752 0.0 -58.5 1.1903690913992575 12 
0003 0012 1665582246535232 -139.125 -72.0 3.902447124381071 12 
0003 0002 1665582246551122 117.1875 -75.5 0.07669903939428206 12 
0003 0009 1665582246633619 39.0 -66.0 1.5401167110371838 12 
0003 0002 1665582246634981 39.0 -72.5 0.2945243112740431 12 
0003 0008 1665582246636972 156.1875 -67.5 1.748738098189631 12 
0003 0011 1665582246637897 48.0 -64.0 1.3928545554001621 12 
0003 0004 1665582246639533 -269.3125 -68.0 4.473087977474529 12 
0003 0010 1665582246644689 -8.9375 -58.0 1.0676506283684062 12 
0003 0012 1665582246655156 24.0 -71.5 1.573864288370668 12 
0003 0006 1665582246663027 -4.875 -79.0 1.1290098598838318 12 
0003 0014 1665582246687865 2.5625 -72.5 4.828971520263998 12 
0003 0015 1665582246700260 0.75 -62.0 0.11658253987930872 12 
0003 0005 1665582246706481 -9.75 -77.5 1.1780972450961724 12 
0003 0012 1665582246753116 4.0625 -63.0 5.816855147662351 12 
0003 0014 1665582246755952 113.0625 -68.0 5.957981380147831 12 
0003 0010 1665582246757981 -13.0 -62.0 0.9265243958829272 12 
0003 0011 1665582246760308 -299.4375 -71.0 0.11658253987930872 12 
0003 0015 1665582246761558 87.0625 -64.0 3.6263305825616556 12 
0003 0004 1665582246762667 -13.0 -68.0 4.276738436625168 12 
0003 0008 1665582246763562 4.0625 -66.0 2.184388641949153 12 
0003 0009 1665582246764685 -8.9375 -62.5 1.718058482431918 12 
0003 0007 1665582246767653 -121.25 -74.0 4.583534594202296 12 
0003 0005 1665582246770070 91.125 -74.0 1.2333205534600555 12 
0003 0002 1665582246783740 80.125 -74.5 0.260776733940559 12 
0003 0006 1665582246788249 -13.0 -75.0 1.3437671701878218 12 
0003 0007 1665582246872421 52.0625 -72.5 4.466952054322987 12 
0003 0009 1665582246875158 -26.0 -62.5 1.7303303287350031 12 
0003 0010 1665582246876705 13.0 -60.5 0.5399612373357456 12 
0003 0008 1665582246877645 69.125 -66.5 2.2089323345553233 12 
0003 0004 1665582246878541 30.0625 -67.5 4.104932588381976 12 
0003 0015 1665582246879443 -65.0625 -66.5 3.1784081924990484 12 
0003 0011 1665582246880312 113.0625 -72.5 0.3129320807286708 12 
0003 0012 1665582246881225 -78.0625 -64.0 5.859806609723149 12 
0003 0014 1665582246882773 -217.25 -66.5 5.9518454569962875 12 
0003 0002 1665582246901982 151.75 -74.5 0.11351457830353745 12 
0003 0005 1665582246909750 -51.25 -76.5 4.3933209765044765 12 
0003 0006 1665582246990006 -0.4375 -78.0 4.295146206079795 12 
0003 0011 1665582247019404 95.1875 -61.5 2.748893571891069 12 
0003 0013 1665582247020292 -247.375 -74.5 5.21553467881118 12 
0003 0009 1665582247021247 117.125 -65.0 1.8530487917658545 12 
0003 0008 1665582247023077 -13.0 -68.5 2.6998061866787286 12 
0003 0012 1665582247024688 -39.0 -62.5 4.921010367537137 12 
0003 0010 1665582247025884 -21.9375 -57.5 0.7547185476397354 12 
0003 0004 1665582247026897 -139.125 -69.0 4.3933209765044765 12 
0003 0002 1665582247029551 178.1875 -74.0 0.37429131224409645 12 
0003 0006 1665582247040649 -11.75 -74.5 1.6045439041283807 12 
0003 0015 1665582247045256 -7.3125 -66.5 4.129476280988146 12 
0003 0006 1665582247125357 -52.0625 -71.5 2.60776733940559 12 
0003 0007 1665582247126722 -126.125 -72.0 0.30066023442558565 12 
0003 0009 1665582247127629 -4.0625 -65.0 2.497320722677824 12 
0003 0012 1665582247129566 8.9375 -61.5 5.313709449235861 12 
0003 0008 1665582247130702 0.0 -67.5 3.865631585471816 12 
0003 0011 1665582247133377 21.9375 -58.5 2.8716120349219203 12 
0003 0010 1665582247135353 17.0625 -60.0 1.2946797849754812 12 
0003 0002 1665582247136207 -152.125 -72.0 0.28225246497095796 12 
0003 0004 1665582247138472 -195.25 -70.0 4.865787059173254 12 
0003 0003 1665582247181146 3.8125 -77.0 5.411884219660542 12 
0003 0000 1665582247223509 -3.3125 -78.5 0.9756117810952678 12 
0003 0001 1665582247229542 2.1875 -75.0 0.25770877236478773 12 
0003 0004 1665582247265465 186.3125 -70.0 4.865787059173254 12 
0003 0011 1665582247266489 17.0625 -58.5 2.411417798556228 12 
0003 0008 1665582247267641 -147.25 -69.5 3.5342917352885173 12 
0003 0009 1665582247269538 82.1875 -65.5 1.5707963267948966 12 
0003 0010 1665582247271237 -26.0 -60.0 1.8039614065535141 12 
0003 0006 1665582247273752 151.3125 -68.0 2.9820586516496865 12 
0003 0002 1665582247275510 91.125 -70.5 0.2945243112740431 12 
0003 0006 1665582247371943 66.6875 -70.0 3.6263305825616556 12 
0003 0008 1665582247372867 -56.125 -69.5 2.804116880254952 12 
0003 0009 1665582247374301 4.0625 -62.5 1.3130875544301088 12 
0003 0010 1665582247376043 26.0 -64.5 1.4726215563702154 12 
0003 0013 1665582247377907 -21.9375 -71.5 2.356194490192345 12 
0003 0014 1665582247379058 17.0625 -61.5 3.6386024288647407 12 
0003 0011 1665582247380212 -13.0 -57.0 1.662835174068035 12 
0003 0004 1665582247382638 -26.0 -69.5 4.7307967498393175 12 
0003 0002 1665582247384187 4.0625 -71.0 0.20248546400090464 12 
0003 0005 1665582247403498 2.4375 -76.0 5.700272607783043 12 
0003 0015 1665582247526856 1.25 -73.5 1.2026409377023426 12 
0003 0006 1665582247535411 -7.0 -73.5 1.0921943209745766 12 
0003 0010 1665582247542504 8.9375 -67.5 1.239456476611598 12 
0003 0011 1665582247547484 26.0 -56.5 2.497320722677824 12 
0003 0008 1665582247548410 -43.125 -68.5 2.9943304979527716 12 
0003 0014 1665582247549873 43.125 -61.5 3.497476196379262 12 
0003 0009 1665582247551352 -43.125 -62.0 1.6751070203711202 12 
0003 0013 1665582247552267 134.25 -67.0 1.4051264017032472 12 
0003 0004 1665582247555262 65.0625 -70.0 4.693981210930062 12 
0003 0002 1665582247556557 -30.0625 -72.0 0.4172427743048944 12 
0003 0006 1665582247584223 10.5 -71.0 0.7669903939428205 12 
0003 0012 1665582247619892 1.25 -77.0 6.056156150572511 12 
0003 0000 1665582247691588 -2.1875 -78.0 0.859029241215959 12 
0003 0004 1665582247701063 -78.0625 -68.5 5.289165756629691 12 
0003 0008 1665582247702582 8.9375 -65.0 3.509748042682347 12 
0003 0011 1665582247703753 -39.0 -58.0 2.761165418194154 12 
0003 0010 1665582247704909 52.0625 -61.5 1.3130875544301088 12 
0003 0012 1665582247706083 8.9375 -65.0 2.4175537217077703 12 
0003 0013 1665582247707790 4.0625 -62.0 4.571262747899211 12 
0003 0009 1665582247709171 -91.125 -66.5 2.454369260617026 12 
0003 0006 1665582247710411 -169.25 -70.0 3.393165502803038 12 
0003 0002 1665582247715511 100.0625 -73.5 0.5890486225480862 12 
0003 0014 1665582247760670 -2.5625 -74.5 1.2946797849754812 12 
0003 0009 1665582247813130 -17.0625 -64.0 3.031146036862027 12 
0003 0004 1665582247816932 -26.0 -69.5 4.853515212870168 12 
0003 0008 1665582247817841 -17.0625 -65.0 3.552699504743145 12 
0003 0010 1665582247818754 8.9375 -59.5 0.9142525495798421 12 
0003 0012 1665582247819670 13.0 -64.5 5.325981295538946 12 
0003 0011 1665582247821118 17.0625 -59.0 2.4175537217077703 12 
0003 0006 1665582247822009 0.0 -69.0 2.742757648739526 12 
0003 0002 1665582247823877 87.0625 -73.0 0.9326603190344698 12 
0003 0009 1665582247916597 -104.125 -66.5 1.5892040962495242 12 
0003 0008 1665582247919110 -61.0 -65.0 2.7120780329818137 12 
0003 0010 1665582247920050 -30.0625 -60.5 1.0492428589137786 12 
0003 0011 1665582247921445 -65.0625 -65.0 2.6200391857086753 12 
0003 0012 1665582247923489 8.9375 -65.0 6.1420590746941075 12 
0003 0006 1665582247927653 43.125 -70.0 2.429825568010856 12 
0003 0004 1665582247928619 4.0625 -68.5 4.466952054322987 12 
0003 0005 1665582247949466 10.9375 -74.0 4.8443113281428545 12 
0003 0002 1665582247951562 -44.3125 -74.5 0.7700583555185919 12 
0003 0014 1665582247985757 5.4375 -74.0 0.9878836273983529 12 
0003 0007 1665582247993378 4.375 -76.0 1.2026409377023426 12 
0003 0015 1665582248051686 -17.0625 -63.5 4.743068596142402 12 
0003 0010 1665582248052580 0.0 -61.5 0.14726215563702155 12 
0003 0005 1665582248053739 48.0 -73.5 1.846912868614312 12 
0003 0014 1665582248054849 78.0625 -68.0 1.1965050145508 12 
0003 0008 1665582248055746 56.125 -63.5 2.773437264497239 12 
0003 0009 1665582248057122 -4.0625 -62.5 1.8714565612204823 12 
0003 0002 1665582248057962 -61.0 -73.5 0.8897088569736719 12 
0003 0012 1665582248059400 17.0625 -64.5 6.0991076126333095 12 
0003 0004 1665582248063219 173.3125 -67.0 4.190835512503572 12 
0003 0006 1665582248064130 142.375 -67.0 2.5832236467994196 12 
0003 0007 1665582248079516 -13.875 -75.0 1.662835174068035 12 
0003 0015 1665582248161928 -21.9375 -62.5 3.988350048502667 12 
0003 0006 1665582248162810 61.8125 -69.0 2.497320722677824 12 
0003 0008 1665582248164348 -87.0625 -64.0 2.84706834231575 12 
0003 0014 1665582248165249 325.5 -71.5 0.7731263170943632 12 
0003 0009 1665582248166216 -26.0 -63.0 1.945087639038993 12 
0003 0004 1665582248167129 34.9375 -68.0 4.184699589352029 12 
0003 0010 1665582248168535 39.0 -61.0 0.2086213871524472 12 
0003 0012 1665582248169909 0.0 -66.0 0.03681553890925539 12 
0003 0002 1665582248175589 -74.0 -76.0 0.6565437772150544 12 
0003 0000 1665582248221446 17.375 -78.5 0.37429131224409645 12 
0003 0008 1665582248279756 21.9375 -66.5 3.3747577333484107 12 
0003 0006 1665582248282198 -78.0625 -67.0 2.890019804376548 12 
0003 0010 1665582248283393 -34.9375 -59.5 0.7976700097005334 12 
0003 0013 1665582248284323 -82.1875 -68.0 0.28838838812250056 12 
0003 0002 1665582248285236 -277.4375 -73.5 0.7240389318820226 12 
0003 0011 1665582248286162 34.9375 -64.0 3.117048960983623 12 
0003 0009 1665582248287060 82.1875 -65.5 2.399145952253143 12 
0003 0012 1665582248287985 -4.0625 -63.0 5.945709533844745 12 
0003 0004 1665582248289517 -4.0625 -69.5 4.424000592262189 12 
0003 0015 1665582248300238 17.4375 -67.5 4.595806440505381 12 
0003 0014 1665582248313790 17.0625 -72.0 5.258486140871978 12 
0003 0012 1665582248387486 34.9375 -62.0 0.09203884727313846 12 
0003 0014 1665582248389535 121.25 -68.0 1.7671458676442586 12 
0003 0011 1665582248390702 -21.9375 -60.0 3.172272269347506 12 
0003 0006 1665582248391628 33.3125 -68.0 3.3747577333484107 12 
0003 0008 1665582248392991 -4.0625 -66.5 4.454680208019902 12 
0003 0004 1665582248394387 -234.3125 -70.5 5.184855063053467 12 
0003 0010 1665582248395268 -30.0625 -61.5 1.4971652489763858 12 
0003 0009 1665582248397285 48.0 -65.5 3.11091303783208 12 
0003 0002 1665582248399916 48.0 -74.0 0.1902136176978195 12 
0003 0003 1665582248486461 3.125 -77.0 5.730952223540755 12 
0003 0006 1665582248502502 -173.3125 -68.5 3.693825737228624 12 
0003 0014 1665582248503412 21.9375 -66.5 3.902447124381071 12 
0003 0011 1665582248505072 -4.0625 -59.0 2.718213956133356 12 
0003 0004 1665582248506411 -121.25 -70.5 5.148039524144211 12 
0003 0010 1665582248508042 26.0 -62.5 2.141437179888355 12 
0003 0008 1665582248511026 21.9375 -69.0 3.9085830475326135 12 
0003 0009 1665582248514180 43.125 -66.5 2.000310947402876 12 
0003 0002 1665582248516045 -91.125 -70.5 0.1718058482431918 12 
0003 0000 1665582248586690 -0.625 -77.5 1.0799224746714913 12 
0003 0010 1665582248617971 178.1875 -67.5 1.8285050991596843 12 
0003 0009 1665582248619208 17.0625 -61.5 1.8775924843720249 12 
0003 0013 1665582248620105 0.0 -67.5 2.086213871524472 12 
0003 0014 1665582248621036 21.9375 -64.5 4.749204519293945 12 
0003 0011 1665582248622430 -26.0 -57.5 2.466641106920111 12 
0003 0004 1665582248624464 -56.125 -71.0 4.884194828627882 12 
0003 0002 1665582248626027 100.0625 -72.5 6.056156150572511 12 
0003 0008 1665582248627506 -43.125 -70.0 3.56497135104623 12 
0003 0015 1665582248638596 37.8125 -72.0 0.7884661249732196 12 
