0003 0004 1665583860675217 30.0625 -54.5 5.209398755659637 14 
0003 0011 1665583860676724 -13.0 -63.0 6.0991076126333095 14 
0003 0007 1665583860677609 -100.0625 -67.0 6.234097921967246 14 
0003 0008 1665583860678547 -4.0625 -50.0 0.2454369260617026 14 
0003 0002 1665583860679701 95.1875 -67.0 4.466952054322987 14 
0003 0000 1665583860680611 -48.0 -61.0 4.325825821837508 14 
0003 0014 1665583860681564 -30.0625 -65.5 0.5767767762450011 14 
0003 0010 1665583860685240 -82.1875 -71.0 4.031301510563465 14 
0003 0003 1665583860710509 -4.375 -75.5 1.055378782065321 14 
0003 0005 1665583860825219 5.3125 -77.5 1.9696313316451632 14 
0003 0002 1665583860875124 -4.0625 -67.0 4.503767593232243 14 
0003 0010 1665583860878689 -78.0625 -70.0 4.037437433715008 14 
0003 0004 1665583860879570 -13.0 -54.5 5.270757987175063 14 
0003 0008 1665583860880537 -8.9375 -50.5 0.23930100291016002 14 
0003 0000 1665583860881692 -30.0625 -61.5 4.374913207049849 14 
0003 0014 1665583860882604 -34.9375 -65.5 0.6013204688511713 14 
0003 0007 1665583860883560 39.0 -67.0 6.105243535784852 14 
0003 0011 1665583860884515 26.0 -63.5 6.086835766330224 14 
0003 0003 1665583860910652 -5.625 -75.5 4.221515128261284 14 
0003 0005 1665583860951989 -2.4375 -77.5 2.012582793705961 14 
0003 0008 1665583861002532 -17.0625 -50.5 0.25770877236478773 14 
0003 0004 1665583861004481 30.0625 -54.5 5.21553467881118 14 
0003 0000 1665583861005618 -65.0625 -62.0 4.362641360746763 14 
0003 0011 1665583861006530 -91.125 -63.5 6.227961998815704 14 
0003 0014 1665583861007457 -78.0625 -65.5 0.7301748550335652 14 
0003 0007 1665583861010140 -87.0625 -67.5 6.154330920997192 14 
0003 0002 1665583861011501 -56.125 -68.0 4.546719055293041 14 
0003 0010 1665583861014385 -21.9375 -69.0 3.8288160465625602 14 
0003 0003 1665583861053199 4.0625 -76.0 4.111068511533518 14 
0003 0005 1665583861082638 2.875 -77.0 1.9205439464328227 14 
0003 0008 1665583861135660 -17.0625 -50.5 0.25770877236478773 14 
0003 0014 1665583861138787 26.0 -65.5 0.5706408530934585 14 
0003 0002 1665583861139698 -95.1875 -67.5 4.595806440505381 14 
0003 0011 1665583861141147 39.0 -64.0 6.074563920027139 14 
0003 0004 1665583861142070 -4.0625 -54.5 5.283029833478148 14 
0003 0000 1665583861142957 143.1875 -61.5 4.172427743048944 14 
0003 0007 1665583861143897 -30.0625 -68.0 6.1850105367549055 14 
0003 0010 1665583861145404 -260.375 -70.5 4.184699589352029 14 
0003 0003 1665583861183960 -0.75 -75.5 4.154019973594316 14 
0003 0005 1665583861340818 -2.125 -77.0 5.129631754689584 14 
0003 0008 1665583861380781 -13.0 -50.5 0.2270291566070749 14 
0003 0002 1665583861384403 -4.0625 -67.0 4.4362724385652745 14 
0003 0000 1665583861385929 -56.125 -62.5 4.405592822807561 14 
0003 0004 1665583861386839 -17.0625 -54.0 5.301437602932776 14 
0003 0007 1665583861387767 -13.0 -67.0 6.166602767300278 14 
0003 0011 1665583861388650 -34.9375 -63.5 6.1850105367549055 14 
0003 0014 1665583861390044 -78.0625 -66.0 0.619728238305799 14 
0003 0010 1665583861391958 -113.0625 -70.5 4.276738436625168 14 
0003 0003 1665583861416720 -11.4375 -75.5 1.0246991663076084 14 
0003 0005 1665583861461327 -0.5625 -77.0 5.148039524144211 14 
0003 0000 1665583861503109 69.125 -61.5 4.264466590322082 14 
0003 0004 1665583861504258 8.9375 -54.0 5.283029833478148 14 
0003 0007 1665583861505385 -39.0 -67.5 5.994796919057086 14 
0003 0011 1665583861506340 -82.1875 -63.0 6.1850105367549055 14 
0003 0008 1665583861508448 -13.0 -50.0 0.2270291566070749 14 
0003 0014 1665583861512010 8.9375 -65.5 0.5890486225480862 14 
0003 0010 1665583861515598 -165.1875 -70.5 4.270602513473625 14 
0003 0002 1665583861516550 -43.125 -67.0 4.516039439535327 14 
0003 0003 1665583861545074 -4.0625 -76.0 1.0062913968529805 14 
0003 0005 1665583861586544 -7.8125 -77.0 5.203262832508095 14 
0003 0008 1665583861634740 -4.0625 -50.5 0.21475731030398976 14 
0003 0011 1665583861635795 -13.0 -63.5 6.160466844148735 14 
0003 0004 1665583861636692 -17.0625 -54.5 5.289165756629691 14 
0003 0000 1665583861638135 0.0 -62.0 4.3503695144436785 14 
0003 0002 1665583861640212 -34.9375 -68.0 4.4976316700806995 14 
0003 0010 1665583861641109 -17.0625 -71.0 4.270602513473625 14 
0003 0007 1665583861644605 30.0625 -67.5 6.092971689481767 14 
0003 0014 1665583861645532 -26.0 -66.0 0.6135923151542565 14 
0003 0003 1665583861669869 1.8125 -76.0 1.1044661672776617 14 
0003 0005 1665583861745597 -2.6875 -77.5 5.3198453723874035 14 
0003 0010 1665583861758684 48.0 -71.0 4.037437433715008 14 
0003 0007 1665583861760459 56.125 -67.0 6.056156150572511 14 
0003 0000 1665583861761867 -17.0625 -62.0 4.3933209765044765 14 
0003 0004 1665583861763800 13.0 -54.0 5.240078371417351 14 
0003 0011 1665583861764685 -26.0 -63.0 6.105243535784852 14 
0003 0008 1665583861766133 -21.9375 -50.5 0.21475731030398976 14 
0003 0014 1665583861767315 30.0625 -65.0 0.5767767762450011 14 
0003 0002 1665583861768780 -100.0625 -68.0 4.534447208989955 14 
0003 0003 1665583861791160 -27.5625 -76.0 1.1719613219446299 14 
0003 0005 1665583861847201 0.8125 -77.5 4.9823695990525625 14 
0003 0004 1665583861876478 -17.0625 -54.5 5.289165756629691 14 
0003 0014 1665583861878738 -48.0 -66.5 0.6381360077604268 14 
0003 0007 1665583861879992 100.0625 -68.0 5.957981380147831 14 
0003 0002 1665583861881697 -113.0625 -67.5 4.651029748869264 14 
0003 0008 1665583861882857 0.0 -50.5 0.19634954084936207 14 
0003 0000 1665583861883828 8.9375 -62.0 4.3933209765044765 14 
0003 0011 1665583861884842 17.0625 -63.5 6.074563920027139 14 
0003 0010 1665583861888498 -204.25 -70.5 4.411728745959104 14 
0003 0003 1665583861911727 13.875 -75.0 0.9756117810952678 14 
0003 0005 1665583861968018 -4.0 -77.5 2.0923497946760143 14 
0003 0014 1665583861996988 69.125 -66.5 0.4172427743048944 14 
0003 0007 1665583861998907 95.1875 -68.0 5.915029918087033 14 
0003 0004 1665583862000058 -13.0 -54.0 5.264622064023521 14 
0003 0011 1665583862002378 30.0625 -62.5 6.043884304269426 14 
0003 0000 1665583862004172 -52.0625 -61.5 4.411728745959104 14 
0003 0002 1665583862005052 108.1875 -68.5 4.374913207049849 14 
0003 0008 1665583862007206 -8.9375 -50.5 0.20248546400090464 14 
0003 0010 1665583862008771 -269.3125 -69.5 4.405592822807561 14 
0003 0003 1665583862040513 -15.375 -75.5 1.1351457830353744 14 
0003 0005 1665583862105461 1.25 -77.0 1.8775924843720249 14 
0003 0008 1665583862123719 4.0625 -50.0 0.20248546400090464 14 
0003 0000 1665583862127104 -30.0625 -62.0 4.374913207049849 14 
0003 0010 1665583862128116 -52.0625 -71.5 4.264466590322082 14 
0003 0011 1665583862129267 -17.0625 -62.5 6.037748381117884 14 
0003 0004 1665583862130447 -26.0 -54.5 5.283029833478148 14 
0003 0002 1665583862131370 -17.0625 -67.5 4.424000592262189 14 
0003 0014 1665583862132268 -87.0625 -65.5 0.6688156235181395 14 
0003 0007 1665583862134062 48.0 -67.5 6.086835766330224 14 
0003 0003 1665583862151296 11.4375 -75.5 1.1719613219446299 14 
0003 0005 1665583862214937 0.0 -77.5 5.037592907416445 14 
0003 0011 1665583862242692 48.0 -63.0 6.019340611663256 14 
0003 0002 1665583862244723 -78.0625 -68.0 4.552854978444583 14 
0003 0008 1665583862246237 0.0 -50.5 0.1902136176978195 14 
0003 0007 1665583862247452 34.9375 -67.5 6.062292073724054 14 
0003 0000 1665583862248589 -13.0 -61.5 4.313553975534423 14 
0003 0004 1665583862250857 -56.125 -54.0 5.325981295538946 14 
0003 0014 1665583862252429 34.9375 -66.0 0.4970097752749477 14 
0003 0010 1665583862256600 -316.5 -72.0 4.325825821837508 14 
0003 0003 1665583862279294 0.75 -75.5 1.1596894756415448 14 
0003 0005 1665583862349870 1.0625 -77.5 2.030990563160589 14 
0003 0000 1665583862371263 -34.9375 -61.5 4.301282129231338 14 
0003 0007 1665583862373751 34.9375 -66.5 6.062292073724054 14 
0003 0008 1665583862374661 -4.0625 -50.5 0.17794177139473438 14 
0003 0011 1665583862377485 -21.9375 -63.0 6.080699843178682 14 
0003 0014 1665583862379205 91.125 -65.5 0.44178646691106466 14 
0003 0004 1665583862380370 4.0625 -54.0 5.221670601962723 14 
0003 0002 1665583862381283 -65.0625 -68.0 4.473087977474529 14 
0003 0010 1665583862385838 69.125 -70.5 4.09266074207889 14 
0003 0003 1665583862389900 -463.8125 -73.5 4.638757902566179 14 
0003 0005 1665583862467702 5.6875 -77.5 1.8407769454627694 14 
0003 0010 1665583862493074 -43.125 -70.5 4.178563666200486 14 
0003 0004 1665583862496465 -13.0 -54.0 5.264622064023521 14 
0003 0002 1665583862497601 4.0625 -68.0 4.417864669110647 14 
0003 0007 1665583862498545 95.1875 -68.0 5.939573610693203 14 
0003 0000 1665583862499457 65.0625 -61.5 4.190835512503572 14 
0003 0014 1665583862500366 -21.9375 -66.5 0.619728238305799 14 
0003 0008 1665583862501557 4.0625 -50.5 0.1595340019401067 14 
0003 0011 1665583862503123 -30.0625 -63.0 6.068427996875596 14 
0003 0003 1665583862529692 -11.5625 -75.5 4.28287435977671 14 
0003 0005 1665583862601518 2.3125 -77.5 1.6566992509164924 14 
0003 0007 1665583862618931 21.9375 -68.0 6.037748381117884 14 
0003 0010 1665583862619859 69.125 -70.5 4.06811704947272 14 
0003 0004 1665583862624051 4.0625 -54.0 5.2339424482658075 14 
0003 0008 1665583862625869 -13.0 -50.5 0.18407769454627693 14 
0003 0002 1665583862627048 -61.0 -67.5 4.546719055293041 14 
0003 0014 1665583862629653 17.0625 -65.0 0.5829126993965437 14 
0003 0000 1665583862630564 -26.0 -61.0 4.319689898685965 14 
0003 0011 1665583862631589 -21.9375 -63.0 6.043884304269426 14 
0003 0003 1665583862655205 -7.3125 -75.0 1.1106020904292042 14 
0003 0005 1665583862728174 -1.625 -77.5 1.9205439464328227 14 
0003 0014 1665583862741047 -26.0 -65.5 0.5951845456996288 14 
0003 0008 1665583862742438 -13.0 -50.5 0.1718058482431918 14 
0003 0011 1665583862743350 -13.0 -63.0 6.062292073724054 14 
0003 0007 1665583862744294 -52.0625 -67.0 6.12365130523948 14 
0003 0002 1665583862745927 -221.3125 -67.0 4.724660826687775 14 
0003 0004 1665583862747047 21.9375 -54.0 5.209398755659637 14 
0003 0010 1665583862748626 74.0 -71.0 4.000621894805752 14 
0003 0000 1665583862751195 -34.9375 -61.0 4.289010282928253 14 
0003 0003 1665583862752361 -139.125 -74.0 4.442408361716817 14 
0003 0005 1665583862851407 1.5 -77.5 4.957825906446392 14 
0003 0011 1665583862865593 -30.0625 -63.0 6.0991076126333095 14 
0003 0007 1665583862867057 4.0625 -67.0 6.105243535784852 14 
0003 0004 1665583862868267 -13.0 -54.0 5.240078371417351 14 
0003 0000 1665583862869917 -26.0 -61.5 4.270602513473625 14 
0003 0008 1665583862871336 -4.0625 -50.5 0.16566992509164924 14 
0003 0002 1665583862874794 -48.0 -67.5 4.417864669110647 14 
0003 0010 1665583862875722 -195.25 -71.5 4.466952054322987 14 
0003 0014 1665583862876617 -61.0 -65.5 0.662679700366597 14 
0003 0003 1665583862878141 -169.25 -73.0 4.325825821837508 14 
0003 0005 1665583862968628 2.6875 -77.5 1.8407769454627694 14 
0003 0000 1665583863001628 17.0625 -61.5 4.221515128261284 14 
0003 0002 1665583863003442 0.0 -66.5 4.558990901596125 14 
0003 0008 1665583863005288 -8.9375 -50.5 0.16566992509164924 14 
0003 0007 1665583863006145 -26.0 -68.0 6.062292073724054 14 
0003 0014 1665583863007522 -104.125 -66.0 0.6442719309119693 14 
0003 0004 1665583863008445 -4.0625 -54.0 5.209398755659637 14 
0003 0011 1665583863009516 -74.0 -63.0 6.1850105367549055 14 
0003 0010 1665583863011304 -43.125 -71.5 4.313553975534423 14 
0003 0003 1665583863016480 117.125 -74.0 4.025165587411922 14 
0003 0005 1665583863092779 -0.875 -77.0 1.8530487917658545 14 
0003 0014 1665583863135130 130.1875 -66.0 0.380427235395639 14 
0003 0007 1665583863136069 -21.9375 -67.5 6.031612457966341 14 
0003 0008 1665583863137403 -4.0625 -50.5 0.15339807878856412 14 
0003 0004 1665583863138615 -30.0625 -54.0 5.264622064023521 14 
0003 0000 1665583863139781 -91.125 -61.5 4.405592822807561 14 
0003 0010 1665583863140750 -74.0 -71.5 4.374913207049849 14 
0003 0011 1665583863143835 -52.0625 -63.0 6.17273869045182 14 
0003 0002 1665583863145580 65.0625 -67.5 4.374913207049849 14 
0003 0003 1665583863147006 -377.5625 -74.0 4.473087977474529 14 
0003 0005 1665583863232305 -4.625 -77.0 1.9266798695843652 14 
0003 0002 1665583863251836 -100.0625 -67.5 4.583534594202296 14 
0003 0014 1665583863253002 82.1875 -65.5 0.5645049299419159 14 
0003 0008 1665583863254212 -26.0 -50.5 0.1902136176978195 14 
0003 0004 1665583863256908 -17.0625 -54.0 5.264622064023521 14 
0003 0007 1665583863257804 0.0 -66.5 6.074563920027139 14 
0003 0010 1665583863258677 61.0 -70.0 4.104932588381976 14 
0003 0011 1665583863259839 0.0 -63.0 6.056156150572511 14 
0003 0000 1665583863262447 -13.0 -61.0 4.319689898685965 14 
0003 0003 1665583863291556 -4.875 -76.0 1.1290098598838318 14 
0003 0005 1665583863352148 -2.6875 -77.5 1.7303303287350031 14 
0003 0004 1665583863377013 17.0625 -54.0 5.227806525114265 14 
0003 0000 1665583863378233 -4.0625 -61.5 4.319689898685965 14 
0003 0007 1665583863379654 0.0 -67.5 6.0991076126333095 14 
0003 0002 1665583863380781 -61.0 -65.5 4.491495746929157 14 
0003 0008 1665583863382199 -17.0625 -50.5 0.16566992509164924 14 
0003 0014 1665583863383592 13.0 -66.0 0.5829126993965437 14 
0003 0011 1665583863386313 -21.9375 -63.5 6.086835766330224 14 
0003 0010 1665583863387340 52.0625 -71.5 4.227651051412827 14 
0003 0003 1665583863399788 -264.4375 -74.0 4.417864669110647 14 
0003 0005 1665583863467142 3.1875 -77.0 1.718058482431918 14 
0003 0004 1665583863505647 -13.0 -54.0 5.246214294568893 14 
0003 0008 1665583863506714 -8.9375 -50.5 0.1718058482431918 14 
0003 0007 1665583863508308 -13.0 -67.5 6.135923151542564 14 
0003 0014 1665583863510394 -13.0 -66.0 0.5645049299419159 14 
0003 0010 1665583863511275 17.0625 -71.0 4.2031073588066565 14 
0003 0011 1665583863512480 0.0 -63.5 6.056156150572511 14 
0003 0002 1665583863513621 -34.9375 -67.5 4.485359823777615 14 
0003 0000 1665583863514517 -21.9375 -61.5 4.25833066717054 14 
0003 0003 1665583863538791 15.375 -75.0 4.09266074207889 14 
0003 0005 1665583863605916 -4.375 -77.5 1.7916895602504288 14 
0003 0010 1665583863637452 -147.25 -71.0 4.4362724385652745 14 
0003 0008 1665583863639143 -13.0 -50.5 0.1718058482431918 14 
0003 0003 1665583863640803 8.9375 -73.5 3.902447124381071 14 
0003 0000 1665583863641913 -4.0625 -61.0 4.2031073588066565 14 
0003 0002 1665583863643079 39.0 -66.5 4.473087977474529 14 
0003 0004 1665583863644226 0.0 -54.0 5.21553467881118 14 
0003 0007 1665583863645863 -17.0625 -67.0 6.105243535784852 14 
0003 0014 1665583863646818 121.25 -66.0 0.46019423636569234 14 
0003 0011 1665583863649473 8.9375 -63.5 6.031612457966341 14 
0003 0005 1665583863708560 -7.75 -78.0 5.141903600992669 14 
0003 0000 1665583863759517 13.0 -61.5 4.246058820867455 14 
0003 0008 1665583863760541 -8.9375 -50.5 0.16566992509164924 14 
0003 0004 1665583863762783 0.0 -54.0 5.227806525114265 14 
0003 0007 1665583863763700 48.0 -68.0 6.037748381117884 14 
0003 0002 1665583863764625 -108.1875 -67.0 4.663301595172349 14 
0003 0011 1665583863765972 8.9375 -63.5 6.074563920027139 14 
0003 0014 1665583863767308 39.0 -65.5 0.5399612373357456 14 
0003 0010 1665583863770863 -95.1875 -72.0 4.25833066717054 14 
0003 0003 1665583863798087 0.0 -76.0 0.9756117810952678 14 
0003 0005 1665583863848760 12.625 -78.5 4.933282213840222 14 
0003 0010 1665583864073509 -121.25 -71.5 4.289010282928253 14 
0003 0004 1665583864077111 4.0625 -54.0 5.264622064023521 14 
0003 0011 1665583864079511 -43.125 -63.5 6.074563920027139 14 
0003 0008 1665583864080393 -13.0 -50.0 0.1902136176978195 14 
0003 0000 1665583864081544 -69.125 -61.5 4.362641360746763 14 
0003 0002 1665583864082851 61.0 -67.0 4.491495746929157 14 
0003 0007 1665583864085307 34.9375 -67.5 6.092971689481767 14 
0003 0014 1665583864086217 34.9375 -65.5 0.4970097752749477 14 
0003 0003 1665583864106084 -19.5 -75.0 4.3933209765044765 14 
0003 0005 1665583864141471 7.75 -77.5 1.7303303287350031 14 
0003 0002 1665583864198511 -8.9375 -67.0 4.485359823777615 14 
0003 0000 1665583864199408 4.0625 -62.0 4.289010282928253 14 
0003 0008 1665583864200561 -13.0 -50.0 0.20248546400090464 14 
0003 0004 1665583864201670 -21.9375 -54.0 5.289165756629691 14 
0003 0010 1665583864204367 -165.1875 -71.0 4.319689898685965 14 
0003 0011 1665583864205520 -69.125 -62.5 6.117515382087937 14 
0003 0014 1665583864208060 34.9375 -66.0 0.5522330836388308 14 
0003 0007 1665583864209002 52.0625 -66.5 6.056156150572511 14 
0003 0003 1665583864239456 12.9375 -75.0 4.172427743048944 14 
0003 0005 1665583864277776 -11.6875 -78.0 5.013049214810275 14 
0003 0004 1665583864477012 -43.125 -54.0 5.307573526084319 14 
0003 0014 1665583864478148 -4.0625 -66.5 0.5276893910326605 14 
0003 0008 1665583864479543 -26.0 -50.5 0.21475731030398976 14 
0003 0000 1665583864481428 -21.9375 -61.5 4.381049130201391 14 
0003 0002 1665583864482340 -82.1875 -67.0 4.540583132141498 14 
0003 0011 1665583864484002 -21.9375 -63.0 6.086835766330224 14 
0003 0007 1665583864484931 48.0 -68.0 6.019340611663256 14 
0003 0010 1665583864491659 130.1875 -70.5 4.1172044346850605 14 
0003 0003 1665583864520763 -4.0625 -76.0 1.0369710126106935 14 
0003 0005 1665583864559245 25.625 -78.0 1.6137477888556946 14 
0003 0002 1665583864615149 -48.0 -67.0 4.460816131171445 14 
0003 0000 1665583864616315 69.125 -61.5 4.252194744018997 14 
0003 0014 1665583864619976 43.125 -66.0 0.6013204688511713 14 
0003 0011 1665583864620845 -82.1875 -62.5 6.12365130523948 14 
0003 0008 1665583864622053 -13.0 -50.0 0.18407769454627693 14 
0003 0004 1665583864623218 4.0625 -54.0 5.221670601962723 14 
0003 0007 1665583864624231 -34.9375 -67.0 6.086835766330224 14 
0003 0010 1665583864625626 -212.375 -70.5 4.295146206079795 14 
0003 0003 1665583864644333 0.0 -75.0 4.28287435977671 14 
0003 0005 1665583864680257 6.8125 -78.0 4.798291904506286 14 
0003 0000 1665583864893587 -26.0 -61.5 4.338097668140593 14 
0003 0011 1665583864895379 13.0 -63.5 6.086835766330224 14 
0003 0008 1665583864896558 -4.0625 -50.5 0.1595340019401067 14 
0003 0002 1665583864897739 -95.1875 -67.0 4.503767593232243 14 
0003 0004 1665583864899171 8.9375 -54.0 5.190990986205009 14 
0003 0007 1665583864900483 -117.125 -67.0 6.105243535784852 14 
0003 0014 1665583864901929 34.9375 -66.5 0.5706408530934585 14 
0003 0003 1665583864911251 69.125 -73.5 4.074252972624263 14 
0003 0010 1665583864912570 -4.0625 -71.0 4.09266074207889 14 
0003 0003 1665583864929017 -12.1875 -75.5 4.289010282928253 14 
0003 0005 1665583864977904 -1.625 -77.5 1.7241944055834606 14 
0003 0011 1665583865033370 -100.0625 -62.5 6.129787228391022 14 
0003 0014 1665583865035402 39.0 -66.5 0.5645049299419159 14 
0003 0004 1665583865036340 -8.9375 -54.0 5.240078371417351 14 
0003 0002 1665583865038358 4.0625 -67.5 4.424000592262189 14 
0003 0010 1665583865039272 13.0 -71.0 4.295146206079795 14 
0003 0007 1665583865040412 -61.0 -66.5 6.178874613603362 14 
0003 0008 1665583865041549 -21.9375 -50.5 0.17794177139473438 14 
0003 0000 1665583865042433 -74.0 -61.5 4.368777283898306 14 
0003 0003 1665583865069454 7.3125 -75.5 1.1535535524900022 14 
0003 0005 1665583865087991 -11.6875 -78.0 5.037592907416445 14 
0003 0004 1665583865182534 0.0 -54.0 5.227806525114265 14 
0003 0002 1665583865184609 -39.0 -67.0 4.460816131171445 14 
0003 0000 1665583865185757 -43.125 -61.0 4.356505437595221 14 
0003 0014 1665583865187163 30.0625 -66.0 0.5399612373357456 14 
0003 0008 1665583865188101 -17.0625 -50.0 0.19634954084936207 14 
0003 0011 1665583865189326 8.9375 -63.5 5.982525072754001 14 
0003 0007 1665583865190467 13.0 -67.0 6.068427996875596 14 
0003 0010 1665583865195094 -121.25 -71.5 4.166291819897402 14 
0003 0003 1665583865217892 8.0625 -75.5 4.239922897715912 14 
0003 0005 1665583865244829 -3.1875 -78.0 4.822835597112456 14 
0003 0014 1665583865303302 4.0625 -65.5 0.5829126993965437 14 
0003 0002 1665583865305774 4.0625 -66.0 4.430136515413731 14 
0003 0007 1665583865307218 -13.0 -67.0 6.013204688511713 14 
0003 0000 1665583865309480 -82.1875 -61.0 4.331961744989051 14 
0003 0004 1665583865310718 -13.0 -54.0 5.2339424482658075 14 
0003 0008 1665583865313055 13.0 -50.5 0.15339807878856412 14 
0003 0011 1665583865313940 -17.0625 -63.0 6.062292073724054 14 
0003 0010 1665583865315733 69.125 -71.5 4.25833066717054 14 
0003 0005 1665583865338341 -4.875 -77.5 1.761009944492716 14 
0003 0003 1665583865341170 -3.1875 -76.0 1.055378782065321 14 
0003 0011 1665583865540492 30.0625 -63.0 5.988660995905543 14 
0003 0014 1665583865541758 8.9375 -65.5 0.5583690067903734 14 
0003 0002 1665583865543191 -139.125 -67.5 4.583534594202296 14 
0003 0004 1665583865545192 -8.9375 -54.0 5.2339424482658075 14 
0003 0000 1665583865546312 -8.9375 -61.0 4.313553975534423 14 
0003 0008 1665583865547478 4.0625 -50.5 0.1595340019401067 14 
0003 0007 1665583865549245 17.0625 -67.0 6.129787228391022 14 
0003 0010 1665583865550198 -8.9375 -70.5 4.2092432819582 14 
0003 0003 1665583865571050 -6.5 -75.0 4.166291819897402 14 
0003 0005 1665583865577123 15.375 -77.0 1.5155730184310134 14 
0003 0010 1665583865658013 -126.125 -70.5 4.2092432819582 14 
0003 0008 1665583865660525 -8.9375 -50.5 0.15339807878856412 14 
0003 0004 1665583865661418 0.0 -54.0 5.203262832508095 14 
0003 0002 1665583865663114 113.0625 -66.5 4.4362724385652745 14 
0003 0000 1665583865664518 -4.0625 -61.0 4.239922897715912 14 
0003 0007 1665583865665928 -82.1875 -68.0 6.14819499784565 14 
0003 0011 1665583865666810 -21.9375 -63.0 6.013204688511713 14 
0003 0014 1665583865669476 -4.0625 -66.0 0.5583690067903734 14 
