0003 0013 1665560997564506 -160.3125 -71.5 2.60776733940559 0 
0003 0007 1665560997565447 -65.0625 -64.5 3.8840393549264434 0 
0003 0004 1665560997567092 17.0625 -57.0 3.5711072741977725 0 
0003 0008 1665560997568726 -26.0 -55.5 4.06811704947272 0 
0003 0014 1665560997569679 -61.0 -57.5 3.988350048502667 0 
0003 0011 1665560997571327 61.0 -61.5 2.6568547246179306 0 
0003 0010 1665560997572237 -13.0 -58.0 1.9512235621905356 0 
0003 0012 1665560997574824 -195.25 -71.5 4.589670517353839 0 
0003 0002 1665560997577461 160.3125 -63.5 1.662835174068035 0 
0003 0006 1665560997578965 66.6875 -69.5 0.1227184630308513 0 
0003 0009 1665560997581854 0.0 -67.0 3.2397674240144743 0 
0003 0001 1665560997582767 8.9375 -70.0 3.117048960983623 0 
0003 0005 1665560997583736 -17.0625 -59.0 3.466796580621549 0 
0003 0015 1665560997585019 17.0625 -62.5 2.564815877344792 0 
0003 0010 1665560997673565 74.0 -58.0 1.846912868614312 0 
0003 0006 1665560997674912 -23.5625 -70.0 0.22089323345553233 0 
0003 0011 1665560997676082 -34.9375 -62.0 2.7979809571034093 0 
0003 0014 1665560997678195 13.0 -57.0 3.9208548938356986 0 
0003 0004 1665560997679586 -13.0 -57.5 3.5895150436524004 0 
0003 0007 1665560997680515 -30.0625 -64.5 3.865631585471816 0 
0003 0013 1665560997682832 -82.1875 -71.0 2.497320722677824 0 
0003 0008 1665560997683996 -8.9375 -55.5 4.04357335686655 0 
0003 0009 1665560997685165 17.0625 -67.5 3.2520392703175593 0 
0003 0005 1665560997687419 8.9375 -59.0 3.3747577333484107 0 
0003 0012 1665560997689444 -65.0625 -70.5 4.675573441475434 0 
0003 0015 1665560997690357 30.0625 -62.0 2.6261751088602177 0 
0003 0002 1665560997692245 -82.1875 -63.0 2.012582793705961 0 
0003 0001 1665560997693753 -100.0625 -70.5 3.2459033471660166 0 
0003 0000 1665560997791685 17.5 -77.5 0.6872233929727672 0 
0003 0011 1665560997799311 -48.0 -62.0 2.779573187648782 0 
0003 0009 1665560997800209 34.9375 -67.5 3.117048960983623 0 
0003 0004 1665560997801104 -13.0 -57.0 3.6079228131070282 0 
0003 0001 1665560997802015 30.0625 -69.0 3.1231848841351653 0 
0003 0007 1665560997803448 -191.1875 -64.5 4.074252972624263 0 
0003 0005 1665560997805745 -8.9375 -59.0 3.436116964863836 0 
0003 0010 1665560997807835 -26.0 -58.0 1.9205439464328227 0 
0003 0008 1665560997809199 -26.0 -56.0 4.01902966426038 0 
0003 0012 1665560997810312 -152.125 -69.5 4.589670517353839 0 
0003 0014 1665560997811248 -4.0625 -57.5 3.9208548938356986 0 
0003 0002 1665560997812203 56.125 -63.5 1.859184714917397 0 
0003 0015 1665560997813357 -21.9375 -62.5 2.5832236467994196 0 
0003 0006 1665560997815145 75.625 -70.5 0.11044661672776616 0 
0003 0013 1665560997817141 355.5625 -71.0 2.0493983326152168 0 
0003 0000 1665560997917139 8.4375 -78.0 0.7669903939428205 0 
0003 0011 1665560997923974 -4.0625 -61.5 2.736621725587984 0 
0003 0010 1665560997926630 -39.0 -58.0 1.9144080232812801 0 
0003 0015 1665560997928057 26.0 -63.0 2.6323110320117604 0 
0003 0008 1665560997929220 -13.0 -56.0 3.9638063558964967 0 
0003 0006 1665560997930172 -38.1875 -68.5 0.25157284921324513 0 
0003 0004 1665560997931694 -48.0 -57.0 3.6079228131070282 0 
0003 0005 1665560997932607 -26.0 -59.5 3.436116964863836 0 
0003 0014 1665560997933514 -8.9375 -57.0 3.9576704327449543 0 
0003 0013 1665560997935533 -17.0625 -71.0 2.4605051837685683 0 
0003 0007 1665560997937051 -4.0625 -65.0 3.847223816017188 0 
0003 0002 1665560997938189 -21.9375 -63.0 1.9512235621905356 0 
0003 0009 1665560997939583 139.125 -67.0 3.0127382674073995 0 
0003 0012 1665560997941363 -264.4375 -70.0 4.71238898038469 0 
0003 0001 1665560997942243 65.0625 -69.5 3.000466421104314 0 
0003 0000 1665560998038026 1.5 -78.0 0.6933593161243098 0 
0003 0001 1665560998051146 -191.1875 -69.0 3.2949907323783574 0 
0003 0012 1665560998052596 -74.0 -69.0 4.374913207049849 0 
0003 0005 1665560998053535 -4.0625 -59.5 3.356349963893783 0 
0003 0011 1665560998056247 -17.0625 -62.0 2.742757648739526 0 
0003 0015 1665560998057160 -43.125 -62.0 2.6384469551633027 0 
0003 0013 1665560998058344 -8.9375 -70.5 2.650718801466388 0 
0003 0008 1665560998059300 -65.0625 -56.0 4.025165587411922 0 
0003 0002 1665560998060946 30.0625 -63.0 1.8653206380689396 0 
0003 0014 1665560998061856 -69.125 -57.0 4.01902966426038 0 
0003 0006 1665560998063049 28.4375 -69.0 0.36815538909255385 0 
0003 0010 1665560998064200 8.9375 -57.5 1.8223691760081417 0 
0003 0004 1665560998065367 -30.0625 -57.0 3.5342917352885173 0 
0003 0009 1665560998066378 17.0625 -67.0 3.104777114680538 0 
0003 0007 1665560998068195 -39.0 -64.0 3.9085830475326135 0 
0003 0000 1665560998149422 5.3125 -77.5 0.7792622402459057 0 
0003 0012 1665560998165048 -117.125 -69.5 4.675573441475434 0 
0003 0006 1665560998166441 -416.625 -71.0 0.42337869745643697 0 
0003 0005 1665560998167336 -52.0625 -59.0 3.3747577333484107 0 
0003 0013 1665560998168506 -173.3125 -71.0 2.650718801466388 0 
0003 0011 1665560998170891 17.0625 -62.5 2.662990647769473 0 
0003 0014 1665560998171787 -30.0625 -57.5 3.9699422790480394 0 
0003 0001 1665560998173933 -303.5 -70.0 3.393165502803038 0 
0003 0009 1665560998175054 13.0 -68.0 3.098641191528995 0 
0003 0004 1665560998176687 -4.0625 -56.5 3.448388811166921 0 
0003 0008 1665560998181160 -48.0 -56.0 4.031301510563465 0 
0003 0002 1665560998182028 -30.0625 -63.0 1.9266798695843652 0 
0003 0007 1665560998182909 -8.9375 -65.0 3.773592738198677 0 
0003 0015 1665560998183883 -39.0 -62.5 2.7120780329818137 0 
0003 0010 1665560998185115 0.0 -57.5 1.859184714917397 0 
0003 0000 1665560998226703 -2.5625 -78.5 0.607456392002714 0 
0003 0003 1665560998270476 0.1875 -76.0 4.724660826687775 0 
0003 0007 1665560998286402 -13.0 -65.0 3.7122335066832517 0 
0003 0009 1665560998287513 -69.125 -67.0 3.074097498922825 0 
0003 0011 1665560998288679 4.0625 -62.5 2.6016314162540475 0 
0003 0010 1665560998289590 8.9375 -57.5 1.8714565612204823 0 
0003 0012 1665560998290509 108.1875 -69.5 4.448544284868359 0 
0003 0015 1665560998291663 -43.125 -62.5 2.662990647769473 0 
0003 0004 1665560998293278 0.0 -56.5 3.3870295796514958 0 
0003 0001 1665560998294209 78.0625 -70.5 2.9329712664373457 0 
0003 0005 1665560998295075 -8.9375 -59.5 3.2949907323783574 0 
0003 0002 1665560998296484 100.0625 -62.5 1.705786636128833 0 
0003 0014 1665560998297634 -21.9375 -57.5 3.9392626632903265 0 
0003 0008 1665560998298758 -21.9375 -55.5 4.025165587411922 0 
0003 0006 1665560998299909 66.6875 -70.5 0.07976700097005335 0 
0003 0000 1665560998353106 0.75 -77.5 0.7179030087304801 0 
0003 0003 1665560998374365 -2.125 -76.5 5.006913291658733 0 
0003 0015 1665560998422818 -13.0 -63.5 2.675262494072558 0 
0003 0013 1665560998424484 17.0625 -70.0 2.859340188618835 0 
0003 0014 1665560998425635 -39.0 -57.5 3.9392626632903265 0 
0003 0011 1665560998426562 -69.125 -62.5 2.6568547246179306 0 
0003 0012 1665560998427489 -69.125 -69.5 4.638757902566179 0 
0003 0006 1665560998428411 -56.9375 -70.5 0.28225246497095796 0 
0003 0008 1665560998429348 -13.0 -55.5 4.01902966426038 0 
0003 0002 1665560998431689 -4.0625 -62.5 1.8285050991596843 0 
0003 0009 1665560998433541 -130.1875 -67.5 2.9636508821950587 0 
0003 0005 1665560998436437 -17.0625 -59.0 3.2643111166206444 0 
0003 0007 1665560998438436 4.0625 -65.0 3.767456815047135 0 
0003 0010 1665560998439716 -8.9375 -57.0 1.8530487917658545 0 
0003 0004 1665560998441180 -48.0 -56.5 3.399301425954581 0 
0003 0001 1665560998442548 277.4375 -70.5 2.705942109830271 0 
0003 0000 1665560998469708 -34.125 -77.5 0.6258641614573416 0 
0003 0009 1665560998544051 -82.1875 -68.5 3.141592653589793 0 
0003 0005 1665560998544949 8.9375 -59.0 3.153864499892878 0 
0003 0015 1665560998545876 -8.9375 -62.5 2.6875343403756435 0 
0003 0002 1665560998546802 13.0 -63.5 1.7978254834019713 0 
0003 0008 1665560998548210 -26.0 -55.5 4.000621894805752 0 
0003 0004 1665560998549121 17.0625 -57.0 3.2459033471660166 0 
0003 0014 1665560998550004 -17.0625 -58.0 3.8533597391687304 0 
0003 0011 1665560998551203 -69.125 -63.0 2.718213956133356 0 
0003 0007 1665560998552326 -61.0 -64.5 3.810408277107933 0 
0003 0010 1665560998553507 -13.0 -57.5 1.8162332528565992 0 
0003 0006 1665560998555299 -182.25 -71.5 0.705631162427395 0 
0003 0012 1665560998558954 -104.125 -69.5 4.540583132141498 0 
0003 0013 1665560998560120 39.0 -70.5 2.5341362615870793 0 
0003 0001 1665560998561114 -13.0 -69.5 2.988194574801229 0 
0003 0000 1665560998653152 0.625 -77.5 0.7669903939428205 0 
0003 0012 1665560998667809 -100.0625 -70.5 3.8840393549264434 0 
0003 0009 1665560998668934 -30.0625 -67.5 3.1784081924990484 0 
0003 0010 1665560998671675 13.0 -57.5 1.7241944055834606 0 
0003 0004 1665560998672587 -34.9375 -57.5 3.3440781175906977 0 
0003 0014 1665560998673496 -17.0625 -57.5 3.8963112012295285 0 
0003 0005 1665560998674352 -39.0 -59.5 3.1906800388021335 0 
0003 0015 1665560998675266 26.0 -63.0 2.5709518004963345 0 
0003 0011 1665560998676408 52.0625 -62.0 2.552544031041707 0 
0003 0008 1665560998677871 -48.0 -55.5 3.9944859716542096 0 
0003 0006 1665560998678994 161.125 -69.5 0.5399612373357456 0 
0003 0007 1665560998681263 -17.0625 -64.5 3.724505352986337 0 
0003 0013 1665560998682250 17.0625 -68.0 2.442097414313941 0 
0003 0002 1665560998683189 -39.0 -64.0 1.8775924843720249 0 
0003 0001 1665560998685031 -56.125 -70.0 2.9943304979527716 0 
0003 0000 1665560998827396 6.625 -77.0 0.32520392703175593 0 
0003 0009 1665560998843034 -43.125 -67.5 3.11091303783208 0 
0003 0007 1665560998844848 -4.0625 -64.5 3.663146121470911 0 
0003 0010 1665560998845959 26.0 -57.5 1.6996507129772904 0 
0003 0012 1665560998846874 26.0 -72.0 3.7981364308048478 0 
0003 0014 1665560998847799 -39.0 -57.5 3.8288160465625602 0 
0003 0015 1665560998849660 -74.0 -63.5 2.6691265709210157 0 
0003 0006 1665560998850583 -47.1875 -70.0 0.619728238305799 0 
0003 0002 1665560998851778 78.0625 -63.5 1.7794177139473437 0 
0003 0008 1665560998853156 -17.0625 -55.5 3.9269908169872414 0 
0003 0001 1665560998854661 -108.1875 -70.0 3.000466421104314 0 
0003 0005 1665560998855908 0.0 -60.0 3.1354567304382504 0 
0003 0004 1665560998856762 0.0 -57.5 3.313398501832985 0 
0003 0011 1665560998857723 43.125 -62.0 2.5157284921324514 0 
0003 0013 1665560998858994 -134.25 -68.5 2.6261751088602177 0 
0003 0012 1665560998866775 -16.25 -72.5 0.6749515466696822 0 
0003 0000 1665560998897402 8.8125 -78.0 0.5276893910326605 0 
0003 0011 1665560998953719 0.0 -62.0 2.4850488763747385 0 
0003 0012 1665560998955203 -39.0 -72.5 3.650874275167826 0 
0003 0010 1665560998956057 48.0 -57.5 1.7426021750380885 0 
0003 0001 1665560998957395 -217.25 -70.0 3.067961575771282 0 
0003 0015 1665560998958321 -43.125 -63.5 2.6323110320117604 0 
0003 0006 1665560998959997 393.0 -71.0 6.215690152512618 0 
0003 0005 1665560998961164 -39.0 -59.5 3.1784081924990484 0 
0003 0004 1665560998962087 -8.9375 -57.5 3.3747577333484107 0 
0003 0009 1665560998964244 -69.125 -67.5 2.9575149590435164 0 
0003 0013 1665560998965190 52.0625 -67.5 2.3439226438892597 0 
0003 0014 1665560998967860 -34.9375 -57.0 3.8717675086233583 0 
0003 0008 1665560998969038 -52.0625 -55.5 4.006757817957295 0 
0003 0002 1665560998970159 78.0625 -62.5 1.718058482431918 0 
0003 0007 1665560998974818 -30.0625 -64.5 3.6876898140770815 0 
0003 0000 1665560999014794 -6.8125 -78.0 0.6688156235181395 0 
0003 0003 1665560999027674 8.0625 -76.5 4.847379289718626 0 
0003 0013 1665560999077534 126.125 -70.0 2.2334760271614935 0 
0003 0014 1665560999078953 8.9375 -57.5 3.834951969714103 0 
0003 0015 1665560999079870 -74.0 -62.5 2.705942109830271 0 
0003 0008 1665560999081524 -30.0625 -55.5 3.9515345095934116 0 
0003 0006 1665560999082659 -23.5625 -69.0 0.25157284921324513 0 
0003 0001 1665560999085803 -204.25 -69.0 3.2459033471660166 0 
0003 0002 1665560999087678 43.125 -63.0 1.8407769454627694 0 
0003 0009 1665560999088859 -130.1875 -66.5 3.129320807286708 0 
0003 0011 1665560999089741 4.0625 -62.5 2.5280003384355365 0 
0003 0004 1665560999090666 8.9375 -57.5 3.3870295796514958 0 
0003 0005 1665560999091603 0.0 -59.0 3.1784081924990484 0 
0003 0007 1665560999093315 82.1875 -65.0 3.56497135104623 0 
0003 0012 1665560999096386 -173.3125 -70.5 4.6878452877785195 0 
0003 0010 1665560999097804 48.0 -57.5 1.748738098189631 0 
0003 0000 1665560999206037 -1.125 -77.5 0.7853981633974483 0 
0003 0001 1665560999221343 156.1875 -69.0 2.724349879284899 0 
0003 0007 1665560999223547 -43.125 -64.0 3.650874275167826 0 
0003 0010 1665560999224486 56.125 -58.0 1.7303303287350031 0 
0003 0005 1665560999225654 -13.0 -59.5 3.215223731408304 0 
0003 0002 1665560999227112 -30.0625 -62.5 1.945087639038993 0 
0003 0014 1665560999228006 8.9375 -57.5 3.9085830475326135 0 
0003 0009 1665560999228921 -95.1875 -66.5 3.0802334220743677 0 
0003 0011 1665560999229821 61.0 -62.5 2.478912953223196 0 
0003 0015 1665560999231714 -17.0625 -63.0 2.5402721847386216 0 
0003 0004 1665560999232994 -26.0 -57.5 3.5281558121369745 0 
0003 0008 1665560999233817 -21.9375 -55.5 4.01902966426038 0 
0003 0006 1665560999235000 52.0625 -68.5 0.0859029241215959 0 
0003 0013 1665560999237249 264.4375 -70.0 2.086213871524472 0 
0003 0012 1665560999238498 -8.9375 -72.5 4.215379205109742 0 
0003 0000 1665560999305567 6.375 -77.5 0.6810874698212247 0 
0003 0011 1665560999336638 -34.9375 -62.0 2.60776733940559 0 
0003 0007 1665560999337634 13.0 -64.0 3.6201946594101133 0 
0003 0004 1665560999338545 -43.125 -57.5 3.5158839658338894 0 
0003 0001 1665560999339670 -225.375 -69.0 3.141592653589793 0 
0003 0010 1665560999341047 -48.0 -58.0 1.88986433067511 0 
0003 0005 1665560999342171 34.9375 -60.0 3.153864499892878 0 
0003 0008 1665560999343333 -4.0625 -55.0 3.9515345095934116 0 
0003 0015 1665560999344534 -91.125 -62.5 2.6384469551633027 0 
0003 0014 1665560999345415 -26.0 -57.5 3.9269908169872414 0 
0003 0002 1665560999348620 113.0625 -63.0 1.7978254834019713 0 
0003 0013 1665560999349549 43.125 -69.5 2.2334760271614935 0 
0003 0009 1665560999353924 -108.1875 -67.0 3.313398501832985 0 
0003 0006 1665560999354891 82.1875 -68.5 0.2270291566070749 0 
0003 0012 1665560999376941 -16.3125 -74.0 4.252194744018997 0 
0003 0000 1665560999438623 -8.8125 -77.5 0.9387962421860124 0 
0003 0004 1665560999454050 21.9375 -58.0 3.4606606574700063 0 
0003 0013 1665560999455236 -156.1875 -69.5 2.4175537217077703 0 
0003 0014 1665560999456583 4.0625 -57.0 3.8963112012295285 0 
0003 0010 1665560999457993 34.9375 -58.0 1.8039614065535141 0 
0003 0006 1665560999459851 -14.625 -69.5 0.5154175447295755 0 
0003 0007 1665560999461216 -34.9375 -64.0 3.773592738198677 0 
0003 0008 1665560999462635 -21.9375 -55.0 4.0128937411088375 0 
0003 0009 1665560999463789 -91.125 -67.0 3.32567034813607 0 
0003 0001 1665560999464728 -13.0 -69.5 2.9329712664373457 0 
0003 0005 1665560999465595 4.0625 -59.5 3.2029518851052186 0 
0003 0002 1665560999467258 -17.0625 -63.5 1.9389517158874505 0 
0003 0015 1665560999468243 -13.0 -63.5 2.650718801466388 0 
0003 0011 1665560999471956 39.0 -61.5 2.5586799541932495 0 
0003 0012 1665560999476224 -126.125 -72.5 4.135612204139688 0 
0003 0000 1665560999570877 3.125 -77.5 0.7363107781851077 0 
0003 0003 1665560999591112 -1.25 -75.5 4.945554060143307 0 
0003 0006 1665560999608551 0.0 -69.0 0.14726215563702155 0 
0003 0014 1665560999609438 21.9375 -57.5 3.80427235395639 0 
0003 0008 1665560999610590 -61.0 -55.5 4.129476280988146 0 
0003 0015 1665560999612183 26.0 -63.5 2.736621725587984 0 
0003 0005 1665560999613110 -26.0 -60.0 3.3379421944391554 0 
0003 0011 1665560999614264 -91.125 -62.5 2.675262494072558 0 
0003 0001 1665560999615232 8.9375 -70.0 3.0250101137104846 0 
0003 0002 1665560999616852 -17.0625 -62.5 2.086213871524472 0 
0003 0007 1665560999618487 -39.0 -64.5 3.773592738198677 0 
0003 0012 1665560999619626 160.3125 -70.0 4.031301510563465 0 
0003 0004 1665560999620505 -13.0 -57.0 3.6386024288647407 0 
0003 0010 1665560999622683 8.9375 -58.0 1.9266798695843652 0 
0003 0009 1665560999623597 52.0625 -66.5 3.031146036862027 0 
0003 0013 1665560999636638 -130.1875 -71.0 2.4605051837685683 0 
0003 0003 1665560999652865 1.625 -75.0 4.957825906446392 0 
0003 0000 1665560999772747 1.75 -77.5 0.9203884727313847 0 
0003 0012 1665560999792033 87.0625 -70.5 4.295146206079795 0 
0003 0002 1665560999793553 -13.0 -64.0 2.1782527187976104 0 
0003 0009 1665560999794523 39.0 -66.5 3.000466421104314 0 
0003 0005 1665560999795660 -30.0625 -59.5 3.393165502803038 0 
0003 0008 1665560999796599 -30.0625 -55.5 4.1417481272912315 0 
0003 0004 1665560999797525 26.0 -57.5 3.7122335066832517 0 
0003 0010 1665560999798479 -26.0 -58.0 1.9941750242513334 0 
0003 0014 1665560999799389 -26.0 -57.5 3.9760782021995817 0 
0003 0013 1665560999800333 191.1875 -69.5 2.184388641949153 0 
0003 0015 1665560999801247 -43.125 -62.0 2.6691265709210157 0 
0003 0011 1665560999804286 17.0625 -62.5 2.6445828783148455 0 
0003 0007 1665560999805795 30.0625 -64.5 3.767456815047135 0 
0003 0001 1665560999812915 -113.0625 -69.0 3.2704470397721868 0 
0003 0006 1665560999814250 52.0625 -67.5 0.22089323345553233 0 
0003 0000 1665560999897428 -0.875 -78.0 0.9572040116406401 0 
0003 0003 1665560999916763 -2.875 -76.5 5.086680292628786 0 
0003 0004 1665560999959898 143.1875 -57.5 3.5465635815916023 0 
0003 0009 1665560999961460 21.9375 -67.0 3.215223731408304 0 
0003 0007 1665560999962865 -91.125 -65.5 3.9208548938356986 0 
0003 0012 1665560999964532 -65.0625 -71.0 4.295146206079795 0 
0003 0006 1665560999965483 75.625 -68.5 0.15339807878856412 0 
0003 0005 1665560999967118 -30.0625 -59.5 3.4177091954092087 0 
0003 0001 1665560999968000 -95.1875 -70.0 3.5833791205008576 0 
0003 0013 1665560999968932 208.3125 -72.0 2.509592568980909 0 
0003 0008 1665560999970607 -39.0 -55.0 4.2031073588066565 0 
0003 0002 1665560999971701 74.0 -63.0 2.024854640009046 0 
0003 0011 1665560999972925 -39.0 -62.5 2.6691265709210157 0 
0003 0015 1665560999973853 -26.0 -62.5 2.650718801466388 0 
0003 0010 1665560999976337 -4.0625 -58.0 1.945087639038993 0 
0003 0014 1665560999977521 -52.0625 -57.5 4.006757817957295 0 
0003 0000 1665561000038534 4.625 -77.5 1.0062913968529805 0 
0003 0002 1665561000077903 -4.0625 -63.5 2.067806102069844 0 
0003 0005 1665561000078802 -30.0625 -59.5 3.5158839658338894 0 
0003 0013 1665561000079727 0.0 -71.0 2.3071071049800045 0 
0003 0001 1665561000080655 -74.0 -69.0 3.706097583531709 0 
0003 0015 1665561000084008 -39.0 -63.0 2.6875343403756435 0 
0003 0004 1665561000085160 -13.0 -57.5 3.847223816017188 0 
0003 0010 1665561000086283 8.9375 -58.0 1.902136176978195 0 
0003 0014 1665561000087224 34.9375 -57.0 3.8288160465625602 0 
0003 0011 1665561000088365 -87.0625 -62.0 2.8777479580734626 0 
0003 0008 1665561000089259 -21.9375 -55.0 4.172427743048944 0 
0003 0007 1665561000091888 -95.1875 -64.5 3.9147189706841563 0 
0003 0006 1665561000094489 179.8125 -69.0 0.2086213871524472 0 
0003 0009 1665561000097400 61.0 -67.0 3.160000423044421 0 
0003 0012 1665561000098668 -30.0625 -70.5 3.902447124381071 0 
0003 0000 1665561000161793 7.3125 -77.5 0.9510680884890975 0 
0003 0001 1665561000201390 -251.4375 -69.5 3.693825737228624 0 
0003 0010 1665561000202882 69.125 -58.5 1.8714565612204823 0 
0003 0004 1665561000203808 -69.125 -58.0 3.8840393549264434 0 
0003 0002 1665561000205478 39.0 -63.0 2.1905245651006955 0 
0003 0009 1665561000206389 -21.9375 -68.0 3.4177091954092087 0 
0003 0015 1665561000207787 52.0625 -63.5 2.6261751088602177 0 
0003 0007 1665561000208728 -108.1875 -64.0 3.9760782021995817 0 
0003 0008 1665561000210734 -17.0625 -55.0 4.215379205109742 0 
0003 0014 1665561000211716 -21.9375 -57.5 3.8963112012295285 0 
0003 0011 1665561000212627 -4.0625 -62.0 2.7979809571034093 0 
0003 0013 1665561000213943 264.4375 -71.5 1.9266798695843652 0 
0003 0005 1665561000215051 -21.9375 -59.5 3.509748042682347 0 
0003 0006 1665561000217523 -113.875 -69.0 0.6320000846088841 0 
0003 0000 1665561000262006 4.6875 -78.5 0.9878836273983529 0 
0003 0012 1665561000269199 -4.375 -74.0 4.23378697456437 0 
0003 0004 1665561000317936 -26.0 -57.5 3.8963112012295285 0 
0003 0014 1665561000318846 -43.125 -57.5 3.902447124381071 0 
0003 0001 1665561000320013 -82.1875 -70.0 3.650874275167826 0 
0003 0005 1665561000321210 -21.9375 -60.0 3.5588354278946874 0 
0003 0002 1665561000322402 0.0 -63.5 2.313243028131547 0 
0003 0010 1665561000325459 52.0625 -58.0 1.9266798695843652 0 
0003 0008 1665561000326355 -30.0625 -55.5 4.246058820867455 0 
0003 0013 1665561000328741 182.25 -71.5 1.9634954084936207 0 
0003 0011 1665561000330972 39.0 -61.5 2.742757648739526 0 
0003 0007 1665561000333337 -34.9375 -64.5 3.8840393549264434 0 
0003 0015 1665561000334536 -87.0625 -63.0 2.748893571891069 0 
0003 0009 1665561000335448 -61.0 -67.5 3.423845118560751 0 
0003 0006 1665561000336836 -14.625 -70.0 0.30066023442558565 0 
0003 0012 1665561000394105 5.3125 -74.0 1.0676506283684062 0 
0003 0000 1665561000514365 5.75 -77.5 1.1106020904292042 0 
0003 0009 1665561000525792 -100.0625 -67.0 3.466796580621549 0 
0003 0008 1665561000527193 0.0 -56.0 4.2031073588066565 0 
0003 0015 1665561000528593 -82.1875 -63.0 2.675262494072558 0 
0003 0014 1665561000530195 -4.0625 -57.0 3.9085830475326135 0 
0003 0007 1665561000531832 -34.9375 -65.5 3.8717675086233583 0 
0003 0011 1665561000533012 17.0625 -62.0 2.779573187648782 0 
0003 0010 1665561000534404 -4.0625 -58.0 1.9819031779482483 0 
0003 0006 1665561000535301 56.9375 -68.0 0.32520392703175593 0 
0003 0001 1665561000536184 -308.375 -70.5 3.749049045592507 0 
0003 0013 1665561000537778 178.1875 -70.0 2.1475731030398975 0 
0003 0004 1665561000539196 -8.9375 -57.5 3.8963112012295285 0 
0003 0005 1665561000540080 -21.9375 -60.0 3.6201946594101133 0 
0003 0002 1665561000542937 95.1875 -63.5 2.0800779483729293 0 
0003 0000 1665561000599789 -1.625 -77.5 4.276738436625168 0 
0003 0013 1665561000662383 -199.375 -71.5 2.5034566458293663 0 
0003 0005 1665561000664031 -65.0625 -60.5 3.7122335066832517 0 
0003 0009 1665561000664942 -87.0625 -67.0 3.454524734318464 0 
0003 0002 1665561000666600 26.0 -63.0 2.1782527187976104 0 
0003 0010 1665561000669108 -4.0625 -58.0 2.0064468705544187 0 
0003 0014 1665561000670005 -43.125 -57.5 3.9269908169872414 0 
0003 0008 1665561000671169 -8.9375 -56.0 4.196971435655114 0 
0003 0011 1665561000672322 4.0625 -62.0 2.779573187648782 0 
0003 0007 1665561000673477 48.0 -65.5 3.810408277107933 0 
0003 0004 1665561000674882 -30.0625 -57.5 3.847223816017188 0 
0003 0001 1665561000677349 0.0 -70.0 3.472932503773092 0 
0003 0006 1665561000678504 -18.6875 -66.5 0.37429131224409645 0 
0003 0015 1665561000679448 91.125 -64.0 2.521864415283994 0 
0003 0000 1665561000721502 3.0 -78.0 1.1596894756415448 0 
0003 0003 1665561000757610 7.75 -76.0 4.853515212870168 0 
0003 0006 1665561000785080 146.4375 -67.5 0.4356505437595221 0 
0003 0007 1665561000785963 -100.0625 -65.0 4.0128937411088375 0 
0003 0002 1665561000787156 -13.0 -63.0 2.1353012567368124 0 
0003 0014 1665561000789484 -48.0 -57.5 3.9638063558964967 0 
0003 0005 1665561000790377 0.0 -59.5 3.6017868899554855 0 
0003 0011 1665561000791324 -52.0625 -62.0 2.9206994201342606 0 
0003 0008 1665561000794950 4.0625 -55.5 4.215379205109742 0 
0003 0001 1665561000796884 113.0625 -70.0 3.485204350076177 0 
0003 0010 1665561000798276 -13.0 -58.5 1.9634954084936207 0 
0003 0004 1665561000799484 -8.9375 -57.5 3.767456815047135 0 
0003 0015 1665561000800387 -34.9375 -63.0 2.7979809571034093 0 
0003 0009 1665561000801642 -104.125 -67.0 3.5833791205008576 0 
0003 0012 1665561000827656 4.875 -73.5 4.460816131171445 0 
0003 0000 1665561000841302 -9.75 -77.5 4.227651051412827 0 
0003 0013 1665561000865898 12.625 -74.5 5.154175447295755 0 
0003 0006 1665561000912576 170.875 -68.0 0.4111068511533518 0 
0003 0004 1665561000913472 -30.0625 -57.5 3.792000507653305 0 
0003 0001 1665561000914910 -52.0625 -68.5 3.5342917352885173 0 
0003 0011 1665561000915759 0.0 -61.0 2.9206994201342606 0 
0003 0010 1665561000919039 21.9375 -58.5 1.945087639038993 0 
0003 0014 1665561000920518 -34.9375 -57.0 3.9638063558964967 0 
0003 0002 1665561000921399 -21.9375 -63.0 2.098485717827557 0 
0003 0005 1665561000922595 -48.0 -59.0 3.663146121470911 0 
0003 0012 1665561000923684 -8.9375 -72.0 4.442408361716817 0 
0003 0008 1665561000925095 -52.0625 -55.5 4.25833066717054 0 
0003 0009 1665561000926247 -39.0 -67.0 3.5281558121369745 0 
0003 0015 1665561000927160 21.9375 -63.5 2.6261751088602177 0 
0003 0007 1665561000931859 -52.0625 -64.5 3.9638063558964967 0 
0003 0000 1665561000947855 18.75 -77.5 4.111068511533518 0 
0003 0013 1665561000955461 1.625 -74.5 2.3746022596469727 0 
0003 0012 1665561001027421 8.9375 -71.0 4.0128937411088375 0 
0003 0005 1665561001028888 -48.0 -59.5 3.6386024288647407 0 
0003 0008 1665561001030053 -34.9375 -56.0 4.227651051412827 0 
0003 0010 1665561001030931 0.0 -58.0 1.9573594853420782 0 
0003 0006 1665561001032619 -122.875 -69.5 0.5706408530934585 0 
0003 0015 1665561001033786 30.0625 -62.5 2.6813984172241008 0 
0003 0013 1665561001035222 0.0 -72.0 2.1782527187976104 0 
0003 0009 1665561001036310 -100.0625 -67.0 3.6201946594101133 0 
0003 0001 1665561001037235 -108.1875 -68.5 3.552699504743145 0 
0003 0011 1665561001038133 30.0625 -61.5 2.7979809571034093 0 
0003 0007 1665561001039310 -48.0 -64.5 3.9269908169872414 0 
0003 0002 1665561001040715 48.0 -62.5 2.0371264863121317 0 
0003 0014 1665561001042234 -21.9375 -57.0 3.9147189706841563 0 
0003 0004 1665561001043128 4.0625 -57.0 3.7981364308048478 0 
0003 0000 1665561001068926 12.9375 -77.5 4.09266074207889 0 
0003 0013 1665561001071038 -24.375 -74.0 2.497320722677824 0 
0003 0006 1665561001139476 -118.75 -70.0 0.521553467881118 0 
0003 0011 1665561001140372 -8.9375 -61.5 2.8286605728611223 0 
0003 0015 1665561001141526 -8.9375 -63.0 2.718213956133356 0 
0003 0002 1665561001142692 21.9375 -62.5 2.012582793705961 0 
0003 0004 1665561001143858 21.9375 -57.0 3.785864584501762 0 
0003 0009 1665561001144743 -43.125 -67.5 3.4054373491061236 0 
0003 0007 1665561001146110 -126.125 -65.0 4.01902966426038 0 
0003 0010 1665561001146992 30.0625 -58.0 1.9941750242513334 0 
0003 0014 1665561001148455 -30.0625 -57.0 3.9208548938356986 0 
0003 0008 1665561001149352 -34.9375 -55.5 4.215379205109742 0 
0003 0001 1665561001151022 -21.9375 -70.0 3.4177091954092087 0 
0003 0005 1665561001152373 -74.0 -59.0 3.663146121470911 0 
0003 0013 1665561001153757 52.0625 -70.5 2.3623304133438876 0 
0003 0012 1665561001155536 -126.125 -69.5 4.086524818927348 0 
0003 0000 1665561001179383 15.375 -77.5 4.031301510563465 0 
0003 0001 1665561001249185 204.25 -69.5 3.2459033471660166 0 
0003 0015 1665561001251699 17.0625 -63.0 2.6139032625571326 0 
0003 0009 1665561001252554 -48.0 -67.0 3.3624858870453256 0 
0003 0008 1665561001253508 -30.0625 -56.0 4.227651051412827 0 
0003 0010 1665561001254419 -39.0 -58.0 2.067806102069844 0 
0003 0004 1665561001255343 -21.9375 -57.0 3.8288160465625602 0 
0003 0002 1665561001256267 -13.0 -62.5 2.141437179888355 0 
0003 0013 1665561001257198 69.125 -71.0 2.356194490192345 0 
0003 0014 1665561001259027 -8.9375 -57.0 3.9453985864418692 0 
0003 0011 1665561001260992 -69.125 -61.5 2.8409324191642074 0 
0003 0005 1665561001262511 -39.0 -59.5 3.6447383520162835 0 
0003 0007 1665561001264569 -69.125 -64.5 3.9944859716542096 0 
0003 0012 1665561001270032 -17.0625 -71.5 4.23378697456437 0 
0003 0006 1665561001270940 23.5625 -70.5 0.35588354278946877 0 
0003 0000 1665561001308154 2.4375 -78.0 1.0246991663076084 0 
0003 0008 1665561001374051 -21.9375 -55.0 4.215379205109742 0 
0003 0006 1665561001374933 99.25 -69.0 0.4479223900626072 0 
0003 0014 1665561001376339 -30.0625 -57.0 3.9576704327449543 0 
0003 0010 1665561001377251 48.0 -58.0 1.9512235621905356 0 
0003 0011 1665561001379886 -4.0625 -61.5 2.761165418194154 0 
0003 0005 1665561001381522 -13.0 -59.5 3.5711072741977725 0 
0003 0002 1665561001382646 26.0 -63.0 2.0923497946760143 0 
0003 0007 1665561001385569 8.9375 -64.5 3.9085830475326135 0 
0003 0004 1665561001386538 -13.0 -57.0 3.7551849687440497 0 
0003 0009 1665561001390227 -78.0625 -66.5 3.4054373491061236 0 
0003 0013 1665561001391143 -117.125 -71.0 2.7550294950426117 0 
0003 0015 1665561001392538 17.0625 -62.5 2.6016314162540475 0 
0003 0001 1665561001393420 34.9375 -68.5 3.448388811166921 0 
0003 0012 1665561001418270 21.1875 -74.0 1.0615147052168636 0 
0003 0000 1665561001450987 -6.375 -78.0 1.030835089459151 0 
0003 0002 1665561001495475 69.125 -63.0 2.000310947402876 0 
0003 0011 1665561001496600 -48.0 -62.0 2.816388726558037 0 
0003 0007 1665561001497766 56.125 -64.5 3.792000507653305 0 
0003 0014 1665561001498930 -21.9375 -57.0 3.9085830475326135 0 
0003 0004 1665561001500621 13.0 -57.0 3.724505352986337 0 
0003 0005 1665561001502990 0.0 -59.5 3.5711072741977725 0 
0003 0006 1665561001504640 42.3125 -70.0 0.5399612373357456 0 
0003 0008 1665561001505551 -26.0 -55.5 4.25833066717054 0 
0003 0009 1665561001507212 -52.0625 -66.5 3.380893656499953 0 
0003 0015 1665561001508110 -48.0 -63.0 2.7120780329818137 0 
0003 0010 1665561001509290 30.0625 -58.0 1.9573594853420782 0 
0003 0001 1665561001511963 -208.3125 -69.0 3.785864584501762 0 
0003 0000 1665561001542328 -9.75 -77.0 4.06811704947272 0 
0003 0012 1665561001545075 -2.4375 -74.5 4.289010282928253 0 
0003 0015 1665561001613091 0.0 -63.0 2.662990647769473 0 
0003 0004 1665561001614631 -13.0 -57.5 3.773592738198677 0 
0003 0005 1665561001615783 13.0 -59.5 3.522019888985432 0 
0003 0006 1665561001617217 56.9375 -69.5 0.3620194659410113 0 
0003 0001 1665561001618128 -104.125 -68.5 3.5772431973493153 0 
0003 0011 1665561001618995 17.0625 -62.0 2.718213956133356 0 
0003 0008 1665561001620119 -30.0625 -55.0 4.227651051412827 0 
0003 0007 1665561001621060 -78.0625 -65.0 3.865631585471816 0 
0003 0009 1665561001621956 -74.0 -66.5 3.3870295796514958 0 
0003 0002 1665561001622894 30.0625 -62.5 2.018718716857504 0 
0003 0014 1665561001625179 -30.0625 -57.0 3.9638063558964967 0 
0003 0010 1665561001626926 4.0625 -58.0 2.000310947402876 0 
0003 0013 1665561001629688 -204.25 -72.5 2.6691265709210157 0 
0003 0000 1665561001657693 -18.75 -77.5 4.23378697456437 0 
0003 0012 1665561001659872 -11.4375 -74.5 4.313553975534423 0 
0003 0010 1665561001725580 21.9375 -58.0 1.9389517158874505 0 
0003 0011 1665561001726465 -48.0 -61.5 2.84706834231575 0 
0003 0013 1665561001730441 182.25 -72.5 2.313243028131547 0 
0003 0004 1665561001731592 -43.125 -57.0 3.792000507653305 0 
0003 0014 1665561001732474 -48.0 -57.5 3.9699422790480394 0 
0003 0007 1665561001733615 -117.125 -65.0 3.988350048502667 0 
0003 0008 1665561001734763 4.0625 -55.0 4.190835512503572 0 
0003 0015 1665561001735922 130.1875 -62.5 2.5954954931025047 0 
0003 0002 1665561001737038 0.0 -62.5 2.086213871524472 0 
0003 0005 1665561001737910 -8.9375 -59.5 3.522019888985432 0 
0003 0009 1665561001738810 52.0625 -67.0 3.2336315008629315 0 
0003 0006 1665561001740100 38.1875 -69.5 0.35588354278946877 0 
0003 0001 1665561001741833 -74.0 -70.5 3.5833791205008576 0 
0003 0012 1665561001762088 -15.375 -73.5 4.196971435655114 0 
0003 0000 1665561001764201 12.1875 -77.5 3.9638063558964967 0 
0003 0014 1665561001846334 -26.0 -57.0 3.9515345095934116 0 
0003 0009 1665561001847939 -48.0 -67.0 3.356349963893783 0 
0003 0007 1665561001849116 8.9375 -64.0 3.859495662320273 0 
0003 0004 1665561001850438 -17.0625 -57.0 3.761320891895592 0 
0003 0013 1665561001852332 191.1875 -71.0 2.386874105950058 0 
0003 0008 1665561001853198 -17.0625 -54.5 4.25833066717054 0 
0003 0002 1665561001854138 43.125 -62.5 1.9819031779482483 0 
0003 0001 1665561001855758 -108.1875 -69.5 3.32567034813607 0 
0003 0005 1665561001857646 -21.9375 -59.5 3.54042765844006 0 
0003 0010 1665561001858573 -34.9375 -57.5 1.9880391010997909 0 
0003 0015 1665561001859501 26.0 -62.5 2.6813984172241008 0 
0003 0011 1665561001861704 21.9375 -62.0 2.7857091108003242 0 
0003 0006 1665561001864001 -23.5625 -70.0 0.4970097752749477 0 
0003 0012 1665561001890221 -13.875 -74.5 4.104932588381976 0 
0003 0000 1665561001907086 13.875 -77.0 4.086524818927348 0 
0003 0001 1665561001974020 -13.0 -69.0 3.227495577711389 0 
0003 0006 1665561001975653 33.3125 -69.5 0.4724660826687775 0 
0003 0011 1665561001977417 -17.0625 -61.5 2.8102528034064944 0 
0003 0002 1665561001978311 -4.0625 -62.5 2.0371264863121317 0 
0003 0010 1665561001979267 21.9375 -58.0 1.932815792735908 0 
0003 0007 1665561001980122 -48.0 -65.0 3.9147189706841563 0 
0003 0015 1665561001982040 8.9375 -63.0 2.650718801466388 0 
0003 0004 1665561001982981 -21.9375 -57.0 3.767456815047135 0 
0003 0008 1665561001983921 -13.0 -55.0 4.252194744018997 0 
0003 0005 1665561001984847 30.0625 -59.0 3.479068426924634 0 
0003 0014 1665561001985813 -17.0625 -57.0 3.9269908169872414 0 
0003 0009 1665561001987236 -87.0625 -67.0 3.3318062712876126 0 
0003 0013 1665561001989032 511.8125 -72.0 1.6751070203711202 0 
0003 0012 1665561002015849 -4.875 -74.0 4.166291819897402 0 
0003 0000 1665561002020966 37.375 -77.0 4.086524818927348 0 
0003 0008 1665561002091190 13.0 -54.5 4.239922897715912 0 
0003 0014 1665561002092072 -17.0625 -57.0 3.9392626632903265 0 
0003 0010 1665561002093226 61.0 -58.0 1.8837284075235674 0 
0003 0004 1665561002094306 -21.9375 -57.5 3.7122335066832517 0 
0003 0011 1665561002095701 43.125 -61.5 2.718213956133356 0 
0003 0007 1665561002096885 -152.125 -64.0 4.01902966426038 0 
0003 0002 1665561002097823 -43.125 -63.0 2.073942025221387 0 
0003 0009 1665561002099468 87.0625 -67.5 3.1231848841351653 0 
0003 0012 1665561002100495 17.0625 -71.5 4.1417481272912315 0 
0003 0015 1665561002101411 30.0625 -62.5 2.662990647769473 0 
0003 0013 1665561002102569 -277.4375 -72.5 2.552544031041707 0 
0003 0006 1665561002103433 -28.4375 -69.0 0.380427235395639 0 
0003 0005 1665561002104375 -65.0625 -59.5 3.5465635815916023 0 
0003 0001 1665561002106167 -204.25 -70.0 3.4054373491061236 0 
0003 0012 1665561002131968 10.5 -73.5 4.0987966652304335 0 
0003 0000 1665561002137144 -3.1875 -77.5 4.061981126321178 0 
0003 0008 1665561002203922 -52.0625 -55.0 4.295146206079795 0 
0003 0014 1665561002204773 -21.9375 -57.5 3.9392626632903265 0 
0003 0004 1665561002205938 4.0625 -57.0 3.706097583531709 0 
0003 0009 1665561002208709 78.0625 -66.0 3.1231848841351653 0 
0003 0015 1665561002209906 -13.0 -63.0 2.7550294950426117 0 
0003 0002 1665561002210801 17.0625 -62.5 2.0064468705544187 0 
0003 0011 1665561002212225 -61.0 -62.0 2.779573187648782 0 
0003 0006 1665561002213106 33.3125 -69.5 0.3620194659410113 0 
0003 0001 1665561002214031 -34.9375 -69.5 3.11091303783208 0 
0003 0007 1665561002215168 8.9375 -64.5 3.8533597391687304 0 
0003 0010 1665561002216577 21.9375 -58.0 1.8775924843720249 0 
0003 0005 1665561002217530 -21.9375 -59.5 3.4913402732277192 0 
0003 0013 1665561002218437 386.5 -72.5 1.9941750242513334 0 
0003 0012 1665561002220553 -34.9375 -72.0 4.25833066717054 0 
0003 0000 1665561002250594 -10.5 -77.0 4.135612204139688 0 
0003 0002 1665561002317284 34.9375 -62.0 1.9634954084936207 0 
0003 0010 1665561002318179 -4.0625 -58.0 1.902136176978195 0 
0003 0006 1665561002319375 38.1875 -69.5 0.3865631585471816 0 
0003 0009 1665561002321009 -39.0 -67.0 3.2888548092268146 0 
0003 0014 1665561002322359 -26.0 -57.0 3.9515345095934116 0 
0003 0008 1665561002323761 4.0625 -55.0 4.2031073588066565 0 
0003 0011 1665561002325129 -78.0625 -61.5 2.8409324191642074 0 
0003 0007 1665561002326266 -100.0625 -65.0 3.9515345095934116 0 
0003 0001 1665561002327406 169.25 -70.5 2.9268353432858034 0 
0003 0015 1665561002328274 13.0 -63.5 2.6813984172241008 0 
0003 0004 1665561002329622 -8.9375 -56.5 3.6263305825616556 0 
0003 0005 1665561002330508 -48.0 -59.5 3.5036121195308043 0 
0003 0013 1665561002332374 -143.1875 -72.0 2.767301341345697 0 
0003 0012 1665561002340451 69.125 -72.5 3.9944859716542096 0 
0003 0000 1665561002361816 -37.375 -77.5 1.0921943209745766 0 
0003 0002 1665561002432801 -13.0 -62.5 1.9819031779482483 0 
0003 0007 1665561002433685 21.9375 -64.5 3.749049045592507 0 
0003 0006 1665561002434566 -75.625 -69.5 0.5522330836388308 0 
0003 0008 1665561002437104 -4.0625 -55.0 4.184699589352029 0 
0003 0009 1665561002438798 17.0625 -67.5 3.2704470397721868 0 
0003 0005 1665561002439711 -30.0625 -59.5 3.454524734318464 0 
0003 0010 1665561002441143 -8.9375 -58.0 1.8837284075235674 0 
0003 0015 1665561002442601 -4.0625 -63.0 2.718213956133356 0 
0003 0011 1665561002444268 -69.125 -61.5 2.7857091108003242 0 
0003 0014 1665561002445287 0.0 -57.0 3.933126740138784 0 
0003 0001 1665561002446671 91.125 -70.0 2.945243112740431 0 
0003 0013 1665561002447800 221.3125 -72.5 2.270291566070749 0 
0003 0004 1665561002448976 -17.0625 -57.0 3.6324665057131984 0 
0003 0012 1665561002480027 -16.3125 -74.5 0.9940195505498954 0 
0003 0000 1665561002484785 24.375 -77.5 3.865631585471816 0 
0003 0010 1665561002553122 13.0 -58.0 1.8775924843720249 0 
0003 0015 1665561002554051 -21.9375 -62.5 2.761165418194154 0 
0003 0008 1665561002555572 -26.0 -55.0 4.190835512503572 0 
0003 0004 1665561002556440 -13.0 -57.5 3.6263305825616556 0 
0003 0014 1665561002557393 -21.9375 -57.0 3.9576704327449543 0 
0003 0007 1665561002558590 -26.0 -64.0 3.7981364308048478 0 
0003 0009 1665561002559502 -65.0625 -67.0 3.2949907323783574 0 
0003 0011 1665561002560723 -13.0 -61.5 2.7550294950426117 0 
0003 0005 1665561002562614 -17.0625 -59.5 3.442252888015379 0 
0003 0002 1665561002563510 -4.0625 -62.0 1.932815792735908 0 
0003 0006 1665561002564961 -75.625 -69.0 0.47860200582032003 0 
0003 0001 1665561002567315 -91.125 -69.0 3.043417883165112 0 
0003 0013 1665561002568231 43.125 -72.5 2.184388641949153 0 
0003 0012 1665561002572601 8.9375 -71.0 4.037437433715008 0 
