0003 0013 1665561991745085 -269.3125 -67.5 4.356505437595221 1 
0003 0006 1665561991747055 -100.0625 -64.5 4.583534594202296 1 
0003 0007 1665561991748238 91.125 -67.5 5.00077736850719 1 
0003 0009 1665561991749413 -4.0625 -65.5 4.595806440505381 1 
0003 0015 1665561991750554 -100.0625 -65.0 3.7981364308048478 1 
0003 0011 1665561991751479 -95.1875 -61.5 5.522330836388308 1 
0003 0010 1665561991752629 -30.0625 -57.5 4.620350133111551 1 
0003 0002 1665561991753752 -43.125 -66.5 3.6140587362585705 1 
0003 0003 1665561991755516 -65.0625 -67.0 3.1968159619536762 1 
0003 0004 1665561991756681 -26.0 -54.5 6.043884304269426 1 
0003 0008 1665561991758332 -8.9375 -60.0 0.25770877236478773 1 
0003 0005 1665561991759885 17.0625 -65.5 6.000932842208628 1 
0003 0014 1665561991760765 4.0625 -58.0 1.8285050991596843 1 
0003 0012 1665561991761696 26.0 -70.0 1.0369710126106935 1 
0003 0001 1665561991784571 7.3125 -74.0 6.240233845118788 1 
0003 0012 1665561991855410 -17.0625 -70.5 1.0983302441261191 1 
0003 0015 1665561991856324 -56.125 -64.5 3.7122335066832517 1 
0003 0005 1665561991859102 8.9375 -65.0 6.037748381117884 1 
0003 0014 1665561991861631 30.0625 -57.5 1.7978254834019713 1 
0003 0013 1665561991863578 -100.0625 -68.0 4.1172044346850605 1 
0003 0007 1665561991864490 30.0625 -67.5 5.006913291658733 1 
0003 0009 1665561991865386 13.0 -65.5 4.589670517353839 1 
0003 0004 1665561991866283 -39.0 -54.5 6.111379458936394 1 
0003 0011 1665561991867746 -43.125 -62.5 5.540738605842936 1 
0003 0002 1665561991869297 -65.0625 -66.5 3.6999616603801666 1 
0003 0010 1665561991870690 -30.0625 -57.5 4.638757902566179 1 
0003 0008 1665561991873550 0.0 -59.0 0.28838838812250056 1 
0003 0006 1665561991875061 38.1875 -65.0 4.485359823777615 1 
0003 0003 1665561991876240 61.0 -67.5 3.031146036862027 1 
0003 0001 1665561991901977 -10.5 -73.5 0.006135923151542565 1 
0003 0008 1665561991969651 -21.9375 -59.5 0.4111068511533518 1 
0003 0014 1665561991971016 -39.0 -58.0 1.8960002538266525 1 
0003 0010 1665561991972183 -65.0625 -58.0 4.73693267299086 1 
0003 0005 1665561991973236 113.0625 -66.0 6.031612457966341 1 
0003 0002 1665561991975333 -4.0625 -66.5 3.6447383520162835 1 
0003 0011 1665561991976444 -8.9375 -62.5 5.5284667595398505 1 
0003 0006 1665561991977822 33.3125 -64.5 4.528311285838413 1 
0003 0003 1665561991978990 -182.25 -67.5 3.2643111166206444 1 
0003 0009 1665561991980199 130.1875 -66.5 4.558990901596125 1 
0003 0004 1665561991981320 17.0625 -55.0 6.129787228391022 1 
0003 0015 1665561991982249 -117.125 -64.5 3.834951969714103 1 
0003 0007 1665561991983233 -52.0625 -67.5 5.203262832508095 1 
0003 0012 1665561991984130 21.9375 -69.5 1.043106935762236 1 
0003 0013 1665561991985768 -74.0 -67.5 4.1601558967458585 1 
0003 0001 1665561991989286 139.125 -73.0 6.062292073724054 1 
0003 0004 1665561992079431 4.0625 -55.0 6.209554229361076 1 
0003 0008 1665561992080925 -17.0625 -59.5 0.4540583132141498 1 
0003 0010 1665561992081852 -17.0625 -57.5 4.675573441475434 1 
0003 0014 1665561992083557 -8.9375 -58.0 1.8407769454627694 1 
0003 0009 1665561992084457 -100.0625 -66.5 4.92714629068868 1 
0003 0015 1665561992085374 -199.375 -65.0 3.9822141253511245 1 
0003 0006 1665561992086510 48.0 -64.0 4.540583132141498 1 
0003 0002 1665561992087663 -21.9375 -66.5 3.810408277107933 1 
0003 0012 1665561992088874 113.0625 -70.5 0.9019807032767571 1 
0003 0013 1665561992090837 34.9375 -68.0 4.111068511533518 1 
0003 0003 1665561992091762 -26.0 -67.0 3.215223731408304 1 
0003 0007 1665561992092942 -82.1875 -67.5 5.197126909356553 1 
0003 0005 1665561992093812 -39.0 -65.5 6.258641614573416 1 
0003 0011 1665561992094695 13.0 -62.5 5.497787143782138 1 
0003 0001 1665561992096216 -74.0 -71.5 0.32520392703175593 1 
0003 0010 1665561992185446 -21.9375 -58.0 4.755340442445488 1 
0003 0013 1665561992186605 -34.9375 -68.5 4.09266074207889 1 
0003 0011 1665561992187758 -91.125 -62.5 5.700272607783043 1 
0003 0006 1665561992188938 -213.1875 -65.0 4.945554060143307 1 
0003 0004 1665561992189861 -13.0 -54.5 0.0 1 
0003 0009 1665561992190742 -21.9375 -66.0 4.81056375080937 1 
0003 0014 1665561992192355 -8.9375 -58.0 1.8407769454627694 1 
0003 0008 1665561992193579 -13.0 -59.0 0.5154175447295755 1 
0003 0007 1665561992196154 56.125 -67.0 5.129631754689584 1 
0003 0015 1665561992197308 -39.0 -65.0 3.736777199289422 1 
0003 0002 1665561992198233 143.1875 -66.5 3.6263305825616556 1 
0003 0001 1665561992200646 34.9375 -71.0 0.1349903093339364 1 
0003 0003 1665561992202948 -147.25 -67.5 3.436116964863836 1 
0003 0005 1665561992204740 17.0625 -65.5 6.264777537724958 1 
0003 0012 1665561992206545 0.0 -70.5 0.9817477042468103 1 
0003 0008 1665561992294750 -4.0625 -59.5 0.5092816215780329 1 
0003 0012 1665561992295607 -13.0 -69.0 0.8897088569736719 1 
0003 0010 1665561992297029 -91.125 -57.5 4.914874444385594 1 
0003 0011 1665561992298196 -91.125 -62.0 5.688000761479957 1 
0003 0001 1665561992299605 -238.4375 -71.0 0.5092816215780329 1 
0003 0007 1665561992302203 61.0 -67.0 5.148039524144211 1 
0003 0013 1665561992303188 21.9375 -69.0 4.172427743048944 1 
0003 0006 1665561992304113 -122.875 -65.0 4.859651136021712 1 
0003 0014 1665561992305759 -8.9375 -58.0 1.8714565612204823 1 
0003 0004 1665561992306658 13.0 -54.5 0.02454369260617026 1 
0003 0015 1665561992309665 -8.9375 -64.5 3.706097583531709 1 
0003 0003 1665561992311686 147.25 -68.0 3.055689729468197 1 
0003 0002 1665561992312595 -30.0625 -66.5 3.822680123411018 1 
0003 0005 1665561992314555 -74.0 -65.5 0.14726215563702155 1 
0003 0009 1665561992315495 39.0 -66.0 4.76147636559703 1 
0003 0013 1665561992405506 -43.125 -68.5 4.264466590322082 1 
0003 0005 1665561992407367 48.0 -65.0 0.14112623248547898 1 
0003 0014 1665561992408533 26.0 -58.0 1.8100973297050567 1 
0003 0003 1665561992409669 -43.125 -69.5 3.3624858870453256 1 
0003 0012 1665561992410768 -108.1875 -70.0 1.0615147052168636 1 
0003 0015 1665561992411907 26.0 -66.0 3.6386024288647407 1 
0003 0008 1665561992412789 21.9375 -59.5 0.5154175447295755 1 
0003 0009 1665561992413942 -52.0625 -66.5 4.921010367537137 1 
0003 0010 1665561992415546 -26.0 -57.5 4.816699673960914 1 
0003 0002 1665561992416683 4.0625 -67.0 3.859495662320273 1 
0003 0004 1665561992417834 4.0625 -54.5 0.04908738521234052 1 
0003 0011 1665561992421126 -91.125 -62.5 5.6941366846315 1 
0003 0007 1665561992422293 -30.0625 -67.5 5.307573526084319 1 
0003 0001 1665561992424800 95.1875 -72.0 0.1349903093339364 1 
0003 0006 1665561992426916 52.0625 -64.5 4.626486056263094 1 
0003 0007 1665561992515180 -134.25 -68.0 5.418020142812084 1 
0003 0008 1665561992516059 -8.9375 -59.5 0.5276893910326605 1 
0003 0010 1665561992518063 21.9375 -57.5 4.773748211900116 1 
0003 0009 1665561992519231 95.1875 -67.0 4.773748211900116 1 
0003 0003 1665561992520156 -43.125 -68.0 3.393165502803038 1 
0003 0004 1665561992521081 -8.9375 -54.5 0.05522330836388308 1 
0003 0014 1665561992522244 0.0 -58.0 1.8407769454627694 1 
0003 0013 1665561992524124 8.9375 -68.0 4.172427743048944 1 
0003 0012 1665561992525041 -34.9375 -70.0 0.9817477042468103 1 
0003 0006 1665561992525979 -52.0625 -64.5 4.6448938257177215 1 
0003 0015 1665561992528344 43.125 -65.5 3.6324665057131984 1 
0003 0011 1665561992530138 -43.125 -62.5 5.6941366846315 1 
0003 0001 1665561992531021 -48.0 -71.5 0.380427235395639 1 
0003 0005 1665561992532799 -74.0 -65.0 0.34974761963792617 1 
0003 0002 1665561992533883 134.25 -66.5 3.736777199289422 1 
0003 0015 1665561992622305 30.0625 -64.5 3.663146121470911 1 
0003 0010 1665561992623726 -17.0625 -58.0 4.822835597112456 1 
0003 0004 1665561992625418 -43.125 -54.5 0.11044661672776616 1 
0003 0012 1665561992627065 152.125 -71.0 0.8713010875190442 1 
0003 0007 1665561992628192 221.3125 -68.0 4.963961829597935 1 
0003 0008 1665561992629340 39.0 -59.5 0.5154175447295755 1 
0003 0011 1665561992631032 -121.25 -63.0 5.773903685601553 1 
0003 0014 1665561992631911 13.0 -57.5 1.846912868614312 1 
0003 0002 1665561992632823 -61.0 -67.0 4.037437433715008 1 
0003 0006 1665561992634045 -104.125 -64.5 4.76147636559703 1 
0003 0013 1665561992634959 -4.0625 -68.0 4.1417481272912315 1 
0003 0005 1665561992636114 30.0625 -65.0 0.23930100291016002 1 
0003 0001 1665561992638159 -52.0625 -72.0 0.5154175447295755 1 
0003 0003 1665561992639070 -74.0 -70.0 3.509748042682347 1 
0003 0009 1665561992639981 -65.0625 -67.0 4.9394181369917645 1 
0003 0015 1665561992728983 -21.9375 -65.0 3.761320891895592 1 
0003 0007 1665561992730379 39.0 -67.0 5.270757987175063 1 
0003 0003 1665561992731320 113.0625 -69.0 3.2336315008629315 1 
0003 0014 1665561992732736 -30.0625 -57.5 1.8775924843720249 1 
0003 0009 1665561992733661 -21.9375 -67.0 4.914874444385594 1 
0003 0012 1665561992735000 -143.1875 -71.5 1.0737865515199487 1 
0003 0013 1665561992737149 -65.0625 -68.0 4.276738436625168 1 
0003 0010 1665561992738059 -26.0 -57.5 4.865787059173254 1 
0003 0002 1665561992740161 48.0 -67.0 3.9822141253511245 1 
0003 0004 1665561992741052 0.0 -54.5 0.14726215563702155 1 
0003 0005 1665561992741956 21.9375 -65.0 0.37429131224409645 1 
0003 0008 1665561992743392 13.0 -59.5 0.5767767762450011 1 
0003 0006 1665561992745187 -4.875 -64.5 4.804427827657828 1 
0003 0001 1665561992746071 -160.3125 -71.5 0.6381360077604268 1 
0003 0011 1665561992748574 13.0 -63.0 5.712544454086128 1 
0003 0006 1665561992839058 -38.1875 -65.0 5.00077736850719 1 
0003 0001 1665561992840224 52.0625 -71.0 0.6135923151542565 1 
0003 0004 1665561992841374 -8.9375 -54.0 0.32520392703175593 1 
0003 0005 1665561992842827 -34.9375 -64.0 0.5890486225480862 1 
0003 0008 1665561992844021 -26.0 -59.5 0.7363107781851077 1 
0003 0009 1665561992844930 4.0625 -67.5 4.9823695990525625 1 
0003 0013 1665561992846314 -17.0625 -68.5 4.276738436625168 1 
0003 0015 1665561992847214 87.0625 -64.5 3.5895150436524004 1 
0003 0010 1665561992848379 26.0 -57.5 4.908738521234052 1 
0003 0007 1665561992850257 -199.375 -67.0 5.71868037723767 1 
0003 0014 1665561992851617 -17.0625 -58.0 1.88986433067511 1 
0003 0011 1665561992854004 -65.0625 -62.5 5.822991070813893 1 
0003 0012 1665561992855016 -95.1875 -70.5 1.055378782065321 1 
0003 0002 1665561992856962 56.125 -67.0 4.184699589352029 1 
0003 0003 1665561992859590 8.9375 -68.0 3.552699504743145 1 
0003 0007 1665561992947192 -113.0625 -67.5 5.442563835418255 1 
0003 0015 1665561992948116 -13.0 -64.5 3.7429131224409646 1 
0003 0010 1665561992949226 -21.9375 -57.0 5.056000676871073 1 
0003 0001 1665561992950432 126.125 -69.5 0.803805932852076 1 
0003 0013 1665561992951871 78.0625 -68.0 4.239922897715912 1 
0003 0014 1665561992953469 0.0 -57.5 1.8653206380689396 1 
0003 0003 1665561992955641 91.125 -68.5 3.5036121195308043 1 
0003 0004 1665561992957063 21.9375 -54.0 0.44178646691106466 1 
0003 0008 1665561992958922 -13.0 -59.0 0.8222137023067037 1 
0003 0011 1665561992959766 -65.0625 -62.0 5.964117303299373 1 
0003 0005 1665561992961414 -87.0625 -65.0 0.7915340865489908 1 
0003 0009 1665561992963164 -134.25 -67.5 5.252350217720435 1 
0003 0006 1665561992964698 -82.1875 -65.0 5.031456984264903 1 
0003 0002 1665561992965834 -13.0 -67.0 4.528311285838413 1 
0003 0012 1665561992968923 -78.0625 -72.0 1.0246991663076084 1 
0003 0010 1665561993057642 -17.0625 -57.5 5.037592907416445 1 
0003 0003 1665561993059408 -104.125 -70.0 4.123340357836604 1 
0003 0006 1665561993060542 -14.625 -65.0 5.166447293598839 1 
0003 0004 1665561993061948 4.0625 -54.0 0.5706408530934585 1 
0003 0002 1665561993063416 21.9375 -68.5 4.957825906446392 1 
0003 0008 1665561993064341 39.0 -59.5 0.8528933180644165 1 
0003 0015 1665561993065240 -30.0625 -64.5 3.9576704327449543 1 
0003 0013 1665561993066437 8.9375 -67.0 4.565126824747668 1 
0003 0009 1665561993067377 4.0625 -67.5 5.307573526084319 1 
0003 0014 1665561993068275 -30.0625 -57.5 1.9266798695843652 1 
0003 0007 1665561993070291 4.0625 -67.5 5.491651220630596 1 
0003 0001 1665561993071529 -189.5625 -69.5 1.3192234775816514 1 
0003 0011 1665561993073090 -87.0625 -61.5 6.050020227420969 1 
0003 0005 1665561993074028 21.9375 -64.0 0.9694758579437253 1 
0003 0010 1665561993162469 -39.0 -57.0 5.006913291658733 1 
0003 0009 1665561993163623 52.0625 -67.0 5.0682725231741586 1 
0003 0008 1665561993164533 30.0625 -60.0 0.8713010875190442 1 
0003 0006 1665561993166720 -33.3125 -65.0 5.154175447295755 1 
0003 0002 1665561993167616 -104.125 -69.0 5.522330836388308 1 
0003 0011 1665561993169277 -48.0 -60.0 5.915029918087033 1 
0003 0005 1665561993170174 78.0625 -63.5 1.1474176293384597 1 
0003 0004 1665561993171098 -8.9375 -54.0 0.7301748550335652 1 
0003 0013 1665561993172270 -87.0625 -66.5 5.148039524144211 1 
0003 0001 1665561993173194 -4.0625 -69.0 1.5892040962495242 1 
0003 0014 1665561993174330 -8.9375 -57.5 1.9266798695843652 1 
0003 0015 1665561993176624 -65.0625 -65.5 4.154019973594316 1 
0003 0007 1665561993178227 152.125 -70.0 5.21553467881118 1 
0003 0003 1665561993179110 126.125 -73.0 4.657165672020807 1 
0003 0010 1665561993268379 4.0625 -56.0 4.663301595172349 1 
0003 0004 1665561993269277 -26.0 -54.0 0.859029241215959 1 
0003 0009 1665561993270684 -82.1875 -69.0 4.841243366567084 1 
0003 0015 1665561993272918 -43.125 -66.0 4.362641360746763 1 
0003 0014 1665561993274095 30.0625 -58.0 1.9205439464328227 1 
0003 0013 1665561993275266 -78.0625 -65.0 5.485515297479052 1 
0003 0005 1665561993277368 21.9375 -63.5 1.4358060174609601 1 
0003 0007 1665561993278239 -65.0625 -70.0 5.240078371417351 1 
0003 0011 1665561993279642 13.0 -60.0 5.424156065963627 1 
0003 0008 1665561993280568 -34.9375 -59.5 0.9265243958829272 1 
0003 0002 1665561993282089 -169.25 -67.5 0.22089323345553233 1 
0003 0001 1665561993282956 -100.0625 -69.0 2.411417798556228 1 
0003 0006 1665561993284107 -69.125 -65.5 5.258486140871978 1 
0003 0003 1665561993303635 21.9375 -75.5 5.982525072754001 1 
0003 0015 1665561993380705 91.125 -67.0 4.528311285838413 1 
0003 0003 1665561993381860 -247.375 -71.5 0.8835729338221293 1 
0003 0005 1665561993383040 -34.9375 -65.0 1.4542137869155878 1 
0003 0006 1665561993384726 -14.625 -65.0 5.313709449235861 1 
0003 0011 1665561993385625 -48.0 -59.5 4.822835597112456 1 
0003 0001 1665561993386520 13.0 -68.0 3.2090878082567613 1 
0003 0007 1665561993387420 74.0 -70.0 5.019185137961818 1 
0003 0014 1665561993388289 -34.9375 -59.5 2.337786720737717 1 
0003 0002 1665561993389215 69.125 -67.0 0.7731263170943632 1 
0003 0010 1665561993390097 21.9375 -54.0 3.6447383520162835 1 
0003 0004 1665561993391378 13.0 -55.0 0.8344855486097889 1 
0003 0008 1665561993393148 -21.9375 -60.5 0.7853981633974483 1 
0003 0009 1665561993395629 -95.1875 -70.5 3.497476196379262 1 
0003 0000 1665561993407346 33.75 -75.0 0.015339807878856412 1 
0003 0009 1665561993421877 12.1875 -73.5 6.1420590746941075 1 
0003 0008 1665561993493009 39.0 -60.5 0.1718058482431918 1 
0003 0010 1665561993493935 -17.0625 -54.5 2.8716120349219203 1 
0003 0005 1665561993497654 43.125 -66.0 0.7731263170943632 1 
0003 0006 1665561993498962 99.25 -66.5 5.117359908386499 1 
0003 0004 1665561993499858 -56.125 -58.0 0.521553467881118 1 
0003 0011 1665561993500713 34.9375 -59.0 3.9147189706841563 1 
0003 0014 1665561993503342 4.0625 -62.0 2.448233337465483 1 
0003 0000 1665561993504315 -78.0625 -67.5 0.9940195505498954 1 
0003 0007 1665561993505874 4.0625 -68.0 5.197126909356553 1 
0003 0002 1665561993507100 78.0625 -64.5 1.5278448647340985 1 
0003 0015 1665561993508254 78.0625 -68.0 5.056000676871073 1 
0003 0003 1665561993509165 30.0625 -68.5 1.3989904785517047 1 
0003 0001 1665561993510174 87.0625 -72.5 4.0987966652304335 1 
0003 0009 1665561993519346 57.375 -70.5 1.227184630308513 1 
0003 0011 1665561993600077 -117.125 -61.5 3.1906800388021335 1 
0003 0015 1665561993600991 147.25 -69.0 5.148039524144211 1 
0003 0014 1665561993602158 48.0 -65.0 2.3623304133438876 1 
0003 0009 1665561993603280 74.0 -66.0 0.17794177139473438 1 
0003 0008 1665561993604203 13.0 -58.0 4.798291904506286 1 
0003 0004 1665561993605825 -48.0 -59.5 5.620505606812989 1 
0003 0003 1665561993606920 -139.125 -70.5 1.902136176978195 1 
0003 0000 1665561993607859 30.0625 -61.0 1.7794177139473437 1 
0003 0010 1665561993609479 -39.0 -57.0 2.411417798556228 1 
0003 0002 1665561993610900 -48.0 -66.5 1.5830681730979816 1 
0003 0007 1665561993613771 -65.0625 -69.0 4.890330751779424 1 
0003 0005 1665561993614667 -43.125 -64.0 6.19728238305799 1 
0003 0011 1665561993715063 -34.9375 -63.5 1.8775924843720249 1 
0003 0015 1665561993715991 17.0625 -71.0 5.939573610693203 1 
0003 0008 1665561993719610 -13.0 -52.5 3.8963112012295285 1 
0003 0014 1665561993720508 52.0625 -66.0 2.141437179888355 1 
0003 0004 1665561993721446 -17.0625 -54.5 5.080544369477243 1 
0003 0000 1665561993723724 26.0 -63.0 1.8775924843720249 1 
0003 0010 1665561993724676 13.0 -62.0 1.7303303287350031 1 
0003 0005 1665561993725602 21.9375 -63.0 5.411884219660542 1 
0003 0007 1665561993726517 -113.0625 -68.5 2.761165418194154 1 
0003 0002 1665561993727527 -199.375 -69.5 0.18407769454627693 1 
0003 0003 1665561993772416 -2.125 -73.0 1.5953400194010667 1 
0003 0014 1665561993822357 69.125 -67.5 1.9941750242513334 1 
0003 0005 1665561993823510 -82.1875 -65.5 4.767612288748572 1 
0003 0007 1665561993825686 21.9375 -63.0 1.7548740213411735 1 
0003 0015 1665561993827099 -178.1875 -68.0 1.0676506283684062 1 
0003 0000 1665561993827951 -34.9375 -60.0 0.3374757733348411 1 
0003 0008 1665561993828847 17.0625 -52.5 3.4606606574700063 1 
0003 0010 1665561993829999 -69.125 -62.5 6.191146459906448 1 
0003 0004 1665561993831859 -39.0 -57.0 5.074408446325701 1 
0003 0003 1665561993834061 65.0625 -69.0 4.95168998329485 1 
0003 0011 1665561993835678 -26.0 -66.5 6.092971689481767 1 
0003 0002 1665561993836557 4.0625 -69.0 5.66959299202533 1 
0003 0006 1665561993837441 -118.75 -71.5 3.3195344249845276 1 
0003 0015 1665561993926468 -56.125 -67.5 1.2517283229146832 1 
0003 0007 1665561993928401 -26.0 -64.5 1.4971652489763858 1 
0003 0010 1665561993929325 -61.0 -61.0 4.755340442445488 1 
0003 0004 1665561993930971 -8.9375 -61.5 3.749049045592507 1 
0003 0011 1665561993934685 8.9375 -69.5 3.7429131224409646 1 
0003 0000 1665561993935582 -21.9375 -55.5 6.264777537724958 1 
0003 0008 1665561993936460 0.0 -55.5 2.816388726558037 1 
0003 0002 1665561993952695 -44.3125 -76.0 5.344389064993574 1 
0003 0005 1665561993987429 -3.625 -75.0 1.9512235621905356 1 
0003 0000 1665561994038697 -48.0 -60.0 5.516194913236766 1 
0003 0008 1665561994040711 17.0625 -62.0 1.509437095279471 1 
0003 0010 1665561994041864 61.0 -64.0 2.9513790358919736 1 
0003 0007 1665561994042833 -152.125 -68.0 0.6872233929727672 1 
0003 0005 1665561994043773 130.1875 -69.5 1.3621749396424494 1 
0003 0004 1665561994046126 8.9375 -59.0 2.1353012567368124 1 
0003 0015 1665561994047255 56.125 -66.5 0.705631162427395 1 
0003 0001 1665561994094636 -1.1875 -75.5 0.4540583132141498 1 
0003 0011 1665561994100504 12.1875 -76.5 4.97623367590102 1 
0003 0002 1665561994154161 13.6875 -78.0 5.056000676871073 1 
0003 0004 1665561994161778 13.0 -66.0 1.0921943209745766 1 
0003 0005 1665561994165652 -169.25 -67.5 1.1965050145508 1 
0003 0000 1665561994166575 -21.9375 -60.5 3.2336315008629315 1 
0003 0015 1665561994168847 30.0625 -65.5 1.4296700943094176 1 
0003 0008 1665561994173343 -165.1875 -68.0 5.964117303299373 1 
0003 0010 1665561994175134 -195.25 -71.0 1.1167380135807468 1 
0003 0011 1665561994177733 -212.375 -72.5 4.074252972624263 1 
0003 0003 1665561994178771 -65.0625 -73.0 1.2210487071569704 1 
0003 0002 1665561994197217 -4.875 -78.0 1.88986433067511 1 
0003 0001 1665561994204295 11.4375 -74.5 6.111379458936394 1 
0003 0005 1665561994273698 30.0625 -67.0 1.1044661672776617 1 
0003 0004 1665561994274881 87.0625 -68.5 4.080388895775806 1 
0003 0014 1665561994277141 87.0625 -68.5 1.1535535524900022 1 
0003 0015 1665561994280424 4.0625 -65.0 1.9389517158874505 1 
0003 0000 1665561994281466 4.0625 -59.0 2.6016314162540475 1 
0003 0008 1665561994304091 10.5 -70.0 0.6933593161243098 1 
0003 0002 1665561994308695 17.8125 -78.0 1.3560390164909069 1 
0003 0007 1665561994368285 3.125 -76.0 0.6810874698212247 1 
0003 0000 1665561994384004 43.125 -61.0 2.380738182798515 1 
0003 0014 1665561994386903 -34.9375 -66.5 1.4296700943094176 1 
0003 0015 1665561994389169 -21.9375 -65.0 2.000310947402876 1 
0003 0004 1665561994390023 13.0 -69.5 3.4913402732277192 1 
0003 0008 1665561994391192 -39.0 -68.5 3.4177091954092087 1 
0003 0005 1665561994392345 48.0 -66.5 1.1780972450961724 1 
0003 0007 1665561994405391 67.125 -73.5 0.7025632008516236 1 
0003 0004 1665561994485354 -351.5 -70.0 3.933126740138784 1 
0003 0015 1665561994488033 26.0 -66.5 1.9266798695843652 1 
0003 0000 1665561994489579 56.125 -64.0 2.1966604882522383 1 
0003 0007 1665561994490722 104.125 -69.5 3.9699422790480394 1 
0003 0014 1665561994491645 30.0625 -68.0 1.6996507129772904 1 
0003 0005 1665561994492571 -17.0625 -66.5 1.380582709097077 1 
0003 0008 1665561994519568 12.1875 -70.0 0.05522330836388308 1 
0003 0006 1665561994602293 -23.5625 -71.0 1.5892040962495242 1 
0003 0005 1665561994603446 -87.0625 -68.0 1.3069516312785663 1 
0003 0007 1665561994605666 173.3125 -68.0 4.239922897715912 1 
0003 0014 1665561994608135 -34.9375 -69.0 1.8837284075235674 1 
0003 0015 1665561994609392 -39.0 -67.5 1.7119225592803755 1 
0003 0000 1665561994610346 -69.125 -64.5 1.9880391010997909 1 
0003 0004 1665561994612081 34.9375 -71.5 3.380893656499953 1 
0003 0008 1665561994659100 0.0 -71.0 2.552544031041707 1 
0003 0005 1665561994705435 48.0 -68.5 0.9387962421860124 1 
0003 0007 1665561994706403 8.9375 -65.0 4.822835597112456 1 
0003 0014 1665561994708847 -4.0625 -70.0 1.5155730184310134 1 
0003 0000 1665561994712486 -39.0 -65.5 1.6566992509164924 1 
0003 0015 1665561994714250 -78.0625 -64.5 1.5953400194010667 1 
0003 0004 1665561994715972 -139.125 -73.5 3.767456815047135 1 
0003 0006 1665561994717078 -80.5625 -68.5 1.7978254834019713 1 
0003 0008 1665561994723529 56.5 -69.0 2.2365439887372647 1 
0003 0000 1665561994807257 -17.0625 -65.0 1.521708941582556 1 
0003 0006 1665561994811724 -142.375 -66.5 2.1046216409791 1 
0003 0015 1665561994812578 4.0625 -64.0 1.5585244804918115 1 
0003 0005 1665561994816708 -100.0625 -69.0 1.2455923997631406 1 
0003 0007 1665561994817802 -17.0625 -65.0 5.117359908386499 1 
0003 0008 1665561994843923 -7.3125 -70.0 5.399612373357457 1 
0003 0014 1665561994846071 12.1875 -73.0 1.1535535524900022 1 
0003 0007 1665561994915475 56.125 -68.5 4.921010367537137 1 
0003 0015 1665561994917254 8.9375 -66.0 1.4542137869155878 1 
0003 0006 1665561994919046 -56.9375 -66.5 2.386874105950058 1 
0003 0000 1665561994920565 52.0625 -65.0 1.227184630308513 1 
0003 0005 1665561994921447 82.1875 -66.5 1.4480778637640452 1 
0003 0014 1665561994988330 -2.875 -74.0 5.006913291658733 1 
0003 0007 1665561995015713 -195.25 -71.5 4.8351074434155406 1 
0003 0000 1665561995018893 -13.0 -65.5 1.055378782065321 1 
0003 0015 1665561995020659 65.0625 -68.0 1.718058482431918 1 
0003 0005 1665561995021729 -82.1875 -67.5 1.4787574795217582 1 
0003 0006 1665561995022880 -75.625 -67.0 2.012582793705961 1 
0003 0014 1665561995024387 43.125 -70.5 1.932815792735908 1 
0003 0014 1665561995112435 26.0 -69.0 2.2457478734645786 1 
0003 0005 1665561995113972 -61.0 -68.5 1.2578642460662257 1 
0003 0006 1665561995115363 122.875 -69.5 1.3867186322486196 1 
0003 0015 1665561995117609 -4.0625 -66.0 1.7671458676442586 1 
0003 0000 1665561995119374 74.0 -66.0 0.8344855486097889 1 
0003 0007 1665561995120303 238.4375 -72.0 3.761320891895592 1 
0003 0000 1665561995209193 8.9375 -67.5 0.7424467013366504 1 
0003 0005 1665561995211203 -104.125 -67.0 1.1167380135807468 1 
0003 0007 1665561995212102 108.1875 -71.5 4.061981126321178 1 
0003 0014 1665561995213311 143.1875 -68.5 2.1230294104337273 1 
0003 0015 1665561995216324 61.0 -67.0 1.7548740213411735 1 
0003 0006 1665561995218200 28.4375 -70.0 1.1167380135807468 1 
0003 0007 1665561995306843 -69.125 -72.0 4.184699589352029 1 
0003 0005 1665561995309234 -104.125 -68.0 1.227184630308513 1 
0003 0015 1665561995310176 -160.3125 -67.5 1.88986433067511 1 
0003 0014 1665561995311312 -69.125 -69.5 2.3746022596469727 1 
0003 0006 1665561995312235 70.75 -69.0 1.184233168247715 1 
0003 0000 1665561995313657 21.9375 -66.5 0.6872233929727672 1 
0003 0015 1665561995403127 -225.375 -67.5 2.018718716857504 1 
0003 0006 1665561995404588 -99.25 -67.5 1.6014759425526093 1 
0003 0005 1665561995407060 -34.9375 -68.0 0.9756117810952678 1 
0003 0000 1665561995408001 -17.0625 -66.5 0.7669903939428205 1 
0003 0014 1665561995411141 39.0 -71.5 2.2580197197676637 1 
0003 0007 1665561995412493 104.125 -74.0 4.252194744018997 1 
0003 0005 1665561995502430 -91.125 -67.5 1.1351457830353744 1 
0003 0015 1665561995503332 160.3125 -67.5 1.6689710972195777 1 
0003 0014 1665561995504229 165.1875 -70.0 2.067806102069844 1 
0003 0006 1665561995505392 94.375 -67.5 1.282407938672396 1 
0003 0007 1665561995507241 373.5 -73.0 3.724505352986337 1 
0003 0000 1665561995508436 -52.0625 -66.5 0.7547185476397354 1 
0003 0000 1665561995609724 61.0 -65.5 0.9756117810952678 1 
0003 0005 1665561995612034 108.1875 -67.0 0.9142525495798421 1 
0003 0014 1665561995613060 121.25 -70.0 2.0493983326152168 1 
0003 0006 1665561995613984 151.3125 -68.0 1.0983302441261191 1 
0003 0015 1665561995615167 -21.9375 -68.0 1.718058482431918 1 
0003 0007 1665561995616904 -381.625 -72.0 4.71238898038469 1 
0003 0015 1665561995707166 117.125 -67.5 1.5892040962495242 1 
0003 0000 1665561995708532 121.25 -66.5 0.8835729338221293 1 
0003 0005 1665561995709455 8.9375 -67.5 1.0246991663076084 1 
0003 0014 1665561995710623 -26.0 -70.5 2.2641556429192065 1 
0003 0006 1665561995711506 -284.0 -68.0 1.4603497100671303 1 
0003 0007 1665561995713667 117.125 -73.0 4.000621894805752 1 
0003 0000 1665561995801605 13.0 -66.5 1.086058397823034 1 
0003 0005 1665561995803028 13.0 -68.0 1.012427320004523 1 
0003 0006 1665561995805769 -33.3125 -67.0 1.3069516312785663 1 
0003 0014 1665561995807077 -69.125 -69.5 2.380738182798515 1 
0003 0015 1665561995809060 212.375 -67.5 1.4787574795217582 1 
0003 0007 1665561995811119 -230.25 -73.0 4.552854978444583 1 
0003 0015 1665561995898739 48.0 -67.0 1.748738098189631 1 
0003 0006 1665561995901830 0.0 -67.5 1.2885438618239387 1 
0003 0000 1665561995902959 43.125 -66.0 1.086058397823034 1 
0003 0005 1665561995904127 -117.125 -68.0 1.214912784005428 1 
0003 0014 1665561995905021 -4.0625 -69.0 2.2580197197676637 1 
0003 0007 1665561995906855 -130.1875 -73.5 4.516039439535327 1 
0003 0014 1665561995996846 113.0625 -69.5 2.227340104009951 1 
0003 0015 1665561995998001 61.0 -67.5 1.7916895602504288 1 
0003 0006 1665561996000886 80.5625 -68.5 1.0676506283684062 1 
0003 0000 1665561996001841 52.0625 -66.0 0.9878836273983529 1 
0003 0005 1665561996003432 -61.0 -68.0 1.1719613219446299 1 
0003 0007 1665561996007318 -234.3125 -72.5 4.485359823777615 1 
0003 0015 1665561996098152 121.25 -68.5 1.8223691760081417 1 
0003 0005 1665561996099433 65.0625 -67.0 1.012427320004523 1 
0003 0014 1665561996100360 -34.9375 -69.5 2.36846633649543 1 
0003 0006 1665561996102931 -4.0625 -68.0 1.227184630308513 1 
0003 0000 1665561996103816 74.0 -67.0 1.0615147052168636 1 
0003 0007 1665561996106484 -204.25 -73.5 4.657165672020807 1 
0003 0015 1665561996195038 52.0625 -67.5 1.7794177139473437 1 
0003 0005 1665561996197524 13.0 -67.5 1.0983302441261191 1 
0003 0014 1665561996198492 -48.0 -68.5 2.3623304133438876 1 
0003 0006 1665561996201570 4.875 -67.0 1.1535535524900022 1 
0003 0000 1665561996202793 -21.9375 -68.0 1.1351457830353744 1 
0003 0007 1665561996205143 -208.3125 -72.0 4.460816131171445 1 
0003 0005 1665561996294519 -34.9375 -67.5 1.1167380135807468 1 
0003 0006 1665561996296501 0.0 -68.5 1.0615147052168636 1 
0003 0014 1665561996298013 -8.9375 -68.0 2.399145952253143 1 
0003 0015 1665561996298930 21.9375 -67.0 1.8837284075235674 1 
0003 0000 1665561996302709 160.3125 -68.0 0.9817477042468103 1 
0003 0007 1665561996305025 -139.125 -73.5 4.239922897715912 1 
0003 0005 1665561996395454 -30.0625 -68.5 1.141281706186917 1 
0003 0006 1665561996396365 132.625 -68.0 1.000155473701438 1 
0003 0000 1665561996397516 -100.0625 -68.0 1.1780972450961724 1 
0003 0007 1665561996399562 -195.25 -71.5 4.4976316700806995 1 
0003 0015 1665561996401424 56.125 -68.0 1.8162332528565992 1 
0003 0014 1665561996402349 56.125 -67.5 2.2580197197676637 1 
0003 0015 1665561996492657 -69.125 -67.5 1.9634954084936207 1 
0003 0006 1665561996494979 47.1875 -68.0 1.0799224746714913 1 
0003 0014 1665561996498509 -21.9375 -67.5 2.3193789512830896 1 
0003 0000 1665561996500369 143.1875 -69.0 1.0492428589137786 1 
0003 0005 1665561996501267 -117.125 -67.0 1.214912784005428 1 
0003 0007 1665561996504018 -87.0625 -73.0 4.362641360746763 1 
0003 0014 1665561996608424 -100.0625 -67.0 2.36846633649543 1 
0003 0015 1665561996610204 191.1875 -67.5 1.6812429435226628 1 
0003 0005 1665561996611833 21.9375 -67.5 1.1290098598838318 1 
0003 0000 1665561996613412 26.0 -69.5 1.0799224746714913 1 
0003 0007 1665561996614775 30.0625 -72.0 4.147884050442774 1 
0003 0006 1665561996615899 -65.0625 -67.5 1.0737865515199487 1 
0003 0014 1665561996705780 61.0 -68.0 2.1353012567368124 1 
0003 0000 1665561996707202 -61.0 -68.5 1.1474176293384597 1 
0003 0015 1665561996708868 65.0625 -67.5 1.7916895602504288 1 
0003 0006 1665561996710231 -85.4375 -68.0 1.227184630308513 1 
0003 0005 1665561996711160 156.1875 -68.0 0.9572040116406401 1 
0003 0007 1665561996715805 -52.0625 -72.5 4.516039439535327 1 
