0003 0015 1665649646516964 0.0 -66.0 3.9208548938356986 17 
0003 0003 1665649646518732 -56.125 -69.0 3.9760782021995817 17 
0003 0002 1665649646519587 -204.25 -70.0 2.36846633649543 17 
0003 0014 1665649646520736 17.0625 -56.5 4.368777283898306 17 
0003 0014 1665649646611024 -4.0625 -56.5 4.381049130201391 17 
0003 0015 1665649646612523 -39.0 -66.0 3.902447124381071 17 
0003 0002 1665649646613691 -334.4375 -71.0 2.497320722677824 17 
0003 0001 1665649646614628 -221.3125 -72.5 1.5953400194010667 17 
0003 0003 1665649646618332 -34.9375 -68.0 3.9944859716542096 17 
0003 0014 1665649646709994 21.9375 -56.0 4.356505437595221 17 
0003 0003 1665649646711772 -69.125 -68.5 3.902447124381071 17 
0003 0001 1665649646712698 178.1875 -71.5 1.0246991663076084 17 
0003 0015 1665649646713654 -21.9375 -66.0 3.877903431774901 17 
0003 0002 1665649646715198 251.4375 -71.0 1.7426021750380885 17 
0003 0001 1665649646802593 -121.25 -72.0 1.2885438618239387 17 
0003 0003 1665649646803473 34.9375 -68.5 3.8717675086233583 17 
0003 0002 1665649646805919 217.25 -70.5 2.030990563160589 17 
0003 0015 1665649646806844 61.0 -66.0 3.80427235395639 17 
0003 0014 1665649646807768 -13.0 -56.5 4.405592822807561 17 
0003 0015 1665649646901890 -104.125 -65.5 4.04357335686655 17 
0003 0014 1665649646904426 8.9375 -56.5 4.387185053352934 17 
0003 0002 1665649646906371 -74.0 -70.5 2.2580197197676637 17 
0003 0001 1665649646907976 -113.0625 -72.5 1.239456476611598 17 
0003 0003 1665649646908914 -117.125 -69.5 4.0128937411088375 17 
0003 0015 1665649646999121 -74.0 -66.0 3.9760782021995817 17 
0003 0001 1665649647000389 -342.5625 -72.5 1.4910293258248433 17 
0003 0002 1665649647001583 143.1875 -70.5 2.030990563160589 17 
0003 0003 1665649647003002 13.0 -69.5 3.890175278077986 17 
0003 0014 1665649647004163 0.0 -56.5 4.374913207049849 17 
0003 0003 1665649647097163 -8.9375 -69.0 3.834951969714103 17 
0003 0014 1665649647098294 0.0 -56.0 4.387185053352934 17 
0003 0015 1665649647099555 -39.0 -66.0 3.9638063558964967 17 
0003 0002 1665649647100439 156.1875 -70.5 2.0493983326152168 17 
0003 0001 1665649647103005 260.375 -73.5 1.1535535524900022 17 
0003 0015 1665649647190123 -43.125 -66.5 4.0128937411088375 17 
0003 0002 1665649647192368 34.9375 -71.0 2.1598449493429825 17 
0003 0014 1665649647194892 -17.0625 -56.5 4.374913207049849 17 
0003 0003 1665649647196427 -17.0625 -70.5 3.9638063558964967 17 
0003 0001 1665649647197338 91.125 -72.5 1.086058397823034 17 
0003 0001 1665649647285348 -169.25 -73.0 1.2026409377023426 17 
0003 0015 1665649647286246 -48.0 -65.0 3.9944859716542096 17 
0003 0003 1665649647288783 -95.1875 -69.5 3.9392626632903265 17 
0003 0014 1665649647289949 -30.0625 -56.5 4.399456899656019 17 
0003 0002 1665649647292407 95.1875 -71.5 2.0064468705544187 17 
0003 0015 1665649647382417 -61.0 -66.0 4.037437433715008 17 
0003 0001 1665649647383426 -34.9375 -73.0 1.012427320004523 17 
0003 0003 1665649647384562 -104.125 -69.5 4.01902966426038 17 
0003 0002 1665649647386467 -217.25 -71.5 2.5034566458293663 17 
0003 0014 1665649647388112 17.0625 -56.5 4.368777283898306 17 
0003 0002 1665649647483531 8.9375 -70.5 2.1537090261914402 17 
0003 0014 1665649647484516 17.0625 -56.5 4.411728745959104 17 
0003 0015 1665649647485715 39.0 -66.0 3.859495662320273 17 
0003 0001 1665649647487714 30.0625 -73.0 1.1535535524900022 17 
0003 0003 1665649647488865 -100.0625 -69.0 3.9515345095934116 17 
0003 0003 1665649647576538 95.1875 -70.0 3.693825737228624 17 
0003 0014 1665649647579319 -39.0 -56.5 4.405592822807561 17 
0003 0002 1665649647580231 78.0625 -71.0 1.9634954084936207 17 
0003 0001 1665649647583328 -104.125 -72.5 1.4848934026733007 17 
0003 0015 1665649647584511 69.125 -66.0 3.902447124381071 17 
0003 0003 1665649647673241 160.3125 -69.0 3.736777199289422 17 
0003 0002 1665649647676550 -43.125 -71.5 2.1353012567368124 17 
0003 0015 1665649647678075 -56.125 -66.0 4.025165587411922 17 
0003 0014 1665649647679057 -61.0 -56.5 4.460816131171445 17 
0003 0001 1665649647680307 4.0625 -73.0 1.0921943209745766 17 
0003 0003 1665649647768371 -56.125 -69.5 4.000621894805752 17 
0003 0002 1665649647769255 -134.25 -70.5 2.2457478734645786 17 
0003 0015 1665649647771474 -26.0 -65.5 3.9576704327449543 17 
0003 0014 1665649647774597 -34.9375 -56.5 4.411728745959104 17 
0003 0001 1665649647776941 -351.5 -72.5 1.3130875544301088 17 
0003 0015 1665649647866415 156.1875 -66.0 3.80427235395639 17 
0003 0003 1665649647869173 61.0 -68.5 3.834951969714103 17 
0003 0014 1665649647870096 -8.9375 -56.0 4.387185053352934 17 
0003 0002 1665649647871265 -65.0625 -70.0 2.12916533358527 17 
0003 0001 1665649647872952 -56.125 -72.5 1.3069516312785663 17 
0003 0014 1665649647961407 0.0 -56.5 4.4362724385652745 17 
0003 0015 1665649647962552 61.0 -66.5 3.8840393549264434 17 
0003 0001 1665649647963960 -8.9375 -73.5 1.0983302441261191 17 
0003 0002 1665649647965657 65.0625 -71.5 1.9266798695843652 17 
0003 0003 1665649647969236 117.125 -69.0 3.80427235395639 17 
0003 0002 1665649648060070 -13.0 -70.5 2.067806102069844 17 
0003 0014 1665649648061834 -21.9375 -56.5 4.3933209765044765 17 
0003 0015 1665649648063002 -4.0625 -66.0 3.9699422790480394 17 
0003 0001 1665649648064458 191.1875 -73.5 1.0676506283684062 17 
0003 0003 1665649648067085 69.125 -69.0 3.80427235395639 17 
0003 0014 1665649648154716 -8.9375 -56.5 4.4362724385652745 17 
0003 0001 1665649648155972 -186.3125 -72.5 1.4173982480063325 17 
0003 0002 1665649648156883 34.9375 -71.5 2.098485717827557 17 
0003 0015 1665649648157784 -56.125 -65.5 3.988350048502667 17 
0003 0003 1665649648160594 65.0625 -69.0 3.773592738198677 17 
0003 0014 1665649648255042 -21.9375 -56.0 4.424000592262189 17 
0003 0003 1665649648255911 30.0625 -69.5 3.9269908169872414 17 
0003 0015 1665649648257022 8.9375 -66.5 3.933126740138784 17 
0003 0002 1665649648259069 65.0625 -70.0 2.1537090261914402 17 
0003 0001 1665649648260395 212.375 -72.0 1.1351457830353744 17 
0003 0002 1665649648350253 -95.1875 -70.5 2.1966604882522383 17 
0003 0003 1665649648351744 -26.0 -69.0 3.9638063558964967 17 
0003 0015 1665649648352644 65.0625 -65.5 3.8963112012295285 17 
0003 0014 1665649648353752 -4.0625 -56.5 4.417864669110647 17 
0003 0001 1665649648357183 160.3125 -72.0 0.9510680884890975 17 
0003 0014 1665649648454571 13.0 -56.0 4.399456899656019 17 
0003 0002 1665649648455499 -130.1875 -70.5 2.350058567040802 17 
0003 0003 1665649648457527 43.125 -69.0 3.792000507653305 17 
0003 0015 1665649648460455 -74.0 -65.5 4.0558452031696355 17 
0003 0001 1665649648461408 -217.25 -71.5 1.3069516312785663 17 
0003 0001 1665649648549818 -217.25 -72.5 1.2885438618239387 17 
0003 0002 1665649648551041 -273.375 -71.0 2.405281875404685 17 
0003 0014 1665649648555486 -13.0 -56.0 4.430136515413731 17 
0003 0003 1665649648556409 21.9375 -69.0 3.7981364308048478 17 
0003 0015 1665649648557319 0.0 -66.0 3.9699422790480394 17 
0003 0014 1665649648646484 4.0625 -56.0 4.417864669110647 17 
0003 0002 1665649648649935 126.125 -72.0 1.932815792735908 17 
0003 0001 1665649648651483 126.125 -73.5 0.9940195505498954 17 
0003 0015 1665649648652666 -113.0625 -66.0 4.111068511533518 17 
0003 0003 1665649648653659 -21.9375 -70.5 3.877903431774901 17 
0003 0015 1665649648740701 34.9375 -66.0 3.8533597391687304 17 
0003 0002 1665649648742734 104.125 -71.0 2.0371264863121317 17 
0003 0003 1665649648743644 -117.125 -69.5 4.086524818927348 17 
0003 0014 1665649648746436 17.0625 -56.5 4.411728745959104 17 
0003 0001 1665649648748224 0.0 -72.5 1.214912784005428 17 
0003 0014 1665649648837883 -52.0625 -56.0 4.466952054322987 17 
0003 0002 1665649648839660 -34.9375 -69.5 2.1782527187976104 17 
0003 0001 1665649648841181 91.125 -72.0 1.0615147052168636 17 
0003 0003 1665649648843468 -160.3125 -69.0 4.006757817957295 17 
0003 0015 1665649648844424 -48.0 -66.0 3.9699422790480394 17 
0003 0001 1665649648934907 -39.0 -72.5 1.1535535524900022 17 
0003 0014 1665649648936384 -8.9375 -56.0 4.442408361716817 17 
0003 0002 1665649648939056 -13.0 -70.0 2.1475731030398975 17 
0003 0015 1665649648940434 -30.0625 -65.5 3.9760782021995817 17 
0003 0003 1665649648941841 -43.125 -69.5 3.9208548938356986 17 
0003 0002 1665649649030414 26.0 -71.0 2.1598449493429825 17 
0003 0001 1665649649032389 134.25 -71.0 1.1658253987930873 17 
0003 0003 1665649649033911 -234.3125 -68.5 4.104932588381976 17 
0003 0014 1665649649035074 -26.0 -56.5 4.460816131171445 17 
0003 0015 1665649649036457 48.0 -66.0 4.025165587411922 17 
0003 0001 1665649649125155 -61.0 -73.5 1.1167380135807468 17 
0003 0015 1665649649126607 -13.0 -66.0 4.037437433715008 17 
0003 0003 1665649649128041 39.0 -69.0 3.834951969714103 17 
0003 0014 1665649649131248 -13.0 -56.5 4.442408361716817 17 
0003 0002 1665649649133071 -208.3125 -71.0 2.325514874434632 17 
0003 0014 1665649649223104 13.0 -56.5 4.442408361716817 17 
0003 0002 1665649649225481 -238.4375 -70.0 2.411417798556228 17 
0003 0003 1665649649226913 -91.125 -68.5 3.9453985864418692 17 
0003 0015 1665649649230081 -21.9375 -66.0 4.049709280018092 17 
0003 0001 1665649649233537 -56.125 -71.5 1.030835089459151 17 
0003 0014 1665649649321825 13.0 -56.5 4.460816131171445 17 
0003 0003 1665649649323881 -43.125 -69.5 3.9392626632903265 17 
0003 0002 1665649649325063 48.0 -70.5 2.0064468705544187 17 
0003 0015 1665649649326219 26.0 -65.0 3.9760782021995817 17 
0003 0001 1665649649327719 87.0625 -72.5 1.0737865515199487 17 
0003 0014 1665649649416797 -26.0 -56.5 4.479223900626073 17 
0003 0003 1665649649417725 156.1875 -68.5 3.6876898140770815 17 
0003 0002 1665649649422088 -243.3125 -69.5 2.3930100291016 17 
0003 0015 1665649649422966 0.0 -65.0 4.0558452031696355 17 
0003 0001 1665649649426455 147.25 -71.5 0.9633399347921826 17 
0003 0003 1665649649514013 -195.25 -69.5 3.9822141253511245 17 
0003 0002 1665649649515377 -91.125 -71.0 2.1966604882522383 17 
0003 0014 1665649649517849 26.0 -56.5 4.466952054322987 17 
0003 0015 1665649649520463 69.125 -65.5 4.000621894805752 17 
0003 0001 1665649649521984 39.0 -71.5 0.9940195505498954 17 
0003 0002 1665649649610126 156.1875 -70.0 2.0064468705544187 17 
0003 0015 1665649649612628 39.0 -65.5 4.0558452031696355 17 
0003 0003 1665649649614104 -13.0 -69.0 3.9208548938356986 17 
0003 0014 1665649649617167 4.0625 -56.5 4.454680208019902 17 
0003 0001 1665649649618929 -34.9375 -74.0 1.1044661672776617 17 
0003 0003 1665649649707954 100.0625 -71.0 3.730641276137879 17 
0003 0015 1665649649708897 -48.0 -64.5 4.09266074207889 17 
0003 0002 1665649649711665 21.9375 -70.0 2.086213871524472 17 
0003 0014 1665649649712804 26.0 -56.0 4.442408361716817 17 
0003 0001 1665649649717144 269.3125 -72.5 0.7117670855789375 17 
0003 0002 1665649649804970 -26.0 -69.5 2.3071071049800045 17 
0003 0014 1665649649806600 4.0625 -56.0 4.473087977474529 17 
0003 0001 1665649649810274 13.0 -74.0 1.1903690913992575 17 
0003 0003 1665649649811596 69.125 -69.5 3.724505352986337 17 
0003 0015 1665649649812510 26.0 -65.0 4.031301510563465 17 
0003 0015 1665649649900228 -56.125 -65.5 4.2092432819582 17 
0003 0002 1665649649902046 -26.0 -69.0 2.184388641949153 17 
0003 0003 1665649649903539 -26.0 -68.0 3.8288160465625602 17 
0003 0014 1665649649906616 0.0 -56.0 4.509903516383785 17 
0003 0001 1665649649909016 -217.25 -72.0 1.1658253987930873 17 
0003 0004 1665649649983136 4.1875 -74.0 1.7732817907958012 17 
0003 0003 1665649650004804 48.0 -66.5 3.1354567304382504 17 
0003 0004 1665649650008238 -212.375 -71.5 2.067806102069844 17 
0003 0002 1665649650009134 -282.375 -68.0 3.153864499892878 17 
0003 0014 1665649650010042 8.9375 -55.0 4.417864669110647 17 
0003 0015 1665649650011370 -21.9375 -65.5 4.04357335686655 17 
0003 0000 1665649650016003 15.0 -70.5 4.466952054322987 17 
0003 0008 1665649650059552 0.0 -70.5 1.8346410223112268 17 
0003 0005 1665649650091187 2.6875 -71.5 5.6941366846315 17 
0003 0015 1665649650114648 82.1875 -65.5 4.724660826687775 17 
0003 0002 1665649650116883 -34.9375 -65.5 2.8102528034064944 17 
0003 0004 1665649650118164 -48.0 -63.5 1.3192234775816514 17 
0003 0008 1665649650119332 -65.0625 -61.5 2.2518837966161214 17 
0003 0000 1665649650120242 74.0 -69.0 4.552854978444583 17 
0003 0014 1665649650121119 0.0 -55.0 3.9760782021995817 17 
0003 0005 1665649650123129 -65.0625 -67.0 5.602097837358362 17 
0003 0003 1665649650168302 7.125 -76.0 5.123495831538041 17 
0003 0014 1665649650217295 -8.9375 -56.0 3.9453985864418692 17 
0003 0000 1665649650220091 26.0 -58.5 3.129320807286708 17 
0003 0015 1665649650221545 -39.0 -63.5 4.2092432819582 17 
0003 0005 1665649650223535 -91.125 -66.5 4.6878452877785195 17 
0003 0008 1665649650224492 -48.0 -63.5 3.5036121195308043 17 
0003 0004 1665649650225374 39.0 -64.5 0.34974761963792617 17 
0003 0003 1665649650226931 91.125 -70.0 3.650874275167826 17 
0003 0009 1665649650228212 13.0 -69.5 1.1965050145508 17 
0003 0002 1665649650311534 2.875 -74.5 0.09817477042468103 17 
0003 0009 1665649650331978 -4.0625 -61.0 0.4172427743048944 17 
0003 0000 1665649650333233 39.0 -58.0 1.1596894756415448 17 
0003 0014 1665649650334128 -8.9375 -54.5 3.6754179677739964 17 
0003 0003 1665649650335750 217.25 -71.5 5.516194913236766 17 
0003 0002 1665649650336689 -82.1875 -69.5 6.209554229361076 17 
0003 0015 1665649650338623 48.0 -66.0 4.417864669110647 17 
0003 0008 1665649650341151 -4.0625 -62.0 4.988505522204105 17 
0003 0005 1665649650342913 -21.9375 -70.5 2.313243028131547 17 
0003 0012 1665649650362199 16.3125 -78.0 4.0558452031696355 17 
0003 0004 1665649650368647 12.9375 -73.0 4.933282213840222 17 
0003 0010 1665649650373442 17.8125 -72.5 0.944932165337555 17 
0003 0010 1665649650441248 -34.9375 -66.0 3.06182565261974 17 
0003 0004 1665649650442182 0.0 -66.0 1.8407769454627694 17 
0003 0015 1665649650443328 -91.125 -66.5 4.049709280018092 17 
0003 0008 1665649650444254 -13.0 -57.5 3.7429131224409646 17 
0003 0003 1665649650445166 30.0625 -71.0 3.0495538063166547 17 
0003 0005 1665649650446036 -212.375 -72.0 5.878214379177777 17 
0003 0000 1665649650447143 -43.125 -61.0 5.43029198911517 17 
0003 0002 1665649650449032 8.9375 -63.5 4.289010282928253 17 
0003 0014 1665649650450001 -30.0625 -54.5 3.442252888015379 17 
0003 0009 1665649650453264 -39.0 -60.5 4.81056375080937 17 
0003 0011 1665649650473934 -3.1875 -71.5 1.012427320004523 17 
0003 0010 1665649650548585 13.0 -63.5 1.8837284075235674 17 
0003 0005 1665649650549870 -78.0625 -69.0 3.9638063558964967 17 
0003 0008 1665649650551231 8.9375 -55.0 2.3930100291016 17 
0003 0014 1665649650552139 0.0 -55.5 3.1968159619536762 17 
0003 0000 1665649650553282 -74.0 -62.5 4.28287435977671 17 
0003 0002 1665649650554646 26.0 -63.5 1.9266798695843652 17 
0003 0004 1665649650555514 -56.125 -60.5 1.4419419406125027 17 
0003 0011 1665649650556412 -4.0625 -67.0 0.7424467013366504 17 
0003 0009 1665649650560484 -48.0 -61.5 3.6754179677739964 17 
0003 0015 1665649650562010 -61.0 -66.0 3.9944859716542096 17 
0003 0010 1665649650650223 -17.0625 -64.5 1.3069516312785663 17 
0003 0011 1665649650651120 21.9375 -66.0 0.04295146206079795 17 
0003 0015 1665649650652036 -199.375 -66.5 4.154019973594316 17 
0003 0014 1665649650654628 0.0 -55.0 3.0066023442558567 17 
0003 0009 1665649650655556 -17.0625 -61.0 2.705942109830271 17 
0003 0005 1665649650656710 -95.1875 -72.0 2.36846633649543 17 
0003 0004 1665649650658371 30.0625 -60.0 0.7301748550335652 17 
0003 0002 1665649650659764 74.0 -63.5 0.28225246497095796 17 
0003 0008 1665649650660943 21.9375 -55.0 1.380582709097077 17 
0003 0001 1665649650662264 4.0625 -67.5 2.834796496012665 17 
0003 0000 1665649650663914 39.0 -67.0 3.1231848841351653 17 
0003 0000 1665649650755526 113.0625 -70.5 2.1598449493429825 17 
0003 0008 1665649650756635 30.0625 -56.5 0.7792622402459057 17 
0003 0014 1665649650758509 -34.9375 -56.0 3.1784081924990484 17 
0003 0011 1665649650759718 43.125 -64.5 5.957981380147831 17 
0003 0004 1665649650760627 -21.9375 -60.0 0.2638446955163303 17 
0003 0005 1665649650762739 0.0 -71.0 0.8713010875190442 17 
0003 0015 1665649650763647 -221.3125 -68.0 4.080388895775806 17 
0003 0002 1665649650766001 8.9375 -66.0 5.50392306693368 17 
0003 0009 1665649650767621 -39.0 -60.5 1.9880391010997909 17 
0003 0001 1665649650770986 -61.0 -68.0 1.932815792735908 17 
0003 0010 1665649650772524 -56.125 -67.0 1.086058397823034 17 
0003 0008 1665649650861879 -17.0625 -57.5 0.44178646691106466 17 
0003 0005 1665649650864111 -260.375 -69.5 0.23930100291016002 17 
0003 0009 1665649650866431 -4.0625 -61.5 1.6689710972195777 17 
0003 0004 1665649650867314 -4.0625 -61.0 6.14819499784565 17 
0003 0014 1665649650868752 -26.0 -55.0 3.3318062712876126 17 
0003 0015 1665649650869881 -113.0625 -68.0 3.8717675086233583 17 
0003 0002 1665649650871375 -238.4375 -68.5 4.890330751779424 17 
0003 0011 1665649650872330 121.25 -64.5 5.7616318392984684 17 
0003 0002 1665649650960793 -43.125 -68.0 4.086524818927348 17 
0003 0015 1665649650962829 -48.0 -68.0 3.9147189706841563 17 
0003 0004 1665649650963727 39.0 -61.5 5.767767762450011 17 
0003 0014 1665649650965077 -21.9375 -55.0 3.497476196379262 17 
0003 0005 1665649650966756 -34.9375 -68.5 6.086835766330224 17 
0003 0011 1665649650967880 -21.9375 -64.0 5.792311455056181 17 
0003 0008 1665649650969541 4.0625 -59.5 0.20248546400090464 17 
0003 0009 1665649650971119 -13.0 -61.0 1.509437095279471 17 
0003 0014 1665649651061532 4.0625 -55.0 3.448388811166921 17 
0003 0008 1665649651062771 -21.9375 -60.0 0.14112623248547898 17 
0003 0002 1665649651063713 -126.125 -68.5 4.025165587411922 17 
0003 0015 1665649651064853 113.0625 -68.5 3.792000507653305 17 
0003 0005 1665649651066258 -13.0 -68.5 5.927301764390117 17 
0003 0011 1665649651067697 -69.125 -64.5 5.792311455056181 17 
0003 0009 1665649651069346 52.0625 -61.0 1.3560390164909069 17 
0003 0004 1665649651070555 -65.0625 -61.0 5.681864838328415 17 
0003 0002 1665649651370383 39.0 -68.5 4.06811704947272 17 
0003 0005 1665649651371535 4.0625 -70.0 6.056156150572511 17 
0003 0009 1665649651372477 113.0625 -61.0 1.4726215563702154 17 
0003 0008 1665649651375231 8.9375 -59.0 0.2086213871524472 17 
0003 0004 1665649651377463 -26.0 -61.5 5.743224069843841 17 
0003 0014 1665649651378401 -13.0 -55.0 3.429981041712294 17 
0003 0015 1665649651379800 -130.1875 -69.5 3.9822141253511245 17 
0003 0011 1665649651380654 13.0 -65.0 5.737088146692298 17 
0003 0005 1665649651469962 4.0625 -69.0 6.14819499784565 17 
0003 0015 1665649651471599 4.0625 -68.5 3.847223816017188 17 
0003 0009 1665649651474068 8.9375 -60.5 1.607611865704152 17 
0003 0014 1665649651475647 26.0 -55.0 3.411573272257666 17 
0003 0002 1665649651476943 69.125 -69.5 4.1601558967458585 17 
0003 0011 1665649651478126 91.125 -65.0 5.638913376267617 17 
0003 0008 1665649651479006 21.9375 -59.5 0.2638446955163303 17 
0003 0004 1665649651480247 52.0625 -62.0 5.706408530934585 17 
