0003 0004 1665649913116533 -13.0 -66.5 0.9817477042468103 17 
0003 0015 1665649913120139 39.0 -67.5 5.651185222570702 17 
0003 0014 1665649913121034 -17.0625 -54.0 4.4362724385652745 17 
0003 0000 1665649913124335 65.0625 -70.5 2.2150682577068657 17 
0003 0014 1665649913212631 -34.9375 -54.0 4.454680208019902 17 
0003 0015 1665649913215641 -173.3125 -68.0 5.8475347634200645 17 
0003 0004 1665649913217700 74.0 -67.0 0.9572040116406401 17 
0003 0000 1665649913228228 143.1875 -72.0 2.2027964114037806 17 
0003 0002 1665649913234663 -60.625 -74.5 5.160311370447297 17 
0003 0014 1665649913319273 -26.0 -53.5 4.454680208019902 17 
0003 0004 1665649913321161 108.1875 -66.5 0.9019807032767571 17 
0003 0015 1665649913324302 -34.9375 -68.0 5.749359992995383 17 
0003 0000 1665649913339924 61.0 -71.5 2.1353012567368124 17 
0003 0002 1665649913351474 115.9375 -74.5 1.9573594853420782 17 
0003 0014 1665649913431404 17.0625 -54.0 4.405592822807561 17 
0003 0015 1665649913435866 -104.125 -68.0 5.798447378207723 17 
0003 0000 1665649913436789 -13.0 -71.5 2.282563412373834 17 
0003 0004 1665649913437715 -17.0625 -68.0 1.055378782065321 17 
0003 0002 1665649913444812 66.3125 -74.0 5.00077736850719 17 
0003 0015 1665649913528872 -134.25 -67.5 5.902758071783947 17 
0003 0002 1665649913530250 -195.25 -73.0 2.2518837966161214 17 
0003 0014 1665649913532988 30.0625 -54.0 4.368777283898306 17 
0003 0004 1665649913534925 -178.1875 -67.5 1.184233168247715 17 
0003 0000 1665649913536215 0.0 -71.0 2.2518837966161214 17 
0003 0014 1665649913626690 -4.0625 -54.0 4.430136515413731 17 
0003 0015 1665649913628084 52.0625 -67.5 5.700272607783043 17 
0003 0004 1665649913630046 52.0625 -67.0 0.9633399347921826 17 
0003 0015 1665649913727587 -56.125 -67.0 5.7616318392984684 17 
0003 0014 1665649913728438 -4.0625 -54.0 4.424000592262189 17 
0003 0004 1665649913729818 39.0 -67.0 0.9817477042468103 17 
0003 0000 1665649913732756 65.0625 -72.0 2.325514874434632 17 
0003 0002 1665649913737895 186.3125 -73.0 1.9819031779482483 17 
0003 0014 1665649913825406 -8.9375 -53.5 4.448544284868359 17 
0003 0015 1665649913827740 -61.0 -68.5 5.798447378207723 17 
0003 0000 1665649913830022 -26.0 -70.5 2.423689644859313 17 
0003 0004 1665649913831824 65.0625 -67.5 0.9326603190344698 17 
0003 0002 1665649913843882 -26.0 -74.5 5.33518518026626 17 
0003 0014 1665649913923264 4.0625 -54.0 4.417864669110647 17 
0003 0015 1665649913924450 -69.125 -67.5 5.835262917116979 17 
0003 0004 1665649913928495 4.0625 -67.5 0.9940195505498954 17 
0003 0002 1665649913935768 -69.125 -73.0 2.1353012567368124 17 
0003 0000 1665649913937034 -87.0625 -72.5 2.3930100291016 17 
0003 0004 1665649914027358 34.9375 -67.0 1.086058397823034 17 
0003 0000 1665649914028229 208.3125 -71.5 2.2027964114037806 17 
0003 0014 1665649914029194 13.0 -54.0 4.430136515413731 17 
0003 0015 1665649914031823 -8.9375 -68.5 5.737088146692298 17 
0003 0002 1665649914035448 533.8125 -74.5 1.1965050145508 17 
0003 0015 1665649914126733 -100.0625 -68.0 5.964117303299373 17 
0003 0014 1665649914128081 -13.0 -53.5 4.448544284868359 17 
0003 0004 1665649914129489 43.125 -66.0 1.055378782065321 17 
0003 0002 1665649914131706 152.125 -75.0 1.718058482431918 17 
0003 0000 1665649914135067 48.0 -71.0 2.435961491162398 17 
0003 0004 1665649914225033 117.125 -67.0 0.9203884727313847 17 
0003 0015 1665649914226685 -104.125 -68.0 5.822991070813893 17 
0003 0014 1665649914229507 0.0 -53.5 4.417864669110647 17 
0003 0000 1665649914230679 299.4375 -72.5 2.227340104009951 17 
0003 0002 1665649914233684 -74.0 -73.0 2.024854640009046 17 
0003 0014 1665649914321670 4.0625 -54.0 4.424000592262189 17 
0003 0004 1665649914324167 4.0625 -67.5 1.0492428589137786 17 
0003 0015 1665649914325566 -78.0625 -67.0 5.939573610693203 17 
0003 0000 1665649914328389 169.25 -70.5 2.3439226438892597 17 
0003 0002 1665649914330380 -160.3125 -73.0 2.000310947402876 17 
0003 0004 1665649914419236 139.125 -67.0 0.8528933180644165 17 
0003 0015 1665649914422313 34.9375 -67.5 5.724816300389213 17 
0003 0014 1665649914423844 0.0 -54.0 4.424000592262189 17 
0003 0000 1665649914425863 -78.0625 -72.5 2.5893595699509624 17 
0003 0002 1665649914428458 403.625 -73.0 1.6321555583103222 17 
0003 0014 1665649914518961 30.0625 -54.0 4.411728745959104 17 
0003 0000 1665649914520710 48.0 -71.5 2.454369260617026 17 
0003 0004 1665649914523056 34.9375 -68.0 1.000155473701438 17 
0003 0015 1665649914523984 52.0625 -67.5 5.743224069843841 17 
0003 0002 1665649914525774 39.0 -72.5 2.055534255766759 17 
0003 0000 1665649914614009 264.4375 -72.0 2.184388641949153 17 
0003 0015 1665649914616226 87.0625 -67.5 5.853670686571607 17 
0003 0014 1665649914618852 -13.0 -54.0 4.442408361716817 17 
0003 0004 1665649914620089 113.0625 -67.0 0.9142525495798421 17 
0003 0002 1665649914630345 60.625 -74.5 1.9911070626755623 17 
0003 0015 1665649914713698 52.0625 -67.5 5.780039608753096 17 
0003 0014 1665649914714991 -13.0 -54.0 4.479223900626073 17 
0003 0004 1665649914716184 199.375 -67.0 0.8835729338221293 17 
0003 0000 1665649914723136 69.125 -71.5 2.2886993355253766 17 
0003 0002 1665649914725020 -13.0 -73.0 2.2764274892222915 17 
0003 0002 1665649914814480 4.0625 -73.0 1.7794177139473437 17 
0003 0015 1665649914815482 -108.1875 -68.5 5.792311455056181 17 
0003 0014 1665649914817994 -8.9375 -54.0 4.473087977474529 17 
0003 0000 1665649914819224 -238.4375 -72.0 2.4911847995262812 17 
0003 0004 1665649914820373 74.0 -67.0 0.9326603190344698 17 
0003 0014 1665649914912527 8.9375 -54.0 4.454680208019902 17 
0003 0015 1665649914915466 43.125 -68.0 5.8475347634200645 17 
0003 0000 1665649914916350 -87.0625 -72.0 2.454369260617026 17 
0003 0004 1665649914917655 -48.0 -67.5 1.0737865515199487 17 
0003 0002 1665649914920572 130.1875 -73.0 1.7855536370988863 17 
0003 0004 1665649915015447 43.125 -67.5 0.9510680884890975 17 
0003 0014 1665649915018361 8.9375 -54.0 4.424000592262189 17 
0003 0015 1665649915020139 -56.125 -67.0 5.822991070813893 17 
0003 0000 1665649915021957 -139.125 -71.5 2.6568547246179306 17 
0003 0002 1665649915024822 -43.125 -72.5 1.9266798695843652 17 
0003 0004 1665649915113276 56.125 -67.5 1.0369710126106935 17 
0003 0002 1665649915116287 390.5625 -73.5 1.7119225592803755 17 
0003 0000 1665649915117299 -260.375 -71.0 2.988194574801229 17 
0003 0014 1665649915118647 -48.0 -54.0 4.466952054322987 17 
0003 0015 1665649915121538 -113.0625 -67.0 5.896622148632405 17 
0003 0003 1665649915192774 5.3125 -78.0 5.037592907416445 17 
0003 0014 1665649915218032 -34.9375 -54.0 4.473087977474529 17 
0003 0004 1665649915221248 -48.0 -67.5 1.1351457830353744 17 
0003 0015 1665649915223012 87.0625 -67.0 5.743224069843841 17 
0003 0000 1665649915226740 -286.4375 -72.5 2.6200391857086753 17 
0003 0002 1665649915228047 -247.375 -73.5 2.030990563160589 17 
0003 0003 1665649915317795 -3.9375 -78.0 5.2768939103266055 17 
0003 0004 1665649915329252 8.9375 -67.5 1.0983302441261191 17 
0003 0014 1665649915330177 -21.9375 -54.0 4.442408361716817 17 
0003 0015 1665649915333104 -8.9375 -67.0 5.872078456026235 17 
0003 0002 1665649915334922 8.9375 -73.5 1.9634954084936207 17 
0003 0000 1665649915335821 -165.1875 -72.0 2.497320722677824 17 
0003 0003 1665649915425682 -0.1875 -78.0 5.332117218690489 17 
0003 0015 1665649915432108 -152.125 -67.0 6.025476534814799 17 
0003 0000 1665649915434383 61.0 -72.0 2.3623304133438876 17 
0003 0002 1665649915436632 373.5 -74.0 1.5401167110371838 17 
0003 0004 1665649915437883 -104.125 -66.5 1.2640001692177683 17 
0003 0014 1665649915438792 -13.0 -54.0 4.411728745959104 17 
0003 0003 1665649915529563 0.625 -78.0 5.240078371417351 17 
0003 0000 1665649915536800 87.0625 -72.0 2.073942025221387 17 
0003 0015 1665649915538565 -39.0 -67.0 5.878214379177777 17 
0003 0014 1665649915539832 -30.0625 -54.5 4.4976316700806995 17 
0003 0004 1665649915541848 -4.0625 -67.5 1.030835089459151 17 
0003 0002 1665649915542763 -264.4375 -73.0 2.325514874434632 17 
0003 0003 1665649915587402 -5.9375 -77.0 5.64504929941916 17 
0003 0003 1665649915671416 43.125 -71.0 2.509592568980909 17 
0003 0015 1665649915672979 -17.0625 -68.0 6.000932842208628 17 
0003 0002 1665649915674125 230.25 -68.0 2.3930100291016 17 
0003 0014 1665649915675572 13.0 -54.5 4.405592822807561 17 
0003 0004 1665649915677305 195.25 -70.0 1.3008157081270237 17 
0003 0006 1665649915700499 -26.6875 -74.5 6.007068765360171 17 
0003 0000 1665649915717224 -2.125 -71.0 5.8659425328746915 17 
0003 0004 1665649915775046 21.9375 -66.5 2.5157284921324514 17 
0003 0002 1665649915776767 -48.0 -67.0 2.7120780329818137 17 
0003 0000 1665649915777691 -13.0 -61.0 4.129476280988146 17 
0003 0006 1665649915779056 -302.6875 -71.0 3.153864499892878 17 
0003 0015 1665649915779952 13.0 -66.0 0.37429131224409645 17 
0003 0005 1665649915781122 108.1875 -67.5 0.705631162427395 17 
0003 0014 1665649915782042 0.0 -55.0 4.270602513473625 17 
0003 0008 1665649915791934 29.25 -68.5 2.5556119926174783 17 
0003 0001 1665649915812808 -16.3125 -77.0 1.4787574795217582 17 
0003 0011 1665649915850202 0.0 -71.5 0.3436116964863836 17 
0003 0007 1665649915854506 -6.0625 -74.5 3.129320807286708 17 
0003 0004 1665649915898516 -4.0625 -64.5 1.0369710126106935 17 
0003 0000 1665649915900207 8.9375 -55.5 2.270291566070749 17 
0003 0011 1665649915902201 -4.0625 -68.0 3.6263305825616556 17 
0003 0008 1665649915904222 30.0625 -67.5 3.1661363461959633 17 
0003 0014 1665649915907189 -52.0625 -56.0 4.552854978444583 17 
0003 0005 1665649915908130 82.1875 -67.0 6.068427996875596 17 
0003 0015 1665649915909174 56.125 -67.5 5.399612373357457 17 
0003 0007 1665649915934241 12.1875 -75.0 6.037748381117884 17 
0003 0008 1665649915990103 -0.1875 -70.5 1.380582709097077 17 
0003 0006 1665649916004868 1.5 -74.0 5.43029198911517 17 
0003 0002 1665649916010908 -11.25 -77.5 1.3499030933393643 17 
0003 0001 1665649916019010 1.5 -74.0 1.3192234775816514 17 
0003 0014 1665649916025224 -8.9375 -56.5 4.246058820867455 17 
0003 0001 1665649916026198 -364.5625 -72.5 4.6878452877785195 17 
0003 0008 1665649916028427 -21.9375 -63.5 4.387185053352934 17 
0003 0015 1665649916029370 -74.0 -65.0 5.939573610693203 17 
0003 0000 1665649916032669 -39.0 -57.0 6.191146459906448 17 
0003 0010 1665649916039519 -104.125 -67.0 5.117359908386499 17 
0003 0002 1665649916045829 17.0625 -75.0 3.5895150436524004 17 
0003 0011 1665649916064152 -3.1875 -71.5 0.9694758579437253 17 
0003 0003 1665649916091051 5.3125 -76.5 6.154330920997192 17 
0003 0004 1665649916094790 7.625 -76.5 1.0185632431560658 17 
0003 0009 1665649916122554 -0.875 -74.0 0.37429131224409645 17 
0003 0007 1665649916148079 -1.5 -76.0 0.23930100291016002 17 
0003 0000 1665649916165995 -34.9375 -60.0 4.049709280018092 17 
0003 0015 1665649916167834 -152.125 -65.0 6.178874613603362 17 
0003 0010 1665649916169768 26.0 -64.0 3.5158839658338894 17 
0003 0008 1665649916170707 -17.0625 -56.5 2.4850488763747385 17 
0003 0004 1665649916171603 17.0625 -67.0 1.368310862793992 17 
0003 0014 1665649916172727 -34.9375 -56.0 4.1601558967458585 17 
0003 0011 1665649916174063 -134.25 -69.0 4.988505522204105 17 
0003 0007 1665649916183555 -295.375 -71.5 0.46019423636569234 17 
0003 0002 1665649916209968 3.1875 -76.5 6.086835766330224 17 
0003 0001 1665649916228890 -1.1875 -75.5 5.295301679781233 17 
0003 0005 1665649916232611 11.6875 -76.5 5.307573526084319 17 
0003 0014 1665649916292790 4.0625 -57.0 4.227651051412827 17 
0003 0011 1665649916293890 13.0 -66.0 4.890330751779424 17 
0003 0001 1665649916295101 -130.1875 -70.5 1.4480778637640452 17 
0003 0008 1665649916296789 -8.9375 -55.5 1.0246991663076084 17 
0003 0000 1665649916298172 56.125 -61.5 2.2334760271614935 17 
0003 0007 1665649916299085 152.125 -71.5 0.02454369260617026 17 
0003 0004 1665649916301677 17.0625 -62.0 0.662679700366597 17 
0003 0010 1665649916304406 13.0 -62.0 1.9880391010997909 17 
0003 0015 1665649916306443 26.0 -65.5 5.577554144752192 17 
0003 0005 1665649916309747 -4.0625 -70.5 5.129631754689584 17 
0003 0002 1665649916310804 -503.6875 -74.0 5.148039524144211 17 
0003 0008 1665649916401383 -8.9375 -56.5 0.1902136176978195 17 
0003 0000 1665649916402268 -17.0625 -64.0 1.214912784005428 17 
0003 0005 1665649916403420 -43.125 -67.5 5.043728830567988 17 
0003 0014 1665649916404358 -13.0 -56.5 4.221515128261284 17 
0003 0015 1665649916405798 -34.9375 -66.0 5.602097837358362 17 
0003 0004 1665649916407630 26.0 -61.0 6.2463697682703305 17 
0003 0010 1665649916409735 -48.0 -61.5 1.3744467859455345 17 
0003 0011 1665649916410620 139.125 -66.0 4.614214209960009 17 
0003 0007 1665649916414961 17.0625 -72.5 6.129787228391022 17 
0003 0015 1665649916505269 -160.3125 -66.5 5.835262917116979 17 
0003 0008 1665649916507043 -17.0625 -58.0 5.964117303299373 17 
0003 0011 1665649916508300 -139.125 -65.5 4.884194828627882 17 
0003 0010 1665649916509210 4.0625 -61.0 0.9142525495798421 17 
0003 0004 1665649916510166 -30.0625 -61.0 5.595961914206819 17 
0003 0000 1665649916511328 0.0 -66.0 0.3620194659410113 17 
0003 0014 1665649916512511 8.9375 -56.0 4.2031073588066565 17 
0003 0005 1665649916513441 277.4375 -67.0 4.448544284868359 17 
0003 0010 1665649916604639 -4.0625 -61.5 0.8283496254582462 17 
0003 0008 1665649916605508 -39.0 -59.5 5.712544454086128 17 
0003 0014 1665649916607128 -34.9375 -56.0 4.246058820867455 17 
0003 0000 1665649916608024 -21.9375 -65.0 0.0 17 
0003 0011 1665649916608922 -30.0625 -65.0 4.884194828627882 17 
0003 0004 1665649916610344 -39.0 -61.5 5.190990986205009 17 
0003 0015 1665649916612606 -21.9375 -67.0 5.792311455056181 17 
0003 0007 1665649916614395 87.0625 -71.0 6.227961998815704 17 
0003 0005 1665649916615788 -30.0625 -66.0 4.865787059173254 17 
0003 0008 1665649916705599 -74.0 -60.0 5.64504929941916 17 
0003 0007 1665649916706782 -52.0625 -72.0 0.030679615757712823 17 
0003 0010 1665649916707914 0.0 -62.5 0.7424467013366504 17 
0003 0015 1665649916709544 -134.25 -66.0 5.884350302329319 17 
0003 0011 1665649916710627 -65.0625 -65.5 5.019185137961818 17 
0003 0014 1665649916712453 0.0 -56.0 4.227651051412827 17 
0003 0004 1665649916714091 17.0625 -62.0 4.828971520263998 17 
0003 0000 1665649916718154 61.0 -64.5 5.921165841238575 17 
0003 0005 1665649916719900 -117.125 -67.0 5.117359908386499 17 
0003 0014 1665649916811137 4.0625 -56.0 4.2031073588066565 17 
0003 0010 1665649916812061 0.0 -61.5 0.662679700366597 17 
0003 0004 1665649916812976 -4.0625 -62.5 4.908738521234052 17 
0003 0011 1665649916813875 -17.0625 -65.5 4.9823695990525625 17 
0003 0005 1665649916815979 -173.3125 -67.5 5.056000676871073 17 
0003 0000 1665649916817358 -43.125 -64.5 6.013204688511713 17 
0003 0007 1665649916818272 -247.375 -71.5 0.1718058482431918 17 
0003 0008 1665649916819208 8.9375 -60.5 5.485515297479052 17 
0003 0015 1665649916821639 -147.25 -67.0 5.994796919057086 17 
0003 0009 1665649916920924 1.25 -75.0 3.2827188860752723 17 
0003 0014 1665649916928032 -8.9375 -56.0 4.227651051412827 17 
0003 0015 1665649916929559 21.9375 -66.0 5.792311455056181 17 
0003 0010 1665649916931607 -30.0625 -61.5 0.9019807032767571 17 
0003 0005 1665649916932757 39.0 -68.0 4.8351074434155406 17 
0003 0009 1665649916933654 108.1875 -72.5 0.18407769454627693 17 
0003 0000 1665649916935389 30.0625 -65.0 6.270913460876501 17 
0003 0004 1665649916936566 4.0625 -62.0 4.9394181369917645 17 
0003 0008 1665649916937834 -74.0 -60.0 5.841398840268521 17 
0003 0011 1665649916938733 -26.0 -65.5 5.589825991055276 17 
0003 0007 1665649916939744 17.0625 -71.0 0.1902136176978195 17 
0003 0009 1665649916962695 21.9375 -75.0 0.11658253987930872 17 
0003 0014 1665649917033337 -17.0625 -56.0 4.25833066717054 17 
0003 0007 1665649917034776 -52.0625 -72.0 0.48473792897186263 17 
0003 0010 1665649917036539 30.0625 -62.0 0.8344855486097889 17 
0003 0008 1665649917037944 8.9375 -60.5 5.755495916146925 17 
0003 0015 1665649917038861 117.125 -66.0 5.724816300389213 17 
0003 0004 1665649917040239 -61.0 -62.5 4.963961829597935 17 
0003 0000 1665649917041403 -95.1875 -64.5 0.1902136176978195 17 
0003 0005 1665649917043931 -69.125 -68.0 4.97623367590102 17 
0003 0011 1665649917046616 -91.125 -65.0 5.6941366846315 17 
0003 0009 1665649917048105 -56.125 -74.5 0.0859029241215959 17 
0003 0015 1665649917139437 -30.0625 -66.5 5.878214379177777 17 
0003 0009 1665649917140318 -30.0625 -75.5 0.2761165418194154 17 
0003 0008 1665649917141256 -21.9375 -60.5 5.8475347634200645 17 
0003 0010 1665649917142664 26.0 -61.0 0.803805932852076 17 
0003 0000 1665649917145446 30.0625 -64.5 0.18407769454627693 17 
0003 0005 1665649917146811 82.1875 -67.5 4.798291904506286 17 
0003 0014 1665649917148573 -4.0625 -55.5 4.246058820867455 17 
0003 0011 1665649917149729 -74.0 -65.0 5.706408530934585 17 
0003 0007 1665649917151594 -78.0625 -72.0 0.4295146206079795 17 
0003 0004 1665649917152619 30.0625 -62.0 4.95168998329485 17 
0003 0014 1665649917242089 34.9375 -55.5 4.239922897715912 17 
0003 0011 1665649917244015 87.0625 -65.0 5.583690067903734 17 
0003 0000 1665649917245552 43.125 -64.5 0.17794177139473438 17 
0003 0010 1665649917246757 0.0 -61.5 0.8344855486097889 17 
0003 0009 1665649917248733 225.375 -73.0 0.03681553890925539 17 
0003 0004 1665649917251254 -39.0 -62.0 5.019185137961818 17 
0003 0008 1665649917252521 -17.0625 -60.5 5.8475347634200645 17 
0003 0015 1665649917254259 87.0625 -66.0 5.6941366846315 17 
0003 0005 1665649917255114 -56.125 -67.5 5.013049214810275 17 
0003 0007 1665649917256184 152.125 -71.0 0.04295146206079795 17 
0003 0005 1665649917345925 113.0625 -68.0 4.81056375080937 17 
0003 0007 1665649917347405 -52.0625 -72.0 0.3620194659410113 17 
0003 0015 1665649917348770 100.0625 -67.0 5.896622148632405 17 
0003 0014 1665649917350515 -43.125 -56.0 4.301282129231338 17 
0003 0008 1665649917351382 21.9375 -60.5 5.810719224510809 17 
0003 0004 1665649917352522 -117.125 -62.0 5.123495831538041 17 
0003 0010 1665649917353941 -4.0625 -61.5 0.8467573949128739 17 
0003 0011 1665649917354813 -34.9375 -65.5 5.743224069843841 17 
0003 0000 1665649917356731 -39.0 -64.5 0.2699806186678728 17 
0003 0009 1665649917365438 5.25 -74.0 0.13192234775816514 17 
0003 0000 1665649917449247 13.0 -63.5 0.21475731030398976 17 
0003 0004 1665649917450187 -17.0625 -62.0 5.006913291658733 17 
0003 0010 1665649917451355 -69.125 -61.0 0.9326603190344698 17 
0003 0014 1665649917452480 -56.125 -55.5 4.3074180523828804 17 
0003 0011 1665649917454868 -56.125 -65.0 5.681864838328415 17 
0003 0007 1665649917455736 -13.0 -71.5 0.23316507975861744 17 
0003 0015 1665649917456875 -4.0625 -67.0 5.970253226450915 17 
0003 0008 1665649917459475 -48.0 -60.5 5.884350302329319 17 
0003 0005 1665649917460417 39.0 -68.5 4.847379289718626 17 
0003 0009 1665649917467618 152.125 -72.5 0.14726215563702155 17 
0003 0015 1665649917557716 -13.0 -66.5 5.927301764390117 17 
0003 0000 1665649917558955 -61.0 -63.5 0.2454369260617026 17 
0003 0008 1665649917559851 34.9375 -60.5 5.829126993965437 17 
0003 0011 1665649917561771 -39.0 -65.5 5.681864838328415 17 
0003 0010 1665649917562939 -30.0625 -61.5 0.8958447801252144 17 
0003 0004 1665649917563805 -8.9375 -62.0 4.994641445355648 17 
0003 0014 1665649917565693 -4.0625 -56.0 4.28287435977671 17 
0003 0005 1665649917566621 56.125 -67.5 4.822835597112456 17 
0003 0007 1665649917569060 165.1875 -72.0 0.12885438618239387 17 
0003 0009 1665649917571260 -368.625 -73.0 0.4908738521234052 17 
0003 0010 1665649917659013 30.0625 -61.5 0.8528933180644165 17 
0003 0015 1665649917660192 17.0625 -67.5 5.859806609723149 17 
0003 0008 1665649917661327 0.0 -60.5 5.884350302329319 17 
0003 0000 1665649917665051 17.0625 -63.5 0.23316507975861744 17 
0003 0014 1665649917666076 -21.9375 -56.0 4.276738436625168 17 
0003 0005 1665649917667003 -21.9375 -68.0 4.92714629068868 17 
0003 0011 1665649917668371 56.125 -65.5 5.712544454086128 17 
0003 0004 1665649917669295 34.9375 -61.5 4.970097752749477 17 
0003 0007 1665649917672860 -143.1875 -72.0 0.42337869745643697 17 
0003 0009 1665649917675665 238.4375 -73.0 6.129787228391022 17 
0003 0015 1665649917764204 -34.9375 -66.5 6.013204688511713 17 
0003 0008 1665649917765624 -17.0625 -60.5 5.8475347634200645 17 
0003 0010 1665649917768369 -56.125 -61.5 0.9510680884890975 17 
0003 0000 1665649917769637 -30.0625 -64.0 0.34974761963792617 17 
0003 0004 1665649917770548 -26.0 -61.5 5.074408446325701 17 
0003 0014 1665649917772691 -8.9375 -56.0 4.270602513473625 17 
0003 0011 1665649917775784 -21.9375 -65.0 5.749359992995383 17 
0003 0005 1665649917776938 95.1875 -67.5 4.779884135051658 17 
0003 0007 1665649917779574 104.125 -71.0 0.2270291566070749 17 
0003 0009 1665649917782795 282.375 -73.0 6.227961998815704 17 
0003 0011 1665649917872035 34.9375 -65.0 5.66959299202533 17 
0003 0010 1665649917874662 -61.0 -61.5 0.9265243958829272 17 
0003 0004 1665649917875602 -39.0 -61.5 5.123495831538041 17 
0003 0014 1665649917876498 -17.0625 -56.0 4.301282129231338 17 
0003 0005 1665649917877906 -126.125 -67.5 5.105088062083414 17 
0003 0008 1665649917878790 -52.0625 -60.0 5.9088939949354895 17 
0003 0000 1665649917883440 -8.9375 -63.0 0.36815538909255385 17 
0003 0015 1665649917886254 21.9375 -66.0 5.93343768754166 17 
0003 0007 1665649917887675 134.25 -71.5 0.2761165418194154 17 
0003 0009 1665649917889295 95.1875 -72.0 0.0674951546669682 17 
0003 0004 1665649917980779 -65.0625 -61.0 5.190990986205009 17 
0003 0015 1665649917981665 65.0625 -67.5 5.915029918087033 17 
0003 0005 1665649917982593 -126.125 -67.0 5.0682725231741586 17 
0003 0014 1665649917984322 17.0625 -56.0 4.221515128261284 17 
0003 0010 1665649917985612 -4.0625 -61.5 0.8958447801252144 17 
0003 0008 1665649917986467 -8.9375 -60.5 5.902758071783947 17 
0003 0000 1665649917987295 -52.0625 -63.0 0.42337869745643697 17 
0003 0007 1665649917989081 -8.9375 -71.5 0.4540583132141498 17 
0003 0011 1665649917990350 -21.9375 -65.0 5.6941366846315 17 
0003 0009 1665649917992764 170.875 -72.5 6.092971689481767 17 
0003 0005 1665649918081151 -8.9375 -67.5 4.988505522204105 17 
0003 0008 1665649918084116 4.0625 -60.5 5.859806609723149 17 
0003 0009 1665649918085478 21.9375 -74.0 0.04908738521234052 17 
0003 0007 1665649918087435 -69.125 -72.0 0.5399612373357456 17 
0003 0014 1665649918088400 -8.9375 -56.0 4.289010282928253 17 
0003 0004 1665649918089522 -4.0625 -61.0 5.148039524144211 17 
0003 0015 1665649918090410 -126.125 -67.0 6.17273869045182 17 
0003 0010 1665649918091719 -82.1875 -61.0 0.9694758579437253 17 
0003 0000 1665649918092646 -78.0625 -63.5 0.4479223900626072 17 
0003 0011 1665649918093529 95.1875 -65.0 5.632777453116074 17 
