0003 0015 1665650557864529 -21.9375 -70.5 6.037748381117884 18 
0003 0004 1665650557865697 -52.0625 -57.5 3.436116964863836 18 
0003 0006 1665650557866860 -23.5625 -72.5 4.430136515413731 18 
0003 0010 1665650557868538 -34.9375 -64.0 1.055378782065321 18 
0003 0014 1665650557869673 8.9375 -70.0 0.37429131224409645 18 
0003 0001 1665650557871566 -225.375 -70.0 2.60776733940559 18 
0003 0011 1665650557872718 199.375 -70.5 3.356349963893783 18 
0003 0008 1665650557873640 -8.9375 -53.0 3.767456815047135 18 
0003 0009 1665650557874551 -17.0625 -70.0 3.4913402732277192 18 
0003 0005 1665650557876216 34.9375 -67.5 1.5155730184310134 18 
0003 0002 1665650557882467 52.0625 -72.0 5.773903685601553 18 
0003 0001 1665650557981271 -173.3125 -69.0 2.564815877344792 18 
0003 0004 1665650557982465 -34.9375 -57.5 3.423845118560751 18 
0003 0015 1665650557983407 -61.0 -70.0 6.043884304269426 18 
0003 0010 1665650557984262 52.0625 -64.0 0.9572040116406401 18 
0003 0002 1665650557985697 143.1875 -73.0 5.780039608753096 18 
0003 0008 1665650557987087 -8.9375 -53.0 3.7429131224409646 18 
0003 0005 1665650557988268 74.0 -68.5 1.4787574795217582 18 
0003 0009 1665650557989137 139.125 -69.5 3.2029518851052186 18 
0003 0014 1665650557991161 -4.0625 -69.5 0.3865631585471816 18 
0003 0006 1665650557992942 -113.0625 -72.5 4.583534594202296 18 
0003 0011 1665650557993797 -39.0 -71.0 3.4177091954092087 18 
0003 0014 1665650558091628 147.25 -70.0 0.37429131224409645 18 
0003 0005 1665650558093031 69.125 -67.5 1.380582709097077 18 
0003 0015 1665650558094245 -52.0625 -69.5 6.19728238305799 18 
0003 0008 1665650558096509 0.0 -53.0 3.718369429834794 18 
0003 0011 1665650558097670 -277.4375 -71.0 3.5342917352885173 18 
0003 0009 1665650558099359 -104.125 -71.0 3.485204350076177 18 
0003 0004 1665650558100551 -13.0 -57.5 3.399301425954581 18 
0003 0010 1665650558102201 -30.0625 -64.0 1.0615147052168636 18 
0003 0006 1665650558103068 -345.8125 -71.0 4.595806440505381 18 
0003 0001 1665650558103964 -91.125 -70.0 2.2150682577068657 18 
0003 0002 1665650558106081 -91.125 -73.0 6.111379458936394 18 
0003 0002 1665650558205131 -165.1875 -71.5 5.994796919057086 18 
0003 0006 1665650558206251 9.75 -71.5 4.344233591292136 18 
0003 0011 1665650558207990 -117.125 -70.5 3.368621810196868 18 
0003 0001 1665650558208871 -30.0625 -69.0 2.12916533358527 18 
0003 0015 1665650558210054 69.125 -70.5 6.080699843178682 18 
0003 0005 1665650558211236 -43.125 -68.0 1.552388557340269 18 
0003 0014 1665650558213111 256.3125 -71.0 0.0674951546669682 18 
0003 0008 1665650558214046 -4.0625 -53.0 3.6999616603801666 18 
0003 0010 1665650558215470 100.0625 -63.5 0.8713010875190442 18 
0003 0009 1665650558217021 173.3125 -71.5 3.2336315008629315 18 
0003 0004 1665650558219700 -4.0625 -57.5 3.32567034813607 18 
0003 0008 1665650558317124 0.0 -53.0 3.6815538909255388 18 
0003 0002 1665650558318410 26.0 -73.5 5.822991070813893 18 
0003 0010 1665650558319323 -26.0 -64.0 0.9510680884890975 18 
0003 0009 1665650558320249 -78.0625 -70.5 3.3624858870453256 18 
0003 0005 1665650558321853 -69.125 -68.5 1.5830681730979816 18 
0003 0004 1665650558323529 13.0 -58.0 3.2704470397721868 18 
0003 0015 1665650558324955 56.125 -70.0 6.111379458936394 18 
0003 0014 1665650558326776 121.25 -70.0 0.2761165418194154 18 
0003 0001 1665650558328525 -82.1875 -69.5 2.2396119503130363 18 
0003 0006 1665650558329406 -109.0 -71.5 4.571262747899211 18 
0003 0011 1665650558330317 30.0625 -70.0 3.2888548092268146 18 
0003 0010 1665650558428898 -34.9375 -64.0 1.0185632431560658 18 
0003 0001 1665650558429809 -13.0 -69.0 2.018718716857504 18 
0003 0006 1665650558430707 307.5625 -73.0 3.9760782021995817 18 
0003 0014 1665650558432794 130.1875 -69.5 0.3620194659410113 18 
0003 0011 1665650558435309 -95.1875 -71.0 3.2765829629237295 18 
0003 0008 1665650558437055 8.9375 -53.0 3.6570101983193686 18 
0003 0004 1665650558437911 26.0 -58.0 3.2459033471660166 18 
0003 0009 1665650558439091 -121.25 -69.5 3.423845118560751 18 
0003 0005 1665650558440002 30.0625 -68.0 1.3069516312785663 18 
0003 0015 1665650558440917 130.1875 -69.0 5.896622148632405 18 
0003 0002 1665650558442439 -312.4375 -71.5 6.252505691421874 18 
0003 0008 1665650558541027 0.0 -53.0 3.663146121470911 18 
0003 0014 1665650558541944 65.0625 -70.5 0.4111068511533518 18 
0003 0001 1665650558542897 -95.1875 -70.0 2.1353012567368124 18 
0003 0004 1665650558544048 -43.125 -57.5 3.3379421944391554 18 
0003 0010 1665650558545709 -13.0 -64.0 1.000155473701438 18 
0003 0005 1665650558548382 -56.125 -68.0 1.3867186322486196 18 
0003 0002 1665650558549789 30.0625 -72.0 5.939573610693203 18 
0003 0011 1665650558551453 143.1875 -70.5 3.160000423044421 18 
0003 0006 1665650558553383 -170.875 -72.5 4.571262747899211 18 
0003 0009 1665650558554759 -13.0 -70.0 3.2704470397721868 18 
0003 0015 1665650558555873 -52.0625 -69.5 6.178874613603362 18 
0003 0005 1665650558654425 61.0 -67.5 1.3008157081270237 18 
0003 0004 1665650558655845 -30.0625 -58.0 3.2765829629237295 18 
0003 0015 1665650558657270 -113.0625 -70.0 0.05522330836388308 18 
0003 0009 1665650558658165 -126.125 -71.0 3.2888548092268146 18 
0003 0010 1665650558659544 -30.0625 -63.0 1.000155473701438 18 
0003 0001 1665650558661911 30.0625 -70.0 2.1353012567368124 18 
0003 0006 1665650558662992 108.1875 -73.0 4.086524818927348 18 
0003 0011 1665650558665108 -130.1875 -70.5 3.3318062712876126 18 
0003 0008 1665650558666013 0.0 -53.0 3.6263305825616556 18 
0003 0014 1665650558667895 -143.1875 -70.5 0.5583690067903734 18 
0003 0002 1665650558673824 412.5625 -72.0 5.338253141842031 18 
0003 0009 1665650558771065 4.0625 -70.5 3.129320807286708 18 
0003 0004 1665650558772728 -13.0 -57.5 3.2520392703175593 18 
0003 0015 1665650558774451 -156.1875 -70.0 0.07363107781851078 18 
0003 0008 1665650558776122 -8.9375 -53.0 3.6263305825616556 18 
0003 0006 1665650558778397 -295.375 -71.0 4.473087977474529 18 
0003 0011 1665650558779278 -95.1875 -70.0 3.2029518851052186 18 
0003 0010 1665650558780361 -39.0 -64.5 1.0185632431560658 18 
0003 0005 1665650558781317 -108.1875 -68.5 1.4910293258248433 18 
0003 0001 1665650558782271 -117.125 -69.5 2.1905245651006955 18 
0003 0014 1665650558784177 -34.9375 -71.0 0.5031456984264903 18 
0003 0002 1665650558785086 -74.0 -71.5 5.896622148632405 18 
0003 0011 1665650558882337 91.125 -70.5 2.9759227284981438 18 
0003 0004 1665650558883672 13.0 -57.5 3.2581751934691017 18 
0003 0015 1665650558885129 126.125 -70.0 6.056156150572511 18 
0003 0009 1665650558886519 -91.125 -70.0 3.399301425954581 18 
0003 0005 1665650558887914 -204.25 -69.0 1.564660403643354 18 
0003 0014 1665650558890017 -117.125 -70.0 0.4356505437595221 18 
0003 0010 1665650558891166 -4.0625 -64.0 0.9633399347921826 18 
0003 0001 1665650558893063 0.0 -69.5 2.0371264863121317 18 
0003 0008 1665650558893978 -21.9375 -53.0 3.6201946594101133 18 
0003 0002 1665650558896224 104.125 -72.0 5.6941366846315 18 
0003 0006 1665650558900622 -174.9375 -74.0 4.577398671050753 18 
0003 0015 1665650558998135 26.0 -70.5 6.068427996875596 18 
0003 0014 1665650558999358 -8.9375 -69.5 0.47860200582032003 18 
0003 0001 1665650559001004 -186.3125 -69.0 2.429825568010856 18 
0003 0009 1665650559002393 -4.0625 -70.0 2.9820586516496865 18 
0003 0005 1665650559003533 34.9375 -68.0 1.3130875544301088 18 
0003 0010 1665650559004416 69.125 -64.0 0.9081166264282996 18 
0003 0002 1665650559005339 -17.0625 -71.5 5.829126993965437 18 
0003 0004 1665650559006335 30.0625 -58.0 3.2397674240144743 18 
0003 0008 1665650559007429 -13.0 -53.0 3.6140587362585705 18 
0003 0011 1665650559008983 65.0625 -71.0 2.9513790358919736 18 
0003 0006 1665650559012516 260.375 -71.0 4.061981126321178 18 
0003 0008 1665650559109572 -4.0625 -52.5 3.6140587362585705 18 
0003 0001 1665650559110739 87.0625 -69.5 2.1659808724945253 18 
0003 0002 1665650559113559 156.1875 -72.0 5.620505606812989 18 
0003 0004 1665650559115009 26.0 -58.0 3.2704470397721868 18 
0003 0010 1665650559116203 -78.0625 -64.0 1.0492428589137786 18 
0003 0005 1665650559117084 17.0625 -68.0 1.2946797849754812 18 
0003 0015 1665650559118001 234.3125 -70.5 5.8475347634200645 18 
0003 0011 1665650559118954 17.0625 -69.5 3.2213596545598464 18 
0003 0009 1665650559120702 -91.125 -68.5 3.2520392703175593 18 
0003 0014 1665650559121557 52.0625 -70.0 0.4172427743048944 18 
0003 0006 1665650559123116 -411.75 -72.5 4.841243366567084 18 
0003 0005 1665650559220002 -78.0625 -69.0 1.2701360923693108 18 
0003 0015 1665650559221171 -126.125 -70.0 6.240233845118788 18 
0003 0008 1665650559223057 8.9375 -52.5 3.6079228131070282 18 
0003 0009 1665650559224466 -100.0625 -69.5 3.313398501832985 18 
0003 0002 1665650559227718 160.3125 -73.0 5.620505606812989 18 
0003 0004 1665650559228742 48.0 -57.5 3.2520392703175593 18 
0003 0010 1665650559231174 -21.9375 -64.5 0.9203884727313847 18 
0003 0014 1665650559232342 -34.9375 -70.5 0.44178646691106466 18 
0003 0011 1665650559233612 113.0625 -70.5 2.9391071895888885 18 
0003 0001 1665650559234493 -48.0 -68.5 2.270291566070749 18 
0003 0008 1665650559332127 -4.0625 -53.0 3.6263305825616556 18 
0003 0009 1665650559333560 95.1875 -70.0 3.055689729468197 18 
0003 0001 1665650559334457 34.9375 -70.0 2.1475731030398975 18 
0003 0014 1665650559335311 87.0625 -69.0 0.4663301595172349 18 
0003 0010 1665650559336464 -113.0625 -64.0 1.086058397823034 18 
0003 0005 1665650559337447 91.125 -69.0 1.227184630308513 18 
0003 0015 1665650559340730 -121.25 -70.0 6.12365130523948 18 
0003 0004 1665650559341862 0.0 -58.0 3.3011266555298997 18 
0003 0011 1665650559343060 113.0625 -69.5 3.055689729468197 18 
0003 0002 1665650559344438 126.125 -71.0 5.816855147662351 18 
0003 0006 1665650559348056 -156.1875 -72.0 4.4976316700806995 18 
0003 0015 1665650559446754 -69.125 -70.0 6.215690152512618 18 
0003 0005 1665650559448586 21.9375 -68.0 1.239456476611598 18 
0003 0004 1665650559450854 4.0625 -58.0 3.2827188860752723 18 
0003 0008 1665650559452135 -4.0625 -53.0 3.6386024288647407 18 
0003 0010 1665650559452992 69.125 -64.0 0.8651651643675016 18 
0003 0009 1665650559454200 -69.125 -70.5 3.3318062712876126 18 
0003 0001 1665650559455141 221.3125 -70.0 1.8039614065535141 18 
0003 0011 1665650559455965 -21.9375 -70.5 3.184544115650591 18 
0003 0006 1665650559458000 377.5625 -72.0 4.025165587411922 18 
0003 0014 1665650559461483 -143.1875 -69.5 0.6504078540635119 18 
0003 0002 1665650559462762 4.0625 -72.5 5.853670686571607 18 
0003 0001 1665650559560828 208.3125 -69.5 2.086213871524472 18 
0003 0008 1665650559562078 -13.0 -53.0 3.761320891895592 18 
0003 0010 1665650559563215 -4.0625 -64.0 0.7792622402459057 18 
0003 0005 1665650559564371 87.0625 -69.0 1.141281706186917 18 
0003 0015 1665650559565782 -48.0 -69.0 6.117515382087937 18 
0003 0004 1665650559568415 -4.0625 -58.5 3.442252888015379 18 
0003 0011 1665650559569670 34.9375 -71.5 3.1906800388021335 18 
0003 0009 1665650559570568 -56.125 -71.5 3.11091303783208 18 
0003 0014 1665650559572466 8.9375 -70.0 0.4479223900626072 18 
0003 0002 1665650559573974 39.0 -73.5 5.945709533844745 18 
0003 0006 1665650559597124 2.4375 -74.5 4.368777283898306 18 
0003 0005 1665650559687598 21.9375 -71.0 1.227184630308513 18 
0003 0008 1665650559688751 -26.0 -53.0 3.9576704327449543 18 
0003 0004 1665650559689661 -34.9375 -59.0 3.9269908169872414 18 
0003 0014 1665650559690544 61.0 -70.5 0.39269908169872414 18 
0003 0015 1665650559692635 13.0 -70.5 6.062292073724054 18 
0003 0011 1665650559693590 -4.0625 -71.5 2.8286605728611223 18 
0003 0010 1665650559694519 -108.1875 -64.0 0.7853981633974483 18 
0003 0001 1665650559695656 121.25 -71.5 2.5893595699509624 18 
0003 0002 1665650559712898 -122.4375 -75.0 1.055378782065321 18 
0003 0009 1665650559722675 -9.75 -75.0 0.37429131224409645 18 
0003 0005 1665650559803380 -134.25 -73.0 1.6935147898257479 18 
0003 0015 1665650559805700 156.1875 -71.0 5.872078456026235 18 
0003 0004 1665650559807008 -34.9375 -60.0 4.583534594202296 18 
0003 0010 1665650559808772 34.9375 -62.5 0.6135923151542565 18 
0003 0014 1665650559810523 52.0625 -70.5 0.32520392703175593 18 
0003 0011 1665650559811916 -74.0 -70.5 3.2888548092268146 18 
0003 0008 1665650559813068 30.0625 -52.5 4.411728745959104 18 
0003 0002 1665650559814774 -108.1875 -74.5 2.1659808724945253 18 
0003 0009 1665650559849664 0.0 -76.5 4.4976316700806995 18 
0003 0011 1665650559920321 48.0 -68.5 3.7981364308048478 18 
0003 0002 1665650559924201 152.125 -72.0 3.5895150436524004 18 
0003 0010 1665650559925721 -4.0625 -62.0 0.7301748550335652 18 
0003 0004 1665650559926898 -4.0625 -61.5 5.540738605842936 18 
0003 0008 1665650559927782 -39.0 -53.0 5.399612373357457 18 
0003 0003 1665650559931761 -160.3125 -72.0 1.9819031779482483 18 
0003 0015 1665650559934074 -95.1875 -68.5 6.0991076126333095 18 
0003 0009 1665650559956766 11.4375 -75.0 5.743224069843841 18 
0003 0001 1665650559991380 0.4375 -75.0 0.06135923151542565 18 
0003 0002 1665650560045555 212.375 -71.5 5.264622064023521 18 
0003 0008 1665650560046900 8.9375 -53.0 0.7179030087304801 18 
0003 0003 1665650560048281 -134.25 -72.5 2.9084275738311756 18 
0003 0001 1665650560049430 -61.0 -71.0 4.080388895775806 18 
0003 0011 1665650560050368 4.0625 -63.0 5.105088062083414 18 
0003 0004 1665650560051791 -21.9375 -57.5 0.9817477042468103 18 
0003 0010 1665650560053215 -30.0625 -63.0 2.1782527187976104 18 
0003 0015 1665650560055565 78.0625 -68.0 6.135923151542564 18 
0003 0000 1665650560144470 1.75 -75.0 6.12365130523948 18 
0003 0004 1665650560163187 -26.0 -53.5 1.8837284075235674 18 
0003 0008 1665650560164705 8.9375 -55.5 2.018718716857504 18 
0003 0011 1665650560166114 26.0 -59.0 0.5706408530934585 18 
0003 0010 1665650560167749 -26.0 -62.5 5.565282298449106 18 
0003 0015 1665650560168734 82.1875 -67.5 6.111379458936394 18 
0003 0006 1665650560169658 170.875 -66.5 0.06135923151542565 18 
0003 0001 1665650560172331 316.5 -72.0 5.368932757599744 18 
0003 0000 1665650560174117 -312.4375 -73.0 0.1595340019401067 18 
0003 0005 1665650560216174 3.625 -73.5 1.3744467859455345 18 
0003 0007 1665650560223871 6.8125 -72.5 4.424000592262189 18 
0003 0014 1665650560230401 1.1875 -73.0 0.5460971604872883 18 
0003 0013 1665650560273587 3.375 -75.5 0.4356505437595221 18 
0003 0002 1665650560286504 2.875 -75.5 4.804427827657828 18 
0003 0012 1665650560312347 1.25 -73.0 1.945087639038993 18 
0003 0013 1665650560321105 152.125 -70.5 0.5706408530934585 18 
0003 0010 1665650560324700 -8.9375 -55.5 2.098485717827557 18 
0003 0004 1665650560325627 87.0625 -68.0 4.945554060143307 18 
0003 0014 1665650560326993 -52.0625 -65.0 1.030835089459151 18 
0003 0008 1665650560328369 30.0625 -60.5 0.944932165337555 18 
0003 0012 1665650560329254 -52.0625 -70.5 5.264622064023521 18 
0003 0015 1665650560331747 48.0 -65.5 6.1850105367549055 18 
0003 0007 1665650560332587 -17.0625 -65.5 2.454369260617026 18 
0003 0002 1665650560334232 -39.0 -72.5 5.252350217720435 18 
0003 0005 1665650560335527 -17.0625 -66.5 5.786175531904639 18 
0003 0011 1665650560336456 -13.0 -66.5 3.067961575771282 18 
0003 0006 1665650560384603 -0.75 -73.5 1.6321555583103222 18 
0003 0012 1665650560440360 212.375 -67.5 4.565126824747668 18 
0003 0005 1665650560442306 -39.0 -64.5 0.5399612373357456 18 
0003 0008 1665650560443244 -21.9375 -57.5 1.6444274046134073 18 
0003 0006 1665650560444168 99.25 -67.5 1.662835174068035 18 
0003 0004 1665650560446689 -4.0625 -58.5 1.1044661672776617 18 
0003 0015 1665650560447607 -65.0625 -64.5 0.619728238305799 18 
0003 0014 1665650560448502 13.0 -59.0 1.1658253987930873 18 
0003 0010 1665650560449625 -17.0625 -58.0 3.865631585471816 18 
0003 0002 1665650560450792 -225.375 -73.0 5.675728915176872 18 
0003 0007 1665650560452954 34.9375 -65.5 4.773748211900116 18 
0003 0013 1665650560548186 0.0 -73.5 6.074563920027139 18 
0003 0009 1665650560556643 -69.125 -68.5 1.3130875544301088 18 
0003 0015 1665650560559171 -13.0 -61.5 1.0676506283684062 18 
0003 0014 1665650560560324 -30.0625 -58.0 1.0799224746714913 18 
0003 0006 1665650560561219 75.625 -65.0 2.1046216409791 18 
0003 0005 1665650560562089 17.0625 -62.0 0.9265243958829272 18 
0003 0010 1665650560563242 34.9375 -58.5 4.767612288748572 18 
0003 0002 1665650560564379 82.1875 -73.0 5.313709449235861 18 
0003 0004 1665650560567494 -8.9375 -57.5 1.5462526341887264 18 
0003 0008 1665650560569003 -61.0 -59.0 2.3316507975861747 18 
0003 0007 1665650560570541 -52.0625 -63.0 5.884350302329319 18 
0003 0013 1665650560596091 8.0625 -73.0 6.025476534814799 18 
0003 0015 1665650560672632 13.0 -60.0 1.1228739367322893 18 
0003 0009 1665650560674637 17.0625 -68.5 1.6260196351587797 18 
0003 0014 1665650560675577 -48.0 -58.0 0.9387962421860124 18 
0003 0013 1665650560676719 -113.0625 -70.0 6.14819499784565 18 
0003 0004 1665650560677869 -74.0 -57.5 1.8837284075235674 18 
0003 0005 1665650560678750 4.0625 -60.5 1.227184630308513 18 
0003 0007 1665650560679918 -52.0625 -63.5 6.234097921967246 18 
0003 0010 1665650560683766 -61.0 -60.5 5.583690067903734 18 
0003 0008 1665650560685170 -56.125 -59.0 2.6568547246179306 18 
0003 0006 1665650560686207 -38.1875 -65.0 2.6261751088602177 18 
0003 0002 1665650560688429 8.9375 -74.5 5.460971604872882 18 
0003 0013 1665650560786018 182.25 -69.0 6.277049384028044 18 
0003 0014 1665650560787312 -26.0 -57.5 0.9756117810952678 18 
0003 0009 1665650560788280 -100.0625 -67.5 1.8837284075235674 18 
0003 0015 1665650560789703 4.0625 -60.0 1.2885438618239387 18 
0003 0004 1665650560790855 17.0625 -57.5 1.9634954084936207 18 
0003 0007 1665650560792038 -39.0 -64.0 0.28838838812250056 18 
0003 0006 1665650560793671 127.75 -65.0 2.724349879284899 18 
0003 0008 1665650560794552 21.9375 -60.5 2.8654761117703775 18 
0003 0005 1665650560795705 -21.9375 -61.0 1.4787574795217582 18 
0003 0010 1665650560798073 8.9375 -61.0 5.896622148632405 18 
0003 0002 1665650560814182 105.375 -75.5 5.5100589900852235 18 
0003 0005 1665650560902744 -56.125 -61.0 1.6321555583103222 18 
0003 0010 1665650560903670 52.0625 -62.5 6.068427996875596 18 
0003 0015 1665650560905315 13.0 -60.5 1.239456476611598 18 
0003 0004 1665650560906196 -8.9375 -58.0 2.2212041808584084 18 
0003 0008 1665650560907124 -52.0625 -60.5 3.172272269347506 18 
0003 0007 1665650560909255 -34.9375 -62.5 0.5338253141842031 18 
0003 0009 1665650560911158 87.0625 -66.5 1.9144080232812801 18 
0003 0013 1665650560912399 -21.9375 -67.5 0.4908738521234052 18 
0003 0014 1665650560916604 -65.0625 -58.5 1.086058397823034 18 
0003 0006 1665650560919818 -90.3125 -65.0 3.141592653589793 18 
0003 0002 1665650560958674 18.75 -77.0 5.64504929941916 18 
0003 0005 1665650561035480 -4.0625 -61.0 1.6689710972195777 18 
0003 0004 1665650561037968 -69.125 -58.5 2.423689644859313 18 
0003 0006 1665650561039700 9.75 -65.0 3.153864499892878 18 
0003 0010 1665650561040641 -39.0 -62.5 0.16566992509164924 18 
0003 0009 1665650561041511 -134.25 -67.0 2.337786720737717 18 
0003 0014 1665650561042435 -26.0 -58.5 1.055378782065321 18 
0003 0013 1665650561043377 8.9375 -67.5 0.5890486225480862 18 
0003 0015 1665650561044307 21.9375 -60.5 1.1965050145508 18 
0003 0008 1665650561045501 -39.0 -59.5 3.3195344249845276 18 
0003 0007 1665650561046839 17.0625 -63.5 0.7424467013366504 18 
0003 0002 1665650561072591 -35.8125 -78.0 5.853670686571607 18 
0003 0004 1665650561149446 -34.9375 -58.5 2.405281875404685 18 
0003 0009 1665650561150313 -108.1875 -66.5 2.405281875404685 18 
0003 0005 1665650561153321 -56.125 -61.0 1.846912868614312 18 
0003 0014 1665650561154812 -4.0625 -58.0 1.0185632431560658 18 
0003 0015 1665650561155755 -21.9375 -60.5 1.282407938672396 18 
0003 0007 1665650561156865 43.125 -64.0 0.7301748550335652 18 
0003 0010 1665650561157805 -43.125 -63.0 0.2086213871524472 18 
0003 0006 1665650561158743 -104.125 -65.5 3.2581751934691017 18 
0003 0008 1665650561160259 8.9375 -60.0 3.4054373491061236 18 
0003 0013 1665650561161177 56.125 -67.0 0.48473792897186263 18 
0003 0002 1665650561185121 -7.3125 -77.0 5.792311455056181 18 
0003 0014 1665650561313125 -13.0 -58.0 1.0737865515199487 18 
0003 0007 1665650561314534 -43.125 -63.5 0.7915340865489908 18 
0003 0005 1665650561315461 -39.0 -61.0 1.7548740213411735 18 
0003 0010 1665650561316371 8.9375 -63.0 0.07363107781851078 18 
0003 0009 1665650561317977 113.0625 -66.5 2.1475731030398975 18 
0003 0008 1665650561319084 -30.0625 -59.5 3.411573272257666 18 
0003 0004 1665650561320728 48.0 -58.5 2.2089323345553233 18 
0003 0013 1665650561322041 78.0625 -67.0 0.5706408530934585 18 
0003 0015 1665650561322910 4.0625 -60.5 1.2640001692177683 18 
0003 0006 1665650561323851 -52.0625 -65.0 3.1661363461959633 18 
0003 0002 1665650561356995 37.375 -78.0 5.553010452146021 18 
0003 0015 1665650561437978 -39.0 -60.5 1.2762720155208536 18 
0003 0014 1665650561439582 -87.0625 -58.0 1.1167380135807468 18 
0003 0004 1665650561442409 17.0625 -58.0 2.0493983326152168 18 
0003 0006 1665650561443799 38.1875 -64.5 3.0127382674073995 18 
0003 0009 1665650561444683 -139.125 -66.5 2.313243028131547 18 
0003 0007 1665650561445819 -26.0 -63.0 0.5767767762450011 18 
0003 0005 1665650561447312 -26.0 -61.0 1.6137477888556946 18 
0003 0008 1665650561448788 13.0 -59.5 3.1784081924990484 18 
0003 0010 1665650561449699 -8.9375 -62.5 6.166602767300278 18 
0003 0013 1665650561450745 -48.0 -67.5 0.4356505437595221 18 
0003 0002 1665650561473486 -2.4375 -78.0 5.5714182216006485 18 
0003 0015 1665650561550607 -48.0 -60.0 1.227184630308513 18 
0003 0007 1665650561551746 -43.125 -63.0 0.4356505437595221 18 
0003 0005 1665650561554287 43.125 -60.5 1.380582709097077 18 
0003 0008 1665650561556116 34.9375 -59.5 2.9145634969827183 18 
0003 0004 1665650561564184 -17.0625 -58.0 1.7916895602504288 18 
0003 0006 1665650561565076 4.875 -64.0 2.662990647769473 18 
0003 0014 1665650561566215 39.0 -57.5 1.3069516312785663 18 
0003 0010 1665650561567142 -143.1875 -62.0 6.117515382087937 18 
0003 0009 1665650561568251 -100.0625 -66.0 1.6260196351587797 18 
0003 0013 1665650561569153 39.0 -66.5 0.6320000846088841 18 
0003 0002 1665650561588326 13.875 -78.0 5.062136600022616 18 
0003 0015 1665650561672209 0.0 -60.5 1.552388557340269 18 
0003 0014 1665650561674243 34.9375 -57.5 1.2701360923693108 18 
0003 0013 1665650561675555 52.0625 -66.5 0.5829126993965437 18 
0003 0008 1665650561677569 21.9375 -59.0 2.6323110320117604 18 
0003 0005 1665650561678441 104.125 -60.0 1.2517283229146832 18 
0003 0004 1665650561679393 13.0 -58.5 1.5462526341887264 18 
0003 0010 1665650561680447 -74.0 -62.0 5.8475347634200645 18 
0003 0012 1665650561681389 -100.0625 -71.0 3.8717675086233583 18 
0003 0007 1665650561682596 87.0625 -63.0 0.39269908169872414 18 
0003 0006 1665650561684046 -80.5625 -64.0 2.6998061866787286 18 
0003 0011 1665650561685776 0.0 -71.5 0.9265243958829272 18 
0003 0009 1665650561686707 -165.1875 -66.5 1.4971652489763858 18 
0003 0002 1665650561707445 -9.0 -78.0 5.270757987175063 18 
0003 0008 1665650561791311 -13.0 -60.0 2.4850488763747385 18 
0003 0005 1665650561792808 69.125 -59.5 1.1658253987930873 18 
0003 0014 1665650561793761 26.0 -57.5 1.239456476611598 18 
0003 0012 1665650561794676 -178.1875 -70.5 3.822680123411018 18 
0003 0007 1665650561795568 0.0 -62.5 0.37429131224409645 18 
0003 0015 1665650561797195 39.0 -59.5 1.4971652489763858 18 
0003 0004 1665650561798360 -8.9375 -58.5 1.41126232485479 18 
0003 0006 1665650561799242 -90.3125 -64.0 2.693670263527186 18 
0003 0010 1665650561800165 0.0 -62.0 5.632777453116074 18 
0003 0011 1665650561801351 -74.0 -72.0 0.8528933180644165 18 
0003 0009 1665650561803352 8.9375 -66.5 1.184233168247715 18 
0003 0013 1665650561805203 13.0 -66.5 0.521553467881118 18 
0003 0002 1665650561898723 -4.375 -78.5 1.846912868614312 18 
0003 0011 1665650561925366 147.25 -69.0 0.5276893910326605 18 
0003 0007 1665650561926516 -21.9375 -63.5 0.21475731030398976 18 
0003 0014 1665650561927386 34.9375 -57.5 1.2210487071569704 18 
0003 0006 1665650561928777 -94.375 -64.0 2.564815877344792 18 
0003 0005 1665650561929730 -4.0625 -59.5 1.1535535524900022 18 
0003 0010 1665650561930926 -21.9375 -62.0 5.6143696836614465 18 
0003 0008 1665650561932036 43.125 -59.5 2.2580197197676637 18 
0003 0015 1665650561933447 -65.0625 -60.0 1.6382914814618648 18 
0003 0004 1665650561934326 -17.0625 -58.0 1.3744467859455345 18 
0003 0009 1665650561935850 56.125 -67.5 0.9142525495798421 18 
0003 0013 1665650561937406 4.0625 -67.0 0.47860200582032003 18 
0003 0012 1665650561939652 113.0625 -71.0 3.6386024288647407 18 
0003 0007 1665650562062435 30.0625 -63.5 0.1043106935762236 18 
0003 0005 1665650562063347 -30.0625 -60.0 1.0737865515199487 18 
0003 0011 1665650562065847 13.0 -69.5 0.5890486225480862 18 
0003 0010 1665650562066717 -48.0 -62.0 5.602097837358362 18 
0003 0009 1665650562069232 108.1875 -68.5 0.7117670855789375 18 
0003 0013 1665650562070173 13.0 -66.5 0.4908738521234052 18 
0003 0006 1665650562071125 -18.6875 -63.0 2.6200391857086753 18 
0003 0012 1665650562072038 17.0625 -71.5 3.933126740138784 18 
0003 0008 1665650562072948 13.0 -60.0 2.1782527187976104 18 
0003 0015 1665650562075060 0.0 -60.0 1.552388557340269 18 
0003 0014 1665650562075989 8.9375 -57.5 1.2885438618239387 18 
0003 0004 1665650562076959 26.0 -57.5 1.2885438618239387 18 
0003 0012 1665650562174847 -178.1875 -71.5 4.25833066717054 18 
0003 0015 1665650562175972 -30.0625 -60.0 1.5278448647340985 18 
0003 0010 1665650562176885 52.0625 -62.5 5.448699758569798 18 
0003 0009 1665650562178008 -91.125 -68.5 0.8406214717613314 18 
0003 0005 1665650562179400 4.0625 -60.0 0.9817477042468103 18 
0003 0013 1665650562181803 17.0625 -66.5 0.47860200582032003 18 
0003 0006 1665650562182727 -61.8125 -64.0 2.552544031041707 18 
0003 0007 1665650562184076 17.0625 -63.5 0.0859029241215959 18 
0003 0004 1665650562185213 4.0625 -57.5 1.2578642460662257 18 
0003 0014 1665650562188237 17.0625 -57.5 1.2701360923693108 18 
0003 0008 1665650562189430 13.0 -60.0 2.055534255766759 18 
0003 0011 1665650562190344 39.0 -69.5 0.4295146206079795 18 
0003 0001 1665650562287222 -6.8125 -75.0 2.6813984172241008 18 
0003 0007 1665650562300504 -39.0 -63.5 0.18407769454627693 18 
0003 0004 1665650562303182 -4.0625 -57.5 1.2333205534600555 18 
0003 0008 1665650562304859 21.9375 -60.0 2.030990563160589 18 
0003 0014 1665650562305996 -8.9375 -57.0 1.3008157081270237 18 
0003 0006 1665650562306937 142.375 -64.0 2.2886993355253766 18 
0003 0012 1665650562307821 -165.1875 -70.0 4.006757817957295 18 
0003 0005 1665650562308733 30.0625 -60.0 0.9756117810952678 18 
0003 0013 1665650562310130 43.125 -66.5 0.36815538909255385 18 
0003 0015 1665650562311013 4.0625 -60.0 1.5033011721279284 18 
0003 0010 1665650562313315 13.0 -62.0 5.4671075280244255 18 
0003 0009 1665650562314822 17.0625 -68.5 0.6688156235181395 18 
0003 0011 1665650562315750 69.125 -70.0 0.4111068511533518 18 
0003 0001 1665650562409543 -9.25 -74.5 2.6384469551633027 18 
0003 0004 1665650562424322 43.125 -58.0 1.1351457830353744 18 
0003 0008 1665650562425903 52.0625 -60.0 1.945087639038993 18 
0003 0015 1665650562426857 8.9375 -60.0 1.5401167110371838 18 
0003 0012 1665650562427802 -48.0 -72.0 3.80427235395639 18 
0003 0009 1665650562428728 52.0625 -69.0 0.5706408530934585 18 
0003 0010 1665650562429669 -78.0625 -62.5 5.5284667595398505 18 
0003 0014 1665650562431530 39.0 -57.0 1.2701360923693108 18 
0003 0005 1665650562432777 -30.0625 -60.5 1.030835089459151 18 
0003 0006 1665650562433715 52.0625 -64.5 2.429825568010856 18 
0003 0011 1665650562435252 48.0 -70.0 0.380427235395639 18 
0003 0013 1665650562436225 113.0625 -67.5 0.15339807878856412 18 
0003 0007 1665650562437800 21.9375 -63.0 0.018407769454627694 18 
0003 0001 1665650562488565 5.9375 -75.0 5.71868037723767 18 
0003 0004 1665650562547314 48.0 -57.5 1.141281706186917 18 
0003 0005 1665650562549202 -43.125 -60.0 1.0185632431560658 18 
0003 0012 1665650562550074 126.125 -71.5 3.5772431973493153 18 
0003 0014 1665650562551727 -8.9375 -57.5 1.325359400733194 18 
0003 0009 1665650562552681 -21.9375 -68.0 0.6258641614573416 18 
0003 0015 1665650562553653 -34.9375 -60.0 1.552388557340269 18 
0003 0011 1665650562554793 -100.0625 -69.0 0.39269908169872414 18 
0003 0006 1665650562555701 14.625 -63.5 2.3623304133438876 18 
0003 0010 1665650562556797 13.0 -62.0 5.307573526084319 18 
0003 0008 1665650562558050 -30.0625 -59.5 2.055534255766759 18 
0003 0013 1665650562559790 69.125 -66.0 0.2086213871524472 18 
0003 0007 1665650562560715 -39.0 -64.0 0.05522330836388308 18 
0003 0001 1665650562666261 4.1875 -74.0 5.522330836388308 18 
0003 0011 1665650562689508 56.125 -69.0 0.23930100291016002 18 
0003 0015 1665650562690888 -17.0625 -59.5 1.5033011721279284 18 
0003 0008 1665650562691771 -26.0 -60.0 1.9205439464328227 18 
0003 0010 1665650562693207 -43.125 -62.0 5.301437602932776 18 
0003 0007 1665650562694387 39.0 -63.5 6.2463697682703305 18 
0003 0012 1665650562696718 -26.0 -72.0 3.816544200259475 18 
0003 0014 1665650562697869 -26.0 -57.5 1.3314953238847365 18 
0003 0005 1665650562699518 69.125 -60.5 0.8651651643675016 18 
0003 0004 1665650562702407 8.9375 -57.5 1.1474176293384597 18 
0003 0013 1665650562703563 43.125 -67.5 0.1595340019401067 18 
0003 0006 1665650562704559 38.1875 -63.5 2.380738182798515 18 
0003 0009 1665650562707045 48.0 -68.5 0.4908738521234052 18 
0003 0001 1665650562748697 0.875 -74.5 5.6573211457222445 18 
