0003 0005 1665561008146979 -30.0625 -59.0 3.6140587362585705 0 
0003 0006 1665561008147888 56.9375 -68.0 0.2761165418194154 0 
0003 0004 1665561008149324 -52.0625 -57.5 3.706097583531709 0 
0003 0007 1665561008151199 -43.125 -65.0 3.859495662320273 0 
0003 0001 1665561008152648 -178.1875 -70.0 3.423845118560751 0 
0003 0014 1665561008154083 -26.0 -57.5 3.988350048502667 0 
0003 0008 1665561008155177 -30.0625 -55.0 4.264466590322082 0 
0003 0011 1665561008156358 -17.0625 -62.0 2.761165418194154 0 
0003 0013 1665561008157501 325.5 -71.5 1.509437095279471 0 
0003 0009 1665561008158410 -74.0 -67.5 3.3440781175906977 0 
0003 0015 1665561008160034 121.25 -63.0 2.5893595699509624 0 
0003 0010 1665561008163540 -17.0625 -57.5 1.9266798695843652 0 
0003 0012 1665561008164525 -21.9375 -71.0 4.264466590322082 0 
0003 0002 1665561008165913 0.0 -62.5 1.9941750242513334 0 
0003 0000 1665561008187900 4.0625 -77.0 4.276738436625168 0 
0003 0005 1665561008259491 74.0 -59.5 3.454524734318464 0 
0003 0015 1665561008260420 21.9375 -63.5 2.773437264497239 0 
0003 0002 1665561008261526 0.0 -63.5 1.9757672547967058 0 
0003 0014 1665561008262425 -8.9375 -57.0 3.9699422790480394 0 
0003 0004 1665561008264785 -21.9375 -57.0 3.650874275167826 0 
0003 0001 1665561008265697 21.9375 -69.5 2.945243112740431 0 
0003 0007 1665561008272238 -121.25 -65.0 3.9760782021995817 0 
0003 0010 1665561008273532 -13.0 -58.0 1.9205439464328227 0 
0003 0008 1665561008275310 -52.0625 -55.0 4.264466590322082 0 
0003 0009 1665561008276205 -87.0625 -68.0 3.393165502803038 0 
0003 0006 1665561008277128 23.5625 -68.0 0.21475731030398976 0 
0003 0011 1665561008278854 -48.0 -62.5 2.791845033951867 0 
0003 0013 1665561008280591 173.3125 -72.0 1.9757672547967058 0 
0003 0012 1665561008298389 13.875 -74.0 1.1780972450961724 0 
0003 0000 1665561008307132 3.1875 -77.5 4.061981126321178 0 
0003 0015 1665561008376215 -30.0625 -63.0 2.816388726558037 0 
0003 0002 1665561008377380 34.9375 -63.0 1.9512235621905356 0 
0003 0011 1665561008378592 -30.0625 -62.0 2.718213956133356 0 
0003 0010 1665561008379547 39.0 -58.0 1.8714565612204823 0 
0003 0008 1665561008380457 -34.9375 -55.5 4.227651051412827 0 
0003 0005 1665561008381850 -30.0625 -59.5 3.5833791205008576 0 
0003 0007 1665561008383214 17.0625 -65.0 3.9147189706841563 0 
0003 0006 1665561008384418 -52.0625 -68.5 0.36815538909255385 0 
0003 0004 1665561008386136 -21.9375 -57.5 3.6815538909255388 0 
0003 0009 1665561008387048 -34.9375 -66.5 3.1906800388021335 0 
0003 0014 1665561008387958 -87.0625 -57.5 4.06811704947272 0 
0003 0013 1665561008388902 -113.0625 -72.0 2.2764274892222915 0 
0003 0001 1665561008391328 -230.25 -70.0 3.32567034813607 0 
0003 0012 1665561008392256 -165.1875 -72.0 4.571262747899211 0 
0003 0000 1665561008431007 -6.8125 -78.0 1.0737865515199487 0 
0003 0006 1665561008491123 9.75 -67.5 0.28225246497095796 0 
0003 0004 1665561008492924 -8.9375 -57.5 3.6324665057131984 0 
0003 0011 1665561008494322 87.0625 -62.5 2.6261751088602177 0 
0003 0013 1665561008495474 -130.1875 -72.5 2.3439226438892597 0 
0003 0008 1665561008497664 -48.0 -55.5 4.246058820867455 0 
0003 0009 1665561008498861 91.125 -66.5 3.2336315008629315 0 
0003 0014 1665561008499814 -61.0 -57.5 4.006757817957295 0 
0003 0015 1665561008502978 -82.1875 -63.0 2.84706834231575 0 
0003 0007 1665561008504016 -13.0 -65.0 3.9269908169872414 0 
0003 0002 1665561008504957 -34.9375 -63.5 2.073942025221387 0 
0003 0005 1665561008505826 -43.125 -59.0 3.6447383520162835 0 
0003 0010 1665561008506709 -39.0 -57.5 1.9389517158874505 0 
0003 0001 1665561008508383 -108.1875 -69.0 3.11091303783208 0 
0003 0012 1665561008535396 -9.0 -74.0 4.374913207049849 0 
0003 0000 1665561008665082 2.875 -77.5 1.1044661672776617 0 
0003 0011 1665561008693736 17.0625 -62.0 2.767301341345697 0 
0003 0015 1665561008694649 4.0625 -63.5 2.8102528034064944 0 
0003 0014 1665561008695589 -13.0 -57.0 3.9576704327449543 0 
0003 0006 1665561008696470 33.3125 -67.5 0.2454369260617026 0 
0003 0010 1665561008698570 26.0 -58.0 1.8530487917658545 0 
0003 0007 1665561008699978 -87.0625 -65.0 3.9515345095934116 0 
0003 0005 1665561008700883 0.0 -59.5 3.5833791205008576 0 
0003 0013 1665561008701805 377.5625 -72.0 1.6137477888556946 0 
0003 0008 1665561008702685 -26.0 -56.0 4.1417481272912315 0 
0003 0004 1665561008703821 13.0 -57.0 3.6201946594101133 0 
0003 0002 1665561008704745 -17.0625 -63.0 1.9696313316451632 0 
0003 0001 1665561008707186 21.9375 -68.5 3.104777114680538 0 
0003 0009 1665561008708068 8.9375 -67.0 3.3011266555298997 0 
0003 0012 1665561008727721 -16.3125 -73.5 4.405592822807561 0 
0003 0000 1665561008810063 -1.75 -77.5 1.0185632431560658 0 
0003 0006 1665561008822150 33.3125 -67.0 0.20248546400090464 0 
0003 0008 1665561008823089 -30.0625 -56.0 4.172427743048944 0 
0003 0014 1665561008824437 -17.0625 -57.5 3.9699422790480394 0 
0003 0004 1665561008825802 -26.0 -57.5 3.6876898140770815 0 
0003 0013 1665561008827683 -100.0625 -72.0 2.3193789512830896 0 
0003 0009 1665561008829513 -17.0625 -68.0 3.3502140407422405 0 
0003 0005 1665561008830438 -17.0625 -59.0 3.6017868899554855 0 
0003 0007 1665561008831785 0.0 -64.5 3.859495662320273 0 
0003 0010 1665561008832927 -13.0 -57.5 1.8960002538266525 0 
0003 0002 1665561008834561 30.0625 -63.0 1.9389517158874505 0 
0003 0011 1665561008835695 0.0 -62.5 2.6998061866787286 0 
0003 0015 1665561008836599 78.0625 -63.5 2.705942109830271 0 
0003 0001 1665561008839226 -95.1875 -69.5 3.0495538063166547 0 
0003 0012 1665561008863385 2.4375 -74.0 4.387185053352934 0 
0003 0000 1665561008909264 2.4375 -77.5 1.0185632431560658 0 
0003 0005 1665561008945936 -4.0625 -59.0 3.5956509668039427 0 
0003 0004 1665561008947132 30.0625 -57.5 3.6079228131070282 0 
0003 0008 1665561008948295 -8.9375 -55.5 4.123340357836604 0 
0003 0015 1665561008949225 17.0625 -64.0 2.724349879284899 0 
0003 0009 1665561008950362 -56.125 -68.0 3.368621810196868 0 
0003 0014 1665561008951754 -34.9375 -57.5 3.9699422790480394 0 
0003 0002 1665561008953928 117.125 -63.0 1.8714565612204823 0 
0003 0010 1665561008954779 -8.9375 -58.0 1.8714565612204823 0 
0003 0001 1665561008955722 69.125 -69.5 2.9513790358919736 0 
0003 0013 1665561008957855 100.0625 -71.5 2.110757564130642 0 
0003 0011 1665561008959506 52.0625 -62.0 2.693670263527186 0 
0003 0007 1665561008962079 -34.9375 -64.5 3.859495662320273 0 
0003 0006 1665561008963002 61.8125 -67.0 0.19634954084936207 0 
0003 0012 1665561008967835 195.25 -72.0 4.270602513473625 0 
0003 0012 1665561008984548 28.5 -73.5 1.1351457830353744 0 
0003 0000 1665561009054478 -3.5625 -77.5 1.184233168247715 0 
0003 0012 1665561009070169 -273.375 -72.0 4.4976316700806995 0 
0003 0001 1665561009071048 4.0625 -70.0 3.06182565261974 0 
0003 0011 1665561009072205 -61.0 -62.5 2.7120780329818137 0 
0003 0004 1665561009073628 -30.0625 -57.5 3.650874275167826 0 
0003 0006 1665561009074552 -90.3125 -67.5 0.46019423636569234 0 
0003 0005 1665561009075648 -78.0625 -59.0 3.6815538909255388 0 
0003 0015 1665561009077511 -91.125 -63.0 2.8777479580734626 0 
0003 0002 1665561009078393 48.0 -63.0 1.9144080232812801 0 
0003 0010 1665561009079529 8.9375 -58.0 1.859184714917397 0 
0003 0007 1665561009081872 -21.9375 -65.0 3.877903431774901 0 
0003 0009 1665561009084614 74.0 -67.5 3.160000423044421 0 
0003 0014 1665561009086632 -39.0 -57.5 4.006757817957295 0 
0003 0013 1665561009087648 212.375 -72.0 1.945087639038993 0 
0003 0008 1665561009088485 -39.0 -56.0 4.135612204139688 0 
0003 0012 1665561009116166 21.1875 -73.5 4.295146206079795 0 
0003 0000 1665561009178243 6.0 -77.5 0.9878836273983529 0 
0003 0008 1665561009192819 8.9375 -55.5 4.061981126321178 0 
0003 0005 1665561009193691 -48.0 -59.5 3.6386024288647407 0 
0003 0014 1665561009195348 -4.0625 -57.0 3.9453985864418692 0 
0003 0015 1665561009196321 -21.9375 -63.5 2.6813984172241008 0 
0003 0010 1665561009197516 -43.125 -58.0 1.9389517158874505 0 
0003 0011 1665561009198500 -13.0 -62.5 2.742757648739526 0 
0003 0007 1665561009199908 -48.0 -64.5 3.9208548938356986 0 
0003 0004 1665561009200847 34.9375 -57.5 3.5833791205008576 0 
0003 0013 1665561009202005 -243.3125 -72.0 2.3930100291016 0 
0003 0002 1665561009203040 21.9375 -62.5 1.9144080232812801 0 
0003 0001 1665561009203923 -34.9375 -69.5 3.06182565261974 0 
0003 0012 1665561009206032 -342.5625 -73.0 4.454680208019902 0 
0003 0006 1665561009207561 42.3125 -68.0 0.2638446955163303 0 
0003 0009 1665561009208474 -126.125 -67.5 3.4177091954092087 0 
0003 0012 1665561009227003 14.625 -73.5 4.252194744018997 0 
0003 0000 1665561009296001 -6.625 -77.5 1.086058397823034 0 
0003 0008 1665561009311252 -34.9375 -56.0 4.154019973594316 0 
0003 0002 1665561009312658 30.0625 -63.0 1.8653206380689396 0 
0003 0007 1665561009314124 -52.0625 -65.0 3.890175278077986 0 
0003 0004 1665561009315004 -26.0 -57.5 3.6386024288647407 0 
0003 0010 1665561009316639 61.0 -58.0 1.8223691760081417 0 
0003 0013 1665561009317797 -61.0 -72.0 2.270291566070749 0 
0003 0014 1665561009318707 -34.9375 -57.5 3.9699422790480394 0 
0003 0005 1665561009320382 -34.9375 -59.0 3.6079228131070282 0 
0003 0006 1665561009321278 118.75 -68.0 0.20248546400090464 0 
0003 0009 1665561009322445 104.125 -69.0 3.117048960983623 0 
0003 0015 1665561009323728 52.0625 -63.5 2.662990647769473 0 
0003 0001 1665561009324638 -147.25 -68.5 3.184544115650591 0 
0003 0011 1665561009326299 -21.9375 -62.0 2.6813984172241008 0 
0003 0012 1665561009327861 -8.9375 -72.5 4.485359823777615 0 
0003 0000 1665561009407937 -3.3125 -78.5 0.9817477042468103 0 
0003 0006 1665561009451906 142.375 -67.5 0.1227184630308513 0 
0003 0014 1665561009453241 48.0 -57.5 3.8840393549264434 0 
0003 0002 1665561009454407 56.125 -63.0 1.8407769454627694 0 
0003 0007 1665561009455543 -4.0625 -64.5 3.8717675086233583 0 
0003 0012 1665561009456700 221.3125 -72.0 4.178563666200486 0 
0003 0013 1665561009457601 -420.6875 -72.5 2.4911847995262812 0 
0003 0015 1665561009458496 -8.9375 -63.0 2.7550294950426117 0 
0003 0009 1665561009459411 156.1875 -68.5 3.0250101137104846 0 
0003 0008 1665561009461112 -17.0625 -55.5 4.104932588381976 0 
0003 0001 1665561009462849 117.125 -70.0 2.8654761117703775 0 
0003 0011 1665561009463790 -69.125 -62.0 2.6998061866787286 0 
0003 0004 1665561009464698 -8.9375 -57.5 3.6263305825616556 0 
0003 0005 1665561009465640 -30.0625 -59.5 3.5711072741977725 0 
0003 0010 1665561009467402 -8.9375 -57.5 1.8837284075235674 0 
0003 0000 1665561009516732 -13.5625 -78.5 1.1780972450961724 0 
0003 0004 1665561009565350 -8.9375 -57.5 3.6017868899554855 0 
0003 0011 1665561009567043 56.125 -62.0 2.6016314162540475 0 
0003 0001 1665561009568222 -74.0 -70.0 3.117048960983623 0 
0003 0009 1665561009569164 -234.3125 -68.0 3.393165502803038 0 
0003 0012 1665561009570516 169.25 -73.0 4.270602513473625 0 
0003 0005 1665561009571879 13.0 -59.5 3.5281558121369745 0 
0003 0010 1665561009573013 0.0 -58.0 1.8837284075235674 0 
0003 0014 1665561009575387 -91.125 -57.5 4.037437433715008 0 
0003 0008 1665561009579050 -26.0 -55.5 4.135612204139688 0 
0003 0013 1665561009580820 -139.125 -71.0 2.435961491162398 0 
0003 0002 1665561009582324 -4.0625 -62.5 1.932815792735908 0 
0003 0015 1665561009583821 4.0625 -63.5 2.6998061866787286 0 
0003 0006 1665561009585390 0.0 -67.5 0.3190680038802134 0 
0003 0007 1665561009586307 69.125 -64.5 3.767456815047135 0 
0003 0000 1665561009635460 12.8125 -78.0 0.9326603190344698 0 
0003 0009 1665561009689482 -26.0 -67.5 3.2520392703175593 0 
0003 0014 1665561009690407 -17.0625 -57.0 3.9515345095934116 0 
0003 0011 1665561009691264 -74.0 -61.5 2.773437264497239 0 
0003 0015 1665561009692149 -21.9375 -63.5 2.761165418194154 0 
0003 0012 1665561009693106 -43.125 -73.0 4.3503695144436785 0 
0003 0010 1665561009695208 30.0625 -58.0 1.8714565612204823 0 
0003 0002 1665561009696387 121.25 -63.0 1.7916895602504288 0 
0003 0005 1665561009697354 -21.9375 -59.5 3.5772431973493153 0 
0003 0008 1665561009698351 -34.9375 -55.5 4.1601558967458585 0 
0003 0001 1665561009699263 -34.9375 -71.0 3.08636934522591 0 
0003 0004 1665561009700782 -21.9375 -57.0 3.6386024288647407 0 
0003 0013 1665561009702579 26.0 -71.0 2.227340104009951 0 
0003 0007 1665561009703504 -21.9375 -64.5 3.822680123411018 0 
0003 0006 1665561009704572 -28.4375 -67.0 0.2761165418194154 0 
0003 0000 1665561009741803 5.4375 -78.0 0.9817477042468103 0 
0003 0001 1665561009801232 -212.375 -69.5 3.117048960983623 0 
0003 0005 1665561009802836 -56.125 -59.0 3.6079228131070282 0 
0003 0012 1665561009804843 -113.0625 -72.5 4.466952054322987 0 
0003 0015 1665561009805998 30.0625 -63.0 2.6998061866787286 0 
0003 0014 1665561009806922 -30.0625 -57.5 3.9576704327449543 0 
0003 0008 1665561009808298 -17.0625 -55.5 4.147884050442774 0 
0003 0011 1665561009809664 43.125 -62.0 2.6568547246179306 0 
0003 0002 1665561009810603 13.0 -62.5 1.932815792735908 0 
0003 0010 1665561009811500 -17.0625 -58.0 1.9082721001297376 0 
0003 0004 1665561009812427 -52.0625 -57.5 3.650874275167826 0 
0003 0009 1665561009814204 -61.0 -68.0 3.1784081924990484 0 
0003 0006 1665561009815128 52.0625 -67.5 0.09203884727313846 0 
0003 0007 1665561009816264 21.9375 -65.0 3.8410878928656453 0 
0003 0013 1665561009817660 -74.0 -71.5 2.423689644859313 0 
0003 0000 1665561009838106 11.4375 -77.5 3.9392626632903265 0 
0003 0006 1665561009909225 74.0 -67.5 0.1902136176978195 0 
0003 0014 1665561009910603 -30.0625 -57.5 3.9822141253511245 0 
0003 0005 1665561009911767 -8.9375 -59.0 3.5588354278946874 0 
0003 0011 1665561009912683 52.0625 -62.5 2.5954954931025047 0 
0003 0012 1665561009913822 -338.5 -72.0 4.7860200582032 0 
0003 0008 1665561009914745 26.0 -55.0 4.123340357836604 0 
0003 0015 1665561009917087 0.0 -63.0 2.773437264497239 0 
0003 0009 1665561009918242 -17.0625 -67.5 3.2336315008629315 0 
0003 0001 1665561009919149 0.0 -68.5 3.0066023442558567 0 
0003 0010 1665561009920533 26.0 -58.0 1.8530487917658545 0 
0003 0004 1665561009922899 -34.9375 -57.5 3.6324665057131984 0 
0003 0002 1665561009925383 -26.0 -62.5 1.9880391010997909 0 
0003 0007 1665561009926395 -34.9375 -64.5 3.859495662320273 0 
0003 0013 1665561009928149 -78.0625 -72.5 2.1230294104337273 0 
0003 0000 1665561009973766 -5.4375 -78.0 1.0799224746714913 0 
0003 0008 1665561010027992 -26.0 -55.5 4.190835512503572 0 
0003 0012 1665561010029386 195.25 -72.5 4.178563666200486 0 
0003 0004 1665561010030267 -13.0 -57.5 3.6324665057131984 0 
0003 0015 1665561010031704 -61.0 -63.0 2.791845033951867 0 
0003 0010 1665561010033366 17.0625 -58.0 1.8837284075235674 0 
0003 0009 1665561010034489 -74.0 -68.0 3.3195344249845276 0 
0003 0011 1665561010036002 -108.1875 -62.0 2.779573187648782 0 
0003 0014 1665561010037494 -21.9375 -57.5 3.9822141253511245 0 
0003 0002 1665561010038406 -26.0 -63.0 2.0064468705544187 0 
0003 0013 1665561010039998 -82.1875 -71.0 2.184388641949153 0 
0003 0007 1665561010041330 -69.125 -64.5 3.9208548938356986 0 
0003 0005 1665561010042183 -13.0 -59.0 3.6017868899554855 0 
0003 0006 1665561010043076 4.875 -67.5 0.3190680038802134 0 
0003 0001 1665561010044637 -8.9375 -70.5 3.2336315008629315 0 
0003 0000 1665561010078644 0.0 -77.5 1.1596894756415448 0 
0003 0009 1665561010140239 17.0625 -66.5 3.2397674240144743 0 
0003 0010 1665561010141195 48.0 -57.5 1.8530487917658545 0 
0003 0007 1665561010142092 -104.125 -64.5 4.049709280018092 0 
0003 0006 1665561010143725 127.75 -68.0 0.14112623248547898 0 
0003 0011 1665561010144876 4.0625 -62.0 2.7120780329818137 0 
0003 0015 1665561010146275 -52.0625 -63.5 2.8532042654672924 0 
0003 0005 1665561010147509 -17.0625 -59.5 3.5956509668039427 0 
0003 0002 1665561010149466 4.0625 -63.5 1.9512235621905356 0 
0003 0014 1665561010151344 -52.0625 -57.5 3.9822141253511245 0 
0003 0004 1665561010152507 8.9375 -57.0 3.6017868899554855 0 
0003 0008 1665561010153915 -34.9375 -55.5 4.2092432819582 0 
0003 0001 1665561010154868 56.125 -69.5 3.067961575771282 0 
0003 0013 1665561010159487 173.3125 -72.5 2.1966604882522383 0 
0003 0012 1665561010161492 -212.375 -73.0 4.571262747899211 0 
0003 0000 1665561010213206 -12.3125 -78.0 1.1596894756415448 0 
0003 0011 1665561010262351 -95.1875 -62.0 2.8286605728611223 0 
0003 0014 1665561010263475 -30.0625 -57.0 3.9822141253511245 0 
0003 0015 1665561010265110 8.9375 -63.0 2.724349879284899 0 
0003 0005 1665561010267045 13.0 -59.0 3.5772431973493153 0 
0003 0010 1665561010267941 -4.0625 -58.0 1.9389517158874505 0 
0003 0004 1665561010268867 -13.0 -57.0 3.6324665057131984 0 
0003 0008 1665561010269763 -21.9375 -55.5 4.215379205109742 0 
0003 0001 1665561010272359 -17.0625 -69.5 3.0925052683774528 0 
0003 0007 1665561010273984 -34.9375 -65.0 3.9760782021995817 0 
0003 0013 1665561010276546 82.1875 -71.5 2.172116795646068 0 
0003 0002 1665561010277442 -48.0 -63.0 2.012582793705961 0 
0003 0006 1665561010279638 56.9375 -68.5 0.30066023442558565 0 
0003 0009 1665561010281780 0.0 -68.0 3.2090878082567613 0 
0003 0012 1665561010287169 -121.25 -71.5 4.601942363656923 0 
0003 0000 1665561010308069 3.1875 -77.0 4.080388895775806 0 
0003 0004 1665561010378412 -30.0625 -57.5 3.6815538909255388 0 
0003 0001 1665561010380258 169.25 -69.5 2.8961557275280905 0 
0003 0014 1665561010382020 -30.0625 -57.5 3.9760782021995817 0 
0003 0007 1665561010382946 -61.0 -64.5 3.9760782021995817 0 
0003 0011 1665561010384070 21.9375 -62.0 2.675262494072558 0 
0003 0010 1665561010384992 0.0 -58.0 1.9266798695843652 0 
0003 0005 1665561010386402 -4.0625 -59.5 3.5895150436524004 0 
0003 0008 1665561010387584 -26.0 -55.0 4.23378697456437 0 
0003 0009 1665561010388710 -52.0625 -67.5 3.2213596545598464 0 
0003 0012 1665561010390475 134.25 -71.0 4.344233591292136 0 
0003 0006 1665561010391652 -132.625 -67.5 0.380427235395639 0 
0003 0013 1665561010392552 156.1875 -72.5 2.055534255766759 0 
0003 0015 1665561010394556 8.9375 -63.0 2.748893571891069 0 
0003 0002 1665561010395936 -21.9375 -63.5 1.9512235621905356 0 
0003 0000 1665561010411743 10.5 -77.0 4.166291819897402 0 
0003 0005 1665561010488665 13.0 -59.5 3.5711072741977725 0 
0003 0007 1665561010489607 43.125 -64.5 3.80427235395639 0 
0003 0011 1665561010491102 43.125 -62.5 2.6875343403756435 0 
0003 0015 1665561010492496 74.0 -63.0 2.6875343403756435 0 
0003 0002 1665561010493673 69.125 -63.0 1.88986433067511 0 
0003 0010 1665561010494597 -8.9375 -58.0 1.9266798695843652 0 
0003 0004 1665561010495537 -69.125 -57.5 3.718369429834794 0 
0003 0006 1665561010496462 189.5625 -67.5 0.0674951546669682 0 
0003 0001 1665561010498123 -204.25 -69.0 3.2888548092268146 0 
0003 0008 1665561010500178 -30.0625 -55.0 4.25833066717054 0 
0003 0014 1665561010501700 -65.0625 -57.5 4.031301510563465 0 
0003 0013 1665561010502898 -264.4375 -71.0 2.509592568980909 0 
0003 0009 1665561010504164 -95.1875 -67.0 3.3011266555298997 0 
0003 0000 1665561010534737 -11.4375 -77.0 4.178563666200486 0 
0003 0007 1665561010603198 -113.0625 -64.5 4.031301510563465 0 
0003 0004 1665561010605235 -61.0 -57.5 3.6999616603801666 0 
0003 0014 1665561010606086 4.0625 -57.0 3.9269908169872414 0 
0003 0005 1665561010607266 26.0 -59.0 3.5711072741977725 0 
0003 0008 1665561010608446 -56.125 -55.0 4.252194744018997 0 
0003 0015 1665561010609376 30.0625 -63.5 2.6998061866787286 0 
0003 0010 1665561010613861 17.0625 -58.0 1.8960002538266525 0 
0003 0002 1665561010615654 56.125 -63.0 1.8837284075235674 0 
0003 0009 1665561010618222 0.0 -68.0 3.2459033471660166 0 
0003 0011 1665561010619154 -26.0 -62.5 2.7120780329818137 0 
0003 0006 1665561010620077 -90.3125 -68.0 0.4049709280018093 0 
0003 0001 1665561010622490 -34.9375 -69.5 3.2643111166206444 0 
0003 0012 1665561010634802 -321.4375 -71.5 4.663301595172349 0 
0003 0000 1665561010655193 17.8125 -76.5 4.06811704947272 0 
0003 0011 1665561010725931 39.0 -62.5 2.6813984172241008 0 
0003 0009 1665561010726814 -43.125 -68.0 3.2827188860752723 0 
0003 0008 1665561010728576 -8.9375 -55.0 4.221515128261284 0 
0003 0015 1665561010729974 -65.0625 -63.0 2.859340188618835 0 
0003 0010 1665561010731353 -13.0 -58.0 1.902136176978195 0 
0003 0006 1665561010732278 161.125 -68.0 0.07976700097005335 0 
0003 0002 1665561010733723 8.9375 -62.5 1.9266798695843652 0 
0003 0005 1665561010734650 -56.125 -59.5 3.6447383520162835 0 
0003 0013 1665561010735581 100.0625 -72.0 2.184388641949153 0 
0003 0012 1665561010739041 -295.375 -72.0 4.638757902566179 0 
0003 0001 1665561010739949 87.0625 -69.0 3.0250101137104846 0 
0003 0014 1665561010740870 -8.9375 -57.0 3.9515345095934116 0 
0003 0004 1665561010741823 8.9375 -57.5 3.6140587362585705 0 
0003 0007 1665561010742896 -30.0625 -64.5 3.877903431774901 0 
0003 0000 1665561010762624 -6.5 -77.0 1.0983302441261191 0 
0003 0011 1665561010833164 30.0625 -61.5 2.724349879284899 0 
0003 0010 1665561010834061 61.0 -58.5 1.8407769454627694 0 
0003 0002 1665561010834957 -39.0 -62.5 2.055534255766759 0 
0003 0009 1665561010837366 34.9375 -66.5 3.3011266555298997 0 
0003 0014 1665561010840813 -69.125 -57.5 3.988350048502667 0 
0003 0007 1665561010841880 4.0625 -64.5 3.859495662320273 0 
0003 0005 1665561010843328 -13.0 -59.5 3.56497135104623 0 
0003 0001 1665561010845017 -4.0625 -70.0 3.0372819600135696 0 
0003 0015 1665561010846075 -21.9375 -63.5 2.816388726558037 0 
0003 0004 1665561010846957 -82.1875 -57.0 3.785864584501762 0 
0003 0008 1665561010847853 -30.0625 -55.0 4.227651051412827 0 
0003 0006 1665561010848764 132.625 -69.5 0.09203884727313846 0 
0003 0012 1665561010851347 -143.1875 -72.5 4.387185053352934 0 
0003 0013 1665561010874327 2.4375 -74.0 2.3009711818284617 0 
0003 0000 1665561010879464 -5.625 -77.5 4.344233591292136 0 
0003 0010 1665561010948473 21.9375 -58.0 1.9144080232812801 0 
0003 0014 1665561010949370 -26.0 -57.0 3.9638063558964967 0 
0003 0011 1665561010950567 -30.0625 -62.0 2.779573187648782 0 
0003 0005 1665561010951493 -30.0625 -59.5 3.5711072741977725 0 
0003 0009 1665561010952843 -117.125 -66.5 3.393165502803038 0 
0003 0004 1665561010954445 8.9375 -57.0 3.663146121470911 0 
0003 0002 1665561010956333 8.9375 -62.5 1.9819031779482483 0 
0003 0008 1665561010957498 -4.0625 -54.5 4.2092432819582 0 
0003 0012 1665561010961812 169.25 -70.5 4.031301510563465 0 
0003 0001 1665561010962838 -26.0 -70.0 3.160000423044421 0 
0003 0006 1665561010963975 80.5625 -70.0 0.17794177139473438 0 
0003 0015 1665561010967316 -95.1875 -63.0 2.7979809571034093 0 
0003 0007 1665561010968710 -78.0625 -64.5 3.9822141253511245 0 
0003 0013 1665561011000136 5.625 -73.5 5.577554144752192 0 
0003 0000 1665561011011054 -18.75 -77.5 4.252194744018997 0 
0003 0001 1665561011078475 -247.375 -70.0 3.380893656499953 0 
0003 0005 1665561011079383 -26.0 -59.5 3.6017868899554855 0 
0003 0009 1665561011081074 13.0 -66.5 3.184544115650591 0 
0003 0002 1665561011082012 17.0625 -62.5 1.945087639038993 0 
0003 0011 1665561011082950 0.0 -61.5 2.675262494072558 0 
0003 0008 1665561011084376 -30.0625 -55.0 4.2092432819582 0 
0003 0010 1665561011085556 21.9375 -58.0 1.9266798695843652 0 
0003 0014 1665561011086707 -8.9375 -57.0 3.9638063558964967 0 
0003 0006 1665561011087973 99.25 -69.0 0.32520392703175593 0 
0003 0015 1665561011088873 -34.9375 -63.0 2.761165418194154 0 
0003 0004 1665561011090274 0.0 -57.0 3.6754179677739964 0 
0003 0007 1665561011091135 -52.0625 -64.0 3.9085830475326135 0 
0003 0012 1665561011095757 -160.3125 -72.0 4.356505437595221 0 
0003 0013 1665561011099909 347.4375 -72.5 1.945087639038993 0 
0003 0000 1665561011145057 0.0 -78.0 4.0987966652304335 0 
0003 0010 1665561011195906 17.0625 -58.0 1.932815792735908 0 
0003 0014 1665561011197254 -8.9375 -57.5 3.9208548938356986 0 
0003 0015 1665561011198382 -61.0 -62.5 2.724349879284899 0 
0003 0008 1665561011199519 -39.0 -54.5 4.196971435655114 0 
0003 0004 1665561011200668 4.0625 -57.0 3.663146121470911 0 
0003 0009 1665561011202092 78.0625 -66.5 3.141592653589793 0 
0003 0011 1665561011203995 8.9375 -61.5 2.7120780329818137 0 
0003 0002 1665561011204923 -26.0 -62.5 1.9573594853420782 0 
0003 0005 1665561011206361 -108.1875 -59.5 3.706097583531709 0 
0003 0006 1665561011207299 30.0625 -70.0 0.4356505437595221 0 
0003 0001 1665561011210805 -74.0 -70.5 3.1354567304382504 0 
0003 0007 1665561011213483 4.0625 -64.0 3.8840393549264434 0 
0003 0012 1665561011215281 -195.25 -72.5 4.614214209960009 0 
0003 0013 1665561011242251 17.0625 -74.5 5.6573211457222445 0 
0003 0000 1665561011254983 -3.0 -77.5 1.0921943209745766 0 
0003 0007 1665561011324427 -126.125 -64.5 4.031301510563465 0 
0003 0001 1665561011325664 95.1875 -69.5 3.0250101137104846 0 
0003 0002 1665561011326546 26.0 -63.0 1.9144080232812801 0 
0003 0008 1665561011327967 -56.125 -55.0 4.221515128261284 0 
0003 0015 1665561011329138 -65.0625 -62.5 2.693670263527186 0 
0003 0009 1665561011332181 26.0 -67.5 3.1354567304382504 0 
0003 0006 1665561011333525 47.1875 -69.0 0.46019423636569234 0 
0003 0004 1665561011334774 -8.9375 -57.0 3.6324665057131984 0 
0003 0014 1665561011335700 -26.0 -57.5 3.9392626632903265 0 
0003 0011 1665561011337105 -21.9375 -61.5 2.6875343403756435 0 
0003 0010 1665561011339179 34.9375 -58.0 1.9144080232812801 0 
0003 0012 1665561011340917 -308.375 -71.5 4.571262747899211 0 
0003 0005 1665561011343289 17.0625 -59.5 3.5465635815916023 0 
0003 0013 1665561011371063 -14.625 -74.5 5.773903685601553 0 
0003 0000 1665561011385313 6.375 -78.0 4.184699589352029 0 
0003 0011 1665561011444784 -30.0625 -61.5 2.705942109830271 0 
0003 0009 1665561011446518 -87.0625 -68.0 3.3624858870453256 0 
0003 0005 1665561011447499 -13.0 -59.5 3.5711072741977725 0 
0003 0006 1665561011448409 -137.5 -68.5 0.4908738521234052 0 
0003 0001 1665561011449266 399.5625 -69.5 2.650718801466388 0 
0003 0004 1665561011450133 -39.0 -57.5 3.6876898140770815 0 
0003 0012 1665561011451048 -303.5 -72.5 4.485359823777615 0 
0003 0015 1665561011452257 -87.0625 -63.0 2.736621725587984 0 
0003 0002 1665561011454850 -17.0625 -63.0 1.9819031779482483 0 
0003 0014 1665561011455889 8.9375 -57.0 3.9208548938356986 0 
0003 0007 1665561011457044 -104.125 -64.5 3.9638063558964967 0 
0003 0008 1665561011457979 8.9375 -55.0 4.172427743048944 0 
0003 0010 1665561011460927 0.0 -58.0 1.9205439464328227 0 
0003 0013 1665561011481668 31.6875 -74.0 5.66959299202533 0 
0003 0000 1665561011524712 4.6875 -77.5 1.0185632431560658 0 
0003 0004 1665561011574429 -34.9375 -57.5 3.650874275167826 0 
0003 0007 1665561011575370 -130.1875 -64.5 3.9453985864418692 0 
0003 0009 1665561011576252 -65.0625 -67.5 3.2704470397721868 0 
0003 0001 1665561011578127 217.25 -68.5 2.791845033951867 0 
0003 0010 1665561011579004 0.0 -58.0 1.9144080232812801 0 
0003 0008 1665561011580174 -13.0 -55.5 4.135612204139688 0 
0003 0015 1665561011581076 -52.0625 -63.0 2.5770877236478773 0 
0003 0002 1665561011582379 56.125 -62.5 1.8775924843720249 0 
0003 0011 1665561011583545 4.0625 -61.5 2.675262494072558 0 
0003 0014 1665561011584497 0.0 -57.5 3.9085830475326135 0 
0003 0005 1665561011586164 -4.0625 -59.5 3.552699504743145 0 
0003 0006 1665561011591455 -75.625 -68.5 0.4908738521234052 0 
0003 0012 1665561011592750 -21.9375 -71.0 4.061981126321178 0 
0003 0013 1665561011594589 113.0625 -72.5 2.9145634969827183 0 
0003 0000 1665561011629573 0.875 -78.0 4.086524818927348 0 
0003 0005 1665561011691069 -34.9375 -59.0 3.56497135104623 0 
0003 0007 1665561011691939 -108.1875 -64.0 3.9208548938356986 0 
0003 0015 1665561011693333 17.0625 -62.5 2.6261751088602177 0 
0003 0006 1665561011694244 -132.625 -68.5 0.619728238305799 0 
0003 0014 1665561011695608 -52.0625 -57.0 3.9944859716542096 0 
0003 0010 1665561011697494 26.0 -57.5 1.8285050991596843 0 
0003 0009 1665561011699837 26.0 -68.0 3.098641191528995 0 
0003 0004 1665561011701243 -26.0 -57.5 3.5833791205008576 0 
0003 0002 1665561011702446 -65.0625 -63.0 2.0064468705544187 0 
0003 0008 1665561011704306 -43.125 -55.5 4.184699589352029 0 
0003 0011 1665561011707247 13.0 -62.0 2.6568547246179306 0 
0003 0013 1665561011708164 165.1875 -72.0 2.5586799541932495 0 
0003 0001 1665561011709316 48.0 -69.0 2.8838838812250054 0 
0003 0012 1665561011710244 -121.25 -71.5 4.227651051412827 0 
0003 0000 1665561011783502 4.875 -77.5 1.055378782065321 0 
0003 0004 1665561011808044 -26.0 -57.0 3.522019888985432 0 
0003 0013 1665561011809828 104.125 -72.0 2.7120780329818137 0 
0003 0009 1665561011811307 -56.125 -67.5 3.2397674240144743 0 
0003 0001 1665561011812217 -91.125 -69.0 2.9575149590435164 0 
0003 0008 1665561011813413 -34.9375 -56.5 4.1417481272912315 0 
0003 0002 1665561011814352 34.9375 -62.5 1.8346410223112268 0 
0003 0010 1665561011816239 -8.9375 -57.5 1.8775924843720249 0 
0003 0015 1665561011817847 21.9375 -62.5 2.5464081078901644 0 
0003 0007 1665561011819298 74.0 -64.5 3.7122335066832517 0 
0003 0005 1665561011820479 -43.125 -59.0 3.56497135104623 0 
0003 0014 1665561011821418 -26.0 -57.0 3.933126740138784 0 
0003 0011 1665561011822304 -52.0625 -62.5 2.6998061866787286 0 
0003 0006 1665561011823312 132.625 -68.5 0.3620194659410113 0 
0003 0012 1665561011824749 -78.0625 -71.0 3.7551849687440497 0 
0003 0000 1665561011975590 3.9375 -77.5 0.9019807032767571 0 
0003 0009 1665561011989437 30.0625 -68.5 3.227495577711389 0 
0003 0007 1665561011990919 -61.0 -64.5 3.8840393549264434 0 
0003 0010 1665561011991801 -21.9375 -58.0 1.8162332528565992 0 
0003 0001 1665561011992701 147.25 -71.0 2.742757648739526 0 
0003 0008 1665561011993554 -26.0 -56.0 4.074252972624263 0 
0003 0006 1665561011994464 99.25 -68.5 0.3374757733348411 0 
0003 0004 1665561011995885 -13.0 -57.5 3.5465635815916023 0 
0003 0014 1665561011997561 -26.0 -57.0 3.9760782021995817 0 
0003 0013 1665561012000172 147.25 -72.5 2.405281875404685 0 
0003 0011 1665561012001112 -4.0625 -62.0 2.6200391857086753 0 
0003 0005 1665561012003989 -30.0625 -59.0 3.479068426924634 0 
0003 0002 1665561012005837 74.0 -62.0 1.7671458676442586 0 
0003 0015 1665561012006737 -26.0 -63.0 2.6261751088602177 0 
0003 0012 1665561012027106 14.625 -74.0 0.9878836273983529 0 
0003 0000 1665561012092632 1.125 -77.5 0.8651651643675016 0 
0003 0010 1665561012113077 -8.9375 -58.0 1.846912868614312 0 
0003 0011 1665561012115056 -21.9375 -62.0 2.6875343403756435 0 
0003 0007 1665561012115968 -39.0 -65.0 3.865631585471816 0 
0003 0005 1665561012117104 -4.0625 -58.5 3.3747577333484107 0 
0003 0015 1665561012118319 -56.125 -62.5 2.724349879284899 0 
0003 0014 1665561012119907 -13.0 -57.0 3.988350048502667 0 
0003 0009 1665561012121338 17.0625 -67.5 3.3195344249845276 0 
0003 0008 1665561012123298 -17.0625 -56.0 4.049709280018092 0 
0003 0002 1665561012124196 -65.0625 -63.0 1.8653206380689396 0 
0003 0001 1665561012125119 95.1875 -70.0 2.7979809571034093 0 
0003 0004 1665561012126524 -4.0625 -57.5 3.5588354278946874 0 
0003 0006 1665561012128116 4.875 -68.5 0.3313398501832985 0 
0003 0012 1665561012129033 -212.375 -71.5 4.503767593232243 0 
0003 0013 1665561012146789 12.9375 -74.5 2.3930100291016 0 
0003 0000 1665561012208185 3.5625 -77.5 0.8651651643675016 0 
0003 0008 1665561012233783 -30.0625 -55.5 4.0558452031696355 0 
0003 0004 1665561012234747 8.9375 -57.5 3.497476196379262 0 
0003 0005 1665561012236638 -82.1875 -58.5 3.497476196379262 0 
0003 0010 1665561012237791 -30.0625 -58.0 1.8039614065535141 0 
0003 0012 1665561012238691 -286.4375 -70.0 4.448544284868359 0 
0003 0015 1665561012240793 30.0625 -62.5 2.6323110320117604 0 
0003 0014 1665561012242890 -43.125 -57.0 4.031301510563465 0 
0003 0011 1665561012243789 61.0 -62.0 2.5341362615870793 0 
0003 0001 1665561012245934 91.125 -69.5 2.748893571891069 0 
0003 0002 1665561012246860 104.125 -62.5 1.7303303287350031 0 
0003 0009 1665561012248237 -13.0 -68.0 3.1661363461959633 0 
0003 0006 1665561012249403 -28.4375 -69.0 0.3374757733348411 0 
0003 0007 1665561012253418 -78.0625 -65.0 3.8963112012295285 0 
0003 0013 1665561012279290 -24.375 -74.0 5.773903685601553 0 
0003 0000 1665561012302393 -6.8125 -78.0 4.049709280018092 0 
0003 0010 1665561012354266 17.0625 -58.0 1.7241944055834606 0 
0003 0014 1665561012358547 -26.0 -57.5 4.000621894805752 0 
0003 0002 1665561012359894 82.1875 -62.5 1.7794177139473437 0 
0003 0007 1665561012360764 104.125 -64.5 3.7429131224409646 0 
0003 0012 1665561012362445 -143.1875 -72.0 4.473087977474529 0 
0003 0004 1665561012364598 -43.125 -58.0 3.5342917352885173 0 
0003 0009 1665561012365509 -26.0 -68.5 3.129320807286708 0 
0003 0011 1665561012366382 -65.0625 -63.0 2.718213956133356 0 
0003 0006 1665561012368678 189.5625 -68.5 0.18407769454627693 0 
0003 0008 1665561012369985 -26.0 -55.5 4.074252972624263 0 
0003 0005 1665561012370880 4.0625 -59.0 3.368621810196868 0 
0003 0015 1665561012372262 -30.0625 -62.5 2.6568547246179306 0 
0003 0013 1665561012373599 -74.0 -71.0 2.5034566458293663 0 
0003 0001 1665561012374498 -134.25 -69.5 2.9513790358919736 0 
0003 0000 1665561012420515 -2.125 -78.0 0.8160777791551611 0 
0003 0013 1665561012471408 -113.0625 -71.0 2.5709518004963345 0 
0003 0007 1665561012472984 -48.0 -64.5 3.847223816017188 0 
0003 0002 1665561012473935 -4.0625 -62.5 1.7794177139473437 0 
0003 0011 1665561012475061 48.0 -63.0 2.6323110320117604 0 
0003 0004 1665561012477205 -34.9375 -58.0 3.4606606574700063 0 
0003 0014 1665561012478399 -30.0625 -57.0 3.9944859716542096 0 
0003 0010 1665561012480244 -4.0625 -58.0 1.7119225592803755 0 
0003 0008 1665561012481667 -26.0 -55.5 4.04357335686655 0 
0003 0006 1665561012483782 66.6875 -69.0 0.17794177139473438 0 
0003 0009 1665561012484737 -30.0625 -68.0 3.067961575771282 0 
0003 0005 1665561012488496 -65.0625 -59.0 3.454524734318464 0 
0003 0015 1665561012489651 78.0625 -62.5 2.5893595699509624 0 
0003 0001 1665561012492840 43.125 -70.0 2.7857091108003242 0 
0003 0012 1665561012519839 -9.75 -73.5 4.178563666200486 0 
0003 0000 1665561012563832 13.5625 -78.0 0.6933593161243098 0 
0003 0005 1665561012606973 0.0 -58.5 3.356349963893783 0 
0003 0011 1665561012607876 -13.0 -62.0 2.675262494072558 0 
0003 0004 1665561012608815 -17.0625 -58.0 3.436116964863836 0 
0003 0001 1665561012609713 -160.3125 -70.0 2.8409324191642074 0 
0003 0002 1665561012611274 39.0 -63.0 1.7548740213411735 0 
0003 0007 1665561012613136 -13.0 -64.5 3.8288160465625602 0 
0003 0006 1665561012614287 -39.0 -69.0 0.2761165418194154 0 
0003 0010 1665561012615449 -4.0625 -57.5 1.6751070203711202 0 
0003 0008 1665561012617098 -30.0625 -56.0 4.0128937411088375 0 
0003 0015 1665561012618990 -74.0 -63.0 2.7979809571034093 0 
0003 0014 1665561012620865 -52.0625 -57.5 3.9944859716542096 0 
0003 0009 1665561012626455 -169.25 -67.5 3.3011266555298997 0 
0003 0013 1665561012627343 178.1875 -70.0 2.3193789512830896 0 
0003 0012 1665561012654066 -4.0625 -74.0 4.295146206079795 0 
0003 0000 1665561012663065 -15.25 -78.0 4.006757817957295 0 
0003 0007 1665561012726627 34.9375 -64.5 3.773592738198677 0 
0003 0009 1665561012728900 104.125 -67.5 2.84706834231575 0 
0003 0004 1665561012729796 -61.0 -58.0 3.472932503773092 0 
0003 0008 1665561012730946 -17.0625 -56.0 3.9822141253511245 0 
0003 0015 1665561012731875 -26.0 -63.5 2.6568547246179306 0 
0003 0014 1665561012733294 -13.0 -57.5 3.9392626632903265 0 
0003 0006 1665561012734217 70.75 -68.5 0.09817477042468103 0 
0003 0005 1665561012735398 30.0625 -59.0 3.3072625786814425 0 
0003 0011 1665561012736285 61.0 -63.0 2.521864415283994 0 
0003 0010 1665561012737224 17.0625 -58.0 1.6812429435226628 0 
0003 0002 1665561012740813 43.125 -63.0 1.6812429435226628 0 
0003 0013 1665561012742591 17.0625 -70.5 2.6139032625571326 0 
0003 0001 1665561012743515 -23.5625 -69.5 2.60776733940559 0 
0003 0012 1665561012761254 -3.1875 -75.0 1.0799224746714913 0 
0003 0000 1665561012783499 -13.5625 -78.5 3.9822141253511245 0 
0003 0008 1665561012842256 4.0625 -56.0 3.9822141253511245 0 
0003 0001 1665561012843212 43.125 -70.0 2.662990647769473 0 
0003 0015 1665561012844168 34.9375 -63.0 2.6813984172241008 0 
0003 0009 1665561012845521 -130.1875 -68.0 3.215223731408304 0 
0003 0011 1665561012847209 0.0 -62.5 2.6200391857086753 0 
0003 0013 1665561012849369 329.5625 -71.5 1.9757672547967058 0 
0003 0010 1665561012850531 8.9375 -58.0 1.6812429435226628 0 
0003 0006 1665561012851910 42.3125 -67.5 0.12885438618239387 0 
0003 0005 1665561012852807 -52.0625 -59.0 3.3870295796514958 0 
0003 0014 1665561012858669 -52.0625 -57.5 4.0128937411088375 0 
0003 0004 1665561012859535 26.0 -57.5 3.380893656499953 0 
0003 0002 1665561012860717 117.125 -63.0 1.6260196351587797 0 
0003 0007 1665561012862366 26.0 -65.5 3.718369429834794 0 
0003 0012 1665561012882236 19.5 -74.5 1.1228739367322893 0 
0003 0000 1665561012910515 -8.0625 -78.0 4.025165587411922 0 
0003 0011 1665561012962114 17.0625 -63.0 2.5770877236478773 0 
0003 0008 1665561012963536 -26.0 -55.5 3.988350048502667 0 
0003 0005 1665561012965271 -30.0625 -59.0 3.3440781175906977 0 
0003 0002 1665561012966210 -74.0 -63.0 1.7978254834019713 0 
0003 0004 1665561012967375 13.0 -58.0 3.356349963893783 0 
0003 0006 1665561012968535 0.0 -68.5 0.1349903093339364 0 
0003 0007 1665561012969466 -21.9375 -64.5 3.773592738198677 0 
0003 0009 1665561012970393 -91.125 -67.5 3.104777114680538 0 
0003 0014 1665561012971785 -39.0 -57.5 3.9944859716542096 0 
0003 0013 1665561012972686 -152.125 -70.5 2.5586799541932495 0 
0003 0010 1665561012973582 -13.0 -58.0 1.7119225592803755 0 
0003 0015 1665561012974737 39.0 -62.5 2.675262494072558 0 
0003 0001 1665561012976501 95.1875 -70.5 2.5586799541932495 0 
0003 0012 1665561012997207 18.75 -74.5 1.0246991663076084 0 
0003 0000 1665561013038764 -4.25 -78.5 3.9638063558964967 0 
