0003 0005 1665651888754722 82.1875 -65.0 4.675573441475434 20 
0003 0007 1665651888756116 39.0 -64.5 5.577554144752192 20 
0003 0015 1665651888788683 15.0 -74.5 5.43029198911517 20 
0003 0014 1665651888801258 1.625 -72.0 0.521553467881118 20 
0003 0006 1665651888804747 -9.75 -73.5 0.02454369260617026 20 
0003 0012 1665651888811709 10.5 -77.5 4.442408361716817 20 
0003 0003 1665651888835814 9.0 -77.5 0.8467573949128739 20 
0003 0007 1665651888894049 -8.9375 -65.0 5.608233760509904 20 
0003 0011 1665651888895470 -100.0625 -64.5 4.908738521234052 20 
0003 0006 1665651888896412 208.3125 -72.0 6.080699843178682 20 
0003 0005 1665651888897521 -121.25 -65.0 4.970097752749477 20 
0003 0014 1665651888899169 52.0625 -70.0 0.4356505437595221 20 
0003 0015 1665651888901447 -360.5 -72.0 2.6568547246179306 20 
0003 0012 1665651888920890 7.3125 -78.0 4.516039439535327 20 
0003 0003 1665651888940130 -5.0 -77.0 0.8344855486097889 20 
0003 0007 1665651889013857 -34.9375 -64.0 5.6143696836614465 20 
0003 0005 1665651889015082 -34.9375 -65.0 4.841243366567084 20 
0003 0011 1665651889016259 -4.0625 -65.0 4.853515212870168 20 
0003 0006 1665651889026517 -8.9375 -71.5 6.1850105367549055 20 
0003 0015 1665651889032605 156.1875 -72.0 1.7978254834019713 20 
0003 0012 1665651889053536 -34.125 -77.0 4.528311285838413 20 
0003 0014 1665651889056418 3.1875 -72.5 0.4970097752749477 20 
0003 0003 1665651889227591 4.875 -76.5 0.8160777791551611 20 
0003 0011 1665651889253528 48.0 -65.0 4.822835597112456 20 
0003 0007 1665651889254396 8.9375 -64.5 5.64504929941916 20 
0003 0006 1665651889255335 23.5625 -71.5 6.240233845118788 20 
0003 0005 1665651889257720 -26.0 -65.0 4.816699673960914 20 
0003 0015 1665651889283374 96.4375 -74.5 5.322913333963175 20 
0003 0014 1665651889291200 9.75 -72.5 0.4172427743048944 20 
0003 0012 1665651889297942 21.9375 -77.5 4.479223900626073 20 
0003 0003 1665651889343237 4.1875 -76.5 0.9081166264282996 20 
0003 0007 1665651889386770 21.9375 -65.0 5.626641529964532 20 
0003 0005 1665651889387700 -65.0625 -65.0 4.884194828627882 20 
0003 0011 1665651889390229 -34.9375 -65.5 4.816699673960914 20 
0003 0015 1665651889394763 -160.3125 -74.0 2.497320722677824 20 
0003 0006 1665651889443645 0.0 -74.0 0.01227184630308513 20 
0003 0014 1665651889445815 19.5 -72.5 0.4908738521234052 20 
0003 0012 1665651889448063 22.6875 -77.5 1.3437671701878218 20 
0003 0003 1665651889505346 -2.875 -77.0 0.9940195505498954 20 
0003 0005 1665651889530224 74.0 -65.5 4.76147636559703 20 
0003 0011 1665651889534254 -30.0625 -65.0 4.908738521234052 20 
0003 0007 1665651889535421 13.0 -65.0 5.626641529964532 20 
0003 0015 1665651889571756 1.625 -75.5 5.019185137961818 20 
0003 0006 1665651889575320 9.75 -73.0 6.2034183062095325 20 
0003 0012 1665651889579441 32.5 -78.0 4.28287435977671 20 
0003 0003 1665651889656198 3.125 -76.5 4.086524818927348 20 
0003 0005 1665651889669911 26.0 -65.5 4.816699673960914 20 
0003 0011 1665651889671598 8.9375 -65.5 4.792155981354743 20 
0003 0007 1665651889674789 -30.0625 -64.5 5.737088146692298 20 
0003 0006 1665651889678084 23.5625 -71.0 0.03681553890925539 20 
0003 0012 1665651889699338 -27.5625 -77.0 4.485359823777615 20 
0003 0015 1665651889706728 25.125 -75.5 4.71238898038469 20 
0003 0003 1665651889762853 5.75 -76.5 0.8651651643675016 20 
0003 0006 1665651889790639 42.3125 -73.0 0.0859029241215959 20 
0003 0007 1665651889791781 -156.1875 -65.0 5.902758071783947 20 
0003 0005 1665651889794281 -34.9375 -65.0 4.822835597112456 20 
0003 0011 1665651889796154 -56.125 -64.5 4.816699673960914 20 
0003 0015 1665651889811985 -40.25 -74.5 4.997709406931419 20 
0003 0012 1665651889821069 -9.75 -77.0 4.491495746929157 20 
0003 0006 1665651890110804 227.0 -71.5 6.215690152512618 20 
0003 0011 1665651890112735 -17.0625 -65.0 4.865787059173254 20 
0003 0007 1665651890113932 -13.0 -65.0 5.730952223540755 20 
0003 0005 1665651890114830 48.0 -65.5 4.767612288748572 20 
0003 0015 1665651890134596 -7.6875 -74.0 5.0345249458406744 20 
0003 0012 1665651890148421 17.8125 -76.5 4.503767593232243 20 
0003 0011 1665651890233768 82.1875 -64.5 4.706253057233147 20 
0003 0015 1665651890235506 -74.0 -72.5 1.9205439464328227 20 
0003 0005 1665651890236885 -74.0 -65.5 4.914874444385594 20 
0003 0007 1665651890238236 39.0 -65.0 5.651185222570702 20 
0003 0012 1665651890260485 15.375 -78.0 4.411728745959104 20 
0003 0006 1665651890265984 -8.0625 -74.0 0.22089323345553233 20 
0003 0007 1665651890346248 -52.0625 -65.0 5.792311455056181 20 
0003 0011 1665651890347998 100.0625 -65.0 4.6878452877785195 20 
0003 0005 1665651890350254 61.0 -65.5 4.73693267299086 20 
0003 0015 1665651890360759 1.1875 -74.5 4.936350175415993 20 
0003 0012 1665651890381443 -9.75 -77.5 4.6448938257177215 20 
0003 0006 1665651890383669 7.3125 -74.5 0.1902136176978195 20 
0003 0005 1665651890460644 -113.0625 -65.5 4.963961829597935 20 
0003 0007 1665651890461598 69.125 -65.5 5.553010452146021 20 
0003 0015 1665651890466638 -108.1875 -73.5 1.8837284075235674 20 
0003 0011 1665651890467564 95.1875 -64.0 4.6878452877785195 20 
0003 0006 1665651890494554 6.5 -74.0 0.1227184630308513 20 
0003 0012 1665651890500310 0.0 -78.0 4.681709364626977 20 
0003 0003 1665651890663369 -12.1875 -77.0 4.28287435977671 20 
0003 0007 1665651890670553 -21.9375 -65.0 5.66959299202533 20 
0003 0005 1665651890672788 43.125 -65.0 4.743068596142402 20 
0003 0011 1665651890675285 -152.125 -64.5 4.945554060143307 20 
0003 0015 1665651890676722 -34.9375 -74.0 1.4480778637640452 20 
0003 0006 1665651890679114 127.75 -72.5 0.030679615757712823 20 
0003 0012 1665651890706346 30.0 -77.0 4.405592822807561 20 
0003 0003 1665651890768646 0.625 -76.5 3.988350048502667 20 
0003 0006 1665651890792428 388.125 -74.5 6.1420590746941075 20 
0003 0007 1665651890793832 -95.1875 -65.0 5.675728915176872 20 
0003 0011 1665651890794715 65.0625 -65.0 4.6878452877785195 20 
0003 0005 1665651890795920 17.0625 -65.0 4.792155981354743 20 
0003 0015 1665651890821864 -18.75 -76.0 1.509437095279471 20 
0003 0006 1665651890826097 -10.5 -73.5 0.1902136176978195 20 
0003 0012 1665651890828999 21.9375 -77.5 1.4419419406125027 20 
0003 0003 1665651890881265 -10.625 -76.5 4.2031073588066565 20 
0003 0005 1665651890912888 4.0625 -66.0 4.847379289718626 20 
0003 0011 1665651890916467 -26.0 -65.0 4.755340442445488 20 
0003 0007 1665651890918233 -26.0 -65.5 5.773903685601553 20 
0003 0006 1665651890920628 236.75 -72.5 0.04908738521234052 20 
0003 0015 1665651890952076 -6.5 -75.5 4.620350133111551 20 
0003 0006 1665651890961075 5.625 -74.5 0.28225246497095796 20 
0003 0012 1665651890975701 68.3125 -77.0 4.264466590322082 20 
0003 0003 1665651891036665 1.125 -76.5 0.8897088569736719 20 
0003 0011 1665651891058094 56.125 -65.5 4.73693267299086 20 
0003 0005 1665651891060243 -17.0625 -66.0 4.884194828627882 20 
0003 0006 1665651891061140 142.375 -73.5 0.18407769454627693 20 
0003 0007 1665651891062053 61.0 -65.0 5.595961914206819 20 
0003 0015 1665651891071067 93.125 -74.5 1.1504855909142309 20 
0003 0012 1665651891085907 -5.625 -77.0 1.4419419406125027 20 
0003 0003 1665651891136931 5.3125 -77.0 0.8651651643675016 20 
0003 0005 1665651891172464 -34.9375 -66.0 4.853515212870168 20 
0003 0007 1665651891174007 0.0 -65.0 5.583690067903734 20 
0003 0011 1665651891176188 -152.125 -65.0 4.945554060143307 20 
0003 0006 1665651891181464 -295.375 -72.0 0.3129320807286708 20 
0003 0012 1665651891206188 -32.5 -77.5 4.571262747899211 20 
0003 0006 1665651891209126 -3.1875 -73.5 0.15339807878856412 20 
0003 0015 1665651891212666 0.0 -75.5 4.589670517353839 20 
0003 0003 1665651891255050 1.5 -77.0 3.9392626632903265 20 
0003 0007 1665651891297919 -34.9375 -65.5 5.675728915176872 20 
0003 0005 1665651891299371 -165.1875 -66.0 4.97623367590102 20 
0003 0011 1665651891301711 -87.0625 -65.0 4.853515212870168 20 
0003 0015 1665651891303532 -91.125 -73.0 1.3499030933393643 20 
0003 0006 1665651891305112 312.4375 -72.5 5.890486225480862 20 
0003 0012 1665651891326992 9.0 -77.5 4.417864669110647 20 
0003 0006 1665651891330392 -8.8125 -73.5 0.16566992509164924 20 
0003 0003 1665651891393421 -0.875 -77.0 0.803805932852076 20 
0003 0011 1665651891419304 34.9375 -64.5 4.816699673960914 20 
0003 0005 1665651891421133 -21.9375 -65.5 4.779884135051658 20 
0003 0007 1665651891422567 -4.0625 -65.0 5.71868037723767 20 
0003 0006 1665651891462569 -1.625 -74.0 0.1718058482431918 20 
0003 0012 1665651891464703 -31.6875 -77.5 4.571262747899211 20 
0003 0015 1665651891472842 -0.75 -76.0 4.767612288748572 20 
0003 0003 1665651891541636 -3.125 -77.0 0.8344855486097889 20 
0003 0007 1665651891561602 100.0625 -65.5 5.5284667595398505 20 
0003 0005 1665651891562624 0.0 -66.0 4.767612288748572 20 
0003 0011 1665651891564618 43.125 -65.5 4.71238898038469 20 
0003 0006 1665651891588519 4.875 -74.5 0.23316507975861744 20 
0003 0015 1665651891591311 -23.625 -75.5 4.693981210930062 20 
0003 0012 1665651891602908 -6.5 -77.5 4.583534594202296 20 
0003 0003 1665651891670363 -7.0625 -77.0 1.0185632431560658 20 
0003 0005 1665651891687099 17.0625 -66.0 4.804427827657828 20 
0003 0007 1665651891688921 43.125 -65.0 5.5714182216006485 20 
0003 0011 1665651891689833 -48.0 -65.5 4.8351074434155406 20 
0003 0015 1665651891692414 -56.125 -74.5 1.761009944492716 20 
0003 0006 1665651891717573 2.4375 -74.5 0.23316507975861744 20 
0003 0012 1665651891723811 -4.875 -77.5 4.473087977474529 20 
0003 0003 1665651891787204 3.3125 -76.5 0.7179030087304801 20 
0003 0011 1665651891808398 -65.0625 -65.0 4.773748211900116 20 
0003 0007 1665651891810431 30.0625 -65.5 5.583690067903734 20 
0003 0005 1665651891811514 -34.9375 -65.5 4.847379289718626 20 
0003 0015 1665651891812712 -178.1875 -71.5 1.8346410223112268 20 
0003 0006 1665651891839111 0.0 -74.5 0.17794177139473438 20 
0003 0012 1665651891844730 -9.75 -77.0 4.4362724385652745 20 
0003 0003 1665651891871156 -11.875 -77.5 0.8835729338221293 20 
0003 0005 1665651891935799 -165.1875 -68.0 4.73693267299086 20 
0003 0011 1665651891936726 56.125 -65.0 4.638757902566179 20 
0003 0007 1665651891939895 -39.0 -66.0 5.816855147662351 20 
0003 0015 1665651891943664 61.0 -72.5 1.4173982480063325 20 
0003 0003 1665651891960585 34.5625 -75.0 0.6043884304269426 20 
0003 0012 1665651891978620 -9.75 -78.0 4.387185053352934 20 
0003 0006 1665651892072767 -1.875 -75.0 4.779884135051658 20 
0003 0005 1665651892082091 -386.5 -70.5 4.6448938257177215 20 
0003 0001 1665651892084359 -74.0 -68.0 0.28225246497095796 20 
0003 0011 1665651892085612 -26.0 -67.5 4.595806440505381 20 
0003 0007 1665651892086819 -8.9375 -65.0 5.872078456026235 20 
0003 0003 1665651892088214 69.125 -70.0 0.5092816215780329 20 
0003 0006 1665651892110366 2.4375 -74.0 5.2339424482658075 20 
0003 0015 1665651892118601 20.25 -76.5 1.41126232485479 20 
0003 0012 1665651892120689 -8.0625 -77.5 4.319689898685965 20 
0003 0007 1665651892196546 17.0625 -65.0 6.166602767300278 20 
0003 0003 1665651892198521 30.0625 -67.5 1.2640001692177683 20 
0003 0005 1665651892199958 -247.375 -70.0 4.485359823777615 20 
0003 0006 1665651892200838 -78.0625 -70.0 3.497476196379262 20 
0003 0011 1665651892204930 69.125 -70.0 3.822680123411018 20 
0003 0015 1665651892233430 -13.875 -77.5 4.583534594202296 20 
0003 0012 1665651892257315 -8.0625 -77.5 0.8651651643675016 20 
0003 0001 1665651892277679 5.9375 -67.0 5.203262832508095 20 
0003 0010 1665651892282442 -1.625 -70.5 1.1106020904292042 20 
0003 0010 1665651892345204 21.9375 -69.5 1.5278448647340985 20 
0003 0005 1665651892346898 -43.125 -71.5 4.368777283898306 20 
0003 0006 1665651892347854 -388.125 -69.0 5.074408446325701 20 
0003 0003 1665651892348776 -26.0 -66.5 3.2459033471660166 20 
0003 0011 1665651892349641 0.0 -65.5 3.724505352986337 20 
0003 0007 1665651892350574 134.25 -64.5 0.8897088569736719 20 
0003 0012 1665651892397246 20.25 -78.0 0.662679700366597 20 
0003 0011 1665651892471110 4.0625 -63.0 4.4976316700806995 20 
0003 0010 1665651892473189 65.0625 -68.5 2.380738182798515 20 
0003 0007 1665651892476045 -13.0 -63.5 2.313243028131547 20 
0003 0003 1665651892477370 108.1875 -71.0 6.258641614573416 20 
0003 0007 1665651892586604 30.0625 -65.0 3.8963112012295285 20 
0003 0003 1665651892589091 121.25 -70.5 3.2827188860752723 20 
0003 0011 1665651892591379 -56.125 -59.5 5.166447293598839 20 
0003 0010 1665651892593315 -69.125 -64.5 3.792000507653305 20 
0003 0001 1665651892663619 6.625 -75.5 4.571262747899211 20 
0003 0011 1665651892698266 -13.0 -60.5 5.6941366846315 20 
0003 0010 1665651892699136 -134.25 -61.5 4.828971520263998 20 
0003 0007 1665651892702358 -43.125 -65.5 5.448699758569798 20 
0003 0003 1665651892703397 85.4375 -70.0 0.18407769454627693 20 
0003 0001 1665651892704534 -191.1875 -72.0 2.6445828783148455 20 
0003 0011 1665651892819290 -4.0625 -63.0 6.037748381117884 20 
0003 0010 1665651892821915 -30.0625 -57.5 5.086680292628786 20 
0003 0007 1665651892823533 43.125 -66.0 6.056156150572511 20 
0003 0006 1665651892826374 218.0625 -70.0 5.411884219660542 20 
0003 0003 1665651892828504 -30.0625 -71.0 3.706097583531709 20 
0003 0015 1665651892941879 -1.5 -77.0 5.755495916146925 20 
0003 0011 1665651892959404 -34.9375 -66.5 0.5645049299419159 20 
0003 0007 1665651892962161 -13.0 -68.5 5.485515297479052 20 
0003 0010 1665651892963202 -48.0 -55.5 5.540738605842936 20 
0003 0006 1665651892965507 -75.625 -63.0 0.3313398501832985 20 
0003 0012 1665651892994815 19.5 -77.5 0.5890486225480862 20 
0003 0006 1665651893070085 -26.0 -63.5 0.9326603190344698 20 
0003 0010 1665651893072073 4.0625 -55.5 6.19728238305799 20 
0003 0007 1665651893073677 26.0 -64.5 5.0682725231741586 20 
0003 0011 1665651893077230 -100.0625 -70.5 1.1658253987930873 20 
0003 0012 1665651893092050 303.5 -71.5 3.6386024288647407 20 
0003 0014 1665651893101721 5.25 -70.5 0.3436116964863836 20 
0003 0001 1665651893105646 37.0 -72.5 0.49394181369917645 20 
0003 0003 1665651893112117 48.8125 -73.5 4.371845245474077 20 
0003 0013 1665651893142419 -0.4375 -75.5 5.129631754689584 20 
0003 0001 1665651893205187 91.125 -70.5 1.4787574795217582 20 
0003 0003 1665651893206594 -134.25 -71.5 5.663457068873787 20 
0003 0014 1665651893208227 30.0625 -66.0 0.3865631585471816 20 
0003 0007 1665651893209124 -39.0 -63.5 5.4671075280244255 20 
0003 0006 1665651893210574 -52.0625 -67.5 1.4542137869155878 20 
0003 0012 1665651893211501 -104.125 -69.0 4.503767593232243 20 
0003 0010 1665651893212836 21.9375 -56.0 0.619728238305799 20 
0003 0013 1665651893217324 -225.375 -71.5 5.270757987175063 20 
0003 0011 1665651893227382 52.0625 -72.0 0.9572040116406401 20 
0003 0015 1665651893252637 7.3125 -74.5 2.736621725587984 20 
0003 0014 1665651893329541 -4.0625 -65.5 0.4970097752749477 20 
0003 0010 1665651893330439 17.0625 -56.5 0.8774370106705868 20 
0003 0007 1665651893333881 4.0625 -63.0 5.792311455056181 20 
0003 0003 1665651893334777 61.0 -70.5 6.1850105367549055 20 
0003 0015 1665651893337008 13.0 -72.5 2.9697868053466014 20 
0003 0012 1665651893339013 -82.1875 -69.5 4.73693267299086 20 
0003 0013 1665651893340255 -8.9375 -70.0 5.577554144752192 20 
0003 0011 1665651893366303 -9.0 -74.0 0.7853981633974483 20 
0003 0010 1665651893447533 26.0 -56.5 0.9694758579437253 20 
0003 0014 1665651893449153 100.0625 -66.0 0.44178646691106466 20 
0003 0007 1665651893451156 17.0625 -62.5 5.872078456026235 20 
0003 0012 1665651893452100 -212.375 -69.0 5.295301679781233 20 
0003 0013 1665651893455140 -182.25 -70.0 5.8045833013592665 20 
0003 0011 1665651893461581 -91.125 -74.5 0.607456392002714 20 
0003 0003 1665651893462899 113.0625 -71.5 0.30066023442558565 20 
0003 0015 1665651893464080 -87.0625 -70.5 3.0802334220743677 20 
0003 0007 1665651893563354 -34.9375 -63.0 6.019340611663256 20 
0003 0014 1665651893564748 34.9375 -66.0 0.6258641614573416 20 
0003 0010 1665651893565674 30.0625 -57.0 1.030835089459151 20 
0003 0012 1665651893567323 61.0 -69.0 5.0253210611133605 20 
0003 0015 1665651893570386 -21.9375 -72.5 2.8777479580734626 20 
0003 0011 1665651893572514 165.1875 -72.0 0.32520392703175593 20 
0003 0013 1665651893574134 -21.9375 -70.5 5.957981380147831 20 
0003 0003 1665651893577061 82.1875 -73.5 0.3374757733348411 20 
0003 0000 1665651893616987 -4.25 -75.5 1.9634954084936207 20 
0003 0014 1665651893679000 34.9375 -66.0 0.619728238305799 20 
0003 0011 1665651893679869 -48.0 -70.5 0.44178646691106466 20 
0003 0012 1665651893681237 -139.125 -68.0 5.332117218690489 20 
0003 0013 1665651893683643 -108.1875 -69.5 6.092971689481767 20 
0003 0007 1665651893684761 0.0 -62.5 6.043884304269426 20 
0003 0015 1665651893686428 -178.1875 -71.5 2.9206994201342606 20 
0003 0010 1665651893689533 30.0625 -56.5 1.043106935762236 20 
0003 0003 1665651893693219 -87.0625 -74.0 0.6810874698212247 20 
0003 0000 1665651893751397 8.5 -75.5 1.8223691760081417 20 
