0003 0005 1665563202496265 277.4375 -70.5 6.258641614573416 2 
0003 0001 1665563202497883 -82.1875 -68.5 6.14819499784565 2 
0003 0000 1665563202499843 74.0 -61.5 0.4479223900626072 2 
0003 0014 1665563202500726 52.0625 -63.0 1.1903690913992575 2 
0003 0004 1665563202501622 17.0625 -65.5 2.073942025221387 2 
0003 0015 1665563202506492 0.0 -61.0 2.6139032625571326 2 
0003 0014 1665563202605668 52.0625 -63.0 1.2517283229146832 2 
0003 0001 1665563202606834 156.1875 -67.5 5.859806609723149 2 
0003 0004 1665563202608556 -78.0625 -66.0 2.1475731030398975 2 
0003 0015 1665563202610790 -48.0 -61.0 2.6813984172241008 2 
0003 0000 1665563202611674 -26.0 -61.5 0.5460971604872883 2 
0003 0005 1665563202612942 82.1875 -68.5 0.2454369260617026 2 
0003 0001 1665563202715261 -17.0625 -68.0 6.062292073724054 2 
0003 0015 1665563202718242 0.0 -61.5 2.5893595699509624 2 
0003 0014 1665563202719798 61.0 -63.0 1.1474176293384597 2 
0003 0000 1665563202720723 26.0 -62.5 0.4908738521234052 2 
0003 0004 1665563202721862 -34.9375 -65.0 2.1475731030398975 2 
0003 0005 1665563202722717 -143.1875 -69.0 0.4663301595172349 2 
0003 0004 1665563202821463 21.9375 -65.0 2.0493983326152168 2 
0003 0000 1665563202823324 4.0625 -62.0 0.4908738521234052 2 
0003 0014 1665563202825046 61.0 -63.0 1.239456476611598 2 
0003 0005 1665563202827081 30.0625 -69.0 0.30679615757712825 2 
0003 0015 1665563202827980 -56.125 -61.5 2.6875343403756435 2 
0003 0001 1665563202829584 74.0 -68.5 6.050020227420969 2 
0003 0005 1665563202928459 -48.0 -69.0 0.4663301595172349 2 
0003 0001 1665563202930233 21.9375 -68.5 6.074563920027139 2 
0003 0015 1665563202931177 34.9375 -61.5 2.5464081078901644 2 
0003 0014 1665563202932300 26.0 -62.5 1.1965050145508 2 
0003 0004 1665563202934187 4.0625 -65.5 2.0493983326152168 2 
0003 0000 1665563202935824 43.125 -63.0 0.44178646691106466 2 
0003 0005 1665563203035443 26.0 -68.0 0.16566992509164924 2 
0003 0014 1665563203037688 -21.9375 -62.5 1.214912784005428 2 
0003 0000 1665563203039039 -21.9375 -62.0 0.5522330836388308 2 
0003 0015 1665563203041004 17.0625 -61.5 2.5341362615870793 2 
0003 0004 1665563203042797 78.0625 -65.0 1.902136176978195 2 
0003 0001 1665563203043951 -182.25 -67.5 0.12885438618239387 2 
0003 0015 1665563203142429 -43.125 -61.5 2.6323110320117604 2 
0003 0005 1665563203144210 -113.0625 -69.0 0.380427235395639 2 
0003 0000 1665563203146555 -39.0 -61.5 0.5399612373357456 2 
0003 0014 1665563203147480 78.0625 -62.5 1.1351457830353744 2 
0003 0001 1665563203149026 -43.125 -67.5 6.215690152512618 2 
0003 0004 1665563203149966 82.1875 -65.5 1.9941750242513334 2 
0003 0004 1665563203259865 139.125 -65.5 1.8960002538266525 2 
0003 0014 1665563203261075 65.0625 -62.5 1.184233168247715 2 
0003 0001 1665563203262198 -21.9375 -68.0 6.240233845118788 2 
0003 0015 1665563203264062 -8.9375 -62.0 2.411417798556228 2 
0003 0005 1665563203265514 -13.0 -69.5 0.19634954084936207 2 
0003 0000 1665563203266470 13.0 -62.5 0.7915340865489908 2 
0003 0015 1665563203367524 91.125 -62.0 2.2518837966161214 2 
0003 0004 1665563203368450 -104.125 -65.5 2.116893487282185 2 
0003 0014 1665563203369344 17.0625 -63.0 1.2210487071569704 2 
0003 0000 1665563203370258 -43.125 -63.0 0.8528933180644165 2 
0003 0001 1665563203372357 -17.0625 -67.0 6.215690152512618 2 
0003 0005 1665563203375499 43.125 -68.5 0.11044661672776616 2 
0003 0015 1665563203475658 4.0625 -62.0 2.399145952253143 2 
0003 0004 1665563203477666 -74.0 -65.0 2.055534255766759 2 
0003 0014 1665563203479200 -13.0 -63.0 1.2701360923693108 2 
0003 0000 1665563203480128 -13.0 -62.0 0.8528933180644165 2 
0003 0005 1665563203481012 13.0 -69.0 0.11658253987930872 2 
0003 0001 1665563203482292 91.125 -67.0 6.050020227420969 2 
0003 0001 1665563203610345 13.0 -67.5 5.957981380147831 2 
0003 0014 1665563203611238 0.0 -62.5 1.2640001692177683 2 
0003 0000 1665563203612154 -100.0625 -61.5 0.944932165337555 2 
0003 0005 1665563203613776 -65.0625 -68.5 0.15339807878856412 2 
0003 0004 1665563203614700 -95.1875 -65.5 2.073942025221387 2 
0003 0015 1665563203615572 -61.0 -62.5 2.5341362615870793 2 
0003 0015 1665563203718406 208.3125 -62.0 2.1782527187976104 2 
0003 0004 1665563203719898 -95.1875 -66.5 2.0371264863121317 2 
0003 0000 1665563203721008 -65.0625 -62.0 0.9081166264282996 2 
0003 0001 1665563203722157 4.0625 -66.5 6.043884304269426 2 
0003 0014 1665563203723068 21.9375 -63.0 1.282407938672396 2 
0003 0005 1665563203724236 -39.0 -68.0 0.14112623248547898 2 
0003 0004 1665563203835307 -30.0625 -66.0 2.043262409463674 2 
0003 0000 1665563203836815 -17.0625 -62.0 0.8283496254582462 2 
0003 0014 1665563203837727 -13.0 -62.5 1.3130875544301088 2 
0003 0015 1665563203839350 17.0625 -62.0 2.423689644859313 2 
0003 0005 1665563203841244 69.125 -69.0 0.03681553890925539 2 
0003 0001 1665563203842933 13.0 -67.0 6.074563920027139 2 
0003 0015 1665563203942783 -39.0 -61.5 2.454369260617026 2 
0003 0004 1665563203944685 -8.9375 -65.0 1.9880391010997909 2 
0003 0001 1665563203946410 -204.25 -66.5 6.2034183062095325 2 
0003 0014 1665563203947277 -43.125 -63.0 1.3069516312785663 2 
0003 0000 1665563203948401 -52.0625 -62.0 0.9326603190344698 2 
0003 0005 1665563203951368 -21.9375 -69.0 0.09203884727313846 2 
0003 0014 1665563204052387 30.0625 -63.0 1.2578642460662257 2 
0003 0000 1665563204053684 30.0625 -62.5 0.8160777791551611 2 
0003 0005 1665563204055108 117.125 -69.0 6.227961998815704 2 
0003 0004 1665563204056257 4.0625 -66.0 1.9205439464328227 2 
0003 0015 1665563204057793 0.0 -61.5 2.442097414313941 2 
0003 0001 1665563204059205 -104.125 -67.0 6.191146459906448 2 
0003 0014 1665563204159211 34.9375 -63.0 1.2517283229146832 2 
0003 0005 1665563204160108 43.125 -69.0 0.1043106935762236 2 
0003 0001 1665563204161018 -43.125 -68.0 6.031612457966341 2 
0003 0000 1665563204161899 -4.0625 -61.5 0.8651651643675016 2 
0003 0015 1665563204163579 34.9375 -62.0 2.36846633649543 2 
0003 0004 1665563204165432 4.0625 -65.0 1.9819031779482483 2 
0003 0003 1665563204248314 4.0625 -78.5 4.491495746929157 2 
0003 0000 1665563204296825 -4.0625 -62.5 0.8528933180644165 2 
0003 0014 1665563204299312 17.0625 -63.0 1.2640001692177683 2 
0003 0004 1665563204300435 8.9375 -65.0 1.9880391010997909 2 
0003 0005 1665563204301606 -43.125 -68.5 0.030679615757712823 2 
0003 0001 1665563204302984 -26.0 -67.5 6.056156150572511 2 
0003 0015 1665563204305117 -34.9375 -62.0 2.435961491162398 2 
0003 0003 1665563204445598 19.9375 -79.0 1.239456476611598 2 
0003 0014 1665563204494517 91.125 -62.5 1.141281706186917 2 
0003 0000 1665563204495926 30.0625 -62.0 0.7853981633974483 2 
0003 0015 1665563204497932 26.0 -62.0 2.435961491162398 2 
0003 0004 1665563204500688 26.0 -65.0 1.9144080232812801 2 
0003 0005 1665563204501672 87.0625 -69.5 0.018407769454627694 2 
0003 0001 1665563204503079 -52.0625 -67.0 6.135923151542564 2 
0003 0003 1665563204555658 9.75 -78.5 1.3130875544301088 2 
0003 0005 1665563204614002 82.1875 -70.5 6.1420590746941075 2 
0003 0004 1665563204615508 21.9375 -65.0 2.000310947402876 2 
0003 0015 1665563204617470 17.0625 -61.5 2.405281875404685 2 
0003 0014 1665563204618411 61.0 -63.0 1.1780972450961724 2 
0003 0000 1665563204619350 -17.0625 -62.0 0.8713010875190442 2 
0003 0001 1665563204620588 -30.0625 -67.0 6.000932842208628 2 
0003 0003 1665563204674249 -10.1875 -78.5 1.3621749396424494 2 
0003 0005 1665563204728012 -13.0 -69.0 0.12885438618239387 2 
0003 0014 1665563204730765 8.9375 -62.0 1.2455923997631406 2 
0003 0000 1665563204731692 -8.9375 -62.5 0.8222137023067037 2 
0003 0015 1665563204732832 13.0 -61.5 2.380738182798515 2 
0003 0004 1665563204736385 78.0625 -66.0 1.9512235621905356 2 
0003 0001 1665563204738133 61.0 -66.5 6.037748381117884 2 
0003 0003 1665563204773219 14.0 -78.5 1.282407938672396 2 
0003 0015 1665563204844138 -17.0625 -61.5 2.442097414313941 2 
0003 0001 1665563204845680 -43.125 -67.0 6.043884304269426 2 
0003 0005 1665563204847475 17.0625 -68.5 0.030679615757712823 2 
0003 0000 1665563204848982 30.0625 -62.0 0.7976700097005334 2 
0003 0004 1665563204849864 17.0625 -65.0 2.0493983326152168 2 
0003 0014 1665563204851011 0.0 -64.0 1.325359400733194 2 
0003 0003 1665563204872667 28.5 -78.0 4.338097668140593 2 
0003 0004 1665563204951936 -126.125 -65.0 2.110757564130642 2 
0003 0000 1665563204953244 -74.0 -62.0 0.9081166264282996 2 
0003 0014 1665563204954637 43.125 -63.0 1.2026409377023426 2 
0003 0001 1665563204955575 -13.0 -67.5 6.12365130523948 2 
0003 0015 1665563204957197 26.0 -62.0 2.3746022596469727 2 
0003 0005 1665563204960274 52.0625 -69.5 6.1850105367549055 2 
0003 0003 1665563204978543 -37.375 -77.5 4.681709364626977 2 
0003 0001 1665563205061792 -61.0 -67.0 6.129787228391022 2 
0003 0014 1665563205064302 -8.9375 -63.0 1.2946797849754812 2 
0003 0000 1665563205066066 -4.0625 -62.0 0.8467573949128739 2 
0003 0005 1665563205067121 61.0 -68.5 0.030679615757712823 2 
0003 0015 1665563205068020 30.0625 -61.5 2.325514874434632 2 
0003 0004 1665563205068925 0.0 -66.0 1.9573594853420782 2 
0003 0003 1665563205106015 10.9375 -78.5 4.681709364626977 2 
0003 0015 1665563205191004 134.25 -62.0 2.270291566070749 2 
0003 0005 1665563205191915 -39.0 -69.5 6.277049384028044 2 
0003 0000 1665563205194634 0.0 -61.5 0.5645049299419159 2 
0003 0004 1665563205196358 13.0 -65.5 1.9880391010997909 2 
0003 0001 1665563205197511 -48.0 -68.0 6.117515382087937 2 
0003 0014 1665563205198451 -56.125 -63.5 1.2885438618239387 2 
0003 0003 1665563205225664 34.125 -78.0 4.3933209765044765 2 
0003 0004 1665563205304158 43.125 -65.5 1.932815792735908 2 
0003 0000 1665563205305309 -48.0 -61.5 0.619728238305799 2 
0003 0014 1665563205307835 17.0625 -63.0 1.2701360923693108 2 
0003 0001 1665563205309173 -56.125 -67.5 6.056156150572511 2 
0003 0015 1665563205310341 -34.9375 -61.5 2.4175537217077703 2 
0003 0005 1665563205313126 -69.125 -68.0 6.264777537724958 2 
0003 0003 1665563205340270 -14.625 -78.0 4.749204519293945 2 
0003 0005 1665563205418815 -74.0 -69.0 0.11044661672776616 2 
0003 0004 1665563205419712 152.125 -65.5 1.7548740213411735 2 
0003 0001 1665563205420864 56.125 -67.0 5.994796919057086 2 
0003 0000 1665563205422014 21.9375 -61.5 0.5276893910326605 2 
0003 0014 1665563205423138 -26.0 -63.0 1.3008157081270237 2 
0003 0015 1665563205425227 -43.125 -61.5 2.4850488763747385 2 
0003 0003 1665563205458786 0.0 -78.0 4.552854978444583 2 
0003 0000 1665563205536458 26.0 -62.0 0.5645049299419159 2 
0003 0015 1665563205537995 -21.9375 -61.5 2.429825568010856 2 
0003 0014 1665563205538894 -26.0 -63.0 1.3314953238847365 2 
0003 0004 1665563205539820 108.1875 -65.5 1.846912868614312 2 
0003 0005 1665563205543271 82.1875 -70.0 6.111379458936394 2 
0003 0001 1665563205545612 4.0625 -67.5 6.025476534814799 2 
0003 0003 1665563205568397 10.5 -78.0 1.3130875544301088 2 
0003 0015 1665563205648840 -21.9375 -62.0 2.429825568010856 2 
0003 0004 1665563205649738 -82.1875 -65.0 2.0371264863121317 2 
0003 0000 1665563205650649 -17.0625 -61.5 0.619728238305799 2 
0003 0001 1665563205652810 48.0 -67.5 5.970253226450915 2 
0003 0014 1665563205654996 -4.0625 -63.0 1.2762720155208536 2 
0003 0005 1665563205658563 17.0625 -69.0 6.227961998815704 2 
0003 0003 1665563205678206 -47.125 -78.0 4.7307967498393175 2 
0003 0000 1665563205760629 0.0 -62.0 0.5645049299419159 2 
0003 0001 1665563205762396 -56.125 -67.5 6.074563920027139 2 
0003 0015 1665563205763791 -56.125 -62.0 2.466641106920111 2 
0003 0004 1665563205764885 69.125 -65.5 1.8285050991596843 2 
0003 0005 1665563205767103 -39.0 -69.5 0.018407769454627694 2 
0003 0014 1665563205767958 30.0625 -63.0 1.2455923997631406 2 
0003 0003 1665563205786565 -12.1875 -77.0 4.669437518323892 2 
0003 0000 1665563205874379 26.0 -61.5 0.5583690067903734 2 
0003 0001 1665563205877774 52.0625 -67.0 6.080699843178682 2 
0003 0004 1665563205878713 -26.0 -66.0 1.9696313316451632 2 
0003 0015 1665563205880105 -4.0625 -62.5 2.380738182798515 2 
0003 0014 1665563205881826 17.0625 -63.0 1.2946797849754812 2 
0003 0005 1665563205883024 -156.1875 -69.0 0.03681553890925539 2 
0003 0003 1665563205904385 88.625 -78.5 4.252194744018997 2 
0003 0015 1665563205987274 13.0 -62.5 2.442097414313941 2 
0003 0014 1665563205989528 0.0 -63.0 1.2885438618239387 2 
0003 0004 1665563205990799 87.0625 -65.5 1.8530487917658545 2 
0003 0000 1665563205991936 91.125 -61.0 0.44178646691106466 2 
0003 0001 1665563205993017 43.125 -67.5 6.007068765360171 2 
0003 0005 1665563205993946 -117.125 -69.5 0.018407769454627694 2 
0003 0003 1665563206009005 21.9375 -78.5 1.2455923997631406 2 
0003 0015 1665563206094026 61.0 -62.0 2.380738182798515 2 
0003 0000 1665563206096071 -8.9375 -62.0 0.5645049299419159 2 
0003 0014 1665563206096940 4.0625 -63.5 1.3008157081270237 2 
0003 0001 1665563206098931 43.125 -67.0 6.12365130523948 2 
0003 0004 1665563206099871 -95.1875 -66.0 2.172116795646068 2 
0003 0005 1665563206102598 -56.125 -70.0 0.0859029241215959 2 
0003 0003 1665563206122648 13.875 -78.0 4.491495746929157 2 
0003 0001 1665563206202798 -39.0 -67.0 6.062292073724054 2 
0003 0004 1665563206205554 -52.0625 -65.5 1.9757672547967058 2 
0003 0015 1665563206208172 -26.0 -62.0 2.497320722677824 2 
0003 0000 1665563206210779 0.0 -62.0 0.5460971604872883 2 
0003 0014 1665563206211779 -21.9375 -63.0 1.282407938672396 2 
0003 0005 1665563206212807 160.3125 -70.5 6.074563920027139 2 
0003 0003 1665563206236251 43.125 -78.0 4.485359823777615 2 
0003 0014 1665563206313872 -4.0625 -62.5 1.239456476611598 2 
0003 0015 1665563206315385 52.0625 -62.0 2.36846633649543 2 
0003 0005 1665563206316284 52.0625 -70.0 6.154330920997192 2 
0003 0000 1665563206318498 4.0625 -62.0 0.5522330836388308 2 
0003 0004 1665563206320489 4.0625 -65.0 1.9819031779482483 2 
0003 0001 1665563206321400 13.0 -66.5 6.000932842208628 2 
0003 0003 1665563206344339 -15.375 -78.0 4.706253057233147 2 
0003 0005 1665563206424096 -108.1875 -69.0 6.240233845118788 2 
0003 0015 1665563206425375 -8.9375 -62.0 2.5034566458293663 2 
0003 0001 1665563206426287 -74.0 -66.5 6.086835766330224 2 
0003 0014 1665563206429896 56.125 -63.0 1.1965050145508 2 
0003 0000 1665563206430821 -17.0625 -62.0 0.5583690067903734 2 
0003 0004 1665563206432117 95.1875 -66.0 1.9266798695843652 2 
0003 0003 1665563206451743 -42.25 -77.5 4.516039439535327 2 
0003 0004 1665563206533788 61.0 -66.0 1.8837284075235674 2 
0003 0001 1665563206535706 65.0625 -67.0 5.939573610693203 2 
0003 0000 1665563206536673 13.0 -61.5 0.5338253141842031 2 
0003 0015 1665563206539869 69.125 -61.5 2.356194490192345 2 
0003 0014 1665563206540922 34.9375 -63.0 1.1780972450961724 2 
0003 0005 1665563206542897 -69.125 -71.0 0.0 2 
0003 0003 1665563206564112 -1.625 -77.5 4.620350133111551 2 
0003 0005 1665563206643164 82.1875 -70.0 6.0991076126333095 2 
0003 0001 1665563206644956 43.125 -67.5 5.9518454569962875 2 
0003 0000 1665563206646756 13.0 -61.5 0.5092816215780329 2 
0003 0015 1665563206649246 21.9375 -61.5 2.36846633649543 2 
0003 0014 1665563206650187 34.9375 -62.5 1.227184630308513 2 
0003 0004 1665563206651186 -282.375 -66.0 2.3930100291016 2 
0003 0003 1665563206671288 47.125 -78.5 1.337631247036279 2 
0003 0004 1665563206752599 48.0 -65.5 1.9082721001297376 2 
0003 0000 1665563206754703 8.9375 -62.5 0.5031456984264903 2 
0003 0001 1665563206755558 -26.0 -67.5 5.988660995905543 2 
0003 0005 1665563206758788 -4.0625 -69.5 6.166602767300278 2 
0003 0015 1665563206759675 17.0625 -62.0 2.4175537217077703 2 
0003 0014 1665563206760715 13.0 -63.0 1.2455923997631406 2 
0003 0003 1665563206789580 -9.0 -77.5 1.4848934026733007 2 
0003 0005 1665563206865182 -34.9375 -68.5 6.178874613603362 2 
0003 0000 1665563206866960 30.0625 -61.5 0.4724660826687775 2 
0003 0004 1665563206867856 -26.0 -66.0 2.018718716857504 2 
0003 0001 1665563206868795 -61.0 -67.5 6.013204688511713 2 
0003 0015 1665563206870160 -130.1875 -62.0 2.6016314162540475 2 
0003 0014 1665563206871635 8.9375 -62.5 1.214912784005428 2 
0003 0003 1665563206893537 -14.625 -78.0 4.540583132141498 2 
0003 0000 1665563206972977 -21.9375 -61.5 0.521553467881118 2 
0003 0004 1665563206974474 117.125 -65.0 1.8346410223112268 2 
0003 0014 1665563206975654 -65.0625 -63.0 1.337631247036279 2 
0003 0001 1665563206977841 -39.0 -67.5 6.019340611663256 2 
0003 0015 1665563206978981 -39.0 -62.0 2.435961491162398 2 
0003 0005 1665563206979895 -104.125 -69.0 6.19728238305799 2 
0003 0003 1665563207006223 3.1875 -77.5 4.534447208989955 2 
0003 0000 1665563207091760 -56.125 -62.0 0.803805932852076 2 
0003 0004 1665563207093467 -69.125 -67.0 2.1230294104337273 2 
0003 0005 1665563207094876 -74.0 -69.5 6.19728238305799 2 
0003 0014 1665563207096638 43.125 -63.0 1.2087768608538851 2 
0003 0015 1665563207097550 -30.0625 -62.0 2.442097414313941 2 
0003 0001 1665563207099226 30.0625 -68.5 5.8045833013592665 2 
0003 0003 1665563207120310 12.1875 -77.5 1.3867186322486196 2 
0003 0015 1665563207200662 -17.0625 -62.0 2.466641106920111 2 
0003 0000 1665563207204749 30.0625 -62.0 0.7547185476397354 2 
0003 0001 1665563207205658 -17.0625 -67.0 5.970253226450915 2 
0003 0004 1665563207206584 -82.1875 -65.0 2.098485717827557 2 
0003 0014 1665563207207750 -30.0625 -62.0 1.282407938672396 2 
0003 0005 1665563207210099 126.125 -69.0 5.957981380147831 2 
0003 0003 1665563207232547 -20.25 -77.5 4.473087977474529 2 
0003 0005 1665563207311011 -160.3125 -68.5 6.240233845118788 2 
0003 0004 1665563207313084 34.9375 -65.0 2.0064468705544187 2 
0003 0015 1665563207315106 -95.1875 -62.0 2.5280003384355365 2 
0003 0001 1665563207316031 -130.1875 -67.5 5.9518454569962875 2 
0003 0000 1665563207316985 -30.0625 -62.0 0.7853981633974483 2 
0003 0014 1665563207317910 -30.0625 -63.5 1.3008157081270237 2 
0003 0003 1665563207344655 29.25 -77.5 4.411728745959104 2 
