0004 0005 1665890023186589 4.0625 -58.5 0.7301748550335652 4 
0004 0014 1665890023187830 -82.1875 -67.5 4.81056375080937 4 
0004 0011 1665890023189291 30.0625 -63.0 0.7669903939428205 4 
0004 0008 1665890023190215 13.0 -62.0 2.9820586516496865 4 
0004 0007 1665890023191353 -39.0 -58.0 4.884194828627882 4 
0004 0015 1665890023192293 13.0 -64.0 0.11658253987930872 4 
0004 0004 1665890023193263 -13.0 -57.0 0.607456392002714 4 
0004 0000 1665890023194447 -368.625 -71.5 3.429981041712294 4 
0004 0003 1665890023195371 -126.125 -67.0 2.024854640009046 4 
0004 0010 1665890023196974 13.0 -60.0 5.418020142812084 4 
0004 0013 1665890023199594 -61.0 -63.0 4.037437433715008 4 
0004 0010 1665890023290695 -95.1875 -60.0 5.602097837358362 4 
0004 0006 1665890023291631 -8.9375 -68.0 4.221515128261284 4 
0004 0015 1665890023293496 21.9375 -64.5 0.1718058482431918 4 
0004 0004 1665890023296224 39.0 -57.5 0.607456392002714 4 
0004 0014 1665890023297106 13.0 -67.0 4.841243366567084 4 
0004 0005 1665890023298055 0.0 -58.5 0.8099418560036186 4 
0004 0002 1665890023300118 208.3125 -69.5 0.37429131224409645 4 
0004 0003 1665890023301529 166.0 -67.5 1.7671458676442586 4 
0004 0012 1665890023302470 48.0 -64.0 5.6143696836614465 4 
0004 0007 1665890023303466 -21.9375 -57.5 4.884194828627882 4 
0004 0011 1665890023304394 -39.0 -62.0 0.8283496254582462 4 
0004 0013 1665890023305535 -13.0 -62.5 4.01902966426038 4 
0004 0008 1665890023307198 56.125 -62.5 2.988194574801229 4 
0004 0000 1665890023311879 -247.375 -72.0 3.2397674240144743 4 
0004 0008 1665890023403112 -21.9375 -62.5 3.0802334220743677 4 
0004 0013 1665890023404525 -13.0 -63.0 4.025165587411922 4 
0004 0004 1665890023405676 8.9375 -58.0 0.6933593161243098 4 
0004 0005 1665890023406570 0.0 -59.0 0.8344855486097889 4 
0004 0015 1665890023407476 78.0625 -64.5 0.1227184630308513 4 
0004 0010 1665890023410045 -34.9375 -60.0 5.602097837358362 4 
0004 0011 1665890023411200 30.0625 -62.5 0.8528933180644165 4 
0004 0007 1665890023412054 -30.0625 -57.5 4.957825906446392 4 
0004 0014 1665890023412950 -100.0625 -67.5 4.884194828627882 4 
0004 0003 1665890023414837 34.9375 -67.0 1.9082721001297376 4 
0004 0006 1665890023415973 23.5625 -68.5 4.325825821837508 4 
0004 0012 1665890023417127 17.0625 -63.5 5.688000761479957 4 
0004 0002 1665890023418862 147.25 -71.0 0.4724660826687775 4 
0004 0000 1665890023421394 -256.3125 -72.0 3.5036121195308043 4 
0004 0013 1665890023512128 -178.1875 -63.5 4.319689898685965 4 
0004 0010 1665890023514017 -39.0 -60.0 5.626641529964532 4 
0004 0004 1665890023515791 8.9375 -57.5 0.7240389318820226 4 
0004 0014 1665890023516733 -139.125 -67.0 4.963961829597935 4 
0004 0003 1665890023517641 95.1875 -67.0 1.8223691760081417 4 
0004 0005 1665890023518549 4.0625 -58.5 0.8344855486097889 4 
0004 0007 1665890023519689 -34.9375 -57.5 4.963961829597935 4 
0004 0008 1665890023521110 -34.9375 -63.0 3.11091303783208 4 
0004 0006 1665890023522259 -18.6875 -68.0 4.331961744989051 4 
0004 0011 1665890023523160 152.125 -62.5 0.6994952392758523 4 
0004 0012 1665890023525107 -87.0625 -63.0 5.810719224510809 4 
0004 0015 1665890023526670 43.125 -64.5 0.14112623248547898 4 
0004 0000 1665890023528511 -8.9375 -72.0 3.1661363461959633 4 
0004 0002 1665890023530384 104.125 -71.5 0.6504078540635119 4 
0004 0015 1665890023623336 -13.0 -64.5 0.18407769454627693 4 
0004 0005 1665890023624319 8.9375 -59.0 0.8160777791551611 4 
0004 0010 1665890023625474 91.125 -60.0 5.485515297479052 4 
0004 0008 1665890023627039 -34.9375 -63.0 3.1661363461959633 4 
0004 0007 1665890023627965 -4.0625 -57.5 4.908738521234052 4 
0004 0012 1665890023629086 0.0 -64.0 5.724816300389213 4 
0004 0011 1665890023629977 26.0 -63.0 0.8467573949128739 4 
0004 0013 1665890023630931 0.0 -63.0 4.06811704947272 4 
0004 0004 1665890023631805 43.125 -57.5 0.7485826244881929 4 
0004 0014 1665890023632687 -21.9375 -67.0 4.779884135051658 4 
0004 0002 1665890023634258 -139.125 -71.0 0.859029241215959 4 
0004 0006 1665890023635589 -28.4375 -67.5 4.448544284868359 4 
0004 0003 1665890023636724 8.9375 -67.5 1.9880391010997909 4 
0004 0011 1665890023727518 21.9375 -62.5 0.8897088569736719 4 
0004 0005 1665890023728402 21.9375 -59.0 0.8713010875190442 4 
0004 0012 1665890023729855 8.9375 -64.0 5.66959299202533 4 
0004 0007 1665890023730727 -26.0 -57.5 5.0253210611133605 4 
0004 0008 1665890023731651 -61.0 -62.5 3.2397674240144743 4 
0004 0006 1665890023732531 99.25 -67.5 4.301282129231338 4 
0004 0000 1665890023733413 -100.0625 -72.5 3.1906800388021335 4 
0004 0013 1665890023734387 -56.125 -63.5 4.2031073588066565 4 
0004 0014 1665890023736319 -108.1875 -66.5 4.908738521234052 4 
0004 0015 1665890023737487 48.0 -64.0 0.18407769454627693 4 
0004 0010 1665890023738654 34.9375 -60.0 5.546874528994478 4 
0004 0004 1665890023739532 0.0 -58.0 0.8344855486097889 4 
0004 0003 1665890023741613 195.25 -67.5 1.8162332528565992 4 
0004 0002 1665890023742975 30.0625 -70.5 0.7547185476397354 4 
0004 0003 1665890023834436 -8.9375 -67.5 2.012582793705961 4 
0004 0013 1665890023836683 -4.0625 -64.0 4.09266074207889 4 
0004 0000 1665890023838080 -230.25 -73.5 3.4913402732277192 4 
0004 0002 1665890023839427 34.9375 -70.5 0.705631162427395 4 
0004 0011 1665890023841088 30.0625 -62.5 0.9142525495798421 4 
0004 0004 1665890023842263 -26.0 -57.5 0.8713010875190442 4 
0004 0007 1665890023843144 -21.9375 -57.5 5.019185137961818 4 
0004 0008 1665890023844434 0.0 -62.5 3.141592653589793 4 
0004 0010 1665890023845861 -13.0 -60.5 5.638913376267617 4 
0004 0005 1665890023846785 13.0 -59.0 0.8651651643675016 4 
0004 0014 1665890023847698 -65.0625 -68.0 4.92714629068868 4 
0004 0012 1665890023848596 26.0 -63.5 5.688000761479957 4 
0004 0015 1665890023849465 -8.9375 -64.5 0.30066023442558565 4 
0004 0006 1665890023851343 33.3125 -68.0 4.295146206079795 4 
0004 0006 1665890023942541 38.1875 -67.5 4.264466590322082 4 
0004 0011 1665890023944733 56.125 -62.5 0.9387962421860124 4 
0004 0005 1665890023945615 -30.0625 -59.5 0.8651651643675016 4 
0004 0003 1665890023946510 -56.125 -67.5 2.024854640009046 4 
0004 0007 1665890023947394 -69.125 -57.5 5.037592907416445 4 
0004 0008 1665890023948285 0.0 -62.5 3.184544115650591 4 
0004 0010 1665890023950661 -117.125 -60.5 5.730952223540755 4 
0004 0004 1665890023951841 -26.0 -57.5 0.8774370106705868 4 
0004 0012 1665890023952725 -43.125 -64.0 5.712544454086128 4 
0004 0015 1665890023955128 -34.9375 -64.5 0.2454369260617026 4 
0004 0014 1665890023956009 4.0625 -68.0 4.822835597112456 4 
0004 0002 1665890023956904 -21.9375 -71.5 0.6994952392758523 4 
0004 0013 1665890023957806 21.9375 -63.5 4.061981126321178 4 
0004 0000 1665890023960560 -91.125 -72.5 3.2765829629237295 4 
0004 0010 1665890024052561 -65.0625 -60.5 5.6573211457222445 4 
0004 0007 1665890024053924 -39.0 -57.5 4.970097752749477 4 
0004 0004 1665890024054818 8.9375 -57.5 0.8344855486097889 4 
0004 0015 1665890024055974 -17.0625 -64.5 0.25770877236478773 4 
0004 0008 1665890024057096 -4.0625 -62.5 3.184544115650591 4 
0004 0011 1665890024058480 39.0 -62.0 0.8958447801252144 4 
0004 0006 1665890024059858 -94.375 -68.0 4.460816131171445 4 
0004 0002 1665890024061008 82.1875 -71.0 0.7669903939428205 4 
0004 0003 1665890024061890 -65.0625 -68.0 1.9634954084936207 4 
0004 0012 1665890024063043 -130.1875 -64.0 5.810719224510809 4 
0004 0005 1665890024064406 30.0625 -59.0 0.760854470791278 4 
0004 0013 1665890024065534 -56.125 -63.5 4.178563666200486 4 
0004 0014 1665890024070278 -108.1875 -67.5 4.859651136021712 4 
0004 0000 1665890024098359 20.25 -75.0 6.240233845118788 4 
0004 0010 1665890024166437 -4.0625 -60.5 5.5714182216006485 4 
0004 0003 1665890024167351 52.0625 -67.0 1.748738098189631 4 
0004 0007 1665890024170572 8.9375 -57.5 4.878058905476339 4 
0004 0004 1665890024172167 17.0625 -57.5 0.8467573949128739 4 
0004 0005 1665890024173051 -26.0 -59.0 0.803805932852076 4 
0004 0014 1665890024174696 74.0 -67.0 4.749204519293945 4 
0004 0013 1665890024175953 17.0625 -63.5 4.135612204139688 4 
0004 0011 1665890024177103 4.0625 -62.0 0.9510680884890975 4 
0004 0015 1665890024178718 -30.0625 -64.0 0.2270291566070749 4 
0004 0006 1665890024180333 -61.8125 -67.5 4.491495746929157 4 
0004 0002 1665890024182188 -48.0 -70.5 0.9326603190344698 4 
0004 0008 1665890024183166 0.0 -62.0 3.147728576741336 4 
0004 0012 1665890024184281 13.0 -64.0 5.688000761479957 4 
0004 0000 1665890024315119 -6.0 -76.0 6.160466844148735 4 
0004 0014 1665890024331111 21.9375 -68.0 4.7307967498393175 4 
0004 0008 1665890024332233 13.0 -62.5 3.141592653589793 4 
0004 0013 1665890024334272 34.9375 -63.0 4.037437433715008 4 
0004 0011 1665890024335666 -4.0625 -63.0 0.9265243958829272 4 
0004 0015 1665890024337092 -34.9375 -65.0 0.25770877236478773 4 
0004 0007 1665890024339589 13.0 -57.5 4.841243366567084 4 
0004 0012 1665890024340531 -56.125 -63.5 5.773903685601553 4 
0004 0004 1665890024341667 8.9375 -57.5 0.8467573949128739 4 
0004 0010 1665890024343175 -30.0625 -60.5 5.602097837358362 4 
0004 0006 1665890024344054 18.6875 -68.0 4.417864669110647 4 
0004 0005 1665890024345262 -21.9375 -58.5 0.8099418560036186 4 
0004 0003 1665890024346243 65.0625 -66.5 1.8100973297050567 4 
0004 0002 1665890024347480 -48.0 -70.5 0.9081166264282996 4 
0004 0000 1665890024430589 -5.0625 -76.5 0.030679615757712823 4 
0004 0014 1665890024446736 21.9375 -67.0 4.822835597112456 4 
0004 0005 1665890024448414 -43.125 -58.5 0.803805932852076 4 
0004 0004 1665890024449551 -21.9375 -57.5 0.8897088569736719 4 
0004 0003 1665890024450702 34.9375 -66.5 1.8039614065535141 4 
0004 0008 1665890024454841 -52.0625 -62.0 3.1661363461959633 4 
0004 0010 1665890024455751 -30.0625 -60.5 5.595961914206819 4 
0004 0007 1665890024456692 -52.0625 -58.0 4.890330751779424 4 
0004 0006 1665890024457827 75.625 -66.5 4.325825821837508 4 
0004 0002 1665890024458694 91.125 -70.0 0.7363107781851077 4 
0004 0015 1665890024459863 34.9375 -64.5 0.1718058482431918 4 
0004 0012 1665890024460760 13.0 -64.0 5.64504929941916 4 
0004 0013 1665890024462187 -30.0625 -63.0 4.09266074207889 4 
0004 0011 1665890024463058 34.9375 -63.0 0.8835729338221293 4 
0004 0007 1665890024586710 -13.0 -57.5 4.878058905476339 4 
0004 0005 1665890024587645 0.0 -58.5 0.7853981633974483 4 
0004 0006 1665890024589814 -61.8125 -68.0 4.368777283898306 4 
0004 0012 1665890024592033 48.0 -63.5 5.651185222570702 4 
0004 0013 1665890024593173 -8.9375 -63.0 4.111068511533518 4 
0004 0004 1665890024594808 -8.9375 -57.5 0.8651651643675016 4 
0004 0008 1665890024595693 26.0 -62.5 3.11091303783208 4 
0004 0015 1665890024596606 -69.125 -64.5 0.2945243112740431 4 
0004 0014 1665890024597760 -221.3125 -67.0 4.963961829597935 4 
0004 0011 1665890024599840 -4.0625 -62.5 0.8958447801252144 4 
0004 0002 1665890024601235 -43.125 -70.5 0.8528933180644165 4 
0004 0003 1665890024602628 186.3125 -67.5 1.6382914814618648 4 
0004 0010 1665890024603567 -8.9375 -60.0 5.589825991055276 4 
0004 0014 1665890024695780 -143.1875 -67.0 4.95168998329485 4 
0004 0012 1665890024696664 -139.125 -63.5 5.835262917116979 4 
0004 0007 1665890024698069 -8.9375 -58.0 4.865787059173254 4 
0004 0005 1665890024699239 -65.0625 -59.0 0.8774370106705868 4 
0004 0010 1665890024700419 -87.0625 -60.5 5.675728915176872 4 
0004 0002 1665890024701315 -199.375 -70.5 1.0185632431560658 4 
0004 0013 1665890024702724 -8.9375 -62.5 4.0987966652304335 4 
0004 0015 1665890024705793 26.0 -65.0 0.14726215563702155 4 
0004 0004 1665890024706701 8.9375 -57.5 0.8651651643675016 4 
0004 0008 1665890024707825 -17.0625 -62.5 3.1354567304382504 4 
0004 0011 1665890024709260 0.0 -63.0 0.9019807032767571 4 
0004 0006 1665890024711737 42.3125 -69.5 4.362641360746763 4 
0004 0003 1665890024714324 -91.125 -67.0 1.9389517158874505 4 
0004 0008 1665890024806432 -26.0 -63.0 3.098641191528995 4 
0004 0003 1665890024807879 43.125 -66.5 1.88986433067511 4 
0004 0012 1665890024811019 -43.125 -63.5 5.730952223540755 4 
0004 0013 1665890024811933 4.0625 -63.5 4.04357335686655 4 
0004 0010 1665890024812816 4.0625 -60.0 5.608233760509904 4 
0004 0004 1665890024813742 21.9375 -57.5 0.859029241215959 4 
0004 0011 1665890024814926 13.0 -62.5 0.8774370106705868 4 
0004 0007 1665890024816557 17.0625 -58.0 4.853515212870168 4 
0004 0005 1665890024817708 -34.9375 -59.0 0.803805932852076 4 
0004 0006 1665890024819832 9.75 -67.5 4.3503695144436785 4 
0004 0015 1665890024820749 -21.9375 -65.0 0.2761165418194154 4 
0004 0002 1665890024822210 8.9375 -70.0 0.7424467013366504 4 
0004 0014 1665890024823151 26.0 -67.0 4.7307967498393175 4 
0004 0015 1665890024915837 -48.0 -65.0 0.30679615757712825 4 
0004 0002 1665890024916717 78.0625 -72.0 0.7363107781851077 4 
0004 0007 1665890024918139 -39.0 -57.5 4.92714629068868 4 
0004 0003 1665890024919050 -26.0 -67.5 2.012582793705961 4 
0004 0012 1665890024919922 -152.125 -64.0 5.859806609723149 4 
0004 0008 1665890024921088 82.1875 -62.0 3.055689729468197 4 
0004 0011 1665890024922509 -8.9375 -62.5 0.8713010875190442 4 
0004 0010 1665890024923918 -52.0625 -60.0 5.651185222570702 4 
0004 0005 1665890024925213 -52.0625 -59.0 0.8344855486097889 4 
0004 0013 1665890024926126 4.0625 -63.5 4.0987966652304335 4 
0004 0014 1665890024927295 -95.1875 -68.5 4.95168998329485 4 
0004 0004 1665890024928176 -13.0 -58.0 0.8467573949128739 4 
0004 0006 1665890024930551 -70.75 -68.0 4.381049130201391 4 
0004 0015 1665890025021735 -48.0 -64.5 0.21475731030398976 4 
0004 0013 1665890025023203 21.9375 -63.0 4.031301510563465 4 
0004 0005 1665890025024698 -17.0625 -59.0 0.7915340865489908 4 
0004 0003 1665890025026062 61.0 -67.0 1.8653206380689396 4 
0004 0011 1665890025027062 87.0625 -62.5 0.8344855486097889 4 
0004 0014 1665890025028199 43.125 -67.0 4.595806440505381 4 
0004 0002 1665890025029307 217.25 -70.5 0.6504078540635119 4 
0004 0007 1665890025030259 26.0 -57.5 4.828971520263998 4 
0004 0004 1665890025031908 -30.0625 -57.5 0.9081166264282996 4 
0004 0008 1665890025033026 0.0 -63.0 3.1354567304382504 4 
0004 0012 1665890025034825 -91.125 -63.5 5.749359992995383 4 
0004 0010 1665890025036333 -39.0 -60.0 5.688000761479957 4 
0004 0006 1665890025037642 -61.8125 -67.5 4.301282129231338 4 
0004 0015 1665890025137034 -39.0 -64.0 0.15339807878856412 4 
0004 0007 1665890025138172 -52.0625 -57.5 4.890330751779424 4 
0004 0010 1665890025139665 100.0625 -60.0 5.473243451175968 4 
0004 0013 1665890025140609 17.0625 -62.5 4.0128937411088375 4 
0004 0008 1665890025141521 26.0 -62.0 3.0925052683774528 4 
0004 0004 1665890025142431 17.0625 -57.5 0.8835729338221293 4 
0004 0011 1665890025143344 21.9375 -62.5 0.8713010875190442 4 
0004 0014 1665890025144254 48.0 -67.5 4.700117134081604 4 
0004 0003 1665890025146398 52.0625 -67.0 1.9144080232812801 4 
0004 0005 1665890025147291 4.0625 -59.0 0.7547185476397354 4 
0004 0006 1665890025148443 -61.8125 -66.5 4.264466590322082 4 
0004 0012 1665890025151331 108.1875 -64.0 5.534602682691394 4 
0004 0002 1665890025152224 -56.125 -70.0 1.0615147052168636 4 
0004 0000 1665890025395601 9.0625 -76.5 0.1043106935762236 4 
0004 0007 1665890025402153 -13.0 -57.5 4.841243366567084 4 
0004 0003 1665890025403048 78.0625 -68.5 2.4175537217077703 4 
0004 0005 1665890025404200 -17.0625 -60.5 0.8774370106705868 4 
0004 0008 1665890025406542 -48.0 -61.5 3.3440781175906977 4 
0004 0012 1665890025407472 -65.0625 -64.5 5.47937937432751 4 
0004 0015 1665890025408693 17.0625 -64.0 0.2454369260617026 4 
0004 0010 1665890025410031 34.9375 -59.0 5.111223985234957 4 
0004 0004 1665890025413127 -26.0 -56.5 1.043106935762236 4 
0004 0014 1665890025413996 43.125 -67.0 4.724660826687775 4 
0004 0013 1665890025415380 -152.125 -64.0 4.1601558967458585 4 
0004 0011 1665890025416377 -17.0625 -60.5 0.9940195505498954 4 
0004 0006 1665890025417785 -118.75 -67.5 4.264466590322082 4 
0004 0002 1665890025420015 48.0 -69.5 1.0983302441261191 4 
0004 0000 1665890025484859 -6.375 -76.0 0.5645049299419159 4 
0004 0005 1665890025530995 -34.9375 -62.0 1.0185632431560658 4 
0004 0007 1665890025531921 -34.9375 -58.0 4.798291904506286 4 
0004 0012 1665890025533074 108.1875 -64.5 4.853515212870168 4 
0004 0006 1665890025534238 -94.375 -65.5 4.246058820867455 4 
0004 0011 1665890025535390 -8.9375 -57.5 1.0799224746714913 4 
0004 0014 1665890025536319 117.125 -67.5 4.638757902566179 4 
0004 0010 1665890025537457 -39.0 -58.5 4.172427743048944 4 
0004 0004 1665890025538592 -8.9375 -56.0 1.1351457830353744 4 
0004 0015 1665890025539505 -17.0625 -64.5 0.11658253987930872 4 
0004 0008 1665890025543929 -17.0625 -62.0 3.11091303783208 4 
0004 0013 1665890025544817 65.0625 -64.5 3.693825737228624 4 
0004 0003 1665890025546545 56.125 -68.0 3.4177091954092087 4 
0004 0002 1665890025547570 -143.1875 -69.5 1.7241944055834606 4 
0004 0000 1665890025565156 25.125 -74.0 0.662679700366597 4 
0004 0013 1665890025644588 -30.0625 -62.5 2.9391071895888885 4 
0004 0008 1665890025646231 0.0 -60.5 2.380738182798515 4 
0004 0011 1665890025647999 -4.0625 -58.0 0.8897088569736719 4 
0004 0003 1665890025648912 126.125 -66.5 4.264466590322082 4 
0004 0007 1665890025650757 13.0 -59.0 4.460816131171445 4 
0004 0015 1665890025651729 65.0625 -65.0 5.982525072754001 4 
0004 0010 1665890025652640 21.9375 -57.0 2.2334760271614935 4 
0004 0004 1665890025654275 -26.0 -55.5 0.9203884727313847 4 
0004 0014 1665890025655173 87.0625 -68.0 4.6448938257177215 4 
0004 0012 1665890025656115 -30.0625 -65.0 4.945554060143307 4 
0004 0005 1665890025658467 0.0 -66.0 0.8835729338221293 4 
0004 0000 1665890025659357 52.0625 -70.0 4.528311285838413 4 
0004 0006 1665890025660449 -47.1875 -65.5 4.1601558967458585 4 
0004 0002 1665890025661742 -165.1875 -72.0 2.988194574801229 4 
0004 0001 1665890025771317 -6.0 -78.5 1.8285050991596843 4 
0004 0015 1665890025779102 -13.0 -61.5 5.737088146692298 4 
0004 0012 1665890025780186 143.1875 -67.5 3.6999616603801666 4 
0004 0004 1665890025781337 13.0 -53.5 0.380427235395639 4 
0004 0013 1665890025784026 -78.0625 -62.0 1.4173982480063325 4 
0004 0014 1665890025785220 -69.125 -66.5 5.031456984264903 4 
0004 0000 1665890025786102 -4.0625 -66.5 5.166447293598839 4 
0004 0008 1665890025787269 -26.0 -53.5 1.1903690913992575 4 
0004 0006 1665890025788177 23.5625 -67.5 3.988350048502667 4 
0004 0003 1665890025790078 43.125 -70.0 5.712544454086128 4 
0004 0010 1665890025791261 -52.0625 -57.5 5.902758071783947 4 
0004 0007 1665890025794804 21.9375 -66.5 3.472932503773092 4 
0004 0002 1665890025800047 0.0 -72.5 4.289010282928253 4 
0004 0001 1665890025859185 -22.125 -79.0 0.0 4 
0004 0008 1665890025910535 0.0 -53.5 0.380427235395639 4 
0004 0004 1665890025911875 -56.125 -57.0 6.14819499784565 4 
0004 0000 1665890025913040 8.9375 -58.5 4.325825821837508 4 
0004 0007 1665890025913956 -143.1875 -68.0 6.074563920027139 4 
0004 0010 1665890025914908 21.9375 -59.5 3.356349963893783 4 
0004 0015 1665890025916076 -52.0625 -61.0 5.829126993965437 4 
0004 0012 1665890025917439 -8.9375 -70.5 3.160000423044421 4 
0004 0014 1665890025919742 -69.125 -66.0 5.117359908386499 4 
0004 0002 1665890025921351 173.3125 -72.5 3.509748042682347 4 
0004 0003 1665890025967312 5.3125 -74.5 0.30066023442558565 4 
0004 0011 1665890026018567 -78.0625 -68.0 3.9944859716542096 4 
0004 0015 1665890026020615 69.125 -62.0 5.559146375297564 4 
0004 0007 1665890026021512 -17.0625 -60.5 4.73693267299086 4 
0004 0008 1665890026022410 -21.9375 -64.5 6.17273869045182 4 
0004 0005 1665890026023323 -17.0625 -69.0 5.221670601962723 4 
0004 0003 1665890026024956 13.0 -71.0 3.098641191528995 4 
0004 0010 1665890026026351 43.125 -61.0 1.902136176978195 4 
0004 0014 1665890026027261 21.9375 -63.5 4.871922982324796 4 
0004 0000 1665890026028172 -21.9375 -56.0 2.8286605728611223 4 
0004 0004 1665890026030434 21.9375 -67.5 3.5281558121369745 4 
0004 0002 1665890026034728 516.75 -74.0 2.748893571891069 4 
0004 0012 1665890026048589 -7.6875 -75.0 0.07669903939428206 4 
0004 0009 1665890026095922 10.5 -74.0 0.05522330836388308 4 
0004 0001 1665890026099699 7.625 -77.5 5.620505606812989 4 
0004 0000 1665890026146456 30.0625 -57.5 2.1659808724945253 4 
0004 0003 1665890026147369 342.5625 -72.5 2.5586799541932495 4 
0004 0004 1665890026149142 -4.0625 -61.0 1.1474176293384597 4 
0004 0015 1665890026151663 -61.0 -61.5 5.638913376267617 4 
0004 0014 1665890026152973 -108.1875 -62.5 5.178719139901925 4 
0004 0005 1665890026155249 -87.0625 -67.0 5.522330836388308 4 
0004 0007 1665890026157093 -48.0 -57.5 4.2031073588066565 4 
0004 0010 1665890026157991 82.1875 -63.0 1.0615147052168636 4 
0004 0002 1665890026159747 -108.1875 -75.5 2.60776733940559 4 
0004 0011 1665890026162152 -152.125 -68.5 3.1661363461959633 4 
0004 0012 1665890026165756 -69.125 -71.5 0.3374757733348411 4 
0004 0001 1665890026168542 -659.9375 -73.0 6.050020227420969 4 
0004 0006 1665890026182826 55.3125 -72.0 4.776816173475886 4 
0004 0009 1665890026198872 3.1875 -72.0 0.6504078540635119 4 
0004 0008 1665890026228517 -2.125 -72.5 5.792311455056181 4 
0004 0015 1665890026274470 -69.125 -62.0 5.595961914206819 4 
0004 0011 1665890026275918 74.0 -70.0 2.521864415283994 4 
0004 0008 1665890026277370 -61.0 -67.5 5.792311455056181 4 
0004 0009 1665890026278311 -43.125 -69.0 3.9515345095934116 4 
0004 0014 1665890026279206 13.0 -61.0 5.0682725231741586 4 
0004 0004 1665890026280353 0.0 -59.5 0.6933593161243098 4 
0004 0000 1665890026281538 -34.9375 -60.5 1.7426021750380885 4 
0004 0010 1665890026282464 -87.0625 -64.0 0.8651651643675016 4 
0004 0006 1665890026283826 -9.75 -69.0 4.577398671050753 4 
0004 0005 1665890026284742 48.0 -70.0 5.375068680751287 4 
0004 0007 1665890026286387 4.0625 -57.5 3.9392626632903265 4 
0004 0012 1665890026293996 -407.6875 -73.0 0.5645049299419159 4 
0004 0001 1665890026331703 4.0625 -76.5 5.074408446325701 4 
0004 0002 1665890026339900 1.625 -76.5 2.399145952253143 4 
0004 0006 1665890026412102 65.0625 -68.0 4.3933209765044765 4 
0004 0009 1665890026415097 -126.125 -68.5 4.111068511533518 4 
0004 0004 1665890026416021 -61.0 -58.0 0.7424467013366504 4 
0004 0015 1665890026416949 34.9375 -62.5 5.50392306693368 4 
0004 0007 1665890026417859 -4.0625 -58.0 3.8410878928656453 4 
0004 0000 1665890026419521 -48.0 -63.0 1.4910293258248433 4 
0004 0014 1665890026420884 -52.0625 -60.5 5.080544369477243 4 
0004 0008 1665890026423265 -147.25 -65.0 5.743224069843841 4 
0004 0010 1665890026424584 -4.0625 -64.0 0.7363107781851077 4 
0004 0012 1665890026431665 17.0625 -74.5 0.17794177139473438 4 
0004 0011 1665890026436127 -126.125 -73.0 2.6016314162540475 4 
0004 0002 1665890026458611 -17.4375 -76.5 5.605165798934133 4 
0004 0001 1665890026468799 17.0625 -77.5 4.81056375080937 4 
0004 0005 1665890026509643 0.75 -75.0 5.47937937432751 4 
0004 0010 1665890026564633 34.9375 -65.0 0.7240389318820226 4 
0004 0004 1665890026565630 -30.0625 -58.0 0.8222137023067037 4 
0004 0008 1665890026566810 43.125 -65.0 5.546874528994478 4 
0004 0000 1665890026567973 8.9375 -63.0 1.576932249946439 4 
0004 0007 1665890026568856 4.0625 -58.0 3.816544200259475 4 
0004 0011 1665890026569800 -173.3125 -71.5 2.7550294950426117 4 
0004 0015 1665890026570753 8.9375 -63.0 5.583690067903734 4 
0004 0014 1665890026572035 48.0 -60.0 4.970097752749477 4 
0004 0006 1665890026573172 26.0 -69.0 4.638757902566179 4 
0004 0009 1665890026574227 -126.125 -68.0 4.154019973594316 4 
0004 0012 1665890026594621 44.3125 -74.0 0.29145634969827183 4 
0004 0005 1665890026605918 13.875 -73.0 5.325981295538946 4 
0004 0001 1665890026608042 1.625 -77.0 5.019185137961818 4 
0004 0002 1665890026619667 -14.625 -77.0 2.6384469551633027 4 
0004 0014 1665890026690435 -13.0 -60.5 5.074408446325701 4 
0004 0000 1665890026691829 30.0625 -62.0 1.8039614065535141 4 
0004 0015 1665890026693659 -104.125 -62.5 5.724816300389213 4 
0004 0010 1665890026695049 -87.0625 -64.5 0.9633399347921826 4 
0004 0004 1665890026697656 -30.0625 -58.5 0.9510680884890975 4 
0004 0008 1665890026700661 -195.25 -66.5 5.9518454569962875 4 
0004 0005 1665890026701688 91.125 -70.0 5.5714182216006485 4 
0004 0006 1665890026703986 -33.3125 -68.0 4.755340442445488 4 
0004 0009 1665890026705137 -34.9375 -68.5 4.123340357836604 4 
0004 0007 1665890026706360 8.9375 -58.0 3.8410878928656453 4 
0004 0011 1665890026708170 -34.9375 -72.0 2.4911847995262812 4 
0004 0012 1665890026709310 -91.125 -72.5 0.5460971604872883 4 
0004 0001 1665890026730829 5.625 -77.0 5.227806525114265 4 
0004 0002 1665890026741848 21.1875 -77.5 5.651185222570702 4 
0004 0015 1665890026809591 -95.1875 -62.5 5.706408530934585 4 
0004 0007 1665890026811793 -17.0625 -57.5 3.865631585471816 4 
0004 0004 1665890026813858 8.9375 -58.5 0.9081166264282996 4 
0004 0008 1665890026814787 -139.125 -67.0 5.872078456026235 4 
0004 0000 1665890026815696 48.0 -61.5 1.7303303287350031 4 
0004 0009 1665890026816860 121.25 -68.5 3.877903431774901 4 
0004 0012 1665890026817956 -34.9375 -73.0 0.4724660826687775 4 
0004 0014 1665890026820125 -39.0 -60.5 5.049864753719531 4 
0004 0010 1665890026821009 30.0625 -64.5 0.803805932852076 4 
0004 0006 1665890026824072 -61.8125 -70.0 5.043728830567988 4 
0004 0005 1665890026825228 134.25 -71.0 5.411884219660542 4 
0004 0011 1665890026826861 21.9375 -72.5 2.36846633649543 4 
0004 0001 1665890026845287 119.1875 -76.0 1.9604274469178493 4 
0004 0002 1665890026852949 -29.25 -77.0 5.927301764390117 4 
0004 0015 1665890026929613 -134.25 -62.5 5.743224069843841 4 
0004 0009 1665890026931048 48.0 -69.5 3.9147189706841563 4 
0004 0000 1665890026931945 61.0 -62.0 1.736466251886546 4 
0004 0008 1665890026934119 -134.25 -67.0 5.8475347634200645 4 
0004 0011 1665890026935299 87.0625 -71.0 2.5402721847386216 4 
0004 0006 1665890026936676 52.0625 -69.5 4.792155981354743 4 
0004 0007 1665890026937572 17.0625 -57.5 3.865631585471816 4 
0004 0014 1665890026941410 8.9375 -60.5 5.049864753719531 4 
0004 0004 1665890026942550 30.0625 -58.5 0.9019807032767571 4 
0004 0010 1665890026944199 34.9375 -64.0 0.8344855486097889 4 
0004 0005 1665890026946512 -126.125 -71.5 5.651185222570702 4 
0004 0012 1665890026948582 -260.375 -74.0 0.5583690067903734 4 
0004 0001 1665890026959060 -243.3125 -74.5 5.540738605842936 4 
0004 0002 1665890026992913 15.375 -77.5 2.5402721847386216 4 
0004 0004 1665890027073490 43.125 -58.0 0.8528933180644165 4 
0004 0007 1665890027074667 -17.0625 -58.0 3.8840393549264434 4 
0004 0010 1665890027075551 52.0625 -64.0 0.11044661672776616 4 
0004 0008 1665890027076974 -139.125 -66.0 5.890486225480862 4 
0004 0006 1665890027078110 -121.25 -69.5 5.111223985234957 4 
0004 0015 1665890027079276 -4.0625 -62.0 5.810719224510809 4 
0004 0000 1665890027080683 34.9375 -61.5 1.7916895602504288 4 
0004 0014 1665890027081609 43.125 -60.5 5.221670601962723 4 
0004 0011 1665890027082539 286.4375 -72.5 1.736466251886546 4 
0004 0005 1665890027085633 -139.125 -71.5 5.878214379177777 4 
0004 0003 1665890027086512 30.0625 -72.5 2.098485717827557 4 
0004 0012 1665890027090494 160.3125 -71.5 0.25770877236478773 4 
0004 0009 1665890027116647 24.375 -70.5 3.988350048502667 4 
0004 0002 1665890027119359 19.5 -77.0 5.749359992995383 4 
0004 0001 1665890027129605 2.4375 -76.0 4.921010367537137 4 
0004 0014 1665890027203501 -39.0 -60.5 5.332117218690489 4 
0004 0010 1665890027205077 4.0625 -64.0 0.0859029241215959 4 
0004 0003 1665890027207137 151.3125 -72.5 1.7426021750380885 4 
0004 0004 1665890027208061 30.0625 -58.0 0.8528933180644165 4 
0004 0015 1665890027209016 -43.125 -62.0 5.816855147662351 4 
0004 0007 1665890027209943 -39.0 -58.0 3.877903431774901 4 
0004 0000 1665890027211094 56.125 -62.0 1.736466251886546 4 
0004 0008 1665890027211989 -13.0 -65.5 5.724816300389213 4 
0004 0006 1665890027222304 -42.3125 -69.0 5.031456984264903 4 
0004 0011 1665890027229306 -26.0 -71.5 2.2089323345553233 4 
0004 0001 1665890027230343 74.0 -74.5 5.006913291658733 4 
0004 0012 1665890027231257 82.1875 -73.5 0.2270291566070749 4 
0004 0005 1665890027238878 -186.3125 -72.5 6.080699843178682 4 
0004 0009 1665890027264982 -9.75 -70.5 0.9878836273983529 4 
0004 0002 1665890027267124 -9.0 -77.0 5.792311455056181 4 
0004 0004 1665890027338629 -65.0625 -58.5 0.944932165337555 4 
0004 0014 1665890027341246 -104.125 -60.5 5.381204603902829 4 
0004 0008 1665890027342720 0.0 -66.5 5.6573211457222445 4 
0004 0007 1665890027346617 4.0625 -57.5 3.8410878928656453 4 
0004 0015 1665890027347540 0.0 -61.5 5.773903685601553 4 
0004 0006 1665890027348354 85.4375 -70.0 4.988505522204105 4 
0004 0000 1665890027349605 4.0625 -61.0 1.8162332528565992 4 
0004 0010 1665890027350546 17.0625 -64.0 0.09817477042468103 4 
0004 0011 1665890027353631 -104.125 -71.0 2.325514874434632 4 
0004 0005 1665890027354772 -221.3125 -72.0 5.902758071783947 4 
0004 0012 1665890027361362 -130.1875 -74.0 0.4049709280018093 4 
0004 0001 1665890027379786 -109.4375 -76.0 2.1353012567368124 4 
0004 0002 1665890027381023 212.8125 -76.0 5.439495873842484 4 
0004 0009 1665890027386368 -1.625 -71.0 0.8958447801252144 4 
0004 0014 1665890027465799 -43.125 -60.5 5.289165756629691 4 
0004 0000 1665890027467789 48.0 -61.5 1.705786636128833 4 
0004 0008 1665890027468672 52.0625 -66.0 5.546874528994478 4 
0004 0015 1665890027470542 -104.125 -61.5 5.93343768754166 4 
0004 0011 1665890027471453 108.1875 -72.5 2.030990563160589 4 
0004 0005 1665890027472365 221.3125 -71.5 5.675728915176872 4 
0004 0006 1665890027473273 -241.6875 -69.0 5.381204603902829 4 
0004 0010 1665890027474424 -43.125 -64.0 0.1718058482431918 4 
0004 0004 1665890027476679 17.0625 -58.0 0.859029241215959 4 
0004 0007 1665890027479712 -43.125 -57.5 3.9208548938356986 4 
0004 0001 1665890027484349 191.1875 -74.0 4.798291904506286 4 
0004 0003 1665890027486192 212.375 -73.5 1.9205439464328227 4 
0004 0012 1665890027489111 -178.1875 -73.5 0.5154175447295755 4 
0004 0009 1665890027521980 1.625 -71.5 0.9326603190344698 4 
0004 0002 1665890027524040 -25.125 -77.0 5.884350302329319 4 
0004 0007 1665890027602087 -26.0 -57.5 3.902447124381071 4 
0004 0004 1665890027603879 -26.0 -58.5 0.8897088569736719 4 
0004 0014 1665890027606181 -8.9375 -60.5 5.301437602932776 4 
0004 0000 1665890027608080 21.9375 -61.0 1.662835174068035 4 
0004 0015 1665890027608989 0.0 -62.0 5.792311455056181 4 
0004 0008 1665890027609904 -39.0 -66.0 5.595961914206819 4 
0004 0010 1665890027610858 30.0625 -64.5 0.11044661672776616 4 
0004 0006 1665890027612263 66.6875 -70.5 5.056000676871073 4 
0004 0012 1665890027631795 -108.1875 -73.0 0.46019423636569234 4 
0004 0011 1665890027633345 78.0625 -72.0 1.9880391010997909 4 
0004 0005 1665890027649197 3.1875 -74.0 2.804116880254952 4 
0004 0001 1665890027655532 26.0625 -76.5 4.878058905476339 4 
0004 0009 1665890027659774 -16.3125 -71.0 4.086524818927348 4 
0004 0003 1665890027663295 7.125 -75.5 2.116893487282185 4 
0004 0002 1665890027666571 -6.5 -76.5 2.5464081078901644 4 
0004 0007 1665890027738775 -13.0 -58.0 3.859495662320273 4 
0004 0010 1665890027739743 -8.9375 -63.5 0.1227184630308513 4 
0004 0000 1665890027740897 39.0 -61.5 1.6505633277649499 4 
0004 0008 1665890027741779 -91.125 -65.0 5.700272607783043 4 
0004 0014 1665890027742714 0.0 -61.0 5.270757987175063 4 
0004 0015 1665890027745805 8.9375 -62.0 5.755495916146925 4 
0004 0004 1665890027746716 -4.0625 -58.5 0.9019807032767571 4 
0004 0006 1665890027749320 -104.125 -70.5 5.154175447295755 4 
0004 0011 1665890027753875 191.1875 -72.5 1.718058482431918 4 
0004 0012 1665890027755661 -39.0 -73.5 0.4970097752749477 4 
0004 0001 1665890027763210 95.1875 -74.5 4.9823695990525625 4 
0004 0002 1665890027790755 15.0 -75.5 5.780039608753096 4 
0004 0009 1665890027799619 -6.5 -71.0 0.9572040116406401 4 
0004 0003 1665890027802332 12.9375 -75.5 2.000310947402876 4 
0004 0004 1665890027901578 8.9375 -58.0 0.8958447801252144 4 
0004 0000 1665890027902746 34.9375 -61.5 1.6566992509164924 4 
0004 0007 1665890027906569 -4.0625 -57.5 3.8533597391687304 4 
0004 0008 1665890027907510 -26.0 -65.5 5.632777453116074 4 
0004 0014 1665890027908676 -65.0625 -60.5 5.344389064993574 4 
0004 0015 1665890027909810 -8.9375 -61.5 5.780039608753096 4 
0004 0006 1665890027911303 -28.4375 -70.0 5.141903600992669 4 
0004 0010 1665890027912243 -26.0 -64.0 0.1043106935762236 4 
0004 0011 1665890027914081 234.3125 -73.0 1.7241944055834606 4 
0004 0012 1665890027945459 19.5 -74.0 0.38349519697141027 4 
0004 0002 1665890027948429 74.8125 -75.0 2.6323110320117604 4 
0004 0001 1665890027953573 83.375 -75.5 1.846912868614312 4 
0004 0009 1665890027959554 -1.625 -71.0 4.080388895775806 4 
0004 0003 1665890027964942 -2.4375 -75.0 2.1966604882522383 4 
0004 0004 1665890028042104 -21.9375 -58.5 0.9081166264282996 4 
0004 0007 1665890028043692 -8.9375 -57.5 3.8288160465625602 4 
0004 0000 1665890028044845 30.0625 -61.0 1.662835174068035 4 
0004 0002 1665890028045770 104.125 -73.0 2.5280003384355365 4 
0004 0008 1665890028046933 39.0 -66.0 5.5284667595398505 4 
0004 0006 1665890028047858 52.0625 -71.5 5.056000676871073 4 
0004 0010 1665890028053306 -21.9375 -64.0 0.0859029241215959 4 
0004 0014 1665890028055092 21.9375 -60.5 5.21553467881118 4 
0004 0015 1665890028056257 17.0625 -61.5 5.743224069843841 4 
0004 0011 1665890028057097 -8.9375 -72.5 2.012582793705961 4 
0004 0012 1665890028061900 191.1875 -75.5 0.02454369260617026 4 
0004 0001 1665890028081973 -12.1875 -76.5 4.945554060143307 4 
0004 0009 1665890028084788 -9.75 -72.0 0.9633399347921826 4 
0004 0003 1665890028087497 -12.9375 -75.5 5.411884219660542 4 
0004 0014 1665890028163728 -61.0 -61.0 5.283029833478148 4 
0004 0011 1665890028165266 -8.9375 -73.0 1.9941750242513334 4 
0004 0004 1665890028166700 4.0625 -58.5 0.8528933180644165 4 
0004 0000 1665890028167671 -30.0625 -61.5 1.6260196351587797 4 
0004 0006 1665890028168552 -156.1875 -70.5 5.246214294568893 4 
0004 0012 1665890028170723 82.1875 -73.5 0.18407769454627693 4 
0004 0007 1665890028171903 -43.125 -57.5 3.859495662320273 4 
0004 0015 1665890028173934 -17.0625 -61.5 5.786175531904639 4 
0004 0010 1665890028174916 13.0 -64.0 0.018407769454627694 4 
0004 0008 1665890028176324 -26.0 -65.0 5.620505606812989 4 
