0004 0005 1665890265477731 21.9375 -57.0 0.5092816215780329 4 
0004 0003 1665890265479531 -8.9375 -65.5 1.6505633277649499 4 
0004 0002 1665890265481011 82.1875 -69.5 0.9019807032767571 4 
0004 0012 1665890265577884 48.0 -64.0 5.632777453116074 4 
0004 0005 1665890265579619 34.9375 -57.5 0.5276893910326605 4 
0004 0003 1665890265581280 48.0 -66.0 1.5892040962495242 4 
0004 0008 1665890265582430 -13.0 -61.0 3.5465635815916023 4 
0004 0015 1665890265583811 -21.9375 -65.0 0.28225246497095796 4 
0004 0006 1665890265585032 -189.5625 -68.5 4.675573441475434 4 
0004 0011 1665890265585917 195.25 -62.5 0.7485826244881929 4 
0004 0002 1665890265587648 269.3125 -69.5 0.6504078540635119 4 
0004 0007 1665890265588528 -74.0 -58.0 4.509903516383785 4 
0004 0013 1665890265589417 -65.0625 -62.0 4.190835512503572 4 
0004 0010 1665890265590554 -34.9375 -61.5 5.994796919057086 4 
0004 0004 1665890265591706 61.0 -57.5 0.9326603190344698 4 
0004 0014 1665890265593440 -39.0 -68.5 4.859651136021712 4 
0004 0014 1665890265692057 26.0 -67.5 4.871922982324796 4 
0004 0004 1665890265693775 17.0625 -58.0 0.9203884727313847 4 
0004 0013 1665890265695758 -65.0625 -63.0 4.178563666200486 4 
0004 0015 1665890265696699 -61.0 -65.0 0.3190680038802134 4 
0004 0002 1665890265697609 121.25 -69.5 0.6749515466696822 4 
0004 0005 1665890265699022 0.0 -57.5 0.5338253141842031 4 
0004 0010 1665890265700177 30.0625 -61.0 5.890486225480862 4 
0004 0011 1665890265701898 -17.0625 -63.0 1.0185632431560658 4 
0004 0008 1665890265703675 -21.9375 -61.0 3.56497135104623 4 
0004 0012 1665890265704589 -82.1875 -64.0 5.816855147662351 4 
0004 0006 1665890265705997 -312.4375 -68.5 4.767612288748572 4 
0004 0007 1665890265706892 -30.0625 -57.5 4.460816131171445 4 
0004 0003 1665890265708199 48.0 -65.5 1.552388557340269 4 
0004 0004 1665890265806234 52.0625 -58.0 0.8283496254582462 4 
0004 0007 1665890265807371 34.9375 -57.5 4.387185053352934 4 
0004 0012 1665890265808284 -82.1875 -63.5 5.688000761479957 4 
0004 0003 1665890265809452 52.0625 -65.5 1.521708941582556 4 
0004 0011 1665890265810591 74.0 -63.0 0.9019807032767571 4 
0004 0005 1665890265814557 43.125 -57.0 0.46019423636569234 4 
0004 0008 1665890265815467 -91.125 -61.0 3.5956509668039427 4 
0004 0010 1665890265816859 -30.0625 -61.5 5.884350302329319 4 
0004 0013 1665890265817731 30.0625 -62.5 4.0558452031696355 4 
0004 0015 1665890265818915 -26.0 -65.0 0.2086213871524472 4 
0004 0006 1665890265820276 -14.625 -68.5 4.675573441475434 4 
0004 0014 1665890265821203 -104.125 -67.0 5.006913291658733 4 
0004 0002 1665890265826463 217.25 -69.0 0.5338253141842031 4 
0004 0005 1665890265924561 30.0625 -57.5 0.46019423636569234 4 
0004 0012 1665890265925788 65.0625 -63.0 5.583690067903734 4 
0004 0007 1665890265927820 -61.0 -58.0 4.466952054322987 4 
0004 0010 1665890265928732 -39.0 -61.0 5.853670686571607 4 
0004 0014 1665890265929629 104.125 -68.0 4.76147636559703 4 
0004 0006 1665890265931016 -99.25 -68.5 4.651029748869264 4 
0004 0008 1665890265931899 -78.0625 -61.5 3.5833791205008576 4 
0004 0015 1665890265932841 -95.1875 -65.0 0.32520392703175593 4 
0004 0002 1665890265933864 139.125 -70.0 0.6381360077604268 4 
0004 0004 1665890265934787 8.9375 -58.0 0.8222137023067037 4 
0004 0013 1665890265936666 -52.0625 -62.5 4.1417481272912315 4 
0004 0003 1665890265937929 -21.9375 -65.5 1.6260196351587797 4 
0004 0011 1665890265938844 -69.125 -63.0 0.9756117810952678 4 
0004 0015 1665890266036819 126.125 -65.5 0.03681553890925539 4 
0004 0008 1665890266038808 -74.0 -61.0 3.5465635815916023 4 
0004 0005 1665890266039732 21.9375 -57.0 0.46019423636569234 4 
0004 0002 1665890266041126 130.1875 -69.5 0.6994952392758523 4 
0004 0010 1665890266042292 39.0 -61.5 5.780039608753096 4 
0004 0011 1665890266043927 13.0 -63.0 0.8958447801252144 4 
0004 0004 1665890266044820 0.0 -58.0 0.8099418560036186 4 
0004 0014 1665890266045752 -121.25 -68.5 4.95168998329485 4 
0004 0007 1665890266046661 -48.0 -58.0 4.448544284868359 4 
0004 0012 1665890266048158 -48.0 -63.5 5.706408530934585 4 
0004 0013 1665890266049085 -4.0625 -62.5 4.049709280018092 4 
0004 0006 1665890266050720 -70.75 -68.5 4.516039439535327 4 
0004 0003 1665890266051858 52.0625 -65.5 1.5462526341887264 4 
0004 0012 1665890266150409 39.0 -64.0 5.577554144752192 4 
0004 0010 1665890266151335 -56.125 -61.5 5.829126993965437 4 
0004 0002 1665890266154557 95.1875 -69.5 0.6872233929727672 4 
0004 0015 1665890266155528 -43.125 -65.0 0.1718058482431918 4 
0004 0013 1665890266156401 -121.25 -62.0 4.154019973594316 4 
0004 0007 1665890266157565 4.0625 -57.5 4.381049130201391 4 
0004 0003 1665890266158717 91.125 -65.5 1.5462526341887264 4 
0004 0011 1665890266159659 21.9375 -62.5 0.9633399347921826 4 
0004 0006 1665890266160583 -70.75 -68.5 4.601942363656923 4 
0004 0008 1665890266161464 21.9375 -61.5 3.442252888015379 4 
0004 0014 1665890266164306 -61.0 -68.0 4.743068596142402 4 
0004 0004 1665890266165230 -17.0625 -58.0 0.8406214717613314 4 
0004 0005 1665890266166367 4.0625 -57.0 0.47860200582032003 4 
0004 0002 1665890266264229 143.1875 -68.5 0.5154175447295755 4 
0004 0015 1665890266266319 152.125 -65.5 6.227961998815704 4 
0004 0010 1665890266267225 0.0 -61.5 5.724816300389213 4 
0004 0014 1665890266268923 -121.25 -67.5 5.049864753719531 4 
0004 0006 1665890266270085 -246.5625 -69.0 4.620350133111551 4 
0004 0012 1665890266271009 26.0 -64.5 5.553010452146021 4 
0004 0013 1665890266272166 -56.125 -62.5 4.09266074207889 4 
0004 0008 1665890266273075 21.9375 -61.5 3.4054373491061236 4 
0004 0003 1665890266274837 30.0625 -65.0 1.4910293258248433 4 
0004 0007 1665890266275749 -56.125 -58.0 4.442408361716817 4 
0004 0004 1665890266276674 -39.0 -58.0 0.8222137023067037 4 
0004 0005 1665890266277834 0.0 -57.0 0.46019423636569234 4 
0004 0011 1665890266278993 95.1875 -63.0 0.8713010875190442 4 
0004 0014 1665890266378734 -26.0 -68.5 4.92714629068868 4 
0004 0003 1665890266379758 43.125 -65.5 1.4787574795217582 4 
0004 0013 1665890266380673 -26.0 -62.5 4.074252972624263 4 
0004 0015 1665890266382622 91.125 -66.5 0.006135923151542565 4 
0004 0005 1665890266383759 -8.9375 -57.0 0.44178646691106466 4 
0004 0007 1665890266385226 -21.9375 -58.0 4.399456899656019 4 
0004 0010 1665890266386133 0.0 -61.5 5.730952223540755 4 
0004 0004 1665890266387459 43.125 -58.0 0.7363107781851077 4 
0004 0012 1665890266388481 0.0 -64.0 5.577554144752192 4 
0004 0011 1665890266389369 17.0625 -62.5 0.9326603190344698 4 
0004 0008 1665890266390566 -52.0625 -61.0 3.466796580621549 4 
0004 0002 1665890266392212 147.25 -69.5 0.6933593161243098 4 
0004 0006 1665890266394329 -104.125 -67.5 4.552854978444583 4 
0004 0004 1665890266491913 -4.0625 -58.0 0.7976700097005334 4 
0004 0007 1665890266492796 8.9375 -57.5 4.362641360746763 4 
0004 0014 1665890266493951 52.0625 -68.5 4.773748211900116 4 
0004 0015 1665890266496395 21.9375 -65.5 0.1718058482431918 4 
0004 0010 1665890266498058 -61.0 -61.5 5.829126993965437 4 
0004 0013 1665890266498988 -48.0 -61.5 4.080388895775806 4 
0004 0005 1665890266500621 30.0625 -57.0 0.3988350048502667 4 
0004 0003 1665890266502012 39.0 -65.0 1.5401167110371838 4 
0004 0011 1665890266502868 65.0625 -62.5 0.8406214717613314 4 
0004 0008 1665890266503793 -108.1875 -61.5 3.5465635815916023 4 
0004 0012 1665890266505314 8.9375 -63.5 5.620505606812989 4 
0004 0006 1665890266506211 47.1875 -67.5 4.381049130201391 4 
0004 0002 1665890266508070 104.125 -69.5 0.6810874698212247 4 
0004 0014 1665890266607482 147.25 -68.5 4.6448938257177215 4 
0004 0012 1665890266608379 8.9375 -63.5 5.6143696836614465 4 
0004 0005 1665890266610382 8.9375 -57.0 0.4356505437595221 4 
0004 0002 1665890266611790 52.0625 -69.0 0.6810874698212247 4 
0004 0003 1665890266613262 -21.9375 -65.5 1.6505633277649499 4 
0004 0004 1665890266614157 4.0625 -58.0 0.8099418560036186 4 
0004 0011 1665890266615086 17.0625 -62.5 0.944932165337555 4 
0004 0007 1665890266616014 -26.0 -57.5 4.387185053352934 4 
0004 0013 1665890266617849 -17.0625 -62.5 4.037437433715008 4 
0004 0008 1665890266618887 4.0625 -61.5 3.3870295796514958 4 
0004 0010 1665890266620655 39.0 -62.0 5.626641529964532 4 
0004 0015 1665890266621540 78.0625 -65.0 0.12885438618239387 4 
0004 0006 1665890266623346 -61.8125 -68.5 4.546719055293041 4 
0004 0006 1665890266720420 -127.75 -68.5 4.454680208019902 4 
0004 0003 1665890266721303 165.1875 -65.0 1.5278448647340985 4 
0004 0005 1665890266722225 8.9375 -57.0 0.44178646691106466 4 
0004 0004 1665890266723875 13.0 -58.0 0.803805932852076 4 
0004 0013 1665890266724775 -13.0 -62.0 4.0128937411088375 4 
0004 0011 1665890266725687 -8.9375 -62.5 0.9203884727313847 4 
0004 0015 1665890266726561 48.0 -65.5 0.18407769454627693 4 
0004 0007 1665890266729881 21.9375 -58.0 4.338097668140593 4 
0004 0008 1665890266731770 21.9375 -61.5 3.380893656499953 4 
0004 0010 1665890266733191 -56.125 -61.0 5.755495916146925 4 
0004 0002 1665890266736598 82.1875 -69.0 0.6442719309119693 4 
0004 0012 1665890266738079 30.0625 -63.5 5.546874528994478 4 
0004 0014 1665890266739588 178.1875 -68.0 4.571262747899211 4 
0004 0005 1665890266837374 26.0 -57.0 0.4356505437595221 4 
0004 0013 1665890266839720 -8.9375 -62.5 4.037437433715008 4 
0004 0006 1665890266840646 -118.75 -67.5 4.558990901596125 4 
0004 0010 1665890266842037 21.9375 -61.0 5.712544454086128 4 
0004 0007 1665890266842936 -34.9375 -58.0 4.3503695144436785 4 
0004 0011 1665890266843808 -30.0625 -62.5 0.944932165337555 4 
0004 0003 1665890266844659 13.0 -64.5 1.705786636128833 4 
0004 0008 1665890266845629 -78.0625 -61.5 3.509748042682347 4 
0004 0004 1665890266847022 13.0 -58.5 0.8406214717613314 4 
0004 0002 1665890266849931 -108.1875 -69.5 0.9142525495798421 4 
0004 0012 1665890266850786 -108.1875 -63.5 5.681864838328415 4 
0004 0014 1665890266851667 -48.0 -68.5 4.8351074434155406 4 
0004 0015 1665890266852665 8.9375 -66.0 0.19634954084936207 4 
0004 0005 1665890266950286 0.0 -57.5 0.47860200582032003 4 
0004 0011 1665890266952242 30.0625 -63.5 0.8835729338221293 4 
0004 0012 1665890266953168 -56.125 -64.0 5.632777453116074 4 
0004 0006 1665890266954079 179.8125 -69.0 4.190835512503572 4 
0004 0002 1665890266955258 178.1875 -68.5 0.6320000846088841 4 
0004 0008 1665890266956407 -21.9375 -61.0 3.5036121195308043 4 
0004 0010 1665890266957364 43.125 -61.0 5.675728915176872 4 
0004 0013 1665890266959001 -34.9375 -61.5 4.123340357836604 4 
0004 0015 1665890266960804 74.0 -66.0 0.11044661672776616 4 
0004 0014 1665890266961944 256.3125 -68.0 4.479223900626073 4 
0004 0007 1665890266963121 -8.9375 -58.0 4.387185053352934 4 
0004 0003 1665890266964004 -39.0 -64.5 1.7855536370988863 4 
0004 0004 1665890266965127 -34.9375 -58.0 0.8222137023067037 4 
0004 0006 1665890267064984 -260.375 -68.5 4.565126824747668 4 
0004 0004 1665890267066517 43.125 -57.5 0.8406214717613314 4 
0004 0002 1665890267067413 169.25 -69.5 0.6442719309119693 4 
0004 0007 1665890267068804 -39.0 -58.0 4.460816131171445 4 
0004 0015 1665890267069689 -39.0 -66.5 0.21475731030398976 4 
0004 0005 1665890267070840 -30.0625 -57.5 0.5154175447295755 4 
0004 0011 1665890267071937 39.0 -62.5 0.9019807032767571 4 
0004 0014 1665890267073116 -130.1875 -68.5 4.896466674930966 4 
0004 0003 1665890267074025 -13.0 -65.0 1.8346410223112268 4 
0004 0008 1665890267074935 -17.0625 -61.5 3.509748042682347 4 
0004 0013 1665890267077314 -87.0625 -62.0 4.2031073588066565 4 
0004 0012 1665890267078881 30.0625 -63.5 5.565282298449106 4 
0004 0010 1665890267079792 -91.125 -60.5 5.8659425328746915 4 
0004 0002 1665890267176378 221.3125 -68.5 0.6565437772150544 4 
0004 0012 1665890267178238 -39.0 -63.5 5.595961914206819 4 
0004 0008 1665890267180311 -52.0625 -61.5 3.5772431973493153 4 
0004 0005 1665890267182126 -21.9375 -57.5 0.5460971604872883 4 
0004 0010 1665890267183039 -26.0 -61.0 5.841398840268521 4 
0004 0013 1665890267183970 43.125 -62.0 4.080388895775806 4 
0004 0003 1665890267186562 39.0 -65.5 1.8223691760081417 4 
0004 0004 1665890267187712 -4.0625 -57.0 0.9203884727313847 4 
0004 0015 1665890267188640 8.9375 -66.5 0.1902136176978195 4 
0004 0007 1665890267190077 -21.9375 -57.5 4.4362724385652745 4 
0004 0011 1665890267191982 -8.9375 -62.5 0.9572040116406401 4 
0004 0014 1665890267193746 74.0 -68.5 4.773748211900116 4 
0004 0006 1665890267194653 18.6875 -68.0 4.289010282928253 4 
0004 0011 1665890267294262 21.9375 -63.0 0.9265243958829272 4 
0004 0012 1665890267295925 4.0625 -64.0 5.5714182216006485 4 
0004 0005 1665890267296823 -48.0 -57.5 0.6013204688511713 4 
0004 0008 1665890267297791 -65.0625 -61.5 3.6999616603801666 4 
0004 0014 1665890267298729 -48.0 -68.5 4.798291904506286 4 
0004 0015 1665890267300579 56.125 -65.5 0.21475731030398976 4 
0004 0007 1665890267301446 17.0625 -58.0 4.454680208019902 4 
0004 0003 1665890267302795 4.0625 -65.0 1.9941750242513334 4 
0004 0013 1665890267305667 -43.125 -62.5 4.111068511533518 4 
0004 0010 1665890267306550 65.0625 -60.5 5.663457068873787 4 
0004 0006 1665890267307927 47.1875 -67.5 4.424000592262189 4 
0004 0004 1665890267309076 8.9375 -57.5 0.9387962421860124 4 
0004 0002 1665890267310781 26.0 -69.0 0.9387962421860124 4 
0004 0010 1665890267419708 -74.0 -61.0 5.700272607783043 4 
0004 0002 1665890267420830 186.3125 -67.5 0.9265243958829272 4 
0004 0014 1665890267421981 -121.25 -67.5 4.921010367537137 4 
0004 0013 1665890267423150 -21.9375 -62.5 4.080388895775806 4 
0004 0008 1665890267424514 21.9375 -61.5 3.767456815047135 4 
0004 0003 1665890267425680 -26.0 -66.0 2.6384469551633027 4 
0004 0012 1665890267426620 -87.0625 -64.0 5.620505606812989 4 
0004 0015 1665890267428455 43.125 -66.5 0.5031456984264903 4 
0004 0005 1665890267430765 0.0 -58.0 0.5767767762450011 4 
0004 0007 1665890267431723 -34.9375 -58.0 4.528311285838413 4 
0004 0004 1665890267432873 -13.0 -57.5 1.0185632431560658 4 
0004 0006 1665890267433754 -18.6875 -68.5 4.3933209765044765 4 
0004 0011 1665890267434695 -17.0625 -62.5 1.0676506283684062 4 
0004 0014 1665890267536407 -48.0 -68.5 5.074408446325701 4 
0004 0015 1665890267538427 39.0 -66.0 0.4908738521234052 4 
0004 0013 1665890267539343 -95.1875 -62.5 4.080388895775806 4 
0004 0005 1665890267540481 56.125 -59.5 0.6504078540635119 4 
0004 0004 1665890267542154 21.9375 -57.5 1.1044661672776617 4 
0004 0002 1665890267543348 -43.125 -67.5 1.4664856332186729 4 
0004 0010 1665890267544260 -48.0 -60.5 5.295301679781233 4 
0004 0012 1665890267545202 113.0625 -64.0 5.203262832508095 4 
0004 0008 1665890267546110 4.0625 -61.5 3.77972866135022 4 
0004 0006 1665890267547516 47.1875 -68.0 4.178563666200486 4 
0004 0003 1665890267549081 52.0625 -66.0 3.2581751934691017 4 
0004 0011 1665890267550361 4.0625 -61.5 1.0799224746714913 4 
0004 0007 1665890267551345 -34.9375 -57.5 4.693981210930062 4 
0004 0005 1665890267649762 -108.1875 -63.0 0.9081166264282996 4 
0004 0006 1665890267650912 -191.1875 -69.0 4.362641360746763 4 
0004 0004 1665890267653207 65.0625 -56.0 1.2701360923693108 4 
0004 0008 1665890267654728 -21.9375 -61.5 3.6815538909255388 4 
0004 0007 1665890267655862 4.0625 -57.5 4.792155981354743 4 
0004 0011 1665890267657031 39.0 -60.5 0.9203884727313847 4 
0004 0010 1665890267657943 91.125 -59.5 4.313553975534423 4 
0004 0012 1665890267659256 34.9375 -64.0 4.755340442445488 4 
0004 0014 1665890267661074 8.9375 -68.5 4.7860200582032 4 
0004 0015 1665890267662020 91.125 -67.0 0.4663301595172349 4 
0004 0013 1665890267662964 48.0 -63.0 3.6570101983193686 4 
0004 0003 1665890267664328 56.125 -66.0 4.2092432819582 4 
0004 0002 1665890267665240 -325.5 -68.5 2.380738182798515 4 
0004 0000 1665890267688231 10.5 -74.5 1.1044661672776617 4 
0004 0007 1665890267771060 -30.0625 -59.0 4.81056375080937 4 
0004 0004 1665890267771971 26.0 -55.5 1.3130875544301088 4 
0004 0012 1665890267772898 34.9375 -65.0 4.411728745959104 4 
0004 0010 1665890267773794 8.9375 -58.0 2.9329712664373457 4 
0004 0013 1665890267775715 39.0 -62.0 2.9636508821950587 4 
0004 0011 1665890267776670 43.125 -60.5 1.0676506283684062 4 
0004 0015 1665890267777840 52.0625 -66.5 0.28838838812250056 4 
0004 0006 1665890267779332 100.0625 -67.5 4.301282129231338 4 
0004 0002 1665890267780198 -95.1875 -72.5 3.0802334220743677 4 
0004 0005 1665890267781081 -43.125 -66.5 0.9019807032767571 4 
0004 0008 1665890267781947 -39.0 -61.5 3.3624858870453256 4 
0004 0000 1665890267783085 52.0625 -71.0 4.743068596142402 4 
0004 0003 1665890267784234 8.9375 -64.0 5.589825991055276 4 
0004 0014 1665890267785558 -74.0 -70.0 4.95168998329485 4 
0004 0014 1665890267894055 -117.125 -69.0 4.779884135051658 4 
0004 0004 1665890267895231 4.0625 -54.5 1.0062913968529805 4 
0004 0013 1665890267897389 -34.9375 -61.0 2.1475731030398975 4 
0004 0007 1665890267899650 -117.125 -62.0 4.8351074434155406 4 
0004 0010 1665890267901340 -8.9375 -56.5 1.902136176978195 4 
0004 0006 1665890267902280 -127.75 -66.0 4.28287435977671 4 
0004 0008 1665890267903233 -34.9375 -59.0 2.3746022596469727 4 
0004 0011 1665890267905539 74.0 -64.5 0.4663301595172349 4 
0004 0000 1665890267907545 -173.3125 -67.5 5.780039608753096 4 
0004 0003 1665890267909892 -8.9375 -64.5 0.5154175447295755 4 
0004 0012 1665890267910809 -269.3125 -68.5 2.8286605728611223 4 
0004 0015 1665890267911721 -43.125 -64.5 0.02454369260617026 4 
0004 0005 1665890267914745 52.0625 -69.5 0.4172427743048944 4 
0004 0002 1665890267916217 8.9375 -73.0 4.779884135051658 4 
0004 0000 1665890268014826 0.0 -65.5 6.056156150572511 4 
0004 0007 1665890268016094 39.0 -65.5 4.3503695144436785 4 
0004 0008 1665890268017018 26.0 -54.0 1.6996507129772904 4 
0004 0006 1665890268017945 -213.1875 -70.0 4.798291904506286 4 
0004 0004 1665890268018824 -17.0625 -54.0 0.8835729338221293 4 
0004 0003 1665890268020020 -204.25 -69.5 1.325359400733194 4 
0004 0010 1665890268022165 -21.9375 -59.5 0.662679700366597 4 
0004 0002 1665890268023362 351.5 -72.5 4.767612288748572 4 
0004 0015 1665890268026004 -8.9375 -63.0 6.2463697682703305 4 
0004 0014 1665890268027127 -8.9375 -69.5 4.828971520263998 4 
0004 0013 1665890268028102 95.1875 -70.0 0.7792622402459057 4 
0004 0002 1665890268125012 286.4375 -73.0 4.71238898038469 4 
0004 0010 1665890268126223 -39.0 -61.0 5.460971604872882 4 
0004 0008 1665890268127157 0.0 -53.0 1.4296700943094176 4 
0004 0000 1665890268130014 26.0 -59.5 5.8475347634200645 4 
0004 0015 1665890268131197 -48.0 -62.5 6.264777537724958 4 
0004 0014 1665890268132091 -8.9375 -68.0 5.031456984264903 4 
0004 0004 1665890268133273 21.9375 -56.0 0.6810874698212247 4 
0004 0005 1665890268155586 0.0 -73.5 2.4727770300716534 4 
0004 0006 1665890268179788 9.75 -74.5 0.20248546400090464 4 
0004 0003 1665890268185727 -3.625 -74.5 5.786175531904639 4 
0004 0007 1665890268225212 -9.0625 -76.0 0.5890486225480862 4 
0004 0010 1665890268253235 0.0 -62.0 4.289010282928253 4 
0004 0008 1665890268254333 -21.9375 -57.5 0.7792622402459057 4 
0004 0015 1665890268257432 17.0625 -64.0 6.2034183062095325 4 
0004 0005 1665890268258375 -78.0625 -65.0 5.896622148632405 4 
0004 0007 1665890268259302 -87.0625 -71.0 6.252505691421874 4 
0004 0014 1665890268260506 -4.0625 -65.5 5.049864753719531 4 
0004 0000 1665890268261465 -39.0 -57.5 4.552854978444583 4 
0004 0004 1665890268262362 -39.0 -63.0 6.080699843178682 4 
0004 0003 1665890268263715 -169.25 -69.0 5.47937937432751 4 
0004 0006 1665890268265538 -18.6875 -69.0 0.8835729338221293 4 
0004 0002 1665890268266506 65.0625 -73.0 4.3503695144436785 4 
0004 0011 1665890268299344 6.0625 -75.0 3.9576704327449543 4 
0004 0005 1665890268369033 -26.0 -63.5 6.062292073724054 4 
0004 0008 1665890268371545 17.0625 -66.5 0.1043106935762236 4 
0004 0007 1665890268372726 -8.9375 -65.0 5.338253141842031 4 
0004 0011 1665890268373923 17.0625 -71.0 3.6447383520162835 4 
0004 0015 1665890268375361 -21.9375 -63.0 6.258641614573416 4 
0004 0010 1665890268377234 -56.125 -63.0 3.5465635815916023 4 
0004 0000 1665890268378412 -34.9375 -58.0 3.902447124381071 4 
0004 0014 1665890268379691 30.0625 -64.0 5.092816215780329 4 
0004 0004 1665890268380857 -117.125 -66.5 3.5833791205008576 4 
0004 0006 1665890268381793 -56.9375 -66.0 0.7976700097005334 4 
0004 0003 1665890268383540 -4.0625 -69.5 5.037592907416445 4 
0004 0002 1665890268393422 -8.9375 -72.0 4.424000592262189 4 
0004 0001 1665890268418631 -14.625 -77.0 0.7792622402459057 4 
0004 0000 1665890268495346 13.0 -58.5 3.485204350076177 4 
0004 0014 1665890268496754 -34.9375 -64.0 5.283029833478148 4 
0004 0011 1665890268498133 82.1875 -70.5 3.2029518851052186 4 
0004 0004 1665890268499039 0.0 -63.0 2.442097414313941 4 
0004 0010 1665890268501202 -69.125 -64.0 3.0372819600135696 4 
0004 0007 1665890268503078 -113.0625 -62.5 5.227806525114265 4 
0004 0006 1665890268503929 47.1875 -65.5 0.23930100291016002 4 
0004 0005 1665890268509260 26.0 -63.0 5.939573610693203 4 
0004 0015 1665890268511678 74.0 -64.5 6.2463697682703305 4 
0004 0003 1665890268544804 -2.4375 -73.5 1.607611865704152 4 
0004 0001 1665890268548251 26.0625 -76.0 0.3988350048502667 4 
0004 0002 1665890268553616 15.375 -74.5 1.0492428589137786 4 
0004 0014 1665890268630438 61.0 -63.0 5.117359908386499 4 
0004 0007 1665890268631336 -95.1875 -61.5 4.963961829597935 4 
0004 0004 1665890268632502 -30.0625 -62.0 2.1782527187976104 4 
0004 0015 1665890268633425 0.0 -63.5 0.030679615757712823 4 
0004 0006 1665890268634848 -194.4375 -66.0 0.2699806186678728 4 
0004 0000 1665890268636755 -4.0625 -59.0 3.4054373491061236 4 
0004 0010 1665890268638022 8.9375 -64.0 2.82252464970958 4 
0004 0011 1665890268639137 156.1875 -73.0 3.0127382674073995 4 
0004 0005 1665890268641771 -65.0625 -62.5 6.000932842208628 4 
0004 0002 1665890268650116 -26.0 -73.5 3.988350048502667 4 
0004 0003 1665890268684035 9.75 -73.5 4.878058905476339 4 
0004 0001 1665890268695665 -22.6875 -76.0 0.5338253141842031 4 
0004 0014 1665890268770551 -108.1875 -62.5 5.338253141842031 4 
0004 0000 1665890268771447 -39.0 -59.0 3.5465635815916023 4 
0004 0007 1665890268773725 0.0 -61.5 4.884194828627882 4 
0004 0015 1665890268775693 -56.125 -64.0 0.006135923151542565 4 
0004 0005 1665890268776621 -52.0625 -62.0 5.964117303299373 4 
0004 0010 1665890268777561 -69.125 -64.0 2.9206994201342606 4 
0004 0004 1665890268778443 21.9375 -62.0 2.1782527187976104 4 
0004 0006 1665890268779309 -14.625 -66.0 0.23930100291016002 4 
0004 0011 1665890268784713 43.125 -71.0 3.1661363461959633 4 
0004 0003 1665890268814206 -0.75 -73.0 4.988505522204105 4 
0004 0002 1665890268821477 -6.5 -74.5 4.331961744989051 4 
0004 0001 1665890268827194 23.625 -76.5 0.28838838812250056 4 
0004 0005 1665890268904307 -48.0 -62.0 5.988660995905543 4 
0004 0015 1665890268905716 -74.0 -64.0 0.1227184630308513 4 
0004 0007 1665890268907753 0.0 -61.5 4.97623367590102 4 
0004 0010 1665890268909409 65.0625 -64.0 2.767301341345697 4 
0004 0014 1665890268910320 -56.125 -62.5 5.332117218690489 4 
0004 0004 1665890268913206 -4.0625 -62.0 2.3009711818284617 4 
0004 0000 1665890268914387 13.0 -59.0 3.54042765844006 4 
0004 0006 1665890268916061 -52.0625 -65.0 0.34974761963792617 4 
0004 0011 1665890268917866 -143.1875 -70.5 3.423845118560751 4 
0004 0002 1665890268932344 -37.8125 -74.0 4.313553975534423 4 
0004 0003 1665890268935215 -55.3125 -73.0 2.077009986797158 4 
0004 0001 1665890268945864 39.0625 -76.5 0.2454369260617026 4 
0004 0004 1665890269029305 61.0 -62.0 2.1782527187976104 4 
0004 0003 1665890269031546 -74.0 -71.0 5.013049214810275 4 
0004 0005 1665890269033193 -4.0625 -62.0 5.878214379177777 4 
0004 0006 1665890269035583 -18.6875 -65.5 0.36815538909255385 4 
0004 0010 1665890269037611 21.9375 -64.0 2.9329712664373457 4 
0004 0014 1665890269039161 4.0625 -63.0 5.240078371417351 4 
0004 0015 1665890269040300 48.0 -64.5 6.264777537724958 4 
0004 0007 1665890269041396 61.0 -61.5 4.724660826687775 4 
0004 0000 1665890269042570 0.0 -59.0 3.5342917352885173 4 
0004 0002 1665890269049722 -69.125 -73.5 4.325825821837508 4 
0004 0011 1665890269052398 152.125 -71.0 3.147728576741336 4 
0004 0001 1665890269081771 17.8125 -77.0 0.5460971604872883 4 
0004 0010 1665890269158617 39.0 -64.0 2.9206994201342606 4 
0004 0003 1665890269159485 61.0 -71.0 4.963961829597935 4 
0004 0014 1665890269160904 -52.0625 -62.5 5.3198453723874035 4 
0004 0000 1665890269162039 -17.0625 -58.5 3.5036121195308043 4 
0004 0015 1665890269163164 -39.0 -63.5 0.02454369260617026 4 
0004 0005 1665890269164090 -17.0625 -62.5 5.915029918087033 4 
0004 0004 1665890269165228 26.0 -61.5 2.2518837966161214 4 
0004 0007 1665890269166663 -69.125 -61.5 4.884194828627882 4 
0004 0011 1665890269167919 182.25 -70.5 3.0127382674073995 4 
0004 0006 1665890269169337 -21.9375 -65.0 0.4295146206079795 4 
0004 0002 1665890269178017 152.125 -72.5 4.25833066717054 4 
0004 0001 1665890269206773 14.625 -76.5 0.3374757733348411 4 
0004 0000 1665890269296372 21.9375 -59.5 3.865631585471816 4 
0004 0007 1665890269297481 8.9375 -61.5 4.773748211900116 4 
0004 0014 1665890269299444 39.0 -63.0 5.141903600992669 4 
0004 0005 1665890269300299 -52.0625 -62.5 5.8475347634200645 4 
0004 0003 1665890269301722 -260.375 -69.5 5.043728830567988 4 
0004 0011 1665890269302618 82.1875 -73.5 3.227495577711389 4 
0004 0010 1665890269304026 74.0 -64.0 2.3009711818284617 4 
0004 0015 1665890269305479 -65.0625 -64.0 0.04908738521234052 4 
0004 0004 1665890269306947 -8.9375 -61.0 2.325514874434632 4 
0004 0002 1665890269308513 -186.3125 -72.5 4.638757902566179 4 
0004 0006 1665890269311234 9.75 -64.0 0.34974761963792617 4 
0004 0001 1665890269333299 -7.3125 -77.0 0.3988350048502667 4 
0004 0003 1665890269412920 -39.0 -69.5 4.724660826687775 4 
0004 0005 1665890269414186 -30.0625 -62.5 5.822991070813893 4 
0004 0007 1665890269415055 34.9375 -61.0 4.7307967498393175 4 
0004 0000 1665890269416162 8.9375 -59.5 3.834951969714103 4 
0004 0006 1665890269417511 -42.3125 -65.0 0.42337869745643697 4 
0004 0015 1665890269419400 -8.9375 -63.5 6.264777537724958 4 
0004 0010 1665890269420525 43.125 -64.0 2.2580197197676637 4 
0004 0011 1665890269422387 212.375 -72.0 3.06182565261974 4 
0004 0014 1665890269423252 -13.0 -63.5 5.21553467881118 4 
0004 0004 1665890269424659 -17.0625 -61.0 2.3009711818284617 4 
0004 0002 1665890269448300 -2.0 -73.5 4.328893783413279 4 
0004 0001 1665890269467308 -12.9375 -76.5 0.32520392703175593 4 
0004 0015 1665890269545118 -61.0 -63.5 0.018407769454627694 4 
0004 0005 1665890269546059 -52.0625 -62.5 5.822991070813893 4 
0004 0004 1665890269546982 -34.9375 -61.0 2.2641556429192065 4 
0004 0003 1665890269547861 4.875 -70.0 4.669437518323892 4 
0004 0010 1665890269550417 -8.9375 -63.5 2.3930100291016 4 
0004 0007 1665890269551585 48.0 -61.5 4.706253057233147 4 
0004 0000 1665890269553276 61.0 -58.5 3.7122335066832517 4 
0004 0014 1665890269555674 48.0 -62.5 5.148039524144211 4 
0004 0006 1665890269559450 99.25 -65.5 0.17794177139473438 4 
0004 0002 1665890269560447 -390.5625 -73.0 4.71238898038469 4 
0004 0011 1665890269563454 -420.6875 -71.5 3.54042765844006 4 
0004 0001 1665890269576064 -48.8125 -76.5 0.27304858024364415 4 
0004 0007 1665890269663324 13.0 -61.0 4.693981210930062 4 
0004 0014 1665890269665556 87.0625 -63.5 5.135767677841127 4 
0004 0000 1665890269666480 -4.0625 -58.0 3.730641276137879 4 
0004 0004 1665890269667364 -39.0 -60.5 2.2641556429192065 4 
0004 0015 1665890269668752 0.0 -64.0 6.227961998815704 4 
0004 0005 1665890269669698 -39.0 -62.5 5.749359992995383 4 
0004 0003 1665890269670624 -61.0 -69.5 4.693981210930062 4 
0004 0010 1665890269673832 139.125 -64.0 2.1046216409791 4 
0004 0006 1665890269674698 94.375 -65.5 0.09203884727313846 4 
0004 0002 1665890269681456 -21.9375 -72.0 4.319689898685965 4 
0004 0001 1665890269703590 12.1875 -76.5 0.14112623248547898 4 
0004 0015 1665890269786590 4.0625 -64.0 6.22182607566416 4 
0004 0005 1665890269787702 56.125 -63.0 5.688000761479957 4 
0004 0004 1665890269788877 0.0 -61.0 2.1475731030398975 4 
0004 0002 1665890269790530 -342.5625 -74.0 4.706253057233147 4 
0004 0011 1665890269791697 34.9375 -72.5 3.313398501832985 4 
0004 0006 1665890269793583 70.75 -65.5 0.1902136176978195 4 
0004 0003 1665890269795020 -78.0625 -69.5 4.743068596142402 4 
0004 0000 1665890269796396 4.0625 -58.5 3.6999616603801666 4 
0004 0014 1665890269798046 48.0 -63.0 5.197126909356553 4 
0004 0010 1665890269799138 4.0625 -64.0 2.2396119503130363 4 
0004 0007 1665890269800543 -17.0625 -61.0 4.7307967498393175 4 
0004 0001 1665890269841556 2.4375 -77.0 0.14112623248547898 4 
0004 0014 1665890269914334 -30.0625 -63.0 5.252350217720435 4 
0004 0005 1665890269915767 13.0 -63.0 5.724816300389213 4 
0004 0007 1665890269916693 -17.0625 -61.0 4.73693267299086 4 
0004 0004 1665890269922003 -17.0625 -61.0 2.098485717827557 4 
0004 0000 1665890269923708 -30.0625 -58.5 3.730641276137879 4 
0004 0003 1665890269924604 -87.0625 -69.5 4.718524903536232 4 
0004 0006 1665890269925556 28.4375 -66.5 0.19634954084936207 4 
0004 0010 1665890269928409 56.125 -64.0 2.2212041808584084 4 
0004 0015 1665890269929989 8.9375 -64.0 6.2034183062095325 4 
0004 0011 1665890269933294 -65.0625 -71.5 3.3379421944391554 4 
0004 0002 1665890269945599 121.25 -72.5 4.0128937411088375 4 
0004 0001 1665890269967329 8.0625 -76.5 0.09817477042468103 4 
0004 0000 1665890270048041 -8.9375 -58.5 3.663146121470911 4 
0004 0011 1665890270050218 -17.0625 -72.5 3.227495577711389 4 
0004 0015 1665890270051387 -69.125 -63.5 0.05522330836388308 4 
0004 0005 1665890270052314 26.0 -62.5 5.773903685601553 4 
0004 0007 1665890270053264 0.0 -61.0 4.693981210930062 4 
0004 0004 1665890270054179 -8.9375 -61.0 2.1598449493429825 4 
0004 0014 1665890270056268 30.0625 -63.0 5.178719139901925 4 
0004 0010 1665890270057180 -34.9375 -63.5 2.313243028131547 4 
0004 0003 1665890270058332 -56.125 -69.5 4.749204519293945 4 
0004 0006 1665890270060702 66.6875 -66.0 0.0674951546669682 4 
0004 0002 1665890270063589 -238.4375 -73.5 4.626486056263094 4 
0004 0001 1665890270095508 0.75 -77.0 0.12885438618239387 4 
0004 0003 1665890270168878 -26.0 -69.0 4.693981210930062 4 
0004 0015 1665890270169833 -82.1875 -64.0 6.252505691421874 4 
0004 0006 1665890270170992 0.0 -67.0 0.23316507975861744 4 
0004 0000 1665890270174051 0.0 -58.0 3.6570101983193686 4 
0004 0007 1665890270175830 -21.9375 -61.0 4.755340442445488 4 
0004 0004 1665890270177890 -13.0 -61.0 2.184388641949153 4 
0004 0010 1665890270178830 -17.0625 -63.5 2.1782527187976104 4 
0004 0014 1665890270181285 0.0 -62.5 5.21553467881118 4 
0004 0005 1665890270182189 -39.0 -63.0 5.8045833013592665 4 
0004 0011 1665890270207485 58.5625 -73.0 0.06442719309119693 4 
0004 0002 1665890270213166 -73.625 -73.5 4.390253014928705 4 
0004 0001 1665890270253190 -2.4375 -77.0 0.28225246497095796 4 
0004 0015 1665890270328235 -61.0 -64.5 6.270913460876501 4 
0004 0007 1665890270329156 0.0 -60.5 4.651029748869264 4 
0004 0003 1665890270330043 139.125 -69.5 4.534447208989955 4 
0004 0011 1665890270331890 -61.0 -73.0 3.32567034813607 4 
0004 0005 1665890270332817 -34.9375 -62.0 5.859806609723149 4 
0004 0010 1665890270334181 -30.0625 -63.5 2.337786720737717 4 
0004 0000 1665890270336790 -26.0 -59.0 3.6754179677739964 4 
0004 0006 1665890270339247 14.625 -65.5 0.23316507975861744 4 
0004 0014 1665890270341748 30.0625 -63.0 5.154175447295755 4 
0004 0004 1665890270343093 4.0625 -61.0 2.141437179888355 4 
0004 0001 1665890270344472 -43.125 -74.0 0.28225246497095796 4 
0004 0002 1665890270346137 -351.5 -71.5 4.583534594202296 4 
0004 0004 1665890270441798 0.0 -61.5 2.2457478734645786 4 
0004 0010 1665890270442942 -74.0 -63.5 2.313243028131547 4 
0004 0007 1665890270444815 -4.0625 -61.0 4.663301595172349 4 
0004 0003 1665890270447786 -104.125 -69.0 4.638757902566179 4 
0004 0006 1665890270448807 47.1875 -65.0 0.1595340019401067 4 
0004 0000 1665890270449745 -8.9375 -59.0 3.6876898140770815 4 
0004 0014 1665890270451936 -52.0625 -63.0 5.246214294568893 4 
0004 0005 1665890270453904 100.0625 -63.0 5.589825991055276 4 
0004 0015 1665890270455102 39.0 -64.0 6.160466844148735 4 
0004 0011 1665890270457751 -165.1875 -71.5 3.448388811166921 4 
0004 0002 1665890270466187 48.0 -72.5 4.0987966652304335 4 
0004 0001 1665890270493235 -4.0625 -76.5 0.0859029241215959 4 
