0004 0013 1665890647706548 104.125 -69.5 3.822680123411018 5 
0004 0004 1665890647707415 26.0 -62.0 5.50392306693368 5 
0004 0009 1665890647708809 39.0 -67.0 2.521864415283994 5 
0004 0007 1665890647709721 21.9375 -62.0 2.4605051837685683 5 
0004 0008 1665890647712119 -34.9375 -64.0 1.1903690913992575 5 
0004 0000 1665890647714629 -56.125 -60.0 5.00077736850719 5 
0004 0015 1665890647715527 -8.9375 -63.5 4.178563666200486 5 
0004 0005 1665890647716780 13.0 -68.0 3.1784081924990484 5 
0004 0003 1665890647719426 126.125 -69.5 4.558990901596125 5 
0004 0010 1665890647727661 94.375 -73.5 4.04357335686655 5 
0004 0014 1665890647743925 12.1875 -71.5 1.239456476611598 5 
0004 0010 1665890647821182 26.0 -72.0 0.9817477042468103 5 
0004 0008 1665890647822347 8.9375 -64.0 1.1351457830353744 5 
0004 0013 1665890647823265 -48.0 -69.0 3.9392626632903265 5 
0004 0007 1665890647824205 -43.125 -61.5 2.5586799541932495 5 
0004 0015 1665890647826321 -8.9375 -64.5 4.239922897715912 5 
0004 0009 1665890647829048 -34.9375 -66.0 2.5954954931025047 5 
0004 0004 1665890647831683 -21.9375 -62.0 5.47937937432751 5 
0004 0003 1665890647833431 -225.375 -71.0 4.97623367590102 5 
0004 0000 1665890647834823 26.0 -59.5 4.902602598082509 5 
0004 0005 1665890647836120 -152.125 -69.0 3.411573272257666 5 
0004 0014 1665890647849662 11.4375 -71.5 1.2701360923693108 5 
0004 0000 1665890647942463 -34.9375 -60.0 4.957825906446392 5 
0004 0007 1665890647943871 -52.0625 -62.0 2.5954954931025047 5 
0004 0004 1665890647944781 -43.125 -62.0 5.4671075280244255 5 
0004 0005 1665890647945679 48.0 -68.0 3.215223731408304 5 
0004 0009 1665890647948007 -134.25 -66.5 2.816388726558037 5 
0004 0013 1665890647949008 -156.1875 -70.5 4.086524818927348 5 
0004 0008 1665890647949931 -8.9375 -64.0 1.1596894756415448 5 
0004 0015 1665890647952777 -74.0 -64.5 4.270602513473625 5 
0004 0003 1665890647953658 -21.9375 -70.5 4.614214209960009 5 
0004 0010 1665890647959506 347.4375 -72.5 0.7424467013366504 5 
0004 0014 1665890647972400 34.125 -71.5 1.1658253987930873 5 
0004 0000 1665890648059620 -34.9375 -60.0 4.902602598082509 5 
0004 0007 1665890648061606 -13.0 -62.0 2.3930100291016 5 
0004 0009 1665890648063668 108.1875 -67.5 2.4911847995262812 5 
0004 0005 1665890648064565 -173.3125 -67.0 3.436116964863836 5 
0004 0003 1665890648065954 -30.0625 -70.5 4.669437518323892 5 
0004 0004 1665890648066864 -69.125 -61.5 5.553010452146021 5 
0004 0015 1665890648067850 65.0625 -64.0 4.1172044346850605 5 
0004 0008 1665890648068774 -4.0625 -64.0 1.1658253987930873 5 
0004 0013 1665890648069675 -4.0625 -69.0 4.000621894805752 5 
0004 0010 1665890648075196 143.1875 -73.0 1.0799224746714913 5 
0004 0014 1665890648097458 0.75 -71.5 1.3437671701878218 5 
0004 0005 1665890648281141 -221.3125 -68.0 3.466796580621549 5 
0004 0015 1665890648282478 -82.1875 -64.0 4.313553975534423 5 
0004 0007 1665890648284027 17.0625 -62.0 2.509592568980909 5 
0004 0004 1665890648285235 -21.9375 -62.0 5.47937937432751 5 
0004 0009 1665890648288384 130.1875 -67.0 2.4605051837685683 5 
0004 0000 1665890648289295 -78.0625 -59.5 4.933282213840222 5 
0004 0008 1665890648290672 13.0 -63.5 1.184233168247715 5 
0004 0003 1665890648291836 -21.9375 -70.0 4.700117134081604 5 
0004 0013 1665890648293989 -30.0625 -69.0 3.9822141253511245 5 
0004 0010 1665890648294930 -95.1875 -71.0 1.2517283229146832 5 
0004 0014 1665890648317497 22.6875 -71.5 4.417864669110647 5 
0004 0003 1665890648395604 13.0 -70.0 4.675573441475434 5 
0004 0013 1665890648397947 30.0625 -69.0 3.9392626632903265 5 
0004 0009 1665890648400447 113.0625 -67.0 2.405281875404685 5 
0004 0004 1665890648401356 -21.9375 -62.0 5.516194913236766 5 
0004 0007 1665890648402281 4.0625 -61.5 2.5402721847386216 5 
0004 0015 1665890648403153 -13.0 -64.0 4.246058820867455 5 
0004 0008 1665890648405212 -34.9375 -65.0 1.2517283229146832 5 
0004 0000 1665890648406605 -39.0 -60.0 4.970097752749477 5 
0004 0005 1665890648407857 -95.1875 -68.5 3.4177091954092087 5 
0004 0010 1665890648410614 113.0625 -72.0 0.8344855486097889 5 
0004 0014 1665890648424743 -11.4375 -71.5 4.4976316700806995 5 
0004 0002 1665890648507772 0.875 -78.0 1.846912868614312 5 
0004 0003 1665890648524774 169.25 -69.5 4.669437518323892 5 
0004 0008 1665890648527442 4.0625 -64.0 1.2210487071569704 5 
0004 0004 1665890648531840 -39.0 -62.0 5.5714182216006485 5 
0004 0013 1665890648532968 -82.1875 -69.0 3.9392626632903265 5 
0004 0007 1665890648533937 26.0 -62.0 2.4850488763747385 5 
0004 0000 1665890648534847 -4.0625 -59.5 4.878058905476339 5 
0004 0005 1665890648535989 -26.0 -68.5 3.313398501832985 5 
0004 0009 1665890648537270 -17.0625 -66.5 2.5402721847386216 5 
0004 0015 1665890648538626 -82.1875 -64.0 4.239922897715912 5 
0004 0010 1665890648542226 -139.125 -73.0 1.3928545554001621 5 
0004 0014 1665890648560482 -9.0 -72.0 1.3192234775816514 5 
0004 0002 1665890648637184 -0.4375 -78.0 1.9941750242513334 5 
0004 0004 1665890648653024 -17.0625 -62.0 5.473243451175968 5 
0004 0005 1665890648654308 56.125 -68.5 3.1968159619536762 5 
0004 0000 1665890648655545 -34.9375 -60.0 4.921010367537137 5 
0004 0010 1665890648656445 87.0625 -72.5 1.000155473701438 5 
0004 0007 1665890648657822 17.0625 -62.0 2.466641106920111 5 
0004 0009 1665890648658731 -8.9375 -66.0 2.6261751088602177 5 
0004 0008 1665890648659799 -4.0625 -64.0 1.1596894756415448 5 
0004 0015 1665890648660730 61.0 -64.0 4.196971435655114 5 
0004 0003 1665890648661670 -43.125 -70.0 4.724660826687775 5 
0004 0013 1665890648663226 87.0625 -69.0 3.9392626632903265 5 
0004 0014 1665890648687210 -11.4375 -71.0 4.460816131171445 5 
0004 0002 1665890648753525 -4.1875 -77.5 2.110757564130642 5 
0004 0003 1665890648771076 91.125 -69.5 4.81056375080937 5 
0004 0000 1665890648773561 26.0 -59.5 4.8351074434155406 5 
0004 0013 1665890648774504 -156.1875 -69.5 4.178563666200486 5 
0004 0007 1665890648777166 8.9375 -62.0 2.509592568980909 5 
0004 0015 1665890648778377 -34.9375 -63.5 4.270602513473625 5 
0004 0009 1665890648779271 -4.0625 -66.5 2.5280003384355365 5 
0004 0010 1665890648780737 143.1875 -72.5 0.7792622402459057 5 
0004 0004 1665890648781632 26.0 -62.5 5.43029198911517 5 
0004 0005 1665890648782660 -65.0625 -67.0 3.3379421944391554 5 
0004 0008 1665890648783608 0.0 -64.5 1.1474176293384597 5 
0004 0014 1665890648806302 8.0625 -71.0 1.2885438618239387 5 
0004 0002 1665890648859428 9.5 -78.0 2.0371264863121317 5 
0004 0000 1665890648892477 -61.0 -59.5 4.902602598082509 5 
0004 0005 1665890648894001 -100.0625 -68.0 3.3440781175906977 5 
0004 0007 1665890648895482 52.0625 -62.0 2.478912953223196 5 
0004 0004 1665890648896379 -69.125 -62.0 5.522330836388308 5 
0004 0008 1665890648898674 13.0 -64.0 1.184233168247715 5 
0004 0015 1665890648899787 17.0625 -64.0 4.154019973594316 5 
0004 0009 1665890648901536 -34.9375 -66.0 2.5770877236478773 5 
0004 0013 1665890648902916 -13.0 -69.5 4.04357335686655 5 
0004 0003 1665890648905824 -117.125 -68.5 4.7860200582032 5 
0004 0010 1665890648908783 -34.9375 -71.5 1.2210487071569704 5 
0004 0014 1665890648930483 -16.3125 -71.0 1.3621749396424494 5 
0004 0002 1665890648997928 6.8125 -78.0 2.000310947402876 5 
0004 0009 1665890649015235 13.0 -67.0 2.5464081078901644 5 
0004 0008 1665890649017169 43.125 -64.0 1.0983302441261191 5 
0004 0003 1665890649018307 95.1875 -71.0 4.558990901596125 5 
0004 0004 1665890649019231 -8.9375 -62.5 5.485515297479052 5 
0004 0005 1665890649020371 -17.0625 -69.0 3.2888548092268146 5 
0004 0000 1665890649021736 -4.0625 -60.0 4.890330751779424 5 
0004 0007 1665890649022887 -21.9375 -62.0 2.5157284921324514 5 
0004 0013 1665890649023787 13.0 -68.5 4.006757817957295 5 
0004 0015 1665890649024700 -8.9375 -64.5 4.239922897715912 5 
0004 0010 1665890649031236 -165.1875 -73.0 1.2333205534600555 5 
0004 0014 1665890649055878 15.375 -71.5 4.368777283898306 5 
0004 0002 1665890649125703 -5.5625 -77.5 5.270757987175063 5 
0004 0007 1665890649138273 -121.25 -62.0 2.60776733940559 5 
0004 0008 1665890649139906 -61.0 -64.0 1.1965050145508 5 
0004 0013 1665890649141077 -82.1875 -69.5 4.037437433715008 5 
0004 0003 1665890649142696 -95.1875 -69.0 4.632621979414636 5 
0004 0000 1665890649144927 -56.125 -60.0 4.914874444385594 5 
0004 0005 1665890649146954 0.0 -68.5 3.3011266555298997 5 
0004 0004 1665890649147841 34.9375 -61.5 5.387340527054372 5 
0004 0015 1665890649149289 13.0 -63.5 4.23378697456437 5 
0004 0009 1665890649150427 39.0 -67.5 2.521864415283994 5 
0004 0010 1665890649153204 -65.0625 -73.0 1.2210487071569704 5 
0004 0014 1665890649170938 -19.5 -71.5 1.3499030933393643 5 
0004 0002 1665890649245838 3.3125 -77.5 2.055534255766759 5 
0004 0004 1665890649267314 -74.0 -62.5 5.522330836388308 5 
0004 0000 1665890649269782 -52.0625 -60.0 4.871922982324796 5 
0004 0008 1665890649271019 95.1875 -64.5 1.043106935762236 5 
0004 0007 1665890649271959 -56.125 -62.0 2.5464081078901644 5 
0004 0013 1665890649277217 126.125 -68.5 3.988350048502667 5 
0004 0005 1665890649280235 -173.3125 -68.0 3.3870295796514958 5 
0004 0015 1665890649282342 104.125 -64.0 4.147884050442774 5 
0004 0009 1665890649283450 117.125 -66.5 2.356194490192345 5 
0004 0003 1665890649285636 -82.1875 -70.5 4.7307967498393175 5 
0004 0010 1665890649287431 208.3125 -72.0 0.8774370106705868 5 
0004 0014 1665890649312516 -5.625 -71.5 1.2701360923693108 5 
0004 0002 1665890649358978 -7.5 -77.5 5.190990986205009 5 
0004 0003 1665890649396366 26.0 -70.0 4.626486056263094 5 
0004 0007 1665890649397546 -43.125 -62.0 2.509592568980909 5 
0004 0000 1665890649399552 52.0625 -59.5 4.76147636559703 5 
0004 0015 1665890649401571 -100.0625 -63.5 4.313553975534423 5 
0004 0009 1665890649402935 100.0625 -66.0 2.405281875404685 5 
0004 0008 1665890649404131 74.0 -65.0 0.9940195505498954 5 
0004 0004 1665890649407187 -39.0 -62.5 5.45483568172134 5 
0004 0005 1665890649408107 0.0 -68.5 3.2643111166206444 5 
0004 0013 1665890649409438 -52.0625 -68.0 4.2092432819582 5 
0004 0010 1665890649411497 -8.9375 -73.0 0.8651651643675016 5 
0004 0014 1665890649438756 -5.625 -71.0 1.2885438618239387 5 
0004 0002 1665890649504151 -2.875 -78.0 2.116893487282185 5 
0004 0009 1665890649521951 39.0 -67.5 2.3930100291016 5 
0004 0015 1665890649523731 -121.25 -64.5 4.3074180523828804 5 
0004 0004 1665890649524639 -4.0625 -62.0 5.350524988145116 5 
0004 0008 1665890649525552 -43.125 -64.0 1.1106020904292042 5 
0004 0003 1665890649526452 230.25 -69.0 4.503767593232243 5 
0004 0000 1665890649527348 -65.0625 -60.0 4.859651136021712 5 
0004 0007 1665890649531363 65.0625 -62.0 2.3746022596469727 5 
0004 0005 1665890649532262 -56.125 -68.0 3.2949907323783574 5 
0004 0013 1665890649534497 -48.0 -70.0 4.190835512503572 5 
0004 0010 1665890649540192 7.6875 -73.5 0.7577865092155067 5 
0004 0014 1665890649563965 -7.3125 -71.0 4.466952054322987 5 
0004 0002 1665890649631959 7.0625 -78.0 1.7241944055834606 5 
0004 0013 1665890649646466 -65.0625 -69.0 4.147884050442774 5 
0004 0003 1665890649648071 -277.4375 -69.5 4.994641445355648 5 
0004 0007 1665890649650058 -4.0625 -62.0 2.4605051837685683 5 
0004 0004 1665890649650941 -21.9375 -62.0 5.418020142812084 5 
0004 0009 1665890649652337 -264.4375 -67.0 2.693670263527186 5 
0004 0000 1665890649653260 -39.0 -59.5 4.841243366567084 5 
0004 0008 1665890649655161 -4.0625 -64.0 1.0921943209745766 5 
0004 0015 1665890649658897 -48.0 -65.0 4.270602513473625 5 
0004 0005 1665890649659879 8.9375 -68.0 3.2520392703175593 5 
0004 0010 1665890649663730 260.375 -72.5 0.6258641614573416 5 
0004 0014 1665890649688786 -9.0 -71.0 4.424000592262189 5 
0004 0002 1665890649752845 -7.5 -78.0 2.086213871524472 5 
0004 0004 1665890649774079 -95.1875 -62.0 5.5284667595398505 5 
0004 0007 1665890649776040 -78.0625 -62.5 2.497320722677824 5 
0004 0015 1665890649779199 -48.0 -64.5 4.276738436625168 5 
0004 0000 1665890649780334 -74.0 -60.0 4.853515212870168 5 
0004 0009 1665890649782024 -8.9375 -66.5 2.4605051837685683 5 
0004 0003 1665890649783829 -26.0 -69.5 4.485359823777615 5 
0004 0013 1665890649784732 195.25 -69.5 3.890175278077986 5 
0004 0008 1665890649785799 52.0625 -64.0 0.9756117810952678 5 
0004 0010 1665890649787116 13.0 -72.5 0.9203884727313847 5 
0004 0005 1665890649788527 -69.125 -67.5 3.2643111166206444 5 
0004 0014 1665890649817495 -6.5 -71.0 1.2517283229146832 5 
0004 0002 1665890649859128 7.3125 -77.5 1.8285050991596843 5 
0004 0000 1665890649898090 -21.9375 -60.0 4.779884135051658 5 
0004 0005 1665890649899260 -56.125 -68.0 3.227495577711389 5 
0004 0015 1665890649900202 -39.0 -64.0 4.264466590322082 5 
0004 0003 1665890649902318 -26.0 -69.0 4.626486056263094 5 
0004 0008 1665890649904208 -39.0 -65.0 1.043106935762236 5 
0004 0004 1665890649908320 30.0625 -62.0 5.350524988145116 5 
0004 0013 1665890649909632 -30.0625 -69.0 4.264466590322082 5 
0004 0007 1665890649912062 -26.0 -62.5 2.4605051837685683 5 
0004 0009 1665890649912988 65.0625 -66.0 2.2641556429192065 5 
0004 0010 1665890649914538 -43.125 -72.5 0.9081166264282996 5 
0004 0014 1665890649934254 11.4375 -71.0 4.325825821837508 5 
0004 0002 1665890649983433 11.5 -77.5 5.148039524144211 5 
0004 0005 1665890650024617 -8.9375 -67.5 3.172272269347506 5 
0004 0004 1665890650025857 -43.125 -61.5 5.485515297479052 5 
0004 0007 1665890650027234 4.0625 -63.0 2.380738182798515 5 
0004 0000 1665890650028119 -48.0 -60.0 4.779884135051658 5 
0004 0003 1665890650029198 65.0625 -69.5 4.448544284868359 5 
0004 0015 1665890650030353 -95.1875 -64.0 4.2092432819582 5 
0004 0010 1665890650032442 -39.0 -73.0 1.1167380135807468 5 
0004 0013 1665890650033387 78.0625 -69.0 4.01902966426038 5 
0004 0008 1665890650034695 -4.0625 -64.5 0.9572040116406401 5 
0004 0009 1665890650035836 156.1875 -66.5 2.0800779483729293 5 
0004 0014 1665890650055477 -3.1875 -70.5 4.4362724385652745 5 
0004 0002 1665890650134783 5.3125 -77.5 5.056000676871073 5 
0004 0005 1665890650148929 -13.0 -68.0 3.1354567304382504 5 
0004 0009 1665890650149842 -117.125 -67.0 2.448233337465483 5 
0004 0007 1665890650150710 -61.0 -62.5 2.442097414313941 5 
0004 0008 1665890650151624 -65.0625 -64.5 1.1044661672776617 5 
0004 0003 1665890650153300 -43.125 -69.0 4.528311285838413 5 
0004 0015 1665890650154213 48.0 -64.0 4.111068511533518 5 
0004 0004 1665890650155336 -48.0 -61.5 5.45483568172134 5 
0004 0000 1665890650156489 61.0 -59.5 4.6878452877785195 5 
0004 0013 1665890650160590 -69.125 -68.5 4.227651051412827 5 
0004 0010 1665890650165058 69.125 -71.5 0.8160777791551611 5 
0004 0014 1665890650190509 -0.75 -71.0 1.2885438618239387 5 
0004 0002 1665890650252687 9.0625 -78.0 4.988505522204105 5 
0004 0015 1665890650274113 8.9375 -64.0 4.2092432819582 5 
0004 0005 1665890650275850 21.9375 -68.0 3.1784081924990484 5 
0004 0013 1665890650277037 -100.0625 -70.0 4.215379205109742 5 
0004 0000 1665890650278910 -56.125 -59.5 4.743068596142402 5 
0004 0009 1665890650279850 -38.1875 -67.5 2.411417798556228 5 
0004 0003 1665890650281509 -56.125 -69.5 4.626486056263094 5 
0004 0004 1665890650282672 -8.9375 -61.5 5.424156065963627 5 
0004 0008 1665890650284235 -52.0625 -64.5 1.0062913968529805 5 
0004 0007 1665890650286224 -52.0625 -62.5 2.423689644859313 5 
0004 0010 1665890650290062 178.1875 -71.0 0.6565437772150544 5 
0004 0014 1665890650314358 -0.75 -71.0 1.2517283229146832 5 
0004 0002 1665890650391153 1.125 -77.5 4.884194828627882 5 
0004 0008 1665890650397505 21.9375 -65.0 0.9203884727313847 5 
0004 0013 1665890650398376 13.0 -69.0 4.1172044346850605 5 
0004 0003 1665890650400868 -87.0625 -68.5 4.675573441475434 5 
0004 0007 1665890650402910 -39.0 -63.5 2.454369260617026 5 
0004 0005 1665890650404107 82.1875 -68.0 3.043417883165112 5 
0004 0004 1665890650404958 -4.0625 -61.5 5.411884219660542 5 
0004 0000 1665890650405885 -30.0625 -59.5 4.724660826687775 5 
0004 0015 1665890650407026 34.9375 -63.5 4.154019973594316 5 
0004 0009 1665890650407908 95.1875 -67.0 2.2457478734645786 5 
0004 0010 1665890650414083 0.0 -72.5 0.803805932852076 5 
0004 0014 1665890650438979 -12.9375 -71.5 4.454680208019902 5 
0004 0002 1665890650489572 6.125 -77.5 1.8162332528565992 5 
0004 0007 1665890650524824 -113.0625 -62.5 2.442097414313941 5 
0004 0008 1665890650526117 65.0625 -64.5 0.8160777791551611 5 
0004 0009 1665890650527256 87.0625 -67.5 2.1905245651006955 5 
0004 0000 1665890650528237 -56.125 -59.0 4.755340442445488 5 
0004 0004 1665890650530112 -30.0625 -61.5 5.393476450205914 5 
0004 0015 1665890650532031 17.0625 -64.0 4.1417481272912315 5 
0004 0005 1665890650533001 -13.0 -68.0 3.1784081924990484 5 
0004 0010 1665890650536053 -56.125 -72.5 1.0492428589137786 5 
0004 0013 1665890650537654 0.0 -68.5 4.129476280988146 5 
0004 0003 1665890650538599 -82.1875 -69.0 4.479223900626073 5 
0004 0014 1665890650560216 -2.4375 -71.5 4.338097668140593 5 
0004 0002 1665890650634433 11.6875 -77.5 1.7855536370988863 5 
0004 0015 1665890650651635 17.0625 -63.5 4.1417481272912315 5 
0004 0008 1665890650653160 17.0625 -64.5 0.8897088569736719 5 
0004 0000 1665890650654087 -21.9375 -59.0 4.693981210930062 5 
0004 0003 1665890650655011 -30.0625 -68.5 4.565126824747668 5 
0004 0007 1665890650656673 -52.0625 -62.5 2.4727770300716534 5 
0004 0013 1665890650657801 -121.25 -69.0 4.123340357836604 5 
0004 0005 1665890650658756 74.0 -68.0 3.11091303783208 5 
0004 0004 1665890650660179 30.0625 -62.0 5.338253141842031 5 
0004 0009 1665890650663264 -39.0 -67.5 2.2948352586769194 5 
0004 0010 1665890650666373 -208.3125 -70.0 1.2517283229146832 5 
0004 0014 1665890650687083 7.3125 -71.0 1.239456476611598 5 
0004 0002 1665890650730097 4.625 -77.5 1.8837284075235674 5 
0004 0004 1665890650777547 -8.9375 -61.5 5.368932757599744 5 
0004 0010 1665890650778448 104.125 -72.0 0.7853981633974483 5 
0004 0013 1665890650779593 -182.25 -69.0 4.301282129231338 5 
0004 0008 1665890650780506 130.1875 -64.5 0.7240389318820226 5 
0004 0000 1665890650781667 -52.0625 -59.5 4.718524903536232 5 
0004 0015 1665890650782864 17.0625 -64.5 4.129476280988146 5 
0004 0003 1665890650784030 -91.125 -68.0 4.485359823777615 5 
0004 0007 1665890650785438 -34.9375 -62.5 2.429825568010856 5 
0004 0009 1665890650787245 -52.0625 -66.5 2.380738182798515 5 
0004 0005 1665890650788784 -87.0625 -68.0 3.227495577711389 5 
0004 0014 1665890650804791 0.0 -71.5 4.387185053352934 5 
0004 0002 1665890650875455 -6.0 -77.5 2.0493983326152168 5 
0004 0005 1665890650898148 -4.0625 -68.0 3.172272269347506 5 
0004 0000 1665890650899529 13.0 -59.5 4.681709364626977 5 
0004 0003 1665890650900990 -13.0 -68.0 4.442408361716817 5 
0004 0010 1665890650901862 -217.25 -71.5 0.9940195505498954 5 
0004 0013 1665890650903551 52.0625 -68.0 4.061981126321178 5 
0004 0015 1665890650905640 -39.0 -64.5 4.184699589352029 5 
0004 0004 1665890650911592 -26.0 -61.5 5.3627968344482015 5 
0004 0007 1665890650912514 4.0625 -62.5 2.454369260617026 5 
0004 0008 1665890650913626 13.0 -64.0 0.8467573949128739 5 
0004 0009 1665890650914919 -8.9375 -67.0 2.2089323345553233 5 
0004 0014 1665890650937759 -9.75 -71.5 1.380582709097077 5 
0004 0002 1665890651059835 6.125 -77.5 1.8714565612204823 5 
0004 0004 1665890651076850 17.0625 -62.0 5.356660911296659 5 
0004 0013 1665890651078247 -34.9375 -69.0 4.104932588381976 5 
0004 0009 1665890651079952 -108.1875 -67.5 2.3316507975861747 5 
0004 0015 1665890651082169 -13.0 -64.0 4.246058820867455 5 
0004 0005 1665890651083608 26.0 -68.0 3.184544115650591 5 
0004 0000 1665890651084745 21.9375 -59.0 4.669437518323892 5 
0004 0003 1665890651086772 -61.0 -68.5 4.608078286808466 5 
0004 0008 1665890651088648 -56.125 -65.0 0.9019807032767571 5 
0004 0007 1665890651097555 -104.125 -63.0 2.478912953223196 5 
0004 0010 1665890651099799 113.0625 -70.0 0.803805932852076 5 
0004 0014 1665890651126214 1.625 -71.5 1.3314953238847365 5 
0004 0002 1665890651309534 -2.875 -77.0 2.1046216409791 5 
0004 0009 1665890651352632 -139.125 -67.5 2.2886993355253766 5 
0004 0004 1665890651354249 -17.0625 -62.0 5.338253141842031 5 
0004 0005 1665890651355121 -113.0625 -67.0 3.356349963893783 5 
0004 0008 1665890651357021 -13.0 -64.5 0.662679700366597 5 
0004 0013 1665890651357924 -95.1875 -68.5 4.252194744018997 5 
0004 0015 1665890651359278 -30.0625 -64.0 4.215379205109742 5 
0004 0007 1665890651362053 34.9375 -62.5 2.36846633649543 5 
0004 0003 1665890651363416 -100.0625 -69.0 4.589670517353839 5 
0004 0000 1665890651364269 -34.9375 -59.0 4.675573441475434 5 
0004 0010 1665890651367535 69.125 -71.5 0.8406214717613314 5 
0004 0014 1665890651385359 0.0 -71.0 4.460816131171445 5 
0004 0002 1665890651511781 -2.4375 -77.5 5.270757987175063 5 
0004 0013 1665890651545570 -74.0 -69.0 4.104932588381976 5 
0004 0008 1665890651548027 39.0 -64.5 0.5583690067903734 5 
0004 0005 1665890651549038 -82.1875 -67.5 3.3011266555298997 5 
0004 0000 1665890651550415 17.0625 -59.5 4.663301595172349 5 
0004 0015 1665890651551330 -4.0625 -64.0 4.215379205109742 5 
0004 0007 1665890651552456 -21.9375 -62.5 2.4850488763747385 5 
0004 0009 1665890651553426 121.25 -66.5 2.1230294104337273 5 
0004 0004 1665890651556181 -69.125 -62.0 5.460971604872882 5 
0004 0010 1665890651557928 39.0 -71.5 0.8835729338221293 5 
0004 0003 1665890651559239 -208.3125 -68.5 4.638757902566179 5 
0004 0014 1665890651581949 7.3125 -70.5 1.2885438618239387 5 
0004 0002 1665890651627014 -6.0 -77.5 2.0064468705544187 5 
0004 0007 1665890651668194 169.25 -62.5 2.184388641949153 5 
0004 0013 1665890651670176 -325.5 -69.5 4.491495746929157 5 
0004 0005 1665890651671041 -4.0625 -67.5 3.2029518851052186 5 
0004 0009 1665890651672152 104.125 -67.5 2.110757564130642 5 
0004 0000 1665890651673598 -39.0 -59.5 4.706253057233147 5 
0004 0008 1665890651674510 134.25 -65.0 0.4908738521234052 5 
0004 0015 1665890651675393 -8.9375 -64.0 4.190835512503572 5 
0004 0004 1665890651676590 52.0625 -61.5 5.344389064993574 5 
0004 0003 1665890651678251 -21.9375 -68.5 4.4362724385652745 5 
0004 0010 1665890651684988 48.0 -73.0 0.8222137023067037 5 
0004 0014 1665890651707930 9.75 -71.0 4.362641360746763 5 
0004 0002 1665890651758684 3.3125 -77.5 1.88986433067511 5 
0004 0000 1665890651794265 39.0 -59.5 4.651029748869264 5 
0004 0004 1665890651795148 -113.0625 -61.5 5.534602682691394 5 
0004 0007 1665890651796059 -39.0 -63.0 2.497320722677824 5 
0004 0013 1665890651796976 117.125 -69.5 3.988350048502667 5 
0004 0008 1665890651798580 -26.0 -64.5 0.6749515466696822 5 
0004 0015 1665890651801434 21.9375 -64.0 4.172427743048944 5 
0004 0003 1665890651804431 -147.25 -69.0 4.614214209960009 5 
0004 0009 1665890651810247 130.1875 -67.5 2.0064468705544187 5 
0004 0005 1665890651811116 -21.9375 -67.5 3.313398501832985 5 
0004 0010 1665890651812201 -238.4375 -73.5 1.1044661672776617 5 
0004 0014 1665890651828294 9.0 -71.0 1.2210487071569704 5 
0004 0002 1665890651914369 1.9375 -77.0 1.8039614065535141 5 
0004 0007 1665890651921057 -82.1875 -62.5 2.552544031041707 5 
0004 0000 1665890651924315 -74.0 -59.5 4.743068596142402 5 
0004 0013 1665890651926267 61.0 -69.5 3.9269908169872414 5 
0004 0015 1665890651928500 -17.0625 -64.0 4.184699589352029 5 
0004 0003 1665890651929598 -113.0625 -69.5 4.4976316700806995 5 
0004 0004 1665890651930492 -39.0 -61.5 5.381204603902829 5 
0004 0010 1665890651931617 -186.3125 -71.5 0.8958447801252144 5 
0004 0009 1665890651932529 -78.0625 -67.0 2.2457478734645786 5 
0004 0005 1665890651933896 -39.0 -68.0 3.172272269347506 5 
0004 0014 1665890651935543 -17.0625 -69.5 4.356505437595221 5 
0004 0008 1665890651936692 0.0 -64.5 0.6320000846088841 5 
0004 0002 1665890652011854 0.875 -77.5 4.957825906446392 5 
0004 0000 1665890652045071 -91.125 -59.5 4.76147636559703 5 
0004 0008 1665890652047847 30.0625 -65.0 0.5951845456996288 5 
0004 0009 1665890652048787 34.9375 -66.5 2.1966604882522383 5 
0004 0015 1665890652049713 8.9375 -63.5 4.172427743048944 5 
0004 0005 1665890652050854 -56.125 -67.5 3.2704470397721868 5 
0004 0004 1665890652052061 8.9375 -61.5 5.350524988145116 5 
0004 0007 1665890652052973 -61.0 -63.0 2.478912953223196 5 
0004 0013 1665890652054399 -87.0625 -69.0 4.215379205109742 5 
0004 0003 1665890652055891 -30.0625 -68.5 4.3933209765044765 5 
0004 0014 1665890652057328 156.1875 -68.5 4.246058820867455 5 
0004 0010 1665890652066317 234.3125 -71.0 0.5583690067903734 5 
0004 0014 1665890652085752 9.75 -71.0 1.2210487071569704 5 
0004 0002 1665890652160125 2.1875 -78.0 5.019185137961818 5 
0004 0004 1665890652176878 -43.125 -61.5 5.393476450205914 5 
0004 0009 1665890652178529 117.125 -68.0 2.0923497946760143 5 
0004 0015 1665890652179697 -95.1875 -64.0 4.313553975534423 5 
0004 0005 1665890652183079 -61.0 -67.5 3.368621810196868 5 
0004 0000 1665890652185133 26.0 -59.0 4.6448938257177215 5 
0004 0007 1665890652186016 39.0 -63.5 2.386874105950058 5 
0004 0008 1665890652186898 -34.9375 -65.0 0.6933593161243098 5 
0004 0003 1665890652190268 -69.125 -68.0 4.534447208989955 5 
0004 0013 1665890652191707 -78.0625 -69.0 4.135612204139688 5 
0004 0014 1665890652193015 -195.25 -70.5 4.546719055293041 5 
0004 0010 1665890652196024 -165.1875 -72.5 0.7669903939428205 5 
0004 0014 1665890652205559 -19.5 -71.0 4.408660784383333 5 
0004 0002 1665890652296204 -1.9375 -77.5 2.0371264863121317 5 
0004 0009 1665890652303479 -82.1875 -67.0 2.3071071049800045 5 
0004 0014 1665890652305180 0.0 -69.0 4.3503695144436785 5 
0004 0007 1665890652306591 26.0 -63.0 2.36846633649543 5 
0004 0000 1665890652307502 -30.0625 -60.0 4.6878452877785195 5 
0004 0005 1665890652308401 -100.0625 -68.5 3.2643111166206444 5 
0004 0015 1665890652309273 -113.0625 -64.5 4.3074180523828804 5 
0004 0003 1665890652310196 -87.0625 -69.0 4.522175362686871 5 
0004 0013 1665890652311340 -43.125 -70.0 4.025165587411922 5 
0004 0004 1665890652312492 -65.0625 -61.5 5.436427912266712 5 
0004 0008 1665890652315397 17.0625 -64.5 0.6381360077604268 5 
0004 0010 1665890652317798 169.25 -73.0 0.7117670855789375 5 
0004 0014 1665890652337101 0.75 -71.0 1.3314953238847365 5 
0004 0002 1665890652425412 -3.9375 -78.0 5.252350217720435 5 
0004 0007 1665890652434192 74.0 -63.0 2.3746022596469727 5 
0004 0004 1665890652435628 -108.1875 -62.0 5.436427912266712 5 
0004 0015 1665890652437411 -4.0625 -64.0 4.246058820867455 5 
0004 0008 1665890652438309 56.125 -65.0 0.6258641614573416 5 
0004 0000 1665890652439730 -82.1875 -59.5 4.798291904506286 5 
0004 0013 1665890652441086 -91.125 -68.5 4.178563666200486 5 
0004 0005 1665890652441984 -17.0625 -68.0 3.2090878082567613 5 
0004 0009 1665890652442911 26.0 -67.0 2.141437179888355 5 
0004 0003 1665890652443773 0.0 -68.0 4.417864669110647 5 
0004 0010 1665890652444917 43.125 -71.0 0.6135923151542565 5 
0004 0014 1665890652447986 -238.4375 -69.0 4.669437518323892 5 
0004 0014 1665890652453234 0.0 -70.5 4.365709322322535 5 
0004 0002 1665890652537391 -1.125 -78.0 1.8346410223112268 5 
0004 0009 1665890652555719 -61.0 -66.5 2.282563412373834 5 
0004 0005 1665890652556987 -30.0625 -67.0 3.1968159619536762 5 
0004 0015 1665890652558070 -39.0 -63.5 4.3074180523828804 5 
0004 0003 1665890652558996 34.9375 -68.5 4.491495746929157 5 
0004 0007 1665890652559893 82.1875 -63.0 2.325514874434632 5 
0004 0000 1665890652560944 -48.0 -59.5 4.693981210930062 5 
0004 0014 1665890652562111 -26.0 -70.5 4.411728745959104 5 
0004 0013 1665890652562984 -61.0 -69.0 4.276738436625168 5 
0004 0008 1665890652564603 34.9375 -64.5 0.6258641614573416 5 
0004 0004 1665890652565514 -21.9375 -62.0 5.313709449235861 5 
0004 0010 1665890652571025 -82.1875 -71.5 0.9142525495798421 5 
0004 0002 1665890652659865 8.5625 -78.0 4.865787059173254 5 
0004 0014 1665890652677534 61.0 -70.0 4.344233591292136 5 
0004 0015 1665890652679092 -39.0 -64.5 4.2092432819582 5 
0004 0013 1665890652680605 -13.0 -69.5 4.061981126321178 5 
0004 0007 1665890652681545 13.0 -63.0 2.399145952253143 5 
0004 0000 1665890652682736 -26.0 -60.0 4.681709364626977 5 
0004 0004 1665890652684112 -8.9375 -61.5 5.332117218690489 5 
0004 0008 1665890652685418 87.0625 -64.5 0.6013204688511713 5 
0004 0003 1665890652686329 -48.0 -69.5 4.571262747899211 5 
0004 0009 1665890652687240 -48.0 -66.5 2.3623304133438876 5 
0004 0005 1665890652688134 0.0 -67.5 3.2888548092268146 5 
0004 0010 1665890652689406 -91.125 -74.5 0.8835729338221293 5 
