0004 0000 1665891006955832 -61.0 -63.5 4.331961744989051 6 
0004 0012 1665891006956788 -269.3125 -71.5 4.749204519293945 6 
0004 0013 1665891006959321 295.375 -69.0 1.4480778637640452 6 
0004 0015 1665891006961085 173.3125 -70.0 1.521708941582556 6 
0004 0011 1665891006992522 -5.625 -75.5 0.11658253987930872 6 
0004 0004 1665891007066300 -13.0 -55.5 5.160311370447297 6 
0004 0000 1665891007069194 -95.1875 -64.5 4.405592822807561 6 
0004 0007 1665891007070090 17.0625 -58.5 0.9203884727313847 6 
0004 0006 1665891007071496 -38.1875 -64.0 4.681709364626977 6 
0004 0014 1665891007072945 -4.0625 -58.5 2.2396119503130363 6 
0004 0008 1665891007074340 -26.0 -66.0 4.374913207049849 6 
0004 0010 1665891007075652 178.1875 -65.0 5.767767762450011 6 
0004 0012 1665891007076708 -39.0 -72.5 4.841243366567084 6 
0004 0015 1665891007078810 87.0625 -69.5 1.7119225592803755 6 
0004 0013 1665891007080391 -273.375 -68.5 2.1598449493429825 6 
0004 0011 1665891007102148 2.4375 -75.5 0.06135923151542565 6 
0004 0007 1665891007183502 -13.0 -59.5 0.9878836273983529 6 
0004 0008 1665891007184416 -52.0625 -66.0 4.466952054322987 6 
0004 0010 1665891007186958 4.0625 -64.5 5.927301764390117 6 
0004 0014 1665891007188083 21.9375 -58.5 2.2027964114037806 6 
0004 0000 1665891007190409 -61.0 -64.5 4.3933209765044765 6 
0004 0004 1665891007191703 17.0625 -55.5 5.141903600992669 6 
0004 0006 1665891007192584 -80.5625 -64.5 4.773748211900116 6 
0004 0013 1665891007193711 -74.0 -68.5 1.8837284075235674 6 
0004 0012 1665891007201043 -195.25 -72.0 4.841243366567084 6 
0004 0015 1665891007202522 -56.125 -69.5 1.9512235621905356 6 
0004 0011 1665891007228382 -2.4375 -76.0 0.09203884727313846 6 
0004 0010 1665891007304484 -8.9375 -64.0 5.945709533844745 6 
0004 0004 1665891007305411 -34.9375 -55.5 5.21553467881118 6 
0004 0014 1665891007306504 4.0625 -58.5 2.2212041808584084 6 
0004 0013 1665891007308403 147.25 -69.0 1.4971652489763858 6 
0004 0000 1665891007309612 -17.0625 -64.5 4.356505437595221 6 
0004 0006 1665891007311284 18.6875 -64.0 4.7307967498393175 6 
0004 0007 1665891007313627 13.0 -59.0 0.9265243958829272 6 
0004 0008 1665891007315742 13.0 -66.0 4.399456899656019 6 
0004 0015 1665891007318730 104.125 -69.0 1.7916895602504288 6 
0004 0012 1665891007320011 -82.1875 -71.0 4.6448938257177215 6 
0004 0011 1665891007342428 21.1875 -76.5 6.215690152512618 6 
0004 0013 1665891007420190 82.1875 -68.5 1.859184714917397 6 
0004 0007 1665891007421073 -21.9375 -59.5 0.9694758579437253 6 
0004 0012 1665891007422000 48.0 -70.0 4.571262747899211 6 
0004 0008 1665891007423166 -21.9375 -66.0 4.473087977474529 6 
0004 0004 1665891007425056 43.125 -55.5 5.123495831538041 6 
0004 0006 1665891007425993 47.1875 -64.5 4.71238898038469 6 
0004 0010 1665891007428801 8.9375 -64.5 5.9518454569962875 6 
0004 0014 1665891007430688 43.125 -58.5 2.1905245651006955 6 
0004 0000 1665891007433457 -87.0625 -65.0 4.417864669110647 6 
0004 0015 1665891007435492 195.25 -70.5 1.7426021750380885 6 
0004 0011 1665891007457672 -18.75 -76.0 0.1227184630308513 6 
0004 0014 1665891007537773 -39.0 -58.5 2.2580197197676637 6 
0004 0013 1665891007538691 121.25 -69.0 1.846912868614312 6 
0004 0006 1665891007540308 -42.3125 -64.5 4.718524903536232 6 
0004 0004 1665891007542222 0.0 -56.0 5.166447293598839 6 
0004 0012 1665891007543112 -165.1875 -71.5 4.822835597112456 6 
0004 0007 1665891007544746 30.0625 -59.0 0.9265243958829272 6 
0004 0010 1665891007545658 -108.1875 -64.5 6.080699843178682 6 
0004 0008 1665891007547680 100.0625 -65.0 4.3503695144436785 6 
0004 0000 1665891007549827 52.0625 -64.5 4.301282129231338 6 
0004 0015 1665891007554812 195.25 -70.0 1.5401167110371838 6 
0004 0011 1665891007585910 29.25 -76.5 6.191146459906448 6 
0004 0000 1665891007661037 30.0625 -64.0 4.25833066717054 6 
0004 0014 1665891007663253 -13.0 -58.5 2.227340104009951 6 
0004 0004 1665891007665242 4.0625 -55.5 5.154175447295755 6 
0004 0007 1665891007666109 0.0 -59.5 0.9510680884890975 6 
0004 0015 1665891007667069 13.0 -69.5 1.7916895602504288 6 
0004 0006 1665891007667938 -203.4375 -64.5 4.847379289718626 6 
0004 0010 1665891007668836 26.0 -65.5 5.8045833013592665 6 
0004 0012 1665891007670856 100.0625 -71.5 4.516039439535327 6 
0004 0008 1665891007671838 -4.0625 -65.5 4.356505437595221 6 
0004 0013 1665891007672744 -78.0625 -69.5 2.000310947402876 6 
0004 0011 1665891007720496 9.25 -77.0 6.227961998815704 6 
0004 0014 1665891007778157 -17.0625 -58.5 2.2641556429192065 6 
0004 0000 1665891007779282 -126.125 -65.0 4.448544284868359 6 
0004 0006 1665891007780219 56.9375 -65.0 4.583534594202296 6 
0004 0008 1665891007781613 -91.125 -66.0 4.491495746929157 6 
0004 0010 1665891007784338 -8.9375 -65.0 5.884350302329319 6 
0004 0015 1665891007786292 -134.25 -70.0 1.9696313316451632 6 
0004 0007 1665891007787189 26.0 -59.5 0.9081166264282996 6 
0004 0004 1665891007788808 -43.125 -55.5 5.129631754689584 6 
0004 0013 1665891007789725 -65.0625 -68.5 1.7855536370988863 6 
0004 0012 1665891007791527 -126.125 -71.5 4.792155981354743 6 
0004 0011 1665891007978948 -5.5625 -76.5 0.0 6 
0004 0013 1665891008012719 113.0625 -70.0 1.748738098189631 6 
0004 0014 1665891008013685 -30.0625 -58.5 2.2518837966161214 6 
0004 0010 1665891008014879 13.0 -64.5 5.822991070813893 6 
0004 0004 1665891008015835 -56.125 -55.5 5.105088062083414 6 
0004 0007 1665891008017866 -17.0625 -59.5 0.9203884727313847 6 
0004 0008 1665891008018778 39.0 -65.5 4.246058820867455 6 
0004 0006 1665891008020350 47.1875 -65.0 4.528311285838413 6 
0004 0000 1665891008021304 -91.125 -64.0 4.28287435977671 6 
0004 0012 1665891008022756 -390.5625 -72.5 5.074408446325701 6 
0004 0015 1665891008023681 4.0625 -71.0 1.8775924843720249 6 
0004 0011 1665891008112045 -3.6875 -77.0 0.01227184630308513 6 
0004 0013 1665891008128834 61.0 -70.0 1.6873788666742053 6 
0004 0000 1665891008130889 4.0625 -63.5 4.184699589352029 6 
0004 0004 1665891008132269 -43.125 -56.0 5.080544369477243 6 
0004 0006 1665891008133392 -38.1875 -65.0 4.608078286808466 6 
0004 0014 1665891008134517 30.0625 -58.5 2.184388641949153 6 
0004 0007 1665891008135400 17.0625 -59.5 0.8774370106705868 6 
0004 0010 1665891008137033 -4.0625 -65.0 5.780039608753096 6 
0004 0012 1665891008138445 48.0 -72.5 4.509903516383785 6 
0004 0008 1665891008139472 -108.1875 -65.0 4.338097668140593 6 
0004 0015 1665891008140388 347.4375 -70.0 1.423534171157875 6 
0004 0011 1665891008221282 -7.0 -77.0 0.12885438618239387 6 
0004 0008 1665891008246611 -61.0 -64.5 4.405592822807561 6 
0004 0014 1665891008247479 21.9375 -58.5 2.2150682577068657 6 
0004 0013 1665891008249156 -126.125 -68.5 1.9819031779482483 6 
0004 0007 1665891008250972 17.0625 -59.5 0.8835729338221293 6 
0004 0006 1665891008252817 80.5625 -65.0 4.540583132141498 6 
0004 0015 1665891008254783 82.1875 -70.5 1.6812429435226628 6 
0004 0004 1665891008255922 30.0625 -56.0 4.994641445355648 6 
0004 0010 1665891008258860 8.9375 -65.0 5.859806609723149 6 
0004 0000 1665891008260159 -48.0 -64.5 4.270602513473625 6 
0004 0012 1665891008261373 -212.375 -71.0 4.957825906446392 6 
0004 0011 1665891008391479 4.375 -76.5 6.191146459906448 6 
0004 0004 1665891008397816 -17.0625 -55.5 5.074408446325701 6 
0004 0008 1665891008400020 -104.125 -65.5 4.442408361716817 6 
0004 0000 1665891008401215 -56.125 -64.5 4.252194744018997 6 
0004 0010 1665891008402383 -39.0 -64.5 5.872078456026235 6 
0004 0007 1665891008403776 21.9375 -59.5 0.8835729338221293 6 
0004 0015 1665891008405684 -74.0 -69.0 2.1353012567368124 6 
0004 0013 1665891008406588 61.0 -70.0 1.6996507129772904 6 
0004 0006 1665891008407514 -234.3125 -65.0 4.651029748869264 6 
0004 0014 1665891008408440 39.0 -58.5 2.1659808724945253 6 
0004 0012 1665891008409724 108.1875 -72.0 4.516039439535327 6 
0004 0011 1665891008507515 0.1875 -77.0 6.160466844148735 6 
0004 0010 1665891008520534 0.0 -64.5 5.859806609723149 6 
0004 0014 1665891008523344 0.0 -59.0 2.2518837966161214 6 
0004 0007 1665891008524317 -13.0 -59.5 0.8897088569736719 6 
0004 0008 1665891008525286 -13.0 -65.0 4.381049130201391 6 
0004 0006 1665891008527194 61.8125 -65.0 4.509903516383785 6 
0004 0015 1665891008528631 82.1875 -69.5 1.7548740213411735 6 
0004 0004 1665891008529811 -43.125 -55.5 5.117359908386499 6 
0004 0013 1665891008530869 78.0625 -69.0 1.4603497100671303 6 
0004 0000 1665891008533515 26.0 -64.0 4.129476280988146 6 
0004 0012 1665891008534457 -165.1875 -71.5 4.571262747899211 6 
0004 0011 1665891008598736 21.5 -78.5 6.160466844148735 6 
0004 0010 1665891008649606 -26.0 -65.0 5.878214379177777 6 
0004 0000 1665891008650518 -13.0 -63.5 4.1172044346850605 6 
0004 0007 1665891008652194 39.0 -60.0 0.8222137023067037 6 
0004 0004 1665891008653785 -8.9375 -55.5 5.062136600022616 6 
0004 0008 1665891008654715 -78.0625 -65.5 4.399456899656019 6 
0004 0013 1665891008655656 -4.0625 -70.0 1.6689710972195777 6 
0004 0006 1665891008656582 -203.4375 -65.5 4.663301595172349 6 
0004 0014 1665891008657480 39.0 -59.0 2.2150682577068657 6 
0004 0012 1665891008658721 134.25 -72.0 4.331961744989051 6 
0004 0015 1665891008659664 -152.125 -69.0 1.9941750242513334 6 
0004 0011 1665891008714274 6.0625 -77.0 6.240233845118788 6 
0004 0006 1665891008768343 -66.6875 -65.5 4.71238898038469 6 
0004 0000 1665891008769211 -26.0 -63.5 4.178563666200486 6 
0004 0013 1665891008770326 26.0 -69.5 1.7794177139473437 6 
0004 0007 1665891008772411 -21.9375 -60.0 0.9265243958829272 6 
0004 0004 1665891008774881 8.9375 -55.5 5.098952138931871 6 
0004 0008 1665891008776846 -91.125 -65.5 4.338097668140593 6 
0004 0010 1665891008778039 -30.0625 -65.0 5.8475347634200645 6 
0004 0014 1665891008779455 0.0 -59.0 2.2457478734645786 6 
0004 0012 1665891008783467 -204.25 -72.5 4.76147636559703 6 
0004 0015 1665891008784351 30.0625 -69.0 1.8714565612204823 6 
0004 0011 1665891008807544 34.9375 -76.0 6.1420590746941075 6 
0004 0015 1665891008899224 -39.0 -67.5 1.6689710972195777 6 
0004 0000 1665891008900588 17.0625 -65.0 4.1601558967458585 6 
0004 0006 1665891008901469 80.5625 -64.5 4.528311285838413 6 
0004 0008 1665891008903330 -30.0625 -65.5 4.184699589352029 6 
0004 0013 1665891008904460 195.25 -68.5 1.5953400194010667 6 
0004 0007 1665891008905380 0.0 -60.0 0.8897088569736719 6 
0004 0010 1665891008906495 -43.125 -64.0 5.8659425328746915 6 
0004 0014 1665891008908609 17.0625 -58.5 2.2641556429192065 6 
0004 0004 1665891008910259 -61.0 -55.5 5.160311370447297 6 
0004 0012 1665891008912392 -208.3125 -71.0 4.657165672020807 6 
0004 0011 1665891008934499 -0.75 -76.5 6.277049384028044 6 
0004 0009 1665891008965908 -0.875 -74.5 0.05522330836388308 6 
0004 0015 1665891009021452 82.1875 -69.5 1.5892040962495242 6 
0004 0014 1665891009023112 4.0625 -58.5 2.227340104009951 6 
0004 0008 1665891009024282 -61.0 -65.0 4.246058820867455 6 
0004 0010 1665891009025677 -91.125 -65.0 5.902758071783947 6 
0004 0013 1665891009027157 69.125 -69.0 1.8039614065535141 6 
0004 0007 1665891009028562 4.0625 -60.0 0.8835729338221293 6 
0004 0004 1665891009029476 -26.0 -55.5 5.086680292628786 6 
0004 0006 1665891009032085 -14.625 -65.5 4.614214209960009 6 
0004 0000 1665891009034201 -104.125 -64.5 4.246058820867455 6 
0004 0012 1665891009035979 8.9375 -71.5 4.424000592262189 6 
0004 0011 1665891009056304 16.3125 -77.0 6.074563920027139 6 
0004 0009 1665891009084345 -6.8125 -74.0 0.12885438618239387 6 
0004 0004 1665891009148779 -17.0625 -55.5 5.074408446325701 6 
0004 0015 1665891009150105 -26.0 -70.0 1.859184714917397 6 
0004 0014 1665891009152944 -4.0625 -58.5 2.2396119503130363 6 
0004 0000 1665891009154641 -108.1875 -64.5 4.227651051412827 6 
0004 0010 1665891009155553 -108.1875 -64.5 5.884350302329319 6 
0004 0007 1665891009156492 52.0625 -60.0 0.8222137023067037 6 
0004 0013 1665891009158353 -217.25 -68.0 2.0493983326152168 6 
0004 0012 1665891009160139 -21.9375 -71.0 4.466952054322987 6 
0004 0008 1665891009163696 -74.0 -64.0 4.184699589352029 6 
0004 0006 1665891009164831 127.75 -65.5 4.466952054322987 6 
0004 0009 1665891009205188 3.625 -73.5 0.11044661672776616 6 
0004 0011 1665891009288532 -3.625 -78.0 6.215690152512618 6 
0004 0007 1665891009337642 -8.9375 -59.5 0.8651651643675016 6 
0004 0012 1665891009338872 -576.9375 -72.5 5.2339424482658075 6 
0004 0010 1665891009340777 -56.125 -64.5 5.8475347634200645 6 
0004 0014 1665891009342169 -48.0 -58.0 2.325514874434632 6 
0004 0006 1665891009343589 -104.125 -65.5 4.614214209960009 6 
0004 0013 1665891009344463 121.25 -69.0 1.6689710972195777 6 
0004 0004 1665891009345385 -8.9375 -55.0 5.031456984264903 6 
0004 0008 1665891009349044 -95.1875 -65.0 4.25833066717054 6 
0004 0000 1665891009350152 -43.125 -64.0 4.276738436625168 6 
0004 0015 1665891009354464 65.0625 -69.0 1.7303303287350031 6 
0004 0011 1665891009396259 6.0625 -77.5 0.03681553890925539 6 
0004 0008 1665891009461050 104.125 -67.0 4.3503695144436785 6 
0004 0007 1665891009461960 21.9375 -58.5 0.9081166264282996 6 
0004 0000 1665891009462914 -17.0625 -64.5 4.871922982324796 6 
0004 0012 1665891009464321 -21.9375 -71.0 4.485359823777615 6 
0004 0015 1665891009465235 -69.125 -70.0 1.7671458676442586 6 
0004 0010 1665891009466416 48.0 -64.5 5.884350302329319 6 
0004 0014 1665891009467540 43.125 -59.0 2.1659808724945253 6 
0004 0004 1665891009468692 -43.125 -56.5 5.221670601962723 6 
0004 0013 1665891009469862 17.0625 -68.0 1.8223691760081417 6 
0004 0006 1665891009471639 -47.1875 -64.0 4.534447208989955 6 
0004 0011 1665891009474845 -91.125 -73.0 0.1595340019401067 6 
0004 0003 1665891009571160 95.1875 -68.5 1.4173982480063325 6 
0004 0007 1665891009572070 -8.9375 -56.0 1.2578642460662257 6 
0004 0014 1665891009573954 0.0 -59.5 2.2580197197676637 6 
0004 0004 1665891009574841 26.0 -62.0 6.062292073724054 6 
0004 0005 1665891009576237 212.375 -70.0 2.705942109830271 6 
0004 0000 1665891009577188 -30.0625 -61.5 0.44178646691106466 6 
0004 0015 1665891009579786 -82.1875 -68.5 1.3192234775816514 6 
0004 0013 1665891009581695 -152.125 -68.0 2.2027964114037806 6 
0004 0010 1665891009584019 21.9375 -63.5 0.5583690067903734 6 
0004 0006 1665891009585013 -9.75 -61.5 4.718524903536232 6 
0004 0011 1665891009589289 8.9375 -68.5 0.25157284921324513 6 
0004 0002 1665891009612410 -19.5 -77.0 4.344233591292136 6 
0004 0008 1665891009633662 1.625 -71.0 0.4172427743048944 6 
0004 0015 1665891009695822 -173.3125 -69.0 1.325359400733194 6 
0004 0007 1665891009697599 43.125 -58.0 1.9757672547967058 6 
0004 0004 1665891009698525 -43.125 -61.0 4.338097668140593 6 
0004 0010 1665891009700543 -139.125 -64.0 2.564815877344792 6 
0004 0003 1665891009701410 82.1875 -64.5 1.8407769454627694 6 
0004 0013 1665891009702781 -78.0625 -68.5 2.2396119503130363 6 
0004 0005 1665891009703921 -134.25 -66.5 3.0802334220743677 6 
0004 0008 1665891009704828 -8.9375 -59.5 4.76147636559703 6 
0004 0014 1665891009706049 0.0 -60.0 2.2150682577068657 6 
0004 0000 1665891009707232 52.0625 -60.5 1.9819031779482483 6 
0004 0011 1665891009708301 108.1875 -69.5 1.6198837120072371 6 
0004 0006 1665891009709212 -142.375 -65.5 4.97623367590102 6 
0004 0002 1665891009710647 212.375 -72.5 1.2087768608538851 6 
0004 0008 1665891009807436 -8.9375 -56.0 5.8659425328746915 6 
0004 0013 1665891009808399 178.1875 -69.0 1.3867186322486196 6 
0004 0004 1665891009809280 -26.0 -54.5 4.8351074434155406 6 
0004 0003 1665891009811737 -152.125 -69.5 3.5588354278946874 6 
0004 0000 1665891009812918 -61.0 -66.0 4.589670517353839 6 
0004 0015 1665891009815153 165.1875 -69.0 0.5645049299419159 6 
0004 0002 1665891009816614 56.125 -72.5 2.024854640009046 6 
0004 0014 1665891009817496 -82.1875 -60.5 2.356194490192345 6 
0004 0007 1665891009818466 -74.0 -68.0 4.399456899656019 6 
0004 0010 1665891009819406 -48.0 -56.5 4.454680208019902 6 
0004 0001 1665891009838654 -12.9375 -76.5 1.4358060174609601 6 
0004 0006 1665891009878769 2.875 -75.0 0.5767767762450011 6 
0004 0005 1665891009882462 3.1875 -74.0 4.454680208019902 6 
0004 0004 1665891009932722 13.0 -54.5 4.792155981354743 6 
0004 0005 1665891009933636 -117.125 -67.5 4.454680208019902 6 
0004 0006 1665891009934501 66.6875 -68.0 0.30679615757712825 6 
0004 0007 1665891009935455 8.9375 -65.5 0.32520392703175593 6 
0004 0008 1665891009937377 52.0625 -64.5 0.3865631585471816 6 
0004 0010 1665891009938287 -13.0 -59.0 0.22089323345553233 6 
0004 0003 1665891009939184 -21.9375 -67.0 3.08636934522591 6 
0004 0014 1665891009940095 -61.0 -60.5 2.423689644859313 6 
0004 0013 1665891009941026 -43.125 -69.0 2.116893487282185 6 
0004 0009 1665891009943578 -61.0 -68.0 1.000155473701438 6 
0004 0015 1665891009944606 121.25 -69.5 0.6381360077604268 6 
0004 0000 1665891009946451 -394.625 -70.5 3.9453985864418692 6 
0004 0012 1665891009947419 -152.125 -70.0 0.11044661672776616 6 
0004 0012 1665891010043528 87.0625 -68.5 0.8406214717613314 6 
0004 0008 1665891010044425 147.25 -67.5 1.4296700943094176 6 
0004 0006 1665891010045604 90.3125 -65.5 0.6810874698212247 6 
0004 0015 1665891010046971 247.375 -71.0 0.4908738521234052 6 
0004 0003 1665891010047893 17.0625 -66.5 1.5892040962495242 6 
0004 0004 1665891010049754 -26.0 -55.5 4.865787059173254 6 
0004 0010 1665891010050678 -8.9375 -61.0 1.4480778637640452 6 
0004 0013 1665891010051567 69.125 -66.0 5.092816215780329 6 
0004 0007 1665891010052973 4.0625 -63.5 0.7424467013366504 6 
0004 0014 1665891010054353 65.0625 -60.0 2.2334760271614935 6 
0004 0005 1665891010056484 -43.125 -62.0 4.28287435977671 6 
0004 0000 1665891010061767 -104.125 -72.5 2.0371264863121317 6 
0004 0004 1665891010159466 0.0 -56.5 4.7860200582032 6 
0004 0014 1665891010161466 0.0 -60.0 2.3193789512830896 6 
0004 0003 1665891010162368 69.125 -67.5 6.2463697682703305 6 
0004 0013 1665891010163819 -4.0625 -64.5 6.2034183062095325 6 
0004 0008 1665891010166743 52.0625 -65.0 1.6198837120072371 6 
0004 0015 1665891010167923 113.0625 -70.5 0.705631162427395 6 
0004 0010 1665891010169104 21.9375 -62.0 1.8653206380689396 6 
0004 0005 1665891010170025 0.0 -59.5 4.111068511533518 6 
0004 0007 1665891010172377 -13.0 -63.5 0.859029241215959 6 
0004 0006 1665891010173273 189.5625 -64.5 1.0615147052168636 6 
0004 0000 1665891010176713 69.125 -73.5 0.9203884727313847 6 
0004 0002 1665891010205028 -4.0625 -79.0 4.184699589352029 6 
0004 0004 1665891010283765 26.0 -56.5 4.663301595172349 6 
0004 0000 1665891010284888 -225.375 -71.0 0.5276893910326605 6 
0004 0013 1665891010286052 -8.9375 -67.0 6.025476534814799 6 
0004 0005 1665891010287984 17.0625 -58.5 4.000621894805752 6 
0004 0015 1665891010289309 69.125 -70.5 0.7301748550335652 6 
0004 0014 1665891010290785 -17.0625 -60.0 2.386874105950058 6 
0004 0008 1665891010292585 0.0 -64.5 1.2946797849754812 6 
0004 0010 1665891010293502 26.0 -64.5 2.325514874434632 6 
0004 0007 1665891010295387 -17.0625 -62.5 1.2946797849754812 6 
0004 0003 1665891010296427 -30.0625 -64.5 5.098952138931871 6 
0004 0006 1665891010297804 47.1875 -64.5 1.564660403643354 6 
0004 0002 1665891010319899 4.0625 -78.0 0.30066023442558565 6 
0004 0008 1665891010400069 34.9375 -65.0 1.0062913968529805 6 
0004 0006 1665891010401078 -42.3125 -63.5 1.8714565612204823 6 
0004 0003 1665891010404034 -17.0625 -63.0 4.589670517353839 6 
0004 0015 1665891010405174 -43.125 -70.0 0.7669903939428205 6 
0004 0014 1665891010406098 -17.0625 -60.0 2.337786720737717 6 
0004 0004 1665891010407024 -30.0625 -56.5 4.601942363656923 6 
0004 0007 1665891010407908 -34.9375 -62.0 1.4664856332186729 6 
0004 0005 1665891010408806 26.0 -58.5 3.7981364308048478 6 
0004 0013 1665891010411929 -21.9375 -67.0 5.988660995905543 6 
0004 0010 1665891010412770 -17.0625 -65.0 2.5954954931025047 6 
0004 0000 1665891010417303 -69.125 -71.5 6.215690152512618 6 
0004 0011 1665891010435369 3.1875 -73.0 0.06135923151542565 6 
0004 0002 1665891010444824 2.4375 -78.0 0.07976700097005335 6 
0004 0006 1665891010522204 28.4375 -63.5 1.945087639038993 6 
0004 0004 1665891010523952 -65.0625 -57.0 4.620350133111551 6 
0004 0010 1665891010525091 -186.3125 -65.0 2.8716120349219203 6 
0004 0005 1665891010526001 -21.9375 -58.5 3.761320891895592 6 
0004 0003 1665891010527193 8.9375 -62.5 4.221515128261284 6 
0004 0014 1665891010528388 -56.125 -60.0 2.386874105950058 6 
0004 0008 1665891010529357 121.25 -65.0 0.6872233929727672 6 
0004 0007 1665891010533040 121.25 -62.5 1.1658253987930873 6 
0004 0015 1665891010534546 82.1875 -70.5 0.6565437772150544 6 
0004 0000 1665891010536491 -43.125 -71.0 5.810719224510809 6 
0004 0013 1665891010537393 39.0 -67.0 5.9518454569962875 6 
0004 0011 1665891010563450 4.0625 -73.0 6.19728238305799 6 
0004 0002 1665891010565697 -14.625 -78.0 0.02454369260617026 6 
0004 0008 1665891010641322 30.0625 -65.0 0.6933593161243098 6 
0004 0006 1665891010642471 -23.5625 -63.5 2.061670178918302 6 
0004 0004 1665891010643623 -4.0625 -56.5 4.528311285838413 6 
0004 0003 1665891010644563 -39.0 -62.0 4.0987966652304335 6 
0004 0007 1665891010645986 -26.0 -63.5 1.012427320004523 6 
0004 0013 1665891010647371 -182.25 -67.0 6.154330920997192 6 
0004 0014 1665891010648290 0.0 -60.0 2.3193789512830896 6 
0004 0010 1665891010649151 -87.0625 -65.0 2.791845033951867 6 
0004 0005 1665891010650031 8.9375 -57.5 3.650874275167826 6 
0004 0000 1665891010651051 0.0 -71.0 5.675728915176872 6 
0004 0015 1665891010652167 65.0625 -70.0 0.6688156235181395 6 
0004 0002 1665891010678520 -6.5 -77.5 2.8961557275280905 6 
0004 0011 1665891010711579 1.9375 -73.5 6.2463697682703305 6 
0004 0014 1665891010778033 65.0625 -59.5 2.116893487282185 6 
0004 0000 1665891010779172 134.25 -70.5 5.3198453723874035 6 
0004 0006 1665891010780036 -9.75 -64.0 2.1905245651006955 6 
0004 0003 1665891010781202 -39.0 -62.0 4.264466590322082 6 
0004 0005 1665891010783021 -69.125 -57.5 3.816544200259475 6 
0004 0015 1665891010783918 -8.9375 -70.5 0.4172427743048944 6 
0004 0008 1665891010784832 21.9375 -64.5 0.23316507975861744 6 
0004 0007 1665891010785772 13.0 -64.0 0.619728238305799 6 
0004 0013 1665891010786690 -43.125 -66.5 0.03681553890925539 6 
0004 0004 1665891010787557 -61.0 -56.5 4.4976316700806995 6 
0004 0010 1665891010791614 -34.9375 -65.5 2.761165418194154 6 
0004 0002 1665891010810191 12.1875 -78.0 2.7550294950426117 6 
0004 0011 1665891010891195 -1.25 -73.5 6.086835766330224 6 
0004 0005 1665891010912037 8.9375 -57.5 3.6447383520162835 6 
0004 0008 1665891010912949 -69.125 -64.5 0.23930100291016002 6 
0004 0003 1665891010914610 -34.9375 -61.5 4.1601558967458585 6 
0004 0007 1665891010915505 8.9375 -64.5 0.6135923151542565 6 
0004 0015 1665891010916676 134.25 -70.5 0.3865631585471816 6 
0004 0013 1665891010917563 -169.25 -66.0 0.11044661672776616 6 
0004 0004 1665891010919447 0.0 -56.5 4.387185053352934 6 
0004 0014 1665891010921085 34.9375 -60.0 2.0923497946760143 6 
0004 0010 1665891010924695 -21.9375 -66.0 2.730485802436441 6 
0004 0006 1665891010928313 -87.0625 -65.0 2.2089323345553233 6 
0004 0000 1665891010930418 -165.1875 -72.0 5.6143696836614465 6 
0004 0002 1665891010955876 -21.9375 -77.5 6.013204688511713 6 
0004 0011 1665891011138456 -5.3125 -73.5 6.037748381117884 6 
0004 0008 1665891011180278 117.125 -65.0 5.976389149602458 6 
0004 0006 1665891011182477 75.625 -64.0 1.9819031779482483 6 
0004 0003 1665891011183401 -34.9375 -61.5 3.9822141253511245 6 
0004 0005 1665891011184312 -56.125 -58.5 3.552699504743145 6 
0004 0013 1665891011185695 -39.0 -65.0 6.252505691421874 6 
0004 0014 1665891011186604 -8.9375 -60.0 2.12916533358527 6 
0004 0004 1665891011188677 -8.9375 -56.5 4.172427743048944 6 
0004 0007 1665891011190188 -26.0 -64.5 0.19634954084936207 6 
0004 0010 1665891011191986 21.9375 -65.0 2.429825568010856 6 
0004 0000 1665891011193523 -26.0 -71.5 5.209398755659637 6 
0004 0015 1665891011195099 13.0 -70.0 0.3865631585471816 6 
0004 0002 1665891011235570 -26.8125 -77.0 5.890486225480862 6 
0004 0011 1665891011256445 3.1875 -73.5 5.7616318392984684 6 
0004 0003 1665891011321637 -100.0625 -62.0 3.9822141253511245 6 
0004 0008 1665891011323439 56.125 -64.5 5.884350302329319 6 
0004 0010 1665891011324368 -91.125 -64.5 2.478912953223196 6 
0004 0004 1665891011325958 -8.9375 -57.0 4.074252972624263 6 
0004 0013 1665891011327118 108.1875 -65.0 5.970253226450915 6 
0004 0007 1665891011328016 -52.0625 -65.5 0.16566992509164924 6 
0004 0005 1665891011328968 17.0625 -58.0 3.3379421944391554 6 
0004 0000 1665891011330192 -299.4375 -72.0 5.460971604872882 6 
0004 0015 1665891011334004 -8.9375 -71.0 0.3374757733348411 6 
0004 0014 1665891011335100 -21.9375 -59.5 2.1475731030398975 6 
0004 0006 1665891011336026 47.1875 -64.5 1.9941750242513334 6 
0004 0002 1665891011347370 34.5625 -76.5 2.6169712241329037 6 
0004 0011 1665891011359330 -16.3125 -73.0 5.8045833013592665 6 
0004 0008 1665891011438178 26.0 -64.0 5.8045833013592665 6 
0004 0013 1665891011439108 30.0625 -65.0 5.994796919057086 6 
0004 0014 1665891011440063 -48.0 -59.5 2.1966604882522383 6 
0004 0007 1665891011441244 56.125 -64.5 6.2034183062095325 6 
0004 0004 1665891011442154 -13.0 -57.5 4.000621894805752 6 
0004 0005 1665891011443543 0.0 -58.5 3.313398501832985 6 
0004 0003 1665891011446100 -4.0625 -62.0 3.785864584501762 6 
0004 0015 1665891011450888 48.0 -71.0 0.39269908169872414 6 
0004 0006 1665891011455044 -38.1875 -64.0 2.018718716857504 6 
0004 0010 1665891011456155 52.0625 -64.5 2.2580197197676637 6 
0004 0000 1665891011457560 39.0 -72.5 4.908738521234052 6 
0004 0002 1665891011479404 -1.1875 -76.0 5.632777453116074 6 
0004 0011 1665891011513694 -2.4375 -73.5 5.675728915176872 6 
0004 0014 1665891011575025 30.0625 -59.5 2.098485717827557 6 
0004 0010 1665891011576661 -65.0625 -65.0 2.2886993355253766 6 
0004 0003 1665891011577556 -91.125 -61.5 3.9576704327449543 6 
0004 0005 1665891011578921 -34.9375 -58.5 3.3440781175906977 6 
0004 0015 1665891011581368 -104.125 -69.0 0.5583690067903734 6 
0004 0004 1665891011583329 -13.0 -57.5 3.9453985864418692 6 
0004 0006 1665891011584224 70.75 -64.0 1.8653206380689396 6 
0004 0007 1665891011585108 -30.0625 -64.0 0.17794177139473438 6 
0004 0008 1665891011587664 -21.9375 -64.0 5.890486225480862 6 
0004 0013 1665891011588877 -17.0625 -64.5 6.037748381117884 6 
0004 0000 1665891011594224 -182.25 -74.0 5.123495831538041 6 
0004 0002 1665891011608270 208.3125 -76.5 5.381204603902829 6 
0004 0011 1665891011667468 2.125 -73.5 5.6573211457222445 6 
0004 0006 1665891011705554 -14.625 -63.5 1.9389517158874505 6 
0004 0010 1665891011706978 -26.0 -65.0 2.2641556429192065 6 
0004 0014 1665891011707931 74.0 -60.0 2.067806102069844 6 
0004 0004 1665891011708811 -4.0625 -57.5 3.902447124381071 6 
0004 0007 1665891011709951 -26.0 -63.5 0.36815538909255385 6 
0004 0013 1665891011712582 -21.9375 -64.5 5.988660995905543 6 
0004 0015 1665891011713682 165.1875 -70.0 0.2945243112740431 6 
0004 0005 1665891011716317 -52.0625 -58.5 3.399301425954581 6 
0004 0003 1665891011718899 -43.125 -61.5 3.9208548938356986 6 
0004 0008 1665891011720690 -91.125 -63.5 5.939573610693203 6 
0004 0000 1665891011722254 -17.0625 -70.5 4.9394181369917645 6 
0004 0002 1665891011777135 -34.125 -77.0 5.786175531904639 6 
0004 0011 1665891011857380 1.125 -74.0 5.595961914206819 6 
0004 0011 1665891011877215 -1.125 -74.0 5.6143696836614465 6 
0004 0013 1665891011885875 -65.0625 -64.0 6.000932842208628 6 
0004 0014 1665891011887507 13.0 -60.0 2.116893487282185 6 
0004 0004 1665891011889000 -13.0 -57.0 3.8717675086233583 6 
0004 0007 1665891011891874 56.125 -63.5 0.2638446955163303 6 
0004 0003 1665891011892778 0.0 -61.0 3.8717675086233583 6 
0004 0008 1665891011893691 -8.9375 -63.5 5.853670686571607 6 
0004 0010 1665891011894862 -78.0625 -65.0 2.1537090261914402 6 
0004 0005 1665891011896065 -4.0625 -58.5 3.32567034813607 6 
0004 0000 1665891011897376 -43.125 -72.0 4.890330751779424 6 
0004 0006 1665891011898536 9.75 -64.0 1.9144080232812801 6 
0004 0015 1665891011899837 386.5 -70.5 0.14726215563702155 6 
0004 0002 1665891011921994 -60.625 -76.5 5.737088146692298 6 
