0004 0014 1665891087276512 -69.125 -59.5 2.1046216409791 6 
0004 0015 1665891087280262 130.1875 -68.0 1.2946797849754812 6 
0004 0004 1665891087281578 -4.0625 -58.0 4.571262747899211 6 
0004 0000 1665891087282519 -91.125 -62.0 4.172427743048944 6 
0004 0010 1665891087283699 -8.9375 -63.5 4.080388895775806 6 
0004 0013 1665891087300132 -9.75 -75.5 0.39269908169872414 6 
0004 0000 1665891087386469 -74.0 -62.0 4.104932588381976 6 
0004 0006 1665891087388217 -70.75 -67.0 3.859495662320273 6 
0004 0007 1665891087389102 95.1875 -65.0 5.743224069843841 6 
0004 0010 1665891087390028 -61.0 -63.0 4.154019973594316 6 
0004 0004 1665891087391235 13.0 -58.0 4.571262747899211 6 
0004 0008 1665891087392400 -30.0625 -63.5 4.04357335686655 6 
0004 0014 1665891087393299 -4.0625 -59.5 1.9819031779482483 6 
0004 0015 1665891087396645 182.25 -68.5 1.1106020904292042 6 
0004 0002 1665891087416863 55.3125 -75.0 0.31600004230444206 6 
0004 0013 1665891087432066 -3.1875 -75.5 0.5031456984264903 6 
0004 0008 1665891087508050 -87.0625 -63.0 4.111068511533518 6 
0004 0014 1665891087508918 -21.9375 -59.5 2.012582793705961 6 
0004 0015 1665891087509890 34.9375 -68.0 1.337631247036279 6 
0004 0000 1665891087510803 -87.0625 -62.5 4.123340357836604 6 
0004 0004 1665891087511656 -91.125 -58.0 4.669437518323892 6 
0004 0013 1665891087514768 17.0625 -72.0 0.4172427743048944 6 
0004 0007 1665891087515753 26.0 -64.5 5.945709533844745 6 
0004 0010 1665891087517161 -74.0 -65.0 4.190835512503572 6 
0004 0006 1665891087518101 -255.5 -68.0 3.9576704327449543 6 
0004 0002 1665891087534304 41.0625 -74.5 0.32213596545598466 6 
0004 0010 1665891087626376 -126.125 -64.5 4.2092432819582 6 
0004 0014 1665891087628160 0.0 -59.0 2.043262409463674 6 
0004 0008 1665891087629050 -113.0625 -63.5 4.111068511533518 6 
0004 0007 1665891087630213 -8.9375 -65.5 5.878214379177777 6 
0004 0004 1665891087631791 -26.0 -58.0 4.638757902566179 6 
0004 0006 1665891087633016 -208.3125 -67.5 3.9699422790480394 6 
0004 0015 1665891087633928 13.0 -67.5 1.1780972450961724 6 
0004 0000 1665891087634853 -17.0625 -62.5 4.031301510563465 6 
0004 0002 1665891087661083 4.875 -75.0 0.5338253141842031 6 
0004 0013 1665891087663232 -37.375 -75.0 0.6872233929727672 6 
0004 0000 1665891087739304 -56.125 -62.0 4.061981126321178 6 
0004 0007 1665891087741335 8.9375 -65.0 6.007068765360171 6 
0004 0006 1665891087742796 -75.625 -66.5 3.8717675086233583 6 
0004 0014 1665891087744826 -8.9375 -59.0 2.0371264863121317 6 
0004 0004 1665891087746360 -26.0 -58.0 4.589670517353839 6 
0004 0008 1665891087747270 4.0625 -63.0 4.037437433715008 6 
0004 0015 1665891087748171 13.0 -67.5 1.2762720155208536 6 
0004 0010 1665891087749025 17.0625 -64.5 4.086524818927348 6 
0004 0002 1665891087761833 50.8125 -75.0 0.38349519697141027 6 
0004 0013 1665891087776030 -24.375 -75.5 0.6381360077604268 6 
0004 0008 1665891087853868 -108.1875 -63.5 4.147884050442774 6 
0004 0004 1665891087855174 13.0 -57.5 4.589670517353839 6 
0004 0014 1665891087858030 30.0625 -59.5 1.9512235621905356 6 
0004 0007 1665891087858943 48.0 -64.5 5.957981380147831 6 
0004 0000 1665891087859882 -91.125 -62.0 4.111068511533518 6 
0004 0010 1665891087861202 -108.1875 -64.0 4.184699589352029 6 
0004 0006 1665891087862084 -236.75 -68.0 4.0558452031696355 6 
0004 0015 1665891087864211 156.1875 -67.5 1.1167380135807468 6 
0004 0002 1665891087885155 41.0625 -74.5 0.38963112012295287 6 
0004 0013 1665891087899766 9.75 -76.0 0.4908738521234052 6 
0004 0007 1665891087978518 65.0625 -65.0 6.043884304269426 6 
0004 0004 1665891087979981 -43.125 -58.0 4.6448938257177215 6 
0004 0008 1665891087981104 17.0625 -63.5 4.025165587411922 6 
0004 0014 1665891087982936 13.0 -59.5 2.012582793705961 6 
0004 0010 1665891087983877 -56.125 -64.0 4.123340357836604 6 
0004 0000 1665891087985015 17.0625 -62.5 4.000621894805752 6 
0004 0015 1665891087987486 -78.0625 -67.5 1.3989904785517047 6 
0004 0006 1665891087990193 137.5 -69.0 3.693825737228624 6 
0004 0002 1665891088007513 59.8125 -75.0 0.28532042654672923 6 
0004 0013 1665891088029002 -1.625 -75.5 0.5276893910326605 6 
0004 0007 1665891088106552 30.0625 -65.0 6.050020227420969 6 
0004 0010 1665891088107690 21.9375 -64.0 4.0558452031696355 6 
0004 0000 1665891088109111 -143.1875 -62.0 4.2092432819582 6 
0004 0006 1665891088110203 85.4375 -67.5 3.6815538909255388 6 
0004 0015 1665891088111103 -113.0625 -68.5 1.3928545554001621 6 
0004 0014 1665891088112013 -26.0 -59.0 2.055534255766759 6 
0004 0008 1665891088113194 -156.1875 -63.0 4.1601558967458585 6 
0004 0004 1665891088122745 -48.0 -57.5 4.614214209960009 6 
0004 0002 1665891088147669 -1.625 -75.0 0.5154175447295755 6 
0004 0013 1665891088151210 -2.4375 -75.5 0.47860200582032003 6 
0004 0004 1665891088228523 -17.0625 -58.0 4.601942363656923 6 
0004 0015 1665891088229438 26.0 -67.5 1.3989904785517047 6 
0004 0007 1665891088230351 74.0 -65.5 5.9088939949354895 6 
0004 0014 1665891088231983 69.125 -59.5 1.9205439464328227 6 
0004 0010 1665891088233164 -21.9375 -64.0 4.0987966652304335 6 
0004 0008 1665891088234558 30.0625 -63.5 3.9576704327449543 6 
0004 0006 1665891088235424 -21.9375 -67.5 3.902447124381071 6 
0004 0000 1665891088236844 -82.1875 -62.5 4.104932588381976 6 
0004 0002 1665891088250300 3.25 -74.5 0.42337869745643697 6 
0004 0013 1665891088261327 -5.625 -75.5 0.48473792897186263 6 
0004 0008 1665891088343725 -61.0 -64.0 4.0128937411088375 6 
0004 0014 1665891088344637 26.0 -59.0 1.9634954084936207 6 
0004 0010 1665891088346057 -30.0625 -64.5 4.074252972624263 6 
0004 0015 1665891088347226 87.0625 -68.5 1.239456476611598 6 
0004 0000 1665891088350449 -13.0 -62.5 4.037437433715008 6 
0004 0004 1665891088351588 -48.0 -57.5 4.589670517353839 6 
0004 0007 1665891088353849 78.0625 -64.5 6.080699843178682 6 
0004 0006 1665891088356265 85.4375 -68.0 3.6140587362585705 6 
0004 0002 1665891088382897 121.625 -75.5 0.12578642460662257 6 
0004 0013 1665891088395537 6.5 -75.5 0.4172427743048944 6 
0004 0015 1665891088473179 -87.0625 -67.5 1.4542137869155878 6 
0004 0004 1665891088474088 4.0625 -57.5 4.534447208989955 6 
0004 0006 1665891088477339 -174.9375 -68.5 3.8533597391687304 6 
0004 0014 1665891088478304 4.0625 -59.5 2.012582793705961 6 
0004 0007 1665891088479460 30.0625 -65.0 6.080699843178682 6 
0004 0010 1665891088481420 -143.1875 -64.5 4.190835512503572 6 
0004 0008 1665891088483396 -108.1875 -63.0 4.025165587411922 6 
0004 0000 1665891088484518 -91.125 -62.5 4.04357335686655 6 
0004 0002 1665891088515983 20.75 -75.5 0.2055534255766759 6 
0004 0013 1665891088525649 21.9375 -75.5 0.3436116964863836 6 
0004 0015 1665891088607071 -117.125 -68.0 1.533980787885641 6 
0004 0004 1665891088608827 0.0 -57.5 4.528311285838413 6 
0004 0008 1665891088610822 -30.0625 -63.0 3.9699422790480394 6 
0004 0007 1665891088611764 26.0 -65.0 6.000932842208628 6 
0004 0000 1665891088612733 -95.1875 -62.5 4.074252972624263 6 
0004 0014 1665891088613599 -8.9375 -59.0 1.9880391010997909 6 
0004 0010 1665891088615061 -39.0 -65.0 4.154019973594316 6 
0004 0006 1665891088616354 -90.3125 -68.5 3.6570101983193686 6 
0004 0002 1665891088639765 16.25 -75.5 0.18407769454627693 6 
0004 0013 1665891088651777 26.8125 -74.5 0.3374757733348411 6 
0004 0014 1665891088732221 -21.9375 -59.0 2.024854640009046 6 
0004 0004 1665891088733374 -30.0625 -58.0 4.589670517353839 6 
0004 0010 1665891088734543 -69.125 -64.5 4.123340357836604 6 
0004 0015 1665891088735469 -21.9375 -69.0 1.3744467859455345 6 
0004 0000 1665891088737796 -48.0 -62.5 4.0558452031696355 6 
0004 0008 1665891088738765 -34.9375 -63.0 4.0128937411088375 6 
0004 0007 1665891088740553 -4.0625 -65.5 5.970253226450915 6 
0004 0006 1665891088741609 -303.5 -69.5 3.8963112012295285 6 
0004 0013 1665891088767988 -5.625 -76.0 0.5460971604872883 6 
0004 0002 1665891088773499 21.1875 -75.5 0.3313398501832985 6 
0004 0014 1665891088848113 -13.0 -59.0 2.024854640009046 6 
0004 0002 1665891088850598 -95.1875 -72.5 0.42337869745643697 6 
0004 0008 1665891088851865 -91.125 -63.5 4.04357335686655 6 
0004 0010 1665891088852747 -34.9375 -65.5 4.172427743048944 6 
0004 0004 1665891088853883 13.0 -58.0 4.522175362686871 6 
0004 0000 1665891088854769 -30.0625 -62.5 4.01902966426038 6 
0004 0015 1665891088855728 178.1875 -68.0 1.0983302441261191 6 
0004 0007 1665891088856626 52.0625 -64.5 6.037748381117884 6 
0004 0006 1665891088860104 -364.5625 -69.0 3.8717675086233583 6 
0004 0013 1665891088887279 5.625 -76.0 0.4049709280018093 6 
0004 0014 1665891088966719 -69.125 -59.0 2.0800779483729293 6 
0004 0010 1665891088968353 -48.0 -64.5 4.129476280988146 6 
0004 0000 1665891088969251 -82.1875 -63.0 4.037437433715008 6 
0004 0008 1665891088970145 -8.9375 -63.5 3.9699422790480394 6 
0004 0015 1665891088971360 61.0 -68.0 1.3867186322486196 6 
0004 0006 1665891088972227 -161.125 -67.5 3.749049045592507 6 
0004 0004 1665891088973590 -43.125 -58.0 4.614214209960009 6 
0004 0007 1665891088978026 65.0625 -65.5 6.019340611663256 6 
0004 0002 1665891088988629 -18.25 -74.5 0.4387185053352934 6 
0004 0013 1665891089003487 -5.625 -75.0 0.4970097752749477 6 
0004 0004 1665891089085329 -13.0 -58.0 4.601942363656923 6 
0004 0000 1665891089087532 -61.0 -62.5 4.061981126321178 6 
0004 0014 1665891089088442 21.9375 -59.5 2.0064468705544187 6 
0004 0015 1665891089090362 -26.0 -68.0 1.3928545554001621 6 
0004 0007 1665891089093072 61.0 -65.0 5.994796919057086 6 
0004 0008 1665891089093983 -87.0625 -63.0 4.037437433715008 6 
0004 0010 1665891089094880 -30.0625 -64.5 4.080388895775806 6 
0004 0006 1665891089097155 165.1875 -68.5 3.313398501832985 6 
0004 0002 1665891089114030 31.3125 -74.5 0.44485442848683593 6 
0004 0013 1665891089126807 26.8125 -76.0 0.3620194659410113 6 
0004 0011 1665891089210847 11.625 -76.5 4.632621979414636 6 
0004 0004 1665891089228512 -39.0 -60.0 4.92714629068868 6 
0004 0015 1665891089230081 52.0625 -68.0 1.3192234775816514 6 
0004 0008 1665891089231020 -169.25 -66.0 4.620350133111551 6 
0004 0007 1665891089231959 34.9375 -63.5 6.1850105367549055 6 
0004 0000 1665891089232853 -4.0625 -61.5 4.798291904506286 6 
0004 0014 1665891089235712 13.0 -60.0 2.073942025221387 6 
0004 0006 1665891089237089 -8.9375 -66.0 3.865631585471816 6 
0004 0010 1665891089238882 -8.9375 -62.0 4.509903516383785 6 
0004 0013 1665891089240069 139.125 -72.5 0.3620194659410113 6 
0004 0002 1665891089242595 -139.125 -71.5 0.8283496254582462 6 
0004 0005 1665891089262884 7.3125 -73.0 0.9878836273983529 6 
0004 0011 1665891089273740 9.75 -75.5 1.9757672547967058 6 
0004 0014 1665891089349071 13.0 -60.0 2.086213871524472 6 
0004 0010 1665891089350325 -95.1875 -60.5 5.9088939949354895 6 
0004 0000 1665891089351264 34.9375 -59.5 6.166602767300278 6 
0004 0003 1665891089352428 8.9375 -66.5 0.39269908169872414 6 
0004 0004 1665891089353356 26.0 -68.0 0.7117670855789375 6 
0004 0007 1665891089354277 0.0 -59.5 0.8528933180644165 6 
0004 0015 1665891089356923 95.1875 -66.0 0.859029241215959 6 
0004 0005 1665891089358901 126.125 -68.0 1.3130875544301088 6 
0004 0006 1665891089361738 -33.3125 -64.0 4.620350133111551 6 
0004 0011 1665891089364572 100.0625 -70.0 0.04908738521234052 6 
0004 0002 1665891089366464 82.1875 -70.5 0.9203884727313847 6 
0004 0008 1665891089374801 37.0 -69.5 2.748893571891069 6 
0004 0001 1665891089481126 -3.125 -76.0 5.884350302329319 6 
0004 0013 1665891089489652 -10.625 -77.5 5.522330836388308 6 
0004 0011 1665891089500065 0.0 -73.5 1.0737865515199487 6 
0004 0010 1665891089508869 4.0625 -58.0 2.650718801466388 6 
0004 0000 1665891089510041 -69.125 -66.0 3.000466421104314 6 
0004 0014 1665891089511647 -8.9375 -61.5 2.3439226438892597 6 
0004 0008 1665891089514107 8.9375 -54.5 5.0253210611133605 6 
0004 0002 1665891089515018 -39.0 -70.0 1.6812429435226628 6 
0004 0003 1665891089517322 104.125 -71.0 2.270291566070749 6 
0004 0007 1665891089518203 65.0625 -62.5 2.779573187648782 6 
0004 0004 1665891089519334 0.0 -54.5 3.9822141253511245 6 
0004 0015 1665891089520181 56.125 -67.5 0.6381360077604268 6 
0004 0013 1665891089522747 100.0625 -73.5 5.577554144752192 6 
0004 0005 1665891089547429 -9.0 -75.0 6.025476534814799 6 
0004 0001 1665891089555664 10.5 -76.0 1.086058397823034 6 
0004 0009 1665891089584557 0.0 -73.0 0.37429131224409645 6 
0004 0006 1665891089591108 -3.625 -74.0 1.9082721001297376 6 
0004 0008 1665891089642208 -21.9375 -63.5 5.8045833013592665 6 
0004 0005 1665891089644636 -52.0625 -66.0 4.6878452877785195 6 
0004 0004 1665891089645857 -43.125 -55.0 4.71238898038469 6 
0004 0010 1665891089647300 0.0 -57.0 5.43029198911517 6 
0004 0014 1665891089648500 -34.9375 -60.5 2.313243028131547 6 
0004 0007 1665891089649559 -65.0625 -65.5 6.056156150572511 6 
0004 0006 1665891089651679 137.5 -67.5 1.6751070203711202 6 
0004 0000 1665891089653214 -43.125 -69.5 2.60776733940559 6 
0004 0003 1665891089654136 8.9375 -67.5 2.141437179888355 6 
0004 0015 1665891089657110 21.9375 -68.5 0.48473792897186263 6 
0004 0012 1665891089670013 13.0 -69.5 6.175806652027592 6 
0004 0002 1665891089680115 41.5 -77.0 0.7240389318820226 6 
0004 0013 1665891089715153 -3.1875 -69.0 4.626486056263094 6 
0004 0007 1665891089770805 -26.0 -61.0 1.6689710972195777 6 
0004 0005 1665891089773759 -74.0 -60.5 4.583534594202296 6 
0004 0008 1665891089775266 52.0625 -65.0 1.2026409377023426 6 
0004 0004 1665891089776729 -13.0 -57.5 5.577554144752192 6 
0004 0010 1665891089780695 13.0 -62.0 0.619728238305799 6 
0004 0014 1665891089781649 69.125 -60.0 2.1353012567368124 6 
0004 0006 1665891089782616 -47.1875 -65.5 2.386874105950058 6 
0004 0012 1665891089783996 -61.0 -70.5 1.1474176293384597 6 
0004 0013 1665891089785124 48.0 -65.5 4.95168998329485 6 
0004 0015 1665891089786152 -126.125 -70.0 0.8283496254582462 6 
0004 0003 1665891089787076 -39.0 -68.0 0.6504078540635119 6 
0004 0002 1665891089788676 -108.1875 -74.0 5.387340527054372 6 
0004 0000 1665891089789600 -48.0 -70.5 1.214912784005428 6 
0004 0003 1665891089886304 -61.0 -65.5 5.902758071783947 6 
0004 0014 1665891089887440 -8.9375 -60.0 2.2580197197676637 6 
0004 0004 1665891089888663 13.0 -57.5 6.013204688511713 6 
0004 0013 1665891089891684 4.0625 -66.5 5.835262917116979 6 
0004 0006 1665891089893730 -182.25 -69.5 3.227495577711389 6 
0004 0002 1665891089894641 325.5 -72.0 4.04357335686655 6 
0004 0008 1665891089895720 48.0 -64.5 1.533980787885641 6 
0004 0007 1665891089896618 -30.0625 -58.0 2.5586799541932495 6 
0004 0005 1665891089897556 4.0625 -58.5 4.589670517353839 6 
0004 0000 1665891089898528 -139.125 -72.5 0.6688156235181395 6 
0004 0015 1665891089900094 -91.125 -71.0 0.7179030087304801 6 
0004 0010 1665891089901646 87.0625 -64.5 1.564660403643354 6 
0004 0011 1665891089919072 0.0 -71.5 0.7424467013366504 6 
0004 0006 1665891090004752 -34.9375 -71.5 4.442408361716817 6 
0004 0004 1665891090005891 30.0625 -58.0 6.086835766330224 6 
0004 0013 1665891090006836 82.1875 -68.0 5.583690067903734 6 
0004 0014 1665891090007734 69.125 -60.0 2.141437179888355 6 
0004 0005 1665891090008645 -34.9375 -58.5 4.6878452877785195 6 
0004 0007 1665891090009554 8.9375 -57.5 2.9575149590435164 6 
0004 0015 1665891090010457 -117.125 -70.0 0.7117670855789375 6 
0004 0008 1665891090011409 48.0 -64.0 1.4296700943094176 6 
0004 0010 1665891090012351 156.1875 -66.5 1.8960002538266525 6 
0004 0002 1665891090013274 -139.125 -71.5 4.166291819897402 6 
0004 0003 1665891090014422 -48.0 -64.0 5.086680292628786 6 
0004 0000 1665891090022784 -139.125 -70.0 0.2270291566070749 6 
0004 0011 1665891090023710 -78.0625 -70.5 3.9515345095934116 6 
0004 0008 1665891090121169 -82.1875 -65.0 1.4542137869155878 6 
0004 0015 1665891090123191 -30.0625 -70.0 0.5645049299419159 6 
0004 0013 1665891090124658 -87.0625 -67.5 5.884350302329319 6 
0004 0003 1665891090126051 -65.0625 -63.0 4.657165672020807 6 
0004 0004 1665891090127003 26.0 -58.0 6.043884304269426 6 
0004 0010 1665891090127915 95.1875 -67.5 2.442097414313941 6 
0004 0014 1665891090128840 34.9375 -59.5 2.2027964114037806 6 
0004 0005 1665891090130043 -8.9375 -58.0 4.632621979414636 6 
0004 0007 1665891090131136 0.0 -57.5 3.215223731408304 6 
0004 0000 1665891090133199 -182.25 -71.0 0.006135923151542565 6 
0004 0011 1665891090134253 -195.25 -70.5 4.166291819897402 6 
0004 0006 1665891090135645 -56.125 -71.0 5.160311370447297 6 
0004 0002 1665891090140620 -34.9375 -73.0 3.5342917352885173 6 
0004 0003 1665891090237659 -69.125 -62.5 4.331961744989051 6 
0004 0015 1665891090239062 -165.1875 -70.5 0.7547185476397354 6 
0004 0007 1665891090240435 0.0 -57.5 3.1784081924990484 6 
0004 0013 1665891090242122 56.125 -68.5 5.675728915176872 6 
0004 0010 1665891090243474 91.125 -65.5 2.6384469551633027 6 
0004 0014 1665891090244385 -34.9375 -59.5 2.2580197197676637 6 
0004 0006 1665891090245538 -169.25 -71.0 5.724816300389213 6 
0004 0004 1665891090246942 13.0 -58.0 6.025476534814799 6 
0004 0005 1665891090248110 26.0 -57.5 4.503767593232243 6 
0004 0000 1665891090249290 -13.0 -71.0 5.8659425328746915 6 
0004 0002 1665891090250726 251.4375 -72.5 2.8409324191642074 6 
0004 0008 1665891090252585 21.9375 -64.0 1.0369710126106935 6 
0004 0011 1665891090254947 -34.9375 -69.5 4.080388895775806 6 
0004 0004 1665891090353532 -34.9375 -57.5 6.019340611663256 6 
0004 0010 1665891090355394 -74.0 -65.5 2.8716120349219203 6 
0004 0011 1665891090356907 -186.3125 -69.5 4.215379205109742 6 
0004 0003 1665891090357815 -61.0 -62.0 4.04357335686655 6 
0004 0005 1665891090358964 8.9375 -56.5 4.331961744989051 6 
0004 0014 1665891090360102 26.0 -59.5 2.1659808724945253 6 
0004 0002 1665891090363412 56.125 -74.5 3.1906800388021335 6 
0004 0007 1665891090364804 -30.0625 -57.5 3.06182565261974 6 
0004 0015 1665891090367050 -4.0625 -71.0 0.4908738521234052 6 
0004 0008 1665891090368231 -39.0 -65.0 1.0185632431560658 6 
0004 0013 1665891090371201 -100.0625 -68.5 5.829126993965437 6 
0004 0006 1665891090372517 -90.3125 -70.0 5.970253226450915 6 
0004 0000 1665891090373640 117.125 -70.5 5.5284667595398505 6 
0004 0008 1665891090472938 87.0625 -65.0 0.7853981633974483 6 
0004 0003 1665891090474711 0.0 -61.5 3.7981364308048478 6 
0004 0010 1665891090475827 113.0625 -66.0 2.718213956133356 6 
0004 0004 1665891090477796 -21.9375 -57.5 5.902758071783947 6 
0004 0005 1665891090479002 -13.0 -56.5 4.239922897715912 6 
0004 0011 1665891090479890 -143.1875 -69.0 3.9392626632903265 6 
0004 0007 1665891090481225 -43.125 -57.5 2.9513790358919736 6 
0004 0006 1665891090482166 -230.25 -71.0 6.14819499784565 6 
0004 0014 1665891090483187 4.0625 -60.0 2.2089323345553233 6 
0004 0013 1665891090484345 -204.25 -68.5 5.915029918087033 6 
0004 0015 1665891090490914 -48.0 -70.5 0.5092816215780329 6 
0004 0000 1665891090494914 -65.0625 -72.0 5.5284667595398505 6 
0004 0006 1665891090509754 -7.6875 -72.5 5.780039608753096 6 
0004 0002 1665891090513635 -30.5 -75.0 6.181942575179134 6 
0004 0007 1665891090604476 -52.0625 -57.0 2.859340188618835 6 
0004 0004 1665891090606058 0.0 -57.5 5.810719224510809 6 
0004 0005 1665891090606969 0.0 -56.5 4.1601558967458585 6 
0004 0003 1665891090608152 17.0625 -61.0 3.718369429834794 6 
0004 0014 1665891090609756 17.0625 -59.5 2.1966604882522383 6 
0004 0010 1665891090610883 -65.0625 -66.0 2.890019804376548 6 
0004 0000 1665891090612261 -52.0625 -71.5 5.411884219660542 6 
0004 0008 1665891090613440 39.0 -65.0 0.760854470791278 6 
0004 0013 1665891090614484 65.0625 -67.5 5.767767762450011 6 
0004 0011 1665891090615906 -26.0 -68.5 3.847223816017188 6 
0004 0015 1665891090619473 -152.125 -71.5 0.48473792897186263 6 
0004 0002 1665891090628541 -54.0625 -74.5 6.209554229361076 6 
0004 0006 1665891090648859 3.1875 -73.5 5.724816300389213 6 
0004 0003 1665891090744712 -52.0625 -62.0 3.822680123411018 6 
0004 0000 1665891090747858 169.25 -71.5 5.252350217720435 6 
0004 0007 1665891090749023 -4.0625 -57.0 2.761165418194154 6 
0004 0008 1665891090749919 4.0625 -65.0 0.6688156235181395 6 
0004 0010 1665891090750791 -61.0 -66.5 2.859340188618835 6 
0004 0015 1665891090751728 0.0 -71.0 0.4970097752749477 6 
0004 0011 1665891090752604 108.1875 -68.0 3.6079228131070282 6 
0004 0004 1665891090753498 8.9375 -57.0 5.8045833013592665 6 
0004 0005 1665891090755444 -21.9375 -56.5 4.129476280988146 6 
0004 0014 1665891090756355 -8.9375 -59.5 2.184388641949153 6 
0004 0013 1665891090757885 169.25 -67.5 5.338253141842031 6 
0004 0002 1665891090772456 -158.25 -74.5 6.151262959421421 6 
0004 0006 1665891090782171 10.5 -73.5 5.559146375297564 6 
0004 0003 1665891090864392 -13.0 -62.0 3.7551849687440497 6 
0004 0005 1665891090865772 -43.125 -56.5 4.111068511533518 6 
0004 0008 1665891090867149 -4.0625 -65.0 0.5829126993965437 6 
0004 0015 1665891090868277 -82.1875 -69.5 0.662679700366597 6 
0004 0010 1665891090870439 -152.125 -66.0 2.8961557275280905 6 
0004 0004 1665891090871348 -13.0 -57.0 5.780039608753096 6 
0004 0000 1665891090872516 -247.375 -71.5 5.681864838328415 6 
0004 0013 1665891090873913 -56.125 -67.5 5.64504929941916 6 
0004 0014 1665891090874795 74.0 -59.5 2.067806102069844 6 
0004 0011 1665891090876214 65.0625 -67.5 3.749049045592507 6 
0004 0007 1665891090877607 26.0 -57.5 2.736621725587984 6 
0004 0002 1665891090887645 -52.0625 -74.0 3.0372819600135696 6 
0004 0006 1665891090905108 -10.5 -73.0 5.4671075280244255 6 
0004 0001 1665891091001898 -12.1875 -78.0 4.657165672020807 6 
0004 0004 1665891091009251 13.0 -57.5 5.71868037723767 6 
0004 0011 1665891091010209 195.25 -68.5 3.6079228131070282 6 
0004 0007 1665891091011928 13.0 -57.5 2.718213956133356 6 
0004 0005 1665891091014188 -30.0625 -57.0 4.111068511533518 6 
0004 0003 1665891091015335 -30.0625 -62.0 3.847223816017188 6 
0004 0014 1665891091016204 13.0 -59.5 2.1782527187976104 6 
0004 0008 1665891091017371 -78.0625 -63.5 0.6688156235181395 6 
0004 0010 1665891091018977 165.1875 -65.5 2.6139032625571326 6 
0004 0013 1665891091020162 108.1875 -68.0 5.47937937432751 6 
0004 0015 1665891091021193 -117.125 -71.5 0.5645049299419159 6 
0004 0000 1665891091022528 -238.4375 -72.0 5.589825991055276 6 
0004 0002 1665891091026442 -48.0 -74.5 3.0802334220743677 6 
0004 0006 1665891091052513 3.1875 -73.0 2.2580197197676637 6 
0004 0015 1665891091136707 -69.125 -70.0 0.28225246497095796 6 
0004 0011 1665891091138189 -121.25 -69.0 3.865631585471816 6 
0004 0010 1665891091139607 30.0625 -65.5 3.018874190558942 6 
0004 0004 1665891091141238 -17.0625 -57.0 5.7616318392984684 6 
0004 0007 1665891091143238 13.0 -57.5 2.675262494072558 6 
0004 0014 1665891091145658 -17.0625 -59.5 2.086213871524472 6 
0004 0008 1665891091147359 -17.0625 -64.0 0.25770877236478773 6 
0004 0005 1665891091148282 4.0625 -57.0 4.037437433715008 6 
0004 0003 1665891091149621 -61.0 -61.5 4.080388895775806 6 
0004 0013 1665891091151171 0.0 -68.0 6.19728238305799 6 
0004 0000 1665891091155649 -17.0625 -73.0 5.338253141842031 6 
0004 0002 1665891091161073 2.0 -73.5 6.212622190936846 6 
0004 0006 1665891091183054 -8.0625 -73.5 5.3627968344482015 6 
0004 0005 1665891091258685 -34.9375 -57.0 4.06811704947272 6 
0004 0011 1665891091259851 8.9375 -68.0 3.7122335066832517 6 
0004 0004 1665891091261259 -13.0 -57.5 5.730952223540755 6 
0004 0013 1665891091263212 30.0625 -67.0 6.1420590746941075 6 
0004 0000 1665891091264109 -290.5 -71.5 5.767767762450011 6 
0004 0014 1665891091265301 26.0 -59.0 1.9819031779482483 6 
0004 0002 1665891091266438 -104.125 -74.0 3.2827188860752723 6 
0004 0015 1665891091268259 121.25 -70.5 0.05522330836388308 6 
0004 0007 1665891091269677 -8.9375 -57.5 2.6445828783148455 6 
0004 0008 1665891091270620 -52.0625 -63.0 0.2945243112740431 6 
0004 0010 1665891091272197 -74.0 -66.0 3.074097498922825 6 
0004 0003 1665891091274265 -69.125 -61.5 4.09266074207889 6 
0004 0006 1665891091293100 -20.25 -74.0 5.436427912266712 6 
0004 0014 1665891091376089 -34.9375 -59.5 2.067806102069844 6 
0004 0007 1665891091376985 -4.0625 -57.0 2.650718801466388 6 
0004 0000 1665891091378450 -78.0625 -71.5 5.534602682691394 6 
0004 0015 1665891091379361 13.0 -71.0 0.16566992509164924 6 
0004 0003 1665891091382094 -13.0 -62.0 4.049709280018092 6 
0004 0010 1665891091382993 34.9375 -66.0 2.8716120349219203 6 
0004 0013 1665891091384429 0.0 -68.0 6.252505691421874 6 
0004 0008 1665891091385867 21.9375 -64.0 0.14726215563702155 6 
0004 0011 1665891091387756 26.0 -69.0 3.6815538909255388 6 
0004 0004 1665891091389178 -43.125 -57.0 5.792311455056181 6 
0004 0005 1665891091391562 -13.0 -57.0 4.031301510563465 6 
0004 0002 1665891091397544 -39.0 -74.0 3.129320807286708 6 
0004 0006 1665891091419009 26.0625 -73.5 2.3071071049800045 6 
0004 0010 1665891091497696 17.0625 -65.5 2.834796496012665 6 
0004 0002 1665891091498621 82.1875 -70.5 2.8961557275280905 6 
0004 0008 1665891091500906 4.0625 -64.0 0.1902136176978195 6 
0004 0004 1665891091501802 8.9375 -57.5 5.626641529964532 6 
0004 0007 1665891091503010 21.9375 -57.5 2.662990647769473 6 
0004 0014 1665891091503920 -4.0625 -59.5 2.030990563160589 6 
0004 0005 1665891091504818 30.0625 -57.0 3.9760782021995817 6 
0004 0003 1665891091506223 -61.0 -62.0 4.09266074207889 6 
0004 0015 1665891091507166 34.9375 -69.0 0.20248546400090464 6 
0004 0011 1665891091508347 -13.0 -68.0 3.485204350076177 6 
0004 0013 1665891091509250 48.0 -67.0 6.209554229361076 6 
0004 0000 1665891091511444 8.9375 -72.0 5.289165756629691 6 
0004 0006 1665891091536510 -27.5625 -74.0 5.553010452146021 6 
0004 0005 1665891091621046 -43.125 -57.0 4.037437433715008 6 
0004 0004 1665891091622054 -8.9375 -57.5 5.559146375297564 6 
0004 0000 1665891091623478 100.0625 -72.5 5.111223985234957 6 
0004 0008 1665891091624615 -82.1875 -63.5 0.22089323345553233 6 
0004 0013 1665891091625770 -21.9375 -67.5 6.166602767300278 6 
0004 0011 1665891091626628 -56.125 -67.5 3.6447383520162835 6 
0004 0007 1665891091627553 -26.0 -57.0 2.6813984172241008 6 
0004 0003 1665891091628463 26.0 -61.5 3.9392626632903265 6 
0004 0014 1665891091630336 8.9375 -59.5 2.012582793705961 6 
0004 0010 1665891091631648 147.25 -65.5 2.675262494072558 6 
0004 0015 1665891091633159 -113.0625 -70.5 0.1718058482431918 6 
0004 0002 1665891091634335 -286.4375 -72.0 3.313398501832985 6 
0004 0006 1665891091662027 25.125 -73.0 5.313709449235861 6 
0004 0014 1665891091736889 -39.0 -59.5 2.055534255766759 6 
0004 0008 1665891091738433 4.0625 -63.0 0.11658253987930872 6 
0004 0011 1665891091739277 -4.0625 -68.5 3.663146121470911 6 
0004 0013 1665891091740491 -61.0 -67.0 6.252505691421874 6 
0004 0005 1665891091741911 -4.0625 -57.0 3.9699422790480394 6 
0004 0007 1665891091743489 -4.0625 -57.5 2.6200391857086753 6 
0004 0010 1665891091744901 113.0625 -65.5 2.6813984172241008 6 
0004 0004 1665891091745796 -21.9375 -57.5 5.546874528994478 6 
0004 0003 1665891091746706 -8.9375 -62.0 3.9822141253511245 6 
0004 0000 1665891091748272 108.1875 -73.0 5.381204603902829 6 
0004 0015 1665891091749513 95.1875 -70.0 0.09817477042468103 6 
0004 0002 1665891091753599 -95.1875 -71.5 3.067961575771282 6 
0004 0006 1665891091771577 -16.3125 -73.0 5.270757987175063 6 
0004 0001 1665891091864918 -19.5 -78.0 4.773748211900116 6 
0004 0007 1665891091872032 -34.9375 -57.5 2.6139032625571326 6 
0004 0003 1665891091873525 -17.0625 -62.0 3.9576704327449543 6 
0004 0010 1665891091874423 21.9375 -65.0 2.6384469551633027 6 
0004 0015 1665891091875352 87.0625 -72.5 0.03681553890925539 6 
0004 0014 1665891091876290 -21.9375 -60.0 2.0923497946760143 6 
0004 0011 1665891091877449 -212.375 -69.0 3.7981364308048478 6 
0004 0005 1665891091878625 -4.0625 -57.0 3.9453985864418692 6 
0004 0008 1665891091880967 -4.0625 -64.0 0.07976700097005335 6 
0004 0004 1665891091882443 0.0 -58.0 5.45483568172134 6 
0004 0013 1665891091883663 52.0625 -67.0 6.0991076126333095 6 
0004 0000 1665891091886891 -178.1875 -72.0 5.5100589900852235 6 
0004 0002 1665891091890769 -147.25 -72.5 3.018874190558942 6 
0004 0006 1665891091916280 4.0625 -72.5 5.111223985234957 6 
0004 0001 1665891091959621 -8.0 -78.0 4.95168998329485 6 
0004 0013 1665891091998847 13.0 -67.0 6.007068765360171 6 
0004 0007 1665891091999773 13.0 -58.5 2.497320722677824 6 
0004 0002 1665891092000656 -152.125 -73.5 2.9943304979527716 6 
0004 0011 1665891092002558 -17.0625 -68.5 3.5465635815916023 6 
0004 0014 1665891092006365 21.9375 -60.0 1.9819031779482483 6 
0004 0008 1665891092007503 -69.125 -63.5 0.04295146206079795 6 
0004 0003 1665891092008664 -26.0 -62.0 3.9392626632903265 6 
0004 0005 1665891092009858 -21.9375 -57.5 3.933126740138784 6 
0004 0004 1665891092011024 43.125 -57.5 5.368932757599744 6 
0004 0010 1665891092012600 21.9375 -65.5 2.5402721847386216 6 
0004 0015 1665891092016231 69.125 -69.0 0.3190680038802134 6 
0004 0000 1665891092017739 108.1875 -73.5 5.105088062083414 6 
0004 0006 1665891092043036 -6.5 -73.0 5.148039524144211 6 
0004 0001 1665891092115406 -7.75 -78.0 4.81056375080937 6 
0004 0002 1665891092128296 -147.25 -72.5 3.160000423044421 6 
0004 0008 1665891092129913 -4.0625 -64.0 0.006135923151542565 6 
0004 0007 1665891092131452 -30.0625 -58.0 2.521864415283994 6 
0004 0013 1665891092132833 4.0625 -67.5 5.939573610693203 6 
0004 0014 1665891092133760 21.9375 -59.5 2.012582793705961 6 
0004 0011 1665891092135169 4.0625 -69.0 3.454524734318464 6 
0004 0015 1665891092136340 -143.1875 -70.5 0.4356505437595221 6 
0004 0005 1665891092137518 4.0625 -57.0 3.8717675086233583 6 
0004 0003 1665891092138656 -43.125 -62.0 3.9638063558964967 6 
0004 0004 1665891092139783 -74.0 -57.5 5.516194913236766 6 
0004 0010 1665891092141544 74.0 -65.5 2.442097414313941 6 
0004 0000 1665891092144577 -156.1875 -71.0 5.436427912266712 6 
0004 0006 1665891092170532 -4.0625 -73.5 5.166447293598839 6 
0004 0001 1665891092219357 -8.0 -78.0 4.804427827657828 6 
0004 0011 1665891092255036 -78.0625 -69.0 3.5588354278946874 6 
0004 0013 1665891092256234 -4.0625 -66.0 6.025476534814799 6 
0004 0014 1665891092257176 61.0 -59.5 1.9819031779482483 6 
0004 0005 1665891092258583 -56.125 -57.5 3.9453985864418692 6 
0004 0007 1665891092260910 4.0625 -58.0 2.466641106920111 6 
0004 0008 1665891092262108 -78.0625 -64.0 0.0859029241215959 6 
0004 0010 1665891092265738 -95.1875 -65.0 2.552544031041707 6 
0004 0004 1665891092267387 -30.0625 -57.5 5.442563835418255 6 
0004 0003 1665891092270535 8.9375 -62.0 3.9147189706841563 6 
0004 0015 1665891092272626 -165.1875 -69.5 0.4663301595172349 6 
0004 0000 1665891092273894 247.375 -71.5 5.080544369477243 6 
0004 0002 1665891092277104 -126.125 -71.5 2.9268353432858034 6 
0004 0006 1665891092302414 -8.0625 -73.5 5.252350217720435 6 
