0004 0014 1665892019660612 117.125 -63.5 1.043106935762236 7 
0004 0008 1665892019662526 -30.0625 -69.5 4.135612204139688 7 
0004 0013 1665892019670877 -6.5 -72.0 4.773748211900116 7 
0004 0003 1665892019708132 5.9375 -70.5 5.221670601962723 7 
0004 0007 1665892019718654 0.4375 -72.5 1.030835089459151 7 
0004 0010 1665892019753450 1.125 -72.5 1.4848934026733007 7 
0004 0005 1665892019763845 -0.5625 -72.5 0.7179030087304801 7 
0004 0002 1665892019771848 0.0 -77.0 5.3198453723874035 7 
0004 0014 1665892019788382 -30.0625 -65.5 1.4787574795217582 7 
0004 0013 1665892019789654 -173.3125 -67.0 5.896622148632405 7 
0004 0005 1665892019794000 74.0 -71.0 6.031612457966341 7 
0004 0003 1665892019795010 -74.0 -70.5 2.7120780329818137 7 
0004 0008 1665892019802372 -32.5 -70.5 5.559146375297564 7 
0004 0003 1665892019900754 -4.0625 -69.0 1.7119225592803755 7 
0004 0008 1665892019902081 173.3125 -67.0 0.9019807032767571 7 
0004 0012 1665892019903191 -56.125 -68.0 5.246214294568893 7 
0004 0014 1665892019905166 -39.0 -66.5 1.2517283229146832 7 
0004 0005 1665892019906562 -147.25 -68.0 4.3074180523828804 7 
0004 0015 1665892019958318 4.375 -65.0 1.7671458676442586 7 
0004 0006 1665892019963764 -6.8125 -72.0 4.135612204139688 7 
0004 0005 1665892020016914 -21.9375 -65.5 3.2397674240144743 7 
0004 0015 1665892020019029 52.0625 -68.0 5.387340527054372 7 
0004 0014 1665892020021274 -39.0 -65.0 1.748738098189631 7 
0004 0006 1665892020023234 56.9375 -65.0 2.141437179888355 7 
0004 0008 1665892020030671 -26.0 -71.0 1.5830681730979816 7 
0004 0012 1665892020048871 -9.0 -72.5 0.47860200582032003 7 
0004 0003 1665892020052328 -20.25 -76.0 4.595806440505381 7 
0004 0008 1665892020139735 100.0625 -68.5 3.172272269347506 7 
0004 0014 1665892020141053 -26.0 -63.0 1.5033011721279284 7 
0004 0005 1665892020142799 -13.0 -66.5 4.289010282928253 7 
0004 0015 1665892020143684 -39.0 -66.0 5.338253141842031 7 
0004 0006 1665892020171525 -9.0 -71.5 4.853515212870168 7 
0004 0005 1665892020247798 -26.0 -65.0 4.178563666200486 7 
0004 0014 1665892020248695 91.125 -65.5 1.4358060174609601 7 
0004 0006 1665892020251405 18.6875 -70.5 2.2334760271614935 7 
0004 0008 1665892020253206 0.0 -69.5 4.540583132141498 7 
0004 0015 1665892020254324 -195.25 -69.0 1.0062913968529805 7 
0004 0014 1665892020353470 56.125 -66.0 1.0246991663076084 7 
0004 0005 1665892020354994 34.9375 -64.5 4.522175362686871 7 
0004 0006 1665892020356244 146.4375 -65.0 3.3624858870453256 7 
0004 0015 1665892020358747 39.0 -69.0 3.0372819600135696 7 
0004 0008 1665892020359885 -52.0625 -67.5 5.5100589900852235 7 
0004 0002 1665892020456483 8.9375 -72.5 2.5586799541932495 7 
0004 0014 1665892020461942 -74.0 -67.0 0.2761165418194154 7 
0004 0006 1665892020463717 33.3125 -61.5 4.571262747899211 7 
0004 0005 1665892020536640 3.6875 -71.5 5.00077736850719 7 
0004 0006 1665892020570370 -85.4375 -67.5 6.252505691421874 7 
0004 0005 1665892020571398 48.0 -66.0 5.970253226450915 7 
0004 0002 1665892020572788 -17.0625 -66.5 3.761320891895592 7 
0004 0003 1665892020574196 173.3125 -71.0 4.638757902566179 7 
0004 0011 1665892020665831 -2.3125 -73.0 5.945709533844745 7 
0004 0004 1665892020673780 0.0 -68.0 5.688000761479957 7 
0004 0007 1665892020684496 199.375 -69.5 3.5895150436524004 7 
0004 0004 1665892020687000 -91.125 -65.5 5.767767762450011 7 
0004 0006 1665892020687867 -80.5625 -68.5 1.1228739367322893 7 
0004 0002 1665892020688764 -65.0625 -62.0 5.332117218690489 7 
0004 0003 1665892020691450 121.25 -71.0 0.48473792897186263 7 
0004 0015 1665892020692379 -126.125 -67.0 1.8100973297050567 7 
0004 0008 1665892020731726 -3.8125 -72.5 5.356660911296659 7 
0004 0005 1665892020740241 11.4375 -75.0 0.42337869745643697 7 
0004 0011 1665892020744960 8.5 -69.5 3.018874190558942 7 
0004 0010 1665892020756815 3.3125 -72.0 4.7860200582032 7 
0004 0015 1665892020811369 199.375 -68.5 1.4603497100671303 7 
0004 0006 1665892020812530 -23.5625 -66.5 0.25157284921324513 7 
0004 0004 1665892020813683 -30.0625 -61.5 4.675573441475434 7 
0004 0007 1665892020816413 178.1875 -73.0 1.6321555583103222 7 
0004 0013 1665892020819287 -52.0625 -65.5 0.760854470791278 7 
0004 0008 1665892020838963 7.3125 -72.5 1.3314953238847365 7 
0004 0014 1665892020870280 -5.4375 -71.0 2.411417798556228 7 
0004 0005 1665892020902532 -1.9375 -74.0 1.509437095279471 7 
0004 0003 1665892020921035 3.3125 -78.0 4.172427743048944 7 
0004 0007 1665892020938135 8.9375 -67.5 3.3195344249845276 7 
0004 0014 1665892020939842 21.9375 -70.0 3.3072625786814425 7 
0004 0004 1665892020940726 61.0 -67.0 6.12365130523948 7 
0004 0015 1665892020942868 -87.0625 -69.0 2.116893487282185 7 
0004 0006 1665892020943777 -18.6875 -71.0 4.2031073588066565 7 
0004 0003 1665892020971685 -16.875 -77.0 1.1780972450961724 7 
0004 0008 1665892020978534 -2.4375 -69.5 0.04908738521234052 7 
0004 0004 1665892021053223 143.1875 -66.5 5.5284667595398505 7 
0004 0014 1665892021054942 8.9375 -67.5 0.006135923151542565 7 
0004 0006 1665892021055819 0.0 -66.0 3.736777199289422 7 
0004 0008 1665892021059936 78.0625 -65.0 4.239922897715912 7 
0004 0015 1665892021068720 -1.1875 -72.0 5.322913333963175 7 
0004 0003 1665892021087572 5.3125 -78.0 4.319689898685965 7 
0004 0015 1665892021162881 -39.0 -68.0 5.516194913236766 7 
0004 0008 1665892021163877 -30.0625 -63.5 5.448699758569798 7 
0004 0009 1665892021165074 -147.25 -70.0 4.356505437595221 7 
0004 0006 1665892021166464 33.3125 -66.0 4.025165587411922 7 
0004 0014 1665892021167631 -52.0625 -69.5 3.8410878928656453 7 
0004 0009 1665892021268593 152.125 -68.5 4.675573441475434 7 
0004 0014 1665892021271204 -100.0625 -70.0 4.252194744018997 7 
0004 0008 1665892021274314 -61.0 -64.0 0.05522330836388308 7 
0004 0007 1665892021275227 -104.125 -71.0 3.32567034813607 7 
0004 0006 1665892021276503 14.625 -71.5 4.9394181369917645 7 
0004 0010 1665892021368636 0.4375 -73.0 5.829126993965437 7 
0004 0008 1665892021381707 -34.9375 -65.0 0.7669903939428205 7 
0004 0004 1665892021383425 4.0625 -61.0 0.5890486225480862 7 
0004 0014 1665892021386465 -82.1875 -62.5 4.706253057233147 7 
0004 0010 1665892021387394 108.1875 -70.0 5.7616318392984684 7 
0004 0007 1665892021388548 316.5 -69.5 2.36846633649543 7 
0004 0013 1665892021422720 4.875 -74.0 5.9518454569962875 7 
0004 0005 1665892021429117 -0.4375 -75.0 0.7117670855789375 7 
0004 0006 1665892021445654 6.5 -73.5 5.553010452146021 7 
0004 0014 1665892021496265 -78.0625 -60.5 5.098952138931871 7 
0004 0010 1665892021498767 87.0625 -68.0 0.5399612373357456 7 
0004 0004 1665892021500797 4.0625 -63.0 3.693825737228624 7 
0004 0005 1665892021504598 61.0 -68.5 4.325825821837508 7 
0004 0013 1665892021505627 -147.25 -69.5 5.724816300389213 7 
0004 0007 1665892021506683 -39.0 -71.0 1.859184714917397 7 
0004 0006 1665892021564099 3.625 -73.5 0.1718058482431918 7 
0004 0007 1665892021619567 -4.0625 -67.5 5.074408446325701 7 
0004 0010 1665892021621605 -43.125 -68.5 2.012582793705961 7 
0004 0005 1665892021622801 -87.0625 -62.0 4.448544284868359 7 
0004 0014 1665892021623726 48.0 -64.0 4.129476280988146 7 
0004 0006 1665892021645760 8.0625 -72.5 5.252350217720435 7 
0004 0012 1665892021707126 2.9375 -75.0 0.4111068511533518 7 
0004 0008 1665892021723294 -3.9375 -72.5 2.4727770300716534 7 
0004 0014 1665892021736621 4.0625 -64.0 4.184699589352029 7 
0004 0006 1665892021738670 132.625 -65.0 3.5588354278946874 7 
0004 0015 1665892021741559 -234.3125 -63.5 5.497787143782138 7 
0004 0012 1665892021763701 -13.875 -72.5 3.8963112012295285 7 
0004 0011 1665892021797996 -3.625 -75.0 0.21475731030398976 7 
0004 0007 1665892021845959 -7.625 -75.0 1.4051264017032472 7 
0004 0006 1665892021855822 -174.9375 -69.5 4.608078286808466 7 
0004 0014 1665892021856687 21.9375 -62.0 4.473087977474529 7 
0004 0011 1665892021858326 104.125 -68.0 3.2949907323783574 7 
0004 0007 1665892021860228 -91.125 -72.0 1.184233168247715 7 
0004 0015 1665892021915834 4.875 -70.0 1.9634954084936207 7 
0004 0005 1665892021967118 8.9375 -69.0 1.4726215563702154 7 
0004 0014 1665892021970492 8.9375 -64.0 5.221670601962723 7 
0004 0007 1665892021972002 -21.9375 -71.0 1.423534171157875 7 
0004 0008 1665892022029463 5.4375 -73.0 0.5522330836388308 7 
0004 0011 1665892022081837 113.0625 -69.0 3.2949907323783574 7 
0004 0005 1665892022085554 -160.3125 -70.0 6.215690152512618 7 
0004 0014 1665892022087046 65.0625 -66.0 5.350524988145116 7 
0004 0007 1665892022105234 12.9375 -75.0 5.835262917116979 7 
0004 0008 1665892022138531 -0.4375 -73.0 0.8406214717613314 7 
0004 0014 1665892022196058 30.0625 -67.0 4.061981126321178 7 
0004 0015 1665892022197838 43.125 -70.0 3.2827188860752723 7 
0004 0005 1665892022199617 -74.0 -63.5 5.405748296509 7 
0004 0011 1665892022201861 -4.0625 -70.5 5.915029918087033 7 
0004 0011 1665892022305724 117.125 -69.5 2.423689644859313 7 
0004 0014 1665892022310323 -39.0 -66.5 3.7122335066832517 7 
0004 0003 1665892022348687 13.875 -73.0 4.221515128261284 7 
0004 0005 1665892022353512 1.9375 -69.5 1.1167380135807468 7 
0004 0012 1665892022358358 3.625 -74.0 2.0923497946760143 7 
0004 0015 1665892022374457 2.4375 -71.0 4.123340357836604 7 
0004 0011 1665892022429702 1.9375 -72.5 0.8651651643675016 7 
0004 0014 1665892022436959 130.1875 -68.0 4.319689898685965 7 
0004 0011 1665892022439788 30.0625 -68.5 1.3008157081270237 7 
0004 0003 1665892022441616 -13.0 -70.0 5.356660911296659 7 
0004 0012 1665892022442503 121.25 -71.0 0.42337869745643697 7 
0004 0008 1665892022444062 95.1875 -68.5 2.030990563160589 7 
0004 0015 1665892022444948 52.0625 -65.5 0.22089323345553233 7 
0004 0007 1665892022495744 7.3125 -73.0 1.7794177139473437 7 
0004 0010 1665892022507419 -8.0625 -74.0 0.7179030087304801 7 
0004 0005 1665892022556284 5.4375 -68.0 1.1903690913992575 7 
0004 0013 1665892022564234 247.375 -74.5 2.6323110320117604 7 
0004 0015 1665892022565176 -165.1875 -67.5 0.859029241215959 7 
0004 0004 1665892022566862 -61.0 -64.5 1.521708941582556 7 
0004 0005 1665892022568067 95.1875 -66.0 1.6382914814618648 7 
0004 0011 1665892022569734 104.125 -69.5 5.074408446325701 7 
0004 0010 1665892022574097 17.0625 -65.5 2.705942109830271 7 
0004 0014 1665892022575291 -43.125 -68.5 0.12885438618239387 7 
0004 0000 1665892022586799 147.25 -73.5 3.773592738198677 7 
0004 0002 1665892022593668 -55.3125 -75.0 4.2123112435339705 7 
0004 0007 1665892022596066 -27.25 -71.0 5.755495916146925 7 
0004 0003 1665892022631878 3.8125 -76.0 0.30066023442558565 7 
0004 0010 1665892022692389 -17.0625 -64.5 4.522175362686871 7 
0004 0006 1665892022693795 -52.0625 -67.5 3.141592653589793 7 
0004 0007 1665892022697227 -52.0625 -64.0 0.8467573949128739 7 
0004 0015 1665892022698767 -143.1875 -69.0 1.0737865515199487 7 
0004 0003 1665892022708627 22.75 -73.5 1.1719613219446299 7 
0004 0005 1665892022753298 0.4375 -77.5 3.497476196379262 7 
0004 0004 1665892022790750 -0.875 -69.5 1.7241944055834606 7 
0004 0013 1665892022801157 4.625 -69.5 0.17794177139473438 7 
0004 0014 1665892022809084 2.1875 -62.0 1.3989904785517047 7 
0004 0015 1665892022820580 -26.0 -66.5 2.9022916506796332 7 
0004 0014 1665892022822327 -13.0 -61.5 4.865787059173254 7 
0004 0004 1665892022823284 117.125 -67.0 1.5953400194010667 7 
0004 0013 1665892022825477 108.1875 -65.0 4.111068511533518 7 
0004 0007 1665892022826389 -61.0 -67.0 6.258641614573416 7 
0004 0008 1665892022829268 -182.25 -69.5 4.626486056263094 7 
0004 0007 1665892022929120 -78.0625 -65.0 6.086835766330224 7 
0004 0004 1665892022930386 17.0625 -64.5 1.6996507129772904 7 
0004 0015 1665892022932408 48.0 -65.5 3.4054373491061236 7 
0004 0013 1665892022934204 48.0 -65.0 3.479068426924634 7 
0004 0014 1665892022935100 -74.0 -69.5 1.8100973297050567 7 
0004 0008 1665892022936267 -56.125 -64.0 0.2638446955163303 7 
0004 0004 1665892023036228 104.125 -65.0 2.024854640009046 7 
0004 0013 1665892023037410 4.0625 -63.5 4.669437518323892 7 
0004 0007 1665892023038551 -26.0 -64.5 0.4540583132141498 7 
0004 0014 1665892023040100 -17.0625 -63.5 1.8653206380689396 7 
0004 0008 1665892023042467 -21.9375 -61.5 1.3437671701878218 7 
0004 0003 1665892023066656 -2.4375 -77.5 0.30679615757712825 7 
0004 0013 1665892023142880 52.0625 -66.0 4.460816131171445 7 
0004 0014 1665892023144387 -43.125 -58.0 2.4175537217077703 7 
0004 0007 1665892023146921 78.0625 -67.0 1.3314953238847365 7 
0004 0008 1665892023147819 121.25 -64.0 2.3439226438892597 7 
0004 0003 1665892023150361 -100.0625 -72.0 4.442408361716817 7 
0004 0004 1665892023247885 4.375 -70.5 0.1718058482431918 7 
0004 0003 1665892023254624 -4.0625 -66.0 5.620505606812989 7 
0004 0013 1665892023256053 -91.125 -67.5 3.7122335066832517 7 
0004 0010 1665892023257760 30.0625 -64.5 5.516194913236766 7 
0004 0004 1665892023260028 0.0 -69.0 3.6324665057131984 7 
0004 0005 1665892023260947 -52.0625 -69.5 0.11658253987930872 7 
0004 0014 1665892023261856 17.0625 -61.5 3.429981041712294 7 
0004 0007 1665892023263038 -8.9375 -70.0 1.859184714917397 7 
0004 0008 1665892023265722 -108.1875 -68.5 3.7122335066832517 7 
0004 0005 1665892023362076 -126.125 -65.5 0.8651651643675016 7 
0004 0008 1665892023362986 -52.0625 -65.0 4.804427827657828 7 
0004 0010 1665892023365082 4.0625 -59.0 0.521553467881118 7 
0004 0003 1665892023367777 0.0 -63.0 1.9512235621905356 7 
0004 0014 1665892023368708 13.0 -66.0 2.9943304979527716 7 
0004 0002 1665892023373290 -43.125 -70.0 1.1535535524900022 7 
0004 0004 1665892023412699 -6.8125 -78.0 0.4049709280018093 7 
0004 0007 1665892023419252 2.875 -68.0 1.1474176293384597 7 
0004 0012 1665892023433933 0.0 -75.0 1.0737865515199487 7 
0004 0013 1665892023480929 12.6875 -72.5 5.878214379177777 7 
0004 0011 1665892023495621 -3.9375 -71.0 0.16566992509164924 7 
0004 0006 1665892023512117 -23.5625 -65.0 0.42337869745643697 7 
0004 0008 1665892023514367 -17.0625 -60.5 0.28225246497095796 7 
0004 0010 1665892023516893 91.125 -63.5 1.7855536370988863 7 
0004 0003 1665892023517802 -21.9375 -66.5 3.724505352986337 7 
0004 0012 1665892023519163 0.0 -69.0 2.736621725587984 7 
0004 0014 1665892023520062 -8.9375 -64.5 3.11091303783208 7 
0004 0015 1665892023521106 69.125 -65.5 3.9515345095934116 7 
0004 0005 1665892023522289 -8.9375 -66.5 3.816544200259475 7 
0004 0002 1665892023648533 -3.5625 -77.5 0.6320000846088841 7 
0004 0008 1665892023655521 65.0625 -60.5 1.718058482431918 7 
0004 0006 1665892023656896 -9.75 -63.5 1.1596894756415448 7 
0004 0014 1665892023660342 26.0 -65.5 3.2888548092268146 7 
0004 0015 1665892023661269 -17.0625 -60.0 4.031301510563465 7 
0004 0010 1665892023662182 52.0625 -65.0 2.5034566458293663 7 
0004 0002 1665892023706568 16.625 -79.5 0.9572040116406401 7 
0004 0003 1665892023722540 -10.625 -76.5 1.2210487071569704 7 
0004 0014 1665892023771253 -8.9375 -68.0 4.129476280988146 7 
0004 0008 1665892023775060 -30.0625 -59.5 3.56497135104623 7 
0004 0015 1665892023775959 -117.125 -65.0 5.037592907416445 7 
0004 0010 1665892023778247 26.0 -69.5 3.724505352986337 7 
0004 0002 1665892023807376 23.625 -79.0 4.908738521234052 7 
0004 0006 1665892023861200 2.625 -73.0 4.381049130201391 7 
0004 0008 1665892023895208 48.0 -58.5 4.718524903536232 7 
0004 0005 1665892023896952 -74.0 -66.5 5.080544369477243 7 
0004 0010 1665892023899968 43.125 -70.5 5.013049214810275 7 
0004 0015 1665892023901309 -17.0625 -66.0 0.5583690067903734 7 
0004 0006 1665892023902562 -161.125 -69.5 4.724660826687775 7 
0004 0002 1665892023933681 -1.625 -78.0 0.018407769454627694 7 
0004 0014 1665892023951213 6.375 -73.5 4.4976316700806995 7 
0004 0006 1665892024012221 -18.6875 -62.5 4.755340442445488 7 
0004 0005 1665892024014252 74.0 -69.0 6.037748381117884 7 
0004 0008 1665892024016197 -13.0 -61.0 5.786175531904639 7 
0004 0010 1665892024020830 -234.3125 -68.5 0.5031456984264903 7 
0004 0003 1665892024044787 8.8125 -72.5 1.4664856332186729 7 
0004 0002 1665892024049467 3.1875 -75.5 1.6812429435226628 7 
0004 0013 1665892024114203 0.625 -73.5 4.908738521234052 7 
0004 0012 1665892024124616 -0.1875 -73.0 4.061981126321178 7 
0004 0005 1665892024141240 -117.125 -67.5 5.675728915176872 7 
0004 0008 1665892024142432 -13.0 -60.0 1.4480778637640452 7 
0004 0013 1665892024143377 -100.0625 -71.5 0.9387962421860124 7 
0004 0006 1665892024145502 118.75 -68.5 4.344233591292136 7 
0004 0010 1665892024147123 -121.25 -64.5 2.5280003384355365 7 
0004 0003 1665892024148696 -56.125 -68.5 3.466796580621549 7 
0004 0012 1665892024160576 34.5625 -72.0 3.6324665057131984 7 
0004 0013 1665892024252022 225.375 -73.5 4.411728745959104 7 
0004 0004 1665892024253668 -17.0625 -64.0 2.9145634969827183 7 
0004 0006 1665892024255190 -28.4375 -66.5 5.031456984264903 7 
0004 0010 1665892024256146 -26.0 -66.5 5.178719139901925 7 
0004 0008 1665892024257820 -4.0625 -62.0 3.663146121470911 7 
0004 0002 1665892024259936 -30.0625 -67.5 0.09817477042468103 7 
0004 0015 1665892024261318 -78.0625 -69.5 2.2334760271614935 7 
0004 0007 1665892024262173 -82.1875 -68.5 5.350524988145116 7 
0004 0005 1665892024295898 -0.4375 -75.0 1.086058397823034 7 
0004 0011 1665892024310790 6.0625 -65.5 0.5031456984264903 7 
0004 0003 1665892024324196 4.0625 -75.0 6.277049384028044 7 
0004 0014 1665892024378072 10.4375 -73.5 2.8409324191642074 7 
0004 0003 1665892024384209 -121.25 -68.5 4.154019973594316 7 
0004 0013 1665892024386231 -399.5625 -71.0 2.8532042654672924 7 
0004 0010 1665892024387098 69.125 -67.0 2.110757564130642 7 
0004 0007 1665892024388095 -26.0 -64.0 0.944932165337555 7 
0004 0015 1665892024389234 21.9375 -69.5 2.270291566070749 7 
0004 0004 1665892024391390 8.9375 -59.5 3.5342917352885173 7 
0004 0014 1665892024393623 39.0 -72.0 0.2945243112740431 7 
0004 0008 1665892024396558 -39.0 -65.5 0.11658253987930872 7 
0004 0005 1665892024398315 -17.0625 -73.0 4.675573441475434 7 
0004 0007 1665892024506937 -30.0625 -61.5 4.3074180523828804 7 
0004 0008 1665892024510454 -13.0 -65.0 2.098485717827557 7 
0004 0004 1665892024511846 152.125 -66.5 0.5645049299419159 7 
0004 0014 1665892024514398 -61.0 -63.5 3.043417883165112 7 
0004 0003 1665892024516300 -34.9375 -74.5 5.197126909356553 7 
0004 0013 1665892024525146 30.5 -69.0 5.0253210611133605 7 
0004 0010 1665892024536860 -8.0625 -74.0 0.2699806186678728 7 
0004 0000 1665892024567378 3.0 -76.0 5.816855147662351 7 
0004 0015 1665892024616669 -0.875 -67.0 0.6872233929727672 7 
0004 0004 1665892024633986 104.125 -66.0 5.9518454569962875 7 
0004 0007 1665892024635040 -48.0 -65.5 5.1725832167503825 7 
0004 0013 1665892024636809 -52.0625 -66.5 2.5770877236478773 7 
0004 0011 1665892024637948 26.0 -66.5 2.8777479580734626 7 
0004 0008 1665892024638845 -43.125 -60.5 3.773592738198677 7 
0004 0015 1665892024640114 165.1875 -67.5 0.4970097752749477 7 
0004 0000 1665892024645808 8.9375 -70.0 4.28287435977671 7 
0004 0014 1665892024653444 -5.25 -67.5 4.4454763232925885 7 
0004 0003 1665892024660971 58.5625 -75.0 4.371845245474077 7 
