0004 0003 1665892094117682 -113.0625 -69.0 5.706408530934585 8 
0004 0014 1665892094118664 -34.9375 -65.0 5.135767677841127 8 
0004 0004 1665892094119617 4.0625 -62.5 2.988194574801229 8 
0004 0010 1665892094120773 13.0 -68.0 0.6872233929727672 8 
0004 0005 1665892094145656 -8.0625 -73.0 2.1475731030398975 8 
0004 0007 1665892094169434 9.75 -75.0 5.270757987175063 8 
0004 0013 1665892094231882 -1.5 -73.0 4.319689898685965 8 
0004 0002 1665892094243743 2.625 -78.0 5.3198453723874035 8 
0004 0010 1665892094258206 113.0625 -68.0 2.3623304133438876 8 
0004 0003 1665892094259101 -18.6875 -65.5 1.5707963267948966 8 
0004 0005 1665892094261775 -104.125 -68.0 4.7860200582032 8 
0004 0014 1665892094262970 -39.0 -66.0 5.043728830567988 8 
0004 0007 1665892094264719 -4.0625 -70.0 5.724816300389213 8 
0004 0008 1665892094288353 2.4375 -73.0 0.09817477042468103 8 
0004 0002 1665892094290444 31.6875 -75.5 0.07976700097005335 8 
0004 0004 1665892094360118 5.5625 -72.5 5.246214294568893 8 
0004 0012 1665892094373712 143.1875 -70.5 4.95168998329485 8 
0004 0008 1665892094376310 -108.1875 -67.5 0.5829126993965437 8 
0004 0014 1665892094378326 4.0625 -67.0 4.71238898038469 8 
0004 0010 1665892094379243 -269.3125 -68.5 3.767456815047135 8 
0004 0003 1665892094380633 -56.125 -67.0 2.859340188618835 8 
0004 0005 1665892094384282 -169.25 -71.5 0.5092816215780329 8 
0004 0008 1665892094488414 -91.125 -67.0 1.607611865704152 8 
0004 0012 1665892094491424 -234.3125 -68.5 5.853670686571607 8 
0004 0005 1665892094493610 -13.0 -63.5 4.074252972624263 8 
0004 0003 1665892094496039 30.0625 -68.5 3.0802334220743677 8 
0004 0014 1665892094497039 143.1875 -68.0 4.632621979414636 8 
0004 0012 1665892094587932 43.125 -68.0 5.988660995905543 8 
0004 0005 1665892094589680 0.0 -63.5 3.9699422790480394 8 
0004 0008 1665892094592498 56.125 -70.0 2.662990647769473 8 
0004 0003 1665892094595374 134.25 -72.5 2.2886993355253766 8 
0004 0015 1665892094640407 4.0625 -70.0 3.2827188860752723 8 
0004 0014 1665892094683053 0.625 -73.0 4.773748211900116 8 
0004 0005 1665892094698501 -52.0625 -63.0 4.724660826687775 8 
0004 0006 1665892094700134 -90.3125 -64.0 4.847379289718626 8 
0004 0008 1665892094702844 13.0 -69.5 4.178563666200486 8 
0004 0012 1665892094706794 -108.1875 -68.0 6.0991076126333095 8 
0004 0015 1665892094707721 -69.125 -65.0 2.110757564130642 8 
0004 0014 1665892094723402 23.625 -72.5 4.71238898038469 8 
0004 0010 1665892094796404 -1.25 -72.5 6.086835766330224 8 
0004 0015 1665892094809486 -30.0625 -67.5 3.000466421104314 8 
0004 0010 1665892094813201 -117.125 -69.5 3.2643111166206444 8 
0004 0008 1665892094814738 -21.9375 -68.5 5.755495916146925 8 
0004 0005 1665892094817659 -61.0 -60.0 5.117359908386499 8 
0004 0014 1665892094835045 -4.875 -73.0 4.792155981354743 8 
0004 0002 1665892094841464 -31.6875 -77.5 1.3314953238847365 8 
0004 0005 1665892094918766 -78.0625 -67.5 6.117515382087937 8 
0004 0015 1665892094920319 -95.1875 -70.0 3.074097498922825 8 
0004 0010 1665892094922496 -34.9375 -67.5 4.0558452031696355 8 
0004 0002 1665892094938888 -6.5 -77.0 1.945087639038993 8 
0004 0008 1665892094948508 13.875 -71.0 4.601942363656923 8 
0004 0003 1665892095000561 1.75 -74.0 2.2518837966161214 8 
0004 0003 1665892095027579 78.0625 -70.0 5.71868037723767 8 
0004 0005 1665892095030409 -69.125 -67.5 0.09817477042468103 8 
0004 0010 1665892095031560 78.0625 -67.0 4.614214209960009 8 
0004 0002 1665892095034809 173.3125 -71.5 3.479068426924634 8 
0004 0008 1665892095042074 -5.25 -71.5 0.2055534255766759 8 
0004 0015 1665892095062276 13.875 -72.0 5.651185222570702 8 
0004 0008 1665892095133653 -34.9375 -65.0 4.166291819897402 8 
0004 0005 1665892095137545 -4.0625 -71.0 2.82252464970958 8 
0004 0013 1665892095139722 69.125 -71.5 1.3867186322486196 8 
0004 0003 1665892095140657 0.0 -68.0 1.1351457830353744 8 
0004 0002 1665892095142227 -160.3125 -72.0 5.325981295538946 8 
0004 0015 1665892095157310 7.3125 -72.5 5.816855147662351 8 
0004 0004 1665892095165689 12.1875 -71.5 6.056156150572511 8 
0004 0011 1665892095186959 5.625 -72.0 1.1351457830353744 8 
0004 0010 1665892095243929 -6.125 -71.5 1.748738098189631 8 
0004 0007 1665892095250459 3.3125 -73.5 5.295301679781233 8 
0004 0004 1665892095259071 13.0 -57.0 5.301437602932776 8 
0004 0007 1665892095261557 121.25 -70.0 5.994796919057086 8 
0004 0008 1665892095264025 78.0625 -65.0 5.749359992995383 8 
0004 0005 1665892095264895 39.0 -66.0 3.472932503773092 8 
0004 0006 1665892095288719 -0.75 -72.0 4.552854978444583 8 
0004 0013 1665892095291598 -7.3125 -71.0 0.9203884727313847 8 
0004 0002 1665892095356883 -12.1875 -77.0 6.111379458936394 8 
0004 0007 1665892095373880 143.1875 -67.5 2.5586799541932495 8 
0004 0002 1665892095376478 126.125 -75.0 2.435961491162398 8 
0004 0014 1665892095379282 69.125 -63.5 3.7981364308048478 8 
0004 0008 1665892095380306 -13.0 -66.5 1.0983302441261191 8 
0004 0004 1665892095381444 4.0625 -68.0 3.2949907323783574 8 
0004 0003 1665892095399185 -2.4375 -78.0 2.1230294104337273 8 
0004 0006 1665892095466015 0.5625 -71.0 0.39269908169872414 8 
0004 0006 1665892095483926 9.75 -68.5 3.2704470397721868 8 
0004 0007 1665892095485156 -247.375 -70.5 3.2643111166206444 8 
0004 0014 1665892095486307 87.0625 -66.0 3.7981364308048478 8 
0004 0008 1665892095487202 -4.0625 -66.5 2.3623304133438876 8 
0004 0003 1665892095500083 76.875 -75.0 0.15033011721279282 8 
0004 0008 1665892095585268 -39.0 -64.0 4.0558452031696355 8 
0004 0006 1665892095586791 -208.3125 -69.0 3.5158839658338894 8 
0004 0014 1665892095587713 65.0625 -63.0 0.28225246497095796 8 
0004 0003 1665892095603168 98.875 -72.5 4.473087977474529 8 
0004 0014 1665892095690626 -17.0625 -64.5 6.234097921967246 8 
0004 0008 1665892095691808 -17.0625 -65.5 5.019185137961818 8 
0004 0003 1665892095692750 425.5625 -73.0 5.123495831538041 8 
0004 0004 1665892095712482 17.8125 -72.0 0.6565437772150544 8 
0004 0006 1665892095779041 8.4375 -73.5 4.583534594202296 8 
0004 0006 1665892095796092 75.625 -70.5 5.368932757599744 8 
0004 0007 1665892095798071 39.0 -66.5 2.018718716857504 8 
0004 0008 1665892095799224 -173.3125 -69.5 6.129787228391022 8 
0004 0014 1665892095800063 -26.0 -65.5 6.22182607566416 8 
0004 0004 1665892095800989 -48.0 -64.5 5.485515297479052 8 
0004 0003 1665892095804421 47.1875 -72.5 1.2885438618239387 8 
0004 0002 1665892095828706 8.0625 -78.0 6.019340611663256 8 
0004 0014 1665892095898980 -30.0625 -66.5 6.264777537724958 8 
0004 0002 1665892095905471 117.125 -72.5 1.0737865515199487 8 
0004 0007 1665892095927251 4.875 -72.5 5.976389149602458 8 
0004 0008 1665892095950722 1.1875 -72.5 1.3928545554001621 8 
0004 0010 1665892096002221 1.25 -73.5 5.749359992995383 8 
0004 0005 1665892096018377 134.25 -65.0 4.503767593232243 8 
0004 0014 1665892096019712 -43.125 -65.5 5.681864838328415 8 
0004 0002 1665892096020638 -134.25 -68.0 3.6201946594101133 8 
0004 0010 1665892096023649 39.0 -70.5 0.2638446955163303 8 
0004 0008 1665892096027013 85.4375 -78.0 0.5338253141842031 8 
0004 0008 1665892096051514 0.75 -72.0 5.289165756629691 8 
0004 0011 1665892096053632 -12.9375 -72.0 5.546874528994478 8 
0004 0007 1665892096070512 -10.5 -74.5 0.5767767762450011 8 
0004 0014 1665892096130331 -74.0 -67.5 5.970253226450915 8 
0004 0008 1665892096131597 87.0625 -70.0 3.3747577333484107 8 
0004 0012 1665892096134086 104.125 -67.5 2.086213871524472 8 
0004 0011 1665892096135011 17.0625 -72.0 2.8102528034064944 8 
0004 0005 1665892096146808 3.25 -72.0 1.064582666792635 8 
0004 0015 1665892096159084 4.0625 -71.5 6.2463697682703305 8 
0004 0006 1665892096184796 0.75 -71.0 0.6933593161243098 8 
0004 0012 1665892096241515 52.0625 -66.5 3.32567034813607 8 
0004 0006 1665892096242420 4.875 -61.0 4.552854978444583 8 
0004 0005 1665892096244057 74.0 -67.5 3.380893656499953 8 
0004 0015 1665892096288683 4.375 -72.0 2.8102528034064944 8 
0004 0014 1665892096331217 3.9375 -73.0 1.9880391010997909 8 
0004 0012 1665892096349942 56.125 -69.0 3.7429131224409646 8 
0004 0005 1665892096356189 48.0 -68.5 3.5465635815916023 8 
0004 0015 1665892096363100 24.0 -69.0 1.576932249946439 8 
0004 0006 1665892096451652 0.0 -73.5 0.23930100291016002 8 
0004 0012 1665892096460399 8.9375 -68.5 3.724505352986337 8 
0004 0015 1665892096462731 -39.0 -60.5 5.884350302329319 8 
0004 0005 1665892096463629 26.0 -70.0 3.031146036862027 8 
0004 0006 1665892096467411 -42.3125 -69.0 0.34974761963792617 8 
0004 0011 1665892096524297 4.1875 -76.0 0.619728238305799 8 
0004 0010 1665892096557996 -4.625 -73.5 5.792311455056181 8 
0004 0005 1665892096575343 -113.0625 -66.5 0.760854470791278 8 
0004 0006 1665892096577427 -113.875 -68.0 0.705631162427395 8 
0004 0015 1665892096578995 -52.0625 -62.5 6.22182607566416 8 
0004 0012 1665892096581095 -61.0 -69.5 4.81056375080937 8 
0004 0010 1665892096606428 -12.9375 -73.0 0.06135923151542565 8 
0004 0006 1665892096677251 18.6875 -66.0 5.258486140871978 8 
0004 0015 1665892096678564 91.125 -64.5 5.859806609723149 8 
0004 0005 1665892096682418 -4.0625 -67.0 1.6751070203711202 8 
0004 0003 1665892096692740 11.75 -73.5 0.2761165418194154 8 
0004 0007 1665892096768372 5.5625 -71.5 3.80427235395639 8 
0004 0008 1665892096774886 5.5625 -72.5 4.614214209960009 8 
0004 0013 1665892096788686 -3.5625 -74.5 5.368932757599744 8 
0004 0003 1665892096798216 -91.125 -69.5 5.8475347634200645 8 
0004 0008 1665892096799737 61.0 -69.5 1.748738098189631 8 
0004 0005 1665892096801551 69.125 -68.5 1.9266798695843652 8 
0004 0013 1665892096805246 -195.25 -73.5 5.93343768754166 8 
0004 0015 1665892096806883 34.9375 -64.0 5.939573610693203 8 
0004 0011 1665892096822825 -4.875 -72.0 0.4908738521234052 8 
0004 0007 1665892096853443 -1.1875 -72.0 1.1351457830353744 8 
0004 0004 1665892096910314 4.0625 -62.0 1.8100973297050567 8 
0004 0003 1665892096911368 -4.0625 -68.5 5.301437602932776 8 
0004 0010 1665892096913454 26.0 -64.5 1.6566992509164924 8 
0004 0007 1665892096915488 52.0625 -69.5 5.209398755659637 8 
0004 0013 1665892096916642 -26.0 -70.0 1.6935147898257479 8 
0004 0005 1665892096917583 -91.125 -68.5 0.5338253141842031 8 
0004 0015 1665892096918554 34.9375 -66.0 6.240233845118788 8 
0004 0008 1665892096919406 13.0 -70.5 4.0558452031696355 8 
0004 0014 1665892096929064 72.8125 -69.0 4.865787059173254 8 
0004 0010 1665892097016873 -34.9375 -63.0 2.9084275738311756 8 
0004 0014 1665892097020197 -87.0625 -69.0 5.872078456026235 8 
0004 0004 1665892097021119 -4.0625 -72.0 6.234097921967246 8 
0004 0015 1665892097024691 143.1875 -68.5 6.19728238305799 8 
0004 0003 1665892097027506 -166.0 -73.0 0.7976700097005334 8 
0004 0007 1665892097036089 54.0625 -72.0 6.10217557420908 8 
0004 0006 1665892097037983 29.25 -70.5 6.26784549930073 8 
0004 0005 1665892097079780 4.0625 -75.0 5.66959299202533 8 
0004 0010 1665892097127249 13.0 -62.5 3.6017868899554855 8 
0004 0015 1665892097130139 -78.0625 -70.0 0.5399612373357456 8 
0004 0007 1665892097131678 -134.25 -65.0 2.521864415283994 8 
0004 0014 1665892097132925 -78.0625 -66.0 6.025476534814799 8 
0004 0003 1665892097134883 -100.0625 -71.0 2.9820586516496865 8 
0004 0012 1665892097157244 -11.4375 -74.0 2.325514874434632 8 
0004 0005 1665892097165089 12.9375 -77.0 5.289165756629691 8 
0004 0015 1665892097241457 -52.0625 -68.0 0.04295146206079795 8 
0004 0010 1665892097243485 -26.0 -60.5 5.190990986205009 8 
0004 0007 1665892097244412 -48.0 -68.5 4.252194744018997 8 
0004 0014 1665892097245336 21.9375 -59.0 2.730485802436441 8 
0004 0012 1665892097246293 -130.1875 -68.5 0.14726215563702155 8 
0004 0003 1665892097247924 -61.0 -71.0 4.399456899656019 8 
0004 0005 1665892097279213 10.5 -77.5 0.34974761963792617 8 
0004 0015 1665892097350485 -65.0625 -69.5 0.030679615757712823 8 
0004 0007 1665892097353196 -13.0 -68.0 6.240233845118788 8 
0004 0010 1665892097355203 -82.1875 -63.0 0.02454369260617026 8 
0004 0006 1665892097356511 -260.375 -71.0 3.055689729468197 8 
0004 0014 1665892097357417 -8.9375 -60.5 2.521864415283994 8 
0004 0003 1665892097358686 95.1875 -71.0 5.393476450205914 8 
0004 0012 1665892097380295 -11.4375 -73.5 1.1290098598838318 8 
0004 0008 1665892097405188 -3.0 -71.5 5.651185222570702 8 
0004 0010 1665892097458731 -52.0625 -63.5 1.423534171157875 8 
0004 0008 1665892097461260 -130.1875 -68.5 0.01227184630308513 8 
0004 0014 1665892097462553 -34.9375 -61.5 2.6261751088602177 8 
0004 0015 1665892097463481 -139.125 -71.0 0.09817477042468103 8 
0004 0007 1665892097465157 -100.0625 -72.0 0.607456392002714 8 
0004 0003 1665892097467981 -82.1875 -68.0 0.859029241215959 8 
0004 0012 1665892097494519 1.625 -72.5 4.743068596142402 8 
0004 0003 1665892097566464 4.0625 -64.5 2.024854640009046 8 
0004 0007 1665892097568740 -74.0 -63.5 3.0066023442558567 8 
0004 0012 1665892097570488 95.1875 -67.5 2.423689644859313 8 
0004 0008 1665892097572504 -21.9375 -64.5 1.184233168247715 8 
0004 0010 1665892097574040 -4.0625 -64.0 3.098641191528995 8 
0004 0014 1665892097574982 -52.0625 -62.5 2.4911847995262812 8 
0004 0002 1665892097576020 -325.5 -75.5 2.5832236467994196 8 
0004 0000 1665892097605822 1.625 -75.0 5.019185137961818 8 
0004 0005 1665892097620100 -2.4375 -72.5 5.6143696836614465 8 
0004 0011 1665892097625826 1.1875 -70.5 0.30679615757712825 8 
0004 0005 1665892097684562 -87.0625 -62.5 1.9696313316451632 8 
0004 0002 1665892097685485 48.0 -69.5 3.9944859716542096 8 
0004 0010 1665892097686921 61.0 -62.0 5.031456984264903 8 
0004 0011 1665892097689169 -74.0 -66.0 5.878214379177777 8 
0004 0000 1665892097690024 -152.125 -72.0 6.031612457966341 8 
0004 0012 1665892097692110 -21.9375 -65.5 3.859495662320273 8 
0004 0014 1665892097693490 82.1875 -63.5 2.435961491162398 8 
0004 0006 1665892097694398 113.875 -70.5 3.7122335066832517 8 
0004 0003 1665892097696826 87.0625 -68.0 4.853515212870168 8 
0004 0008 1665892097698051 91.125 -65.0 1.6137477888556946 8 
0004 0007 1665892097720160 -1.625 -75.0 4.546719055293041 8 
0004 0012 1665892097794823 117.125 -68.0 4.172427743048944 8 
0004 0014 1665892097797077 26.0 -66.5 2.3930100291016 8 
0004 0006 1665892097798344 -179.8125 -69.0 3.6754179677739964 8 
0004 0015 1665892097801278 -56.125 -70.0 6.056156150572511 8 
0004 0010 1665892097802218 -61.0 -63.5 5.71868037723767 8 
0004 0008 1665892097803833 0.0 -64.0 3.313398501832985 8 
0004 0003 1665892097807614 -78.0625 -66.0 0.23316507975861744 8 
0004 0005 1665892097809416 143.1875 -67.0 4.270602513473625 8 
0004 0007 1665892097812007 4.0625 -71.5 0.34974761963792617 8 
0004 0002 1665892097849429 32.5 -76.0 4.871922982324796 8 
0004 0005 1665892097937678 48.0 -67.0 4.4362724385652745 8 
0004 0014 1665892097939411 91.125 -70.0 2.1659808724945253 8 
0004 0010 1665892097940679 13.0 -59.0 1.1658253987930873 8 
0004 0012 1665892097941875 -8.9375 -63.0 0.4908738521234052 8 
0004 0008 1665892097942972 78.0625 -64.0 4.822835597112456 8 
0004 0006 1665892097944150 -17.0625 -58.0 5.270757987175063 8 
0004 0002 1665892097948677 221.3125 -74.5 0.19634954084936207 8 
0004 0015 1665892097987770 9.75 -70.5 2.12916533358527 8 
0004 0013 1665892097999075 -5.3125 -77.5 3.160000423044421 8 
0004 0003 1665892098036399 1.125 -76.5 0.02454369260617026 8 
0004 0010 1665892098056450 -26.0 -59.0 2.454369260617026 8 
0004 0014 1665892098057586 82.1875 -66.5 2.2334760271614935 8 
0004 0015 1665892098060099 -13.0 -66.5 0.02454369260617026 8 
0004 0008 1665892098061289 -13.0 -61.0 0.2761165418194154 8 
0004 0005 1665892098063792 -52.0625 -67.0 4.804427827657828 8 
0004 0012 1665892098065046 -26.0 -63.5 1.1474176293384597 8 
0004 0006 1665892098065912 14.625 -64.5 0.22089323345553233 8 
0004 0002 1665892098066796 -61.0 -72.5 2.3439226438892597 8 
0004 0003 1665892098072000 47.1875 -72.5 0.7485826244881929 8 
0004 0013 1665892098090652 -20.75 -74.5 0.15033011721279282 8 
0004 0011 1665892098153082 8.1875 -74.0 4.454680208019902 8 
0004 0004 1665892098177116 -6.125 -79.0 1.043106935762236 8 
0004 0006 1665892098185599 194.4375 -68.0 2.018718716857504 8 
0004 0008 1665892098186764 56.125 -62.5 1.564660403643354 8 
0004 0010 1665892098189847 -21.9375 -62.0 4.301282129231338 8 
0004 0002 1665892098190755 0.0 -68.0 4.743068596142402 8 
0004 0012 1665892098192747 -21.9375 -65.5 2.8654761117703775 8 
0004 0014 1665892098194283 104.125 -67.0 2.1966604882522383 8 
0004 0015 1665892098195445 0.0 -68.5 0.0 8 
0004 0003 1665892098197581 -61.0 -66.0 3.1231848841351653 8 
0004 0013 1665892098198725 -204.25 -72.0 4.620350133111551 8 
0004 0011 1665892098199608 -69.125 -70.0 5.381204603902829 8 
0004 0005 1665892098224436 0.75 -69.0 5.098952138931871 8 
0004 0006 1665892098297632 66.6875 -67.5 2.2027964114037806 8 
0004 0003 1665892098299281 -69.125 -67.0 4.522175362686871 8 
0004 0012 1665892098300690 -34.9375 -67.0 4.399456899656019 8 
0004 0015 1665892098301574 -26.0 -67.5 5.878214379177777 8 
0004 0005 1665892098302940 -34.9375 -66.5 5.620505606812989 8 
0004 0008 1665892098304827 -4.0625 -63.0 3.2704470397721868 8 
0004 0014 1665892098305772 173.3125 -67.5 2.4911847995262812 8 
0004 0002 1665892098307150 -26.0 -62.5 0.5829126993965437 8 
0004 0010 1665892098310005 -56.125 -60.5 5.890486225480862 8 
0004 0011 1665892098310918 -52.0625 -65.5 1.0369710126106935 8 
0004 0013 1665892098314345 -34.9375 -69.5 6.000932842208628 8 
0004 0010 1665892098410848 21.9375 -61.5 0.4172427743048944 8 
0004 0014 1665892098411762 -147.25 -68.5 4.356505437595221 8 
0004 0008 1665892098413409 -17.0625 -59.0 4.246058820867455 8 
0004 0002 1665892098414814 -8.9375 -62.0 1.0062913968529805 8 
0004 0011 1665892098415940 -8.9375 -64.5 2.890019804376548 8 
0004 0004 1665892098417323 -52.0625 -68.0 0.018407769454627694 8 
0004 0015 1665892098419228 100.0625 -69.0 6.025476534814799 8 
0004 0013 1665892098423149 -56.125 -68.5 2.662990647769473 8 
0004 0006 1665892098428133 4.875 -72.0 3.6017868899554855 8 
0004 0005 1665892098437625 -1.1875 -74.0 0.18100973297050565 8 
0004 0003 1665892098453420 22.25 -72.5 1.4603497100671303 8 
0004 0007 1665892098475166 4.875 -71.0 5.93343768754166 8 
0004 0008 1665892098530719 -52.0625 -60.0 5.47937937432751 8 
0004 0004 1665892098532095 4.0625 -59.0 5.626641529964532 8 
0004 0015 1665892098532983 -61.0 -69.0 5.540738605842936 8 
0004 0006 1665892098534855 203.4375 -71.5 2.1353012567368124 8 
0004 0010 1665892098536502 -87.0625 -59.5 2.6261751088602177 8 
0004 0007 1665892098538759 61.0 -64.0 0.5951845456996288 8 
0004 0002 1665892098541060 165.1875 -67.0 2.098485717827557 8 
0004 0005 1665892098560157 -7.3125 -76.5 5.418020142812084 8 
0004 0014 1665892098565448 7.3125 -69.0 0.04295146206079795 8 
0004 0003 1665892098586086 12.1875 -76.5 0.9817477042468103 8 
0004 0014 1665892098658003 0.0 -61.0 3.436116964863836 8 
0004 0004 1665892098660738 78.0625 -62.5 1.718058482431918 8 
0004 0008 1665892098662003 21.9375 -63.5 1.368310862793992 8 
0004 0007 1665892098662887 48.0 -66.0 2.2334760271614935 8 
0004 0010 1665892098663843 -104.125 -64.0 4.276738436625168 8 
0004 0005 1665892098666156 -30.0625 -71.5 0.5154175447295755 8 
0004 0003 1665892098688712 -27.5625 -77.0 5.080544369477243 8 
0004 0006 1665892098755356 -1.9375 -72.0 4.724660826687775 8 
0004 0013 1665892098773392 134.25 -70.5 1.9266798695843652 8 
0004 0006 1665892098774286 75.625 -67.0 4.4976316700806995 8 
0004 0005 1665892098775455 -121.25 -70.5 1.9205439464328227 8 
0004 0007 1665892098776636 -91.125 -63.0 5.0682725231741586 8 
0004 0010 1665892098777789 -56.125 -62.5 5.5284667595398505 8 
0004 0008 1665892098778940 48.0 -62.0 2.6691265709210157 8 
0004 0004 1665892098780800 43.125 -65.5 0.02454369260617026 8 
0004 0014 1665892098782176 4.0625 -56.5 2.4727770300716534 8 
0004 0003 1665892098810487 -26.8125 -78.0 4.76147636559703 8 
0004 0008 1665892098885406 -78.0625 -64.0 4.430136515413731 8 
0004 0014 1665892098887931 -43.125 -59.0 2.8286605728611223 8 
0004 0006 1665892098889680 127.75 -71.0 4.81056375080937 8 
0004 0003 1665892098891748 -191.1875 -72.5 0.619728238305799 8 
0004 0004 1665892098893170 -34.9375 -66.5 1.7855536370988863 8 
0004 0007 1665892098895204 -13.0 -70.5 6.264777537724958 8 
0004 0013 1665892098896346 34.9375 -71.5 2.5586799541932495 8 
0004 0010 1665892098897227 -8.9375 -63.0 1.2026409377023426 8 
0004 0003 1665892098998849 108.1875 -69.0 1.761009944492716 8 
0004 0007 1665892098999860 61.0 -72.5 2.1598449493429825 8 
0004 0014 1665892099001864 -26.0 -60.5 2.84706834231575 8 
0004 0004 1665892099002788 4.0625 -63.5 4.331961744989051 8 
0004 0008 1665892099004122 -21.9375 -65.5 0.3620194659410113 8 
0004 0010 1665892099005034 -13.0 -63.0 2.8532042654672924 8 
0004 0002 1665892099086148 -6.8125 -78.0 5.393476450205914 8 
0004 0006 1665892099098418 3.3125 -70.5 5.405748296509 8 
0004 0007 1665892099112547 65.0625 -67.5 0.3436116964863836 8 
0004 0003 1665892099114791 -61.0 -67.5 3.56497135104623 8 
0004 0006 1665892099115942 -52.0625 -69.5 0.5706408530934585 8 
0004 0004 1665892099116839 -78.0625 -61.5 2.804116880254952 8 
0004 0008 1665892099117976 -39.0 -66.0 2.3439226438892597 8 
0004 0010 1665892099118888 -100.0625 -61.0 4.381049130201391 8 
0004 0014 1665892099120040 -39.0 -62.5 2.859340188618835 8 
0004 0002 1665892099133466 -1.1875 -73.5 0.10737865515199488 8 
