0004 0003 1665887160126035 -9.75 -78.0 5.663457068873787 0 
0004 0010 1665887160174982 -52.0625 -63.0 0.018407769454627694 0 
0004 0011 1665887160175878 -21.9375 -63.5 3.472932503773092 0 
0004 0008 1665887160177088 -48.0 -69.0 0.8283496254582462 0 
0004 0013 1665887160179467 -4.0625 -61.5 1.7978254834019713 0 
0004 0005 1665887160180365 -26.0 -59.0 4.767612288748572 0 
0004 0015 1665887160184281 -69.125 -64.5 6.031612457966341 0 
0004 0002 1665887160186260 260.375 -71.0 4.6448938257177215 0 
0004 0014 1665887160188066 -26.0 -56.5 5.724816300389213 0 
0004 0004 1665887160189161 4.0625 -58.5 4.25833066717054 0 
0004 0007 1665887160190062 34.9375 -69.5 1.5707963267948966 0 
0004 0009 1665887160211708 4.0625 -73.0 4.921010367537137 0 
0004 0003 1665887160230967 -19.5 -77.5 5.878214379177777 0 
0004 0005 1665887160310492 -30.0625 -58.5 4.822835597112456 0 
0004 0010 1665887160313678 13.0 -63.5 6.227961998815704 0 
0004 0008 1665887160314830 34.9375 -69.0 0.9081166264282996 0 
0004 0013 1665887160316181 52.0625 -61.5 1.736466251886546 0 
0004 0014 1665887160317120 -13.0 -56.5 5.688000761479957 0 
0004 0004 1665887160318486 -39.0 -58.5 4.331961744989051 0 
0004 0011 1665887160319838 48.0 -63.0 3.472932503773092 0 
0004 0015 1665887160320708 30.0625 -64.5 5.896622148632405 0 
0004 0002 1665887160321818 139.125 -72.0 4.6878452877785195 0 
0004 0007 1665887160323594 21.9375 -68.5 1.509437095279471 0 
0004 0009 1665887160342245 18.75 -73.0 4.8351074434155406 0 
0004 0003 1665887160347023 11.4375 -77.5 5.45483568172134 0 
0004 0010 1665887160428832 8.9375 -63.0 6.270913460876501 0 
0004 0008 1665887160431021 65.0625 -68.5 0.8160777791551611 0 
0004 0007 1665887160431892 87.0625 -68.5 1.509437095279471 0 
0004 0015 1665887160433018 -48.0 -64.0 6.086835766330224 0 
0004 0009 1665887160434642 -139.125 -73.0 5.1725832167503825 0 
0004 0013 1665887160435534 -8.9375 -61.0 1.7855536370988863 0 
0004 0002 1665887160436688 65.0625 -70.5 4.8351074434155406 0 
0004 0014 1665887160438096 -13.0 -56.5 5.700272607783043 0 
0004 0011 1665887160439052 -56.125 -63.0 3.5281558121369745 0 
0004 0004 1665887160440795 -13.0 -59.0 4.301282129231338 0 
0004 0005 1665887160442290 13.0 -59.0 4.798291904506286 0 
0004 0003 1665887160467481 28.5 -77.5 5.638913376267617 0 
0004 0014 1665887160545278 -56.125 -57.0 5.773903685601553 0 
0004 0011 1665887160546880 21.9375 -63.0 3.522019888985432 0 
0004 0009 1665887160547826 178.1875 -71.5 4.503767593232243 0 
0004 0004 1665887160549205 -26.0 -59.0 4.356505437595221 0 
0004 0002 1665887160550104 156.1875 -71.0 4.669437518323892 0 
0004 0005 1665887160551735 -52.0625 -58.5 4.841243366567084 0 
0004 0013 1665887160552674 61.0 -61.0 1.7916895602504288 0 
0004 0010 1665887160554207 74.0 -63.0 6.258641614573416 0 
0004 0015 1665887160555122 -78.0625 -65.0 6.025476534814799 0 
0004 0007 1665887160558435 34.9375 -68.5 1.4664856332186729 0 
0004 0008 1665887160559360 -17.0625 -69.0 0.8774370106705868 0 
0004 0003 1665887160577625 30.9375 -77.0 5.5284667595398505 0 
0004 0015 1665887160659466 -34.9375 -64.5 6.062292073724054 0 
0004 0007 1665887160660708 -204.25 -68.0 2.018718716857504 0 
0004 0011 1665887160661575 8.9375 -62.5 3.497476196379262 0 
0004 0008 1665887160663420 -30.0625 -69.0 0.9203884727313847 0 
0004 0014 1665887160664547 21.9375 -57.0 5.681864838328415 0 
0004 0005 1665887160665972 -17.0625 -59.0 4.804427827657828 0 
0004 0004 1665887160666857 -39.0 -59.0 4.374913207049849 0 
0004 0013 1665887160668310 65.0625 -61.5 1.7119225592803755 0 
0004 0002 1665887160669320 82.1875 -71.5 4.767612288748572 0 
0004 0010 1665887160670726 -65.0625 -63.0 0.1349903093339364 0 
0004 0009 1665887160672664 -295.375 -71.0 5.307573526084319 0 
0004 0003 1665887160695132 2.4375 -77.0 5.841398840268521 0 
0004 0007 1665887160774990 -4.0625 -68.0 1.509437095279471 0 
0004 0011 1665887160775876 17.0625 -63.0 3.5465635815916023 0 
0004 0005 1665887160777706 39.0 -59.0 4.749204519293945 0 
0004 0015 1665887160781140 69.125 -65.0 5.9088939949354895 0 
0004 0014 1665887160782096 26.0 -56.5 5.675728915176872 0 
0004 0013 1665887160783122 -56.125 -61.5 1.8714565612204823 0 
0004 0002 1665887160784032 -160.3125 -71.0 5.080544369477243 0 
0004 0004 1665887160784945 -61.0 -59.0 4.381049130201391 0 
0004 0008 1665887160786634 56.125 -69.0 0.7485826244881929 0 
0004 0009 1665887160787563 21.9375 -71.0 5.135767677841127 0 
0004 0010 1665887160788617 13.0 -63.0 0.12885438618239387 0 
0004 0003 1665887160814863 -3.1875 -77.0 5.651185222570702 0 
0004 0015 1665887160894223 48.0 -65.0 5.915029918087033 0 
0004 0007 1665887160895193 65.0625 -68.5 1.5155730184310134 0 
0004 0002 1665887160896870 -34.9375 -71.0 4.81056375080937 0 
0004 0013 1665887160898020 8.9375 -61.5 1.8223691760081417 0 
0004 0014 1665887160899132 -17.0625 -56.5 5.71868037723767 0 
0004 0010 1665887160900042 34.9375 -63.0 0.018407769454627694 0 
0004 0011 1665887160901196 -43.125 -63.0 3.5895150436524004 0 
0004 0005 1665887160903252 -17.0625 -59.0 4.7860200582032 0 
0004 0004 1665887160904392 -34.9375 -59.0 4.325825821837508 0 
0004 0008 1665887160905983 -56.125 -68.5 0.8651651643675016 0 
0004 0009 1665887160910301 -195.25 -72.0 5.074408446325701 0 
0004 0003 1665887160925879 -20.25 -77.0 5.755495916146925 0 
0004 0009 1665887161010735 52.0625 -72.0 4.933282213840222 0 
0004 0013 1665887161011743 34.9375 -61.0 1.6935147898257479 0 
0004 0010 1665887161013420 -108.1875 -62.5 0.1718058482431918 0 
0004 0004 1665887161014274 -26.0 -59.0 4.338097668140593 0 
0004 0011 1665887161015128 -61.0 -62.5 3.6079228131070282 0 
0004 0015 1665887161016085 91.125 -65.0 5.9088939949354895 0 
0004 0014 1665887161024851 -30.0625 -56.5 5.749359992995383 0 
0004 0007 1665887161026629 -87.0625 -69.0 1.8162332528565992 0 
0004 0002 1665887161028121 -48.0 -70.5 4.890330751779424 0 
0004 0005 1665887161029244 -13.0 -59.0 4.7860200582032 0 
0004 0008 1665887161030128 -199.375 -69.0 1.0246991663076084 0 
0004 0003 1665887161054406 -4.0625 -77.0 5.6941366846315 0 
0004 0005 1665887161129912 -8.9375 -58.5 4.773748211900116 0 
0004 0002 1665887161131069 -269.3125 -71.5 4.896466674930966 0 
0004 0008 1665887161132447 108.1875 -69.0 0.7363107781851077 0 
0004 0010 1665887161136474 8.9375 -63.0 6.277049384028044 0 
0004 0015 1665887161138053 0.0 -65.0 6.050020227420969 0 
0004 0004 1665887161139268 -52.0625 -59.0 4.338097668140593 0 
0004 0013 1665887161140278 -43.125 -61.5 1.8039614065535141 0 
0004 0014 1665887161141218 -39.0 -56.5 5.730952223540755 0 
0004 0011 1665887161142260 -74.0 -63.5 3.6079228131070282 0 
0004 0007 1665887161145830 282.375 -68.5 1.2762720155208536 0 
0004 0009 1665887161146713 -13.0 -72.5 4.276738436625168 0 
0004 0003 1665887161197612 2.875 -78.0 5.577554144752192 0 
0004 0007 1665887161255235 -87.0625 -68.5 1.5278448647340985 0 
0004 0004 1665887161256149 43.125 -58.5 4.190835512503572 0 
0004 0013 1665887161257059 -8.9375 -61.5 1.7671458676442586 0 
0004 0010 1665887161258509 17.0625 -62.5 6.227961998815704 0 
0004 0005 1665887161260359 39.0 -59.0 4.6878452877785195 0 
0004 0008 1665887161262480 -74.0 -69.5 0.7301748550335652 0 
0004 0014 1665887161263366 -48.0 -56.5 5.755495916146925 0 
0004 0002 1665887161264278 -221.3125 -71.5 5.00077736850719 0 
0004 0011 1665887161265416 -78.0625 -63.0 3.5158839658338894 0 
0004 0009 1665887161267787 -390.5625 -72.0 4.945554060143307 0 
0004 0015 1665887161272183 -34.9375 -65.0 5.988660995905543 0 
0004 0003 1665887161359822 -7.75 -77.5 5.595961914206819 0 
0004 0004 1665887161385108 -8.9375 -59.0 4.215379205109742 0 
0004 0015 1665887161386520 -173.3125 -64.5 6.258641614573416 0 
0004 0011 1665887161387884 17.0625 -63.0 3.399301425954581 0 
0004 0013 1665887161390387 -199.375 -61.0 1.9696313316451632 0 
0004 0014 1665887161392956 -30.0625 -56.5 5.737088146692298 0 
0004 0005 1665887161393997 -34.9375 -58.5 4.700117134081604 0 
0004 0010 1665887161395158 48.0 -63.0 6.191146459906448 0 
0004 0007 1665887161396100 -100.0625 -68.5 1.7303303287350031 0 
0004 0002 1665887161397368 431.25 -72.0 4.313553975534423 0 
0004 0008 1665887161398460 -34.9375 -67.5 0.8713010875190442 0 
0004 0009 1665887161399830 -351.5 -70.5 5.098952138931871 0 
0004 0003 1665887161479758 -3.125 -77.0 5.632777453116074 0 
0004 0011 1665887161505002 -52.0625 -63.0 3.479068426924634 0 
0004 0004 1665887161506889 -13.0 -59.0 4.227651051412827 0 
0004 0008 1665887161508410 -30.0625 -68.5 0.7731263170943632 0 
0004 0010 1665887161509842 -69.125 -63.0 0.006135923151542565 0 
0004 0015 1665887161511193 -4.0625 -65.0 5.982525072754001 0 
0004 0002 1665887161512107 -169.25 -72.0 4.779884135051658 0 
0004 0013 1665887161513709 8.9375 -61.0 1.6996507129772904 0 
0004 0005 1665887161514864 -43.125 -59.0 4.71238898038469 0 
0004 0014 1665887161515788 8.9375 -57.0 5.6941366846315 0 
0004 0009 1665887161517573 -273.375 -70.5 4.638757902566179 0 
0004 0007 1665887161518469 30.0625 -68.0 1.3744467859455345 0 
0004 0003 1665887161617574 8.5625 -77.5 5.436427912266712 0 
0004 0008 1665887161624545 -61.0 -68.5 0.7915340865489908 0 
0004 0013 1665887161625696 78.0625 -61.0 1.6996507129772904 0 
0004 0005 1665887161627060 -8.9375 -59.0 4.663301595172349 0 
0004 0009 1665887161628453 0.0 -72.0 4.503767593232243 0 
0004 0004 1665887161629836 21.9375 -59.0 4.184699589352029 0 
0004 0015 1665887161630751 52.0625 -64.5 5.872078456026235 0 
0004 0002 1665887161632908 -78.0625 -71.0 4.546719055293041 0 
0004 0011 1665887161634795 8.9375 -63.0 3.356349963893783 0 
0004 0007 1665887161636633 234.3125 -68.5 1.2578642460662257 0 
0004 0014 1665887161637586 -30.0625 -56.5 5.743224069843841 0 
0004 0010 1665887161639974 -113.0625 -62.5 0.05522330836388308 0 
0004 0003 1665887161702112 -13.5 -77.5 5.516194913236766 0 
0004 0013 1665887161746054 61.0 -61.0 1.6260196351587797 0 
0004 0002 1665887161748608 383.25 -71.5 4.147884050442774 0 
0004 0010 1665887161749631 100.0625 -63.5 6.111379458936394 0 
0004 0007 1665887161750531 -130.1875 -68.5 1.6996507129772904 0 
0004 0005 1665887161751681 -43.125 -58.5 4.6878452877785195 0 
0004 0011 1665887161752608 -48.0 -64.0 3.454524734318464 0 
0004 0014 1665887161753800 -34.9375 -56.5 5.730952223540755 0 
0004 0015 1665887161754756 -43.125 -64.5 5.957981380147831 0 
0004 0008 1665887161756049 69.125 -68.0 0.6565437772150544 0 
0004 0004 1665887161756932 17.0625 -58.5 4.184699589352029 0 
0004 0009 1665887161758248 -117.125 -71.5 4.417864669110647 0 
0004 0003 1665887161848517 -2.1875 -78.0 5.602097837358362 0 
0004 0010 1665887161864045 0.0 -63.0 6.2034183062095325 0 
0004 0005 1665887161864947 -56.125 -59.0 4.6878452877785195 0 
0004 0004 1665887161866465 0.0 -59.0 4.178563666200486 0 
0004 0014 1665887161867907 -13.0 -57.0 5.6573211457222445 0 
0004 0009 1665887161868895 113.0625 -71.5 4.2092432819582 0 
0004 0002 1665887161869778 -139.125 -70.5 4.81056375080937 0 
0004 0013 1665887161870899 -4.0625 -61.0 1.7119225592803755 0 
0004 0008 1665887161872037 26.0 -68.0 0.662679700366597 0 
0004 0015 1665887161873886 43.125 -64.5 5.976389149602458 0 
0004 0011 1665887161874797 4.0625 -63.0 3.3624858870453256 0 
0004 0007 1665887161877430 21.9375 -68.0 1.423534171157875 0 
0004 0003 1665887161947787 -15.0625 -77.5 5.399612373357457 0 
0004 0005 1665887161981139 34.9375 -58.5 4.595806440505381 0 
0004 0002 1665887161982840 -312.4375 -71.5 4.767612288748572 0 
0004 0014 1665887161984508 -69.125 -57.0 5.780039608753096 0 
0004 0015 1665887161985618 -13.0 -64.5 5.939573610693203 0 
0004 0013 1665887161986528 8.9375 -61.5 1.718058482431918 0 
0004 0008 1665887161988158 -21.9375 -68.0 0.7240389318820226 0 
0004 0009 1665887161989556 195.25 -71.0 4.1172044346850605 0 
0004 0010 1665887161991357 -13.0 -63.0 6.14819499784565 0 
0004 0007 1665887161992753 -21.9375 -68.5 1.3560390164909069 0 
0004 0004 1665887161993690 0.0 -59.0 4.147884050442774 0 
0004 0011 1665887161997745 -69.125 -63.5 3.380893656499953 0 
0004 0003 1665887162065027 -1.25 -77.5 5.270757987175063 0 
0004 0005 1665887162112681 4.0625 -58.5 4.626486056263094 0 
0004 0014 1665887162113851 -21.9375 -57.0 5.681864838328415 0 
0004 0002 1665887162114734 -152.125 -71.0 4.601942363656923 0 
0004 0015 1665887162117648 -78.0625 -64.5 5.976389149602458 0 
0004 0013 1665887162118600 -43.125 -61.0 1.7548740213411735 0 
0004 0011 1665887162119766 4.0625 -63.5 3.2827188860752723 0 
0004 0010 1665887162121415 -21.9375 -63.5 6.258641614573416 0 
0004 0004 1665887162122341 8.9375 -59.5 4.111068511533518 0 
0004 0008 1665887162123821 -61.0 -68.5 0.7117670855789375 0 
0004 0007 1665887162125160 -82.1875 -68.5 1.4603497100671303 0 
0004 0009 1665887162126061 -48.0 -72.0 4.424000592262189 0 
0004 0003 1665887162221474 1.5 -77.5 5.264622064023521 0 
0004 0014 1665887162234968 -4.0625 -56.5 5.66959299202533 0 
0004 0005 1665887162236466 17.0625 -58.5 4.601942363656923 0 
0004 0015 1665887162237310 -43.125 -65.0 5.964117303299373 0 
0004 0004 1665887162238490 -21.9375 -59.0 4.166291819897402 0 
0004 0013 1665887162240378 -26.0 -61.0 1.7548740213411735 0 
0004 0010 1665887162241319 65.0625 -63.5 6.080699843178682 0 
0004 0011 1665887162242936 -17.0625 -63.5 3.380893656499953 0 
0004 0002 1665887162245273 -30.0625 -71.5 4.387185053352934 0 
0004 0008 1665887162246298 30.0625 -68.5 0.5399612373357456 0 
0004 0009 1665887162250270 -21.9375 -71.0 4.522175362686871 0 
0004 0007 1665887162251158 39.0 -68.5 1.3989904785517047 0 
0004 0003 1665887162349248 4.375 -77.5 5.190990986205009 0 
0004 0013 1665887162356832 43.125 -61.5 1.6996507129772904 0 
0004 0014 1665887162358646 -21.9375 -56.5 5.700272607783043 0 
0004 0010 1665887162359585 34.9375 -63.5 6.227961998815704 0 
0004 0004 1665887162360739 -43.125 -59.5 4.147884050442774 0 
0004 0011 1665887162362415 -21.9375 -63.0 3.3502140407422405 0 
0004 0005 1665887162363351 0.0 -58.5 4.620350133111551 0 
0004 0015 1665887162364283 48.0 -65.0 5.8475347634200645 0 
0004 0009 1665887162365693 82.1875 -70.0 4.252194744018997 0 
0004 0008 1665887162366944 91.125 -68.5 0.5031456984264903 0 
0004 0007 1665887162368708 4.0625 -68.0 1.3928545554001621 0 
0004 0002 1665887162370960 109.0 -71.5 4.221515128261284 0 
0004 0003 1665887162451779 -4.625 -78.0 5.325981295538946 0 
0004 0013 1665887162474683 8.9375 -61.0 1.6812429435226628 0 
0004 0014 1665887162477453 -30.0625 -57.0 5.675728915176872 0 
0004 0008 1665887162478989 100.0625 -68.5 0.4295146206079795 0 
0004 0002 1665887162480438 39.0 -71.0 4.442408361716817 0 
0004 0004 1665887162481589 -87.0625 -59.5 4.172427743048944 0 
0004 0005 1665887162482742 -26.0 -59.0 4.601942363656923 0 
0004 0007 1665887162483797 -65.0625 -68.5 1.4358060174609601 0 
0004 0011 1665887162484723 -48.0 -62.5 3.32567034813607 0 
0004 0010 1665887162485604 87.0625 -63.5 6.074563920027139 0 
0004 0015 1665887162486517 56.125 -65.0 5.872078456026235 0 
0004 0009 1665887162488181 21.9375 -73.5 4.331961744989051 0 
0004 0003 1665887162585892 5.75 -77.5 5.252350217720435 0 
0004 0015 1665887162593908 26.0 -64.0 5.872078456026235 0 
0004 0013 1665887162595099 0.0 -61.0 1.6873788666742053 0 
0004 0011 1665887162596243 -82.1875 -63.0 3.3870295796514958 0 
0004 0009 1665887162597158 -130.1875 -72.0 4.614214209960009 0 
0004 0004 1665887162598833 21.9375 -59.0 4.06811704947272 0 
0004 0002 1665887162600009 -8.9375 -71.5 4.295146206079795 0 
0004 0010 1665887162602736 -61.0 -62.5 6.17273869045182 0 
0004 0008 1665887162604002 -126.125 -68.0 0.6381360077604268 0 
0004 0005 1665887162604941 26.0 -59.0 4.571262747899211 0 
0004 0014 1665887162605841 -39.0 -57.0 5.681864838328415 0 
0004 0007 1665887162606884 39.0 -68.0 1.2946797849754812 0 
0004 0003 1665887162693483 -1.125 -78.0 5.381204603902829 0 
0004 0014 1665887162710907 -52.0625 -56.5 5.724816300389213 0 
0004 0007 1665887162712314 -4.0625 -68.0 1.3192234775816514 0 
0004 0010 1665887162714048 8.9375 -63.0 6.154330920997192 0 
0004 0013 1665887162716658 13.0 -61.0 1.6935147898257479 0 
0004 0005 1665887162717988 0.0 -59.0 4.620350133111551 0 
0004 0004 1665887162718947 13.0 -59.5 4.111068511533518 0 
0004 0008 1665887162720841 61.0 -68.0 0.5522330836388308 0 
0004 0011 1665887162722336 -43.125 -63.0 3.3318062712876126 0 
0004 0015 1665887162723797 4.0625 -64.5 5.896622148632405 0 
0004 0002 1665887162727069 -139.125 -72.0 4.381049130201391 0 
0004 0009 1665887162727925 -43.125 -71.0 4.264466590322082 0 
0004 0010 1665887162880679 -52.0625 -63.0 6.154330920997192 0 
0004 0014 1665887162881704 13.0 -56.5 5.638913376267617 0 
0004 0013 1665887162884244 -21.9375 -61.0 1.6996507129772904 0 
0004 0015 1665887162885578 4.0625 -64.5 5.915029918087033 0 
0004 0011 1665887162886506 -26.0 -63.5 3.3379421944391554 0 
0004 0008 1665887162888186 26.0 -68.5 0.5767767762450011 0 
0004 0005 1665887162889111 -82.1875 -58.5 4.632621979414636 0 
0004 0009 1665887162891471 -65.0625 -71.5 4.522175362686871 0 
0004 0004 1665887162892355 -52.0625 -59.5 4.135612204139688 0 
0004 0007 1665887162893239 -52.0625 -69.0 1.4603497100671303 0 
0004 0002 1665887162896861 47.1875 -71.0 4.276738436625168 0 
0004 0013 1665887163001800 17.0625 -61.0 1.6751070203711202 0 
0004 0007 1665887163003481 78.0625 -67.5 1.184233168247715 0 
0004 0015 1665887163004847 -13.0 -65.0 5.835262917116979 0 
0004 0011 1665887163005744 8.9375 -63.0 3.2765829629237295 0 
0004 0005 1665887163006686 -39.0 -58.5 4.595806440505381 0 
0004 0009 1665887163007630 -69.125 -72.0 4.362641360746763 0 
0004 0004 1665887163009748 -48.0 -59.5 4.154019973594316 0 
0004 0014 1665887163011483 -30.0625 -57.0 5.700272607783043 0 
0004 0008 1665887163012890 65.0625 -68.5 0.39269908169872414 0 
0004 0010 1665887163013743 -21.9375 -62.5 6.043884304269426 0 
0004 0002 1665887163015121 130.1875 -71.5 4.3503695144436785 0 
0004 0004 1665887163116208 0.0 -59.5 4.025165587411922 0 
0004 0010 1665887163118073 21.9375 -63.0 6.000932842208628 0 
0004 0005 1665887163118986 -34.9375 -58.5 4.601942363656923 0 
0004 0007 1665887163120354 52.0625 -68.5 1.086058397823034 0 
0004 0014 1665887163121507 -30.0625 -57.0 5.675728915176872 0 
0004 0013 1665887163122432 -39.0 -60.5 1.6935147898257479 0 
0004 0015 1665887163124535 39.0 -64.5 5.878214379177777 0 
0004 0011 1665887163126637 -39.0 -63.5 3.2704470397721868 0 
0004 0002 1665887163128030 130.1875 -71.0 4.227651051412827 0 
0004 0008 1665887163130727 34.9375 -69.0 0.48473792897186263 0 
0004 0009 1665887163131983 69.125 -72.5 4.135612204139688 0 
0004 0014 1665887163231614 43.125 -57.0 5.620505606812989 0 
0004 0008 1665887163233022 121.25 -69.0 0.3620194659410113 0 
0004 0009 1665887163237280 -152.125 -71.5 4.4362724385652745 0 
0004 0011 1665887163238176 -8.9375 -63.5 3.2765829629237295 0 
0004 0013 1665887163241210 13.0 -61.0 1.6996507129772904 0 
0004 0010 1665887163242859 -26.0 -63.0 6.031612457966341 0 
0004 0015 1665887163243757 -61.0 -64.5 5.921165841238575 0 
0004 0005 1665887163246044 -8.9375 -58.5 4.577398671050753 0 
0004 0004 1665887163246932 -56.125 -59.0 4.129476280988146 0 
0004 0002 1665887163248554 -178.1875 -72.5 4.374913207049849 0 
0004 0007 1665887163250702 39.0 -67.0 1.3130875544301088 0 
0004 0007 1665887163350307 -4.0625 -68.0 1.1965050145508 0 
0004 0010 1665887163352070 -13.0 -62.5 6.037748381117884 0 
0004 0013 1665887163353551 -104.125 -61.5 1.7732817907958012 0 
0004 0014 1665887163354939 0.0 -57.0 5.632777453116074 0 
0004 0005 1665887163356096 -91.125 -58.5 4.669437518323892 0 
0004 0004 1665887163357675 -61.0 -59.0 4.09266074207889 0 
0004 0015 1665887163360611 17.0625 -64.5 5.8659425328746915 0 
0004 0009 1665887163361736 -17.0625 -72.0 4.338097668140593 0 
0004 0011 1665887163362705 -8.9375 -63.5 3.2459033471660166 0 
0004 0002 1665887163365295 -82.1875 -72.5 4.246058820867455 0 
0004 0008 1665887163366235 -48.0 -67.5 0.5092816215780329 0 
0004 0004 1665887163464536 -21.9375 -59.0 4.037437433715008 0 
0004 0005 1665887163465448 43.125 -58.5 4.522175362686871 0 
0004 0007 1665887163467200 117.125 -67.5 1.2026409377023426 0 
0004 0011 1665887163468127 -65.0625 -63.5 3.3011266555298997 0 
0004 0014 1665887163469081 -30.0625 -56.5 5.6941366846315 0 
0004 0010 1665887163470456 4.0625 -63.0 6.031612457966341 0 
0004 0015 1665887163471370 -43.125 -64.0 5.939573610693203 0 
0004 0002 1665887163472747 8.9375 -71.0 4.184699589352029 0 
0004 0013 1665887163474412 -52.0625 -61.0 1.7548740213411735 0 
0004 0008 1665887163479487 48.0 -68.0 0.5460971604872883 0 
0004 0009 1665887163480500 -21.9375 -71.5 4.246058820867455 0 
0004 0004 1665887163577123 -43.125 -59.0 4.074252972624263 0 
0004 0013 1665887163578914 -30.0625 -61.0 1.6935147898257479 0 
0004 0011 1665887163580257 0.0 -63.0 3.215223731408304 0 
0004 0014 1665887163581669 -43.125 -57.0 5.737088146692298 0 
0004 0015 1665887163582839 -186.3125 -64.0 6.19728238305799 0 
0004 0010 1665887163584045 -8.9375 -62.0 5.994796919057086 0 
0004 0005 1665887163585328 -34.9375 -58.5 4.626486056263094 0 
0004 0007 1665887163586271 147.25 -68.0 1.1228739367322893 0 
0004 0009 1665887163591412 43.125 -72.5 4.111068511533518 0 
0004 0008 1665887163593875 204.25 -67.5 0.25157284921324513 0 
0004 0002 1665887163595378 -4.0625 -72.5 4.252194744018997 0 
0004 0005 1665887163693330 -26.0 -58.5 4.595806440505381 0 
0004 0015 1665887163694483 21.9375 -64.5 5.884350302329319 0 
0004 0014 1665887163695863 -48.0 -56.5 5.71868037723767 0 
0004 0011 1665887163697313 -17.0625 -63.5 3.2581751934691017 0 
0004 0013 1665887163698942 0.0 -61.0 1.6321555583103222 0 
0004 0004 1665887163700400 -39.0 -59.0 4.086524818927348 0 
0004 0009 1665887163702365 -260.375 -71.5 4.546719055293041 0 
0004 0010 1665887163703303 -56.125 -62.5 6.056156150572511 0 
0004 0007 1665887163704727 56.125 -68.5 1.1351457830353744 0 
0004 0008 1665887163707455 104.125 -68.0 0.4540583132141498 0 
0004 0002 1665887163713367 -156.1875 -72.5 4.3503695144436785 0 
0004 0015 1665887163813305 -8.9375 -64.5 5.915029918087033 0 
0004 0009 1665887163814421 -169.25 -72.5 4.442408361716817 0 
0004 0005 1665887163816678 30.0625 -58.5 4.565126824747668 0 
0004 0004 1665887163817633 -17.0625 -59.0 4.037437433715008 0 
0004 0010 1665887163819878 -17.0625 -63.0 5.988660995905543 0 
0004 0013 1665887163820804 -87.0625 -60.5 1.761009944492716 0 
0004 0002 1665887163822197 65.0625 -73.0 4.190835512503572 0 
0004 0014 1665887163823405 21.9375 -56.5 5.651185222570702 0 
0004 0011 1665887163824662 -95.1875 -63.0 3.3440781175906977 0 
0004 0007 1665887163825801 61.0 -67.0 1.2885438618239387 0 
0004 0008 1665887163827323 117.125 -68.0 0.4908738521234052 0 
0004 0004 1665887163924350 -130.1875 -59.0 4.184699589352029 0 
0004 0011 1665887163925714 -17.0625 -63.5 3.2704470397721868 0 
0004 0014 1665887163927690 8.9375 -56.5 5.6573211457222445 0 
0004 0007 1665887163928804 -52.0625 -68.5 1.3008157081270237 0 
0004 0013 1665887163929995 17.0625 -61.0 1.6321555583103222 0 
0004 0005 1665887163931601 13.0 -58.5 4.552854978444583 0 
0004 0015 1665887163932485 95.1875 -64.5 5.8045833013592665 0 
0004 0009 1665887163933908 -95.1875 -70.0 4.331961744989051 0 
0004 0002 1665887163936198 126.125 -71.5 4.221515128261284 0 
0004 0008 1665887163937433 -87.0625 -69.5 0.7301748550335652 0 
0004 0010 1665887163938342 -13.0 -62.0 6.031612457966341 0 
0004 0008 1665887164048666 65.0625 -68.0 0.5092816215780329 0 
0004 0009 1665887164051778 -74.0 -71.0 4.442408361716817 0 
0004 0005 1665887164053549 0.0 -58.5 4.583534594202296 0 
0004 0011 1665887164055277 -34.9375 -63.5 3.2827188860752723 0 
0004 0014 1665887164056682 -30.0625 -57.0 5.700272607783043 0 
0004 0004 1665887164057833 -13.0 -59.0 4.06811704947272 0 
0004 0013 1665887164058985 -21.9375 -61.0 1.6382914814618648 0 
0004 0010 1665887164060065 -8.9375 -62.0 6.043884304269426 0 
0004 0015 1665887164061249 61.0 -64.5 5.841398840268521 0 
0004 0002 1665887164063633 450.0 -71.5 3.9760782021995817 0 
0004 0007 1665887164064560 -82.1875 -68.5 1.4664856332186729 0 
0004 0009 1665887164161361 -156.1875 -72.0 4.638757902566179 0 
0004 0013 1665887164164342 48.0 -61.0 1.6137477888556946 0 
0004 0005 1665887164165227 -61.0 -59.0 4.632621979414636 0 
0004 0014 1665887164166155 -52.0625 -56.5 5.737088146692298 0 
0004 0015 1665887164167054 -52.0625 -64.0 5.93343768754166 0 
0004 0011 1665887164167951 -34.9375 -63.0 3.2643111166206444 0 
0004 0010 1665887164168845 -17.0625 -63.0 6.013204688511713 0 
0004 0004 1665887164171203 -21.9375 -58.5 4.104932588381976 0 
0004 0008 1665887164173871 26.0 -68.5 0.6442719309119693 0 
0004 0007 1665887164177982 -34.9375 -68.0 1.2762720155208536 0 
0004 0002 1665887164179687 56.125 -72.0 4.28287435977671 0 
0004 0008 1665887164278825 -100.0625 -69.5 0.6688156235181395 0 
0004 0014 1665887164281029 -69.125 -57.0 5.749359992995383 0 
0004 0013 1665887164283084 39.0 -60.5 1.564660403643354 0 
0004 0005 1665887164284022 -8.9375 -59.0 4.595806440505381 0 
0004 0007 1665887164284951 69.125 -68.0 1.227184630308513 0 
0004 0015 1665887164286117 17.0625 -64.5 5.859806609723149 0 
0004 0010 1665887164287038 0.0 -62.5 6.056156150572511 0 
0004 0004 1665887164287984 -39.0 -59.0 4.074252972624263 0 
0004 0011 1665887164289224 -43.125 -62.5 3.2704470397721868 0 
0004 0009 1665887164291273 152.125 -70.0 4.111068511533518 0 
0004 0002 1665887164292552 100.0625 -71.0 4.424000592262189 0 
0004 0008 1665887164390563 8.9375 -67.5 0.6135923151542565 0 
0004 0013 1665887164391714 8.9375 -61.0 1.6014759425526093 0 
0004 0014 1665887164393949 -34.9375 -57.0 5.730952223540755 0 
0004 0004 1665887164394818 -30.0625 -59.0 4.086524818927348 0 
0004 0007 1665887164395972 -30.0625 -69.0 1.3192234775816514 0 
0004 0015 1665887164397327 -48.0 -64.5 5.945709533844745 0 
0004 0010 1665887164398547 17.0625 -62.5 6.031612457966341 0 
0004 0002 1665887164399473 -91.125 -71.5 4.270602513473625 0 
0004 0011 1665887164400386 -78.0625 -63.0 3.3379421944391554 0 
0004 0005 1665887164401565 -21.9375 -59.0 4.626486056263094 0 
0004 0009 1665887164405876 82.1875 -72.0 4.28287435977671 0 
0004 0013 1665887164502436 -39.0 -60.5 1.6812429435226628 0 
0004 0005 1665887164503597 0.0 -58.5 4.595806440505381 0 
0004 0011 1665887164505209 -61.0 -63.5 3.3379421944391554 0 
0004 0008 1665887164506377 195.25 -68.5 0.28838838812250056 0 
0004 0010 1665887164507284 -8.9375 -62.5 6.0991076126333095 0 
0004 0015 1665887164508185 -48.0 -64.5 5.994796919057086 0 
0004 0004 1665887164509819 13.0 -59.0 4.074252972624263 0 
0004 0007 1665887164510989 78.0625 -69.5 1.282407938672396 0 
0004 0014 1665887164514807 -43.125 -57.0 5.706408530934585 0 
0004 0002 1665887164517693 -186.3125 -72.0 4.651029748869264 0 
0004 0009 1665887164519717 -147.25 -71.5 4.491495746929157 0 
0004 0007 1665887164617318 -43.125 -67.5 1.3130875544301088 0 
0004 0004 1665887164619808 -65.0625 -59.5 4.135612204139688 0 
0004 0005 1665887164620719 -91.125 -58.5 4.718524903536232 0 
0004 0010 1665887164621911 8.9375 -62.5 6.068427996875596 0 
0004 0009 1665887164622872 -316.5 -71.0 4.718524903536232 0 
0004 0015 1665887164623811 -26.0 -64.5 5.9518454569962875 0 
0004 0013 1665887164625484 43.125 -60.5 1.5707963267948966 0 
0004 0014 1665887164626410 -8.9375 -57.0 5.700272607783043 0 
0004 0011 1665887164628031 4.0625 -63.5 3.2765829629237295 0 
0004 0008 1665887164629044 -65.0625 -68.5 0.7915340865489908 0 
0004 0002 1665887164630408 52.0625 -71.0 4.319689898685965 0 
0004 0013 1665887164740857 0.0 -61.0 1.6382914814618648 0 
0004 0011 1665887164741716 17.0625 -63.5 3.2765829629237295 0 
0004 0009 1665887164743100 -52.0625 -71.5 4.448544284868359 0 
0004 0010 1665887164743993 21.9375 -63.0 6.068427996875596 0 
0004 0004 1665887164744917 -4.0625 -59.0 4.0987966652304335 0 
0004 0005 1665887164746058 -26.0 -59.0 4.632621979414636 0 
0004 0014 1665887164747238 -4.0625 -56.5 5.688000761479957 0 
0004 0008 1665887164749116 -117.125 -68.5 0.7731263170943632 0 
0004 0015 1665887164750157 52.0625 -64.5 5.884350302329319 0 
0004 0002 1665887164752372 -91.125 -71.5 4.638757902566179 0 
0004 0007 1665887164753272 156.1875 -68.0 1.1290098598838318 0 
0004 0014 1665887164867666 -69.125 -56.5 5.7616318392984684 0 
0004 0013 1665887164869911 30.0625 -61.0 1.6566992509164924 0 
0004 0011 1665887164871059 0.0 -63.5 3.2459033471660166 0 
0004 0010 1665887164871930 17.0625 -63.0 6.1420590746941075 0 
0004 0005 1665887164873525 -78.0625 -58.5 4.663301595172349 0 
0004 0009 1665887164874468 290.5 -72.0 4.2092432819582 0 
0004 0002 1665887164876127 121.25 -72.5 4.196971435655114 0 
0004 0004 1665887164877053 -61.0 -59.0 4.1172044346850605 0 
0004 0008 1665887164878558 -13.0 -69.0 0.6810874698212247 0 
0004 0007 1665887164879443 61.0 -68.0 1.2333205534600555 0 
0004 0015 1665887164880648 43.125 -65.0 5.773903685601553 0 
0004 0002 1665887164981516 130.1875 -72.0 4.178563666200486 0 
0004 0009 1665887164982447 130.1875 -72.0 4.319689898685965 0 
0004 0004 1665887164983839 -4.0625 -59.0 4.0987966652304335 0 
0004 0007 1665887164985235 82.1875 -68.0 1.1535535524900022 0 
0004 0015 1665887164986374 26.0 -64.5 5.921165841238575 0 
0004 0005 1665887164987583 -8.9375 -59.0 4.595806440505381 0 
0004 0011 1665887164988540 -34.9375 -63.5 3.3011266555298997 0 
0004 0014 1665887164989439 -48.0 -56.5 5.780039608753096 0 
0004 0008 1665887164990348 4.0625 -67.5 0.5890486225480862 0 
0004 0013 1665887164992109 34.9375 -61.0 1.6260196351587797 0 
0004 0010 1665887164993362 61.0 -63.5 6.007068765360171 0 
