0004 0010 1665887185759622 -4.0625 -62.0 6.037748381117884 0 
0004 0008 1665887185762111 52.0625 -68.0 0.4172427743048944 0 
0004 0014 1665887185763007 8.9375 -57.0 5.620505606812989 0 
0004 0004 1665887185764375 -30.0625 -60.0 4.037437433715008 0 
0004 0007 1665887185765769 82.1875 -68.0 0.9572040116406401 0 
0004 0009 1665887185766699 -191.1875 -71.5 4.485359823777615 0 
0004 0011 1665887185767566 -8.9375 -63.5 3.0127382674073995 0 
0004 0002 1665887185768465 -217.25 -73.0 4.902602598082509 0 
0004 0013 1665887185769616 -65.0625 -61.0 1.748738098189631 0 
0004 0005 1665887185771906 52.0625 -58.5 4.491495746929157 0 
0004 0015 1665887185773400 61.0 -64.0 5.712544454086128 0 
0004 0002 1665887185870754 -402.8125 -72.0 4.743068596142402 0 
0004 0008 1665887185872117 26.0 -67.5 0.5031456984264903 0 
0004 0011 1665887185873722 -13.0 -63.5 3.0066023442558567 0 
0004 0014 1665887185874607 -13.0 -57.0 5.620505606812989 0 
0004 0010 1665887185875774 -34.9375 -61.0 6.074563920027139 0 
0004 0013 1665887185878117 65.0625 -61.0 1.607611865704152 0 
0004 0004 1665887185879001 -48.0 -59.5 4.031301510563465 0 
0004 0007 1665887185881331 74.0 -69.0 1.0246991663076084 0 
0004 0005 1665887185882470 -26.0 -58.5 4.522175362686871 0 
0004 0015 1665887185885811 -26.0 -64.0 5.878214379177777 0 
0004 0009 1665887185887624 130.1875 -71.0 4.06811704947272 0 
0004 0006 1665887185974609 -2.4375 -73.5 0.0674951546669682 0 
0004 0005 1665887185992035 -17.0625 -58.5 4.4976316700806995 0 
0004 0008 1665887185994502 48.0 -68.5 0.39269908169872414 0 
0004 0015 1665887185996282 39.0 -65.0 5.749359992995383 0 
0004 0010 1665887185997625 0.0 -61.5 6.007068765360171 0 
0004 0011 1665887185998570 -21.9375 -63.5 3.0250101137104846 0 
0004 0014 1665887185999482 -30.0625 -57.0 5.64504929941916 0 
0004 0013 1665887186000378 -13.0 -61.5 1.705786636128833 0 
0004 0004 1665887186001434 -39.0 -59.5 4.0128937411088375 0 
0004 0007 1665887186003152 69.125 -68.5 1.055378782065321 0 
0004 0002 1665887186005349 -122.875 -71.5 4.552854978444583 0 
0004 0009 1665887186006249 -117.125 -72.0 4.313553975534423 0 
0004 0006 1665887186127545 0.1875 -73.5 6.252505691421874 0 
0004 0011 1665887186134048 21.9375 -63.5 2.9513790358919736 0 
0004 0013 1665887186136251 56.125 -61.5 1.5953400194010667 0 
0004 0009 1665887186137137 -13.0 -71.5 4.1172044346850605 0 
0004 0010 1665887186138091 61.0 -62.0 5.976389149602458 0 
0004 0008 1665887186139058 56.125 -68.0 0.3865631585471816 0 
0004 0002 1665887186140720 165.1875 -69.5 4.04357335686655 0 
0004 0004 1665887186141659 -100.0625 -60.0 4.04357335686655 0 
0004 0005 1665887186143265 -34.9375 -59.0 4.4976316700806995 0 
0004 0015 1665887186144164 -61.0 -64.5 5.878214379177777 0 
0004 0014 1665887186145415 17.0625 -57.0 5.602097837358362 0 
0004 0007 1665887186147197 -108.1875 -69.0 1.2333205534600555 0 
0004 0006 1665887186216259 2.1875 -73.5 0.0 0 
0004 0002 1665887186263246 -78.0625 -71.0 4.387185053352934 0 
0004 0013 1665887186264663 -8.9375 -61.5 1.6751070203711202 0 
0004 0015 1665887186265565 -43.125 -64.5 5.896622148632405 0 
0004 0004 1665887186266704 -74.0 -60.0 3.988350048502667 0 
0004 0014 1665887186267618 -43.125 -57.0 5.681864838328415 0 
0004 0009 1665887186268634 -104.125 -71.0 4.1417481272912315 0 
0004 0005 1665887186269545 -39.0 -58.5 4.516039439535327 0 
0004 0010 1665887186270716 0.0 -62.5 5.970253226450915 0 
0004 0008 1665887186272482 -69.125 -67.0 0.4908738521234052 0 
0004 0007 1665887186273777 30.0625 -67.0 1.0983302441261191 0 
0004 0011 1665887186274660 69.125 -63.5 2.9697868053466014 0 
0004 0011 1665887186372834 30.0625 -63.5 3.0372819600135696 0 
0004 0014 1665887186373972 -17.0625 -57.0 5.620505606812989 0 
0004 0013 1665887186375743 -21.9375 -61.0 1.6935147898257479 0 
0004 0005 1665887186376895 30.0625 -58.5 4.405592822807561 0 
0004 0002 1665887186377736 -108.1875 -72.0 4.4362724385652745 0 
0004 0010 1665887186379636 -39.0 -62.5 6.074563920027139 0 
0004 0004 1665887186380592 21.9375 -60.0 3.890175278077986 0 
0004 0007 1665887186383039 65.0625 -67.5 1.000155473701438 0 
0004 0008 1665887186385125 8.9375 -68.0 0.37429131224409645 0 
0004 0015 1665887186386308 48.0 -65.0 5.712544454086128 0 
0004 0009 1665887186387978 78.0625 -72.0 4.172427743048944 0 
0004 0004 1665887186500319 -48.0 -59.5 3.9576704327449543 0 
0004 0014 1665887186501656 -61.0 -57.0 5.688000761479957 0 
0004 0007 1665887186503150 -4.0625 -67.0 1.0615147052168636 0 
0004 0010 1665887186504616 108.1875 -62.5 5.859806609723149 0 
0004 0015 1665887186506280 121.25 -64.5 5.663457068873787 0 
0004 0005 1665887186507175 8.9375 -58.5 4.424000592262189 0 
0004 0013 1665887186508059 65.0625 -61.0 1.564660403643354 0 
0004 0011 1665887186509935 -13.0 -63.5 3.0066023442558567 0 
0004 0008 1665887186510888 21.9375 -67.5 0.34974761963792617 0 
0004 0002 1665887186518330 166.0 -71.5 4.147884050442774 0 
0004 0009 1665887186519259 126.125 -72.0 4.025165587411922 0 
0004 0015 1665887186627240 61.0 -64.5 5.675728915176872 0 
0004 0007 1665887186628593 95.1875 -67.5 0.9203884727313847 0 
0004 0010 1665887186629448 -48.0 -62.0 5.994796919057086 0 
0004 0005 1665887186630644 -74.0 -58.5 4.516039439535327 0 
0004 0002 1665887186631825 -198.5625 -69.5 4.466952054322987 0 
0004 0013 1665887186633045 78.0625 -61.0 1.5953400194010667 0 
0004 0014 1665887186634652 -48.0 -56.5 5.6573211457222445 0 
0004 0008 1665887186635803 -34.9375 -67.0 0.46019423636569234 0 
0004 0011 1665887186638912 -48.0 -62.5 3.067961575771282 0 
0004 0004 1665887186640123 -61.0 -59.0 3.9822141253511245 0 
0004 0009 1665887186643521 -143.1875 -72.5 4.289010282928253 0 
0004 0006 1665887186743184 -2.875 -73.5 6.178874613603362 0 
0004 0002 1665887186764613 -269.3125 -71.5 4.749204519293945 0 
0004 0011 1665887186766433 30.0625 -63.0 2.945243112740431 0 
0004 0008 1665887186767585 -61.0 -68.5 0.5706408530934585 0 
0004 0005 1665887186768738 -30.0625 -59.0 4.4362724385652745 0 
0004 0010 1665887186770642 -34.9375 -62.0 5.988660995905543 0 
0004 0013 1665887186771778 -13.0 -61.0 1.7119225592803755 0 
0004 0014 1665887186772664 -56.125 -57.0 5.638913376267617 0 
0004 0015 1665887186773805 -52.0625 -64.5 5.8475347634200645 0 
0004 0004 1665887186775554 -30.0625 -59.5 3.9453985864418692 0 
0004 0007 1665887186776820 13.0 -67.5 0.944932165337555 0 
0004 0009 1665887186779460 13.0 -70.5 4.1417481272912315 0 
0004 0006 1665887186877161 0.4375 -73.5 6.215690152512618 0 
0004 0008 1665887186894138 251.4375 -68.0 0.1595340019401067 0 
0004 0005 1665887186896878 17.0625 -58.5 4.374913207049849 0 
0004 0010 1665887186897776 -48.0 -62.5 5.988660995905543 0 
0004 0014 1665887186898688 -21.9375 -57.0 5.608233760509904 0 
0004 0011 1665887186900366 -95.1875 -63.0 3.098641191528995 0 
0004 0013 1665887186901220 -95.1875 -61.5 1.7426021750380885 0 
0004 0004 1665887186902146 -17.0625 -59.5 3.933126740138784 0 
0004 0009 1665887186903034 -143.1875 -71.5 4.417864669110647 0 
0004 0015 1665887186904002 34.9375 -63.5 5.737088146692298 0 
0004 0007 1665887186905198 8.9375 -68.0 1.0185632431560658 0 
0004 0002 1665887186908183 -104.125 -71.0 4.430136515413731 0 
0004 0006 1665887187003328 -2.625 -73.5 6.227961998815704 0 
0004 0015 1665887187015865 -65.0625 -64.5 5.872078456026235 0 
0004 0008 1665887187017058 -48.0 -68.5 0.4295146206079795 0 
0004 0014 1665887187019773 43.125 -57.0 5.565282298449106 0 
0004 0005 1665887187021267 13.0 -58.5 4.430136515413731 0 
0004 0013 1665887187022405 -61.0 -61.0 1.7426021750380885 0 
0004 0010 1665887187023557 52.0625 -63.0 5.872078456026235 0 
0004 0009 1665887187024512 -21.9375 -72.5 4.166291819897402 0 
0004 0011 1665887187025394 8.9375 -63.0 2.9943304979527716 0 
0004 0004 1665887187026307 -21.9375 -60.0 3.9515345095934116 0 
0004 0007 1665887187029582 21.9375 -67.5 1.030835089459151 0 
0004 0002 1665887187030621 113.875 -71.5 4.104932588381976 0 
0004 0006 1665887187110098 0.1875 -73.5 6.191146459906448 0 
0004 0005 1665887187136238 21.9375 -58.5 4.417864669110647 0 
0004 0015 1665887187138254 0.0 -65.0 5.792311455056181 0 
0004 0008 1665887187139140 -13.0 -67.0 0.4356505437595221 0 
0004 0011 1665887187141493 -21.9375 -63.0 2.9943304979527716 0 
0004 0004 1665887187142392 -34.9375 -59.0 3.9699422790480394 0 
0004 0009 1665887187143307 -152.125 -72.0 4.368777283898306 0 
0004 0014 1665887187144190 -48.0 -57.0 5.651185222570702 0 
0004 0002 1665887187145117 -130.1875 -71.0 4.368777283898306 0 
0004 0010 1665887187145981 -13.0 -62.5 5.9088939949354895 0 
0004 0007 1665887187146896 147.25 -67.0 0.944932165337555 0 
0004 0013 1665887187147976 30.0625 -61.5 1.5892040962495242 0 
0004 0006 1665887187223036 1.125 -73.5 6.22182607566416 0 
0004 0015 1665887187255021 -61.0 -64.0 5.8475347634200645 0 
0004 0008 1665887187256368 61.0 -67.5 0.28838838812250056 0 
0004 0014 1665887187257536 -21.9375 -57.0 5.595961914206819 0 
0004 0010 1665887187258647 -39.0 -62.0 5.9518454569962875 0 
0004 0011 1665887187259539 0.0 -63.0 3.018874190558942 0 
0004 0005 1665887187261474 -17.0625 -59.0 4.460816131171445 0 
0004 0004 1665887187262401 -17.0625 -60.0 3.9453985864418692 0 
0004 0013 1665887187263299 52.0625 -61.5 1.6382914814618648 0 
0004 0007 1665887187264649 -13.0 -68.5 1.0676506283684062 0 
0004 0009 1665887187266879 113.0625 -72.5 3.859495662320273 0 
0004 0002 1665887187267834 156.1875 -71.0 4.031301510563465 0 
0004 0006 1665887187367439 -0.1875 -73.5 6.258641614573416 0 
0004 0009 1665887187380509 87.0625 -72.0 4.135612204139688 0 
0004 0010 1665887187382143 -56.125 -61.0 5.939573610693203 0 
0004 0013 1665887187382999 -61.0 -61.0 1.718058482431918 0 
0004 0005 1665887187383910 26.0 -58.5 4.387185053352934 0 
0004 0004 1665887187385062 -17.0625 -59.5 3.9208548938356986 0 
0004 0008 1665887187386245 -186.3125 -67.5 0.5583690067903734 0 
0004 0015 1665887187389326 21.9375 -64.5 5.749359992995383 0 
0004 0014 1665887187391411 -4.0625 -57.0 5.608233760509904 0 
0004 0007 1665887187393501 -13.0 -67.5 1.141281706186917 0 
0004 0011 1665887187394669 34.9375 -64.0 2.9022916506796332 0 
0004 0002 1665887187397552 17.0625 -69.5 4.344233591292136 0 
0004 0006 1665887187483051 0.4375 -73.5 0.02454369260617026 0 
0004 0015 1665887187502384 -169.25 -63.5 5.915029918087033 0 
0004 0013 1665887187503730 -8.9375 -61.0 1.6382914814618648 0 
0004 0004 1665887187504886 -34.9375 -59.5 3.9392626632903265 0 
0004 0007 1665887187505799 48.0 -67.5 0.9203884727313847 0 
0004 0011 1665887187507179 -65.0625 -63.0 3.067961575771282 0 
0004 0008 1665887187508074 117.125 -69.0 0.30066023442558565 0 
0004 0005 1665887187509693 -13.0 -58.5 4.4362724385652745 0 
0004 0009 1665887187513065 117.125 -71.5 3.9453985864418692 0 
0004 0014 1665887187515448 -8.9375 -57.0 5.602097837358362 0 
0004 0010 1665887187517466 -8.9375 -61.5 5.93343768754166 0 
0004 0002 1665887187520708 38.1875 -71.0 4.031301510563465 0 
0004 0006 1665887187621205 1.75 -73.5 6.270913460876501 0 
0004 0013 1665887187629925 0.0 -61.0 1.607611865704152 0 
0004 0009 1665887187631102 -117.125 -71.5 3.9576704327449543 0 
0004 0010 1665887187632238 -43.125 -62.0 6.007068765360171 0 
0004 0004 1665887187634143 21.9375 -59.5 3.890175278077986 0 
0004 0014 1665887187636050 -13.0 -57.0 5.651185222570702 0 
0004 0011 1665887187637022 -108.1875 -62.5 3.104777114680538 0 
0004 0007 1665887187637978 -104.125 -68.0 1.1228739367322893 0 
0004 0015 1665887187639797 26.0 -64.0 5.786175531904639 0 
0004 0002 1665887187641685 -126.125 -71.5 4.368777283898306 0 
0004 0005 1665887187642863 -4.0625 -58.5 4.4362724385652745 0 
0004 0008 1665887187645732 43.125 -69.0 0.32520392703175593 0 
0004 0006 1665887187743598 1.25 -73.5 0.01227184630308513 0 
0004 0010 1665887187751902 -26.0 -61.5 5.976389149602458 0 
0004 0004 1665887187754149 -56.125 -59.5 3.9760782021995817 0 
0004 0011 1665887187755076 -121.25 -63.0 3.11091303783208 0 
0004 0013 1665887187755985 17.0625 -61.0 1.6198837120072371 0 
0004 0009 1665887187757683 -52.0625 -72.5 3.80427235395639 0 
0004 0014 1665887187759132 0.0 -57.0 5.5714182216006485 0 
0004 0005 1665887187760061 -21.9375 -58.5 4.466952054322987 0 
0004 0015 1665887187763023 -21.9375 -64.0 5.767767762450011 0 
0004 0008 1665887187765449 -26.0 -67.0 0.4172427743048944 0 
0004 0007 1665887187766631 61.0 -68.0 1.0246991663076084 0 
0004 0002 1665887187767910 -66.6875 -70.5 4.227651051412827 0 
0004 0006 1665887187871204 0.0 -73.5 0.06135923151542565 0 
0004 0011 1665887187878043 65.0625 -63.0 2.9145634969827183 0 
0004 0002 1665887187879494 178.1875 -72.0 4.264466590322082 0 
0004 0015 1665887187881244 82.1875 -64.5 5.767767762450011 0 
0004 0010 1665887187882380 78.0625 -62.0 5.835262917116979 0 
0004 0013 1665887187883813 -4.0625 -60.5 1.5830681730979816 0 
0004 0014 1665887187884726 -4.0625 -57.0 5.620505606812989 0 
0004 0005 1665887187886177 -39.0 -58.5 4.528311285838413 0 
0004 0009 1665887187887389 -43.125 -71.0 3.9085830475326135 0 
0004 0004 1665887187888513 -34.9375 -59.5 3.9822141253511245 0 
0004 0007 1665887187889666 21.9375 -68.0 0.9756117810952678 0 
0004 0008 1665887187890649 -95.1875 -68.0 0.4908738521234052 0 
0004 0006 1665887187985579 -1.75 -73.5 0.09203884727313846 0 
0004 0015 1665887188000082 13.0 -65.0 5.822991070813893 0 
0004 0013 1665887188001729 8.9375 -61.0 1.6014759425526093 0 
0004 0008 1665887188002853 147.25 -69.0 0.23930100291016002 0 
0004 0005 1665887188003835 13.0 -58.5 4.430136515413731 0 
0004 0010 1665887188005242 82.1875 -61.5 5.8659425328746915 0 
0004 0002 1665887188007058 -82.1875 -71.0 4.313553975534423 0 
0004 0011 1665887188009175 26.0 -63.5 2.9697868053466014 0 
0004 0014 1665887188011321 -43.125 -57.0 5.651185222570702 0 
0004 0004 1665887188012528 -13.0 -59.5 3.9269908169872414 0 
0004 0007 1665887188015613 152.125 -68.0 0.9572040116406401 0 
0004 0009 1665887188018081 -316.5 -72.0 4.362641360746763 0 
0004 0006 1665887188085171 -0.625 -73.5 6.22182607566416 0 
0004 0002 1665887188129058 -165.1875 -72.0 4.565126824747668 0 
0004 0014 1665887188130222 -21.9375 -57.0 5.64504929941916 0 
0004 0013 1665887188132453 -74.0 -61.0 1.7303303287350031 0 
0004 0015 1665887188133351 74.0 -64.5 5.71868037723767 0 
0004 0008 1665887188134488 -69.125 -68.5 0.5460971604872883 0 
0004 0011 1665887188135414 30.0625 -63.5 2.9513790358919736 0 
0004 0004 1665887188136298 -26.0 -59.5 3.933126740138784 0 
0004 0005 1665887188137193 -8.9375 -58.5 4.4362724385652745 0 
0004 0010 1665887188138573 -17.0625 -61.5 5.976389149602458 0 
0004 0009 1665887188140370 -26.0 -72.0 3.77972866135022 0 
0004 0007 1665887188141710 -260.375 -68.5 1.3437671701878218 0 
0004 0006 1665887188230837 -2.625 -73.5 0.03681553890925539 0 
0004 0013 1665887188250693 17.0625 -61.5 1.6137477888556946 0 
0004 0011 1665887188251577 -82.1875 -63.0 3.0372819600135696 0 
0004 0008 1665887188254378 65.0625 -68.5 0.2638446955163303 0 
0004 0007 1665887188255345 8.9375 -68.0 1.0246991663076084 0 
0004 0014 1665887188256303 -34.9375 -57.0 5.681864838328415 0 
0004 0005 1665887188257213 -8.9375 -58.5 4.4362724385652745 0 
0004 0015 1665887188258819 -48.0 -64.5 5.9518454569962875 0 
0004 0009 1665887188260558 334.4375 -74.0 3.6570101983193686 0 
0004 0004 1665887188261481 -17.0625 -59.5 3.9453985864418692 0 
0004 0010 1665887188262535 -95.1875 -62.0 6.031612457966341 0 
0004 0002 1665887188263590 -170.875 -71.5 4.479223900626073 0 
0004 0006 1665887188339539 3.6875 -73.5 6.1850105367549055 0 
0004 0005 1665887188368700 -74.0 -58.5 4.546719055293041 0 
0004 0014 1665887188370066 13.0 -57.0 5.595961914206819 0 
0004 0004 1665887188371491 -34.9375 -59.0 3.9699422790480394 0 
0004 0008 1665887188376037 -56.125 -69.5 0.4356505437595221 0 
0004 0010 1665887188376935 48.0 -61.5 5.884350302329319 0 
0004 0013 1665887188378313 17.0625 -61.0 1.576932249946439 0 
0004 0015 1665887188379452 34.9375 -64.5 5.737088146692298 0 
0004 0009 1665887188380308 -4.0625 -71.5 3.8840393549264434 0 
0004 0011 1665887188381801 26.0 -63.5 2.8961557275280905 0 
0004 0007 1665887188383860 -173.3125 -68.5 1.227184630308513 0 
0004 0002 1665887188387221 308.375 -72.0 3.8410878928656453 0 
0004 0006 1665887188463335 -0.625 -73.5 0.04908738521234052 0 
0004 0011 1665887188492307 -26.0 -63.0 2.9697868053466014 0 
0004 0004 1665887188493445 -34.9375 -59.0 3.933126740138784 0 
0004 0010 1665887188496154 13.0 -61.5 5.945709533844745 0 
0004 0015 1665887188497280 21.9375 -65.0 5.822991070813893 0 
0004 0002 1665887188505375 -95.1875 -71.5 4.387185053352934 0 
0004 0014 1665887188506272 -17.0625 -57.0 5.608233760509904 0 
0004 0013 1665887188507212 -17.0625 -61.0 1.6260196351587797 0 
0004 0008 1665887188508379 34.9375 -68.0 0.35588354278946877 0 
0004 0009 1665887188510053 -78.0625 -72.0 4.080388895775806 0 
0004 0007 1665887188510952 69.125 -68.0 0.9633399347921826 0 
0004 0005 1665887188511805 -39.0 -58.5 4.454680208019902 0 
0004 0006 1665887188600144 -0.4375 -73.5 0.01227184630308513 0 
0004 0004 1665887188628131 -4.0625 -59.0 3.9392626632903265 0 
0004 0007 1665887188629032 -52.0625 -68.5 1.1719613219446299 0 
0004 0009 1665887188630201 -95.1875 -71.5 4.09266074207889 0 
0004 0005 1665887188631642 -78.0625 -58.5 4.4976316700806995 0 
0004 0013 1665887188632551 -21.9375 -60.5 1.6260196351587797 0 
0004 0011 1665887188634212 -21.9375 -63.0 2.988194574801229 0 
0004 0002 1665887188635095 184.6875 -70.5 4.025165587411922 0 
0004 0008 1665887188637236 4.0625 -68.5 0.5031456984264903 0 
0004 0010 1665887188638204 13.0 -62.0 5.93343768754166 0 
0004 0014 1665887188640294 -13.0 -57.5 5.595961914206819 0 
0004 0015 1665887188642795 -21.9375 -64.5 5.816855147662351 0 
0004 0006 1665887188725526 -4.1875 -73.5 0.03681553890925539 0 
0004 0009 1665887188753123 -56.125 -72.5 4.080388895775806 0 
0004 0011 1665887188754686 -48.0 -63.0 2.9636508821950587 0 
0004 0013 1665887188755581 -8.9375 -61.0 1.6014759425526093 0 
0004 0008 1665887188756707 108.1875 -67.5 0.32520392703175593 0 
0004 0004 1665887188757662 -26.0 -59.5 3.9576704327449543 0 
0004 0014 1665887188758589 -34.9375 -57.0 5.64504929941916 0 
0004 0005 1665887188759431 52.0625 -58.0 4.374913207049849 0 
0004 0007 1665887188760472 34.9375 -67.0 0.9081166264282996 0 
0004 0015 1665887188761413 -69.125 -64.0 5.829126993965437 0 
0004 0010 1665887188762551 -95.1875 -61.5 6.013204688511713 0 
0004 0002 1665887188764283 198.5625 -71.5 4.080388895775806 0 
0004 0006 1665887188826407 -5.5625 -73.5 6.234097921967246 0 
0004 0005 1665887188867653 -39.0 -58.0 4.4362724385652745 0 
0004 0013 1665887188868564 56.125 -61.0 1.5585244804918115 0 
0004 0014 1665887188869718 -39.0 -57.0 5.626641529964532 0 
0004 0009 1665887188873304 17.0625 -71.5 4.356505437595221 0 
0004 0010 1665887188874482 8.9375 -62.0 5.9518454569962875 0 
0004 0015 1665887188876258 74.0 -64.5 5.638913376267617 0 
0004 0011 1665887188877694 21.9375 -63.0 2.9084275738311756 0 
0004 0007 1665887188878578 4.0625 -67.5 0.9940195505498954 0 
0004 0004 1665887188879930 -8.9375 -59.0 3.9269908169872414 0 
0004 0002 1665887188881214 160.3125 -70.5 4.104932588381976 0 
0004 0008 1665887188882094 65.0625 -68.5 0.3190680038802134 0 
0004 0006 1665887188975318 4.1875 -74.0 6.086835766330224 0 
0004 0008 1665887188989848 17.0625 -68.5 0.4540583132141498 0 
0004 0004 1665887188992703 -34.9375 -59.5 3.9392626632903265 0 
0004 0010 1665887188994466 -65.0625 -62.0 6.080699843178682 0 
0004 0009 1665887188997232 56.125 -72.5 4.06811704947272 0 
0004 0005 1665887188998981 8.9375 -58.0 4.4362724385652745 0 
0004 0014 1665887188999893 -8.9375 -57.0 5.589825991055276 0 
0004 0015 1665887189001075 -17.0625 -64.5 5.767767762450011 0 
0004 0013 1665887189001986 26.0 -61.0 1.5830681730979816 0 
0004 0007 1665887189003760 243.3125 -68.0 0.7792622402459057 0 
0004 0011 1665887189004670 -95.1875 -63.0 3.0250101137104846 0 
0004 0002 1665887189006954 269.3125 -71.0 4.04357335686655 0 
0004 0006 1665887189070596 -3.5625 -73.5 6.264777537724958 0 
0004 0013 1665887189110396 -21.9375 -61.0 1.6444274046134073 0 
0004 0002 1665887189111521 -61.8125 -71.0 4.23378697456437 0 
0004 0008 1665887189113571 -286.4375 -68.5 0.7424467013366504 0 
0004 0005 1665887189114693 -34.9375 -58.5 4.430136515413731 0 
0004 0004 1665887189115860 -39.0 -59.0 3.9515345095934116 0 
0004 0007 1665887189117496 173.3125 -67.0 0.8651651643675016 0 
0004 0014 1665887189118930 -8.9375 -57.0 5.620505606812989 0 
0004 0011 1665887189119847 -139.125 -63.5 3.129320807286708 0 
0004 0015 1665887189120774 -61.0 -64.0 5.896622148632405 0 
0004 0010 1665887189122778 -21.9375 -62.0 6.025476534814799 0 
0004 0009 1665887189123780 34.9375 -72.5 4.1172044346850605 0 
0004 0006 1665887189207291 2.625 -73.5 6.154330920997192 0 
0004 0002 1665887189238275 -104.125 -71.0 4.319689898685965 0 
0004 0008 1665887189239452 -17.0625 -67.0 0.39269908169872414 0 
0004 0005 1665887189240350 -91.125 -58.5 4.565126824747668 0 
0004 0011 1665887189242977 21.9375 -62.5 2.9759227284981438 0 
0004 0007 1665887189244584 -95.1875 -68.5 1.184233168247715 0 
0004 0014 1665887189246580 -56.125 -57.0 5.66959299202533 0 
0004 0004 1665887189247446 8.9375 -59.0 3.9147189706841563 0 
0004 0015 1665887189250686 13.0 -64.5 5.730952223540755 0 
0004 0013 1665887189252179 61.0 -61.0 1.607611865704152 0 
0004 0010 1665887189253048 65.0625 -62.5 5.957981380147831 0 
0004 0009 1665887189254333 143.1875 -71.5 4.196971435655114 0 
0004 0006 1665887189372597 -1.9375 -73.5 6.1850105367549055 0 
0004 0011 1665887189379583 87.0625 -63.5 2.9206994201342606 0 
0004 0009 1665887189382751 -113.0625 -72.0 4.289010282928253 0 
0004 0013 1665887189383660 13.0 -61.0 1.6444274046134073 0 
0004 0010 1665887189384810 -56.125 -62.5 6.062292073724054 0 
0004 0002 1665887189385721 74.0 -70.0 4.424000592262189 0 
0004 0015 1665887189386862 69.125 -64.5 5.688000761479957 0 
0004 0005 1665887189388385 -65.0625 -58.5 4.522175362686871 0 
0004 0004 1665887189389297 -43.125 -59.5 3.9515345095934116 0 
0004 0014 1665887189390191 0.0 -57.0 5.589825991055276 0 
0004 0007 1665887189392328 -82.1875 -68.0 1.1290098598838318 0 
0004 0008 1665887189393307 -8.9375 -68.5 0.32520392703175593 0 
0004 0010 1665887189506765 13.0 -62.5 5.976389149602458 0 
0004 0011 1665887189507694 -121.25 -63.0 3.098641191528995 0 
0004 0005 1665887189508589 -13.0 -58.5 4.442408361716817 0 
0004 0007 1665887189510001 -39.0 -67.5 1.0185632431560658 0 
0004 0002 1665887189510915 191.1875 -70.5 4.154019973594316 0 
0004 0014 1665887189512080 -13.0 -57.0 5.608233760509904 0 
0004 0004 1665887189513008 -21.9375 -59.0 3.9269908169872414 0 
0004 0013 1665887189514216 -39.0 -61.0 1.718058482431918 0 
0004 0008 1665887189517495 39.0 -67.5 0.39269908169872414 0 
0004 0015 1665887189518469 -78.0625 -64.5 5.921165841238575 0 
0004 0009 1665887189521607 -256.3125 -70.0 4.4362724385652745 0 
0004 0011 1665887189618767 48.0 -63.5 2.9268353432858034 0 
0004 0013 1665887189620173 39.0 -61.0 1.6444274046134073 0 
0004 0005 1665887189621311 -21.9375 -58.5 4.4976316700806995 0 
0004 0014 1665887189622194 8.9375 -57.0 5.5714182216006485 0 
0004 0004 1665887189624323 0.0 -59.0 3.9208548938356986 0 
0004 0008 1665887189628764 -43.125 -67.5 0.4172427743048944 0 
0004 0009 1665887189629652 -52.0625 -71.0 4.239922897715912 0 
0004 0010 1665887189630603 8.9375 -62.0 5.994796919057086 0 
0004 0015 1665887189631971 39.0 -64.5 5.773903685601553 0 
0004 0002 1665887189633123 -134.25 -71.5 4.381049130201391 0 
0004 0007 1665887189634418 21.9375 -68.0 1.0246991663076084 0 
0004 0008 1665887189731594 100.0625 -68.0 0.4356505437595221 0 
0004 0011 1665887189733262 -34.9375 -63.0 3.043417883165112 0 
0004 0002 1665887189734146 -231.875 -71.5 4.430136515413731 0 
0004 0015 1665887189735070 -8.9375 -64.5 5.841398840268521 0 
0004 0005 1665887189738313 -13.0 -58.5 4.454680208019902 0 
0004 0014 1665887189739255 -39.0 -57.0 5.64504929941916 0 
0004 0007 1665887189740210 8.9375 -68.0 1.0062913968529805 0 
0004 0013 1665887189741376 4.0625 -60.5 1.6505633277649499 0 
0004 0009 1665887189742294 -208.3125 -71.5 4.417864669110647 0 
0004 0004 1665887189745421 -43.125 -59.0 4.000621894805752 0 
0004 0010 1665887189747167 -8.9375 -62.0 6.056156150572511 0 
0004 0015 1665887189845642 -26.0 -64.5 5.810719224510809 0 
0004 0014 1665887189846838 -13.0 -57.0 5.6143696836614465 0 
0004 0005 1665887189847990 -21.9375 -58.5 4.4976316700806995 0 
0004 0011 1665887189850793 -69.125 -63.0 3.11091303783208 0 
0004 0004 1665887189852685 -78.0625 -59.5 4.061981126321178 0 
0004 0002 1665887189854917 279.125 -71.0 4.0558452031696355 0 
0004 0009 1665887189855857 26.0 -70.5 4.3074180523828804 0 
0004 0007 1665887189857210 61.0 -67.5 1.000155473701438 0 
0004 0010 1665887189858163 -21.9375 -62.0 6.056156150572511 0 
0004 0013 1665887189859259 30.0625 -61.5 1.6382914814618648 0 
0004 0008 1665887189861119 34.9375 -67.0 0.4663301595172349 0 
0004 0011 1665887189960897 -21.9375 -63.0 3.0495538063166547 0 
0004 0015 1665887189964147 126.125 -64.0 5.6941366846315 0 
0004 0010 1665887189965184 -21.9375 -62.0 6.000932842208628 0 
0004 0013 1665887189966632 34.9375 -61.0 1.662835174068035 0 
0004 0014 1665887189967769 -4.0625 -57.0 5.583690067903734 0 
0004 0002 1665887189968920 -151.3125 -71.5 4.466952054322987 0 
0004 0009 1665887189970512 -26.0 -71.0 4.246058820867455 0 
0004 0007 1665887189971424 30.0625 -68.0 1.0676506283684062 0 
0004 0004 1665887189972479 -65.0625 -59.0 4.025165587411922 0 
0004 0005 1665887189973404 -26.0 -59.0 4.485359823777615 0 
0004 0008 1665887189974472 65.0625 -69.0 0.44178646691106466 0 
0004 0011 1665887190071219 -52.0625 -62.0 3.055689729468197 0 
0004 0007 1665887190072897 121.25 -68.5 0.9510680884890975 0 
0004 0010 1665887190073849 -17.0625 -61.5 6.031612457966341 0 
0004 0015 1665887190074748 -43.125 -64.5 5.8045833013592665 0 
0004 0005 1665887190077092 -39.0 -58.5 4.4976316700806995 0 
0004 0013 1665887190078271 61.0 -61.0 1.6137477888556946 0 
0004 0004 1665887190080175 -26.0 -59.0 4.01902966426038 0 
0004 0014 1665887190081130 -21.9375 -57.0 5.6143696836614465 0 
0004 0008 1665887190084581 -126.125 -67.5 0.5583690067903734 0 
0004 0009 1665887190087342 -113.0625 -71.0 4.387185053352934 0 
0004 0002 1665887190088367 -222.9375 -72.0 4.577398671050753 0 
0004 0014 1665887190187009 -39.0 -57.0 5.663457068873787 0 
0004 0013 1665887190188540 4.0625 -61.0 1.6873788666742053 0 
0004 0010 1665887190189904 4.0625 -61.5 6.013204688511713 0 
0004 0011 1665887190191310 0.0 -63.0 2.945243112740431 0 
0004 0007 1665887190192201 -26.0 -68.5 1.1228739367322893 0 
0004 0005 1665887190194866 21.9375 -58.0 4.466952054322987 0 
0004 0004 1665887190195679 -74.0 -59.5 4.086524818927348 0 
0004 0008 1665887190198136 34.9375 -68.0 0.3865631585471816 0 
0004 0015 1665887190200015 74.0 -64.5 5.730952223540755 0 
0004 0009 1665887190201751 43.125 -71.0 4.09266074207889 0 
0004 0002 1665887190204175 -184.6875 -72.5 4.651029748869264 0 
0004 0005 1665887190301272 -52.0625 -58.5 4.565126824747668 0 
0004 0007 1665887190303785 -43.125 -67.5 1.3499030933393643 0 
0004 0004 1665887190304939 -61.0 -59.5 4.04357335686655 0 
0004 0013 1665887190306344 13.0 -61.0 1.7241944055834606 0 
0004 0015 1665887190307271 26.0 -64.5 5.780039608753096 0 
0004 0008 1665887190308678 74.0 -68.0 0.3988350048502667 0 
0004 0010 1665887190309559 21.9375 -61.5 5.970253226450915 0 
0004 0011 1665887190310714 43.125 -64.0 2.9759227284981438 0 
0004 0014 1665887190311909 4.0625 -57.0 5.608233760509904 0 
0004 0002 1665887190313446 -104.125 -71.5 4.583534594202296 0 
0004 0009 1665887190314797 -82.1875 -73.5 4.381049130201391 0 
0004 0004 1665887190419595 -26.0 -59.0 4.049709280018092 0 
0004 0011 1665887190421992 26.0 -63.0 3.018874190558942 0 
0004 0010 1665887190423740 -100.0625 -62.0 6.068427996875596 0 
0004 0008 1665887190424895 52.0625 -68.0 0.47860200582032003 0 
0004 0005 1665887190426769 -39.0 -58.0 4.577398671050753 0 
0004 0007 1665887190427968 -65.0625 -68.5 1.2026409377023426 0 
0004 0014 1665887190428892 -21.9375 -57.0 5.6573211457222445 0 
0004 0002 1665887190429804 -121.25 -72.0 4.693981210930062 0 
0004 0015 1665887190430759 134.25 -64.0 5.700272607783043 0 
0004 0013 1665887190431966 21.9375 -60.5 1.6751070203711202 0 
0004 0009 1665887190435466 -139.125 -73.0 4.295146206079795 0 
0004 0010 1665887190532305 0.0 -62.0 6.074563920027139 0 
0004 0007 1665887190535091 48.0 -67.5 0.9940195505498954 0 
0004 0008 1665887190537139 -264.4375 -68.5 0.8344855486097889 0 
0004 0005 1665887190538916 26.0 -58.0 4.466952054322987 0 
0004 0004 1665887190540069 21.9375 -59.0 4.0128937411088375 0 
0004 0015 1665887190541011 -82.1875 -64.5 5.957981380147831 0 
0004 0009 1665887190541869 178.1875 -72.0 4.031301510563465 0 
0004 0014 1665887190543090 -8.9375 -57.0 5.632777453116074 0 
0004 0013 1665887190544000 -4.0625 -61.0 1.6873788666742053 0 
0004 0011 1665887190546189 21.9375 -63.0 3.0802334220743677 0 
0004 0002 1665887190549446 30.0625 -72.0 4.331961744989051 0 
