0004 0013 1665888160014527 43.125 -63.0 1.705786636128833 1 
0004 0007 1665888160017058 104.125 -71.5 0.5092816215780329 1 
0004 0005 1665888160019132 -30.0625 -61.5 5.47937937432751 1 
0004 0015 1665888160020270 -21.9375 -66.5 6.2463697682703305 1 
0004 0008 1665888160022414 130.1875 -66.0 1.0799224746714913 1 
0004 0006 1665888160023603 47.1875 -65.0 0.25770877236478773 1 
0004 0004 1665888160025476 -87.0625 -64.5 5.313709449235861 1 
0004 0003 1665888160026415 -169.25 -71.5 3.031146036862027 1 
0004 0012 1665888160027311 4.0625 -64.0 5.675728915176872 1 
0004 0010 1665888160028679 61.0 -63.5 2.6139032625571326 1 
0004 0011 1665888160029679 -256.3125 -70.0 4.473087977474529 1 
0004 0002 1665888160045370 29.25 -73.0 0.9480001269133262 1 
0004 0008 1665888160125362 264.4375 -67.0 0.9142525495798421 1 
0004 0011 1665888160126767 17.0625 -69.5 4.025165587411922 1 
0004 0005 1665888160128532 -69.125 -61.5 5.540738605842936 1 
0004 0013 1665888160129717 -8.9375 -63.0 1.8039614065535141 1 
0004 0012 1665888160132010 -52.0625 -64.5 5.786175531904639 1 
0004 0015 1665888160132894 -13.0 -66.0 6.2034183062095325 1 
0004 0010 1665888160133835 13.0 -63.5 2.6998061866787286 1 
0004 0006 1665888160135937 -104.125 -64.5 0.4172427743048944 1 
0004 0004 1665888160137113 0.0 -65.0 5.3198453723874035 1 
0004 0002 1665888160144131 -225.375 -73.0 4.356505437595221 1 
0004 0007 1665888160145940 30.0625 -70.5 0.6258641614573416 1 
0004 0003 1665888160147387 -4.0625 -71.5 3.2888548092268146 1 
0004 0013 1665888160236753 -65.0625 -63.0 1.8960002538266525 1 
0004 0005 1665888160238273 -17.0625 -62.0 5.491651220630596 1 
0004 0004 1665888160239782 -173.3125 -65.5 5.485515297479052 1 
0004 0015 1665888160240680 30.0625 -67.0 6.129787228391022 1 
0004 0006 1665888160241590 18.6875 -63.5 0.30679615757712825 1 
0004 0008 1665888160243235 -4.0625 -67.0 1.184233168247715 1 
0004 0012 1665888160244549 -69.125 -64.5 5.755495916146925 1 
0004 0010 1665888160245957 126.125 -64.5 2.60776733940559 1 
0004 0003 1665888160247292 65.0625 -73.0 2.9943304979527716 1 
0004 0011 1665888160249434 0.0 -71.5 4.01902966426038 1 
0004 0007 1665888160255392 17.0625 -72.0 0.8099418560036186 1 
0004 0002 1665888160258462 -48.0 -73.0 4.178563666200486 1 
0004 0013 1665888160347432 69.125 -63.0 1.7548740213411735 1 
0004 0006 1665888160349956 -4.875 -64.5 0.39269908169872414 1 
0004 0011 1665888160350898 13.0 -71.5 4.049709280018092 1 
0004 0008 1665888160353130 78.0625 -66.5 1.1719613219446299 1 
0004 0005 1665888160354549 100.0625 -62.0 5.393476450205914 1 
0004 0010 1665888160356013 17.0625 -63.5 2.748893571891069 1 
0004 0012 1665888160357605 4.0625 -64.0 5.724816300389213 1 
0004 0015 1665888160359216 -134.25 -67.0 0.1227184630308513 1 
0004 0004 1665888160361175 -8.9375 -64.5 5.448699758569798 1 
0004 0007 1665888160363672 134.25 -71.5 0.6504078540635119 1 
0004 0003 1665888160365969 130.1875 -72.0 2.7857091108003242 1 
0004 0002 1665888160377035 72.8125 -73.5 4.077320934200034 1 
0004 0006 1665888160457738 0.0 -64.5 0.35588354278946877 1 
0004 0004 1665888160459463 -69.125 -64.5 5.405748296509 1 
0004 0013 1665888160460872 34.9375 -63.0 1.7794177139473437 1 
0004 0010 1665888160461769 17.0625 -64.0 2.705942109830271 1 
0004 0005 1665888160464111 -56.125 -61.5 5.5284667595398505 1 
0004 0012 1665888160465279 61.0 -64.5 5.632777453116074 1 
0004 0007 1665888160467256 74.0 -72.0 0.803805932852076 1 
0004 0015 1665888160468185 -82.1875 -67.5 0.0 1 
0004 0011 1665888160469294 -39.0 -72.0 4.2031073588066565 1 
0004 0008 1665888160470234 87.0625 -67.0 1.0737865515199487 1 
0004 0003 1665888160475033 -56.125 -72.0 2.804116880254952 1 
0004 0002 1665888160477271 134.25 -71.0 4.01902966426038 1 
0004 0007 1665888160566723 143.1875 -70.5 0.7669903939428205 1 
0004 0005 1665888160568230 -21.9375 -62.5 5.516194913236766 1 
0004 0011 1665888160569174 -260.375 -72.0 4.405592822807561 1 
0004 0004 1665888160571343 17.0625 -65.0 5.252350217720435 1 
0004 0013 1665888160572515 69.125 -63.5 1.748738098189631 1 
0004 0010 1665888160573411 4.0625 -63.5 2.6691265709210157 1 
0004 0015 1665888160574327 -26.0 -66.5 6.166602767300278 1 
0004 0012 1665888160575523 -17.0625 -64.5 5.712544454086128 1 
0004 0006 1665888160576689 -33.3125 -64.5 0.380427235395639 1 
0004 0008 1665888160578519 -48.0 -66.0 1.2946797849754812 1 
0004 0003 1665888160581514 204.25 -72.0 2.724349879284899 1 
0004 0002 1665888160599133 24.0 -73.5 4.295146206079795 1 
0004 0012 1665888160679913 -52.0625 -64.5 5.780039608753096 1 
0004 0005 1665888160681334 78.0625 -61.5 5.3627968344482015 1 
0004 0013 1665888160683074 -13.0 -63.0 1.8039614065535141 1 
0004 0002 1665888160684509 8.9375 -72.0 4.080388895775806 1 
0004 0004 1665888160685463 4.0625 -65.0 5.209398755659637 1 
0004 0008 1665888160686605 -130.1875 -67.0 1.325359400733194 1 
0004 0006 1665888160687514 -161.125 -65.0 0.521553467881118 1 
0004 0010 1665888160688637 74.0 -63.5 2.6813984172241008 1 
0004 0015 1665888160689550 -13.0 -66.5 0.018407769454627694 1 
0004 0011 1665888160690757 8.9375 -72.0 3.890175278077986 1 
0004 0003 1665888160695330 186.3125 -73.5 2.6813984172241008 1 
0004 0007 1665888160696215 -52.0625 -71.0 0.7669903939428205 1 
0004 0004 1665888160787323 -95.1875 -65.5 5.3198453723874035 1 
0004 0015 1665888160789354 -108.1875 -66.0 0.0859029241215959 1 
0004 0008 1665888160790734 126.125 -66.0 1.000155473701438 1 
0004 0010 1665888160793668 -61.0 -63.5 2.834796496012665 1 
0004 0003 1665888160795341 -43.125 -70.5 2.84706834231575 1 
0004 0011 1665888160796792 30.0625 -71.0 4.01902966426038 1 
0004 0006 1665888160798863 -66.6875 -65.0 0.42337869745643697 1 
0004 0013 1665888160799766 52.0625 -63.0 1.748738098189631 1 
0004 0005 1665888160800676 -100.0625 -62.0 5.5714182216006485 1 
0004 0007 1665888160801562 -117.125 -71.5 0.9203884727313847 1 
0004 0012 1665888160802418 -130.1875 -64.5 5.872078456026235 1 
0004 0002 1665888160804167 117.125 -72.0 3.9822141253511245 1 
0004 0010 1665888160894456 87.0625 -63.5 2.6261751088602177 1 
0004 0013 1665888160895697 4.0625 -63.5 1.8162332528565992 1 
0004 0003 1665888160896596 104.125 -72.5 2.9513790358919736 1 
0004 0007 1665888160897507 95.1875 -70.5 0.5829126993965437 1 
0004 0006 1665888160899564 -42.3125 -64.0 0.39269908169872414 1 
0004 0012 1665888160900677 -117.125 -64.0 5.841398840268521 1 
0004 0004 1665888160901559 -30.0625 -66.0 5.227806525114265 1 
0004 0015 1665888160902715 -182.25 -66.5 0.09817477042468103 1 
0004 0005 1665888160903626 -34.9375 -61.5 5.534602682691394 1 
0004 0008 1665888160906522 -48.0 -66.5 1.1658253987930873 1 
0004 0011 1665888160907792 -26.0 -71.0 3.859495662320273 1 
0004 0002 1665888160916403 -30.0625 -73.0 4.1601558967458585 1 
0004 0012 1665888161004391 -100.0625 -63.5 5.841398840268521 1 
0004 0010 1665888161005489 -39.0 -64.0 2.773437264497239 1 
0004 0005 1665888161006443 69.125 -61.5 5.289165756629691 1 
0004 0007 1665888161009410 8.9375 -70.0 0.6135923151542565 1 
0004 0013 1665888161010328 -52.0625 -63.5 1.8223691760081417 1 
0004 0011 1665888161012203 30.0625 -70.0 3.9576704327449543 1 
0004 0006 1665888161014119 -113.875 -64.5 0.47860200582032003 1 
0004 0003 1665888161015043 104.125 -73.5 2.9391071895888885 1 
0004 0004 1665888161015927 -221.3125 -65.5 5.651185222570702 1 
0004 0015 1665888161017065 48.0 -66.5 6.191146459906448 1 
0004 0008 1665888161018048 -186.3125 -66.5 1.3192234775816514 1 
0004 0002 1665888161045107 -29.25 -74.0 1.184233168247715 1 
0004 0008 1665888161124922 52.0625 -66.0 1.1106020904292042 1 
0004 0011 1665888161125829 0.0 -70.0 4.184699589352029 1 
0004 0007 1665888161127016 -87.0625 -70.0 0.9878836273983529 1 
0004 0013 1665888161129479 48.0 -63.5 1.6873788666742053 1 
0004 0004 1665888161131138 13.0 -66.5 5.313709449235861 1 
0004 0010 1665888161132303 100.0625 -64.5 2.5893595699509624 1 
0004 0015 1665888161133215 -17.0625 -66.0 0.09817477042468103 1 
0004 0005 1665888161134355 -17.0625 -61.5 5.411884219660542 1 
0004 0012 1665888161135269 -95.1875 -64.0 5.829126993965437 1 
0004 0006 1665888161137183 23.5625 -64.5 0.3374757733348411 1 
0004 0003 1665888161141572 -43.125 -72.0 2.9329712664373457 1 
0004 0002 1665888161147455 -20.75 -74.0 4.206175320382428 1 
0004 0012 1665888161231580 -26.0 -63.5 5.792311455056181 1 
0004 0008 1665888161232944 -43.125 -66.0 1.2333205534600555 1 
0004 0004 1665888161235219 -95.1875 -66.0 5.497787143782138 1 
0004 0015 1665888161236177 -91.125 -66.0 0.11044661672776616 1 
0004 0013 1665888161237360 4.0625 -63.0 1.7426021750380885 1 
0004 0011 1665888161238303 21.9375 -70.5 4.2031073588066565 1 
0004 0010 1665888161239272 -4.0625 -64.0 2.6691265709210157 1 
0004 0003 1665888161240667 182.25 -73.0 2.6875343403756435 1 
0004 0006 1665888161241816 -47.1875 -64.0 0.35588354278946877 1 
0004 0005 1665888161243466 -26.0 -61.0 5.4671075280244255 1 
0004 0007 1665888161248345 30.0625 -69.5 0.6565437772150544 1 
0004 0002 1665888161257177 -28.0625 -74.0 4.356505437595221 1 
0004 0010 1665888161340874 -30.0625 -63.5 2.724349879284899 1 
0004 0005 1665888161341883 -8.9375 -61.5 5.47937937432751 1 
0004 0012 1665888161342754 -43.125 -64.0 5.829126993965437 1 
0004 0004 1665888161343927 0.0 -65.0 5.368932757599744 1 
0004 0015 1665888161345086 -95.1875 -67.0 0.1718058482431918 1 
0004 0013 1665888161346817 82.1875 -62.5 1.8039614065535141 1 
0004 0008 1665888161349218 -126.125 -66.0 1.3437671701878218 1 
0004 0007 1665888161351832 17.0625 -70.5 0.6258641614573416 1 
0004 0006 1665888161352699 -42.3125 -64.5 0.4970097752749477 1 
0004 0003 1665888161354161 87.0625 -74.0 2.8961557275280905 1 
0004 0011 1665888161355482 104.125 -72.0 4.0987966652304335 1 
0004 0002 1665888161360439 -308.375 -73.0 4.558990901596125 1 
0004 0013 1665888161449223 -52.0625 -63.0 2.000310947402876 1 
0004 0012 1665888161450998 17.0625 -64.5 5.902758071783947 1 
0004 0011 1665888161452139 -87.0625 -70.0 4.319689898685965 1 
0004 0007 1665888161453049 -4.0625 -70.5 0.5829126993965437 1 
0004 0006 1665888161453918 -70.75 -64.5 0.4479223900626072 1 
0004 0010 1665888161455313 -30.0625 -62.0 2.6813984172241008 1 
0004 0005 1665888161456197 -26.0 -62.0 5.559146375297564 1 
0004 0004 1665888161457847 191.1875 -65.5 5.289165756629691 1 
0004 0015 1665888161458816 -61.0 -68.0 0.07976700097005335 1 
0004 0008 1665888161461480 -13.0 -66.0 1.2087768608538851 1 
0004 0002 1665888161478989 17.4375 -74.5 1.5063691337036997 1 
0004 0003 1665888161506237 16.3125 -77.5 0.1595340019401067 1 
0004 0005 1665888161573780 -39.0 -64.5 5.712544454086128 1 
0004 0008 1665888161575602 -65.0625 -65.5 0.9081166264282996 1 
0004 0011 1665888161576756 95.1875 -69.5 4.632621979414636 1 
0004 0012 1665888161578164 8.9375 -68.0 0.23930100291016002 1 
0004 0004 1665888161579106 -74.0 -64.5 5.491651220630596 1 
0004 0006 1665888161580832 -47.1875 -66.0 0.4724660826687775 1 
0004 0010 1665888161581743 -8.9375 -59.0 2.018718716857504 1 
0004 0007 1665888161585961 34.9375 -69.5 0.25157284921324513 1 
0004 0002 1665888161592752 -334.4375 -72.5 5.4671075280244255 1 
0004 0004 1665888161680697 -30.0625 -64.5 5.123495831538041 1 
0004 0002 1665888161682687 -39.0 -73.5 5.595961914206819 1 
0004 0010 1665888161684477 -52.0625 -57.5 0.6442719309119693 1 
0004 0008 1665888161686064 4.0625 -58.5 6.135923151542564 1 
0004 0006 1665888161687243 9.75 -65.0 0.3865631585471816 1 
0004 0005 1665888161688287 -290.5 -68.0 0.018407769454627694 1 
0004 0012 1665888161771878 -0.5625 -78.0 1.3069516312785663 1 
0004 0011 1665888161783899 -4.875 -73.0 4.28287435977671 1 
0004 0011 1665888161794275 -17.0625 -70.0 0.8835729338221293 1 
0004 0008 1665888161796293 -21.9375 -55.5 5.8659425328746915 1 
0004 0014 1665888161797870 -143.1875 -69.5 3.399301425954581 1 
0004 0006 1665888161798751 -17.0625 -64.0 0.4111068511533518 1 
0004 0010 1665888161799679 -30.0625 -58.0 4.135612204139688 1 
0004 0015 1665888161802379 69.125 -70.5 2.521864415283994 1 
0004 0002 1665888161823705 -8.5 -74.5 1.6260196351587797 1 
0004 0012 1665888161826299 29.25 -75.0 4.911806482809823 1 
0004 0013 1665888161857603 -25.125 -78.0 5.93343768754166 1 
0004 0004 1665888161895582 1.125 -74.0 0.7485826244881929 1 
0004 0009 1665888161925121 1.75 -69.5 4.3933209765044765 1 
0004 0001 1665888161931118 7.0625 -77.0 4.246058820867455 1 
0004 0005 1665888161939000 0.4375 -72.5 5.473243451175968 1 
0004 0008 1665888161949703 -30.0625 -58.0 1.5585244804918115 1 
0004 0014 1665888161950643 -95.1875 -66.5 3.1231848841351653 1 
0004 0011 1665888161953173 126.125 -67.0 3.7551849687440497 1 
0004 0000 1665888161954620 -48.0 -70.0 0.04295146206079795 1 
0004 0006 1665888161956620 4.0625 -60.0 4.356505437595221 1 
0004 0005 1665888161957547 39.0 -72.0 2.5954954931025047 1 
0004 0015 1665888161958431 -21.9375 -67.5 2.227340104009951 1 
0004 0009 1665888161959797 -30.0625 -69.0 0.9142525495798421 1 
0004 0004 1665888161960694 -26.0 -64.5 0.8774370106705868 1 
0004 0010 1665888161961735 -399.5625 -72.0 6.277049384028044 1 
0004 0001 1665888161987158 3.1875 -76.0 0.7424467013366504 1 
0004 0013 1665888161995914 42.25 -78.5 1.184233168247715 1 
0004 0007 1665888162022791 -1.625 -71.0 1.736466251886546 1 
0004 0004 1665888162067548 139.125 -69.0 5.565282298449106 1 
0004 0000 1665888162068528 -8.9375 -67.0 3.9699422790480394 1 
0004 0006 1665888162069412 66.6875 -64.5 2.9697868053466014 1 
0004 0007 1665888162072027 -74.0 -70.0 5.356660911296659 1 
0004 0015 1665888162074504 377.5625 -69.0 1.8100973297050567 1 
0004 0008 1665888162075981 -26.0 -59.0 0.619728238305799 1 
0004 0009 1665888162076935 -69.125 -69.0 0.9081166264282996 1 
0004 0014 1665888162079052 121.25 -67.5 2.693670263527186 1 
0004 0014 1665888162170062 91.125 -70.5 2.448233337465483 1 
0004 0015 1665888162172524 69.125 -69.5 2.791845033951867 1 
0004 0000 1665888162174568 13.0 -60.5 2.8102528034064944 1 
0004 0004 1665888162175890 -4.0625 -62.5 3.5588354278946874 1 
0004 0006 1665888162176774 222.9375 -69.0 0.619728238305799 1 
0004 0008 1665888162183956 -5.25 -68.0 1.9757672547967058 1 
0004 0007 1665888162264578 1.5 -73.5 5.258486140871978 1 
0004 0000 1665888162276796 8.9375 -67.0 0.8344855486097889 1 
0004 0014 1665888162277695 95.1875 -68.0 2.675262494072558 1 
0004 0015 1665888162278865 -104.125 -68.5 4.23378697456437 1 
0004 0007 1665888162282756 -143.1875 -70.0 2.3009711818284617 1 
0004 0006 1665888162284473 -61.8125 -61.5 5.246214294568893 1 
0004 0008 1665888162285368 -21.9375 -60.5 0.7240389318820226 1 
0004 0004 1665888162286891 21.9375 -65.5 3.2765829629237295 1 
0004 0001 1665888162360235 17.8125 -79.5 0.619728238305799 1 
0004 0008 1665888162404653 -82.1875 -62.0 5.945709533844745 1 
0004 0014 1665888162406359 130.1875 -65.5 3.2459033471660166 1 
0004 0000 1665888162407610 -8.9375 -65.0 5.1725832167503825 1 
0004 0006 1665888162408538 -48.0 -61.0 4.890330751779424 1 
0004 0007 1665888162409718 -17.0625 -65.5 2.6875343403756435 1 
0004 0004 1665888162411126 13.0 -69.0 1.282407938672396 1 
0004 0015 1665888162413285 0.0 -70.0 4.7860200582032 1 
0004 0014 1665888162503479 -30.0625 -65.0 3.7551849687440497 1 
0004 0000 1665888162505041 -52.0625 -67.0 4.798291904506286 1 
0004 0004 1665888162505937 -43.125 -66.5 0.7669903939428205 1 
0004 0007 1665888162507558 61.0 -67.0 2.9513790358919736 1 
0004 0008 1665888162508497 -39.0 -62.0 5.522330836388308 1 
0004 0006 1665888162509408 -52.0625 -62.0 4.841243366567084 1 
0004 0015 1665888162557211 11.6875 -74.5 5.5714182216006485 1 
0004 0008 1665888162609160 -8.9375 -62.0 5.8659425328746915 1 
0004 0000 1665888162611664 121.25 -66.0 4.8351074434155406 1 
0004 0004 1665888162612558 4.0625 -68.5 0.9510680884890975 1 
0004 0006 1665888162613470 -28.4375 -62.5 4.675573441475434 1 
0004 0014 1665888162614862 -34.9375 -65.0 3.663146121470911 1 
0004 0007 1665888162616357 -21.9375 -67.5 3.3011266555298997 1 
0004 0008 1665888162705620 -100.0625 -61.5 6.215690152512618 1 
0004 0004 1665888162708521 39.0 -68.5 1.1106020904292042 1 
0004 0007 1665888162709649 121.25 -67.0 2.8716120349219203 1 
0004 0006 1665888162710573 52.0625 -62.0 4.405592822807561 1 
0004 0000 1665888162711692 4.0625 -65.5 5.129631754689584 1 
0004 0014 1665888162712631 -4.0625 -65.5 3.6263305825616556 1 
0004 0008 1665888162801990 -126.125 -61.0 6.129787228391022 1 
0004 0014 1665888162803724 56.125 -66.0 3.3624858870453256 1 
0004 0006 1665888162804592 52.0625 -62.5 4.06811704947272 1 
0004 0004 1665888162805532 -178.1875 -67.0 0.5767767762450011 1 
0004 0000 1665888162808173 61.0 -66.5 4.9823695990525625 1 
0004 0007 1665888162809368 34.9375 -66.0 2.2518837966161214 1 
0004 0015 1665888162835064 -8.0625 -74.5 5.516194913236766 1 
0004 0005 1665888162904610 0.1875 -74.0 4.608078286808466 1 
0004 0000 1665888162913529 130.1875 -66.0 4.700117134081604 1 
0004 0007 1665888162914795 4.0625 -65.5 1.9389517158874505 1 
0004 0008 1665888162915961 -4.0625 -61.5 5.71868037723767 1 
0004 0014 1665888162919859 87.0625 -65.5 3.368621810196868 1 
0004 0006 1665888162921141 61.0 -64.5 3.890175278077986 1 
0004 0004 1665888162922250 17.0625 -65.5 6.234097921967246 1 
0004 0015 1665888162931651 37.0 -73.0 5.347457026569345 1 
0004 0005 1665888163001473 0.4375 -74.5 1.3130875544301088 1 
0004 0006 1665888163023575 52.0625 -64.0 3.847223816017188 1 
0004 0008 1665888163024512 -8.9375 -62.0 5.878214379177777 1 
0004 0007 1665888163025456 108.1875 -65.0 1.8100973297050567 1 
0004 0014 1665888163026365 -4.0625 -66.0 3.5036121195308043 1 
0004 0015 1665888163028001 8.9375 -71.0 5.313709449235861 1 
0004 0000 1665888163029412 126.125 -66.0 4.859651136021712 1 
0004 0004 1665888163030788 -21.9375 -66.0 6.240233845118788 1 
0004 0005 1665888163108659 1.1875 -74.5 1.030835089459151 1 
0004 0008 1665888163155364 -39.0 -61.5 5.902758071783947 1 
0004 0000 1665888163156276 13.0 -66.0 4.828971520263998 1 
0004 0004 1665888163157174 26.0 -65.5 6.240233845118788 1 
0004 0015 1665888163158371 -8.9375 -70.0 5.387340527054372 1 
0004 0006 1665888163159283 -26.0 -64.0 3.9699422790480394 1 
0004 0014 1665888163160918 74.0 -66.5 3.4606606574700063 1 
0004 0007 1665888163162099 17.0625 -65.5 1.7732817907958012 1 
0004 0005 1665888163216495 3.625 -74.0 4.25833066717054 1 
0004 0008 1665888163263224 -34.9375 -62.0 5.841398840268521 1 
0004 0004 1665888163265274 -108.1875 -65.0 0.02454369260617026 1 
0004 0006 1665888163266241 38.1875 -64.5 3.859495662320273 1 
0004 0000 1665888163267125 82.1875 -66.5 4.773748211900116 1 
0004 0007 1665888163268294 -147.25 -65.5 2.024854640009046 1 
0004 0015 1665888163269747 -134.25 -72.0 5.638913376267617 1 
0004 0014 1665888163270857 91.125 -66.5 3.466796580621549 1 
0004 0005 1665888163299632 2.4375 -73.5 4.295146206079795 1 
0004 0014 1665888163370380 -4.0625 -66.0 3.411573272257666 1 
0004 0000 1665888163371250 43.125 -67.0 4.865787059173254 1 
0004 0006 1665888163372685 34.9375 -65.0 3.816544200259475 1 
0004 0004 1665888163378227 208.3125 -65.5 5.902758071783947 1 
0004 0008 1665888163379814 -74.0 -62.0 5.9518454569962875 1 
0004 0007 1665888163380741 78.0625 -66.5 2.0800779483729293 1 
0004 0015 1665888163381996 126.125 -72.5 5.197126909356553 1 
0004 0005 1665888163400846 19.5 -72.5 1.2455923997631406 1 
0004 0007 1665888163476978 126.125 -66.5 1.9819031779482483 1 
0004 0008 1665888163477960 -52.0625 -61.5 5.988660995905543 1 
0004 0014 1665888163480877 34.9375 -65.5 3.4177091954092087 1 
0004 0004 1665888163487543 -78.0625 -65.0 6.252505691421874 1 
0004 0000 1665888163488834 8.9375 -68.0 4.8351074434155406 1 
0004 0006 1665888163491251 14.625 -64.5 3.847223816017188 1 
0004 0005 1665888163492323 -17.0625 -70.5 1.4726215563702154 1 
0004 0015 1665888163514194 3.1875 -74.0 2.435961491162398 1 
0004 0014 1665888163585585 -43.125 -65.5 3.5956509668039427 1 
0004 0008 1665888163586469 -52.0625 -61.5 5.902758071783947 1 
0004 0004 1665888163588473 -52.0625 -65.5 6.22182607566416 1 
0004 0007 1665888163592004 21.9375 -65.5 1.9266798695843652 1 
0004 0000 1665888163593326 247.375 -68.0 4.295146206079795 1 
0004 0006 1665888163595151 65.0625 -65.5 3.6815538909255388 1 
0004 0005 1665888163596079 -117.125 -69.5 1.5401167110371838 1 
0004 0015 1665888163621988 -6.5 -73.5 5.6143696836614465 1 
0004 0006 1665888163688160 33.3125 -64.5 3.749049045592507 1 
0004 0008 1665888163690643 -48.0 -62.0 5.921165841238575 1 
0004 0014 1665888163693805 21.9375 -65.0 3.5956509668039427 1 
0004 0000 1665888163696379 48.0 -69.5 4.368777283898306 1 
0004 0004 1665888163697291 -121.25 -65.0 0.006135923151542565 1 
0004 0007 1665888163700061 30.0625 -66.5 1.9144080232812801 1 
0004 0005 1665888163700974 30.0625 -70.5 1.3192234775816514 1 
0004 0015 1665888163722625 32.5 -73.5 2.350058567040802 1 
0004 0015 1665888163795006 -342.5625 -72.5 5.9088939949354895 1 
0004 0006 1665888163795957 -75.625 -65.0 3.847223816017188 1 
0004 0000 1665888163798234 -377.5625 -70.0 4.97623367590102 1 
0004 0005 1665888163799500 4.0625 -70.0 1.3192234775816514 1 
0004 0007 1665888163800685 -65.0625 -66.5 1.945087639038993 1 
0004 0008 1665888163801636 -4.0625 -61.5 5.792311455056181 1 
0004 0004 1665888163802578 -13.0 -65.5 6.166602767300278 1 
0004 0014 1665888163803447 78.0625 -65.5 3.466796580621549 1 
0004 0015 1665888163814379 100.0625 -71.5 5.5714182216006485 1 
0004 0007 1665888163902213 -48.0 -66.5 2.350058567040802 1 
0004 0015 1665888163904447 61.0 -72.0 5.6941366846315 1 
0004 0014 1665888163906705 -39.0 -65.5 3.147728576741336 1 
0004 0005 1665888163907634 52.0625 -69.5 1.6935147898257479 1 
0004 0008 1665888163909040 30.0625 -61.5 5.9518454569962875 1 
0004 0000 1665888163909953 78.0625 -70.0 3.785864584501762 1 
0004 0006 1665888163911745 -236.75 -66.0 4.246058820867455 1 
0004 0004 1665888163912640 -91.125 -65.0 0.01227184630308513 1 
0004 0004 1665888164001206 -65.0625 -65.0 6.277049384028044 1 
0004 0008 1665888164002626 -74.0 -61.5 6.007068765360171 1 
0004 0005 1665888164003807 126.125 -70.0 1.533980787885641 1 
0004 0000 1665888164005468 -17.0625 -71.0 3.847223816017188 1 
0004 0007 1665888164007104 -21.9375 -67.0 2.325514874434632 1 
0004 0014 1665888164008770 30.0625 -65.5 3.0925052683774528 1 
0004 0006 1665888164009865 -56.125 -67.0 4.06811704947272 1 
0004 0015 1665888164012339 160.3125 -71.5 5.66959299202533 1 
0004 0005 1665888164106269 -87.0625 -70.0 1.8407769454627694 1 
0004 0006 1665888164107123 -52.0625 -66.5 3.9699422790480394 1 
0004 0014 1665888164110063 52.0625 -65.0 3.1968159619536762 1 
0004 0007 1665888164111076 -65.0625 -66.5 2.313243028131547 1 
0004 0008 1665888164111914 61.0 -61.5 5.798447378207723 1 
0004 0004 1665888164112796 21.9375 -65.0 6.2034183062095325 1 
0004 0015 1665888164114760 -191.1875 -70.5 5.706408530934585 1 
0004 0000 1665888164116489 -82.1875 -71.5 3.80427235395639 1 
0004 0005 1665888164205225 87.0625 -70.0 1.4848934026733007 1 
0004 0015 1665888164207955 30.0625 -71.5 5.436427912266712 1 
0004 0004 1665888164209813 17.0625 -64.5 6.258641614573416 1 
0004 0008 1665888164211387 -30.0625 -62.0 5.890486225480862 1 
0004 0014 1665888164213887 -56.125 -65.5 3.2765829629237295 1 
0004 0007 1665888164216106 134.25 -66.5 1.8346410223112268 1 
0004 0006 1665888164217002 -108.1875 -67.0 4.129476280988146 1 
0004 0000 1665888164218084 -87.0625 -71.5 3.810408277107933 1 
0004 0005 1665888164305141 -87.0625 -69.5 1.748738098189631 1 
0004 0015 1665888164306042 -113.0625 -70.5 5.632777453116074 1 
0004 0008 1665888164310325 0.0 -62.5 5.835262917116979 1 
0004 0006 1665888164311878 -99.25 -66.0 4.025165587411922 1 
0004 0004 1665888164313383 13.0 -65.5 0.006135923151542565 1 
0004 0014 1665888164314308 -13.0 -64.5 3.2029518851052186 1 
0004 0007 1665888164316200 91.125 -66.5 1.761009944492716 1 
0004 0000 1665888164317111 -108.1875 -71.0 3.6876898140770815 1 
0004 0008 1665888164409233 39.0 -61.5 5.798447378207723 1 
0004 0007 1665888164411538 -186.3125 -66.0 2.2334760271614935 1 
0004 0004 1665888164412862 -104.125 -64.5 0.030679615757712823 1 
0004 0014 1665888164413713 -21.9375 -64.5 3.2397674240144743 1 
0004 0006 1665888164414579 -4.0625 -67.0 3.8840393549264434 1 
0004 0015 1665888164417799 8.9375 -70.5 5.436427912266712 1 
0004 0005 1665888164418714 78.0625 -70.5 1.4726215563702154 1 
0004 0000 1665888164420796 56.125 -72.0 3.6386024288647407 1 
0004 0015 1665888164508583 -61.0 -71.0 5.344389064993574 1 
0004 0006 1665888164510583 28.4375 -67.0 3.810408277107933 1 
0004 0014 1665888164511466 -34.9375 -65.5 3.2827188860752723 1 
0004 0007 1665888164513127 -4.0625 -66.5 1.8653206380689396 1 
0004 0004 1665888164514550 30.0625 -65.0 6.160466844148735 1 
0004 0008 1665888164515942 -30.0625 -62.0 5.8045833013592665 1 
0004 0005 1665888164516883 69.125 -69.5 1.4664856332186729 1 
0004 0000 1665888164520864 -433.6875 -71.5 3.9515345095934116 1 
0004 0014 1665888164610435 -108.1875 -65.0 3.356349963893783 1 
0004 0015 1665888164611674 -26.0 -70.0 5.399612373357457 1 
0004 0004 1665888164613711 -160.3125 -64.5 0.11658253987930872 1 
0004 0005 1665888164615519 -269.3125 -70.5 1.9082721001297376 1 
0004 0007 1665888164616445 69.125 -67.0 1.8407769454627694 1 
0004 0008 1665888164617413 -82.1875 -62.5 5.8659425328746915 1 
0004 0006 1665888164618394 14.625 -66.0 3.8533597391687304 1 
0004 0000 1665888164620059 -143.1875 -72.0 3.706097583531709 1 
0004 0004 1665888164708316 -52.0625 -65.0 6.191146459906448 1 
0004 0014 1665888164710586 -65.0625 -65.5 3.3318062712876126 1 
0004 0015 1665888164711857 -308.375 -70.5 5.749359992995383 1 
0004 0007 1665888164712751 8.9375 -67.0 1.9696313316451632 1 
0004 0008 1665888164713622 -56.125 -62.0 5.841398840268521 1 
0004 0006 1665888164715039 -56.9375 -66.5 3.9208548938356986 1 
0004 0005 1665888164717144 48.0 -70.5 1.5830681730979816 1 
0004 0000 1665888164718025 -95.1875 -72.5 3.859495662320273 1 
0004 0008 1665888164807934 -13.0 -62.0 5.8045833013592665 1 
0004 0015 1665888164808866 -208.3125 -70.5 5.767767762450011 1 
0004 0006 1665888164809774 42.3125 -66.5 3.8533597391687304 1 
0004 0005 1665888164811705 -21.9375 -70.0 1.6751070203711202 1 
0004 0007 1665888164813299 82.1875 -67.5 1.8837284075235674 1 
0004 0004 1665888164814751 -30.0625 -64.5 6.240233845118788 1 
0004 0014 1665888164818171 4.0625 -65.0 3.227495577711389 1 
0004 0000 1665888164819682 208.3125 -70.5 3.3195344249845276 1 
0004 0004 1665888164910826 -34.9375 -65.0 6.160466844148735 1 
0004 0000 1665888164912328 0.0 -71.5 3.5833791205008576 1 
0004 0005 1665888164914638 -113.0625 -70.5 1.7548740213411735 1 
0004 0014 1665888164915578 34.9375 -65.5 3.2090878082567613 1 
0004 0006 1665888164916491 118.75 -67.5 3.767456815047135 1 
0004 0008 1665888164917934 0.0 -62.5 5.773903685601553 1 
0004 0007 1665888164919220 -87.0625 -66.5 2.1475731030398975 1 
0004 0015 1665888164920149 -191.1875 -70.5 5.71868037723767 1 
0004 0014 1665888165010915 -43.125 -65.0 3.2765829629237295 1 
0004 0015 1665888165012053 -8.9375 -71.0 5.418020142812084 1 
0004 0006 1665888165013448 -52.0625 -67.0 4.000621894805752 1 
0004 0007 1665888165014344 -8.9375 -67.0 2.030990563160589 1 
0004 0008 1665888165015768 -30.0625 -62.0 5.780039608753096 1 
0004 0004 1665888165017175 -48.0 -65.5 6.2034183062095325 1 
0004 0005 1665888165019749 69.125 -69.5 1.5462526341887264 1 
0004 0000 1665888165022013 8.9375 -70.5 3.5342917352885173 1 
