0004 0012 1665903805826406 0.0 -63.0 3.429981041712294 13 
0004 0004 1665903805927969 8.9375 -56.0 3.5588354278946874 13 
0004 0014 1665903805928881 26.0 -70.0 4.71238898038469 13 
0004 0013 1665903805929766 8.9375 -61.0 2.3009711818284617 13 
0004 0008 1665903805931175 91.125 -67.5 0.705631162427395 13 
0004 0006 1665903805932069 80.5625 -70.5 4.767612288748572 13 
0004 0012 1665903805933251 -13.0 -63.0 3.485204350076177 13 
0004 0010 1665903805934417 4.0625 -62.0 1.509437095279471 13 
0004 0015 1665903805935321 -113.0625 -63.5 4.816699673960914 13 
0004 0005 1665903805936457 8.9375 -58.5 5.387340527054372 13 
0004 0011 1665903805939184 -139.125 -71.5 1.6566992509164924 13 
0004 0002 1665903805946136 0.0 -71.5 1.6321555583103222 13 
0004 0007 1665903806037760 -2.3125 -75.5 1.0983302441261191 13 
0004 0000 1665903806046138 -3.125 -78.0 5.577554144752192 13 
0004 0013 1665903806062812 -113.0625 -61.0 2.4605051837685683 13 
0004 0004 1665903806063694 13.0 -56.5 3.6324665057131984 13 
0004 0014 1665903806064621 -126.125 -69.5 4.9394181369917645 13 
0004 0005 1665903806065799 4.0625 -58.5 5.4671075280244255 13 
0004 0006 1665903806066725 -174.9375 -70.5 5.21553467881118 13 
0004 0015 1665903806069110 -39.0 -64.0 4.681709364626977 13 
0004 0010 1665903806070260 48.0 -61.5 1.4480778637640452 13 
0004 0012 1665903806072034 8.9375 -63.5 3.509748042682347 13 
0004 0011 1665903806073927 -108.1875 -71.5 1.552388557340269 13 
0004 0008 1665903806075499 -21.9375 -69.0 0.7424467013366504 13 
0004 0002 1665903806078151 -173.3125 -71.5 1.718058482431918 13 
0004 0007 1665903806157252 -2.3125 -75.5 4.417864669110647 13 
0004 0000 1665903806182432 10.1875 -77.5 5.50392306693368 13 
0004 0005 1665903806190706 21.9375 -58.5 5.45483568172134 13 
0004 0008 1665903806192111 95.1875 -67.5 0.6565437772150544 13 
0004 0006 1665903806192991 -61.0 -70.0 5.178719139901925 13 
0004 0013 1665903806194431 65.0625 -61.5 2.2212041808584084 13 
0004 0004 1665903806195911 -21.9375 -56.5 3.724505352986337 13 
0004 0015 1665903806197324 -52.0625 -63.5 4.755340442445488 13 
0004 0012 1665903806199682 17.0625 -63.5 3.4606606574700063 13 
0004 0010 1665903806201105 -39.0 -61.5 1.6382914814618648 13 
0004 0014 1665903806202102 178.1875 -69.5 4.571262747899211 13 
0004 0011 1665903806204663 -52.0625 -71.5 1.6198837120072371 13 
0004 0002 1665903806205702 -143.1875 -72.5 1.6505633277649499 13 
0004 0007 1665903806303185 -2.875 -75.5 1.1719613219446299 13 
0004 0000 1665903806354389 6.625 -77.5 5.786175531904639 13 
0004 0010 1665903806360950 -4.0625 -62.0 1.6689710972195777 13 
0004 0005 1665903806361879 30.0625 -59.0 5.5100589900852235 13 
0004 0011 1665903806363315 160.3125 -70.0 1.4971652489763858 13 
0004 0013 1665903806364936 -43.125 -61.0 2.521864415283994 13 
0004 0012 1665903806366855 -69.125 -63.0 3.6263305825616556 13 
0004 0002 1665903806369895 -325.5 -73.5 2.141437179888355 13 
0004 0008 1665903806370802 8.9375 -67.5 1.030835089459151 13 
0004 0006 1665903806371928 47.1875 -70.0 5.013049214810275 13 
0004 0014 1665903806372852 -17.0625 -70.5 4.700117134081604 13 
0004 0004 1665903806374968 -34.9375 -56.5 3.80427235395639 13 
0004 0015 1665903806376124 -65.0625 -64.0 4.718524903536232 13 
0004 0000 1665903806464243 6.0 -78.0 5.473243451175968 13 
0004 0007 1665903806623911 -6.125 -75.5 1.4358060174609601 13 
0004 0007 1665903806632659 2.125 -75.5 1.368310862793992 13 
0004 0004 1665903806639327 -13.0 -56.5 3.865631585471816 13 
0004 0012 1665903806641008 -65.0625 -63.0 3.6999616603801666 13 
0004 0015 1665903806641936 -178.1875 -64.5 4.773748211900116 13 
0004 0013 1665903806643857 -56.125 -61.0 2.5402721847386216 13 
0004 0006 1665903806647128 -33.3125 -70.5 5.3198453723874035 13 
0004 0005 1665903806649650 4.0625 -59.0 5.6143696836614465 13 
0004 0010 1665903806650521 -87.0625 -61.5 1.8407769454627694 13 
0004 0008 1665903806655109 -43.125 -67.5 1.0246991663076084 13 
0004 0014 1665903806660479 100.0625 -69.0 4.657165672020807 13 
0004 0002 1665903806665447 -43.125 -72.5 1.9266798695843652 13 
0004 0011 1665903806688134 4.0625 -73.5 1.662835174068035 13 
0004 0007 1665903806764805 -1.25 -75.5 1.41126232485479 13 
0004 0000 1665903806785790 2.875 -77.5 5.632777453116074 13 
0004 0005 1665903806800437 -48.0 -58.5 5.712544454086128 13 
0004 0004 1665903806801347 -30.0625 -57.0 3.9147189706841563 13 
0004 0014 1665903806802273 -43.125 -69.0 4.847379289718626 13 
0004 0006 1665903806803405 -9.75 -69.0 5.387340527054372 13 
0004 0010 1665903806804320 -113.0625 -62.0 1.859184714917397 13 
0004 0012 1665903806805716 -52.0625 -62.5 3.706097583531709 13 
0004 0015 1665903806806878 -17.0625 -64.5 4.681709364626977 13 
0004 0013 1665903806807765 -39.0 -61.5 2.4911847995262812 13 
0004 0008 1665903806809215 13.0 -67.5 1.0062913968529805 13 
0004 0002 1665903806818646 -299.4375 -72.5 2.2457478734645786 13 
0004 0011 1665903806845408 -12.1875 -73.5 1.718058482431918 13 
0004 0007 1665903806919973 1.5 -75.0 1.2210487071569704 13 
0004 0006 1665903806955245 -28.4375 -69.0 5.209398755659637 13 
0004 0004 1665903806957928 -13.0 -57.0 3.9208548938356986 13 
0004 0010 1665903806959097 -17.0625 -62.5 1.7241944055834606 13 
0004 0008 1665903806959981 48.0 -67.5 0.9326603190344698 13 
0004 0005 1665903806960906 -13.0 -59.0 5.626641529964532 13 
0004 0015 1665903806962033 -34.9375 -65.0 4.700117134081604 13 
0004 0014 1665903806962973 -147.25 -70.5 4.95168998329485 13 
0004 0013 1665903806964525 -39.0 -61.5 2.497320722677824 13 
0004 0012 1665903806965845 -43.125 -63.5 3.6386024288647407 13 
0004 0002 1665903806972836 -21.9375 -73.0 1.88986433067511 13 
0004 0011 1665903806992300 12.9375 -73.5 1.6566992509164924 13 
0004 0007 1665903807035659 -2.6875 -75.0 1.2885438618239387 13 
0004 0005 1665903807080794 -17.0625 -59.0 5.620505606812989 13 
0004 0010 1665903807081724 -52.0625 -62.0 1.705786636128833 13 
0004 0008 1665903807082665 -52.0625 -68.0 1.0737865515199487 13 
0004 0004 1665903807085274 -34.9375 -57.0 3.9515345095934116 13 
0004 0013 1665903807088258 -4.0625 -62.0 2.454369260617026 13 
0004 0014 1665903807089256 -56.125 -70.0 4.8351074434155406 13 
0004 0012 1665903807090169 -48.0 -62.5 3.6140587362585705 13 
0004 0015 1665903807091056 -65.0625 -64.5 4.755340442445488 13 
0004 0002 1665903807091924 -325.5 -73.5 2.497320722677824 13 
0004 0006 1665903807095830 28.4375 -69.5 5.190990986205009 13 
0004 0011 1665903807124156 -2.4375 -73.5 1.7303303287350031 13 
0004 0007 1665903807190230 -2.5 -75.5 4.3503695144436785 13 
0004 0000 1665903807202887 39.0625 -78.0 5.491651220630596 13 
0004 0013 1665903807212444 39.0 -61.5 2.380738182798515 13 
0004 0015 1665903807213430 -30.0625 -64.5 4.755340442445488 13 
0004 0012 1665903807214583 -13.0 -63.0 3.5772431973493153 13 
0004 0005 1665903807217252 -48.0 -59.0 5.66959299202533 13 
0004 0006 1665903807218644 52.0625 -69.5 5.264622064023521 13 
0004 0004 1665903807219611 -52.0625 -57.0 3.9576704327449543 13 
0004 0010 1665903807220494 26.0 -62.0 1.5892040962495242 13 
0004 0008 1665903807224391 8.9375 -68.0 0.9142525495798421 13 
0004 0014 1665903807226211 21.9375 -69.5 4.693981210930062 13 
0004 0002 1665903807227747 -87.0625 -73.0 1.859184714917397 13 
0004 0011 1665903807254574 -12.1875 -73.5 4.865787059173254 13 
0004 0000 1665903807318090 19.75 -77.5 5.497787143782138 13 
0004 0007 1665903807326563 -3.6875 -75.0 1.2455923997631406 13 
0004 0010 1665903807345168 -13.0 -62.0 1.6689710972195777 13 
0004 0006 1665903807346408 198.5625 -69.0 5.105088062083414 13 
0004 0015 1665903807347277 61.0 -64.5 4.638757902566179 13 
0004 0005 1665903807348205 -39.0 -59.0 5.626641529964532 13 
0004 0012 1665903807349117 87.0625 -63.0 3.423845118560751 13 
0004 0004 1665903807350296 -13.0 -57.0 3.9269908169872414 13 
0004 0014 1665903807352881 56.125 -70.5 4.792155981354743 13 
0004 0013 1665903807354081 -61.0 -61.5 2.478912953223196 13 
0004 0008 1665903807357075 43.125 -67.5 0.944932165337555 13 
0004 0002 1665903807358651 -420.6875 -73.0 2.4605051837685683 13 
0004 0011 1665903807384778 12.1875 -73.0 4.798291904506286 13 
0004 0007 1665903807435127 1.25 -75.0 1.1167380135807468 13 
0004 0000 1665903807474303 20.4375 -77.5 5.442563835418255 13 
0004 0008 1665903807481434 74.0 -67.0 0.8774370106705868 13 
0004 0014 1665903807483817 74.0 -70.0 4.804427827657828 13 
0004 0015 1665903807485485 -21.9375 -64.0 4.76147636559703 13 
0004 0005 1665903807486483 8.9375 -59.0 5.5714182216006485 13 
0004 0013 1665903807488349 17.0625 -61.5 2.350058567040802 13 
0004 0004 1665903807489241 0.0 -57.0 3.9269908169872414 13 
0004 0012 1665903807490472 13.0 -63.5 3.522019888985432 13 
0004 0010 1665903807491627 39.0 -62.0 1.5892040962495242 13 
0004 0006 1665903807494946 -87.0625 -70.0 5.252350217720435 13 
0004 0002 1665903807496492 -355.5625 -72.5 2.4605051837685683 13 
0004 0011 1665903807524752 0.75 -73.5 4.853515212870168 13 
0004 0007 1665903807610648 1.9375 -75.5 1.2087768608538851 13 
0004 0000 1665903807624855 0.875 -78.0 5.988660995905543 13 
0004 0004 1665903807631891 -4.0625 -57.0 3.902447124381071 13 
0004 0014 1665903807633627 13.0 -70.0 4.847379289718626 13 
0004 0012 1665903807634553 13.0 -63.0 3.485204350076177 13 
0004 0005 1665903807637976 -34.9375 -58.5 5.681864838328415 13 
0004 0008 1665903807638873 -91.125 -66.5 0.9265243958829272 13 
0004 0002 1665903807639814 -104.125 -73.0 2.184388641949153 13 
0004 0013 1665903807640715 -52.0625 -62.0 2.435961491162398 13 
0004 0006 1665903807641607 -23.5625 -69.0 5.2768939103266055 13 
0004 0010 1665903807642547 -13.0 -61.5 1.6321555583103222 13 
0004 0015 1665903807645021 134.25 -64.0 4.6448938257177215 13 
0004 0011 1665903807667708 6.5 -73.5 1.6566992509164924 13 
0004 0007 1665903807762655 -1.25 -75.5 4.331961744989051 13 
0004 0000 1665903807881974 11.5 -77.5 5.6573211457222445 13 
0004 0010 1665903807890452 52.0625 -61.5 1.6014759425526093 13 
0004 0006 1665903807891842 4.875 -69.5 5.209398755659637 13 
0004 0015 1665903807892773 -65.0625 -64.5 4.724660826687775 13 
0004 0005 1665903807893991 0.0 -59.0 5.6143696836614465 13 
0004 0008 1665903807894935 -34.9375 -68.5 0.5951845456996288 13 
0004 0002 1665903807897826 290.5 -72.5 1.7426021750380885 13 
0004 0004 1665903807901170 -26.0 -57.0 3.9392626632903265 13 
0004 0012 1665903807905523 48.0 -63.0 3.448388811166921 13 
0004 0013 1665903807907680 0.0 -61.0 2.399145952253143 13 
0004 0014 1665903807909132 48.0 -70.0 4.749204519293945 13 
0004 0011 1665903807936321 2.4375 -73.5 4.724660826687775 13 
0004 0000 1665903807959969 -9.75 -78.5 5.872078456026235 13 
0004 0007 1665903808023143 3.1875 -75.0 1.2333205534600555 13 
0004 0008 1665903808031295 39.0 -67.5 0.5460971604872883 13 
0004 0015 1665903808032421 34.9375 -64.0 4.632621979414636 13 
0004 0006 1665903808033868 -165.1875 -69.0 5.497787143782138 13 
0004 0002 1665903808034992 -191.1875 -73.0 2.380738182798515 13 
0004 0004 1665903808035868 0.0 -57.5 3.9453985864418692 13 
0004 0014 1665903808036799 87.0625 -69.5 4.620350133111551 13 
0004 0012 1665903808038416 0.0 -63.0 3.509748042682347 13 
0004 0005 1665903808040438 -69.125 -58.5 5.737088146692298 13 
0004 0010 1665903808042622 -26.0 -61.5 1.6873788666742053 13 
0004 0013 1665903808043538 -48.0 -61.5 2.478912953223196 13 
0004 0011 1665903808072447 4.0625 -73.5 4.816699673960914 13 
0004 0000 1665903808101082 8.0625 -78.5 5.982525072754001 13 
0004 0007 1665903808121832 0.4375 -75.5 4.571262747899211 13 
0004 0010 1665903808164907 -4.0625 -61.5 1.6137477888556946 13 
0004 0004 1665903808166314 -21.9375 -57.0 3.9576704327449543 13 
0004 0002 1665903808167496 74.0 -73.0 2.110757564130642 13 
0004 0013 1665903808168410 8.9375 -61.5 2.380738182798515 13 
0004 0015 1665903808170066 -160.3125 -64.0 4.890330751779424 13 
0004 0005 1665903808171700 -13.0 -59.0 5.651185222570702 13 
0004 0012 1665903808176180 4.0625 -62.5 3.5465635815916023 13 
0004 0008 1665903808177988 74.0 -68.0 0.5276893910326605 13 
0004 0014 1665903808178900 -52.0625 -70.5 4.804427827657828 13 
0004 0006 1665903808181368 -14.625 -69.5 5.344389064993574 13 
0004 0011 1665903808202083 9.0 -74.0 1.6321555583103222 13 
0004 0000 1665903808212018 -6.5 -77.5 6.074563920027139 13 
0004 0007 1665903808246818 1.625 -75.5 1.3314953238847365 13 
0004 0012 1665903808297884 4.0625 -63.5 3.7429131224409646 13 
0004 0004 1665903808299436 30.0625 -57.0 3.7981364308048478 13 
0004 0006 1665903808301318 -23.5625 -69.5 5.399612373357457 13 
0004 0013 1665903808304325 -39.0 -60.0 2.761165418194154 13 
0004 0005 1665903808308173 -34.9375 -59.0 5.749359992995383 13 
0004 0010 1665903808309099 34.9375 -60.0 1.2210487071569704 13 
0004 0008 1665903808310236 -69.125 -68.0 0.6013204688511713 13 
0004 0015 1665903808311348 -74.0 -66.0 4.571262747899211 13 
0004 0002 1665903808312373 -74.0 -74.0 2.509592568980909 13 
0004 0007 1665903808333198 29.25 -75.0 1.0492428589137786 13 
0004 0000 1665903808335986 34.125 -77.0 5.878214379177777 13 
0004 0011 1665903808341395 -5.625 -74.5 1.5953400194010667 13 
0004 0008 1665903808424839 65.0625 -67.5 5.988660995905543 13 
0004 0002 1665903808425836 -139.125 -73.5 2.5954954931025047 13 
0004 0010 1665903808428824 61.0 -58.0 0.1227184630308513 13 
0004 0005 1665903808429707 -8.9375 -61.0 5.737088146692298 13 
0004 0015 1665903808431405 -65.0625 -68.0 4.196971435655114 13 
0004 0004 1665903808432685 -34.9375 -55.5 3.5158839658338894 13 
0004 0013 1665903808433883 -56.125 -61.0 2.2457478734645786 13 
0004 0006 1665903808434908 -151.3125 -70.5 5.141903600992669 13 
0004 0012 1665903808435809 34.9375 -71.0 3.9085830475326135 13 
0004 0011 1665903808436881 182.25 -68.5 6.1420590746941075 13 
0004 0000 1665903808452392 119.1875 -75.5 6.209554229361076 13 
0004 0006 1665903808544152 -246.5625 -71.0 4.724660826687775 13 
0004 0008 1665903808545950 -26.0 -60.5 4.902602598082509 13 
0004 0004 1665903808546831 -8.9375 -56.5 2.705942109830271 13 
0004 0010 1665903808547724 0.0 -55.5 4.374913207049849 13 
0004 0005 1665903808549226 221.3125 -69.5 5.5284667595398505 13 
0004 0011 1665903808550778 17.0625 -65.0 4.000621894805752 13 
0004 0015 1665903808551962 52.0625 -67.0 3.442252888015379 13 
0004 0002 1665903808553285 -273.375 -75.0 2.3439226438892597 13 
0004 0003 1665903808596712 0.4375 -73.5 0.0674951546669682 13 
0004 0011 1665903808658559 17.0625 -62.0 0.8774370106705868 13 
0004 0010 1665903808659756 -26.0 -58.5 1.4726215563702154 13 
0004 0003 1665903808660697 -221.3125 -68.5 3.104777114680538 13 
0004 0015 1665903808662107 143.1875 -67.0 3.0250101137104846 13 
0004 0004 1665903808663964 -34.9375 -60.5 0.9878836273983529 13 
0004 0007 1665903808665582 -8.9375 -69.0 2.5770877236478773 13 
0004 0008 1665903808669362 91.125 -64.0 3.3011266555298997 13 
0004 0002 1665903808672398 -48.0 -72.0 1.2885438618239387 13 
0004 0009 1665903808714947 -5.4375 -72.0 6.111379458936394 13 
0004 0006 1665903808724894 7.3125 -75.0 5.602097837358362 13 
0004 0009 1665903808777666 130.1875 -65.0 2.184388641949153 13 
0004 0007 1665903808778818 56.125 -66.0 1.9696313316451632 13 
0004 0011 1665903808779729 -13.0 -64.5 4.693981210930062 13 
0004 0000 1665903808781676 8.9375 -70.0 3.1354567304382504 13 
0004 0008 1665903808782575 156.1875 -70.0 5.43029198911517 13 
0004 0004 1665903808783697 -26.0 -55.5 4.97623367590102 13 
0004 0003 1665903808787442 -182.25 -70.5 2.9268353432858034 13 
0004 0015 1665903808789692 -303.5 -68.0 3.147728576741336 13 
0004 0006 1665903808790645 108.1875 -73.5 3.0372819600135696 13 
0004 0002 1665903808815310 -37.375 -78.0 0.03681553890925539 13 
0004 0015 1665903808897947 -121.25 -69.5 2.8838838812250054 13 
0004 0008 1665903808899426 -56.125 -59.5 4.1417481272912315 13 
0004 0004 1665903808900337 -26.0 -54.0 4.0558452031696355 13 
0004 0011 1665903808901235 56.125 -65.5 2.773437264497239 13 
0004 0007 1665903808902374 -82.1875 -69.0 1.9082721001297376 13 
0004 0009 1665903808903299 -34.9375 -64.5 1.552388557340269 13 
0004 0000 1665903808905681 -43.125 -68.0 2.2580197197676637 13 
0004 0002 1665903808950008 -5.4375 -79.0 1.337631247036279 13 
0004 0014 1665903808999053 -5.4375 -73.0 1.4787574795217582 13 
0004 0001 1665903809016961 -0.875 -77.5 4.792155981354743 13 
0004 0009 1665903809054439 30.0625 -67.0 0.8160777791551611 13 
0004 0007 1665903809055821 -204.25 -70.5 1.7671458676442586 13 
0004 0011 1665903809056745 21.9375 -66.0 1.945087639038993 13 
0004 0004 1665903809057882 -34.9375 -54.0 3.141592653589793 13 
0004 0000 1665903809061135 82.1875 -71.5 1.0246991663076084 13 
0004 0008 1665903809065372 8.9375 -58.0 3.2581751934691017 13 
0004 0015 1665903809067655 -61.0 -69.5 3.1784081924990484 13 
0004 0002 1665903809069861 21.9375 -72.5 3.3440781175906977 13 
0004 0014 1665903809085417 10.5 -72.0 4.571262747899211 13 
0004 0001 1665903809093574 -11.4375 -77.0 0.7731263170943632 13 
0004 0009 1665903809171050 26.0 -65.0 1.2455923997631406 13 
0004 0008 1665903809172896 -43.125 -59.0 3.160000423044421 13 
0004 0015 1665903809174407 95.1875 -70.0 3.06182565261974 13 
0004 0004 1665903809176696 26.0 -53.0 2.6568547246179306 13 
0004 0000 1665903809177607 -165.1875 -72.5 0.6810874698212247 13 
0004 0011 1665903809181346 82.1875 -65.0 2.0371264863121317 13 
0004 0002 1665903809182963 -4.0625 -69.5 2.9022916506796332 13 
0004 0007 1665903809183979 26.0 -71.5 1.0185632431560658 13 
0004 0014 1665903809210911 -2.4375 -71.5 1.6260196351587797 13 
0004 0001 1665903809214887 70.0 -77.0 5.6143696836614465 13 
0004 0010 1665903809248860 -4.25 -79.5 4.700117134081604 13 
0004 0005 1665903809253266 0.0 -74.0 4.988505522204105 13 
0004 0000 1665903809308167 4.0625 -72.5 5.853670686571607 13 
0004 0005 1665903809310954 -108.1875 -71.0 1.8714565612204823 13 
0004 0004 1665903809312047 4.0625 -53.5 2.1905245651006955 13 
0004 0015 1665903809312959 0.0 -69.5 3.2397674240144743 13 
0004 0014 1665903809313890 -316.5 -70.0 1.5401167110371838 13 
0004 0008 1665903809315053 -39.0 -59.5 2.6323110320117604 13 
0004 0009 1665903809315981 -113.0625 -64.0 1.043106935762236 13 
0004 0002 1665903809317146 -82.1875 -68.5 2.1475731030398975 13 
0004 0011 1665903809319136 -130.1875 -67.0 2.024854640009046 13 
0004 0010 1665903809328051 -368.625 -75.5 4.81056375080937 13 
0004 0007 1665903809364624 -4.0625 -75.0 0.7731263170943632 13 
0004 0014 1665903809366683 2.4375 -71.5 4.73693267299086 13 
0004 0009 1665903809443861 48.0 -63.0 1.0492428589137786 13 
0004 0011 1665903809446361 -117.125 -66.5 1.9144080232812801 13 
0004 0015 1665903809447405 -134.25 -69.0 3.393165502803038 13 
0004 0004 1665903809448300 13.0 -53.0 1.9573594853420782 13 
0004 0008 1665903809450213 -8.9375 -60.5 2.411417798556228 13 
0004 0002 1665903809452075 26.0 -67.5 1.4542137869155878 13 
0004 0000 1665903809452976 282.375 -72.0 4.71238898038469 13 
0004 0014 1665903809455057 -61.0 -71.5 1.7119225592803755 13 
0004 0005 1665903809455981 4.0625 -67.5 1.705786636128833 13 
0004 0010 1665903809457757 61.0 -72.5 4.6878452877785195 13 
0004 0007 1665903809479698 -10.5 -74.5 0.7547185476397354 13 
0004 0004 1665903809561147 13.0 -54.0 1.8530487917658545 13 
0004 0008 1665903809562386 -34.9375 -60.5 2.3746022596469727 13 
0004 0005 1665903809566221 48.0 -67.0 1.6505633277649499 13 
0004 0009 1665903809568316 -8.9375 -62.0 1.1780972450961724 13 
0004 0011 1665903809569638 -13.0 -66.5 1.6996507129772904 13 
0004 0002 1665903809570777 -52.0625 -68.5 1.1903690913992575 13 
0004 0014 1665903809572182 -156.1875 -69.5 1.705786636128833 13 
0004 0000 1665903809573734 -243.3125 -72.0 4.626486056263094 13 
0004 0015 1665903809574619 208.3125 -71.5 3.160000423044421 13 
0004 0010 1665903809579496 -178.1875 -73.5 5.123495831538041 13 
0004 0002 1665903809696646 -69.125 -69.5 0.9326603190344698 13 
0004 0008 1665903809697925 21.9375 -60.5 2.6016314162540475 13 
0004 0011 1665903809700013 -113.0625 -66.5 2.270291566070749 13 
0004 0009 1665903809700953 -74.0 -62.5 1.2762720155208536 13 
0004 0004 1665903809702160 -17.0625 -54.0 1.748738098189631 13 
0004 0014 1665903809703285 30.0625 -69.0 1.7241944055834606 13 
0004 0010 1665903809705062 -260.375 -71.0 5.45483568172134 13 
0004 0015 1665903809705963 52.0625 -70.5 3.018874190558942 13 
0004 0005 1665903809706888 74.0 -66.0 1.7119225592803755 13 
0004 0000 1665903809708635 -39.0 -75.0 4.172427743048944 13 
0004 0007 1665903809710002 -82.1875 -72.5 1.0185632431560658 13 
0004 0007 1665903809808288 39.0 -70.0 0.7731263170943632 13 
0004 0002 1665903809810102 78.0625 -68.5 0.5092816215780329 13 
0004 0000 1665903809811524 182.25 -73.5 4.0128937411088375 13 
0004 0014 1665903809812975 -108.1875 -68.5 1.8837284075235674 13 
0004 0011 1665903809813885 21.9375 -67.5 2.2580197197676637 13 
0004 0008 1665903809814782 48.0 -61.0 2.5157284921324514 13 
0004 0004 1665903809815736 -21.9375 -54.0 1.6689710972195777 13 
0004 0010 1665903809816635 -173.3125 -71.5 5.4671075280244255 13 
0004 0015 1665903809817535 -169.25 -71.0 3.2888548092268146 13 
0004 0005 1665903809818926 17.0625 -65.5 1.8285050991596843 13 
0004 0009 1665903809819940 52.0625 -62.5 1.1903690913992575 13 
0004 0007 1665903809918853 -65.0625 -72.0 0.8283496254582462 13 
0004 0014 1665903809920046 87.0625 -68.0 1.552388557340269 13 
0004 0005 1665903809921398 -26.0 -65.0 1.7671458676442586 13 
0004 0010 1665903809925072 74.0 -70.5 5.375068680751287 13 
0004 0008 1665903809926009 4.0625 -61.5 2.5034566458293663 13 
0004 0015 1665903809927423 108.1875 -71.0 2.773437264497239 13 
0004 0002 1665903809928346 -87.0625 -68.0 0.48473792897186263 13 
0004 0009 1665903809929244 100.0625 -62.5 1.1719613219446299 13 
0004 0004 1665903809930141 -21.9375 -54.0 1.6444274046134073 13 
0004 0011 1665903809933550 -39.0 -67.0 2.3316507975861747 13 
0004 0000 1665903809952639 5.625 -76.0 0.9081166264282996 13 
0004 0006 1665903809993987 -12.8125 -75.0 0.7731263170943632 13 
0004 0004 1665903810047782 0.0 -54.5 1.5585244804918115 13 
0004 0014 1665903810049745 13.0 -67.5 1.7303303287350031 13 
0004 0009 1665903810052500 108.1875 -62.5 1.1780972450961724 13 
0004 0011 1665903810053908 26.0 -67.5 2.4605051837685683 13 
0004 0008 1665903810055527 -26.0 -61.5 2.478912953223196 13 
0004 0010 1665903810056973 69.125 -70.5 5.473243451175968 13 
0004 0007 1665903810057842 13.0 -71.0 0.9817477042468103 13 
0004 0005 1665903810059479 143.1875 -65.0 1.5892040962495242 13 
0004 0002 1665903810061024 17.0625 -69.5 0.11044661672776616 13 
0004 0006 1665903810101897 11.4375 -74.0 0.5645049299419159 13 
0004 0015 1665903810107299 9.75 -72.5 2.761165418194154 13 
0004 0000 1665903810111450 13.875 -76.0 3.7981364308048478 13 
0004 0009 1665903810190211 -48.0 -62.5 1.2517283229146832 13 
0004 0005 1665903810191803 34.9375 -65.0 1.5585244804918115 13 
0004 0008 1665903810193151 -4.0625 -62.5 2.3623304133438876 13 
0004 0004 1665903810194019 8.9375 -54.0 1.4542137869155878 13 
0004 0011 1665903810194964 -78.0625 -66.5 2.4605051837685683 13 
0004 0010 1665903810196495 -91.125 -69.5 5.553010452146021 13 
0004 0002 1665903810197926 -95.1875 -68.0 0.05522330836388308 13 
0004 0007 1665903810200368 147.25 -71.0 0.6994952392758523 13 
0004 0014 1665903810203264 -13.0 -68.0 1.6996507129772904 13 
0004 0000 1665903810234250 19.5 -76.5 0.37429131224409645 13 
0004 0006 1665903810237102 -15.375 -74.0 0.5276893910326605 13 
0004 0015 1665903810241317 4.0625 -72.5 5.957981380147831 13 
0004 0014 1665903810319066 82.1875 -68.0 1.5707963267948966 13 
0004 0011 1665903810319981 -160.3125 -67.0 2.36846633649543 13 
0004 0004 1665903810322928 21.9375 -54.0 1.2762720155208536 13 
0004 0009 1665903810324716 13.0 -62.5 1.055378782065321 13 
0004 0005 1665903810326151 -30.0625 -65.0 1.5585244804918115 13 
0004 0008 1665903810327347 87.0625 -62.0 2.184388641949153 13 
0004 0010 1665903810328229 -69.125 -69.0 5.595961914206819 13 
0004 0002 1665903810329832 26.0 -68.5 5.890486225480862 13 
0004 0007 1665903810333694 -52.0625 -71.5 0.7792622402459057 13 
0004 0006 1665903810360581 4.0625 -74.5 0.30679615757712825 13 
0004 0015 1665903810363351 3.1875 -72.5 5.9518454569962875 13 
0004 0000 1665903810365572 -48.8125 -77.0 3.663146121470911 13 
0004 0010 1665903810440017 -34.9375 -68.5 5.626641529964532 13 
0004 0007 1665903810441142 -143.1875 -71.5 0.8467573949128739 13 
0004 0004 1665903810443823 17.0625 -54.0 1.214912784005428 13 
0004 0008 1665903810444733 48.0 -63.0 2.1353012567368124 13 
0004 0014 1665903810447343 34.9375 -68.5 1.6137477888556946 13 
0004 0002 1665903810448976 -91.125 -67.5 5.859806609723149 13 
0004 0011 1665903810450130 -82.1875 -67.0 2.350058567040802 13 
0004 0005 1665903810451015 134.25 -65.0 1.2455923997631406 13 
0004 0009 1665903810453017 17.0625 -62.5 1.0676506283684062 13 
0004 0015 1665903810454062 -234.3125 -71.0 3.0495538063166547 13 
0004 0000 1665903810482565 10.5 -77.0 0.11658253987930872 13 
0004 0006 1665903810493106 3.1875 -74.5 3.429981041712294 13 
0004 0009 1665903810564050 -8.9375 -62.5 1.0676506283684062 13 
0004 0005 1665903810564953 74.0 -64.5 1.2333205534600555 13 
0004 0008 1665903810565865 143.1875 -62.5 2.000310947402876 13 
0004 0004 1665903810567054 8.9375 -54.0 1.1290098598838318 13 
0004 0011 1665903810568169 -52.0625 -66.5 2.3193789512830896 13 
0004 0010 1665903810569079 -34.9375 -69.0 5.497787143782138 13 
0004 0014 1665903810569947 -113.0625 -67.5 1.748738098189631 13 
0004 0002 1665903810573984 130.1875 -67.0 5.553010452146021 13 
0004 0007 1665903810575290 26.0 -71.5 0.5829126993965437 13 
0004 0015 1665903810579438 195.25 -71.0 2.6875343403756435 13 
0004 0000 1665903810615197 -11.4375 -76.5 0.0 13 
0004 0006 1665903810647122 2.875 -74.5 3.3870295796514958 13 
0004 0005 1665903810701327 4.0625 -64.5 1.1106020904292042 13 
0004 0009 1665903810702226 -48.0 -62.5 1.0737865515199487 13 
0004 0002 1665903810703152 -117.125 -65.5 5.755495916146925 13 
0004 0007 1665903810704558 -48.0 -72.0 0.3436116964863836 13 
0004 0015 1665903810705429 130.1875 -70.5 2.8286605728611223 13 
0004 0011 1665903810706823 65.0625 -67.0 2.110757564130642 13 
0004 0004 1665903810707705 -26.0 -54.0 1.0921943209745766 13 
0004 0010 1665903810709408 -208.3125 -68.0 5.810719224510809 13 
0004 0008 1665903810710318 -48.0 -62.5 2.1046216409791 13 
0004 0014 1665903810711740 78.0625 -67.5 1.533980787885641 13 
0004 0006 1665903810741786 -5.625 -74.5 0.23316507975861744 13 
0004 0000 1665903810752120 -32.5 -76.5 6.154330920997192 13 
