0004 0012 1665903945304582 -100.0625 -64.5 4.1172044346850605 13 
0004 0002 1665903945307120 8.9375 -66.0 1.8530487917658545 13 
0004 0014 1665903945309095 4.0625 -67.0 4.853515212870168 13 
0004 0005 1665903945310276 -48.0 -59.0 5.246214294568893 13 
0004 0006 1665903945311229 -146.4375 -68.0 5.289165756629691 13 
0004 0004 1665903945312107 -8.9375 -56.0 3.3072625786814425 13 
0004 0010 1665903945313248 34.9375 -62.5 1.325359400733194 13 
0004 0015 1665903945314600 -78.0625 -64.5 4.399456899656019 13 
0004 0008 1665903945318397 -65.0625 -68.5 0.2638446955163303 13 
0004 0007 1665903945380533 4.375 -75.5 6.086835766330224 13 
0004 0005 1665903945431026 0.0 -59.5 5.148039524144211 13 
0004 0006 1665903945432821 47.1875 -68.0 5.019185137961818 13 
0004 0010 1665903945433763 -95.1875 -62.0 1.3989904785517047 13 
0004 0013 1665903945434948 -26.0 -63.0 1.8775924843720249 13 
0004 0014 1665903945436128 -178.1875 -67.0 5.043728830567988 13 
0004 0004 1665903945437024 -56.125 -56.0 3.3318062712876126 13 
0004 0012 1665903945437910 -56.125 -65.0 3.9944859716542096 13 
0004 0015 1665903945439477 -56.125 -64.5 4.387185053352934 13 
0004 0002 1665903945440371 4.0625 -65.5 1.8837284075235674 13 
0004 0008 1665903945442369 4.0625 -70.0 0.1227184630308513 13 
0004 0003 1665903945443283 -104.125 -72.0 5.013049214810275 13 
0004 0007 1665903945654010 -7.8125 -75.5 6.209554229361076 13 
0004 0001 1665903945674604 -4.375 -76.5 3.9699422790480394 13 
0004 0012 1665903945731722 -13.0 -64.5 3.847223816017188 13 
0004 0014 1665903945733398 26.0 -67.5 4.767612288748572 13 
0004 0004 1665903945734904 4.0625 -56.0 3.2520392703175593 13 
0004 0006 1665903945735831 33.3125 -68.5 5.092816215780329 13 
0004 0015 1665903945737000 48.0 -65.0 4.301282129231338 13 
0004 0010 1665903945737912 -30.0625 -62.0 1.1903690913992575 13 
0004 0005 1665903945738791 0.0 -59.5 5.0682725231741586 13 
0004 0002 1665903945739693 -74.0 -65.0 2.000310947402876 13 
0004 0013 1665903945740620 4.0625 -63.0 1.8223691760081417 13 
0004 0008 1665903945743221 -91.125 -69.0 0.12885438618239387 13 
0004 0003 1665903945746464 4.0625 -71.0 4.669437518323892 13 
0004 0001 1665903945822754 4.6875 -77.0 3.877903431774901 13 
0004 0007 1665903945837487 -1.1875 -75.5 6.037748381117884 13 
0004 0008 1665903945886496 69.125 -70.5 6.1850105367549055 13 
0004 0014 1665903945887901 -108.1875 -67.0 4.896466674930966 13 
0004 0010 1665903945889052 4.0625 -62.0 1.2026409377023426 13 
0004 0012 1665903945890702 4.0625 -65.0 3.773592738198677 13 
0004 0004 1665903945892040 -13.0 -56.5 3.2336315008629315 13 
0004 0015 1665903945896126 -4.0625 -64.0 4.356505437595221 13 
0004 0006 1665903945897082 146.4375 -68.5 4.970097752749477 13 
0004 0005 1665903945897991 4.0625 -59.5 5.092816215780329 13 
0004 0002 1665903945898876 -100.0625 -65.5 2.110757564130642 13 
0004 0013 1665903945900017 -26.0 -63.0 1.846912868614312 13 
0004 0003 1665903945903136 -8.9375 -71.5 4.859651136021712 13 
0004 0001 1665903945943631 -0.875 -77.0 4.006757817957295 13 
0004 0007 1665903945959592 -4.375 -76.0 6.111379458936394 13 
0004 0006 1665903946018433 -78.0625 -68.0 5.141903600992669 13 
0004 0008 1665903946019645 -48.0 -69.5 0.018407769454627694 13 
0004 0002 1665903946020797 -95.1875 -65.5 2.116893487282185 13 
0004 0005 1665903946021992 8.9375 -59.5 5.117359908386499 13 
0004 0014 1665903946022937 -52.0625 -67.0 4.841243366567084 13 
0004 0010 1665903946026666 -48.0 -61.5 1.3008157081270237 13 
0004 0003 1665903946027590 -21.9375 -70.0 4.8351074434155406 13 
0004 0013 1665903946028989 -113.0625 -63.5 1.8653206380689396 13 
0004 0015 1665903946029918 69.125 -64.5 4.221515128261284 13 
0004 0012 1665903946032532 -74.0 -65.5 3.877903431774901 13 
0004 0004 1665903946033457 4.0625 -56.5 3.2459033471660166 13 
0004 0007 1665903946088266 -8.5 -75.5 6.240233845118788 13 
0004 0001 1665903946091927 -2.125 -77.0 4.074252972624263 13 
0004 0010 1665903946152553 -30.0625 -61.5 1.3069516312785663 13 
0004 0005 1665903946153903 17.0625 -59.5 5.111223985234957 13 
0004 0002 1665903946155924 -13.0 -64.0 2.098485717827557 13 
0004 0004 1665903946157344 -8.9375 -56.0 3.2520392703175593 13 
0004 0015 1665903946158740 -8.9375 -65.0 4.313553975534423 13 
0004 0003 1665903946160145 -30.0625 -70.5 4.853515212870168 13 
0004 0013 1665903946161101 8.9375 -63.5 1.761009944492716 13 
0004 0008 1665903946163288 130.1875 -69.0 6.2463697682703305 13 
0004 0006 1665903946164704 265.25 -67.5 4.914874444385594 13 
0004 0012 1665903946166269 152.125 -65.0 3.5711072741977725 13 
0004 0014 1665903946168752 -17.0625 -67.5 4.828971520263998 13 
0004 0001 1665903946212365 -3.0 -77.5 4.1601558967458585 13 
0004 0007 1665903946228181 10.5 -75.5 6.037748381117884 13 
0004 0000 1665903946266949 10.625 -77.5 2.000310947402876 13 
0004 0012 1665903946291829 21.9375 -65.0 3.718369429834794 13 
0004 0008 1665903946293038 -8.9375 -68.5 0.006135923151542565 13 
0004 0002 1665903946293916 0.0 -64.5 2.086213871524472 13 
0004 0004 1665903946294833 -34.9375 -56.0 3.2888548092268146 13 
0004 0003 1665903946296027 30.0625 -71.0 4.773748211900116 13 
0004 0006 1665903946297701 161.125 -68.0 4.890330751779424 13 
0004 0015 1665903946299788 -4.0625 -65.0 4.325825821837508 13 
0004 0005 1665903946301597 -13.0 -59.5 5.141903600992669 13 
0004 0010 1665903946302723 -39.0 -61.5 1.3744467859455345 13 
0004 0014 1665903946303792 182.25 -67.5 4.577398671050753 13 
0004 0013 1665903946304650 43.125 -63.0 1.6689710972195777 13 
0004 0007 1665903946375806 -10.9375 -75.5 6.252505691421874 13 
0004 0001 1665903946476437 -7.75 -76.0 4.522175362686871 13 
0004 0000 1665903946496848 -7.5 -77.5 5.2768939103266055 13 
0004 0012 1665903946504538 8.9375 -65.5 3.724505352986337 13 
0004 0004 1665903946505871 -21.9375 -56.0 3.2520392703175593 13 
0004 0010 1665903946506783 8.9375 -61.0 1.2455923997631406 13 
0004 0013 1665903946508180 -13.0 -63.5 1.7241944055834606 13 
0004 0002 1665903946509317 -48.0 -64.0 2.2027964114037806 13 
0004 0006 1665903946511431 243.3125 -68.5 4.902602598082509 13 
0004 0005 1665903946512525 43.125 -59.0 5.092816215780329 13 
0004 0003 1665903946513563 -95.1875 -71.0 4.9823695990525625 13 
0004 0014 1665903946514459 4.0625 -67.0 4.798291904506286 13 
0004 0015 1665903946515430 4.0625 -64.0 4.270602513473625 13 
0004 0008 1665903946518594 30.0625 -69.5 6.240233845118788 13 
0004 0007 1665903946675254 2.5 -75.0 6.086835766330224 13 
0004 0001 1665903946693699 9.9375 -76.5 4.381049130201391 13 
0004 0000 1665903946707884 -9.75 -77.5 5.338253141842031 13 
0004 0008 1665903946723154 -134.25 -69.0 0.07363107781851078 13 
0004 0002 1665903946724050 -34.9375 -64.0 2.1659808724945253 13 
0004 0004 1665903946725232 -34.9375 -56.0 3.2643111166206444 13 
0004 0013 1665903946726160 -13.0 -63.5 1.6812429435226628 13 
0004 0005 1665903946727083 0.0 -59.0 5.117359908386499 13 
0004 0010 1665903946728044 -13.0 -61.0 1.3130875544301088 13 
0004 0012 1665903946728959 56.125 -65.0 3.6999616603801666 13 
0004 0003 1665903946729870 -108.1875 -70.0 4.908738521234052 13 
0004 0006 1665903946731286 -90.3125 -68.0 5.203262832508095 13 
0004 0015 1665903946732169 -8.9375 -65.0 4.399456899656019 13 
0004 0014 1665903946734332 -69.125 -67.0 4.890330751779424 13 
0004 0007 1665903946939936 0.4375 -75.5 6.0991076126333095 13 
0004 0001 1665903946952268 -0.875 -76.5 4.509903516383785 13 
0004 0000 1665903946964515 -10.1875 -77.5 5.264622064023521 13 
0004 0005 1665903946978776 43.125 -59.0 5.080544369477243 13 
0004 0013 1665903946979692 34.9375 -63.5 1.6382914814618648 13 
0004 0012 1665903946981086 -4.0625 -65.0 3.785864584501762 13 
0004 0008 1665903946981970 26.0 -68.5 6.160466844148735 13 
0004 0003 1665903946982880 -80.5625 -70.5 5.111223985234957 13 
0004 0015 1665903946984773 78.0625 -65.0 4.295146206079795 13 
0004 0002 1665903946985669 39.0 -65.0 2.0371264863121317 13 
0004 0004 1665903946986778 13.0 -56.0 3.215223731408304 13 
0004 0010 1665903946988423 4.0625 -61.5 1.3437671701878218 13 
0004 0014 1665903946989904 -17.0625 -67.0 4.896466674930966 13 
0004 0006 1665903946992016 -94.375 -68.0 5.160311370447297 13 
0004 0000 1665903947104454 9.5 -77.5 5.135767677841127 13 
0004 0007 1665903947116810 1.0625 -75.5 6.160466844148735 13 
0004 0014 1665903947134881 87.0625 -67.5 4.7307967498393175 13 
0004 0003 1665903947137376 -13.0 -70.5 5.031456984264903 13 
0004 0013 1665903947138878 -52.0625 -64.0 1.7794177139473437 13 
0004 0006 1665903947139844 -142.375 -68.0 5.135767677841127 13 
0004 0004 1665903947140695 -4.0625 -56.5 3.215223731408304 13 
0004 0010 1665903947141667 -56.125 -61.0 1.282407938672396 13 
0004 0002 1665903947143029 17.0625 -64.5 2.055534255766759 13 
0004 0005 1665903947143927 8.9375 -59.5 5.154175447295755 13 
0004 0008 1665903947144983 121.25 -69.5 6.086835766330224 13 
0004 0015 1665903947145883 95.1875 -65.5 4.178563666200486 13 
0004 0012 1665903947146777 0.0 -65.5 3.8410878928656453 13 
0004 0000 1665903947209129 -14.0 -78.0 5.381204603902829 13 
0004 0007 1665903947433106 -8.4375 -75.0 6.234097921967246 13 
0004 0012 1665903947453736 -52.0625 -65.5 3.8410878928656453 13 
0004 0002 1665903947457434 39.0 -65.5 1.945087639038993 13 
0004 0004 1665903947458757 8.9375 -57.0 3.215223731408304 13 
0004 0005 1665903947460518 8.9375 -59.0 5.160311370447297 13 
0004 0006 1665903947461384 4.875 -68.5 5.123495831538041 13 
0004 0013 1665903947462556 -48.0 -63.5 1.761009944492716 13 
0004 0010 1665903947464971 13.0 -61.0 1.184233168247715 13 
0004 0003 1665903947465897 -139.125 -70.0 4.853515212870168 13 
0004 0014 1665903947468329 21.9375 -68.0 4.773748211900116 13 
0004 0015 1665903947469202 -43.125 -64.5 4.325825821837508 13 
0004 0000 1665903947713332 -3.9375 -77.5 5.154175447295755 13 
0004 0007 1665903947725688 -4.625 -75.5 6.178874613603362 13 
0004 0006 1665903947742365 -47.1875 -67.5 5.086680292628786 13 
0004 0015 1665903947743251 -56.125 -65.0 4.356505437595221 13 
0004 0013 1665903947744436 34.9375 -63.5 1.6321555583103222 13 
0004 0002 1665903947745334 -52.0625 -64.5 2.061670178918302 13 
0004 0014 1665903947747504 -17.0625 -67.5 4.755340442445488 13 
0004 0004 1665903947748486 4.0625 -56.5 3.184544115650591 13 
0004 0005 1665903947750106 -87.0625 -59.5 5.283029833478148 13 
0004 0008 1665903947751116 78.0625 -70.5 0.2699806186678728 13 
0004 0012 1665903947752879 30.0625 -65.0 3.7429131224409646 13 
0004 0010 1665903947753778 -100.0625 -61.0 1.2885438618239387 13 
0004 0003 1665903947754719 -186.3125 -71.0 4.841243366567084 13 
0004 0007 1665903947838386 -4.0625 -75.5 6.1850105367549055 13 
0004 0000 1665903947859538 -3.625 -78.5 5.393476450205914 13 
0004 0015 1665903947908030 -21.9375 -67.5 3.810408277107933 13 
0004 0002 1665903947909422 -8.9375 -65.5 2.098485717827557 13 
0004 0008 1665903947911429 -143.1875 -69.5 0.3129320807286708 13 
0004 0003 1665903947912352 -43.125 -70.0 5.037592907416445 13 
0004 0004 1665903947913556 -8.9375 -55.5 2.988194574801229 13 
0004 0006 1665903947914440 -78.0625 -69.0 4.945554060143307 13 
0004 0010 1665903947915548 -48.0 -60.5 0.5276893910326605 13 
0004 0005 1665903947916472 -8.9375 -59.5 5.184855063053467 13 
0004 0013 1665903947919143 -43.125 -63.5 2.270291566070749 13 
0004 0012 1665903947921581 52.0625 -64.0 4.196971435655114 13 
0004 0014 1665903947924245 -82.1875 -66.5 5.325981295538946 13 
0004 0011 1665903947952384 17.0625 -72.0 4.221515128261284 13 
0004 0000 1665903947982093 -0.875 -77.0 2.2948352586769194 13 
0004 0007 1665903947986477 3.1875 -75.5 6.025476534814799 13 
0004 0002 1665903948042261 -61.0 -64.0 2.6016314162540475 13 
0004 0005 1665903948043442 -43.125 -62.0 5.350524988145116 13 
0004 0010 1665903948044323 -8.9375 -57.0 5.105088062083414 13 
0004 0014 1665903948047559 100.0625 -68.5 5.344389064993574 13 
0004 0013 1665903948048956 82.1875 -63.0 2.061670178918302 13 
0004 0004 1665903948051197 -4.0625 -54.5 2.3071071049800045 13 
0004 0012 1665903948052814 -74.0 -64.5 4.6878452877785195 13 
0004 0011 1665903948053671 -121.25 -68.0 3.509748042682347 13 
0004 0008 1665903948054581 -69.125 -67.5 5.092816215780329 13 
0004 0006 1665903948055575 56.9375 -69.5 4.025165587411922 13 
0004 0003 1665903948057550 -26.0 -71.0 5.307573526084319 13 
0004 0015 1665903948059381 -56.125 -67.0 3.2888548092268146 13 
0004 0000 1665903948060405 121.25 -74.0 5.5100589900852235 13 
0004 0009 1665903948104907 0.75 -72.5 1.3621749396424494 13 
0004 0006 1665903948167561 -302.6875 -69.5 3.074097498922825 13 
0004 0005 1665903948168471 -13.0 -67.0 5.786175531904639 13 
0004 0008 1665903948171780 30.0625 -60.5 3.9760782021995817 13 
0004 0010 1665903948173159 17.0625 -55.5 2.773437264497239 13 
0004 0004 1665903948174040 8.9375 -56.0 1.184233168247715 13 
0004 0013 1665903948175477 30.0625 -66.5 1.6935147898257479 13 
0004 0011 1665903948178513 -48.0 -67.0 1.184233168247715 13 
0004 0002 1665903948179664 100.0625 -66.0 1.5033011721279284 13 
0004 0015 1665903948180608 -100.0625 -66.0 2.9145634969827183 13 
0004 0012 1665903948209905 -8.0625 -75.0 0.8344855486097889 13 
0004 0003 1665903948287825 -21.9375 -68.0 3.399301425954581 13 
0004 0010 1665903948288763 0.0 -59.5 5.9518454569962875 13 
0004 0002 1665903948290644 -74.0 -67.0 0.7976700097005334 13 
0004 0004 1665903948292007 -21.9375 -57.5 5.21553467881118 13 
0004 0011 1665903948292922 -52.0625 -66.0 5.534602682691394 13 
0004 0015 1665903948294259 -56.125 -65.0 2.705942109830271 13 
0004 0008 1665903948295168 -13.0 -63.0 2.6691265709210157 13 
0004 0003 1665903948398961 -26.0 -66.5 3.1231848841351653 13 
0004 0015 1665903948400091 299.4375 -66.5 2.2886993355253766 13 
0004 0011 1665903948401269 -26.0 -63.5 4.362641360746763 13 
0004 0000 1665903948402648 108.1875 -71.5 2.184388641949153 13 
0004 0002 1665903948403798 21.9375 -69.0 5.786175531904639 13 
0004 0004 1665903948404680 -26.0 -54.5 3.479068426924634 13 
0004 0008 1665903948431575 9.0 -71.5 5.381204603902829 13 
0004 0001 1665903948510927 2.625 -76.5 4.908738521234052 13 
0004 0015 1665903948518401 26.0 -66.5 2.4911847995262812 13 
0004 0004 1665903948521889 17.0625 -53.5 2.386874105950058 13 
0004 0002 1665903948522786 -139.125 -70.5 4.430136515413731 13 
0004 0011 1665903948523682 30.0625 -63.5 2.8286605728611223 13 
0004 0008 1665903948526195 52.0625 -63.5 3.792000507653305 13 
0004 0000 1665903948527742 -95.1875 -71.5 1.4971652489763858 13 
0004 0003 1665903948528654 199.375 -72.0 2.4175537217077703 13 
0004 0001 1665903948562261 -9.0 -76.0 1.3560390164909069 13 
0004 0011 1665903948638586 -13.0 -64.0 1.7794177139473437 13 
0004 0015 1665903948640864 -30.0625 -66.5 2.736621725587984 13 
0004 0004 1665903948643119 21.9375 -53.5 1.4480778637640452 13 
0004 0008 1665903948644129 -21.9375 -60.0 2.8961557275280905 13 
0004 0002 1665903948645321 48.0 -68.5 2.350058567040802 13 
0004 0000 1665903948653996 0.0 -72.0 0.47860200582032003 13 
0004 0009 1665903948660179 -18.25 -70.5 3.629398544137427 13 
0004 0001 1665903948682216 34.125 -76.5 5.896622148632405 13 
0004 0011 1665903948759566 -21.9375 -64.5 1.282407938672396 13 
0004 0000 1665903948760671 0.0 -71.5 5.602097837358362 13 
0004 0009 1665903948762324 -8.9375 -66.5 0.17794177139473438 13 
0004 0002 1665903948763307 -113.0625 -66.0 1.3499030933393643 13 
0004 0015 1665903948764459 -43.125 -66.0 2.804116880254952 13 
0004 0004 1665903948765369 -4.0625 -53.5 0.47860200582032003 13 
0004 0008 1665903948767033 -26.0 -61.5 2.3193789512830896 13 
0004 0006 1665903948821636 4.875 -74.0 1.8223691760081417 13 
0004 0002 1665903948876933 -26.0 -65.0 0.47860200582032003 13 
0004 0009 1665903948878398 39.0 -64.5 0.23316507975861744 13 
0004 0015 1665903948879762 30.0625 -66.0 2.736621725587984 13 
0004 0011 1665903948881412 -100.0625 -65.0 1.1903690913992575 13 
0004 0008 1665903948882550 -26.0 -61.0 2.0371264863121317 13 
0004 0000 1665903948883720 -243.3125 -71.0 5.086680292628786 13 
0004 0004 1665903948884628 -17.0625 -54.0 0.01227184630308513 13 
0004 0010 1665903948886366 -165.1875 -73.0 4.933282213840222 13 
0004 0006 1665903948888637 -70.75 -70.0 5.056000676871073 13 
0004 0005 1665903948939160 -0.75 -73.5 3.5465635815916023 13 
0004 0015 1665903949025077 48.0 -66.0 2.5954954931025047 13 
0004 0009 1665903949027986 4.0625 -64.0 0.16566992509164924 13 
0004 0000 1665903949029328 -108.1875 -70.5 4.276738436625168 13 
0004 0004 1665903949030293 -8.9375 -53.5 5.737088146692298 13 
0004 0006 1665903949031688 -122.875 -69.0 5.135767677841127 13 
0004 0002 1665903949032583 -52.0625 -64.5 5.64504929941916 13 
0004 0011 1665903949034427 21.9375 -67.0 0.7179030087304801 13 
0004 0008 1665903949035366 -21.9375 -61.0 1.5892040962495242 13 
0004 0005 1665903949036381 -269.3125 -70.5 0.3129320807286708 13 
0004 0010 1665903949037336 -182.25 -72.0 4.841243366567084 13 
0004 0011 1665903949149166 0.0 -67.0 0.1595340019401067 13 
0004 0010 1665903949150042 -87.0625 -71.0 3.902447124381071 13 
0004 0002 1665903949153393 -30.0625 -64.0 5.037592907416445 13 
0004 0006 1665903949154331 -4.0625 -68.0 4.945554060143307 13 
0004 0004 1665903949156236 13.0 -54.0 5.338253141842031 13 
0004 0000 1665903949157164 -173.3125 -71.0 3.8410878928656453 13 
0004 0005 1665903949158504 -165.1875 -69.5 6.17273869045182 13 
0004 0008 1665903949159428 13.0 -61.5 1.4358060174609601 13 
0004 0009 1665903949160313 -82.1875 -63.5 0.11658253987930872 13 
0004 0015 1665903949161328 -104.125 -67.5 2.816388726558037 13 
0004 0001 1665903949260089 3.125 -77.5 2.5157284921324514 13 
0004 0000 1665903949267499 13.0 -70.5 3.368621810196868 13 
0004 0005 1665903949269265 -48.0 -68.5 5.93343768754166 13 
0004 0008 1665903949270402 13.0 -61.0 1.2762720155208536 13 
0004 0002 1665903949271257 -65.0625 -63.0 4.779884135051658 13 
0004 0015 1665903949272183 21.9375 -68.0 2.5770877236478773 13 
0004 0011 1665903949273789 82.1875 -68.5 6.2463697682703305 13 
0004 0009 1665903949274941 -34.9375 -62.0 6.270913460876501 13 
0004 0006 1665903949275837 -156.1875 -68.5 5.141903600992669 13 
0004 0004 1665903949276771 0.0 -53.0 5.117359908386499 13 
0004 0010 1665903949279441 0.0 -69.0 3.749049045592507 13 
0004 0001 1665903949344022 10.9375 -78.0 2.2212041808584084 13 
0004 0005 1665903949392627 -108.1875 -67.5 5.872078456026235 13 
0004 0009 1665903949395684 8.9375 -62.5 6.1420590746941075 13 
0004 0004 1665903949396976 -8.9375 -53.5 5.013049214810275 13 
0004 0011 1665903949397891 -95.1875 -68.5 0.2086213871524472 13 
0004 0015 1665903949399556 -13.0 -67.0 2.6261751088602177 13 
0004 0002 1665903949400468 34.9375 -62.5 4.4362724385652745 13 
0004 0008 1665903949401492 17.0625 -61.5 1.1167380135807468 13 
0004 0010 1665903949402390 -43.125 -69.0 3.933126740138784 13 
0004 0006 1665903949403313 61.8125 -67.5 4.933282213840222 13 
0004 0000 1665903949404239 48.0 -73.0 2.9268353432858034 13 
0004 0001 1665903949428382 30.0 -77.0 5.203262832508095 13 
0004 0008 1665903949506975 -65.0625 -62.0 1.1290098598838318 13 
0004 0005 1665903949509008 -117.125 -67.0 5.8659425328746915 13 
0004 0006 1665903949509917 -70.75 -67.5 5.092816215780329 13 
0004 0002 1665903949511010 -4.0625 -61.5 4.374913207049849 13 
0004 0004 1665903949511952 39.0 -53.5 5.00077736850719 13 
0004 0009 1665903949514789 -4.0625 -62.5 6.252505691421874 13 
0004 0015 1665903949516077 26.0 -68.0 2.6384469551633027 13 
0004 0010 1665903949517484 -65.0625 -68.5 4.000621894805752 13 
0004 0011 1665903949518638 -117.125 -68.5 0.0674951546669682 13 
0004 0000 1665903949519521 152.125 -73.0 2.84706834231575 13 
0004 0001 1665903949548057 26.8125 -77.5 5.166447293598839 13 
0004 0002 1665903949625307 -8.9375 -62.5 4.399456899656019 13 
0004 0004 1665903949626953 4.0625 -53.5 5.080544369477243 13 
0004 0008 1665903949628134 -13.0 -61.5 1.1167380135807468 13 
0004 0009 1665903949629770 56.125 -63.0 6.209554229361076 13 
0004 0010 1665903949632509 -126.125 -69.0 4.135612204139688 13 
0004 0011 1665903949634640 -52.0625 -67.0 0.04908738521234052 13 
0004 0015 1665903949637286 43.125 -67.5 2.6016314162540475 13 
0004 0000 1665903949639079 -386.5 -71.5 3.08636934522591 13 
0004 0005 1665903949642179 4.0625 -67.5 5.638913376267617 13 
0004 0006 1665903949643033 80.5625 -68.5 4.884194828627882 13 
0004 0001 1665903949661571 37.375 -76.5 4.865787059173254 13 
0004 0002 1665903949744170 4.0625 -62.0 4.368777283898306 13 
0004 0004 1665903949745111 -21.9375 -53.5 5.148039524144211 13 
0004 0010 1665903949746293 -82.1875 -70.0 4.074252972624263 13 
0004 0000 1665903949747247 169.25 -73.0 2.2641556429192065 13 
0004 0008 1665903949750720 0.0 -61.5 1.086058397823034 13 
0004 0011 1665903949752730 78.0625 -68.0 6.227961998815704 13 
0004 0009 1665903949753912 -65.0625 -62.5 0.1227184630308513 13 
0004 0006 1665903949755076 85.4375 -69.5 4.92714629068868 13 
0004 0015 1665903949756174 30.0625 -68.0 2.564815877344792 13 
0004 0005 1665903949757708 -87.0625 -67.0 5.651185222570702 13 
0004 0001 1665903949785466 -24.375 -77.0 5.031456984264903 13 
0004 0015 1665903949860893 21.9375 -68.0 2.767301341345697 13 
0004 0011 1665903949863510 -82.1875 -67.5 0.0674951546669682 13 
0004 0009 1665903949864392 34.9375 -63.0 0.018407769454627694 13 
0004 0008 1665903949865304 -39.0 -61.0 1.1106020904292042 13 
0004 0006 1665903949866452 47.1875 -70.0 5.00077736850719 13 
0004 0004 1665903949867913 -4.0625 -53.5 5.129631754689584 13 
0004 0010 1665903949869479 -69.125 -68.5 4.04357335686655 13 
0004 0002 1665903949870402 -8.9375 -62.0 4.28287435977671 13 
0004 0005 1665903949871431 -13.0 -67.0 5.5714182216006485 13 
0004 0000 1665903949873137 286.4375 -74.0 2.043262409463674 13 
0004 0001 1665903949891638 12.9375 -77.0 4.902602598082509 13 
0004 0015 1665903949976847 134.25 -68.0 2.4850488763747385 13 
0004 0004 1665903949979410 -8.9375 -53.5 5.129631754689584 13 
0004 0008 1665903949981161 13.0 -61.0 1.030835089459151 13 
0004 0005 1665903949982315 -113.0625 -67.0 5.620505606812989 13 
0004 0002 1665903949983437 -21.9375 -62.5 4.301282129231338 13 
0004 0009 1665903949984389 8.9375 -62.5 0.02454369260617026 13 
0004 0011 1665903949985571 21.9375 -68.0 6.277049384028044 13 
0004 0010 1665903949986585 -65.0625 -69.0 4.129476280988146 13 
0004 0006 1665903949988679 47.1875 -69.0 4.957825906446392 13 
0004 0000 1665903950000269 26.0 -74.5 2.5402721847386216 13 
0004 0001 1665903950011328 -5.625 -77.0 5.019185137961818 13 
0004 0006 1665903950094848 -18.6875 -69.5 5.006913291658733 13 
0004 0005 1665903950096130 -43.125 -67.0 5.589825991055276 13 
0004 0002 1665903950097278 21.9375 -63.0 4.215379205109742 13 
0004 0004 1665903950098173 -4.0625 -53.5 5.154175447295755 13 
0004 0009 1665903950100484 74.0 -63.0 0.1043106935762236 13 
0004 0010 1665903950102305 -21.9375 -69.0 4.172427743048944 13 
0004 0008 1665903950103215 17.0625 -61.5 1.030835089459151 13 
0004 0011 1665903950104301 -48.0 -67.5 6.252505691421874 13 
0004 0015 1665903950105258 34.9375 -68.5 2.411417798556228 13 
0004 0000 1665903950106282 -87.0625 -74.0 2.675262494072558 13 
0004 0001 1665903950127039 40.6875 -77.5 4.865787059173254 13 
0004 0005 1665903950207515 4.0625 -66.5 5.47937937432751 13 
0004 0008 1665903950209252 39.0 -61.5 1.0062913968529805 13 
0004 0010 1665903950210135 -61.0 -68.5 4.061981126321178 13 
0004 0011 1665903950211019 78.0625 -67.5 0.04908738521234052 13 
0004 0004 1665903950212169 -17.0625 -53.5 5.184855063053467 13 
0004 0015 1665903950213071 -74.0 -67.0 2.693670263527186 13 
0004 0002 1665903950216713 13.0 -62.5 4.295146206079795 13 
0004 0006 1665903950218237 109.0 -69.5 4.841243366567084 13 
0004 0000 1665903950219176 -156.1875 -74.5 2.6998061866787286 13 
0004 0009 1665903950220325 13.0 -63.5 0.07976700097005335 13 
0004 0001 1665903950243760 6.5 -77.0 4.816699673960914 13 
