0004 0010 1665904024896508 -30.0625 -60.5 2.0800779483729293 13 
0004 0005 1665904024897689 -17.0625 -60.0 0.3313398501832985 13 
0004 0004 1665904024899941 -21.9375 -56.0 4.135612204139688 13 
0004 0013 1665904024903622 8.9375 -62.5 2.779573187648782 13 
0004 0008 1665904024905159 178.1875 -67.0 1.1965050145508 13 
0004 0002 1665904024907042 -121.25 -70.0 3.411573272257666 13 
0004 0015 1665904024908579 -130.1875 -68.0 3.890175278077986 13 
0004 0000 1665904024937593 5.625 -76.0 0.5706408530934585 13 
0004 0011 1665904024977015 7.3125 -73.5 0.06135923151542565 13 
0004 0015 1665904025026773 -104.125 -68.5 3.877903431774901 13 
0004 0014 1665904025027925 -17.0625 -67.5 5.074408446325701 13 
0004 0010 1665904025030172 43.125 -61.0 1.9573594853420782 13 
0004 0013 1665904025031356 -13.0 -63.0 2.724349879284899 13 
0004 0012 1665904025033348 30.0625 -62.0 4.491495746929157 13 
0004 0005 1665904025036059 52.0625 -60.0 0.22089323345553233 13 
0004 0004 1665904025036954 -43.125 -56.5 4.0987966652304335 13 
0004 0008 1665904025038821 48.0 -67.5 1.423534171157875 13 
0004 0002 1665904025040114 13.0 -71.5 3.141592653589793 13 
0004 0006 1665904025041024 -42.3125 -70.5 5.117359908386499 13 
0004 0000 1665904025068377 18.75 -76.5 0.42337869745643697 13 
0004 0007 1665904025129178 5.6875 -75.0 5.252350217720435 13 
0004 0011 1665904025145362 5.4375 -73.5 6.240233845118788 13 
0004 0013 1665904025158425 48.0 -62.5 2.6445828783148455 13 
0004 0015 1665904025159581 -69.125 -67.0 3.767456815047135 13 
0004 0004 1665904025160548 -8.9375 -56.5 4.000621894805752 13 
0004 0002 1665904025165566 -152.125 -69.5 3.2459033471660166 13 
0004 0008 1665904025166747 104.125 -66.5 1.4296700943094176 13 
0004 0006 1665904025167969 411.75 -71.0 4.71238898038469 13 
0004 0010 1665904025168903 0.0 -60.5 1.9389517158874505 13 
0004 0014 1665904025169820 74.0 -67.0 4.945554060143307 13 
0004 0012 1665904025171249 52.0625 -62.0 4.4976316700806995 13 
0004 0005 1665904025172867 -4.0625 -60.0 0.21475731030398976 13 
0004 0000 1665904025199163 -10.5 -77.0 0.380427235395639 13 
0004 0007 1665904025258026 0.1875 -75.5 5.270757987175063 13 
0004 0010 1665904025312194 -13.0 -60.5 1.9696313316451632 13 
0004 0005 1665904025313718 -39.0 -60.0 0.23930100291016002 13 
0004 0012 1665904025315496 17.0625 -62.0 4.534447208989955 13 
0004 0013 1665904025316440 -61.0 -62.5 2.767301341345697 13 
0004 0008 1665904025317549 21.9375 -67.5 1.3560390164909069 13 
0004 0014 1665904025318787 30.0625 -67.5 5.013049214810275 13 
0004 0002 1665904025319657 -208.3125 -70.5 3.0066023442558567 13 
0004 0004 1665904025320594 4.0625 -57.0 3.9208548938356986 13 
0004 0015 1665904025321624 -4.0625 -68.5 3.767456815047135 13 
0004 0006 1665904025322552 52.0625 -70.5 4.9823695990525625 13 
0004 0000 1665904025365191 -11.4375 -77.5 0.30066023442558565 13 
0004 0007 1665904025419033 -6.75 -75.0 5.356660911296659 13 
0004 0014 1665904025447136 21.9375 -67.5 4.988505522204105 13 
0004 0006 1665904025448076 -146.4375 -70.5 5.190990986205009 13 
0004 0012 1665904025449569 -39.0 -61.5 4.571262747899211 13 
0004 0015 1665904025451343 -39.0 -68.0 3.792000507653305 13 
0004 0008 1665904025452963 -21.9375 -67.0 1.2026409377023426 13 
0004 0004 1665904025454143 -48.0 -57.0 3.9392626632903265 13 
0004 0010 1665904025457375 13.0 -61.0 1.8530487917658545 13 
0004 0013 1665904025458291 -34.9375 -63.0 2.7550294950426117 13 
0004 0005 1665904025460645 17.0625 -59.5 0.09817477042468103 13 
0004 0002 1665904025461975 0.0 -71.0 2.8532042654672924 13 
0004 0000 1665904025482307 13.875 -78.0 0.2699806186678728 13 
0004 0007 1665904025537002 -8.0625 -75.0 5.375068680751287 13 
0004 0011 1665904025561213 3.3125 -73.5 6.2034183062095325 13 
0004 0004 1665904025575785 -21.9375 -57.0 3.8410878928656453 13 
0004 0006 1665904025577235 231.875 -70.5 4.6878452877785195 13 
0004 0013 1665904025578163 -56.125 -62.5 2.779573187648782 13 
0004 0012 1665904025579756 -34.9375 -62.0 4.565126824747668 13 
0004 0005 1665904025580623 -8.9375 -60.0 0.07976700097005335 13 
0004 0002 1665904025583450 -30.0625 -72.5 2.8532042654672924 13 
0004 0015 1665904025585145 -186.3125 -69.0 3.859495662320273 13 
0004 0010 1665904025586992 -48.0 -60.5 1.9266798695843652 13 
0004 0014 1665904025590345 21.9375 -67.0 5.074408446325701 13 
0004 0008 1665904025592617 30.0625 -67.0 1.214912784005428 13 
0004 0000 1665904025622772 -22.6875 -78.0 0.2761165418194154 13 
0004 0007 1665904025702767 4.875 -75.5 5.056000676871073 13 
0004 0011 1665904025715519 1.0625 -73.5 6.031612457966341 13 
0004 0010 1665904025726598 39.0 -61.5 1.8223691760081417 13 
0004 0013 1665904025728799 -21.9375 -63.0 2.705942109830271 13 
0004 0006 1665904025729939 -170.875 -70.5 4.9823695990525625 13 
0004 0004 1665904025730863 -13.0 -56.5 3.810408277107933 13 
0004 0014 1665904025731777 199.375 -68.0 4.743068596142402 13 
0004 0012 1665904025732759 -17.0625 -62.0 4.454680208019902 13 
0004 0002 1665904025733699 108.1875 -71.0 2.6568547246179306 13 
0004 0005 1665904025737460 -8.9375 -59.5 0.018407769454627694 13 
0004 0015 1665904025738617 -48.0 -68.5 3.8410878928656453 13 
0004 0008 1665904025739641 -4.0625 -68.5 1.086058397823034 13 
0004 0000 1665904025758989 3.1875 -78.5 0.15339807878856412 13 
0004 0007 1665904025825732 -3.5625 -75.0 5.098952138931871 13 
0004 0011 1665904025842313 -0.1875 -73.5 5.915029918087033 13 
0004 0013 1665904025851635 13.0 -62.5 2.5893595699509624 13 
0004 0005 1665904025852565 26.0 -60.0 6.1850105367549055 13 
0004 0015 1665904025854107 134.25 -68.0 3.706097583531709 13 
0004 0004 1665904025855228 13.0 -56.5 3.810408277107933 13 
0004 0012 1665904025856158 -78.0625 -62.5 4.534447208989955 13 
0004 0002 1665904025858532 282.375 -72.0 2.337786720737717 13 
0004 0010 1665904025859668 13.0 -61.0 1.7855536370988863 13 
0004 0014 1665904025861459 69.125 -67.5 4.970097752749477 13 
0004 0008 1665904025865333 -91.125 -67.0 1.2885438618239387 13 
0004 0006 1665904025866854 39.0 -70.5 4.914874444385594 13 
0004 0000 1665904025891837 15.375 -78.0 0.04908738521234052 13 
0004 0007 1665904025932061 7.375 -75.0 4.945554060143307 13 
0004 0011 1665904025958325 -2.6875 -73.5 6.007068765360171 13 
0004 0002 1665904025980617 39.0 -70.5 2.718213956133356 13 
0004 0014 1665904025981530 130.1875 -67.0 4.822835597112456 13 
0004 0013 1665904025982670 -26.0 -62.5 2.742757648739526 13 
0004 0015 1665904025986274 117.125 -68.0 3.6447383520162835 13 
0004 0006 1665904025987199 218.0625 -71.0 4.884194828627882 13 
0004 0012 1665904025988321 -56.125 -62.0 4.509903516383785 13 
0004 0005 1665904025989926 -8.9375 -59.5 6.215690152512618 13 
0004 0004 1665904025991563 -21.9375 -57.0 3.810408277107933 13 
0004 0010 1665904025992476 -61.0 -61.0 1.8653206380689396 13 
0004 0008 1665904025993955 61.0 -68.0 1.012427320004523 13 
0004 0000 1665904026021526 21.9375 -78.0 0.12885438618239387 13 
0004 0007 1665904026064439 -10.375 -75.0 5.21553467881118 13 
0004 0011 1665904026100657 -2.3125 -73.5 5.939573610693203 13 
0004 0004 1665904026115614 -4.0625 -56.5 3.792000507653305 13 
0004 0015 1665904026116515 17.0625 -67.5 3.6876898140770815 13 
0004 0010 1665904026119484 -13.0 -60.5 1.7671458676442586 13 
0004 0012 1665904026120512 -17.0625 -62.0 4.528311285838413 13 
0004 0013 1665904026121428 -56.125 -62.5 2.693670263527186 13 
0004 0014 1665904026122312 52.0625 -67.0 5.037592907416445 13 
0004 0008 1665904026123208 74.0 -67.5 0.9633399347921826 13 
0004 0005 1665904026125818 30.0625 -59.5 6.135923151542564 13 
0004 0006 1665904026126813 -85.4375 -71.0 4.841243366567084 13 
0004 0002 1665904026128024 165.1875 -71.0 2.5341362615870793 13 
0004 0000 1665904026160238 5.625 -78.0 6.209554229361076 13 
0004 0007 1665904026226399 1.0625 -75.0 4.914874444385594 13 
0004 0015 1665904026290814 91.125 -68.5 3.650874275167826 13 
0004 0012 1665904026292462 26.0 -62.0 4.448544284868359 13 
0004 0010 1665904026293615 -56.125 -61.0 1.8346410223112268 13 
0004 0013 1665904026295865 -21.9375 -63.0 2.693670263527186 13 
0004 0004 1665904026297286 -30.0625 -56.5 3.7551849687440497 13 
0004 0002 1665904026300464 -13.0 -70.5 2.6139032625571326 13 
0004 0005 1665904026301390 4.0625 -59.5 6.14819499784565 13 
0004 0006 1665904026305198 -156.1875 -70.0 5.135767677841127 13 
0004 0008 1665904026306434 91.125 -67.0 0.9142525495798421 13 
0004 0014 1665904026307303 -30.0625 -66.5 5.043728830567988 13 
0004 0000 1665904026336434 24.375 -78.0 6.191146459906448 13 
0004 0007 1665904026410291 1.625 -75.0 5.019185137961818 13 
0004 0005 1665904026426018 13.0 -59.0 6.105243535784852 13 
0004 0008 1665904026430766 61.0 -68.0 1.030835089459151 13 
0004 0010 1665904026431687 0.0 -61.5 1.7732817907958012 13 
0004 0013 1665904026432605 -17.0625 -62.5 2.7120780329818137 13 
0004 0012 1665904026433478 52.0625 -62.0 4.411728745959104 13 
0004 0004 1665904026434626 -8.9375 -56.5 3.761320891895592 13 
0004 0006 1665904026435924 208.3125 -70.5 4.76147636559703 13 
0004 0015 1665904026437046 -82.1875 -69.0 3.8840393549264434 13 
0004 0014 1665904026439452 21.9375 -67.5 4.945554060143307 13 
0004 0002 1665904026440888 78.0625 -70.0 2.5709518004963345 13 
0004 0000 1665904026492179 0.0 -79.0 6.1850105367549055 13 
0004 0011 1665904026530999 3.375 -73.5 5.841398840268521 13 
0004 0007 1665904026551488 1.25 -75.5 5.00077736850719 13 
0004 0004 1665904026570251 30.0625 -56.5 3.7122335066832517 13 
0004 0012 1665904026571193 -74.0 -62.0 4.522175362686871 13 
0004 0010 1665904026572103 8.9375 -61.0 1.7426021750380885 13 
0004 0015 1665904026573470 -30.0625 -68.0 3.8533597391687304 13 
0004 0013 1665904026574370 -13.0 -63.0 2.6691265709210157 13 
0004 0006 1665904026576058 -151.3125 -70.5 5.0253210611133605 13 
0004 0005 1665904026577225 -26.0 -59.0 6.080699843178682 13 
0004 0008 1665904026578616 -87.0625 -67.0 1.043106935762236 13 
0004 0014 1665904026580763 -65.0625 -67.5 5.1725832167503825 13 
0004 0002 1665904026581687 95.1875 -70.0 2.4850488763747385 13 
0004 0000 1665904026609237 -20.25 -78.5 6.240233845118788 13 
0004 0007 1665904026712313 -2.5 -75.0 4.890330751779424 13 
0004 0011 1665904026722753 5.3125 -73.5 5.767767762450011 13 
0004 0005 1665904026731063 21.9375 -59.0 6.050020227420969 13 
0004 0004 1665904026733954 -43.125 -56.0 3.767456815047135 13 
0004 0006 1665904026734863 -340.9375 -71.5 5.221670601962723 13 
0004 0014 1665904026737135 -30.0625 -67.5 5.074408446325701 13 
0004 0010 1665904026738076 -26.0 -61.5 1.718058482431918 13 
0004 0015 1665904026739003 -4.0625 -67.0 3.8717675086233583 13 
0004 0013 1665904026741571 -4.0625 -62.5 2.6875343403756435 13 
0004 0012 1665904026743970 -8.9375 -62.5 4.509903516383785 13 
0004 0002 1665904026745991 -208.3125 -70.0 2.736621725587984 13 
0004 0008 1665904026747271 69.125 -67.5 0.9081166264282996 13 
0004 0000 1665904026770967 -33.375 -78.0 0.1227184630308513 13 
0004 0011 1665904026821280 1.625 -73.5 2.9820586516496865 13 
0004 0007 1665904026880649 3.1875 -75.0 4.896466674930966 13 
0004 0005 1665904026930650 30.0625 -59.5 6.092971689481767 13 
0004 0011 1665904026933871 34.9375 -69.0 6.129787228391022 13 
0004 0012 1665904026935280 39.0 -62.0 4.534447208989955 13 
0004 0004 1665904026936176 -17.0625 -55.5 3.56497135104623 13 
0004 0013 1665904026937474 -74.0 -63.0 3.06182565261974 13 
0004 0002 1665904026938344 342.5625 -70.0 2.2089323345553233 13 
0004 0010 1665904026940565 -4.0625 -60.0 1.337631247036279 13 
0004 0015 1665904026942572 -52.0625 -69.0 3.423845118560751 13 
0004 0014 1665904026943741 -130.1875 -68.5 5.45483568172134 13 
0004 0006 1665904026944878 -174.9375 -72.0 4.921010367537137 13 
0004 0008 1665904026945972 43.125 -69.0 0.6994952392758523 13 
0004 0000 1665904026975382 -13.875 -76.0 0.01227184630308513 13 
0004 0007 1665904026995712 -4.0625 -75.0 4.651029748869264 13 
0004 0013 1665904027054362 4.0625 -63.0 3.0802334220743677 13 
0004 0005 1665904027056879 -34.9375 -61.0 6.209554229361076 13 
0004 0012 1665904027059348 -74.0 -62.0 4.914874444385594 13 
0004 0004 1665904027060229 -13.0 -55.5 3.2581751934691017 13 
0004 0010 1665904027061381 4.0625 -58.0 0.30679615757712825 13 
0004 0014 1665904027064897 -26.0 -71.0 5.651185222570702 13 
0004 0008 1665904027065835 17.0625 -67.5 5.970253226450915 13 
0004 0011 1665904027068401 -43.125 -66.5 5.338253141842031 13 
0004 0015 1665904027070587 21.9375 -67.0 2.9268353432858034 13 
0004 0002 1665904027071511 -8.9375 -68.5 2.9084275738311756 13 
0004 0000 1665904027073373 -30.0625 -72.5 0.28225246497095796 13 
0004 0006 1665904027101343 26.8125 -73.5 3.785864584501762 13 
0004 0004 1665904027178557 -4.0625 -54.5 2.6384469551633027 13 
0004 0012 1665904027179603 -113.0625 -67.0 4.522175362686871 13 
0004 0010 1665904027180800 -52.0625 -57.0 4.859651136021712 13 
0004 0005 1665904027182235 -74.0 -66.0 6.105243535784852 13 
0004 0002 1665904027183684 173.3125 -68.0 2.2457478734645786 13 
0004 0015 1665904027185531 -30.0625 -66.0 2.6261751088602177 13 
0004 0008 1665904027187860 17.0625 -61.0 4.7860200582032 13 
0004 0013 1665904027188922 -139.125 -67.0 2.9084275738311756 13 
0004 0011 1665904027293118 -5.6875 -75.5 5.810719224510809 13 
0004 0015 1665904027316035 -74.0 -66.0 2.325514874434632 13 
0004 0011 1665904027318537 -147.25 -71.5 5.706408530934585 13 
0004 0010 1665904027319673 4.0625 -57.5 1.564660403643354 13 
0004 0004 1665904027320868 -8.9375 -59.0 0.6320000846088841 13 
0004 0008 1665904027322007 -21.9375 -62.5 3.902447124381071 13 
0004 0002 1665904027325068 -43.125 -70.0 1.3314953238847365 13 
0004 0003 1665904027326307 459.75 -70.5 2.4605051837685683 13 
0004 0012 1665904027328058 -130.1875 -71.0 4.945554060143307 13 
0004 0004 1665904027428124 -17.0625 -55.5 5.031456984264903 13 
0004 0010 1665904027429713 13.0 -60.0 6.14819499784565 13 
0004 0000 1665904027430878 104.125 -71.0 2.9759227284981438 13 
0004 0015 1665904027431835 69.125 -65.5 1.9757672547967058 13 
0004 0003 1665904027433918 82.1875 -69.0 2.9084275738311756 13 
0004 0011 1665904027435085 -134.25 -64.5 5.092816215780329 13 
0004 0008 1665904027436407 48.0 -68.5 1.3560390164909069 13 
0004 0002 1665904027440476 -212.375 -71.5 0.4970097752749477 13 
0004 0006 1665904027442262 -17.0625 -70.5 3.0925052683774528 13 
0004 0002 1665904027540713 238.4375 -72.0 5.332117218690489 13 
0004 0000 1665904027541807 139.125 -67.0 2.6200391857086753 13 
0004 0004 1665904027542717 -34.9375 -53.5 3.8963112012295285 13 
0004 0010 1665904027544592 -4.0625 -64.0 4.945554060143307 13 
0004 0015 1665904027546173 -8.9375 -67.0 2.1966604882522383 13 
0004 0011 1665904027547117 43.125 -64.0 4.1417481272912315 13 
0004 0008 1665904027550654 -43.125 -63.0 5.252350217720435 13 
0004 0003 1665904027551651 65.0625 -71.5 2.6875343403756435 13 
0004 0008 1665904027650742 -21.9375 -60.0 4.23378697456437 13 
0004 0004 1665904027651666 4.0625 -53.5 3.06182565261974 13 
0004 0000 1665904027652593 -17.0625 -67.0 1.7119225592803755 13 
0004 0015 1665904027654671 -147.25 -67.0 2.2948352586769194 13 
0004 0011 1665904027655581 21.9375 -65.0 3.466796580621549 13 
0004 0010 1665904027657856 -39.0 -68.5 3.6447383520162835 13 
0004 0002 1665904027665882 -79.3125 -73.5 0.4816699673960913 13 
0004 0011 1665904027758136 165.1875 -67.0 2.399145952253143 13 
0004 0015 1665904027759773 -243.3125 -67.0 2.405281875404685 13 
0004 0008 1665904027760696 -34.9375 -61.0 3.2090878082567613 13 
0004 0000 1665904027762586 -39.0 -71.5 0.2699806186678728 13 
0004 0010 1665904027764803 -8.9375 -67.5 2.6998061866787286 13 
0004 0009 1665904027767657 -13.0 -68.0 1.4480778637640452 13 
0004 0002 1665904027768879 412.5625 -69.5 1.7978254834019713 13 
0004 0004 1665904027769814 8.9375 -53.0 2.116893487282185 13 
0004 0005 1665904027858919 -7.0 -74.5 3.933126740138784 13 
0004 0015 1665904027875938 78.0625 -67.0 2.024854640009046 13 
0004 0011 1665904027877675 -39.0 -69.0 2.2396119503130363 13 
0004 0008 1665904027879946 -69.125 -62.0 2.675262494072558 13 
0004 0004 1665904027881053 4.0625 -53.5 1.4726215563702154 13 
0004 0010 1665904027881954 -56.125 -66.0 2.748893571891069 13 
0004 0002 1665904027882892 -39.0 -69.5 1.1474176293384597 13 
0004 0009 1665904027883846 95.1875 -65.5 1.6321555583103222 13 
0004 0000 1665904027895221 195.25 -72.5 4.405592822807561 13 
0004 0005 1665904027917215 -6.5 -72.5 0.6381360077604268 13 
0004 0004 1665904027998556 -4.0625 -54.0 0.8835729338221293 13 
0004 0002 1665904027999509 -17.0625 -69.0 0.01227184630308513 13 
0004 0005 1665904028001260 56.125 -68.5 0.3129320807286708 13 
0004 0015 1665904028002132 -69.125 -67.0 2.12916533358527 13 
0004 0009 1665904028003789 0.0 -64.5 1.4542137869155878 13 
0004 0011 1665904028006548 39.0 -71.5 1.6014759425526093 13 
0004 0008 1665904028008085 -30.0625 -63.0 1.9819031779482483 13 
0004 0010 1665904028008957 -100.0625 -65.0 2.5893595699509624 13 
0004 0000 1665904028032167 -12.1875 -75.0 0.7117670855789375 13 
0004 0004 1665904028117120 0.0 -54.5 0.4724660826687775 13 
0004 0009 1665904028118023 26.0 -63.5 1.227184630308513 13 
0004 0008 1665904028119147 61.0 -64.5 1.5585244804918115 13 
0004 0015 1665904028120571 52.0625 -67.0 2.110757564130642 13 
0004 0002 1665904028121424 43.125 -69.5 5.264622064023521 13 
0004 0005 1665904028125442 -95.1875 -67.0 0.09817477042468103 13 
0004 0010 1665904028127886 -52.0625 -65.5 2.5770877236478773 13 
0004 0000 1665904028144589 109.4375 -75.5 2.9789906900739154 13 
0004 0004 1665904028240073 -34.9375 -55.0 0.15339807878856412 13 
0004 0009 1665904028242227 -186.3125 -62.5 1.1965050145508 13 
0004 0000 1665904028243590 17.0625 -75.5 2.4727770300716534 13 
0004 0002 1665904028244543 -26.0 -69.5 4.546719055293041 13 
0004 0010 1665904028245485 -13.0 -65.5 2.564815877344792 13 
0004 0015 1665904028246371 104.125 -68.0 2.227340104009951 13 
0004 0005 1665904028249888 -100.0625 -64.5 6.129787228391022 13 
0004 0008 1665904028251411 121.25 -64.0 1.2578642460662257 13 
0004 0001 1665904028276600 -8.0625 -77.0 5.325981295538946 13 
0004 0002 1665904028364146 8.9375 -68.0 4.0987966652304335 13 
0004 0010 1665904028365979 -8.9375 -67.0 2.5709518004963345 13 
0004 0008 1665904028369105 -21.9375 -64.5 0.9756117810952678 13 
0004 0004 1665904028370003 -56.125 -55.0 6.086835766330224 13 
0004 0009 1665904028371140 26.0 -62.5 0.5460971604872883 13 
0004 0005 1665904028373870 -34.9375 -64.0 5.724816300389213 13 
0004 0015 1665904028375694 69.125 -68.5 2.2089323345553233 13 
0004 0001 1665904028377311 -243.3125 -73.0 5.160311370447297 13 
0004 0000 1665904028419674 -14.0 -77.5 2.1659808724945253 13 
0004 0010 1665904028482486 43.125 -68.5 2.423689644859313 13 
0004 0004 1665904028483822 -48.0 -55.0 5.780039608753096 13 
0004 0009 1665904028486708 -48.0 -62.5 0.3129320807286708 13 
0004 0015 1665904028487709 108.1875 -68.5 2.337786720737717 13 
0004 0002 1665904028489112 -39.0 -68.5 3.472932503773092 13 
0004 0008 1665904028491804 -21.9375 -64.5 0.5522330836388308 13 
0004 0005 1665904028492687 -13.0 -63.5 5.399612373357457 13 
0004 0001 1665904028496738 87.0625 -74.5 4.552854978444583 13 
0004 0000 1665904028603126 3.125 -77.0 5.135767677841127 13 
0004 0005 1665904028620254 -30.0625 -63.5 5.111223985234957 13 
0004 0002 1665904028621502 69.125 -67.0 2.945243112740431 13 
0004 0004 1665904028622440 -4.0625 -54.5 5.43029198911517 13 
0004 0009 1665904028623821 17.0625 -62.0 0.09203884727313846 13 
0004 0010 1665904028625020 -169.25 -68.0 2.9391071895888885 13 
0004 0008 1665904028626581 -34.9375 -64.0 0.32520392703175593 13 
0004 0015 1665904028627452 -204.25 -67.0 2.6384469551633027 13 
0004 0001 1665904028655021 38.25 -77.0 4.0558452031696355 13 
0004 0002 1665904028740548 -34.9375 -67.0 2.6016314162540475 13 
0004 0004 1665904028742337 8.9375 -54.0 5.240078371417351 13 
0004 0008 1665904028744073 -34.9375 -64.5 0.3865631585471816 13 
0004 0015 1665904028744988 30.0625 -67.0 2.3623304133438876 13 
0004 0010 1665904028745901 130.1875 -67.5 2.2457478734645786 13 
0004 0009 1665904028747349 -4.0625 -62.5 0.17794177139473438 13 
0004 0005 1665904028748461 -78.0625 -63.5 5.141903600992669 13 
0004 0006 1665904028796442 4.375 -75.5 0.04295146206079795 13 
0004 0010 1665904028858038 -82.1875 -67.5 2.6261751088602177 13 
0004 0002 1665904028859430 82.1875 -67.0 2.3439226438892597 13 
0004 0009 1665904028861886 21.9375 -62.0 6.2463697682703305 13 
0004 0008 1665904028864502 -52.0625 -64.0 0.21475731030398976 13 
0004 0004 1665904028865406 0.0 -54.0 5.086680292628786 13 
0004 0005 1665904028866536 -39.0 -63.5 4.902602598082509 13 
0004 0015 1665904028867803 13.0 -67.5 2.356194490192345 13 
0004 0006 1665904028883637 8.0625 -74.0 6.050020227420969 13 
0004 0000 1665904029084759 -3.6875 -76.0 4.681709364626977 13 
0004 0008 1665904029091546 13.0 -62.0 5.945709533844745 13 
0004 0002 1665904029094327 -91.125 -66.0 2.386874105950058 13 
0004 0004 1665904029095595 -78.0625 -54.0 5.019185137961818 13 
0004 0015 1665904029096509 -34.9375 -67.0 2.4605051837685683 13 
0004 0010 1665904029097664 169.25 -68.0 2.411417798556228 13 
0004 0009 1665904029099747 -56.125 -61.5 5.540738605842936 13 
0004 0005 1665904029100647 -134.25 -63.0 4.743068596142402 13 
0004 0006 1665904029124369 1.625 -74.5 5.957981380147831 13 
0004 0011 1665904029152161 8.5 -78.5 3.9638063558964967 13 
0004 0000 1665904029188580 3.5625 -75.5 4.71238898038469 13 
0004 0004 1665904029216418 -21.9375 -54.0 4.878058905476339 13 
0004 0002 1665904029217898 -113.0625 -67.0 2.2580197197676637 13 
0004 0009 1665904029219044 4.0625 -60.5 5.074408446325701 13 
0004 0015 1665904029219948 173.3125 -67.0 2.282563412373834 13 
0004 0008 1665904029222076 -39.0 -60.0 5.767767762450011 13 
0004 0005 1665904029224286 -30.0625 -63.0 4.558990901596125 13 
0004 0010 1665904029231516 -152.125 -68.0 2.9145634969827183 13 
0004 0011 1665904029280231 -1.1875 -76.5 3.767456815047135 13 
0004 0000 1665904029287832 5.4375 -75.0 1.4542137869155878 13 
0004 0006 1665904029295480 3.625 -75.0 5.884350302329319 13 
0004 0009 1665904029350271 -34.9375 -61.0 4.7307967498393175 13 
0004 0008 1665904029352837 -21.9375 -59.5 5.497787143782138 13 
0004 0002 1665904029354668 -61.0 -66.5 2.1046216409791 13 
0004 0004 1665904029356724 0.0 -54.0 4.767612288748572 13 
0004 0005 1665904029357657 30.0625 -63.5 4.325825821837508 13 
0004 0015 1665904029359760 -74.0 -67.5 2.4911847995262812 13 
0004 0010 1665904029361378 147.25 -69.5 2.497320722677824 13 
0004 0000 1665904029389226 -2.4375 -74.0 4.6448938257177215 13 
0004 0011 1665904029396018 -15.375 -75.5 3.749049045592507 13 
0004 0006 1665904029422519 0.4375 -74.5 2.742757648739526 13 
0004 0004 1665904029477525 0.0 -54.5 4.681709364626977 13 
0004 0002 1665904029478653 160.3125 -67.0 1.9573594853420782 13 
0004 0005 1665904029479792 61.0 -63.0 4.196971435655114 13 
0004 0015 1665904029484132 147.25 -67.0 2.3439226438892597 13 
0004 0008 1665904029486135 69.125 -59.5 5.301437602932776 13 
0004 0010 1665904029487259 -8.9375 -68.5 2.8102528034064944 13 
0004 0009 1665904029488595 4.0625 -60.5 4.540583132141498 13 
0004 0006 1665904029507198 0.0 -74.0 5.688000761479957 13 
0004 0000 1665904029513997 -13.875 -74.5 1.533980787885641 13 
0004 0011 1665904029518091 0.0 -76.5 0.39269908169872414 13 
0004 0008 1665904029598639 -17.0625 -59.0 5.332117218690489 13 
0004 0004 1665904029599917 -4.0625 -54.0 4.663301595172349 13 
0004 0009 1665904029600874 -104.125 -61.0 4.638757902566179 13 
0004 0002 1665904029601770 43.125 -66.5 1.9941750242513334 13 
0004 0010 1665904029602667 48.0 -68.0 2.6445828783148455 13 
0004 0015 1665904029603548 0.0 -67.0 2.5341362615870793 13 
0004 0005 1665904029604451 34.9375 -63.0 4.221515128261284 13 
0004 0006 1665904029631701 3.1875 -74.0 5.595961914206819 13 
0004 0000 1665904029633824 26.8125 -73.5 1.41126232485479 13 
0004 0011 1665904029652475 11.4375 -76.5 0.3620194659410113 13 
0004 0002 1665904029721196 65.0625 -66.0 2.0064468705544187 13 
0004 0008 1665904029723654 -78.0625 -59.5 5.47937937432751 13 
0004 0004 1665904029726589 21.9375 -54.0 4.6878452877785195 13 
0004 0005 1665904029727729 43.125 -63.0 4.23378697456437 13 
0004 0009 1665904029728624 -8.9375 -60.5 4.583534594202296 13 
0004 0015 1665904029730660 113.0625 -67.0 2.442097414313941 13 
0004 0010 1665904029731615 -56.125 -69.0 2.8286605728611223 13 
0004 0000 1665904029752639 -9.75 -74.5 1.5401167110371838 13 
0004 0006 1665904029757457 -12.1875 -74.0 2.5280003384355365 13 
0004 0011 1665904029763130 -2.4375 -77.0 0.5031456984264903 13 
0004 0004 1665904029841279 -17.0625 -54.5 4.743068596142402 13 
0004 0010 1665904029843464 -61.0 -68.0 2.767301341345697 13 
0004 0008 1665904029845138 -56.125 -59.5 5.47937937432751 13 
0004 0002 1665904029846886 69.125 -66.5 2.110757564130642 13 
0004 0009 1665904029847823 4.0625 -61.0 4.528311285838413 13 
0004 0005 1665904029849021 -17.0625 -63.5 4.374913207049849 13 
0004 0015 1665904029851867 30.0625 -67.5 2.435961491162398 13 
