0004 0004 1665904255926904 -34.9375 -60.0 4.049709280018092 14 
0004 0002 1665904255927816 -104.125 -64.5 4.123340357836604 14 
0004 0005 1665904255928728 -30.0625 -60.5 5.859806609723149 14 
0004 0009 1665904255931603 -4.0625 -60.0 0.4663301595172349 14 
0004 0010 1665904255932561 217.25 -66.5 1.0492428589137786 14 
0004 0014 1665904255935414 100.0625 -63.5 2.2886993355253766 14 
0004 0008 1665904255936548 8.9375 -61.5 1.9266798695843652 14 
0004 0003 1665904255937505 108.1875 -64.0 6.215690152512618 14 
0004 0006 1665904255938827 -118.75 -70.0 4.583534594202296 14 
0004 0001 1665904255940858 -134.25 -74.5 5.45483568172134 14 
0004 0000 1665904255961531 -4.875 -76.5 1.1290098598838318 14 
0004 0012 1665904255970434 -12.1875 -77.5 4.374913207049849 14 
0004 0002 1665904256047589 13.0 -64.0 3.9760782021995817 14 
0004 0004 1665904256049537 -61.0 -60.0 4.09266074207889 14 
0004 0014 1665904256050942 30.0625 -64.0 2.411417798556228 14 
0004 0008 1665904256051825 52.0625 -61.0 1.846912868614312 14 
0004 0003 1665904256053242 -61.0 -64.0 0.18407769454627693 14 
0004 0009 1665904256055186 26.0 -60.0 0.42337869745643697 14 
0004 0010 1665904256056123 4.0625 -67.5 1.239456476611598 14 
0004 0006 1665904256058204 90.3125 -70.0 4.3933209765044765 14 
0004 0005 1665904256059830 -82.1875 -61.0 5.896622148632405 14 
0004 0001 1665904256092067 -123.6875 -75.0 6.043884304269426 14 
0004 0012 1665904256099691 -9.75 -78.5 4.485359823777615 14 
0004 0000 1665904256103168 0.0 -75.5 1.2517283229146832 14 
0004 0004 1665904256186200 -48.0 -60.5 4.074252972624263 14 
0004 0014 1665904256187126 26.0 -63.5 2.4727770300716534 14 
0004 0010 1665904256189444 134.25 -67.5 1.1044661672776617 14 
0004 0005 1665904256190867 -17.0625 -61.0 5.8659425328746915 14 
0004 0008 1665904256192019 21.9375 -61.0 1.9144080232812801 14 
0004 0003 1665904256193651 4.0625 -64.5 0.11044661672776616 14 
0004 0009 1665904256195286 34.9375 -60.0 0.4356505437595221 14 
0004 0006 1665904256196583 -322.25 -69.0 4.675573441475434 14 
0004 0002 1665904256198271 -21.9375 -64.5 4.037437433715008 14 
0004 0001 1665904256205685 78.0625 -73.0 5.829126993965437 14 
0004 0012 1665904256228999 14.625 -79.0 1.3499030933393643 14 
0004 0000 1665904256234325 20.25 -76.5 1.1658253987930873 14 
0004 0014 1665904256311969 8.9375 -63.0 2.448233337465483 14 
0004 0009 1665904256313392 13.0 -60.0 0.44178646691106466 14 
0004 0003 1665904256314327 0.0 -64.0 0.1227184630308513 14 
0004 0002 1665904256317594 -82.1875 -64.0 4.147884050442774 14 
0004 0004 1665904256319141 -39.0 -60.0 4.086524818927348 14 
0004 0006 1665904256320021 -75.625 -69.5 4.626486056263094 14 
0004 0010 1665904256321438 69.125 -67.5 1.184233168247715 14 
0004 0005 1665904256322768 0.0 -61.5 5.829126993965437 14 
0004 0008 1665904256323682 8.9375 -61.5 1.9205439464328227 14 
0004 0001 1665904256324635 -17.0625 -72.5 5.915029918087033 14 
0004 0000 1665904256349577 -26.8125 -76.0 4.411728745959104 14 
0004 0012 1665904256354716 23.625 -78.0 4.424000592262189 14 
0004 0006 1665904256431336 -166.0 -70.0 4.871922982324796 14 
0004 0002 1665904256433382 -134.25 -64.5 4.25833066717054 14 
0004 0005 1665904256434814 -4.0625 -61.0 5.8659425328746915 14 
0004 0009 1665904256435727 -17.0625 -60.0 0.4724660826687775 14 
0004 0014 1665904256437118 21.9375 -63.5 2.497320722677824 14 
0004 0008 1665904256438967 52.0625 -61.0 1.9205439464328227 14 
0004 0004 1665904256439864 -65.0625 -60.5 4.166291819897402 14 
0004 0010 1665904256440746 52.0625 -68.0 1.184233168247715 14 
0004 0003 1665904256441613 39.0 -64.5 0.1227184630308513 14 
0004 0001 1665904256444947 91.125 -72.5 6.031612457966341 14 
0004 0000 1665904256476093 3.1875 -76.0 1.2087768608538851 14 
0004 0012 1665904256485549 18.75 -78.0 4.331961744989051 14 
0004 0003 1665904256563148 -26.0 -64.0 0.21475731030398976 14 
0004 0009 1665904256564266 0.0 -60.0 0.5031456984264903 14 
0004 0006 1665904256566516 142.375 -70.5 4.387185053352934 14 
0004 0002 1665904256567409 4.0625 -64.5 4.104932588381976 14 
0004 0010 1665904256568324 117.125 -68.0 1.1535535524900022 14 
0004 0005 1665904256569730 26.0 -61.0 5.822991070813893 14 
0004 0008 1665904256570867 -26.0 -61.0 1.9634954084936207 14 
0004 0004 1665904256572004 -43.125 -60.5 4.104932588381976 14 
0004 0014 1665904256573140 -13.0 -63.5 2.5034566458293663 14 
0004 0001 1665904256579959 325.5 -74.0 5.565282298449106 14 
0004 0000 1665904256604405 37.8125 -74.5 4.5068355548080135 14 
0004 0012 1665904256616935 3.1875 -78.0 4.485359823777615 14 
0004 0010 1665904256696735 52.0625 -68.5 1.227184630308513 14 
0004 0004 1665904256698536 -56.125 -60.5 4.1172044346850605 14 
0004 0005 1665904256699436 104.125 -61.5 5.724816300389213 14 
0004 0009 1665904256700373 -13.0 -60.5 0.5460971604872883 14 
0004 0014 1665904256701227 -21.9375 -64.0 2.5034566458293663 14 
0004 0003 1665904256702153 130.1875 -65.0 0.06135923151542565 14 
0004 0008 1665904256703093 -74.0 -61.0 2.030990563160589 14 
0004 0002 1665904256704045 -56.125 -65.5 4.147884050442774 14 
0004 0006 1665904256705566 -265.25 -70.5 4.6878452877785195 14 
0004 0001 1665904256719910 87.0625 -73.5 6.2034183062095325 14 
0004 0012 1665904256738589 1.625 -78.0 1.3560390164909069 14 
0004 0000 1665904256748113 -26.0625 -75.5 1.5585244804918115 14 
0004 0014 1665904256824119 61.0 -63.5 2.429825568010856 14 
0004 0005 1665904256825753 -43.125 -61.5 5.921165841238575 14 
0004 0002 1665904256827515 17.0625 -65.0 3.9944859716542096 14 
0004 0008 1665904256829547 13.0 -61.0 1.9389517158874505 14 
0004 0004 1665904256832297 -52.0625 -61.0 4.080388895775806 14 
0004 0006 1665904256833716 109.0 -69.5 4.3933209765044765 14 
0004 0010 1665904256834569 -61.0 -68.0 1.2946797849754812 14 
0004 0009 1665904256835689 8.9375 -60.5 0.5092816215780329 14 
0004 0000 1665904256837789 -594.8125 -73.5 2.2212041808584084 14 
0004 0003 1665904256838686 52.0625 -65.0 0.1902136176978195 14 
0004 0001 1665904256840529 -173.3125 -73.5 5.957981380147831 14 
0004 0012 1665904256857696 -3.1875 -78.0 4.534447208989955 14 
0004 0009 1665904256940542 26.0 -60.5 0.521553467881118 14 
0004 0003 1665904256941693 17.0625 -65.0 0.23930100291016002 14 
0004 0014 1665904256943101 26.0 -63.5 2.4175537217077703 14 
0004 0010 1665904256944194 8.9375 -67.5 1.2026409377023426 14 
0004 0008 1665904256945092 -17.0625 -61.5 1.9573594853420782 14 
0004 0002 1665904256946185 -74.0 -65.5 4.172427743048944 14 
0004 0005 1665904256948075 -74.0 -61.5 5.970253226450915 14 
0004 0004 1665904256950931 4.0625 -61.0 4.0128937411088375 14 
0004 0001 1665904256953474 433.6875 -73.0 5.595961914206819 14 
0004 0006 1665904256954878 151.3125 -70.0 4.491495746929157 14 
0004 0000 1665904256955815 -21.9375 -74.0 1.2946797849754812 14 
0004 0012 1665904256983899 5.625 -78.5 4.485359823777615 14 
0004 0008 1665904257061899 26.0 -61.5 1.932815792735908 14 
0004 0002 1665904257063389 -61.0 -66.0 4.190835512503572 14 
0004 0004 1665904257064526 -26.0 -61.0 4.04357335686655 14 
0004 0003 1665904257067476 -34.9375 -64.5 0.3436116964863836 14 
0004 0014 1665904257068501 13.0 -63.5 2.411417798556228 14 
0004 0009 1665904257069456 34.9375 -61.5 0.46019423636569234 14 
0004 0005 1665904257070593 -61.0 -61.5 6.007068765360171 14 
0004 0010 1665904257071606 52.0625 -68.0 1.2640001692177683 14 
0004 0006 1665904257076396 -213.1875 -69.5 4.76147636559703 14 
0004 0001 1665904257081021 65.0625 -74.0 5.890486225480862 14 
0004 0012 1665904257101118 21.9375 -78.5 4.558990901596125 14 
0004 0000 1665904257107229 0.75 -75.0 1.6321555583103222 14 
0004 0008 1665904257190331 26.0 -61.0 1.9880391010997909 14 
0004 0014 1665904257191313 -21.9375 -64.0 2.442097414313941 14 
0004 0004 1665904257192706 -52.0625 -61.5 4.09266074207889 14 
0004 0010 1665904257194069 139.125 -68.0 1.1474176293384597 14 
0004 0005 1665904257195631 13.0 -61.5 5.902758071783947 14 
0004 0009 1665904257198383 8.9375 -61.0 0.5154175447295755 14 
0004 0003 1665904257199297 -78.0625 -64.5 0.39269908169872414 14 
0004 0006 1665904257200236 -152.125 -71.0 4.804427827657828 14 
0004 0002 1665904257201369 -56.125 -66.0 4.2092432819582 14 
0004 0001 1665904257203475 247.375 -73.0 5.841398840268521 14 
0004 0000 1665904257221548 -11.4375 -75.5 1.6198837120072371 14 
0004 0012 1665904257241656 -9.0 -78.5 4.448544284868359 14 
0004 0006 1665904257316830 9.75 -70.5 4.718524903536232 14 
0004 0004 1665904257317744 -78.0625 -61.5 4.1172044346850605 14 
0004 0001 1665904257318642 468.6875 -73.5 5.853670686571607 14 
0004 0010 1665904257320033 -113.0625 -68.5 1.423534171157875 14 
0004 0009 1665904257322120 30.0625 -61.0 0.5031456984264903 14 
0004 0014 1665904257323268 -8.9375 -63.5 2.429825568010856 14 
0004 0005 1665904257325428 13.0 -61.5 5.896622148632405 14 
0004 0008 1665904257327545 78.0625 -61.0 1.945087639038993 14 
0004 0003 1665904257328470 26.0 -64.5 0.2270291566070749 14 
0004 0002 1665904257332257 -130.1875 -66.5 4.270602513473625 14 
0004 0000 1665904257358363 -23.625 -75.5 4.792155981354743 14 
0004 0012 1665904257361147 32.5 -78.0 4.313553975534423 14 
0004 0010 1665904257436190 -48.0 -67.5 1.2762720155208536 14 
0004 0014 1665904257437627 -13.0 -64.0 2.4175537217077703 14 
0004 0004 1665904257438567 -34.9375 -61.5 4.06811704947272 14 
0004 0008 1665904257439464 182.25 -61.5 1.7855536370988863 14 
0004 0006 1665904257440317 -241.6875 -71.0 4.7860200582032 14 
0004 0003 1665904257442202 -17.0625 -64.5 0.32520392703175593 14 
0004 0009 1665904257443113 -4.0625 -60.5 0.5399612373357456 14 
0004 0002 1665904257445217 -87.0625 -66.0 4.246058820867455 14 
0004 0005 1665904257446894 21.9375 -61.5 5.902758071783947 14 
0004 0001 1665904257457183 -130.1875 -74.0 0.02454369260617026 14 
0004 0000 1665904257472017 24.8125 -75.0 4.657165672020807 14 
0004 0012 1665904257489790 -1.625 -78.0 4.614214209960009 14 
0004 0014 1665904257565450 17.0625 -63.5 2.3930100291016 14 
0004 0009 1665904257566389 8.9375 -60.5 0.4970097752749477 14 
0004 0008 1665904257568097 56.125 -62.0 1.9389517158874505 14 
0004 0010 1665904257569263 21.9375 -67.5 1.1903690913992575 14 
0004 0006 1665904257570920 47.1875 -71.5 4.583534594202296 14 
0004 0002 1665904257572931 -87.0625 -66.0 4.2031073588066565 14 
0004 0005 1665904257573800 -56.125 -62.0 6.007068765360171 14 
0004 0003 1665904257575206 4.0625 -64.0 0.3190680038802134 14 
0004 0004 1665904257576159 -4.0625 -61.0 4.074252972624263 14 
0004 0000 1665904257579041 347.4375 -74.0 1.2333205534600555 14 
0004 0012 1665904257607927 -39.8125 -78.5 4.6448938257177215 14 
0004 0001 1665904257610663 -14.625 -76.0 5.982525072754001 14 
0004 0002 1665904257686660 -43.125 -66.0 4.196971435655114 14 
0004 0004 1665904257688093 0.0 -61.0 4.025165587411922 14 
0004 0008 1665904257690181 -21.9375 -61.5 2.0064468705544187 14 
0004 0010 1665904257691079 -87.0625 -68.5 1.3069516312785663 14 
0004 0006 1665904257692756 -132.625 -70.5 4.743068596142402 14 
0004 0014 1665904257693612 43.125 -64.0 2.337786720737717 14 
0004 0003 1665904257694730 0.0 -65.0 0.23930100291016002 14 
0004 0009 1665904257695617 13.0 -61.0 0.47860200582032003 14 
0004 0005 1665904257696993 21.9375 -61.0 5.939573610693203 14 
0004 0000 1665904257701986 -61.0 -72.5 1.5953400194010667 14 
0004 0001 1665904257706117 143.1875 -73.5 5.798447378207723 14 
0004 0012 1665904257734085 -26.8125 -78.0 1.5033011721279284 14 
0004 0014 1665904257814695 21.9375 -64.5 2.380738182798515 14 
0004 0004 1665904257816300 -13.0 -61.0 4.061981126321178 14 
0004 0003 1665904257818386 43.125 -64.5 6.234097921967246 14 
0004 0008 1665904257820266 8.9375 -61.5 2.018718716857504 14 
0004 0002 1665904257821194 -78.0625 -65.0 4.172427743048944 14 
0004 0005 1665904257822630 34.9375 -61.5 5.835262917116979 14 
0004 0009 1665904257823512 30.0625 -60.5 0.4479223900626072 14 
0004 0010 1665904257826235 -87.0625 -68.0 1.1903690913992575 14 
0004 0006 1665904257828303 -38.1875 -70.0 4.6878452877785195 14 
0004 0000 1665904257830050 121.25 -73.5 1.3130875544301088 14 
0004 0012 1665904257858830 -1.625 -78.0 4.442408361716817 14 
0004 0006 1665904257936621 -298.625 -71.0 4.890330751779424 14 
0004 0003 1665904257939448 34.9375 -64.5 6.277049384028044 14 
0004 0004 1665904257940928 -26.0 -61.0 4.04357335686655 14 
0004 0002 1665904257941825 -121.25 -65.5 4.215379205109742 14 
0004 0009 1665904257942776 -13.0 -60.0 0.4970097752749477 14 
0004 0008 1665904257943689 117.125 -61.0 1.8653206380689396 14 
0004 0010 1665904257945106 26.0 -68.0 1.3314953238847365 14 
0004 0014 1665904257946387 17.0625 -64.0 2.4911847995262812 14 
0004 0005 1665904257947521 21.9375 -61.0 5.8475347634200645 14 
0004 0001 1665904257953539 -178.1875 -73.5 0.03681553890925539 14 
0004 0000 1665904257979268 -3.25 -75.0 1.217980745581199 14 
0004 0012 1665904257996194 1.625 -78.5 1.4480778637640452 14 
0004 0006 1665904258070668 -90.3125 -71.0 4.552854978444583 14 
0004 0002 1665904258071805 -39.0 -64.5 4.166291819897402 14 
0004 0014 1665904258074933 147.25 -64.0 2.2396119503130363 14 
0004 0009 1665904258075887 30.0625 -60.0 0.4049709280018093 14 
0004 0005 1665904258076826 82.1875 -61.5 5.792311455056181 14 
0004 0004 1665904258077693 21.9375 -60.5 4.006757817957295 14 
0004 0008 1665904258078847 -91.125 -61.5 2.1046216409791 14 
0004 0001 1665904258080040 -199.375 -75.0 5.964117303299373 14 
0004 0003 1665904258081333 -43.125 -64.0 0.04295146206079795 14 
0004 0010 1665904258083800 13.0 -68.5 1.2640001692177683 14 
0004 0000 1665904258106611 31.3125 -74.5 4.479223900626073 14 
0004 0012 1665904258122455 7.3125 -78.0 4.381049130201391 14 
0004 0003 1665904258199640 -8.9375 -65.0 0.030679615757712823 14 
0004 0000 1665904258201451 -26.0 -72.5 1.2333205534600555 14 
0004 0005 1665904258203482 61.0 -62.0 5.798447378207723 14 
0004 0004 1665904258204663 -61.0 -60.5 4.061981126321178 14 
0004 0008 1665904258205574 -21.9375 -61.5 2.067806102069844 14 
0004 0009 1665904258206529 -26.0 -60.5 0.47860200582032003 14 
0004 0014 1665904258207440 -26.0 -64.0 2.4911847995262812 14 
0004 0002 1665904258208785 -21.9375 -64.0 4.1601558967458585 14 
0004 0006 1665904258209710 -194.4375 -71.0 4.81056375080937 14 
0004 0010 1665904258210621 186.3125 -68.0 0.9756117810952678 14 
0004 0001 1665904258234394 2.4375 -76.0 5.8475347634200645 14 
0004 0012 1665904258241872 21.9375 -78.0 4.338097668140593 14 
0004 0002 1665904258319636 34.9375 -64.0 4.104932588381976 14 
0004 0014 1665904258321372 -69.125 -63.5 2.5280003384355365 14 
0004 0004 1665904258322310 -17.0625 -60.5 4.0128937411088375 14 
0004 0005 1665904258325153 4.0625 -61.0 5.890486225480862 14 
0004 0010 1665904258326067 -104.125 -68.0 1.3008157081270237 14 
0004 0008 1665904258327259 -21.9375 -61.0 1.9634954084936207 14 
0004 0006 1665904258328125 66.6875 -70.5 4.583534594202296 14 
0004 0009 1665904258329078 17.0625 -60.5 0.4172427743048944 14 
0004 0003 1665904258329973 21.9375 -64.5 0.0 14 
0004 0001 1665904258342925 117.125 -75.0 5.915029918087033 14 
0004 0000 1665904258353212 32.5 -74.5 4.516039439535327 14 
0004 0012 1665904258366364 -31.6875 -78.0 4.614214209960009 14 
0004 0014 1665904258448851 -8.9375 -64.0 2.478912953223196 14 
0004 0009 1665904258449960 4.0625 -60.5 0.380427235395639 14 
0004 0004 1665904258451778 8.9375 -60.0 4.0128937411088375 14 
0004 0010 1665904258452934 -121.25 -68.5 1.325359400733194 14 
0004 0003 1665904258454312 26.0 -64.5 6.258641614573416 14 
0004 0002 1665904258455166 43.125 -64.0 4.061981126321178 14 
0004 0005 1665904258456502 -4.0625 -61.0 5.872078456026235 14 
0004 0008 1665904258457429 -87.0625 -61.0 2.012582793705961 14 
0004 0006 1665904258460861 142.375 -72.0 4.540583132141498 14 
0004 0001 1665904258487008 118.375 -75.0 5.724816300389213 14 
0004 0000 1665904258496225 -21.1875 -76.0 1.4480778637640452 14 
0004 0012 1665904258502345 -22.6875 -78.5 4.430136515413731 14 
0004 0010 1665904258580960 39.0 -67.5 1.2333205534600555 14 
0004 0005 1665904258582355 -39.0 -61.0 5.927301764390117 14 
0004 0009 1665904258584814 43.125 -60.0 0.35588354278946877 14 
0004 0003 1665904258585677 0.0 -64.5 0.0 14 
0004 0014 1665904258587951 -56.125 -64.0 2.5954954931025047 14 
0004 0008 1665904258589273 -4.0625 -61.0 2.0064468705544187 14 
0004 0002 1665904258590461 56.125 -63.5 4.06811704947272 14 
0004 0004 1665904258591357 -39.0 -60.5 4.061981126321178 14 
0004 0001 1665904258594651 -69.125 -74.5 6.258641614573416 14 
0004 0006 1665904258596203 -182.25 -71.0 4.76147636559703 14 
0004 0000 1665904258609552 -22.75 -74.5 1.4664856332186729 14 
0004 0012 1665904258619566 -5.625 -78.0 4.620350133111551 14 
0004 0002 1665904258701734 0.0 -63.5 4.215379205109742 14 
0004 0014 1665904258703415 -34.9375 -64.0 2.509592568980909 14 
0004 0005 1665904258704341 8.9375 -61.5 5.878214379177777 14 
0004 0004 1665904258706885 -17.0625 -60.0 4.01902966426038 14 
0004 0009 1665904258707794 4.0625 -60.0 0.3988350048502667 14 
0004 0003 1665904258709672 -52.0625 -64.0 0.04908738521234052 14 
0004 0008 1665904258711107 -30.0625 -60.5 2.0064468705544187 14 
0004 0006 1665904258712794 21.9375 -71.5 4.6448938257177215 14 
0004 0010 1665904258713721 100.0625 -67.5 1.1167380135807468 14 
0004 0000 1665904258722288 -638.0 -75.0 1.9082721001297376 14 
0004 0001 1665904258731827 34.5625 -75.0 5.8567386481473775 14 
0004 0012 1665904258746791 12.1875 -78.0 4.442408361716817 14 
0004 0002 1665904258824464 -17.0625 -63.0 4.154019973594316 14 
0004 0008 1665904258826141 -82.1875 -60.5 2.067806102069844 14 
0004 0004 1665904258828687 -4.0625 -60.0 4.049709280018092 14 
0004 0005 1665904258829659 -34.9375 -61.5 5.890486225480862 14 
0004 0003 1665904258830568 -21.9375 -64.0 0.03681553890925539 14 
0004 0009 1665904258831449 -8.9375 -60.0 0.4111068511533518 14 
0004 0014 1665904258832305 -13.0 -64.0 2.521864415283994 14 
0004 0006 1665904258833468 -82.1875 -70.0 4.6448938257177215 14 
0004 0010 1665904258837280 8.9375 -67.5 1.1719613219446299 14 
0004 0000 1665904258858086 24.0 -75.0 4.503767593232243 14 
0004 0001 1665904258865374 -14.1875 -75.0 5.915029918087033 14 
0004 0012 1665904258879075 1.625 -77.5 1.3437671701878218 14 
0004 0008 1665904258956447 -13.0 -61.0 1.9880391010997909 14 
0004 0014 1665904258957856 69.125 -64.5 2.380738182798515 14 
0004 0009 1665904258961034 30.0625 -60.5 0.36815538909255385 14 
0004 0002 1665904258963301 -13.0 -63.5 4.246058820867455 14 
0004 0005 1665904258964839 34.9375 -61.0 5.872078456026235 14 
0004 0003 1665904258966244 4.0625 -63.5 0.0674951546669682 14 
0004 0006 1665904258967172 -152.125 -71.0 4.81056375080937 14 
0004 0010 1665904258968083 43.125 -69.0 1.1474176293384597 14 
0004 0004 1665904258969233 -21.9375 -60.0 4.037437433715008 14 
0004 0001 1665904258977727 182.25 -73.0 5.64504929941916 14 
0004 0012 1665904259002280 -16.3125 -78.0 4.399456899656019 14 
0004 0000 1665904259007792 -7.3125 -75.0 1.4480778637640452 14 
0004 0008 1665904259086950 13.0 -61.0 1.932815792735908 14 
0004 0010 1665904259088130 -13.0 -67.5 1.214912784005428 14 
0004 0002 1665904259088984 -56.125 -63.5 4.28287435977671 14 
0004 0005 1665904259089940 -52.0625 -61.0 5.927301764390117 14 
0004 0009 1665904259090803 0.0 -60.0 0.4111068511533518 14 
0004 0004 1665904259092184 8.9375 -60.0 4.037437433715008 14 
0004 0003 1665904259093338 -34.9375 -64.5 0.12885438618239387 14 
0004 0014 1665904259094265 -82.1875 -64.0 2.5402721847386216 14 
0004 0001 1665904259097373 139.125 -74.0 5.681864838328415 14 
0004 0006 1665904259098935 47.1875 -71.0 4.528311285838413 14 
0004 0000 1665904259116510 19.5 -75.0 1.3130875544301088 14 
0004 0012 1665904259128884 56.875 -78.0 4.23378697456437 14 
0004 0002 1665904259207210 -8.9375 -63.0 4.239922897715912 14 
0004 0009 1665904259208362 4.0625 -59.5 0.4111068511533518 14 
0004 0003 1665904259209502 -39.0 -64.0 0.11658253987930872 14 
0004 0014 1665904259210425 -4.0625 -64.5 2.454369260617026 14 
0004 0005 1665904259214829 -39.0 -61.0 5.884350302329319 14 
0004 0008 1665904259216107 -13.0 -61.0 1.9696313316451632 14 
0004 0010 1665904259217021 -87.0625 -67.0 1.3069516312785663 14 
0004 0004 1665904259217919 -34.9375 -60.0 4.037437433715008 14 
0004 0006 1665904259219550 109.0 -70.5 4.466952054322987 14 
0004 0001 1665904259224270 355.5625 -73.5 5.5284667595398505 14 
0004 0012 1665904259241387 17.0625 -78.0 4.479223900626073 14 
0004 0000 1665904259253466 -3.1875 -76.0 1.3928545554001621 14 
0004 0014 1665904259327440 56.125 -64.0 2.36846633649543 14 
0004 0004 1665904259330766 0.0 -60.0 4.037437433715008 14 
0004 0003 1665904259332092 -34.9375 -64.0 0.07363107781851078 14 
0004 0009 1665904259333239 0.0 -59.5 0.4049709280018093 14 
0004 0008 1665904259334140 43.125 -60.5 1.902136176978195 14 
0004 0005 1665904259335024 -56.125 -61.0 5.878214379177777 14 
0004 0002 1665904259335933 61.0 -63.5 4.166291819897402 14 
0004 0010 1665904259337442 -78.0625 -68.0 1.214912784005428 14 
0004 0006 1665904259338349 -4.0625 -72.0 4.614214209960009 14 
0004 0001 1665904259347309 -299.4375 -74.0 6.270913460876501 14 
0004 0000 1665904259352403 230.25 -72.0 1.1535535524900022 14 
0004 0012 1665904259372924 13.875 -78.0 4.331961744989051 14 
0004 0005 1665904259454047 -17.0625 -61.5 5.841398840268521 14 
0004 0004 1665904259455513 -43.125 -59.5 4.061981126321178 14 
0004 0010 1665904259456878 -87.0625 -68.0 1.2885438618239387 14 
0004 0008 1665904259458226 17.0625 -61.0 1.9266798695843652 14 
0004 0003 1665904259460085 -8.9375 -64.5 6.277049384028044 14 
0004 0009 1665904259461021 0.0 -59.5 0.39269908169872414 14 
0004 0014 1665904259463506 0.0 -64.5 2.4850488763747385 14 
0004 0006 1665904259464436 -265.25 -70.5 4.755340442445488 14 
0004 0002 1665904259465698 21.9375 -64.0 4.166291819897402 14 
0004 0001 1665904259469862 390.5625 -74.5 5.706408530934585 14 
0004 0012 1665904259486142 0.75 -78.5 4.454680208019902 14 
0004 0000 1665904259489027 22.6875 -76.0 1.2885438618239387 14 
0004 0009 1665904259571405 13.0 -60.0 0.37429131224409645 14 
0004 0005 1665904259572318 48.0 -61.5 5.798447378207723 14 
0004 0006 1665904259573741 -265.25 -73.5 4.878058905476339 14 
0004 0003 1665904259575384 26.0 -64.0 0.03681553890925539 14 
0004 0008 1665904259576960 48.0 -61.0 1.9082721001297376 14 
0004 0004 1665904259578381 13.0 -60.0 4.0558452031696355 14 
0004 0014 1665904259579252 87.0625 -64.5 2.3623304133438876 14 
0004 0010 1665904259585175 -26.0 -67.5 1.1228739367322893 14 
0004 0002 1665904259586084 13.0 -63.5 4.190835512503572 14 
0004 0001 1665904259592561 -21.9375 -74.5 5.632777453116074 14 
0004 0000 1665904259611497 14.625 -76.0 1.3560390164909069 14 
0004 0012 1665904259617057 48.0625 -78.5 4.178563666200486 14 
0004 0010 1665904259701999 -4.0625 -68.0 1.2517283229146832 14 
0004 0002 1665904259703379 -61.0 -64.0 4.319689898685965 14 
0004 0008 1665904259705127 26.0 -61.0 1.902136176978195 14 
0004 0003 1665904259706053 -43.125 -64.0 0.3129320807286708 14 
0004 0014 1665904259706949 13.0 -64.5 2.386874105950058 14 
0004 0005 1665904259708395 -21.9375 -61.5 5.816855147662351 14 
0004 0004 1665904259709277 -69.125 -60.0 4.09266074207889 14 
0004 0009 1665904259710414 17.0625 -59.5 0.39269908169872414 14 
0004 0001 1665904259711295 74.0 -73.0 5.994796919057086 14 
0004 0006 1665904259712871 -52.0625 -71.5 4.669437518323892 14 
0004 0000 1665904259722707 -42.3125 -75.0 4.614214209960009 14 
0004 0012 1665904259733018 -25.125 -78.0 4.657165672020807 14 
0004 0005 1665904259819350 -48.0 -61.0 5.890486225480862 14 
0004 0014 1665904259821127 -4.0625 -64.0 2.405281875404685 14 
0004 0002 1665904259822024 34.9375 -63.5 4.2031073588066565 14 
0004 0004 1665904259822906 -48.0 -60.0 4.09266074207889 14 
0004 0006 1665904259823803 142.375 -72.5 4.479223900626073 14 
0004 0010 1665904259825761 48.0 -67.0 1.1351457830353744 14 
0004 0009 1665904259826911 30.0625 -60.0 0.39269908169872414 14 
0004 0003 1665904259828049 -78.0625 -64.0 0.36815538909255385 14 
0004 0008 1665904259829170 34.9375 -61.5 1.88986433067511 14 
0004 0001 1665904259831822 351.5 -74.5 5.418020142812084 14 
0004 0000 1665904259833377 -295.375 -73.5 1.7303303287350031 14 
0004 0012 1665904259856237 -46.375 -78.0 4.620350133111551 14 
0004 0005 1665904259934680 -26.0 -61.0 5.927301764390117 14 
0004 0006 1665904259936201 -90.3125 -72.0 4.546719055293041 14 
0004 0004 1665904259937338 -17.0625 -60.5 4.031301510563465 14 
0004 0009 1665904259938247 21.9375 -60.0 0.42337869745643697 14 
0004 0010 1665904259939412 -13.0 -67.5 1.2640001692177683 14 
0004 0014 1665904259942020 69.125 -64.0 2.36846633649543 14 
0004 0008 1665904259942887 87.0625 -61.0 1.8285050991596843 14 
0004 0003 1665904259943768 13.0 -64.0 0.28225246497095796 14 
0004 0002 1665904259946913 -56.125 -65.0 4.2031073588066565 14 
0004 0000 1665904259953774 251.4375 -74.0 1.1535535524900022 14 
0004 0001 1665904259957304 182.25 -74.5 5.6941366846315 14 
0004 0012 1665904259973957 19.5 -78.0 4.325825821837508 14 
0004 0009 1665904260061536 -8.9375 -60.0 0.46019423636569234 14 
0004 0003 1665904260062462 30.0625 -64.5 0.2086213871524472 14 
0004 0014 1665904260063841 17.0625 -64.5 2.497320722677824 14 
0004 0006 1665904260065516 -122.875 -70.5 4.700117134081604 14 
0004 0004 1665904260066693 21.9375 -60.5 3.9760782021995817 14 
0004 0008 1665904260067900 4.0625 -61.5 1.9266798695843652 14 
0004 0005 1665904260069453 4.0625 -61.0 5.8659425328746915 14 
0004 0002 1665904260071241 4.0625 -64.5 4.0558452031696355 14 
0004 0010 1665904260072198 152.125 -67.0 0.9510680884890975 14 
0004 0000 1665904260075159 -338.5 -74.0 1.748738098189631 14 
0004 0001 1665904260078811 -65.0625 -74.5 6.031612457966341 14 
0004 0012 1665904260106953 17.8125 -78.0 1.3069516312785663 14 
0004 0006 1665904260180586 21.9375 -72.0 4.601942363656923 14 
0004 0004 1665904260182246 0.0 -60.5 4.025165587411922 14 
0004 0005 1665904260183432 -48.0 -61.5 5.957981380147831 14 
0004 0009 1665904260184847 0.0 -60.5 0.46019423636569234 14 
0004 0003 1665904260186471 -26.0 -64.0 0.3190680038802134 14 
0004 0010 1665904260188331 43.125 -67.5 1.1903690913992575 14 
0004 0014 1665904260189723 -17.0625 -64.0 2.454369260617026 14 
0004 0002 1665904260190634 -65.0625 -65.5 4.0987966652304335 14 
0004 0008 1665904260191545 48.0 -61.5 1.9266798695843652 14 
0004 0000 1665904260199888 -225.375 -74.0 1.6444274046134073 14 
0004 0001 1665904260200954 -43.125 -74.0 6.007068765360171 14 
0004 0012 1665904260231150 46.375 -78.0 4.25833066717054 14 
0004 0002 1665904260308566 -139.125 -66.5 4.2092432819582 14 
0004 0008 1665904260311297 -34.9375 -62.0 1.9819031779482483 14 
0004 0005 1665904260312807 -34.9375 -61.5 5.994796919057086 14 
0004 0004 1665904260314013 -13.0 -61.0 3.9944859716542096 14 
0004 0009 1665904260315193 8.9375 -61.0 0.4540583132141498 14 
0004 0001 1665904260316108 429.625 -74.5 5.497787143782138 14 
0004 0014 1665904260316988 21.9375 -63.5 2.423689644859313 14 
0004 0010 1665904260317870 13.0 -68.5 1.184233168247715 14 
0004 0003 1665904260319475 -91.125 -64.5 0.39269908169872414 14 
0004 0006 1665904260320399 56.125 -70.5 4.528311285838413 14 
0004 0000 1665904260321741 -494.75 -74.0 2.0923497946760143 14 
0004 0012 1665904260346078 -30.9375 -78.0 4.589670517353839 14 
0004 0006 1665904260424095 9.75 -71.0 4.546719055293041 14 
0004 0002 1665904260425876 -87.0625 -67.0 4.123340357836604 14 
0004 0010 1665904260426774 48.0 -68.0 1.141281706186917 14 
0004 0005 1665904260427926 48.0 -61.5 5.9088939949354895 14 
0004 0009 1665904260428823 52.0625 -61.0 0.44178646691106466 14 
0004 0003 1665904260429732 17.0625 -64.0 0.3129320807286708 14 
0004 0014 1665904260431352 -48.0 -63.0 2.497320722677824 14 
0004 0004 1665904260432525 -8.9375 -61.0 4.031301510563465 14 
0004 0008 1665904260434756 -17.0625 -62.0 2.0064468705544187 14 
0004 0001 1665904260436250 -43.125 -73.5 5.64504929941916 14 
0004 0000 1665904260438899 264.4375 -73.5 1.3437671701878218 14 
0004 0012 1665904260457638 -9.75 -78.5 4.571262747899211 14 
0004 0003 1665904260538356 -61.0 -64.5 0.380427235395639 14 
0004 0010 1665904260539975 -61.0 -68.5 1.3867186322486196 14 
0004 0005 1665904260543080 8.9375 -61.0 5.9518454569962875 14 
0004 0004 1665904260543993 -8.9375 -61.5 4.0128937411088375 14 
0004 0009 1665904260544935 26.0 -61.5 0.4970097752749477 14 
0004 0014 1665904260545861 13.0 -63.0 2.4605051837685683 14 
0004 0008 1665904260547466 -4.0625 -62.0 1.9819031779482483 14 
0004 0006 1665904260548790 -74.0 -70.0 4.749204519293945 14 
0004 0000 1665904260549657 95.1875 -72.5 1.5033011721279284 14 
0004 0002 1665904260550582 -87.0625 -66.5 4.086524818927348 14 
0004 0001 1665904260553312 17.0625 -74.0 5.8475347634200645 14 
0004 0012 1665904260571026 0.0 -77.5 4.417864669110647 14 
0004 0004 1665904260655642 52.0625 -61.5 3.9944859716542096 14 
0004 0014 1665904260656821 13.0 -63.0 2.4605051837685683 14 
0004 0002 1665904260658213 -34.9375 -67.0 4.061981126321178 14 
0004 0006 1665904260659648 -33.3125 -70.0 4.626486056263094 14 
0004 0009 1665904260660558 -13.0 -61.0 0.521553467881118 14 
0004 0005 1665904260662704 -21.9375 -61.0 5.964117303299373 14 
0004 0008 1665904260666394 43.125 -62.5 1.932815792735908 14 
0004 0003 1665904260667674 17.0625 -65.5 0.28225246497095796 14 
0004 0010 1665904260669194 -100.0625 -67.5 1.3560390164909069 14 
0004 0001 1665904260670346 -91.125 -73.5 5.890486225480862 14 
0004 0000 1665904260699576 8.0625 -75.5 1.5585244804918115 14 
0004 0012 1665904260703694 28.5 -78.0 4.424000592262189 14 
0004 0009 1665904260781741 48.0 -61.5 0.4479223900626072 14 
0004 0004 1665904260785894 -69.125 -61.5 4.080388895775806 14 
0004 0005 1665904260787148 -21.9375 -61.5 5.957981380147831 14 
0004 0002 1665904260788281 -21.9375 -67.5 4.061981126321178 14 
0004 0014 1665904260789641 4.0625 -63.0 2.429825568010856 14 
0004 0008 1665904260790796 30.0625 -62.0 1.9082721001297376 14 
0004 0001 1665904260791664 100.0625 -74.0 5.589825991055276 14 
0004 0003 1665904260794668 -43.125 -64.0 0.30066023442558565 14 
0004 0010 1665904260795590 8.9375 -68.5 1.239456476611598 14 
0004 0006 1665904260798709 -66.6875 -70.5 4.816699673960914 14 
0004 0000 1665904260811803 165.1875 -74.5 1.3499030933393643 14 
