0004 0015 1665904936845272 -113.0625 -67.5 4.239922897715912 15 
0004 0014 1665904936849191 13.0 -58.5 3.9638063558964967 15 
0004 0004 1665904936850113 0.0 -53.0 1.9696313316451632 15 
0004 0004 1665904936947612 4.0625 -53.5 2.012582793705961 15 
0004 0001 1665904936949046 69.125 -71.5 0.5399612373357456 15 
0004 0005 1665904936951008 -17.0625 -60.5 0.5092816215780329 15 
0004 0014 1665904936953039 4.0625 -58.5 3.9515345095934116 15 
0004 0008 1665904936954252 -100.0625 -63.5 3.8410878928656453 15 
0004 0010 1665904936956181 69.125 -69.5 6.135923151542564 15 
0004 0015 1665904936957250 -8.9375 -68.0 4.0558452031696355 15 
0004 0002 1665904937009410 -17.8125 -78.0 5.688000761479957 15 
0004 0006 1665904937082301 -1.25 -74.0 5.589825991055276 15 
0004 0014 1665904937117697 4.0625 -58.5 4.0128937411088375 15 
0004 0004 1665904937118637 8.9375 -53.5 1.9941750242513334 15 
0004 0008 1665904937119521 -34.9375 -62.5 3.736777199289422 15 
0004 0005 1665904937120404 -4.0625 -60.0 0.5338253141842031 15 
0004 0010 1665904937122574 43.125 -69.5 6.191146459906448 15 
0004 0015 1665904937124206 -43.125 -67.0 4.135612204139688 15 
0004 0001 1665904937126432 143.1875 -73.0 0.607456392002714 15 
0004 0002 1665904937179471 -24.25 -79.5 5.7616318392984684 15 
0004 0006 1665904937188305 5.9375 -74.0 5.5100589900852235 15 
0004 0014 1665904937244050 0.0 -58.5 3.9822141253511245 15 
0004 0015 1665904937246303 -34.9375 -66.5 4.111068511533518 15 
0004 0008 1665904937248385 13.0 -63.0 3.7429131224409646 15 
0004 0005 1665904937249667 -8.9375 -60.5 0.5338253141842031 15 
0004 0004 1665904937250593 -21.9375 -53.5 2.030990563160589 15 
0004 0010 1665904937253482 126.125 -69.0 6.234097921967246 15 
0004 0001 1665904937267298 -152.125 -73.0 0.8835729338221293 15 
0004 0002 1665904937302690 -37.375 -78.5 6.007068765360171 15 
0004 0006 1665904937330346 6.0625 -74.0 5.448699758569798 15 
0004 0005 1665904937384765 21.9375 -60.5 0.4970097752749477 15 
0004 0004 1665904937385960 8.9375 -53.5 2.043262409463674 15 
0004 0015 1665904937387728 -69.125 -67.0 4.252194744018997 15 
0004 0008 1665904937389163 21.9375 -62.5 3.650874275167826 15 
0004 0014 1665904937390315 -8.9375 -58.5 4.000621894805752 15 
0004 0010 1665904937392797 108.1875 -69.0 6.080699843178682 15 
0004 0001 1665904937393694 -273.375 -72.5 1.0492428589137786 15 
0004 0002 1665904937447739 2.4375 -79.0 6.000932842208628 15 
0004 0006 1665904937473655 -5.3125 -74.0 5.620505606812989 15 
0004 0015 1665904937527682 21.9375 -67.0 4.061981126321178 15 
0004 0014 1665904937529359 13.0 -58.0 3.9699422790480394 15 
0004 0008 1665904937530768 -30.0625 -63.0 3.6815538909255388 15 
0004 0004 1665904937533505 -13.0 -53.5 2.061670178918302 15 
0004 0010 1665904937534559 -21.9375 -69.5 0.006135923151542565 15 
0004 0005 1665904937535501 13.0 -61.0 0.5460971604872883 15 
0004 0001 1665904937540232 61.0 -72.0 0.705631162427395 15 
0004 0002 1665904937556242 -6.5 -79.0 6.000932842208628 15 
0004 0006 1665904937591303 -2.4375 -74.0 5.540738605842936 15 
0004 0005 1665904937647078 -30.0625 -60.5 0.5951845456996288 15 
0004 0008 1665904937648458 -74.0 -63.0 3.761320891895592 15 
0004 0004 1665904937649339 -21.9375 -53.5 2.0923497946760143 15 
0004 0010 1665904937651003 -95.1875 -70.0 0.0859029241215959 15 
0004 0015 1665904937651918 134.25 -67.0 4.025165587411922 15 
0004 0014 1665904937653803 -8.9375 -58.5 4.000621894805752 15 
0004 0001 1665904937656812 282.375 -72.5 0.380427235395639 15 
0004 0002 1665904937709435 19.5 -79.0 5.884350302329319 15 
0004 0006 1665904937810403 -1.9375 -74.0 5.638913376267617 15 
0004 0008 1665904937835664 69.125 -63.0 3.6324665057131984 15 
0004 0005 1665904937836576 -48.0 -61.0 0.6442719309119693 15 
0004 0001 1665904937837984 104.125 -71.0 0.6810874698212247 15 
0004 0014 1665904937839641 0.0 -58.5 4.006757817957295 15 
0004 0004 1665904937842884 -13.0 -53.5 2.0800779483729293 15 
0004 0015 1665904937845599 113.0625 -67.0 3.9699422790480394 15 
0004 0010 1665904937846738 -117.125 -70.0 0.14726215563702155 15 
0004 0002 1665904937886998 13.875 -79.0 5.890486225480862 15 
0004 0006 1665904937928165 2.625 -74.0 5.485515297479052 15 
0004 0008 1665904937968912 -48.0 -62.5 3.6876898140770815 15 
0004 0004 1665904937970088 4.0625 -53.5 2.055534255766759 15 
0004 0010 1665904937971982 52.0625 -69.5 6.17273869045182 15 
0004 0015 1665904937972880 -17.0625 -66.5 4.1172044346850605 15 
0004 0005 1665904937974730 69.125 -61.0 0.5338253141842031 15 
0004 0014 1665904937976854 4.0625 -58.5 4.000621894805752 15 
0004 0001 1665904937981640 13.0 -73.5 0.8958447801252144 15 
0004 0002 1665904938029789 4.875 -78.5 6.19728238305799 15 
0004 0010 1665904938132060 43.125 -70.5 6.14819499784565 15 
0004 0008 1665904938133583 30.0625 -62.5 3.6140587362585705 15 
0004 0014 1665904938135557 17.0625 -58.5 3.9760782021995817 15 
0004 0004 1665904938137360 -34.9375 -53.5 2.1046216409791 15 
0004 0015 1665904938138790 -17.0625 -66.0 4.184699589352029 15 
0004 0005 1665904938141429 8.9375 -60.5 0.6135923151542565 15 
0004 0001 1665904938143316 -87.0625 -73.0 0.9694758579437253 15 
0004 0002 1665904938171452 3.1875 -78.5 5.9518454569962875 15 
0004 0008 1665904938246731 8.9375 -62.5 3.6815538909255388 15 
0004 0014 1665904938249004 -69.125 -59.0 4.04357335686655 15 
0004 0015 1665904938249902 -34.9375 -67.0 4.111068511533518 15 
0004 0005 1665904938251297 -43.125 -60.5 0.6442719309119693 15 
0004 0004 1665904938252223 -34.9375 -53.5 2.110757564130642 15 
0004 0010 1665904938253504 17.0625 -70.0 6.252505691421874 15 
0004 0001 1665904938255942 -26.0 -72.5 0.944932165337555 15 
0004 0002 1665904938294058 -15.6875 -79.0 3.0372819600135696 15 
0004 0010 1665904938365337 -82.1875 -68.5 0.0 15 
0004 0015 1665904938366337 65.0625 -67.0 4.0558452031696355 15 
0004 0008 1665904938367503 17.0625 -62.0 3.6324665057131984 15 
0004 0004 1665904938368698 39.0 -53.5 2.0493983326152168 15 
0004 0014 1665904938372583 13.0 -58.5 3.9453985864418692 15 
0004 0005 1665904938373721 13.0 -60.5 0.5767767762450011 15 
0004 0001 1665904938380566 -139.125 -73.0 1.214912784005428 15 
0004 0002 1665904938453483 25.125 -78.0 6.227961998815704 15 
0004 0010 1665904938527814 43.125 -70.5 6.215690152512618 15 
0004 0014 1665904938529587 0.0 -59.0 3.9760782021995817 15 
0004 0005 1665904938531554 -13.0 -60.0 0.619728238305799 15 
0004 0015 1665904938532443 117.125 -67.5 3.9944859716542096 15 
0004 0001 1665904938533848 30.0625 -73.0 1.1228739367322893 15 
0004 0004 1665904938534772 21.9375 -53.5 2.0800779483729293 15 
0004 0008 1665904938535669 -26.0 -61.5 3.663146121470911 15 
0004 0002 1665904938575358 13.875 -78.0 6.086835766330224 15 
0004 0010 1665904938652609 91.125 -69.5 6.074563920027139 15 
0004 0014 1665904938653841 0.0 -58.5 3.9515345095934116 15 
0004 0008 1665904938655223 -8.9375 -62.5 3.6017868899554855 15 
0004 0001 1665904938657020 217.25 -73.5 1.0737865515199487 15 
0004 0005 1665904938658155 30.0625 -60.0 0.5706408530934585 15 
0004 0004 1665904938659081 -43.125 -53.5 2.1598449493429825 15 
0004 0015 1665904938661531 212.375 -67.0 3.8717675086233583 15 
0004 0002 1665904938704682 -14.4375 -78.5 6.240233845118788 15 
0004 0005 1665904938776822 21.9375 -60.5 0.5460971604872883 15 
0004 0001 1665904938778242 243.3125 -72.5 0.8283496254582462 15 
0004 0010 1665904938780472 -95.1875 -70.0 6.227961998815704 15 
0004 0014 1665904938782796 -13.0 -58.5 3.9576704327449543 15 
0004 0015 1665904938785385 100.0625 -67.5 4.061981126321178 15 
0004 0004 1665904938788376 -26.0 -53.5 2.1230294104337273 15 
0004 0008 1665904938789627 17.0625 -62.5 3.6140587362585705 15 
0004 0002 1665904938829007 45.5625 -77.5 6.1420590746941075 15 
0004 0006 1665904938969009 11.4375 -74.5 5.602097837358362 15 
0004 0014 1665904939019397 13.0 -58.5 3.9392626632903265 15 
0004 0010 1665904939020282 -65.0625 -70.0 0.04295146206079795 15 
0004 0015 1665904939021431 0.0 -66.5 4.04357335686655 15 
0004 0004 1665904939023805 -4.0625 -53.5 2.1353012567368124 15 
0004 0001 1665904939025198 78.0625 -71.0 1.0615147052168636 15 
0004 0005 1665904939026665 -26.0 -60.5 0.6013204688511713 15 
0004 0008 1665904939029626 -13.0 -62.5 3.6754179677739964 15 
0004 0002 1665904939086837 12.3125 -78.0 6.080699843178682 15 
0004 0006 1665904939092182 -5.0 -74.5 2.454369260617026 15 
0004 0015 1665904939146720 8.9375 -67.5 4.104932588381976 15 
0004 0014 1665904939148453 0.0 -58.5 3.9638063558964967 15 
0004 0005 1665904939150377 -21.9375 -60.0 0.6381360077604268 15 
0004 0008 1665904939151288 -13.0 -62.0 3.6386024288647407 15 
0004 0010 1665904939152709 191.1875 -71.5 6.1850105367549055 15 
0004 0004 1665904939154113 -8.9375 -53.5 2.1353012567368124 15 
0004 0001 1665904939158059 4.0625 -74.0 1.1474176293384597 15 
0004 0002 1665904939202239 34.9375 -78.0 6.105243535784852 15 
0004 0006 1665904939214245 9.0 -74.0 5.522330836388308 15 
0004 0015 1665904939281364 -199.375 -67.0 4.338097668140593 15 
0004 0004 1665904939285419 -21.9375 -53.5 2.172116795646068 15 
0004 0001 1665904939286614 113.0625 -72.5 1.0062913968529805 15 
0004 0005 1665904939287570 -52.0625 -60.0 0.6872233929727672 15 
0004 0014 1665904939288690 8.9375 -58.5 3.9638063558964967 15 
0004 0010 1665904939290442 -74.0 -70.0 0.07976700097005335 15 
0004 0008 1665904939291651 -61.0 -62.0 3.761320891895592 15 
0004 0002 1665904939338420 -1.625 -78.0 0.09817477042468103 15 
0004 0006 1665904939347184 -8.5 -74.0 5.64504929941916 15 
0004 0008 1665904939415585 0.0 -62.5 3.7122335066832517 15 
0004 0005 1665904939416987 0.0 -61.0 0.6381360077604268 15 
0004 0014 1665904939418964 8.9375 -58.5 3.9515345095934116 15 
0004 0015 1665904939421497 104.125 -67.0 3.9515345095934116 15 
0004 0004 1665904939422789 4.0625 -53.5 2.1598449493429825 15 
0004 0001 1665904939424182 39.0 -72.5 1.3928545554001621 15 
0004 0010 1665904939429033 78.0625 -70.5 6.080699843178682 15 
0004 0002 1665904939489822 6.375 -78.5 0.03681553890925539 15 
0004 0006 1665904939533738 2.9375 -74.5 5.589825991055276 15 
0004 0010 1665904939558742 -152.125 -69.0 0.03681553890925539 15 
0004 0015 1665904939559882 69.125 -67.0 4.049709280018092 15 
0004 0014 1665904939560744 0.0 -58.5 3.9760782021995817 15 
0004 0005 1665904939562381 -4.0625 -61.0 0.6872233929727672 15 
0004 0001 1665904939564287 -221.3125 -72.0 1.5033011721279284 15 
0004 0008 1665904939565155 -34.9375 -62.5 3.767456815047135 15 
0004 0004 1665904939567029 21.9375 -53.5 2.141437179888355 15 
0004 0002 1665904939593394 -11.4375 -78.0 0.07976700097005335 15 
0004 0006 1665904939690314 -0.4375 -74.5 5.681864838328415 15 
0004 0011 1665904939709409 1.5 -78.5 4.81056375080937 15 
0004 0005 1665904939718394 13.0 -61.0 0.6933593161243098 15 
0004 0001 1665904939719333 -95.1875 -71.0 1.5892040962495242 15 
0004 0004 1665904939721336 8.9375 -53.5 2.2396119503130363 15 
0004 0008 1665904939723651 -39.0 -63.5 3.822680123411018 15 
0004 0015 1665904939725243 -95.1875 -67.0 4.221515128261284 15 
0004 0014 1665904939726366 -61.0 -58.0 4.061981126321178 15 
0004 0010 1665904939727278 78.0625 -70.0 6.111379458936394 15 
0004 0002 1665904939760635 -0.75 -77.5 0.3865631585471816 15 
0004 0001 1665904939834406 186.3125 -71.5 1.9696313316451632 15 
0004 0004 1665904939836916 4.0625 -53.5 2.4605051837685683 15 
0004 0014 1665904939837838 0.0 -58.0 3.9822141253511245 15 
0004 0015 1665904939839491 -17.0625 -66.0 4.09266074207889 15 
0004 0010 1665904939841176 8.9375 -69.5 6.209554229361076 15 
0004 0005 1665904939842340 0.0 -60.5 0.9019807032767571 15 
0004 0008 1665904939843725 -104.125 -63.0 4.0128937411088375 15 
0004 0002 1665904939871554 10.5 -77.0 0.8835729338221293 15 
0004 0004 1665904939948444 -4.0625 -54.0 2.9206994201342606 15 
0004 0015 1665904939951201 26.0 -65.0 4.166291819897402 15 
0004 0005 1665904939952753 26.0 -60.0 1.2640001692177683 15 
0004 0008 1665904939953677 -8.9375 -62.0 4.000621894805752 15 
0004 0001 1665904939954603 -39.0 -73.0 3.4606606574700063 15 
0004 0014 1665904939956248 -4.0625 -58.5 3.9822141253511245 15 
0004 0002 1665904939957758 104.125 -73.5 1.4419419406125027 15 
0004 0010 1665904939958897 -139.125 -70.5 0.02454369260617026 15 
0004 0014 1665904940056752 8.9375 -58.0 3.9760782021995817 15 
0004 0015 1665904940059631 -39.0 -66.0 4.313553975534423 15 
0004 0010 1665904940061692 -39.0 -72.5 0.12885438618239387 15 
0004 0004 1665904940062903 -4.0625 -53.5 3.6692820446224537 15 
0004 0005 1665904940063961 -52.0625 -61.0 2.012582793705961 15 
0004 0008 1665904940065564 -74.0 -62.5 4.111068511533518 15 
0004 0002 1665904940067960 204.25 -72.0 2.2396119503130363 15 
0004 0001 1665904940080993 13.875 -78.0 0.6013204688511713 15 
0004 0009 1665904940091694 -2.4375 -73.0 0.44178646691106466 15 
0004 0008 1665904940170193 -4.0625 -63.0 4.405592822807561 15 
0004 0004 1665904940171274 -13.0 -54.0 4.460816131171445 15 
0004 0014 1665904940174152 -8.9375 -58.0 4.031301510563465 15 
0004 0002 1665904940178244 13.0 -71.5 4.344233591292136 15 
0004 0015 1665904940179443 -56.125 -67.5 4.264466590322082 15 
0004 0001 1665904940180566 117.125 -70.5 3.4054373491061236 15 
0004 0005 1665904940181492 21.9375 -65.5 3.117048960983623 15 
0004 0006 1665904940187339 -27.25 -72.0 5.819923109238123 15 
0004 0011 1665904940201421 1.625 -77.5 4.1172044346850605 15 
0004 0003 1665904940213160 27.5625 -79.5 0.7976700097005334 15 
0004 0015 1665904940293382 100.0625 -66.5 4.1601558967458585 15 
0004 0014 1665904940294250 -34.9375 -58.0 4.080388895775806 15 
0004 0008 1665904940295615 -195.25 -66.5 5.47937937432751 15 
0004 0002 1665904940297074 21.9375 -71.0 0.39269908169872414 15 
0004 0006 1665904940298464 23.5625 -70.0 3.663146121470911 15 
0004 0004 1665904940299632 -82.1875 -58.5 5.497787143782138 15 
0004 0001 1665904940303533 -61.0 -73.0 1.5892040962495242 15 
0004 0005 1665904940399730 -2.6875 -74.5 1.2578642460662257 15 
0004 0003 1665904940405700 -3.5625 -77.5 1.7303303287350031 15 
0004 0000 1665904940417629 -13.0 -69.5 1.9573594853420782 15 
0004 0002 1665904940419634 39.0 -66.5 2.3071071049800045 15 
0004 0015 1665904940420957 39.0 -67.5 4.411728745959104 15 
0004 0004 1665904940422402 4.0625 -65.5 0.22089323345553233 15 
0004 0001 1665904940423286 -117.125 -72.0 5.6573211457222445 15 
0004 0014 1665904940425635 4.0625 -58.0 4.123340357836604 15 
0004 0003 1665904940464187 -29.25 -77.0 5.706408530934585 15 
0004 0005 1665904940475163 -4.0625 -72.0 4.718524903536232 15 
0004 0004 1665904940550817 -52.0625 -72.0 1.509437095279471 15 
0004 0014 1665904940552565 -39.0 -57.5 4.252194744018997 15 
0004 0000 1665904940553745 43.125 -60.0 2.7550294950426117 15 
0004 0005 1665904940554898 78.0625 -70.0 1.423534171157875 15 
0004 0015 1665904940555839 -17.0625 -67.0 4.313553975534423 15 
0004 0002 1665904940556751 -34.9375 -66.5 3.411573272257666 15 
0004 0000 1665904940668807 -61.0 -60.0 3.54042765844006 15 
0004 0014 1665904940671300 17.0625 -58.0 4.331961744989051 15 
0004 0015 1665904940672230 -108.1875 -68.0 4.614214209960009 15 
0004 0002 1665904940673826 17.0625 -71.5 3.816544200259475 15 
0004 0004 1665904940677840 -65.0625 -70.5 0.4724660826687775 15 
0004 0005 1665904940721860 6.5 -75.0 1.6014759425526093 15 
0004 0015 1665904940781968 -256.3125 -70.5 4.534447208989955 15 
0004 0014 1665904940784502 8.9375 -58.0 4.454680208019902 15 
0004 0004 1665904940785388 43.125 -68.5 5.638913376267617 15 
0004 0000 1665904940787288 -65.0625 -63.5 3.9699422790480394 15 
0004 0006 1665904940843775 1.1875 -73.5 5.872078456026235 15 
0004 0004 1665904940899682 -108.1875 -68.5 4.675573441475434 15 
0004 0000 1665904940900607 69.125 -67.0 3.792000507653305 15 
0004 0015 1665904940901960 82.1875 -69.5 3.8963112012295285 15 
0004 0014 1665904940906353 0.0 -58.5 4.503767593232243 15 
0004 0006 1665904940907851 -56.9375 -70.0 3.153864499892878 15 
0004 0015 1665904941004681 -191.1875 -69.0 4.129476280988146 15 
0004 0006 1665904941006909 -94.375 -69.0 3.5465635815916023 15 
0004 0014 1665904941008658 -65.0625 -59.0 4.516039439535327 15 
0004 0004 1665904941010181 -82.1875 -68.0 4.466952054322987 15 
0004 0001 1665904941089353 4.1875 -77.0 5.786175531904639 15 
0004 0014 1665904941115128 13.0 -59.0 4.417864669110647 15 
0004 0006 1665904941118304 139.125 -70.0 3.380893656499953 15 
0004 0015 1665904941120038 -169.25 -68.0 4.2031073588066565 15 
0004 0004 1665904941121402 -74.0 -66.0 4.516039439535327 15 
0004 0001 1665904941133949 27.25 -75.0 5.660389107298016 15 
0004 0006 1665904941228345 -118.75 -69.5 3.5158839658338894 15 
0004 0014 1665904941229594 -21.9375 -59.0 4.473087977474529 15 
0004 0004 1665904941230760 -65.0625 -66.0 4.571262747899211 15 
0004 0015 1665904941232030 -104.125 -67.0 4.0128937411088375 15 
0004 0001 1665904941234167 173.3125 -72.5 1.8653206380689396 15 
0004 0014 1665904941331680 -34.9375 -58.5 4.460816131171445 15 
0004 0015 1665904941332566 -56.125 -68.5 3.9822141253511245 15 
0004 0004 1665904941336234 -69.125 -66.5 4.4362724385652745 15 
0004 0006 1665904941338179 -28.4375 -68.0 3.356349963893783 15 
0004 0001 1665904941347545 -9.75 -75.0 1.7886215986746576 15 
0004 0014 1665904941437676 -78.0625 -58.5 4.503767593232243 15 
0004 0004 1665904941439412 -34.9375 -67.0 4.295146206079795 15 
0004 0015 1665904941440837 43.125 -66.5 3.9515345095934116 15 
0004 0006 1665904941444200 -47.1875 -69.0 3.3072625786814425 15 
0004 0001 1665904941488580 -29.25 -76.0 1.6413594430376361 15 
0004 0004 1665904941580023 0.0 -67.0 4.252194744018997 15 
0004 0015 1665904941581411 -130.1875 -67.0 4.123340357836604 15 
0004 0006 1665904941582817 38.1875 -69.5 3.129320807286708 15 
0004 0014 1665904941583699 -48.0 -59.0 4.509903516383785 15 
0004 0001 1665904941606435 12.1875 -76.5 1.576932249946439 15 
0004 0006 1665904941684789 104.125 -71.0 3.018874190558942 15 
0004 0015 1665904941686541 -139.125 -67.5 4.129476280988146 15 
0004 0004 1665904941689651 -74.0 -67.0 4.3933209765044765 15 
0004 0014 1665904941690788 26.0 -59.5 4.454680208019902 15 
0004 0001 1665904941709524 -160.6875 -76.5 1.8223691760081417 15 
0004 0004 1665904941799489 0.0 -66.0 4.381049130201391 15 
0004 0015 1665904941800521 -4.0625 -67.5 3.9638063558964967 15 
0004 0014 1665904941802155 8.9375 -59.0 4.411728745959104 15 
0004 0006 1665904941803052 -4.0625 -69.5 3.1661363461959633 15 
0004 0001 1665904941835070 4.875 -76.0 1.4296700943094176 15 
