0004 0014 1665905541005083 0.0 -58.0 3.497476196379262 16 
0004 0015 1665905541006953 -91.125 -70.5 3.32567034813607 16 
0004 0008 1665905541007895 225.375 -68.5 1.6137477888556946 16 
0004 0007 1665905541011431 -30.0625 -68.0 5.491651220630596 16 
0004 0004 1665905541012542 48.0 -67.0 4.301282129231338 16 
0004 0000 1665905541014215 52.0625 -59.5 2.1966604882522383 16 
0004 0006 1665905541015525 -104.125 -69.0 0.44178646691106466 16 
0004 0007 1665905541114257 -21.9375 -68.0 5.356660911296659 16 
0004 0014 1665905541117731 -17.0625 -58.5 3.479068426924634 16 
0004 0000 1665905541118653 0.0 -59.5 2.282563412373834 16 
0004 0004 1665905541120093 -8.9375 -66.5 4.466952054322987 16 
0004 0015 1665905541121677 -65.0625 -69.5 3.2336315008629315 16 
0004 0006 1665905541123424 -52.0625 -70.5 0.5583690067903734 16 
0004 0008 1665905541124462 21.9375 -69.5 1.6689710972195777 16 
0004 0000 1665905541222002 17.0625 -60.0 2.2457478734645786 16 
0004 0006 1665905541223493 -4.875 -69.0 0.5154175447295755 16 
0004 0014 1665905541225138 0.0 -58.0 3.479068426924634 16 
0004 0004 1665905541228065 39.0 -66.5 4.454680208019902 16 
0004 0008 1665905541229020 104.125 -69.5 1.8039614065535141 16 
0004 0015 1665905541229935 143.1875 -70.5 2.9575149590435164 16 
0004 0007 1665905541231462 182.25 -69.0 5.221670601962723 16 
0004 0000 1665905541328454 8.9375 -59.5 2.2886993355253766 16 
0004 0004 1665905541332902 21.9375 -65.5 4.460816131171445 16 
0004 0014 1665905541334348 -21.9375 -57.5 3.522019888985432 16 
0004 0008 1665905541336454 -65.0625 -69.0 2.018718716857504 16 
0004 0006 1665905541337619 -104.125 -69.5 0.5276893910326605 16 
0004 0007 1665905541338953 -100.0625 -68.0 5.516194913236766 16 
0004 0015 1665905541340267 -156.1875 -69.0 3.2765829629237295 16 
0004 0015 1665905541437169 13.0 -70.0 3.2397674240144743 16 
0004 0000 1665905541439695 0.0 -59.5 2.3193789512830896 16 
0004 0014 1665905541441716 -13.0 -58.0 3.5036121195308043 16 
0004 0007 1665905541442659 -61.0 -68.5 5.583690067903734 16 
0004 0006 1665905541443823 -70.75 -70.0 0.44178646691106466 16 
0004 0004 1665905541444721 -100.0625 -67.0 4.571262747899211 16 
0004 0008 1665905541447369 -126.125 -69.0 2.110757564130642 16 
0004 0015 1665905541543968 329.5625 -70.0 2.791845033951867 16 
0004 0008 1665905541545373 65.0625 -69.0 1.859184714917397 16 
0004 0014 1665905541546255 34.9375 -58.0 3.442252888015379 16 
0004 0004 1665905541547437 -21.9375 -65.5 4.387185053352934 16 
0004 0007 1665905541549755 -165.1875 -68.5 5.577554144752192 16 
0004 0000 1665905541552212 -34.9375 -60.0 2.3316507975861747 16 
0004 0006 1665905541554443 74.0 -69.5 0.2699806186678728 16 
0004 0014 1665905541654041 8.9375 -57.5 3.4606606574700063 16 
0004 0004 1665905541656273 -30.0625 -66.0 4.411728745959104 16 
0004 0007 1665905541658291 -8.9375 -69.5 5.4671075280244255 16 
0004 0008 1665905541659318 65.0625 -69.5 1.8530487917658545 16 
0004 0000 1665905541660244 -52.0625 -60.0 2.337786720737717 16 
0004 0006 1665905541661152 18.6875 -70.5 0.380427235395639 16 
0004 0015 1665905541662040 147.25 -71.0 2.945243112740431 16 
0004 0004 1665905541759509 186.3125 -67.0 4.270602513473625 16 
0004 0008 1665905541761510 8.9375 -69.5 1.748738098189631 16 
0004 0014 1665905541762445 0.0 -58.0 3.5036121195308043 16 
0004 0000 1665905541763857 -30.0625 -60.0 2.3439226438892597 16 
0004 0015 1665905541764742 -17.0625 -70.5 3.2643111166206444 16 
0004 0007 1665905541766662 -69.125 -68.0 5.405748296509 16 
0004 0006 1665905541768294 -91.125 -69.0 0.30679615757712825 16 
0004 0000 1665905541868735 -26.0 -59.5 2.3193789512830896 16 
0004 0007 1665905541870625 17.0625 -68.5 5.491651220630596 16 
0004 0008 1665905541872602 39.0 -69.5 1.8223691760081417 16 
0004 0014 1665905541873511 -8.9375 -58.0 3.5036121195308043 16 
0004 0006 1665905541875145 -17.0625 -70.0 0.5460971604872883 16 
0004 0004 1665905541876526 30.0625 -66.5 4.313553975534423 16 
0004 0015 1665905541880294 82.1875 -70.0 3.1661363461959633 16 
0004 0000 1665905541978390 -26.0 -60.0 2.2886993355253766 16 
0004 0007 1665905541979575 -208.3125 -67.5 5.595961914206819 16 
0004 0014 1665905541981419 26.0 -58.0 3.485204350076177 16 
0004 0015 1665905541983368 -69.125 -71.0 3.3011266555298997 16 
0004 0004 1665905541985849 0.0 -67.0 4.448544284868359 16 
0004 0008 1665905541987078 95.1875 -69.5 1.859184714917397 16 
0004 0006 1665905541987976 132.625 -69.0 0.2638446955163303 16 
0004 0004 1665905542088232 48.0 -66.0 4.319689898685965 16 
0004 0006 1665905542089383 -42.3125 -70.5 0.5338253141842031 16 
0004 0000 1665905542091103 -17.0625 -60.0 2.325514874434632 16 
0004 0014 1665905542093177 -17.0625 -58.0 3.5281558121369745 16 
0004 0015 1665905542094318 69.125 -69.5 3.104777114680538 16 
0004 0008 1665905542095344 39.0 -69.5 1.7119225592803755 16 
0004 0007 1665905542096213 95.1875 -69.0 5.283029833478148 16 
0004 0006 1665905542193495 -47.1875 -70.0 0.6258641614573416 16 
0004 0014 1665905542196335 26.0 -58.0 3.466796580621549 16 
0004 0004 1665905542197274 21.9375 -66.5 4.331961744989051 16 
0004 0007 1665905542198655 -95.1875 -68.0 5.473243451175968 16 
0004 0000 1665905542199793 26.0 -60.0 2.2212041808584084 16 
0004 0015 1665905542201094 -108.1875 -69.0 3.2643111166206444 16 
0004 0008 1665905542201976 -78.0625 -69.5 2.0923497946760143 16 
0004 0000 1665905542299989 -21.9375 -60.0 2.2580197197676637 16 
0004 0007 1665905542300875 26.0 -68.0 5.3198453723874035 16 
0004 0008 1665905542301802 160.3125 -69.0 1.7794177139473437 16 
0004 0006 1665905542303674 -75.625 -69.0 0.6381360077604268 16 
0004 0004 1665905542306302 39.0 -67.0 4.295146206079795 16 
0004 0014 1665905542307980 39.0 -58.0 3.4606606574700063 16 
0004 0015 1665905542312926 -65.0625 -70.5 3.2765829629237295 16 
0004 0006 1665905542411626 -90.3125 -70.0 0.5338253141842031 16 
0004 0014 1665905542413416 -26.0 -58.0 3.54042765844006 16 
0004 0008 1665905542414683 -173.3125 -70.0 2.073942025221387 16 
0004 0000 1665905542415606 -17.0625 -60.0 2.2641556429192065 16 
0004 0015 1665905542417244 108.1875 -69.5 3.11091303783208 16 
0004 0004 1665905542419858 30.0625 -66.0 4.301282129231338 16 
0004 0007 1665905542420899 -191.1875 -69.5 5.516194913236766 16 
0004 0006 1665905542518937 113.875 -69.5 0.2761165418194154 16 
0004 0000 1665905542520401 -17.0625 -60.0 2.3009711818284617 16 
0004 0007 1665905542522182 61.0 -69.0 5.1725832167503825 16 
0004 0014 1665905542523077 21.9375 -57.5 3.485204350076177 16 
0004 0015 1665905542523992 91.125 -69.5 3.098641191528995 16 
0004 0004 1665905542525110 0.0 -66.0 4.381049130201391 16 
0004 0008 1665905542526607 -8.9375 -70.5 1.8285050991596843 16 
0004 0000 1665905542626093 -48.0 -60.0 2.3071071049800045 16 
0004 0007 1665905542627260 -56.125 -69.0 5.399612373357457 16 
0004 0014 1665905542628154 -8.9375 -58.0 3.4913402732277192 16 
0004 0015 1665905542629085 91.125 -69.0 3.117048960983623 16 
0004 0008 1665905542630236 -95.1875 -69.5 1.8162332528565992 16 
0004 0004 1665905542631191 -104.125 -67.0 4.460816131171445 16 
0004 0006 1665905542633804 -137.5 -69.5 0.3988350048502667 16 
0004 0007 1665905542734551 -286.4375 -70.0 5.632777453116074 16 
0004 0014 1665905542736325 -4.0625 -58.0 3.509748042682347 16 
0004 0008 1665905542737236 -8.9375 -69.0 1.8714565612204823 16 
0004 0015 1665905542738392 69.125 -69.5 3.055689729468197 16 
0004 0006 1665905542739516 -222.9375 -69.0 0.5092816215780329 16 
0004 0000 1665905542741896 -4.0625 -60.0 2.2457478734645786 16 
0004 0004 1665905542744529 26.0 -66.5 4.405592822807561 16 
0004 0015 1665905542841965 -108.1875 -70.5 3.1968159619536762 16 
0004 0006 1665905542845517 -104.125 -69.5 0.4111068511533518 16 
0004 0000 1665905542846442 17.0625 -60.0 2.2518837966161214 16 
0004 0014 1665905542847368 21.9375 -58.0 3.4606606574700063 16 
0004 0008 1665905542848239 299.4375 -69.5 1.6382914814618648 16 
0004 0007 1665905542849361 4.0625 -69.5 5.301437602932776 16 
0004 0004 1665905542851355 21.9375 -67.0 4.28287435977671 16 
0004 0015 1665905542959576 -69.125 -70.5 3.2827188860752723 16 
0004 0008 1665905542961312 -191.1875 -69.5 1.8775924843720249 16 
0004 0000 1665905542962775 -65.0625 -59.5 2.086213871524472 16 
0004 0007 1665905542963672 34.9375 -69.0 5.295301679781233 16 
0004 0004 1665905542964572 104.125 -67.0 4.221515128261284 16 
0004 0014 1665905542965779 -13.0 -57.5 3.509748042682347 16 
0004 0006 1665905542967244 61.8125 -70.5 0.3436116964863836 16 
0004 0014 1665905543066637 -34.9375 -57.5 3.497476196379262 16 
0004 0000 1665905543067517 -8.9375 -60.5 1.9696313316451632 16 
0004 0008 1665905543069560 -30.0625 -69.5 1.5953400194010667 16 
0004 0007 1665905543070727 34.9375 -69.0 5.190990986205009 16 
0004 0004 1665905543071904 0.0 -66.5 4.338097668140593 16 
0004 0015 1665905543073959 87.0625 -70.0 3.06182565261974 16 
0004 0006 1665905543074870 -156.1875 -69.5 0.47860200582032003 16 
0004 0000 1665905543175518 -8.9375 -60.0 2.000310947402876 16 
0004 0014 1665905543176940 26.0 -58.0 3.485204350076177 16 
0004 0006 1665905543178526 -104.125 -69.0 0.42337869745643697 16 
0004 0007 1665905543179510 -160.3125 -69.0 5.534602682691394 16 
0004 0015 1665905543180666 191.1875 -69.0 2.9820586516496865 16 
0004 0004 1665905543181621 -130.1875 -67.0 4.4362724385652745 16 
0004 0008 1665905543182872 -104.125 -70.0 1.6751070203711202 16 
0004 0008 1665905543279891 52.0625 -69.5 1.4542137869155878 16 
0004 0004 1665905543280804 82.1875 -67.0 4.344233591292136 16 
0004 0014 1665905543284117 4.0625 -57.5 3.466796580621549 16 
0004 0006 1665905543285399 -151.3125 -68.5 0.5399612373357456 16 
0004 0015 1665905543286548 0.0 -69.0 3.1784081924990484 16 
0004 0000 1665905543287719 17.0625 -60.0 2.012582793705961 16 
0004 0007 1665905543289924 -61.0 -69.0 5.375068680751287 16 
0004 0000 1665905543388298 13.0 -60.0 2.024854640009046 16 
0004 0014 1665905543389689 4.0625 -57.5 3.466796580621549 16 
0004 0006 1665905543391493 4.0625 -69.5 0.48473792897186263 16 
0004 0008 1665905543394404 143.1875 -69.5 1.4480778637640452 16 
0004 0004 1665905543395841 -91.125 -67.5 4.454680208019902 16 
0004 0007 1665905543396841 -143.1875 -69.5 5.522330836388308 16 
0004 0015 1665905543399298 -26.0 -69.5 3.215223731408304 16 
0004 0007 1665905543496272 -48.0 -69.0 5.350524988145116 16 
0004 0015 1665905543498310 225.375 -71.0 2.748893571891069 16 
0004 0008 1665905543499774 -199.375 -69.5 1.748738098189631 16 
0004 0006 1665905543501525 225.375 -71.0 0.2086213871524472 16 
0004 0014 1665905543502459 8.9375 -57.5 3.454524734318464 16 
0004 0000 1665905543503372 91.125 -60.5 1.9266798695843652 16 
0004 0004 1665905543504398 13.0 -66.5 4.246058820867455 16 
0004 0007 1665905543601464 -21.9375 -69.5 5.252350217720435 16 
0004 0000 1665905543603135 8.9375 -60.0 1.9941750242513334 16 
0004 0008 1665905543604276 -69.125 -69.0 1.5155730184310134 16 
0004 0014 1665905543609198 0.0 -57.5 3.479068426924634 16 
0004 0015 1665905543610104 156.1875 -69.5 3.153864499892878 16 
0004 0004 1665905543611016 43.125 -66.5 4.246058820867455 16 
0004 0006 1665905543612083 -56.9375 -71.0 0.4111068511533518 16 
0004 0004 1665905543708688 26.0 -66.0 4.2092432819582 16 
0004 0007 1665905543709828 -78.0625 -68.5 5.405748296509 16 
0004 0006 1665905543712868 -260.375 -71.5 0.6504078540635119 16 
0004 0015 1665905543713737 104.125 -70.5 2.9084275738311756 16 
0004 0000 1665905543715143 30.0625 -60.0 1.9819031779482483 16 
0004 0014 1665905543716812 0.0 -58.0 3.485204350076177 16 
0004 0008 1665905543719941 -143.1875 -70.0 1.6873788666742053 16 
0004 0006 1665905543820163 61.8125 -70.0 0.4663301595172349 16 
0004 0014 1665905543821088 -13.0 -58.0 3.497476196379262 16 
0004 0015 1665905543822415 121.25 -70.5 2.8654761117703775 16 
0004 0008 1665905543823823 -152.125 -69.5 1.7794177139473437 16 
0004 0007 1665905543825493 -21.9375 -68.5 5.209398755659637 16 
0004 0004 1665905543827216 -48.0 -67.0 4.387185053352934 16 
0004 0000 1665905543830042 8.9375 -60.5 2.0371264863121317 16 
0004 0000 1665905543926985 17.0625 -60.0 2.098485717827557 16 
0004 0007 1665905543928454 -165.1875 -68.5 5.5714182216006485 16 
0004 0015 1665905543929610 117.125 -71.0 3.2336315008629315 16 
0004 0008 1665905543930505 100.0625 -69.5 1.4726215563702154 16 
0004 0004 1665905543931701 -56.125 -67.5 4.387185053352934 16 
0004 0014 1665905543933305 13.0 -58.0 3.454524734318464 16 
0004 0006 1665905543934938 -13.0 -70.0 0.4049709280018093 16 
0004 0008 1665905544035373 -61.0 -69.5 1.6382914814618648 16 
0004 0000 1665905544037006 34.9375 -60.0 2.000310947402876 16 
0004 0007 1665905544039000 295.375 -69.0 5.062136600022616 16 
0004 0004 1665905544040136 78.0625 -66.0 4.25833066717054 16 
0004 0006 1665905544042381 -28.4375 -70.0 0.5092816215780329 16 
0004 0014 1665905544043332 -8.9375 -58.0 3.4913402732277192 16 
0004 0015 1665905544044730 -108.1875 -70.0 3.11091303783208 16 
0004 0004 1665905544143380 100.0625 -66.0 4.0987966652304335 16 
0004 0006 1665905544144983 -113.875 -71.0 0.4970097752749477 16 
0004 0014 1665905544145848 17.0625 -58.0 3.454524734318464 16 
0004 0008 1665905544147293 -91.125 -70.0 1.6935147898257479 16 
0004 0007 1665905544148701 48.0 -68.5 5.325981295538946 16 
0004 0000 1665905544149612 26.0 -60.5 2.030990563160589 16 
0004 0015 1665905544152424 -182.25 -69.0 3.3318062712876126 16 
0004 0000 1665905544255234 -21.9375 -60.0 2.110757564130642 16 
0004 0014 1665905544256144 26.0 -58.0 3.436116964863836 16 
0004 0006 1665905544257038 18.6875 -69.5 0.6258641614573416 16 
0004 0008 1665905544259510 -34.9375 -70.0 1.6137477888556946 16 
0004 0007 1665905544262056 -48.0 -68.5 5.589825991055276 16 
0004 0004 1665905544263866 -17.0625 -66.5 4.301282129231338 16 
0004 0015 1665905544265409 -156.1875 -71.0 3.3502140407422405 16 
0004 0007 1665905544362609 87.0625 -69.0 5.246214294568893 16 
0004 0015 1665905544364603 100.0625 -69.5 2.9145634969827183 16 
0004 0000 1665905544365523 0.0 -60.5 2.0923497946760143 16 
0004 0014 1665905544368832 0.0 -57.5 3.479068426924634 16 
0004 0008 1665905544369778 -334.4375 -71.0 2.0493983326152168 16 
0004 0004 1665905544370702 17.0625 -67.0 4.276738436625168 16 
0004 0006 1665905544371570 -26.0 -70.5 0.4479223900626072 16 
0004 0004 1665905544470888 -17.0625 -66.5 4.3503695144436785 16 
0004 0007 1665905544471773 -108.1875 -68.0 5.534602682691394 16 
0004 0008 1665905544473348 91.125 -69.5 1.521708941582556 16 
0004 0000 1665905544475247 0.0 -60.0 2.110757564130642 16 
0004 0014 1665905544476643 26.0 -58.0 3.454524734318464 16 
0004 0015 1665905544477587 130.1875 -70.5 2.9329712664373457 16 
0004 0006 1665905544479121 -61.0 -69.5 0.46019423636569234 16 
0004 0004 1665905544578229 87.0625 -66.5 4.227651051412827 16 
0004 0000 1665905544579963 13.0 -60.5 2.1046216409791 16 
0004 0007 1665905544581133 -121.25 -68.5 5.5284667595398505 16 
0004 0014 1665905544584445 26.0 -58.0 3.448388811166921 16 
0004 0015 1665905544586010 8.9375 -70.5 3.160000423044421 16 
0004 0008 1665905544588193 43.125 -70.5 1.6566992509164924 16 
0004 0006 1665905544589120 -70.75 -69.5 0.5890486225480862 16 
0004 0008 1665905544686260 4.0625 -70.0 1.6751070203711202 16 
0004 0014 1665905544689202 26.0 -58.0 3.466796580621549 16 
0004 0006 1665905544690226 -184.6875 -72.0 0.7301748550335652 16 
0004 0004 1665905544691591 104.125 -66.0 4.2031073588066565 16 
0004 0000 1665905544692487 30.0625 -61.0 2.055534255766759 16 
0004 0007 1665905544693387 121.25 -70.0 5.178719139901925 16 
0004 0015 1665905544694314 -78.0625 -71.5 3.32567034813607 16 
0004 0006 1665905544795873 179.8125 -70.5 0.28225246497095796 16 
0004 0007 1665905544796743 -126.125 -69.0 5.295301679781233 16 
0004 0014 1665905544797639 -34.9375 -58.0 3.5342917352885173 16 
0004 0008 1665905544805882 26.0 -70.5 1.7119225592803755 16 
0004 0000 1665905544807034 -26.0 -60.5 2.1659808724945253 16 
0004 0004 1665905544810488 -100.0625 -66.0 4.325825821837508 16 
0004 0015 1665905544811404 -108.1875 -70.5 3.172272269347506 16 
0004 0008 1665905544908824 -178.1875 -70.0 1.8285050991596843 16 
0004 0007 1665905544911580 -61.0 -69.0 5.283029833478148 16 
0004 0004 1665905544912804 8.9375 -66.5 4.252194744018997 16 
0004 0014 1665905544913728 8.9375 -58.0 3.5158839658338894 16 
0004 0000 1665905544914852 100.0625 -60.5 1.9819031779482483 16 
0004 0006 1665905544917419 4.875 -69.0 0.4970097752749477 16 
0004 0015 1665905544918732 4.0625 -70.5 3.104777114680538 16 
0004 0014 1665905545017662 0.0 -58.0 3.5158839658338894 16 
0004 0015 1665905545018567 -61.0 -69.0 3.1968159619536762 16 
0004 0004 1665905545019736 -147.25 -66.5 4.374913207049849 16 
0004 0007 1665905545021114 -8.9375 -69.5 5.448699758569798 16 
0004 0006 1665905545022322 56.9375 -70.5 0.5031456984264903 16 
0004 0008 1665905545023475 -247.375 -70.0 1.8346410223112268 16 
0004 0000 1665905545025164 -34.9375 -60.0 2.1353012567368124 16 
0004 0006 1665905545124443 78.0625 -70.0 0.4111068511533518 16 
0004 0015 1665905545125387 173.3125 -70.5 2.890019804376548 16 
0004 0000 1665905545127954 13.0 -60.5 2.110757564130642 16 
0004 0007 1665905545129379 -48.0 -68.0 5.270757987175063 16 
0004 0014 1665905545130304 -21.9375 -58.0 3.522019888985432 16 
0004 0008 1665905545131472 134.25 -69.5 1.3008157081270237 16 
0004 0004 1665905545133305 17.0625 -67.0 4.135612204139688 16 
0004 0008 1665905545231853 43.125 -69.5 1.6751070203711202 16 
0004 0000 1665905545233274 43.125 -60.0 2.067806102069844 16 
0004 0014 1665905545234196 -8.9375 -58.0 3.509748042682347 16 
0004 0004 1665905545236983 -143.1875 -66.0 4.368777283898306 16 
0004 0007 1665905545238761 39.0 -68.5 5.227806525114265 16 
0004 0015 1665905545239688 -34.9375 -70.5 3.2090878082567613 16 
0004 0006 1665905545240713 208.3125 -69.0 0.28838838812250056 16 
0004 0014 1665905545338564 -13.0 -58.0 3.5036121195308043 16 
0004 0006 1665905545339859 246.5625 -69.5 0.2761165418194154 16 
0004 0000 1665905545341619 -4.0625 -60.5 2.098485717827557 16 
0004 0004 1665905545342787 17.0625 -67.0 4.1601558967458585 16 
0004 0015 1665905545344201 -113.0625 -69.0 3.2520392703175593 16 
0004 0007 1665905545345694 26.0 -68.5 5.289165756629691 16 
0004 0008 1665905545346577 169.25 -69.5 1.4664856332186729 16 
0004 0014 1665905545444558 -8.9375 -58.0 3.466796580621549 16 
0004 0015 1665905545445746 -230.25 -71.0 3.5711072741977725 16 
0004 0004 1665905545449296 -126.125 -67.0 4.325825821837508 16 
0004 0008 1665905545450448 191.1875 -69.5 1.2455923997631406 16 
0004 0006 1665905545451584 194.4375 -69.5 0.380427235395639 16 
0004 0000 1665905545452706 61.0 -60.5 2.043262409463674 16 
0004 0007 1665905545454587 -78.0625 -68.0 5.43029198911517 16 
0004 0000 1665905545550687 43.125 -60.5 2.0371264863121317 16 
0004 0014 1665905545553143 8.9375 -57.5 3.4606606574700063 16 
0004 0007 1665905545554102 134.25 -69.5 5.246214294568893 16 
0004 0004 1665905545556317 -95.1875 -67.0 4.28287435977671 16 
0004 0008 1665905545558375 69.125 -69.0 1.509437095279471 16 
0004 0006 1665905545560960 -33.3125 -71.0 0.607456392002714 16 
0004 0015 1665905545561905 30.0625 -69.5 3.227495577711389 16 
0004 0015 1665905545660060 -91.125 -69.0 3.2581751934691017 16 
0004 0007 1665905545661271 -169.25 -69.0 5.393476450205914 16 
0004 0006 1665905545664268 -52.0625 -71.5 0.6810874698212247 16 
0004 0004 1665905545665279 -204.25 -67.0 4.417864669110647 16 
0004 0014 1665905545668221 8.9375 -58.0 3.497476196379262 16 
0004 0000 1665905545669177 -78.0625 -60.5 2.2027964114037806 16 
0004 0008 1665905545670908 126.125 -69.0 1.4419419406125027 16 
0004 0000 1665905545767434 30.0625 -60.0 2.024854640009046 16 
0004 0015 1665905545770366 -126.125 -69.5 3.2704470397721868 16 
0004 0004 1665905545771630 8.9375 -67.5 4.1417481272912315 16 
0004 0007 1665905545772574 -178.1875 -69.0 5.497787143782138 16 
0004 0014 1665905545774205 8.9375 -58.0 3.5036121195308043 16 
0004 0006 1665905545779765 -47.1875 -70.5 0.6504078540635119 16 
0004 0008 1665905545780688 -8.9375 -70.0 1.564660403643354 16 
0004 0008 1665905545879472 169.25 -69.5 1.337631247036279 16 
0004 0000 1665905545880548 8.9375 -60.5 2.055534255766759 16 
0004 0004 1665905545881747 -143.1875 -67.5 4.325825821837508 16 
0004 0007 1665905545883127 -91.125 -68.5 5.3627968344482015 16 
0004 0014 1665905545884518 -4.0625 -58.0 3.5036121195308043 16 
0004 0006 1665905545887829 -34.9375 -70.5 0.5890486225480862 16 
0004 0015 1665905545888746 78.0625 -70.5 3.129320807286708 16 
0004 0008 1665905545986494 225.375 -70.5 1.3867186322486196 16 
0004 0014 1665905545987925 13.0 -57.5 3.497476196379262 16 
0004 0006 1665905545990002 156.1875 -70.0 0.5338253141842031 16 
0004 0000 1665905545991152 52.0625 -60.0 1.9819031779482483 16 
0004 0004 1665905545993907 -182.25 -68.0 4.374913207049849 16 
0004 0007 1665905545994949 -65.0625 -68.5 5.460971604872882 16 
0004 0015 1665905545995806 -108.1875 -70.0 3.2090878082567613 16 
