0004 0015 1665907640346738 65.0625 -63.5 2.718213956133356 19 
0004 0004 1665907640347594 82.1875 -66.5 4.6448938257177215 19 
0004 0006 1665907640348972 186.3125 -68.0 6.1420590746941075 19 
0004 0009 1665907640388679 -21.9375 -77.0 0.8283496254582462 19 
0004 0007 1665907640415183 -1.1875 -75.5 4.252194744018997 19 
0004 0011 1665907640451950 1.5 -76.0 5.356660911296659 19 
0004 0005 1665907640480351 1.875 -75.5 0.6258641614573416 19 
0004 0015 1665907640495811 -121.25 -63.5 2.9759227284981438 19 
0004 0004 1665907640497544 8.9375 -66.5 4.718524903536232 19 
0004 0006 1665907640502893 4.875 -66.5 0.25157284921324513 19 
0004 0009 1665907640521232 26.0625 -78.0 0.8099418560036186 19 
0004 0007 1665907640548599 7.75 -75.5 4.252194744018997 19 
0004 0005 1665907640585876 -3.1875 -75.0 3.902447124381071 19 
0004 0011 1665907640608371 2.625 -76.0 2.1659808724945253 19 
0004 0004 1665907640622892 -108.1875 -67.0 4.81056375080937 19 
0004 0015 1665907640625964 52.0625 -63.5 2.859340188618835 19 
0004 0006 1665907640628045 -56.125 -67.5 0.3436116964863836 19 
0004 0009 1665907640653958 33.6875 -77.0 0.6872233929727672 19 
0004 0007 1665907640678233 9.0 -75.5 4.331961744989051 19 
0004 0005 1665907640711564 -3.1875 -75.5 0.6872233929727672 19 
0004 0011 1665907640717666 -5.4375 -75.5 5.50392306693368 19 
0004 0015 1665907640757018 -56.125 -64.5 2.945243112740431 19 
0004 0006 1665907640758797 189.5625 -67.5 0.006135923151542565 19 
0004 0004 1665907640759654 -78.0625 -67.0 4.908738521234052 19 
0004 0009 1665907640814834 -2.875 -78.5 0.7976700097005334 19 
0004 0007 1665907640818555 -4.0625 -75.0 4.28287435977671 19 
0004 0011 1665907640854890 -3.5625 -76.0 5.325981295538946 19 
0004 0004 1665907640979969 -26.0 -67.0 4.81056375080937 19 
0004 0015 1665907640983633 87.0625 -64.0 2.804116880254952 19 
0004 0006 1665907640985433 52.0625 -67.5 0.21475731030398976 19 
0004 0009 1665907641024777 25.75 -77.5 0.6933593161243098 19 
0004 0007 1665907641089757 8.0625 -75.0 4.215379205109742 19 
0004 0011 1665907641122086 2.5 -75.5 5.3627968344482015 19 
0004 0006 1665907641147583 -13.0 -68.0 0.3190680038802134 19 
0004 0004 1665907641149800 13.0 -67.0 4.773748211900116 19 
0004 0015 1665907641150998 26.0 -63.5 2.8838838812250054 19 
0004 0009 1665907641172702 -9.0 -78.0 0.8467573949128739 19 
0004 0007 1665907641217689 -2.4375 -75.0 1.1044661672776617 19 
0004 0011 1665907641254947 1.9375 -76.0 5.399612373357457 19 
0004 0015 1665907641276023 43.125 -64.0 2.816388726558037 19 
0004 0006 1665907641281060 -42.3125 -67.0 0.25770877236478773 19 
0004 0004 1665907641283048 -43.125 -68.0 4.865787059173254 19 
0004 0009 1665907641308537 16.3125 -77.5 0.7301748550335652 19 
0004 0007 1665907641361409 -4.875 -75.5 4.270602513473625 19 
0004 0011 1665907641379876 6.375 -75.5 5.1725832167503825 19 
0004 0006 1665907641416620 33.3125 -67.5 0.14726215563702155 19 
0004 0004 1665907641421178 56.125 -67.0 4.651029748869264 19 
0004 0015 1665907641422448 -87.0625 -64.5 2.9636508821950587 19 
0004 0009 1665907641451183 16.875 -76.5 0.8160777791551611 19 
0004 0011 1665907641598183 1.5 -75.5 5.283029833478148 19 
0004 0007 1665907641628457 -3.375 -75.0 4.3933209765044765 19 
0004 0006 1665907641649530 -23.5625 -67.0 0.22089323345553233 19 
0004 0004 1665907641650682 -56.125 -67.5 4.804427827657828 19 
0004 0015 1665907641652890 -30.0625 -64.5 2.834796496012665 19 
0004 0009 1665907641676686 -20.4375 -77.0 0.6013204688511713 19 
0004 0011 1665907641741491 1.25 -75.5 5.3627968344482015 19 
0004 0007 1665907641757176 -7.625 -75.0 1.2333205534600555 19 
0004 0015 1665907641773439 -61.0 -63.5 2.9206994201342606 19 
0004 0004 1665907641775730 -130.1875 -67.0 4.798291904506286 19 
0004 0006 1665907641778225 -56.9375 -67.0 0.2761165418194154 19 
0004 0009 1665907641787850 -43.125 -75.5 0.7915340865489908 19 
0004 0007 1665907641874661 7.0 -75.0 1.0185632431560658 19 
0004 0011 1665907641887466 0.5625 -75.5 5.209398755659637 19 
0004 0004 1665907641896089 -108.1875 -67.0 4.81056375080937 19 
0004 0006 1665907641896983 85.4375 -67.5 0.1227184630308513 19 
0004 0015 1665907641900891 -48.0 -64.0 2.9636508821950587 19 
0004 0009 1665907641929824 6.5 -76.5 0.5890486225480862 19 
0004 0011 1665907641969752 -3.1875 -75.5 5.301437602932776 19 
0004 0007 1665907642003991 3.5625 -75.5 4.239922897715912 19 
0004 0006 1665907642021133 9.75 -69.0 0.19634954084936207 19 
0004 0004 1665907642022758 260.375 -68.0 4.577398671050753 19 
0004 0015 1665907642025682 48.0 -63.5 2.834796496012665 19 
0004 0009 1665907642060995 8.8125 -77.0 0.619728238305799 19 
0004 0007 1665907642111811 5.0625 -75.5 4.23378697456437 19 
0004 0011 1665907642136236 4.625 -76.0 2.055534255766759 19 
0004 0004 1665907642152133 4.0625 -66.5 4.773748211900116 19 
0004 0015 1665907642154148 -8.9375 -63.5 2.9022916506796332 19 
0004 0006 1665907642156121 -166.0 -67.5 0.3374757733348411 19 
0004 0009 1665907642189740 18.75 -76.5 0.6933593161243098 19 
0004 0007 1665907642256685 4.875 -75.0 4.1172044346850605 19 
0004 0011 1665907642270880 0.4375 -75.5 2.024854640009046 19 
0004 0006 1665907642288102 -38.1875 -67.5 0.3313398501832985 19 
0004 0015 1665907642291252 -26.0 -63.5 2.9084275738311756 19 
0004 0004 1665907642292262 8.9375 -67.0 4.71238898038469 19 
0004 0009 1665907642337160 3.1875 -77.0 0.6442719309119693 19 
0004 0007 1665907642358594 0.4375 -75.0 1.0615147052168636 19 
0004 0011 1665907642364950 9.75 -76.0 5.240078371417351 19 
0004 0015 1665907642437635 -61.0 -64.0 2.8838838812250054 19 
0004 0006 1665907642438916 -231.875 -68.0 0.4172427743048944 19 
0004 0004 1665907642440985 -126.125 -67.5 4.859651136021712 19 
0004 0009 1665907642463423 98.875 -76.0 0.46019423636569234 19 
0004 0007 1665907642498501 0.0 -75.5 4.301282129231338 19 
0004 0011 1665907642510942 -2.875 -76.0 5.295301679781233 19 
0004 0006 1665907642565553 -104.125 -67.5 0.2638446955163303 19 
0004 0004 1665907642568788 52.0625 -67.0 4.693981210930062 19 
0004 0015 1665907642571047 4.0625 -64.0 2.8102528034064944 19 
0004 0009 1665907642588667 6.5 -76.5 0.662679700366597 19 
0004 0011 1665907642620515 -4.875 -75.5 5.264622064023521 19 
0004 0007 1665907642633859 -4.875 -75.0 4.325825821837508 19 
0004 0005 1665907642756747 4.25 -76.0 3.706097583531709 19 
0004 0006 1665907642764387 -70.75 -67.5 0.3190680038802134 19 
0004 0015 1665907642765924 -21.9375 -64.5 2.859340188618835 19 
0004 0004 1665907642768463 52.0625 -67.5 4.608078286808466 19 
0004 0009 1665907642797725 3.1875 -77.0 0.5890486225480862 19 
0004 0011 1665907642823599 -6.8125 -76.0 5.393476450205914 19 
0004 0007 1665907642835863 -5.3125 -75.5 1.2087768608538851 19 
0004 0004 1665907643090967 -104.125 -66.5 4.847379289718626 19 
0004 0006 1665907643091962 38.1875 -67.0 0.14726215563702155 19 
0004 0015 1665907643097648 -65.0625 -64.0 2.9513790358919736 19 
0004 0009 1665907643105693 139.125 -75.5 0.4356505437595221 19 
0004 0011 1665907643151794 -2.875 -76.0 5.375068680751287 19 
0004 0007 1665907643159436 -1.1875 -75.5 4.313553975534423 19 
0004 0015 1665907643219804 8.9375 -64.0 2.834796496012665 19 
0004 0004 1665907643221240 -8.9375 -67.0 4.724660826687775 19 
0004 0006 1665907643224357 4.875 -68.5 0.23316507975861744 19 
0004 0009 1665907643267240 7.3125 -77.0 0.6810874698212247 19 
0004 0011 1665907643287918 -3.625 -76.0 5.399612373357457 19 
0004 0007 1665907643303736 1.1875 -75.0 4.252194744018997 19 
0004 0005 1665907643363091 1.875 -76.0 3.785864584501762 19 
0004 0005 1665907643371618 2.3125 -75.5 3.736777199289422 19 
0004 0005 1665907643426508 1.625 -76.0 3.736777199289422 19 
0004 0005 1665907643435032 0.0 -75.5 3.80427235395639 19 
0004 0005 1665907643454581 -7.375 -75.5 0.6994952392758523 19 
0004 0004 1665907643490670 17.0625 -67.0 4.718524903536232 19 
0004 0006 1665907643491665 -142.375 -68.0 0.2270291566070749 19 
0004 0015 1665907643494361 26.0 -63.5 2.804116880254952 19 
0004 0009 1665907643512327 0.0 -77.5 0.6320000846088841 19 
0004 0007 1665907643534989 5.625 -75.5 1.1106020904292042 19 
0004 0011 1665907643550750 -9.0 -76.5 5.473243451175968 19 
0004 0004 1665907643717270 -34.9375 -67.5 4.773748211900116 19 
0004 0006 1665907643719284 4.875 -67.5 0.1902136176978195 19 
0004 0015 1665907643722300 39.0 -64.0 2.7857091108003242 19 
0004 0009 1665907643770020 -4.0625 -77.0 0.8099418560036186 19 
0004 0007 1665907643796137 6.8125 -75.5 4.246058820867455 19 
0004 0011 1665907643808265 -0.75 -76.0 5.375068680751287 19 
0004 0015 1665907643863241 91.125 -64.0 2.761165418194154 19 
0004 0004 1665907643866702 95.1875 -67.0 4.626486056263094 19 
0004 0006 1665907643867867 156.1875 -68.0 0.04908738521234052 19 
0004 0009 1665907643889657 -15.375 -77.0 0.7853981633974483 19 
0004 0011 1665907643921373 -12.1875 -75.5 2.2212041808584084 19 
0004 0007 1665907643945415 6.0625 -75.5 4.2092432819582 19 
0004 0006 1665907643998067 -26.0 -68.0 0.2761165418194154 19 
0004 0004 1665907643999305 -17.0625 -67.0 4.755340442445488 19 
0004 0015 1665907644000277 74.0 -64.0 2.767301341345697 19 
0004 0009 1665907644038986 59.8125 -76.0 0.6504078540635119 19 
0004 0007 1665907644078108 -6.0625 -75.5 4.313553975534423 19 
0004 0011 1665907644088323 7.75 -76.0 5.258486140871978 19 
0004 0004 1665907644145367 61.0 -66.5 4.693981210930062 19 
0004 0006 1665907644149260 109.0 -68.5 0.16566992509164924 19 
0004 0015 1665907644150201 -39.0 -64.0 2.9145634969827183 19 
0004 0009 1665907644186032 -13.875 -76.0 3.8533597391687304 19 
0004 0011 1665907644202402 6.5 -76.0 5.264622064023521 19 
0004 0007 1665907644212270 9.0 -75.5 4.246058820867455 19 
0004 0004 1665907644266206 113.0625 -67.5 4.657165672020807 19 
0004 0015 1665907644268476 -87.0625 -64.5 2.945243112740431 19 
0004 0006 1665907644272173 38.1875 -68.5 0.11044661672776616 19 
0004 0009 1665907644298926 0.0 -76.5 0.7424467013366504 19 
0004 0011 1665907644319348 5.625 -76.0 5.209398755659637 19 
0004 0007 1665907644326337 3.1875 -75.5 4.246058820867455 19 
0004 0004 1665907644394756 8.9375 -66.5 4.71238898038469 19 
0004 0015 1665907644398636 -48.0 -64.0 2.84706834231575 19 
0004 0009 1665907644402898 -264.4375 -74.0 0.9019807032767571 19 
0004 0006 1665907644404060 69.125 -68.0 6.270913460876501 19 
0004 0011 1665907644447161 -7.3125 -76.0 5.2768939103266055 19 
0004 0007 1665907644459775 8.0625 -75.5 4.123340357836604 19 
0004 0004 1665907644516820 -69.125 -67.0 4.755340442445488 19 
0004 0015 1665907644519109 -4.0625 -64.0 2.8716120349219203 19 
0004 0006 1665907644522922 18.6875 -68.5 0.1718058482431918 19 
0004 0009 1665907644549381 21.9375 -76.5 0.7485826244881929 19 
0004 0011 1665907644578568 -5.625 -75.5 2.2150682577068657 19 
0004 0007 1665907644584008 5.3125 -75.5 4.239922897715912 19 
0004 0006 1665907644641257 0.0 -68.5 0.2086213871524472 19 
0004 0004 1665907644643334 82.1875 -66.0 4.632621979414636 19 
0004 0015 1665907644645849 -17.0625 -63.5 2.9636508821950587 19 
0004 0009 1665907644670813 45.5625 -76.0 0.5982525072754 19 
0004 0011 1665907644740216 1.9375 -76.0 5.240078371417351 19 
0004 0007 1665907644745602 3.625 -75.5 4.301282129231338 19 
0004 0015 1665907644798888 -61.0 -64.5 2.9022916506796332 19 
0004 0006 1665907644800621 -17.0625 -66.5 0.18407769454627693 19 
0004 0004 1665907644804862 -26.0 -67.0 4.743068596142402 19 
0004 0009 1665907644861231 16.3125 -77.0 0.5890486225480862 19 
0004 0011 1665907644880334 -1.625 -76.0 5.356660911296659 19 
0004 0007 1665907644916329 9.25 -75.5 4.338097668140593 19 
0004 0004 1665907644977513 -82.1875 -67.5 4.878058905476339 19 
0004 0015 1665907644981287 21.9375 -63.5 2.859340188618835 19 
0004 0006 1665907644982213 -56.9375 -67.0 0.2638446955163303 19 
0004 0009 1665907644991203 -165.1875 -74.5 0.8283496254582462 19 
0004 0011 1665907645025038 5.625 -75.5 5.178719139901925 19 
0004 0007 1665907645103637 2.875 -75.5 4.25833066717054 19 
0004 0015 1665907645154708 143.1875 -63.5 2.6813984172241008 19 
0004 0004 1665907645158591 26.0 -67.5 4.71238898038469 19 
0004 0006 1665907645160422 -28.4375 -68.5 0.25157284921324513 19 
0004 0009 1665907645188637 -12.9375 -77.5 0.6320000846088841 19 
0004 0011 1665907645197040 -8.5 -76.0 5.350524988145116 19 
0004 0007 1665907645308310 0.75 -75.5 4.276738436625168 19 
