0004 0006 1665907669985241 -104.125 -68.0 0.23316507975861744 19 
0004 0004 1665907669988352 8.9375 -66.5 4.804427827657828 19 
0004 0015 1665907669990079 -65.0625 -64.0 2.9206994201342606 19 
0004 0015 1665907670090657 -74.0 -63.5 2.9268353432858034 19 
0004 0004 1665907670091512 78.0625 -67.0 4.693981210930062 19 
0004 0006 1665907670092793 80.5625 -67.5 0.18407769454627693 19 
0004 0009 1665907670176754 -0.1875 -77.0 3.8840393549264434 19 
0004 0011 1665907670203488 4.375 -75.5 5.037592907416445 19 
0004 0004 1665907670218831 -56.125 -67.5 4.792155981354743 19 
0004 0015 1665907670224848 -143.1875 -63.5 3.0495538063166547 19 
0004 0006 1665907670225870 56.9375 -68.0 0.07976700097005335 19 
0004 0009 1665907670252372 9.0 -78.0 0.6749515466696822 19 
0004 0011 1665907670311627 7.625 -75.5 5.031456984264903 19 
0004 0004 1665907670333450 -39.0 -67.0 4.933282213840222 19 
0004 0015 1665907670337016 -82.1875 -64.0 2.9636508821950587 19 
0004 0006 1665907670338054 -94.375 -68.0 0.35588354278946877 19 
0004 0009 1665907670367710 -5.625 -78.0 0.6872233929727672 19 
0004 0011 1665907670426724 -7.75 -75.5 2.1046216409791 19 
0004 0004 1665907670450863 -95.1875 -66.5 4.828971520263998 19 
0004 0015 1665907670452004 -26.0 -63.5 2.8961557275280905 19 
0004 0006 1665907670453199 -161.125 -68.5 0.20248546400090464 19 
0004 0009 1665907670475251 -12.9375 -78.0 0.6810874698212247 19 
0004 0011 1665907670681571 1.25 -75.5 5.160311370447297 19 
0004 0006 1665907670717399 -66.6875 -69.5 0.23930100291016002 19 
0004 0004 1665907670719616 -61.0 -67.5 4.853515212870168 19 
0004 0015 1665907670722023 -113.0625 -63.5 2.9820586516496865 19 
0004 0009 1665907670751841 17.8125 -77.0 0.4908738521234052 19 
0004 0011 1665907670962179 -4.375 -76.0 5.307573526084319 19 
0004 0015 1665907670984558 -4.0625 -63.0 2.890019804376548 19 
0004 0004 1665907670986616 -91.125 -66.5 4.878058905476339 19 
0004 0006 1665907670988387 0.0 -67.5 0.17794177139473438 19 
0004 0009 1665907671012470 -11.4375 -76.5 3.859495662320273 19 
0004 0011 1665907671227757 8.0 -75.5 1.8530487917658545 19 
0004 0006 1665907671258709 -137.5 -67.5 0.2761165418194154 19 
0004 0004 1665907671260126 65.0625 -67.0 4.71238898038469 19 
0004 0015 1665907671261026 -26.0 -64.0 2.9022916506796332 19 
0004 0009 1665907671289618 -44.375 -77.0 0.803805932852076 19 
0004 0011 1665907671460823 0.1875 -76.0 5.356660911296659 19 
0004 0004 1665907671475149 -69.125 -67.5 4.902602598082509 19 
0004 0006 1665907671476855 132.625 -68.0 0.14112623248547898 19 
0004 0015 1665907671480472 -152.125 -63.5 2.9636508821950587 19 
0004 0009 1665907671512175 -21.1875 -77.0 0.760854470791278 19 
0004 0011 1665907671592521 5.5625 -75.5 1.945087639038993 19 
0004 0004 1665907671609903 108.1875 -66.0 4.71238898038469 19 
0004 0015 1665907671611996 -156.1875 -63.5 3.067961575771282 19 
0004 0006 1665907671613713 28.4375 -69.0 0.09817477042468103 19 
0004 0009 1665907671631818 30.0 -77.5 0.5092816215780329 19 
0004 0011 1665907671711398 -3.5625 -75.5 5.411884219660542 19 
0004 0006 1665907671741140 -47.1875 -68.0 0.23930100291016002 19 
0004 0004 1665907671744237 -21.9375 -67.0 4.8351074434155406 19 
0004 0015 1665907671745408 69.125 -64.0 2.8102528034064944 19 
0004 0009 1665907671775969 15.375 -77.5 0.6688156235181395 19 
0004 0011 1665907672003936 -1.5 -76.0 5.2768939103266055 19 
0004 0004 1665907672017876 -82.1875 -66.5 4.871922982324796 19 
0004 0006 1665907672019609 90.3125 -68.5 0.11658253987930872 19 
0004 0015 1665907672021390 43.125 -64.0 2.8409324191642074 19 
0004 0009 1665907672045496 19.5 -77.5 0.6442719309119693 19 
0004 0011 1665907672103282 0.8125 -76.0 5.258486140871978 19 
0004 0006 1665907672142462 109.0 -68.0 0.14726215563702155 19 
0004 0015 1665907672143968 52.0625 -64.0 2.779573187648782 19 
0004 0004 1665907672145973 -95.1875 -66.0 4.890330751779424 19 
0004 0009 1665907672173712 -14.625 -78.0 3.859495662320273 19 
0004 0011 1665907672293501 3.1875 -75.5 5.184855063053467 19 
0004 0004 1665907672319587 -169.25 -67.0 5.031456984264903 19 
0004 0015 1665907672321023 165.1875 -64.0 2.7120780329818137 19 
0004 0006 1665907672322180 -75.625 -68.5 0.3620194659410113 19 
0004 0009 1665907672363145 -34.9375 -78.0 0.7485826244881929 19 
0004 0011 1665907672479936 -1.0625 -75.5 5.135767677841127 19 
0004 0015 1665907672505252 -48.0 -64.0 2.9268353432858034 19 
0004 0004 1665907672507001 -61.0 -67.0 4.908738521234052 19 
0004 0006 1665907672508505 -85.4375 -68.0 0.23316507975861744 19 
0004 0009 1665907672528490 5.625 -77.5 0.5767767762450011 19 
0004 0011 1665907672598083 0.1875 -75.5 5.037592907416445 19 
0004 0006 1665907672621050 100.0625 -68.5 0.07976700097005335 19 
0004 0015 1665907672623085 -56.125 -64.0 2.8716120349219203 19 
0004 0004 1665907672624325 48.0 -66.5 4.841243366567084 19 
0004 0009 1665907672662587 -9.0 -77.0 0.6320000846088841 19 
0004 0011 1665907672723225 3.1875 -75.5 5.21553467881118 19 
0004 0015 1665907672748244 26.0 -64.0 2.834796496012665 19 
0004 0004 1665907672751072 -199.375 -66.5 4.97623367590102 19 
0004 0006 1665907672753442 52.0625 -68.5 0.1349903093339364 19 
0004 0009 1665907672786414 0.0 -78.0 0.6749515466696822 19 
0004 0011 1665907672845476 -6.375 -75.5 5.3198453723874035 19 
0004 0006 1665907672886611 65.0625 -67.5 0.07976700097005335 19 
0004 0004 1665907672888614 34.9375 -67.0 4.773748211900116 19 
0004 0015 1665907672891727 -95.1875 -64.0 2.9636508821950587 19 
0004 0009 1665907672911187 18.75 -77.5 0.6504078540635119 19 
0004 0011 1665907672990854 -2.3125 -75.5 5.227806525114265 19 
0004 0015 1665907672998383 17.0625 -63.5 2.834796496012665 19 
0004 0006 1665907673001592 -33.3125 -68.0 0.2086213871524472 19 
0004 0004 1665907673002677 -195.25 -67.5 4.95168998329485 19 
0004 0009 1665907673022998 21.1875 -77.0 0.6013204688511713 19 
0004 0011 1665907673100298 1.0625 -75.5 5.270757987175063 19 
0004 0006 1665907673113236 -4.875 -68.5 0.15339807878856412 19 
0004 0015 1665907673115212 0.0 -63.5 2.779573187648782 19 
0004 0004 1665907673117911 -69.125 -66.5 4.847379289718626 19 
0004 0009 1665907673143645 35.8125 -78.0 0.4356505437595221 19 
0004 0011 1665907673219597 -4.25 -76.0 5.21553467881118 19 
0004 0006 1665907673255082 -241.6875 -67.5 0.34974761963792617 19 
0004 0004 1665907673256732 121.25 -66.5 4.700117134081604 19 
0004 0015 1665907673259861 -48.0 -64.0 2.8961557275280905 19 
0004 0009 1665907673281008 35.8125 -77.0 3.7429131224409646 19 
0004 0011 1665907673369594 -2.6875 -76.0 5.270757987175063 19 
0004 0006 1665907673394614 4.875 -67.5 0.16566992509164924 19 
0004 0015 1665907673395926 -4.0625 -64.0 2.84706834231575 19 
0004 0004 1665907673399504 -30.0625 -67.5 4.884194828627882 19 
0004 0009 1665907673420722 26.0625 -78.0 0.46019423636569234 19 
0004 0011 1665907673538904 -4.0 -75.5 5.307573526084319 19 
0004 0004 1665907673548789 21.9375 -67.5 4.816699673960914 19 
0004 0015 1665907673550767 113.0625 -64.0 2.6691265709210157 19 
0004 0006 1665907673551690 48.0 -68.0 0.17794177139473438 19 
0004 0009 1665907673582010 12.9375 -78.5 0.5829126993965437 19 
0004 0011 1665907673646192 3.5625 -76.0 5.141903600992669 19 
0004 0015 1665907673673682 -169.25 -64.0 2.988194574801229 19 
0004 0006 1665907673674903 48.0 -68.0 0.1043106935762236 19 
0004 0004 1665907673675843 48.0 -67.0 4.743068596142402 19 
0004 0009 1665907673714280 -17.0625 -77.5 0.6504078540635119 19 
0004 0011 1665907673801654 3.5625 -75.5 1.9573594853420782 19 
0004 0004 1665907673821773 -139.125 -67.0 4.9823695990525625 19 
0004 0006 1665907673822667 -23.5625 -68.5 0.1043106935762236 19 
0004 0015 1665907673826721 0.0 -63.5 2.859340188618835 19 
0004 0009 1665907673849938 8.0625 -76.5 3.773592738198677 19 
0004 0011 1665907673959672 -4.25 -76.0 5.252350217720435 19 
0004 0006 1665907674001334 -113.875 -69.0 0.32520392703175593 19 
0004 0015 1665907674003098 52.0625 -63.5 2.82252464970958 19 
0004 0004 1665907674004266 -108.1875 -67.0 4.988505522204105 19 
0004 0009 1665907674021087 -7.875 -77.0 0.7117670855789375 19 
0004 0011 1665907674161014 0.1875 -75.5 5.135767677841127 19 
0004 0015 1665907674181446 0.0 -64.0 2.8716120349219203 19 
0004 0004 1665907674183836 -39.0 -67.0 4.871922982324796 19 
0004 0006 1665907674185000 100.0625 -69.0 0.07976700097005335 19 
0004 0009 1665907674220673 -16.3125 -77.0 0.803805932852076 19 
0004 0011 1665907674296678 2.5 -75.5 5.098952138931871 19 
0004 0015 1665907674323591 74.0 -63.5 2.7550294950426117 19 
0004 0006 1665907674324514 69.125 -67.0 0.18407769454627693 19 
0004 0004 1665907674325413 156.1875 -66.5 4.503767593232243 19 
0004 0009 1665907674345553 -23.9375 -77.5 0.760854470791278 19 
0004 0011 1665907674420291 2.6875 -75.5 5.221670601962723 19 
0004 0015 1665907674437993 56.125 -64.0 2.767301341345697 19 
0004 0006 1665907674438888 85.4375 -68.5 0.04295146206079795 19 
0004 0004 1665907674444054 -39.0 -67.0 4.8351074434155406 19 
0004 0009 1665907674465768 -9.75 -77.5 0.6994952392758523 19 
0004 0011 1665907674552295 -2.125 -75.5 5.246214294568893 19 
0004 0004 1665907674570158 -126.125 -67.0 4.908738521234052 19 
0004 0015 1665907674571879 130.1875 -63.5 2.724349879284899 19 
0004 0006 1665907674574214 -66.6875 -68.5 0.19634954084936207 19 
0004 0009 1665907674609857 -10.5 -77.5 0.7792622402459057 19 
0004 0011 1665907674692758 11.25 -75.5 5.148039524144211 19 
0004 0004 1665907674703925 52.0625 -67.5 4.718524903536232 19 
0004 0015 1665907674705205 -8.9375 -64.0 2.8532042654672924 19 
0004 0006 1665907674707209 -47.1875 -67.5 0.15339807878856412 19 
0004 0009 1665907674729564 -34.9375 -78.0 0.9142525495798421 19 
0004 0011 1665907674786126 -0.4375 -75.5 2.055534255766759 19 
0004 0015 1665907674832210 -82.1875 -63.0 2.9329712664373457 19 
0004 0006 1665907674834199 -61.8125 -67.5 0.18407769454627693 19 
0004 0004 1665907674836004 -91.125 -66.5 4.878058905476339 19 
0004 0009 1665907674864551 -33.6875 -77.5 0.8344855486097889 19 
0004 0011 1665907674941638 0.5625 -76.0 5.184855063053467 19 
0004 0004 1665907674956621 -95.1875 -67.0 4.970097752749477 19 
0004 0006 1665907674961005 -104.125 -68.0 0.19634954084936207 19 
0004 0015 1665907674961975 43.125 -64.0 2.804116880254952 19 
0004 0009 1665907674982028 21.9375 -77.5 0.6381360077604268 19 
