0004 0003 1665907761115529 21.9375 -65.0 0.5460971604872883 19 
0004 0005 1665907761116487 -104.125 -65.5 4.147884050442774 19 
0004 0001 1665907761118558 -74.0 -63.0 0.8651651643675016 19 
0004 0009 1665907761122434 -178.1875 -68.5 6.043884304269426 19 
0004 0015 1665907761124026 -8.9375 -67.0 5.841398840268521 19 
0004 0011 1665907761125325 -48.0 -73.0 0.20248546400090464 19 
0004 0013 1665907761152301 33.375 -77.5 1.9266798695843652 19 
0004 0010 1665907761168938 -9.75 -79.0 5.749359992995383 19 
0004 0014 1665907761212480 -0.625 -74.5 1.2455923997631406 19 
0004 0001 1665907761244399 -74.0 -63.0 0.8713010875190442 19 
0004 0003 1665907761245883 -78.0625 -65.0 0.6810874698212247 19 
0004 0011 1665907761247589 43.125 -72.0 0.1595340019401067 19 
0004 0005 1665907761248515 -30.0625 -64.5 4.135612204139688 19 
0004 0009 1665907761249410 -87.0625 -69.0 5.816855147662351 19 
0004 0015 1665907761250311 195.25 -69.5 5.6143696836614465 19 
0004 0010 1665907761288519 -11.4375 -78.5 2.730485802436441 19 
0004 0013 1665907761292349 -4.0625 -78.0 2.1046216409791 19 
0004 0014 1665907761528524 -6.375 -74.5 1.3499030933393643 19 
0004 0009 1665907761538549 -126.125 -69.0 5.921165841238575 19 
0004 0001 1665907761540906 -30.0625 -63.0 0.9081166264282996 19 
0004 0003 1665907761541800 17.0625 -65.5 0.619728238305799 19 
0004 0005 1665907761543505 -108.1875 -66.0 4.154019973594316 19 
0004 0015 1665907761545534 65.0625 -68.5 5.798447378207723 19 
0004 0011 1665907761546804 169.25 -72.0 6.2463697682703305 19 
0004 0013 1665907761564365 30.9375 -78.0 2.067806102069844 19 
0004 0014 1665907761633935 -4.625 -74.5 4.442408361716817 19 
0004 0015 1665907761693557 -104.125 -68.5 5.957981380147831 19 
0004 0011 1665907761694694 -39.0 -70.5 0.23316507975861744 19 
0004 0003 1665907761695900 56.125 -65.5 0.5890486225480862 19 
0004 0009 1665907761697324 -282.375 -69.0 6.092971689481767 19 
0004 0005 1665907761698262 -13.0 -65.0 4.123340357836604 19 
0004 0001 1665907761700591 -26.0 -63.0 0.8528933180644165 19 
0004 0013 1665907761733865 -9.75 -77.5 5.325981295538946 19 
0004 0014 1665907761751358 7.625 -75.0 1.1965050145508 19 
0004 0005 1665907761821417 0.0 -65.0 4.129476280988146 19 
0004 0011 1665907761822705 -52.0625 -72.5 0.030679615757712823 19 
0004 0003 1665907761823659 43.125 -66.0 0.5522330836388308 19 
0004 0009 1665907761824809 -39.0 -69.5 5.816855147662351 19 
0004 0001 1665907761826279 -8.9375 -63.0 0.8344855486097889 19 
0004 0015 1665907761832295 147.25 -69.5 5.7616318392984684 19 
0004 0013 1665907761851914 -9.75 -77.5 2.12916533358527 19 
0004 0014 1665907761887687 -3.0 -74.5 1.325359400733194 19 
0004 0005 1665907761991135 17.0625 -65.0 4.025165587411922 19 
0004 0001 1665907761992386 -82.1875 -63.0 0.9387962421860124 19 
0004 0003 1665907761993549 -4.0625 -66.0 0.6135923151542565 19 
0004 0015 1665907761994422 87.0625 -69.0 5.853670686571607 19 
0004 0011 1665907761995830 -39.0 -71.5 0.2270291566070749 19 
0004 0009 1665907761998015 -260.375 -69.0 5.970253226450915 19 
0004 0013 1665907762034681 2.4375 -77.5 5.270757987175063 19 
0004 0014 1665907762054312 -3.0 -75.0 1.2640001692177683 19 
0004 0001 1665907762114496 -21.9375 -63.0 0.8774370106705868 19 
0004 0009 1665907762117928 -204.25 -68.5 5.767767762450011 19 
0004 0005 1665907762122956 -17.0625 -65.0 4.09266074207889 19 
0004 0003 1665907762124138 -30.0625 -65.5 0.6013204688511713 19 
0004 0015 1665907762129826 -130.1875 -67.5 6.056156150572511 19 
0004 0011 1665907762132861 -82.1875 -71.5 0.35588354278946877 19 
0004 0013 1665907762160031 17.0625 -77.5 2.067806102069844 19 
0004 0014 1665907762180889 1.1875 -74.5 1.2885438618239387 19 
0004 0009 1665907762252043 -130.1875 -69.5 5.798447378207723 19 
0004 0015 1665907762253795 -152.125 -70.0 5.878214379177777 19 
0004 0003 1665907762255768 -13.0 -65.5 0.662679700366597 19 
0004 0001 1665907762256678 48.0 -62.0 0.7731263170943632 19 
0004 0005 1665907762257563 56.125 -65.5 4.049709280018092 19 
0004 0011 1665907762261635 -39.0 -71.0 0.14112623248547898 19 
0004 0013 1665907762278604 32.5 -77.5 5.037592907416445 19 
0004 0014 1665907762305721 0.875 -75.0 1.2946797849754812 19 
0004 0001 1665907762371695 -13.0 -62.0 0.8467573949128739 19 
0004 0009 1665907762373160 30.0625 -69.0 5.712544454086128 19 
0004 0015 1665907762374331 108.1875 -68.5 5.724816300389213 19 
0004 0005 1665907762377734 -173.3125 -66.0 4.3503695144436785 19 
0004 0003 1665907762378855 -74.0 -67.0 0.7240389318820226 19 
0004 0011 1665907762379881 -108.1875 -71.0 0.21475731030398976 19 
0004 0013 1665907762406420 21.9375 -77.5 5.0682725231741586 19 
0004 0014 1665907762426569 -0.4375 -74.5 1.325359400733194 19 
0004 0003 1665907762530538 21.9375 -66.5 0.662679700366597 19 
0004 0001 1665907762532018 43.125 -62.5 0.760854470791278 19 
0004 0005 1665907762533156 26.0 -65.0 4.111068511533518 19 
0004 0009 1665907762535504 -108.1875 -69.5 5.8659425328746915 19 
0004 0011 1665907762536669 -95.1875 -71.5 0.2454369260617026 19 
0004 0015 1665907762537569 -26.0 -67.5 6.000932842208628 19 
0004 0013 1665907762565842 -4.0625 -77.5 5.1725832167503825 19 
0004 0014 1665907762594024 -10.625 -74.5 1.4051264017032472 19 
0004 0005 1665907762651622 21.9375 -64.5 4.129476280988146 19 
0004 0001 1665907762652915 -8.9375 -63.0 0.8222137023067037 19 
0004 0003 1665907762654095 -186.3125 -66.0 0.8958447801252144 19 
0004 0015 1665907762655222 234.3125 -70.0 5.5284667595398505 19 
0004 0009 1665907762658665 -134.25 -69.0 6.007068765360171 19 
0004 0011 1665907762664300 -113.0625 -71.0 0.30679615757712825 19 
0004 0014 1665907762695065 10.5 -74.0 1.3314953238847365 19 
0004 0013 1665907762698529 24.375 -77.5 5.006913291658733 19 
0004 0001 1665907762806299 -13.0 -62.5 0.8344855486097889 19 
0004 0003 1665907762808787 -4.0625 -66.0 0.6688156235181395 19 
0004 0005 1665907762809686 21.9375 -64.5 4.037437433715008 19 
0004 0015 1665907762812278 34.9375 -68.5 5.976389149602458 19 
0004 0009 1665907762813615 61.0 -69.5 5.7616318392984684 19 
0004 0011 1665907762815417 -165.1875 -70.0 0.22089323345553233 19 
0004 0013 1665907762835260 -4.875 -77.0 2.2027964114037806 19 
0004 0014 1665907762841377 10.5 -74.0 1.2517283229146832 19 
0004 0011 1665907762919278 39.0 -70.5 0.018407769454627694 19 
0004 0003 1665907762921133 -100.0625 -66.5 0.7731263170943632 19 
0004 0001 1665907762923655 -17.0625 -63.0 0.8099418560036186 19 
0004 0005 1665907762926981 -21.9375 -65.0 4.09266074207889 19 
0004 0015 1665907762928577 26.0 -68.5 5.816855147662351 19 
0004 0009 1665907762929473 -43.125 -69.5 5.829126993965437 19 
0004 0014 1665907762945643 1.625 -74.0 1.1351457830353744 19 
0004 0013 1665907762951231 -8.0625 -77.5 2.073942025221387 19 
0004 0015 1665907763038390 -169.25 -68.5 6.0991076126333095 19 
0004 0003 1665907763040137 -56.125 -66.5 0.6810874698212247 19 
0004 0011 1665907763041531 -130.1875 -70.5 0.30679615757712825 19 
0004 0001 1665907763044280 -4.0625 -63.5 0.8160777791551611 19 
0004 0005 1665907763045337 130.1875 -65.5 3.9760782021995817 19 
0004 0013 1665907763047202 -113.0625 -74.0 2.3193789512830896 19 
0004 0009 1665907763049707 -225.375 -69.0 6.031612457966341 19 
0004 0014 1665907763077014 -4.0625 -74.0 1.2640001692177683 19 
0004 0001 1665907763153288 -4.0625 -62.5 0.8774370106705868 19 
0004 0009 1665907763154682 -56.125 -69.5 5.921165841238575 19 
0004 0011 1665907763156403 26.0 -72.5 0.018407769454627694 19 
0004 0003 1665907763157312 -21.9375 -65.0 0.6135923151542565 19 
0004 0005 1665907763158479 65.0625 -65.0 4.000621894805752 19 
0004 0015 1665907763163753 -134.25 -69.0 6.050020227420969 19 
0004 0013 1665907763168300 212.375 -74.0 1.8285050991596843 19 
0004 0014 1665907763217560 9.25 -75.0 1.1596894756415448 19 
0004 0015 1665907763500681 -78.0625 -68.5 5.976389149602458 19 
0004 0003 1665907763501575 -26.0 -66.5 0.6013204688511713 19 
0004 0005 1665907763504531 -26.0 -65.0 4.1417481272912315 19 
0004 0001 1665907763506498 -21.9375 -62.5 0.8283496254582462 19 
0004 0011 1665907763509454 -74.0 -73.5 0.46019423636569234 19 
0004 0009 1665907763510376 -4.0625 -69.5 5.712544454086128 19 
0004 0014 1665907763540221 -2.4375 -74.5 1.2333205534600555 19 
0004 0013 1665907763547030 -5.625 -77.5 5.307573526084319 19 
0004 0009 1665907763625384 -43.125 -69.5 5.798447378207723 19 
0004 0001 1665907763626604 -4.0625 -62.5 0.8344855486097889 19 
0004 0003 1665907763627757 17.0625 -66.5 0.607456392002714 19 
0004 0015 1665907763630303 -52.0625 -68.0 6.086835766330224 19 
0004 0005 1665907763632107 -52.0625 -65.0 4.196971435655114 19 
0004 0011 1665907763633899 160.3125 -70.5 6.178874613603362 19 
0004 0013 1665907763674147 -0.75 -77.5 2.030990563160589 19 
0004 0014 1665907763676195 20.25 -74.5 1.1228739367322893 19 
0004 0009 1665907763939051 191.1875 -69.0 5.4671075280244255 19 
0004 0001 1665907763941985 -34.9375 -62.5 0.8406214717613314 19 
0004 0011 1665907763942915 -217.25 -70.0 0.39269908169872414 19 
0004 0003 1665907763944178 74.0 -67.0 0.5583690067903734 19 
0004 0005 1665907763945102 4.0625 -65.5 4.0987966652304335 19 
0004 0015 1665907763947007 -130.1875 -69.0 5.994796919057086 19 
0004 0013 1665907763967683 1.625 -78.0 2.055534255766759 19 
0004 0014 1665907763974406 -29.25 -74.0 1.337631247036279 19 
0004 0003 1665907764056464 -134.25 -67.0 0.7792622402459057 19 
0004 0009 1665907764058448 0.0 -69.0 5.663457068873787 19 
0004 0005 1665907764059350 -30.0625 -65.5 4.111068511533518 19 
0004 0001 1665907764062132 -21.9375 -62.5 0.8222137023067037 19 
0004 0015 1665907764064522 82.1875 -69.5 5.755495916146925 19 
0004 0011 1665907764072855 117.125 -71.5 0.1718058482431918 19 
0004 0014 1665907764097842 4.875 -74.5 1.227184630308513 19 
0004 0013 1665907764100133 5.625 -77.5 1.9389517158874505 19 
0004 0011 1665907764224774 82.1875 -71.5 0.14726215563702155 19 
0004 0015 1665907764227558 87.0625 -69.0 5.780039608753096 19 
0004 0005 1665907764228470 -74.0 -65.0 4.147884050442774 19 
0004 0009 1665907764230417 43.125 -70.0 5.767767762450011 19 
0004 0001 1665907764231327 -30.0625 -63.0 0.8467573949128739 19 
0004 0003 1665907764232945 -61.0 -66.0 0.6565437772150544 19 
0004 0013 1665907764250370 1.625 -77.5 1.9941750242513334 19 
0004 0014 1665907764261862 -14.625 -74.0 1.3130875544301088 19 
0004 0001 1665907764341071 61.0 -63.0 0.7240389318820226 19 
0004 0003 1665907764341981 -43.125 -66.5 0.705631162427395 19 
0004 0015 1665907764343733 225.375 -68.5 5.651185222570702 19 
0004 0009 1665907764345080 30.0625 -69.0 5.6573211457222445 19 
0004 0005 1665907764346798 95.1875 -64.5 4.061981126321178 19 
0004 0011 1665907764352990 -134.25 -70.0 0.2638446955163303 19 
0004 0014 1665907764379568 -0.75 -74.5 1.1596894756415448 19 
0004 0013 1665907764381714 1.625 -77.5 2.1046216409791 19 
0004 0009 1665907764469096 -139.125 -69.5 5.71868037723767 19 
0004 0005 1665907764470861 126.125 -64.5 3.9576704327449543 19 
0004 0015 1665907764472340 -113.0625 -69.0 6.068427996875596 19 
0004 0003 1665907764477813 -21.9375 -66.0 0.6933593161243098 19 
0004 0001 1665907764480171 -87.0625 -62.5 0.9203884727313847 19 
0004 0011 1665907764482463 295.375 -73.5 6.043884304269426 19 
0004 0013 1665907764497550 39.8125 -77.5 1.8653206380689396 19 
0004 0014 1665907764503614 0.0 -74.5 1.1474176293384597 19 
0004 0011 1665907764584911 147.25 -70.5 6.2463697682703305 19 
0004 0005 1665907764587581 13.0 -64.5 4.04357335686655 19 
0004 0009 1665907764588537 -312.4375 -70.0 6.14819499784565 19 
0004 0001 1665907764590268 -34.9375 -63.5 0.8467573949128739 19 
0004 0003 1665907764591473 17.0625 -65.5 0.607456392002714 19 
0004 0015 1665907764592388 95.1875 -69.0 5.767767762450011 19 
0004 0013 1665907764625108 -9.0 -77.0 2.141437179888355 19 
0004 0014 1665907764649476 2.5625 -75.0 1.2087768608538851 19 
0004 0005 1665907764705902 17.0625 -65.0 4.0987966652304335 19 
0004 0011 1665907764707043 -199.375 -70.0 0.3436116964863836 19 
0004 0001 1665907764708888 -13.0 -62.5 0.8713010875190442 19 
0004 0015 1665907764710086 -43.125 -69.0 5.915029918087033 19 
0004 0009 1665907764716186 91.125 -70.0 5.663457068873787 19 
0004 0003 1665907764717351 -104.125 -65.5 0.803805932852076 19 
0004 0014 1665907764742090 10.5 -75.0 1.030835089459151 19 
0004 0013 1665907764745596 -15.375 -77.0 2.1046216409791 19 
0004 0001 1665907764821739 -78.0625 -62.5 0.9081166264282996 19 
0004 0003 1665907764824479 -113.0625 -66.0 0.760854470791278 19 
0004 0005 1665907764827240 13.0 -65.0 4.080388895775806 19 
0004 0015 1665907764828654 0.0 -69.0 6.000932842208628 19 
0004 0009 1665907764829953 -82.1875 -69.0 5.780039608753096 19 
0004 0011 1665907764831252 -390.5625 -71.0 0.5583690067903734 19 
0004 0014 1665907764884679 -12.9375 -74.0 1.1228739367322893 19 
0004 0013 1665907764892807 17.8125 -77.5 1.902136176978195 19 
0004 0001 1665907764978574 -13.0 -63.0 0.803805932852076 19 
0004 0003 1665907764980830 -34.9375 -65.5 0.6994952392758523 19 
0004 0005 1665907764982339 61.0 -65.0 4.074252972624263 19 
0004 0014 1665907764983235 8.9375 -71.0 0.7853981633974483 19 
0004 0015 1665907764987690 95.1875 -68.0 5.816855147662351 19 
0004 0009 1665907764989609 78.0625 -70.0 5.583690067903734 19 
0004 0011 1665907764990550 -160.3125 -70.5 0.15339807878856412 19 
0004 0013 1665907765012148 -22.6875 -77.5 2.0064468705544187 19 
0004 0005 1665907765094394 -65.0625 -65.5 4.246058820867455 19 
0004 0009 1665907765095332 -156.1875 -69.5 5.884350302329319 19 
0004 0001 1665907765098040 -4.0625 -62.5 0.8406214717613314 19 
0004 0015 1665907765099001 -52.0625 -67.5 6.000932842208628 19 
0004 0003 1665907765101217 143.1875 -66.0 0.47860200582032003 19 
0004 0011 1665907765103488 -69.125 -71.0 0.14726215563702155 19 
0004 0014 1665907765105446 108.1875 -70.0 0.8406214717613314 19 
0004 0013 1665907765130491 4.875 -77.5 5.246214294568893 19 
0004 0014 1665907765231246 199.375 -70.5 0.6688156235181395 19 
0004 0011 1665907765232881 -191.1875 -71.0 0.12885438618239387 19 
0004 0003 1665907765234627 43.125 -65.5 0.5951845456996288 19 
0004 0015 1665907765235766 100.0625 -68.0 5.93343768754166 19 
0004 0009 1665907765236692 108.1875 -69.5 5.767767762450011 19 
0004 0001 1665907765238083 165.1875 -63.0 0.5829126993965437 19 
0004 0005 1665907765239460 8.9375 -65.0 4.104932588381976 19 
0004 0013 1665907765266018 11.4375 -78.0 1.9266798695843652 19 
0004 0003 1665907765346243 -78.0625 -65.0 0.6994952392758523 19 
0004 0015 1665907765347398 -121.25 -68.5 6.1420590746941075 19 
0004 0009 1665907765349110 4.0625 -70.0 5.810719224510809 19 
0004 0011 1665907765350054 100.0625 -72.0 0.0674951546669682 19 
0004 0001 1665907765351460 30.0625 -63.0 0.8160777791551611 19 
0004 0005 1665907765352417 -30.0625 -65.5 4.129476280988146 19 
0004 0014 1665907765357534 147.25 -72.0 0.8160777791551611 19 
0004 0013 1665907765383416 39.0625 -77.5 1.7241944055834606 19 
0004 0010 1665907765513366 -4.875 -79.0 5.957981380147831 19 
0004 0015 1665907765563572 -78.0625 -68.0 6.062292073724054 19 
0004 0001 1665907765565939 52.0625 -62.5 0.760854470791278 19 
0004 0005 1665907765568809 -21.9375 -65.5 4.178563666200486 19 
0004 0003 1665907765571084 52.0625 -67.5 0.619728238305799 19 
0004 0009 1665907765572022 -65.0625 -69.5 5.9518454569962875 19 
0004 0011 1665907765574177 165.1875 -71.5 6.14819499784565 19 
0004 0014 1665907765576703 13.0 -71.0 0.8651651643675016 19 
0004 0013 1665907765596907 -30.0 -77.5 2.000310947402876 19 
0004 0010 1665907765625876 -2.875 -78.5 5.816855147662351 19 
0004 0001 1665907765690347 30.0625 -62.5 0.803805932852076 19 
0004 0015 1665907765691345 21.9375 -69.0 5.8659425328746915 19 
0004 0005 1665907765693536 34.9375 -65.0 4.1417481272912315 19 
0004 0014 1665907765695380 -65.0625 -71.5 0.9694758579437253 19 
0004 0009 1665907765696231 -87.0625 -69.5 6.043884304269426 19 
0004 0003 1665907765697578 -13.0 -65.5 0.6135923151542565 19 
0004 0011 1665907765699880 -39.0 -71.0 0.3190680038802134 19 
0004 0013 1665907765715419 21.1875 -77.5 5.00077736850719 19 
0004 0010 1665907765739001 -13.875 -78.5 6.160466844148735 19 
0004 0014 1665907765808462 -108.1875 -71.5 1.086058397823034 19 
0004 0001 1665907765811858 139.125 -63.0 0.6688156235181395 19 
0004 0005 1665907765812771 -91.125 -65.0 4.276738436625168 19 
0004 0003 1665907765814812 -43.125 -67.0 0.6504078540635119 19 
0004 0009 1665907765816612 13.0 -69.0 5.8475347634200645 19 
0004 0015 1665907765818009 -87.0625 -69.5 6.12365130523948 19 
0004 0011 1665907765819189 -30.0625 -70.5 0.2270291566070749 19 
0004 0013 1665907765844336 -17.0625 -78.0 1.9880391010997909 19 
0004 0010 1665907765870136 -9.75 -79.0 5.8475347634200645 19 
0004 0015 1665907765929048 -56.125 -68.0 6.025476534814799 19 
0004 0001 1665907765933828 43.125 -63.0 0.7363107781851077 19 
0004 0005 1665907765934994 78.0625 -66.0 4.01902966426038 19 
0004 0009 1665907765935888 43.125 -69.5 5.773903685601553 19 
0004 0003 1665907765939275 8.9375 -67.0 0.6135923151542565 19 
0004 0011 1665907765943049 286.4375 -71.5 0.030679615757712823 19 
0004 0014 1665907765955050 160.3125 -72.5 0.7424467013366504 19 
0004 0013 1665907765975423 9.75 -78.0 1.9266798695843652 19 
0004 0010 1665907766001954 3.625 -79.0 5.988660995905543 19 
0004 0009 1665907766069676 -182.25 -70.0 6.092971689481767 19 
0004 0001 1665907766070584 -21.9375 -62.0 0.8406214717613314 19 
0004 0003 1665907766072158 -26.0 -66.5 0.6749515466696822 19 
0004 0005 1665907766073721 -186.3125 -66.0 4.301282129231338 19 
0004 0015 1665907766074662 -30.0625 -68.0 6.013204688511713 19 
0004 0011 1665907766082360 347.4375 -72.5 6.191146459906448 19 
0004 0014 1665907766084342 186.3125 -71.0 0.859029241215959 19 
0004 0013 1665907766103080 -53.6875 -77.5 5.522330836388308 19 
