0004 0005 1665908068594152 -178.1875 -71.0 3.761320891895592 20 
0004 0011 1665908068761196 -3.3125 -74.5 4.4976316700806995 20 
0004 0006 1665908068767558 9.75 -67.5 5.485515297479052 20 
0004 0013 1665908068769222 -13.0 -64.0 0.3865631585471816 20 
0004 0001 1665908068770601 -4.0625 -64.5 0.5522330836388308 20 
0004 0009 1665908068774024 21.9375 -70.5 1.0921943209745766 20 
0004 0014 1665908068774937 -56.125 -66.5 5.098952138931871 20 
0004 0012 1665908068780193 243.3125 -72.0 5.8659425328746915 20 
0004 0005 1665908068781672 -121.25 -73.0 3.822680123411018 20 
0004 0004 1665908068782596 13.0 -72.5 2.761165418194154 20 
0004 0011 1665908068860817 7.625 -75.0 1.3008157081270237 20 
0004 0003 1665908068962464 -2.625 -77.5 0.7669903939428205 20 
0004 0001 1665908068971354 8.9375 -64.5 0.5399612373357456 20 
0004 0013 1665908068972753 -61.0 -64.5 0.37429131224409645 20 
0004 0014 1665908068973922 182.25 -66.0 4.749204519293945 20 
0004 0009 1665908068977087 173.3125 -72.5 0.9019807032767571 20 
0004 0006 1665908068979307 -231.875 -66.5 5.559146375297564 20 
0004 0005 1665908068983925 -195.25 -71.5 3.718369429834794 20 
0004 0012 1665908068986336 -147.25 -72.0 6.252505691421874 20 
0004 0004 1665908068987261 34.9375 -70.5 2.693670263527186 20 
0004 0003 1665908069064462 -5.75 -77.0 0.8528933180644165 20 
0004 0011 1665908069083081 -0.5625 -75.0 1.1658253987930873 20 
0004 0013 1665908069096284 0.0 -64.0 0.32520392703175593 20 
0004 0006 1665908069099434 -186.3125 -67.0 5.780039608753096 20 
0004 0014 1665908069100612 -61.0 -66.5 5.129631754689584 20 
0004 0001 1665908069101999 0.0 -64.5 0.5767767762450011 20 
0004 0012 1665908069103681 -13.0 -73.0 6.037748381117884 20 
0004 0009 1665908069109701 234.3125 -72.0 0.6565437772150544 20 
0004 0005 1665908069111048 -39.0 -71.5 3.5895150436524004 20 
0004 0004 1665908069132815 -6.5 -72.5 5.8659425328746915 20 
0004 0003 1665908069181772 -5.0625 -77.5 0.803805932852076 20 
0004 0011 1665908069197936 1.0625 -75.0 1.1290098598838318 20 
0004 0009 1665908069224326 -17.0625 -72.0 1.1780972450961724 20 
0004 0014 1665908069225224 48.0 -67.0 4.92714629068868 20 
0004 0001 1665908069230140 30.0625 -64.0 0.5583690067903734 20 
0004 0013 1665908069231126 95.1875 -64.0 0.22089323345553233 20 
0004 0006 1665908069232022 -43.125 -67.5 5.64504929941916 20 
0004 0012 1665908069235755 -69.125 -71.0 6.117515382087937 20 
0004 0005 1665908069240241 -82.1875 -70.5 3.6447383520162835 20 
0004 0004 1665908069261335 0.75 -72.5 5.8659425328746915 20 
0004 0003 1665908069337315 -4.375 -77.5 0.7424467013366504 20 
0004 0006 1665908069360206 -52.0625 -67.0 5.64504929941916 20 
0004 0004 1665908069362266 52.0625 -71.0 2.4727770300716534 20 
0004 0001 1665908069363431 -65.0625 -64.5 0.5829126993965437 20 
0004 0013 1665908069364656 -4.0625 -64.0 0.2638446955163303 20 
0004 0014 1665908069365583 -48.0 -66.5 5.141903600992669 20 
0004 0012 1665908069368015 -8.9375 -73.0 6.000932842208628 20 
0004 0005 1665908069369060 -186.3125 -71.5 3.749049045592507 20 
0004 0009 1665908069370000 -312.4375 -70.5 1.3928545554001621 20 
0004 0001 1665908069535003 -13.0 -63.5 0.5031456984264903 20 
0004 0005 1665908069535950 -204.25 -71.0 3.767456815047135 20 
0004 0004 1665908069537781 186.3125 -71.0 2.356194490192345 20 
0004 0012 1665908069538709 -156.1875 -72.5 6.111379458936394 20 
0004 0013 1665908069540631 -43.125 -65.0 0.3129320807286708 20 
0004 0006 1665908069542476 94.375 -67.5 5.356660911296659 20 
0004 0014 1665908069546309 61.0 -67.0 4.963961829597935 20 
0004 0009 1665908069548110 225.375 -70.0 1.086058397823034 20 
0004 0001 1665908069647494 -56.125 -64.5 0.607456392002714 20 
0004 0004 1665908069648380 -282.375 -70.5 3.104777114680538 20 
0004 0014 1665908069650082 -100.0625 -66.0 5.006913291658733 20 
0004 0013 1665908069651463 -121.25 -64.0 0.4172427743048944 20 
0004 0006 1665908069653123 23.5625 -68.0 5.688000761479957 20 
0004 0005 1665908069657373 -169.25 -73.0 3.792000507653305 20 
0004 0012 1665908069658695 -217.25 -72.0 6.227961998815704 20 
0004 0004 1665908069754934 -95.1875 -71.0 2.7979809571034093 20 
0004 0013 1665908069755919 -4.0625 -65.0 0.25770877236478773 20 
0004 0001 1665908069756858 0.0 -64.5 0.5092816215780329 20 
0004 0012 1665908069757831 -82.1875 -72.0 6.117515382087937 20 
0004 0014 1665908069758757 -139.125 -66.0 5.141903600992669 20 
0004 0006 1665908069760137 -243.3125 -68.0 5.8659425328746915 20 
0004 0005 1665908069765328 34.9375 -72.0 3.5342917352885173 20 
0004 0009 1665908069768697 -225.375 -70.5 1.423534171157875 20 
0004 0009 1665908069869139 39.0 -70.0 1.055378782065321 20 
0004 0014 1665908069870675 121.25 -66.0 4.908738521234052 20 
0004 0012 1665908069871587 -230.25 -72.5 6.160466844148735 20 
0004 0006 1665908069874312 -132.625 -67.5 5.773903685601553 20 
0004 0004 1665908069875591 -17.0625 -70.5 2.7979809571034093 20 
0004 0013 1665908069877089 13.0 -64.5 0.25770877236478773 20 
0004 0001 1665908069877940 -4.0625 -63.5 0.4908738521234052 20 
0004 0005 1665908069878973 208.3125 -73.0 3.3195344249845276 20 
0004 0014 1665908069974814 8.9375 -66.0 5.049864753719531 20 
0004 0006 1665908069977289 30.0625 -67.0 5.5714182216006485 20 
0004 0004 1665908069978694 4.0625 -70.0 2.6384469551633027 20 
0004 0012 1665908069979609 30.0625 -72.0 5.829126993965437 20 
0004 0013 1665908069981232 -65.0625 -65.0 0.35588354278946877 20 
0004 0005 1665908069982427 -87.0625 -72.0 3.479068426924634 20 
0004 0001 1665908069984102 -17.0625 -64.5 0.47860200582032003 20 
0004 0009 1665908069986733 152.125 -71.5 0.9387962421860124 20 
0004 0013 1665908070085364 -61.0 -65.5 0.30066023442558565 20 
0004 0005 1665908070086840 156.1875 -71.5 3.2397674240144743 20 
0004 0001 1665908070088014 -13.0 -64.5 0.47860200582032003 20 
0004 0006 1665908070088885 -87.0625 -67.5 5.565282298449106 20 
0004 0012 1665908070093063 -108.1875 -72.5 0.03681553890925539 20 
0004 0014 1665908070094797 78.0625 -66.0 4.92714629068868 20 
0004 0009 1665908070095708 34.9375 -71.5 1.1106020904292042 20 
0004 0004 1665908070096749 173.3125 -70.0 2.466641106920111 20 
0004 0013 1665908070194713 -8.9375 -63.5 0.23316507975861744 20 
0004 0001 1665908070196436 34.9375 -64.0 0.4111068511533518 20 
0004 0009 1665908070197572 30.0625 -71.0 1.1290098598838318 20 
0004 0004 1665908070198514 195.25 -71.0 2.521864415283994 20 
0004 0006 1665908070199702 0.0 -68.0 5.589825991055276 20 
0004 0012 1665908070200619 -69.125 -71.0 6.025476534814799 20 
0004 0014 1665908070201530 69.125 -66.5 5.0253210611133605 20 
0004 0005 1665908070203693 -117.125 -71.5 3.785864584501762 20 
0004 0014 1665908070302071 -100.0625 -66.5 5.141903600992669 20 
0004 0012 1665908070302955 104.125 -72.0 6.080699843178682 20 
0004 0013 1665908070303854 -21.9375 -65.5 0.2761165418194154 20 
0004 0004 1665908070305036 -21.9375 -69.5 2.748893571891069 20 
0004 0001 1665908070306202 -61.0 -63.5 0.5767767762450011 20 
0004 0006 1665908070311464 -104.125 -67.5 5.71868037723767 20 
0004 0005 1665908070313221 0.0 -71.0 3.5895150436524004 20 
0004 0009 1665908070316448 -117.125 -72.5 1.2333205534600555 20 
0004 0006 1665908070412752 -174.9375 -67.5 5.724816300389213 20 
0004 0009 1665908070418045 -30.0625 -70.5 1.184233168247715 20 
0004 0013 1665908070419003 13.0 -64.5 0.21475731030398976 20 
0004 0004 1665908070420199 69.125 -70.0 2.6016314162540475 20 
0004 0001 1665908070421320 8.9375 -64.0 0.521553467881118 20 
0004 0012 1665908070422321 34.9375 -72.0 6.14819499784565 20 
0004 0014 1665908070423725 -61.0 -66.0 5.160311370447297 20 
0004 0005 1665908070431950 33.75 -74.0 0.3374757733348411 20 
0004 0012 1665908070531265 -43.125 -71.5 6.043884304269426 20 
0004 0001 1665908070532969 8.9375 -64.5 0.46019423636569234 20 
0004 0004 1665908070533840 78.0625 -69.0 2.5709518004963345 20 
0004 0014 1665908070536508 -8.9375 -65.5 5.0253210611133605 20 
0004 0013 1665908070538547 -26.0 -65.0 0.2761165418194154 20 
0004 0005 1665908070539429 21.9375 -73.5 3.552699504743145 20 
0004 0006 1665908070540778 -75.625 -67.5 5.497787143782138 20 
0004 0009 1665908070541788 -165.1875 -72.0 1.0615147052168636 20 
0004 0001 1665908070636340 -39.0 -65.0 0.1718058482431918 20 
0004 0006 1665908070637988 -186.3125 -67.5 5.64504929941916 20 
0004 0013 1665908070639701 39.0 -65.5 0.14112623248547898 20 
0004 0004 1665908070640854 130.1875 -69.5 2.497320722677824 20 
0004 0014 1665908070642188 -26.0 -65.5 5.043728830567988 20 
0004 0009 1665908070650308 52.0625 -71.5 1.086058397823034 20 
0004 0012 1665908070651221 -169.25 -72.5 6.14819499784565 20 
0004 0005 1665908070652506 -126.125 -71.0 3.5588354278946874 20 
0004 0005 1665908070750075 -121.25 -72.5 3.4177091954092087 20 
0004 0014 1665908070750972 65.0625 -66.5 4.914874444385594 20 
0004 0001 1665908070754833 -126.125 -69.0 0.01227184630308513 20 
0004 0006 1665908070755800 -132.625 -68.0 5.221670601962723 20 
0004 0009 1665908070759574 130.1875 -71.5 0.7179030087304801 20 
0004 0013 1665908070762371 -195.25 -68.5 6.111379458936394 20 
0004 0012 1665908070765197 -221.3125 -71.5 6.178874613603362 20 
0004 0014 1665908070861467 -74.0 -66.5 5.111223985234957 20 
0004 0006 1665908070865848 90.3125 -69.0 4.448544284868359 20 
0004 0005 1665908070866861 113.0625 -71.0 3.454524734318464 20 
0004 0009 1665908070872998 -95.1875 -74.5 1.0983302441261191 20 
0004 0001 1665908070963448 3.3125 -74.5 1.6566992509164924 20 
0004 0006 1665908070979606 -221.3125 -67.5 4.424000592262189 20 
0004 0014 1665908070980543 -21.9375 -67.5 5.074408446325701 20 
0004 0001 1665908070982474 -52.0625 -72.5 5.086680292628786 20 
0004 0010 1665908070986036 -91.125 -66.0 1.9696313316451632 20 
0004 0004 1665908071073837 1.25 -72.5 5.890486225480862 20 
0004 0015 1665908071103121 -0.8125 -75.5 1.1535535524900022 20 
0004 0006 1665908071120089 -179.8125 -68.5 4.442408361716817 20 
0004 0014 1665908071124534 -186.3125 -68.0 5.460971604872882 20 
0004 0010 1665908071125430 43.125 -64.0 2.116893487282185 20 
0004 0004 1665908071126584 56.125 -69.5 6.043884304269426 20 
0004 0015 1665908071165088 4.0625 -75.0 1.055378782065321 20 
0004 0002 1665908071175510 -9.75 -79.0 5.166447293598839 20 
0004 0001 1665908071185299 0.75 -78.5 0.5522330836388308 20 
0004 0015 1665908071238990 30.0625 -71.5 4.111068511533518 20 
0004 0004 1665908071241876 -8.9375 -65.0 5.878214379177777 20 
0004 0010 1665908071243044 13.0 -64.0 2.466641106920111 20 
0004 0006 1665908071244168 113.875 -66.5 3.54042765844006 20 
0004 0014 1665908071245293 117.125 -69.5 5.540738605842936 20 
0004 0008 1665908071268948 8.0625 -75.5 3.9453985864418692 20 
0004 0002 1665908071275686 11.4375 -77.5 6.264777537724958 20 
0004 0001 1665908071342857 -6.0 -76.5 2.6384469551633027 20 
0004 0008 1665908071361147 34.9375 -72.0 4.7860200582032 20 
0004 0010 1665908071363436 225.375 -67.0 2.030990563160589 20 
0004 0006 1665908071364358 69.125 -65.5 4.0128937411088375 20 
0004 0014 1665908071365746 -21.9375 -67.0 5.473243451175968 20 
0004 0004 1665908071366955 -21.9375 -62.5 6.117515382087937 20 
0004 0001 1665908071390091 -53.25 -74.5 0.7117670855789375 20 
0004 0015 1665908071401861 3.1875 -74.0 4.399456899656019 20 
0004 0002 1665908071406150 12.9375 -77.5 5.522330836388308 20 
0004 0010 1665908071486602 126.125 -71.5 1.3499030933393643 20 
0004 0006 1665908071487769 -161.125 -64.5 5.424156065963627 20 
0004 0008 1665908071490295 -34.9375 -68.5 6.086835766330224 20 
0004 0014 1665908071491544 0.0 -66.5 5.4671075280244255 20 
0004 0004 1665908071492741 -4.0625 -62.5 0.3988350048502667 20 
0004 0002 1665908071503129 -13.0 -72.5 1.6996507129772904 20 
0004 0015 1665908071527773 16.3125 -75.5 0.9633399347921826 20 
0004 0001 1665908071600560 -1.9375 -78.5 4.706253057233147 20 
0004 0014 1665908071616931 95.1875 -67.0 5.313709449235861 20 
0004 0008 1665908071620340 -104.125 -68.0 1.2026409377023426 20 
0004 0006 1665908071621250 -56.9375 -65.5 0.2086213871524472 20 
0004 0002 1665908071622516 126.125 -72.5 3.0127382674073995 20 
0004 0001 1665908071672537 12.3125 -79.0 5.381204603902829 20 
0004 0015 1665908071691354 -5.6875 -75.5 1.3744467859455345 20 
0004 0006 1665908071737245 -28.4375 -67.0 3.6140587362585705 20 
0004 0008 1665908071739858 -4.0625 -67.0 2.0923497946760143 20 
0004 0014 1665908071742759 -143.1875 -69.0 5.841398840268521 20 
0004 0001 1665908071856080 -12.625 -78.0 2.282563412373834 20 
0004 0008 1665908071866393 34.9375 -65.0 2.5402721847386216 20 
0004 0014 1665908071867319 34.9375 -68.0 5.835262917116979 20 
0004 0006 1665908071868738 137.5 -65.0 1.6444274046134073 20 
0004 0001 1665908071900262 20.25 -78.0 5.675728915176872 20 
0004 0006 1665908071974840 74.0 -62.0 2.6445828783148455 20 
0004 0014 1665908071976619 -65.0625 -67.5 5.896622148632405 20 
0004 0008 1665908071978351 -13.0 -64.5 3.08636934522591 20 
0004 0013 1665908071982497 -321.4375 -72.0 5.160311370447297 20 
0004 0005 1665908072001454 17.0625 -75.0 4.908738521234052 20 
0004 0012 1665908072022081 1.625 -79.0 4.933282213840222 20 
0004 0007 1665908072038734 -1.9375 -75.5 0.05522330836388308 20 
0004 0015 1665908072080324 2.9375 -75.0 1.380582709097077 20 
0004 0012 1665908072097169 -39.0 -71.0 0.018407769454627694 20 
0004 0008 1665908072098107 -17.0625 -64.0 4.264466590322082 20 
0004 0006 1665908072101671 61.8125 -61.5 3.2888548092268146 20 
0004 0005 1665908072102852 -78.0625 -69.0 3.32567034813607 20 
0004 0014 1665908072103764 130.1875 -69.0 5.399612373357457 20 
0004 0013 1665908072105197 -182.25 -72.0 5.859806609723149 20 
0004 0015 1665908072160946 1.9375 -73.0 1.8407769454627694 20 
0004 0013 1665908072215437 -13.0 -71.0 5.878214379177777 20 
0004 0014 1665908072216708 -329.5625 -70.5 6.160466844148735 20 
0004 0015 1665908072217845 -34.9375 -70.5 5.313709449235861 20 
0004 0012 1665908072218789 -13.0 -66.0 1.7426021750380885 20 
0004 0006 1665908072221173 23.5625 -62.5 3.933126740138784 20 
0004 0008 1665908072223769 8.9375 -65.0 5.724816300389213 20 
0004 0005 1665908072225576 82.1875 -70.5 5.534602682691394 20 
0004 0001 1665908072275357 7.625 -79.5 5.792311455056181 20 
0004 0014 1665908072330780 -69.125 -72.5 0.2086213871524472 20 
0004 0008 1665908072333458 -100.0625 -66.5 0.7363107781851077 20 
0004 0012 1665908072335616 -21.9375 -68.0 1.7916895602504288 20 
0004 0006 1665908072337009 -42.3125 -63.5 4.031301510563465 20 
0004 0013 1665908072337956 -121.25 -68.0 5.50392306693368 20 
0004 0015 1665908072340772 -186.3125 -70.5 5.675728915176872 20 
0004 0001 1665908072363606 -3.1875 -77.5 1.055378782065321 20 
0004 0008 1665908072457456 156.1875 -68.5 1.6137477888556946 20 
0004 0013 1665908072458512 -8.9375 -63.5 5.8475347634200645 20 
0004 0012 1665908072459908 -17.0625 -63.0 1.8039614065535141 20 
0004 0006 1665908072460818 -47.1875 -62.5 3.466796580621549 20 
0004 0005 1665908072462198 -160.3125 -71.0 3.160000423044421 20 
0004 0015 1665908072463480 -13.0 -68.5 5.534602682691394 20 
0004 0012 1665908072562162 -4.0625 -59.5 1.9266798695843652 20 
0004 0006 1665908072563598 56.9375 -59.5 3.368621810196868 20 
0004 0013 1665908072564782 65.0625 -64.5 6.14819499784565 20 
0004 0005 1665908072567502 143.1875 -71.0 3.380893656499953 20 
0004 0008 1665908072568427 -186.3125 -68.5 2.6998061866787286 20 
0004 0015 1665908072569860 -264.4375 -66.5 6.025476534814799 20 
0004 0012 1665908072668764 -43.125 -59.5 2.018718716857504 20 
0004 0006 1665908072671605 -43.125 -58.5 3.6570101983193686 20 
0004 0008 1665908072672946 251.4375 -69.0 2.804116880254952 20 
0004 0005 1665908072673857 21.9375 -71.0 4.080388895775806 20 
0004 0013 1665908072675043 13.0 -64.5 0.4908738521234052 20 
0004 0015 1665908072675932 -169.25 -66.5 6.14819499784565 20 
0004 0004 1665908072781283 26.0 -65.0 5.411884219660542 20 
0004 0008 1665908072782307 30.0625 -68.0 3.3379421944391554 20 
0004 0006 1665908072783188 -61.8125 -58.5 3.7429131224409646 20 
0004 0013 1665908072784105 56.125 -65.5 0.5583690067903734 20 
0004 0012 1665908072785513 21.9375 -60.0 2.055534255766759 20 
0004 0005 1665908072786625 -117.125 -70.5 4.3503695144436785 20 
0004 0015 1665908072788182 -91.125 -66.0 6.105243535784852 20 
0004 0013 1665908072888696 -82.1875 -67.0 0.5338253141842031 20 
0004 0012 1665908072889611 -52.0625 -60.0 2.1905245651006955 20 
0004 0008 1665908072891792 -8.9375 -69.0 3.4606606574700063 20 
0004 0006 1665908072892832 -61.0 -58.5 3.816544200259475 20 
0004 0015 1665908072893944 17.0625 -65.5 6.031612457966341 20 
0004 0004 1665908072894871 95.1875 -66.0 5.356660911296659 20 
0004 0005 1665908072898107 -126.125 -71.5 4.638757902566179 20 
0004 0001 1665908072920365 -47.125 -77.5 1.184233168247715 20 
0004 0007 1665908072947190 0.4375 -76.0 0.3620194659410113 20 
0004 0013 1665908073007307 -74.0 -68.0 0.4356505437595221 20 
0004 0012 1665908073008732 -48.0 -60.0 2.1475731030398975 20 
0004 0015 1665908073009887 -61.0 -66.0 6.031612457966341 20 
0004 0008 1665908073011052 -13.0 -69.5 3.423845118560751 20 
0004 0004 1665908073012249 -52.0625 -66.0 5.442563835418255 20 
0004 0006 1665908073013143 47.1875 -58.0 3.736777199289422 20 
0004 0005 1665908073021864 -195.25 -71.0 4.399456899656019 20 
0004 0001 1665908073043285 1.625 -77.0 1.012427320004523 20 
0004 0007 1665908073091300 0.8125 -76.5 0.3988350048502667 20 
0004 0004 1665908073130855 -61.0 -65.5 5.411884219660542 20 
0004 0006 1665908073132290 -39.0 -58.5 3.767456815047135 20 
0004 0012 1665908073135102 4.0625 -60.0 2.073942025221387 20 
0004 0013 1665908073136033 56.125 -67.5 0.3190680038802134 20 
0004 0015 1665908073137445 -139.125 -65.5 6.019340611663256 20 
0004 0005 1665908073139245 -52.0625 -71.0 4.405592822807561 20 
0004 0008 1665908073145605 -39.0 -68.5 3.368621810196868 20 
0004 0001 1665908073226019 -2.5625 -78.5 3.9085830475326135 20 
0004 0004 1665908073310433 -108.1875 -65.5 5.546874528994478 20 
0004 0006 1665908073313609 -9.75 -58.5 3.693825737228624 20 
0004 0008 1665908073314889 -13.0 -68.0 3.497476196379262 20 
0004 0013 1665908073316073 -8.9375 -67.5 0.28225246497095796 20 
0004 0012 1665908073317002 39.0 -59.5 2.073942025221387 20 
0004 0015 1665908073318426 -74.0 -66.0 6.007068765360171 20 
0004 0005 1665908073319739 -108.1875 -71.0 4.3933209765044765 20 
0004 0001 1665908073365448 13.0625 -78.5 3.822680123411018 20 
0004 0004 1665908073424149 30.0625 -66.0 5.344389064993574 20 
0004 0012 1665908073425375 -17.0625 -60.0 2.073942025221387 20 
0004 0015 1665908073426262 -100.0625 -66.0 6.013204688511713 20 
0004 0006 1665908073427424 -13.0 -59.0 3.693825737228624 20 
0004 0013 1665908073431135 -121.25 -67.0 0.3190680038802134 20 
0004 0008 1665908073434452 34.9375 -70.0 3.356349963893783 20 
0004 0005 1665908073436697 -156.1875 -70.5 4.4362724385652745 20 
0004 0006 1665908073563071 -4.875 -58.5 3.6447383520162835 20 
0004 0015 1665908073563974 -104.125 -65.5 6.0991076126333095 20 
0004 0004 1665908073565469 130.1875 -66.5 5.166447293598839 20 
0004 0008 1665908073567714 74.0 -69.0 3.3011266555298997 20 
0004 0012 1665908073568840 39.0 -59.5 1.9757672547967058 20 
0004 0013 1665908073569785 -34.9375 -67.5 0.17794177139473438 20 
0004 0005 1665908073572017 -65.0625 -70.5 4.528311285838413 20 
