0007 0014 1666596258547621 -78.0625 -66.5 5.939573610693203 3 
0007 0008 1666596258549096 -4.0625 -60.5 5.681864838328415 3 
0007 0004 1666596258647034 -56.125 -70.5 1.6566992509164924 3 
0007 0008 1666596258650088 -61.0 -60.0 5.773903685601553 3 
0007 0014 1666596258650980 0.0 -67.0 5.8475347634200645 3 
0007 0008 1666596258750962 -74.0 -60.5 5.810719224510809 3 
0007 0004 1666596258753192 13.0 -72.0 1.41126232485479 3 
0007 0014 1666596258755568 -121.25 -67.5 5.988660995905543 3 
0007 0014 1666596258854304 95.1875 -67.5 5.737088146692298 3 
0007 0008 1666596258857144 -4.0625 -60.5 5.737088146692298 3 
0007 0004 1666596258858286 104.125 -71.5 1.2517283229146832 3 
0007 0014 1666596258957979 -69.125 -66.5 6.043884304269426 3 
0007 0008 1666596258960249 -56.125 -60.5 5.816855147662351 3 
0007 0004 1666596258961802 52.0625 -70.5 1.184233168247715 3 
0007 0004 1666596259058463 39.0 -71.0 1.3867186322486196 3 
0007 0014 1666596259061365 87.0625 -67.5 5.792311455056181 3 
0007 0008 1666596259062503 -39.0 -60.5 5.853670686571607 3 
0007 0008 1666596259163620 -48.0 -60.5 5.780039608753096 3 
0007 0004 1666596259165367 -13.0 -70.5 1.2210487071569704 3 
0007 0014 1666596259166507 -91.125 -67.5 5.970253226450915 3 
0007 0004 1666596259265375 78.0625 -70.5 1.1719613219446299 3 
0007 0008 1666596259267455 4.0625 -60.5 5.749359992995383 3 
0007 0014 1666596259268612 26.0 -67.0 5.798447378207723 3 
0007 0008 1666596259364930 -30.0625 -60.5 5.730952223540755 3 
0007 0004 1666596259368170 -87.0625 -70.0 1.3867186322486196 3 
0007 0014 1666596259370757 -169.25 -68.0 6.007068765360171 3 
0007 0014 1666596259469180 78.0625 -67.5 5.737088146692298 3 
0007 0008 1666596259471689 0.0 -60.5 5.712544454086128 3 
0007 0004 1666596259473587 69.125 -71.0 1.4542137869155878 3 
0007 0008 1666596259569939 -91.125 -60.0 5.810719224510809 3 
0007 0004 1666596259573180 -403.625 -71.0 1.7855536370988863 3 
0007 0014 1666596259574956 -121.25 -67.0 5.9088939949354895 3 
0007 0014 1666596259676521 87.0625 -66.5 5.798447378207723 3 
0007 0008 1666596259677643 43.125 -60.5 5.66959299202533 3 
0007 0004 1666596259679578 -147.25 -70.5 1.4971652489763858 3 
0007 0004 1666596259776893 -104.125 -70.0 1.4603497100671303 3 
0007 0008 1666596259778173 -17.0625 -60.5 5.755495916146925 3 
0007 0014 1666596259781201 65.0625 -67.5 5.841398840268521 3 
0007 0014 1666596259879875 -74.0 -67.5 5.841398840268521 3 
0007 0008 1666596259880757 -43.125 -60.5 5.786175531904639 3 
0007 0004 1666596259884268 -147.25 -71.5 1.423534171157875 3 
0007 0008 1666596259984147 -21.9375 -60.5 5.712544454086128 3 
0007 0014 1666596259985926 -104.125 -66.5 6.007068765360171 3 
0007 0004 1666596259989669 -191.1875 -70.5 1.576932249946439 3 
0007 0014 1666596260087331 82.1875 -66.5 5.743224069843841 3 
0007 0004 1666596260089790 -87.0625 -70.5 1.5033011721279284 3 
0007 0008 1666596260091952 -56.125 -61.0 5.767767762450011 3 
0007 0004 1666596260188787 -65.0625 -70.5 1.4787574795217582 3 
0007 0014 1666596260191487 160.3125 -67.0 5.651185222570702 3 
0007 0008 1666596260193517 56.125 -60.5 5.589825991055276 3 
0007 0008 1666596260291533 -21.9375 -61.0 5.589825991055276 3 
0007 0004 1666596260294951 -82.1875 -72.5 1.4419419406125027 3 
0007 0014 1666596260297299 -126.125 -67.5 5.878214379177777 3 
0007 0008 1666596260397986 -39.0 -61.0 5.5100589900852235 3 
0007 0004 1666596260399239 -48.0 -71.0 1.4296700943094176 3 
0007 0014 1666596260400108 78.0625 -67.5 5.822991070813893 3 
0007 0014 1666596260508982 8.9375 -66.0 6.1850105367549055 3 
0007 0008 1666596260510120 -61.0 -58.5 5.6143696836614465 3 
0007 0004 1666596260513442 8.9375 -67.0 1.5707963267948966 3 
0007 0015 1666596260540262 4.0625 -70.5 4.381049130201391 3 
0007 0014 1666596260617834 -34.9375 -67.0 0.32520392703175593 3 
0007 0015 1666596260620724 -39.0 -64.5 6.264777537724958 3 
0007 0006 1666596260621622 -269.3125 -71.5 4.368777283898306 3 
0007 0008 1666596260623012 -17.0625 -57.0 5.829126993965437 3 
0007 0004 1666596260624167 74.0 -62.5 1.8960002538266525 3 
0007 0005 1666596260626338 195.25 -71.0 3.822680123411018 3 
0007 0005 1666596260722708 -82.1875 -67.5 4.595806440505381 3 
0007 0004 1666596260725776 -48.0 -67.5 3.2213596545598464 3 
0007 0014 1666596260726716 143.1875 -68.5 0.1902136176978195 3 
0007 0015 1666596260729004 0.0 -62.0 5.497787143782138 3 
0007 0009 1666596260738827 -13.0 -74.0 4.227651051412827 3 
0007 0008 1666596260785962 3.3125 -68.5 1.5278448647340985 3 
0007 0010 1666596260841436 21.9375 -71.5 5.620505606812989 3 
0007 0015 1666596260842363 30.0625 -63.0 4.9394181369917645 3 
0007 0014 1666596260845442 4.0625 -64.0 0.06135923151542565 3 
0007 0004 1666596260846584 -39.0 -62.5 0.2454369260617026 3 
0007 0009 1666596260847468 -303.5 -71.0 4.589670517353839 3 
0007 0008 1666596260848403 -8.9375 -56.5 4.693981210930062 3 
0007 0011 1666596260855928 0.0 -72.0 5.893554187056633 3 
0007 0004 1666596260947771 -48.0 -60.5 1.2026409377023426 3 
0007 0010 1666596260949777 30.0625 -61.0 0.9694758579437253 3 
0007 0011 1666596260950675 17.0625 -63.5 3.816544200259475 3 
0007 0007 1666596260952509 -152.125 -72.5 4.7307967498393175 3 
0007 0008 1666596260953447 -95.1875 -66.5 4.908738521234052 3 
0007 0014 1666596260954813 -87.0625 -63.5 6.074563920027139 3 
0007 0015 1666596260955952 21.9375 -63.5 4.9823695990525625 3 
0007 0009 1666596260998987 3.8125 -74.0 6.086835766330224 3 
0007 0001 1666596261060926 0.875 -78.0 1.9819031779482483 3 
0007 0010 1666596261068417 21.9375 -61.5 2.9513790358919736 3 
0007 0015 1666596261069315 -100.0625 -63.5 5.338253141842031 3 
0007 0008 1666596261071288 4.0625 -61.0 4.215379205109742 3 
0007 0014 1666596261072951 21.9375 -64.5 5.626641529964532 3 
0007 0004 1666596261074116 4.0625 -63.5 3.650874275167826 3 
0007 0005 1666596261078008 -8.9375 -66.0 6.117515382087937 3 
0007 0009 1666596261078921 82.1875 -67.5 0.9940195505498954 3 
0007 0001 1666596261100606 -4.875 -77.5 5.252350217720435 3 
0007 0008 1666596261179795 -4.0625 -61.5 4.921010367537137 3 
0007 0015 1666596261181288 0.0 -62.0 4.988505522204105 3 
0007 0004 1666596261183281 4.0625 -58.5 4.196971435655114 3 
0007 0010 1666596261185315 -21.9375 -63.5 4.970097752749477 3 
0007 0014 1666596261186848 -117.125 -63.5 5.602097837358362 3 
0007 0005 1666596261187731 -52.0625 -60.0 5.816855147662351 3 
0007 0013 1666596261208663 12.9375 -79.0 4.295146206079795 3 
0007 0007 1666596261213419 27.5625 -74.5 5.056000676871073 3 
0007 0006 1666596261285859 -1.0625 -71.5 1.2455923997631406 3 
0007 0004 1666596261301056 -13.0 -60.0 3.9638063558964967 3 
0007 0006 1666596261301994 70.75 -69.0 4.411728745959104 3 
0007 0013 1666596261304768 -269.3125 -72.0 5.540738605842936 3 
0007 0010 1666596261306969 -104.125 -67.0 6.209554229361076 3 
0007 0014 1666596261308244 43.125 -63.0 5.178719139901925 3 
0007 0007 1666596261309158 295.375 -71.5 1.564660403643354 3 
0007 0005 1666596261310068 -30.0625 -58.5 5.289165756629691 3 
0007 0015 1666596261311321 -21.9375 -62.0 4.71238898038469 3 
0007 0011 1666596261326218 30.5 -67.0 5.5622143368733346 3 
0007 0012 1666596261338981 -7.3125 -76.5 0.5645049299419159 3 
0007 0002 1666596261355568 8.0625 -77.5 0.0 3 
0007 0014 1666596261428860 -117.125 -63.5 5.3627968344482015 3 
0007 0015 1666596261429761 52.0625 -62.0 4.663301595172349 3 
0007 0013 1666596261432278 39.0 -66.0 0.16566992509164924 3 
0007 0006 1666596261433656 -118.75 -67.0 5.141903600992669 3 
0007 0011 1666596261435917 21.9375 -64.0 0.030679615757712823 3 
0007 0005 1666596261436814 -17.0625 -57.5 5.031456984264903 3 
0007 0004 1666596261439087 26.0 -62.0 3.810408277107933 3 
0007 0012 1666596261447798 -21.9375 -73.5 3.859495662320273 3 
0007 0002 1666596261470694 34.125 -77.0 2.3439226438892597 3 
0007 0010 1666596261560091 0.4375 -73.5 5.608233760509904 3 
0007 0007 1666596261624824 6.5 -75.5 1.000155473701438 3 
0007 0006 1666596261634290 61.8125 -66.5 5.921165841238575 3 
0007 0014 1666596261636092 -21.9375 -63.5 5.50392306693368 3 
0007 0004 1666596261637018 26.0 -62.5 4.700117134081604 3 
0007 0013 1666596261637960 -13.0 -63.0 1.6137477888556946 3 
0007 0015 1666596261641628 4.0625 -61.5 4.884194828627882 3 
0007 0010 1666596261642556 -13.0 -71.0 3.129320807286708 3 
0007 0011 1666596261644260 26.0 -62.5 1.0369710126106935 3 
0007 0005 1666596261645185 21.9375 -61.0 6.111379458936394 3 
0007 0002 1666596261652705 -113.0625 -72.0 2.9329712664373457 3 
0007 0010 1666596261659668 99.6875 -72.0 5.970253226450915 3 
0007 0012 1666596261679988 -3.1875 -74.0 5.080544369477243 3 
0007 0008 1666596261695209 6.375 -76.5 2.945243112740431 3 
0007 0007 1666596261699612 4.0625 -74.5 4.804427827657828 3 
0007 0011 1666596261764194 21.9375 -61.5 1.2762720155208536 3 
0007 0013 1666596261765647 -8.9375 -62.5 1.718058482431918 3 
0007 0015 1666596261766545 -21.9375 -61.5 5.013049214810275 3 
0007 0004 1666596261769778 69.125 -63.0 5.270757987175063 3 
0007 0005 1666596261770974 -13.0 -60.5 0.04908738521234052 3 
0007 0010 1666596261772982 169.25 -69.0 3.141592653589793 3 
0007 0002 1666596261773894 260.375 -70.5 2.8286605728611223 3 
0007 0014 1666596261775010 0.0 -64.0 5.608233760509904 3 
0007 0012 1666596261775900 34.9375 -71.0 5.307573526084319 3 
0007 0007 1666596261776827 -56.125 -71.5 5.092816215780329 3 
0007 0006 1666596261777751 28.4375 -66.5 0.7547185476397354 3 
0007 0008 1666596261798820 0.0 -74.5 0.19634954084936207 3 
0007 0011 1666596261884669 69.125 -62.0 1.368310862793992 3 
0007 0014 1666596261886914 -82.1875 -63.5 5.688000761479957 3 
0007 0010 1666596261888659 4.0625 -69.5 3.497476196379262 3 
0007 0005 1666596261889840 -34.9375 -60.5 0.18407769454627693 3 
0007 0015 1666596261890681 -8.9375 -61.5 5.043728830567988 3 
0007 0012 1666596261891651 8.9375 -69.5 5.375068680751287 3 
0007 0004 1666596261893060 104.125 -63.5 5.375068680751287 3 
0007 0002 1666596261896128 -95.1875 -69.5 3.6140587362585705 3 
0007 0006 1666596261897183 -156.1875 -66.0 1.533980787885641 3 
0007 0013 1666596261898383 -30.0625 -62.5 1.6321555583103222 3 
0007 0007 1666596261899282 -17.0625 -70.5 5.111223985234957 3 
0007 0008 1666596261900549 169.25 -71.5 0.09203884727313846 3 
0007 0004 1666596261997938 -69.125 -64.0 5.780039608753096 3 
0007 0005 1666596261999246 -13.0 -60.5 0.15339807878856412 3 
0007 0012 1666596262000469 -17.0625 -69.5 5.559146375297564 3 
0007 0010 1666596262001623 -91.125 -69.5 3.7122335066832517 3 
0007 0013 1666596262002521 -17.0625 -62.0 1.7732817907958012 3 
0007 0015 1666596262003746 -30.0625 -62.0 5.074408446325701 3 
0007 0014 1666596262004940 -121.25 -63.5 5.786175531904639 3 
0007 0007 1666596262006107 87.0625 -70.5 5.344389064993574 3 
0007 0011 1666596262007021 -74.0 -62.0 1.5953400194010667 3 
0007 0008 1666596262008798 247.375 -70.5 0.3620194659410113 3 
0007 0006 1666596262009647 33.3125 -65.5 1.6382914814618648 3 
0007 0002 1666596262010543 -17.0625 -69.5 3.77972866135022 3 
0007 0007 1666596262110259 -4.0625 -71.0 5.368932757599744 3 
0007 0006 1666596262112514 -90.3125 -65.5 2.055534255766759 3 
0007 0014 1666596262113466 -91.125 -64.0 5.737088146692298 3 
0007 0013 1666596262114395 61.0 -62.0 1.7426021750380885 3 
0007 0012 1666596262115493 152.125 -69.0 5.448699758569798 3 
0007 0011 1666596262116630 -65.0625 -62.0 1.7119225592803755 3 
0007 0008 1666596262120144 69.125 -71.5 0.5829126993965437 3 
0007 0005 1666596262121022 0.0 -60.5 0.2638446955163303 3 
0007 0002 1666596262122477 -191.1875 -68.5 4.09266074207889 3 
0007 0015 1666596262124636 4.0625 -62.5 5.00077736850719 3 
0007 0004 1666596262125564 65.0625 -64.0 5.620505606812989 3 
0007 0010 1666596262126620 -147.25 -69.0 3.822680123411018 3 
0007 0015 1666596262223903 -217.25 -62.0 5.338253141842031 3 
0007 0008 1666596262224840 173.3125 -72.0 0.6013204688511713 3 
0007 0007 1666596262226576 -108.1875 -71.5 5.368932757599744 3 
0007 0012 1666596262227715 -108.1875 -68.5 5.8045833013592665 3 
0007 0006 1666596262228623 90.3125 -65.5 1.9941750242513334 3 
0007 0013 1666596262229507 -21.9375 -61.5 1.9266798695843652 3 
0007 0004 1666596262230633 -95.1875 -64.0 5.896622148632405 3 
0007 0014 1666596262231571 -39.0 -64.0 5.700272607783043 3 
0007 0010 1666596262232512 17.0625 -69.0 3.6570101983193686 3 
0007 0005 1666596262233676 0.0 -60.5 0.2638446955163303 3 
0007 0011 1666596262234865 -143.1875 -62.0 1.8100973297050567 3 
0007 0002 1666596262235990 -61.0 -70.0 4.0128937411088375 3 
0007 0013 1666596262335587 43.125 -61.5 1.9389517158874505 3 
0007 0011 1666596262336499 8.9375 -62.5 1.6812429435226628 3 
0007 0008 1666596262345118 160.3125 -70.5 0.6933593161243098 3 
0007 0014 1666596262347036 -26.0 -63.5 5.675728915176872 3 
0007 0010 1666596262350201 -143.1875 -69.0 4.1172044346850605 3 
0007 0006 1666596262351138 -61.8125 -65.0 2.3746022596469727 3 
0007 0007 1666596262352023 43.125 -71.5 5.681864838328415 3 
0007 0004 1666596262352950 -61.0 -64.5 5.792311455056181 3 
0007 0005 1666596262353862 -48.0 -60.5 0.5890486225480862 3 
0007 0002 1666596262355467 -126.125 -70.5 4.025165587411922 3 
0007 0015 1666596262357074 -173.3125 -62.0 5.289165756629691 3 
0007 0012 1666596262358612 -126.125 -69.0 6.277049384028044 3 
0007 0012 1666596262456858 -117.125 -69.0 0.05522330836388308 3 
0007 0005 1666596262457727 13.0 -61.0 0.5276893910326605 3 
0007 0011 1666596262459176 139.125 -62.0 1.718058482431918 3 
0007 0007 1666596262460347 143.1875 -72.5 5.5284667595398505 3 
0007 0010 1666596262462236 -34.9375 -68.5 4.1601558967458585 3 
0007 0013 1666596262463701 26.0 -62.0 2.3746022596469727 3 
0007 0006 1666596262466131 241.6875 -66.0 2.0923497946760143 3 
0007 0015 1666596262467722 56.125 -62.0 4.908738521234052 3 
0007 0014 1666596262471159 -100.0625 -64.0 5.8045833013592665 3 
0007 0002 1666596262473276 21.9375 -69.0 3.663146121470911 3 
0007 0008 1666596262474472 39.0 -69.5 0.6381360077604268 3 
0007 0004 1666596262475355 -56.125 -64.0 5.66959299202533 3 
0007 0012 1666596262572632 34.9375 -68.5 6.111379458936394 3 
0007 0008 1666596262574310 30.0625 -70.5 0.5951845456996288 3 
0007 0004 1666596262575760 21.9375 -65.0 5.626641529964532 3 
0007 0015 1666596262576915 -30.0625 -61.5 5.092816215780329 3 
0007 0011 1666596262578071 104.125 -61.5 1.705786636128833 3 
0007 0010 1666596262579451 -43.125 -69.0 4.178563666200486 3 
0007 0013 1666596262580595 -91.125 -61.5 2.5954954931025047 3 
0007 0006 1666596262581987 -117.125 -65.5 2.5341362615870793 3 
0007 0014 1666596262583424 117.125 -64.0 5.516194913236766 3 
0007 0005 1666596262585042 48.0 -60.5 0.44178646691106466 3 
0007 0002 1666596262586906 -191.1875 -68.0 3.730641276137879 3 
0007 0007 1666596262590929 17.0625 -71.0 5.534602682691394 3 
0007 0015 1666596262688889 -113.0625 -62.0 5.184855063053467 3 
0007 0013 1666596262690144 39.0 -61.0 2.650718801466388 3 
0007 0014 1666596262691054 13.0 -64.0 5.64504929941916 3 
0007 0006 1666596262692178 173.3125 -66.0 1.9941750242513334 3 
0007 0012 1666596262693090 30.0625 -69.5 6.160466844148735 3 
0007 0005 1666596262694483 -8.9375 -60.5 0.4172427743048944 3 
0007 0011 1666596262695654 -78.0625 -62.0 1.859184714917397 3 
0007 0004 1666596262696521 21.9375 -64.5 5.497787143782138 3 
0007 0010 1666596262697662 13.0 -68.0 4.06811704947272 3 
0007 0007 1666596262698619 -74.0 -71.0 5.6941366846315 3 
0007 0008 1666596262699486 8.9375 -70.0 0.607456392002714 3 
0007 0002 1666596262701066 78.0625 -68.5 3.5833791205008576 3 
0007 0010 1666596262800256 -17.0625 -68.0 4.061981126321178 3 
0007 0013 1666596262801769 -8.9375 -60.5 2.7857091108003242 3 
0007 0015 1666596262803163 -13.0 -61.5 4.994641445355648 3 
0007 0014 1666596262804075 13.0 -63.5 5.608233760509904 3 
0007 0011 1666596262804975 -39.0 -62.5 1.748738098189631 3 
0007 0004 1666596262806594 -30.0625 -64.5 5.497787143782138 3 
0007 0002 1666596262807504 -100.0625 -68.0 3.6999616603801666 3 
0007 0006 1666596262808909 -104.125 -65.5 2.2518837966161214 3 
0007 0005 1666596262810073 4.0625 -60.5 0.30679615757712825 3 
0007 0008 1666596262811866 91.125 -71.0 0.34974761963792617 3 
0007 0012 1666596262813411 0.0 -68.5 6.117515382087937 3 
0007 0007 1666596262814742 -43.125 -70.0 5.589825991055276 3 
0007 0004 1666596262911687 -217.25 -64.0 5.638913376267617 3 
0007 0012 1666596262913621 -61.0 -68.5 6.19728238305799 3 
0007 0005 1666596262915070 48.0 -60.5 0.28838838812250056 3 
0007 0008 1666596262915994 17.0625 -72.5 0.3374757733348411 3 
0007 0002 1666596262918380 -104.125 -68.5 3.650874275167826 3 
0007 0014 1666596262919317 30.0625 -64.5 5.559146375297564 3 
0007 0011 1666596262921374 -8.9375 -62.5 1.6260196351587797 3 
0007 0013 1666596262922888 13.0 -60.5 2.6813984172241008 3 
0007 0006 1666596262923754 -4.875 -65.5 2.073942025221387 3 
0007 0015 1666596262924895 30.0625 -61.5 4.97623367590102 3 
0007 0010 1666596262925906 8.9375 -68.5 3.9638063558964967 3 
0007 0007 1666596262926791 82.1875 -71.5 5.3198453723874035 3 
0007 0014 1666596263023771 -21.9375 -64.0 5.602097837358362 3 
0007 0004 1666596263025792 -65.0625 -63.5 5.442563835418255 3 
0007 0015 1666596263026690 -52.0625 -62.0 5.105088062083414 3 
0007 0002 1666596263027546 -208.3125 -68.5 3.785864584501762 3 
0007 0006 1666596263028454 -34.9375 -65.0 2.172116795646068 3 
0007 0013 1666596263029381 -8.9375 -60.0 2.724349879284899 3 
0007 0008 1666596263030735 238.4375 -72.5 0.18407769454627693 3 
0007 0005 1666596263032566 -26.0 -60.5 0.35588354278946877 3 
0007 0011 1666596263033465 69.125 -62.5 1.5278448647340985 3 
0007 0012 1666596263035469 -8.9375 -69.5 6.135923151542564 3 
0007 0010 1666596263037220 13.0 -67.5 4.000621894805752 3 
0007 0007 1666596263038207 212.375 -71.5 5.375068680751287 3 
0007 0015 1666596263138696 0.0 -62.0 4.963961829597935 3 
0007 0002 1666596263139628 -121.25 -68.0 3.761320891895592 3 
0007 0004 1666596263141050 69.125 -64.0 5.356660911296659 3 
0007 0011 1666596263141949 21.9375 -62.5 1.5830681730979816 3 
0007 0013 1666596263142850 17.0625 -60.5 2.761165418194154 3 
0007 0010 1666596263144121 130.1875 -68.0 4.129476280988146 3 
0007 0007 1666596263145203 21.9375 -70.5 5.4671075280244255 3 
0007 0006 1666596263148528 18.6875 -65.5 2.1966604882522383 3 
0007 0005 1666596263149542 21.9375 -60.5 0.37429131224409645 3 
0007 0014 1666596263151598 -26.0 -64.0 5.688000761479957 3 
0007 0012 1666596263153151 -17.0625 -69.5 6.166602767300278 3 
0007 0008 1666596263156693 82.1875 -71.5 0.17794177139473438 3 
0007 0006 1666596263253322 82.1875 -65.5 2.0064468705544187 3 
0007 0014 1666596263254985 -43.125 -64.5 5.712544454086128 3 
0007 0012 1666596263256452 87.0625 -69.5 6.056156150572511 3 
0007 0010 1666596263257379 -82.1875 -67.5 4.301282129231338 3 
0007 0015 1666596263258547 -108.1875 -61.0 5.117359908386499 3 
0007 0013 1666596263259475 -4.0625 -60.5 2.804116880254952 3 
0007 0004 1666596263261829 -21.9375 -64.0 5.516194913236766 3 
0007 0005 1666596263263807 61.0 -60.0 0.35588354278946877 3 
0007 0011 1666596263264918 -13.0 -62.0 1.6444274046134073 3 
0007 0008 1666596263266055 8.9375 -71.5 0.25157284921324513 3 
0007 0007 1666596263266971 -104.125 -71.0 5.45483568172134 3 
0007 0002 1666596263270981 -74.0 -68.5 3.767456815047135 3 
0007 0006 1666596263368297 26.0 -66.0 2.2089323345553233 3 
0007 0005 1666596263370257 -8.9375 -60.5 0.5645049299419159 3 
0007 0004 1666596263371113 -87.0625 -63.5 5.688000761479957 3 
0007 0007 1666596263372011 74.0 -70.5 5.565282298449106 3 
0007 0015 1666596263373151 -30.0625 -61.5 5.019185137961818 3 
0007 0002 1666596263374318 -269.3125 -70.0 4.031301510563465 3 
0007 0013 1666596263375231 -39.0 -61.0 2.8102528034064944 3 
0007 0014 1666596263376352 8.9375 -64.0 5.6573211457222445 3 
0007 0011 1666596263377523 -34.9375 -62.0 1.6935147898257479 3 
0007 0010 1666596263379783 -87.0625 -68.0 4.356505437595221 3 
0007 0012 1666596263381023 -130.1875 -68.5 0.0674951546669682 3 
0007 0008 1666596263382797 191.1875 -70.5 0.28838838812250056 3 
0007 0013 1666596263479245 -17.0625 -61.0 2.724349879284899 3 
0007 0014 1666596263481092 78.0625 -64.5 5.5714182216006485 3 
0007 0008 1666596263483349 -21.9375 -71.5 0.5460971604872883 3 
0007 0015 1666596263484618 17.0625 -61.0 5.00077736850719 3 
0007 0002 1666596263485771 152.125 -68.5 3.6140587362585705 3 
0007 0012 1666596263487227 4.0625 -68.0 0.02454369260617026 3 
0007 0005 1666596263488157 -34.9375 -61.0 0.7117670855789375 3 
0007 0011 1666596263489412 26.0 -62.5 1.7303303287350031 3 
0007 0007 1666596263490341 -52.0625 -70.5 5.896622148632405 3 
0007 0006 1666596263491222 -113.875 -65.5 2.411417798556228 3 
0007 0004 1666596263492146 -30.0625 -63.5 5.712544454086128 3 
0007 0010 1666596263493202 -134.25 -67.5 4.528311285838413 3 
