0007 0004 1666597294357505 82.1875 -69.5 1.41126232485479 5 
0007 0014 1666597294358629 -104.125 -63.0 1.6321555583103222 5 
0007 0008 1666597294360245 -8.9375 -57.5 5.602097837358362 5 
0007 0010 1666597294361118 -165.1875 -65.0 5.939573610693203 5 
0007 0015 1666597294362513 48.0 -62.0 1.282407938672396 5 
0007 0000 1666597294364163 -78.0625 -67.5 1.184233168247715 5 
0007 0009 1666597294387944 1.625 -75.5 0.4049709280018093 5 
0007 0008 1666597294470042 -21.9375 -57.5 5.620505606812989 5 
0007 0014 1666597294470968 -26.0 -62.5 1.5155730184310134 5 
0007 0010 1666597294474870 69.125 -65.0 5.626641529964532 5 
0007 0015 1666597294476007 -8.9375 -62.0 1.3989904785517047 5 
0007 0000 1666597294477190 -56.125 -66.5 1.141281706186917 5 
0007 0004 1666597294478973 -178.1875 -68.5 1.5401167110371838 5 
0007 0009 1666597294504176 -9.75 -75.0 0.37429131224409645 5 
0007 0015 1666597294582692 39.0 -62.0 1.3192234775816514 5 
0007 0014 1666597294584881 52.0625 -63.0 1.4726215563702154 5 
0007 0010 1666597294586149 91.125 -66.0 5.565282298449106 5 
0007 0000 1666597294587387 69.125 -67.5 1.0369710126106935 5 
0007 0008 1666597294588311 -95.1875 -57.5 5.6941366846315 5 
0007 0004 1666597294589209 61.0 -69.5 1.3867186322486196 5 
0007 0009 1666597294610279 -10.5 -75.0 0.4111068511533518 5 
0007 0014 1666597294694188 78.0625 -62.5 1.4419419406125027 5 
0007 0015 1666597294695385 26.0 -62.0 1.3621749396424494 5 
0007 0008 1666597294698593 -74.0 -57.5 5.66959299202533 5 
0007 0010 1666597294701003 0.0 -65.5 5.71868037723767 5 
0007 0004 1666597294702049 87.0625 -69.0 1.3069516312785663 5 
0007 0000 1666597294703422 0.0 -68.0 1.1719613219446299 5 
0007 0009 1666597294730521 -12.9375 -74.5 0.380427235395639 5 
0007 0004 1666597294812348 34.9375 -69.5 1.6505633277649499 5 
0007 0014 1666597294815083 0.0 -62.5 1.5401167110371838 5 
0007 0010 1666597294817095 -56.125 -65.5 5.651185222570702 5 
0007 0000 1666597294818077 -48.0 -67.5 1.239456476611598 5 
0007 0008 1666597294818988 -30.0625 -57.5 5.602097837358362 5 
0007 0015 1666597294819915 21.9375 -61.5 1.3560390164909069 5 
0007 0009 1666597294840534 -1.625 -75.0 0.42337869745643697 5 
0007 0010 1666597294924568 -30.0625 -65.5 5.71868037723767 5 
0007 0015 1666597294925730 0.0 -61.5 1.3499030933393643 5 
0007 0004 1666597294927795 -121.25 -70.0 1.7978254834019713 5 
0007 0008 1666597294928704 -26.0 -57.5 5.663457068873787 5 
0007 0000 1666597294929856 -34.9375 -67.0 1.141281706186917 5 
0007 0014 1666597294931517 8.9375 -62.5 1.4787574795217582 5 
0007 0009 1666597294936643 -286.4375 -74.0 0.4540583132141498 5 
0007 0015 1666597295035456 39.0 -62.0 1.3192234775816514 5 
0007 0014 1666597295037006 -30.0625 -62.5 1.576932249946439 5 
0007 0008 1666597295038182 -65.0625 -57.5 5.755495916146925 5 
0007 0000 1666597295039318 -34.9375 -67.5 1.2455923997631406 5 
0007 0004 1666597295040217 -52.0625 -69.0 1.4787574795217582 5 
0007 0009 1666597295042347 69.125 -72.5 0.14112623248547898 5 
0007 0010 1666597295043274 91.125 -65.0 5.516194913236766 5 
0007 0000 1666597295141841 169.25 -67.5 0.9081166264282996 5 
0007 0004 1666597295142989 -4.0625 -69.5 1.5707963267948966 5 
0007 0015 1666597295144142 -8.9375 -61.5 1.3928545554001621 5 
0007 0010 1666597295145014 -61.0 -65.0 5.681864838328415 5 
0007 0008 1666597295146660 -30.0625 -57.5 5.66959299202533 5 
0007 0014 1666597295148249 -8.9375 -62.5 1.5155730184310134 5 
0007 0009 1666597295154248 8.9375 -72.0 0.2699806186678728 5 
0007 0015 1666597295253095 48.0 -61.5 1.3621749396424494 5 
0007 0008 1666597295254059 0.0 -57.5 5.589825991055276 5 
0007 0010 1666597295254905 -17.0625 -65.0 5.675728915176872 5 
0007 0004 1666597295256541 -126.125 -69.0 1.6444274046134073 5 
0007 0014 1666597295257421 21.9375 -62.5 1.5278448647340985 5 
0007 0000 1666597295260306 21.9375 -67.5 1.000155473701438 5 
0007 0009 1666597295265351 403.625 -75.0 5.9518454569962875 5 
0007 0008 1666597295363650 0.0 -57.0 5.638913376267617 5 
0007 0015 1666597295365415 4.0625 -61.5 1.4051264017032472 5 
0007 0014 1666597295367166 87.0625 -62.0 1.4480778637640452 5 
0007 0010 1666597295369554 -8.9375 -65.0 5.675728915176872 5 
0007 0000 1666597295370794 34.9375 -67.5 1.086058397823034 5 
0007 0004 1666597295371919 -61.0 -69.0 1.6137477888556946 5 
0007 0009 1666597295375977 -117.125 -73.0 0.17794177139473438 5 
0007 0008 1666597295473102 -21.9375 -57.0 5.638913376267617 5 
0007 0000 1666597295474242 91.125 -67.5 0.9510680884890975 5 
0007 0015 1666597295475209 4.0625 -62.0 1.3744467859455345 5 
0007 0010 1666597295476122 8.9375 -65.0 5.608233760509904 5 
0007 0014 1666597295482283 -39.0 -62.5 1.5278448647340985 5 
0007 0004 1666597295483238 104.125 -68.5 1.3192234775816514 5 
0007 0009 1666597295485636 270.125 -73.5 6.12365130523948 5 
0007 0010 1666597295582316 -4.0625 -65.0 5.620505606812989 5 
0007 0004 1666597295583216 178.1875 -68.5 1.3499030933393643 5 
0007 0014 1666597295585659 -69.125 -62.5 1.6505633277649499 5 
0007 0015 1666597295586610 0.0 -62.0 1.4296700943094176 5 
0007 0008 1666597295588277 -43.125 -57.0 5.688000761479957 5 
0007 0000 1666597295591486 -78.0625 -67.5 1.1351457830353744 5 
0007 0009 1666597295608258 47.5625 -75.0 0.021475731030398976 5 
0007 0015 1666597295696932 39.0 -61.5 1.3314953238847365 5 
0007 0004 1666597295698438 -8.9375 -68.5 1.5033011721279284 5 
0007 0014 1666597295699562 34.9375 -63.5 1.4910293258248433 5 
0007 0000 1666597295701197 130.1875 -67.0 1.0492428589137786 5 
0007 0008 1666597295702604 -17.0625 -57.5 5.620505606812989 5 
0007 0010 1666597295704025 -34.9375 -66.0 5.663457068873787 5 
0007 0009 1666597295729921 -1.625 -75.5 0.0674951546669682 5 
0007 0008 1666597295809880 -69.125 -57.5 5.749359992995383 5 
0007 0015 1666597295811249 -61.0 -62.5 1.4603497100671303 5 
0007 0000 1666597295812390 -69.125 -67.0 1.2946797849754812 5 
0007 0014 1666597295816435 39.0 -63.0 1.5033011721279284 5 
0007 0010 1666597295818368 -30.0625 -65.0 5.651185222570702 5 
0007 0004 1666597295819636 -8.9375 -69.0 1.6751070203711202 5 
0007 0009 1666597295846008 27.5625 -74.5 3.172272269347506 5 
0007 0000 1666597295920574 -87.0625 -67.5 1.2455923997631406 5 
0007 0004 1666597295921997 182.25 -70.0 1.325359400733194 5 
0007 0008 1666597295924765 -26.0 -57.5 5.6573211457222445 5 
0007 0014 1666597295925773 -4.0625 -63.0 1.509437095279471 5 
0007 0010 1666597295927792 -121.25 -65.5 5.8659425328746915 5 
0007 0015 1666597295928886 30.0625 -61.5 1.337631247036279 5 
0007 0009 1666597295949982 7.3125 -75.0 0.19634954084936207 5 
0007 0010 1666597296032512 65.0625 -65.5 5.5714182216006485 5 
0007 0015 1666597296033905 -34.9375 -62.0 1.3989904785517047 5 
0007 0004 1666597296034832 65.0625 -69.5 1.4358060174609601 5 
0007 0014 1666597296035713 -17.0625 -63.0 1.5892040962495242 5 
0007 0008 1666597296037361 -21.9375 -57.5 5.6143696836614465 5 
0007 0000 1666597296040983 -34.9375 -68.0 1.2026409377023426 5 
0007 0009 1666597296065590 -16.3125 -76.0 0.3374757733348411 5 
0007 0008 1666597296146744 -43.125 -57.5 5.651185222570702 5 
0007 0000 1666597296147614 -134.25 -68.5 1.3069516312785663 5 
0007 0014 1666597296149589 39.0 -63.0 1.4971652489763858 5 
0007 0010 1666597296151224 -26.0 -65.5 5.6573211457222445 5 
0007 0015 1666597296152976 87.0625 -61.5 1.325359400733194 5 
0007 0004 1666597296154340 295.375 -69.0 1.0799224746714913 5 
0007 0009 1666597296181934 3.1875 -75.5 0.25157284921324513 5 
0007 0008 1666597296261703 17.0625 -58.0 5.546874528994478 5 
0007 0010 1666597296263128 -100.0625 -65.5 5.700272607783043 5 
0007 0014 1666597296265324 0.0 -62.5 1.552388557340269 5 
0007 0015 1666597296267149 26.0 -61.5 1.3560390164909069 5 
0007 0000 1666597296272907 87.0625 -66.5 1.0983302441261191 5 
0007 0004 1666597296273819 -26.0 -70.0 1.41126232485479 5 
0007 0009 1666597296303243 17.0625 -74.5 3.3747577333484107 5 
0007 0014 1666597296388578 30.0625 -62.5 1.5155730184310134 5 
0007 0015 1666597296391433 52.0625 -62.0 1.337631247036279 5 
0007 0004 1666597296392332 221.3125 -69.0 1.2946797849754812 5 
0007 0008 1666597296393979 -48.0 -57.5 5.64504929941916 5 
0007 0010 1666597296394877 61.0 -65.5 5.522330836388308 5 
0007 0000 1666597296398245 87.0625 -68.0 1.0492428589137786 5 
0007 0009 1666597296418108 -0.75 -75.5 0.4111068511533518 5 
0007 0015 1666597296503257 4.0625 -61.0 1.4419419406125027 5 
0007 0010 1666597296504540 13.0 -66.0 5.638913376267617 5 
0007 0004 1666597296505695 121.25 -69.5 1.2946797849754812 5 
0007 0008 1666597296506832 -30.0625 -57.5 5.6143696836614465 5 
0007 0014 1666597296507701 56.125 -62.5 1.4971652489763858 5 
0007 0000 1666597296508628 -26.0 -67.0 1.2946797849754812 5 
0007 0009 1666597296536456 14.625 -74.5 0.5154175447295755 5 
0007 0014 1666597296612691 -17.0625 -62.0 1.576932249946439 5 
0007 0004 1666597296616592 -13.0 -71.0 1.5033011721279284 5 
0007 0008 1666597296618087 -56.125 -57.5 5.675728915176872 5 
0007 0000 1666597296619268 -139.125 -67.0 1.4910293258248433 5 
0007 0010 1666597296620195 -65.0625 -65.0 5.7616318392984684 5 
0007 0015 1666597296623218 26.0 -61.5 1.380582709097077 5 
0007 0009 1666597296644194 -15.375 -75.5 0.6381360077604268 5 
0007 0008 1666597296735520 -13.0 -58.0 5.64504929941916 5 
0007 0004 1666597296738497 147.25 -69.5 1.3069516312785663 5 
0007 0010 1666597296739858 -17.0625 -65.0 5.743224069843841 5 
0007 0014 1666597296740841 48.0 -62.5 1.509437095279471 5 
0007 0015 1666597296742193 56.125 -62.0 1.3560390164909069 5 
0007 0000 1666597296743968 39.0 -67.0 1.2026409377023426 5 
0007 0009 1666597296761202 -14.1875 -75.0 0.6872233929727672 5 
0007 0004 1666597296844349 100.0625 -70.0 1.41126232485479 5 
0007 0015 1666597296846324 8.9375 -61.5 1.4480778637640452 5 
0007 0000 1666597296848652 -52.0625 -66.5 1.4296700943094176 5 
0007 0008 1666597296849823 -34.9375 -57.5 5.712544454086128 5 
0007 0014 1666597296850692 52.0625 -62.5 1.564660403643354 5 
0007 0010 1666597296851872 13.0 -65.0 5.71868037723767 5 
0007 0009 1666597296867595 -4.875 -75.5 0.6872233929727672 5 
0007 0014 1666597296953961 61.0 -62.5 1.4787574795217582 5 
0007 0010 1666597296955741 -108.1875 -65.5 5.872078456026235 5 
0007 0008 1666597296957246 8.9375 -57.5 5.6573211457222445 5 
0007 0000 1666597296958640 -17.0625 -66.5 1.4358060174609601 5 
0007 0015 1666597296960277 87.0625 -61.0 1.3621749396424494 5 
0007 0004 1666597296961812 -65.0625 -70.0 1.6382914814618648 5 
0007 0009 1666597296989432 3.1875 -75.5 0.5276893910326605 5 
0007 0000 1666597297067665 -95.1875 -66.5 1.5707963267948966 5 
0007 0004 1666597297068906 52.0625 -68.5 1.5585244804918115 5 
0007 0008 1666597297071404 -39.0 -57.5 5.743224069843841 5 
0007 0010 1666597297074168 -56.125 -65.5 5.780039608753096 5 
0007 0014 1666597297075064 -56.125 -62.5 1.6444274046134073 5 
0007 0015 1666597297076729 52.0625 -61.5 1.4480778637640452 5 
0007 0009 1666597297100645 6.5 -74.0 0.521553467881118 5 
0007 0014 1666597297182921 -17.0625 -62.0 1.6260196351587797 5 
0007 0000 1666597297184234 52.0625 -66.0 1.41126232485479 5 
0007 0015 1666597297186238 8.9375 -61.5 1.4480778637640452 5 
0007 0008 1666597297187375 8.9375 -57.5 5.6941366846315 5 
0007 0004 1666597297188261 121.25 -69.0 1.3989904785517047 5 
0007 0010 1666597297190282 34.9375 -65.0 5.712544454086128 5 
0007 0009 1666597297218875 -17.6875 -75.5 0.4908738521234052 5 
0007 0015 1666597297296309 43.125 -61.0 1.3867186322486196 5 
0007 0008 1666597297297218 13.0 -57.5 5.700272607783043 5 
0007 0014 1666597297298086 21.9375 -62.5 1.6137477888556946 5 
0007 0000 1666597297301537 -48.0 -67.5 1.4787574795217582 5 
0007 0010 1666597297303597 -4.0625 -64.5 5.773903685601553 5 
0007 0004 1666597297304921 -43.125 -69.5 1.6935147898257479 5 
0007 0009 1666597297328473 -0.75 -75.5 0.4111068511533518 5 
0007 0004 1666597297408064 191.1875 -69.0 1.6812429435226628 5 
0007 0008 1666597297409997 -39.0 -57.0 5.773903685601553 5 
0007 0000 1666597297413550 -108.1875 -67.5 1.509437095279471 5 
0007 0010 1666597297415129 139.125 -64.5 5.602097837358362 5 
0007 0015 1666597297419757 30.0625 -61.5 1.41126232485479 5 
0007 0014 1666597297420682 48.0 -62.0 1.509437095279471 5 
0007 0009 1666597297447224 7.3125 -75.5 0.2454369260617026 5 
0007 0010 1666597297526746 -56.125 -65.0 5.841398840268521 5 
0007 0008 1666597297528495 -34.9375 -57.0 5.841398840268521 5 
0007 0015 1666597297529607 69.125 -61.0 1.368310862793992 5 
0007 0000 1666597297530542 0.0 -67.5 1.4910293258248433 5 
0007 0014 1666597297533515 61.0 -63.0 1.4726215563702154 5 
0007 0004 1666597297535956 173.3125 -69.5 1.4848934026733007 5 
0007 0009 1666597297562704 41.5 -75.5 0.09817477042468103 5 
0007 0015 1666597297639493 17.0625 -61.0 1.4296700943094176 5 
0007 0010 1666597297641286 -17.0625 -65.0 5.749359992995383 5 
0007 0008 1666597297642818 13.0 -57.0 5.786175531904639 5 
0007 0014 1666597297643773 30.0625 -62.5 1.5462526341887264 5 
0007 0004 1666597297644700 -134.25 -69.0 1.8960002538266525 5 
0007 0000 1666597297645625 95.1875 -66.5 1.5707963267948966 5 
0007 0009 1666597297673795 16.3125 -75.0 0.2761165418194154 5 
0007 0015 1666597297749090 -34.9375 -61.0 1.5401167110371838 5 
0007 0014 1666597297751104 26.0 -62.5 1.4848934026733007 5 
0007 0010 1666597297753991 -121.25 -65.0 5.786175531904639 5 
0007 0008 1666597297755112 -21.9375 -57.0 5.859806609723149 5 
0007 0004 1666597297756154 -121.25 -69.5 1.945087639038993 5 
0007 0000 1666597297757065 -87.0625 -67.0 1.7671458676442586 5 
0007 0009 1666597297780365 7.3125 -75.0 3.429981041712294 5 
0007 0015 1666597297862364 13.0 -61.5 1.3989904785517047 5 
0007 0010 1666597297865512 -8.9375 -65.0 5.755495916146925 5 
0007 0014 1666597297866405 0.0 -62.5 1.5033011721279284 5 
0007 0000 1666597297867292 4.0625 -67.0 1.5585244804918115 5 
0007 0008 1666597297868192 26.0 -57.5 5.780039608753096 5 
0007 0004 1666597297869417 208.3125 -69.5 1.509437095279471 5 
0007 0009 1666597297896056 -1.625 -75.5 0.3313398501832985 5 
0007 0004 1666597297972450 169.25 -69.0 1.662835174068035 5 
0007 0000 1666597297974654 -82.1875 -67.5 1.7548740213411735 5 
0007 0008 1666597297976017 8.9375 -57.0 5.773903685601553 5 
0007 0014 1666597297977172 -156.1875 -63.0 1.7855536370988863 5 
0007 0015 1666597297978297 43.125 -61.5 1.3928545554001621 5 
0007 0010 1666597297979210 -34.9375 -65.0 5.767767762450011 5 
0007 0009 1666597297980134 26.0 -74.0 0.15339807878856412 5 
0007 0009 1666597298007227 0.75 -75.0 3.479068426924634 5 
0007 0000 1666597298087036 -26.0 -67.5 1.552388557340269 5 
0007 0014 1666597298089026 104.125 -62.5 1.4848934026733007 5 
0007 0010 1666597298089895 -30.0625 -65.0 5.810719224510809 5 
0007 0008 1666597298090776 -87.0625 -57.0 5.853670686571607 5 
0007 0015 1666597298092500 199.375 -61.0 1.3069516312785663 5 
0007 0004 1666597298093667 143.1875 -69.5 1.6014759425526093 5 
0007 0009 1666597298122100 -7.3125 -76.0 0.36815538909255385 5 
0007 0015 1666597298204589 -43.125 -61.0 1.4726215563702154 5 
0007 0009 1666597298205557 143.1875 -75.0 0.48473792897186263 5 
0007 0004 1666597298207175 8.9375 -69.0 1.6444274046134073 5 
0007 0000 1666597298209139 17.0625 -66.5 1.5892040962495242 5 
0007 0010 1666597298210066 -100.0625 -65.0 5.810719224510809 5 
0007 0014 1666597298211218 74.0 -62.5 1.4664856332186729 5 
0007 0008 1666597298212340 -39.0 -57.0 5.841398840268521 5 
0007 0015 1666597298309618 52.0625 -61.5 1.4051264017032472 5 
0007 0010 1666597298310529 100.0625 -65.0 5.608233760509904 5 
0007 0004 1666597298312478 178.1875 -69.5 1.5585244804918115 5 
0007 0000 1666597298314396 -74.0 -67.0 1.6689710972195777 5 
0007 0008 1666597298317768 -82.1875 -57.5 5.872078456026235 5 
0007 0014 1666597298319133 91.125 -63.0 1.4910293258248433 5 
0007 0009 1666597298320029 -182.25 -71.0 0.5951845456996288 5 
0007 0009 1666597298342635 14.625 -75.5 0.5583690067903734 5 
0007 0010 1666597298424504 -126.125 -65.0 5.8045833013592665 5 
0007 0015 1666597298425643 17.0625 -61.0 1.3989904785517047 5 
0007 0014 1666597298427315 0.0 -62.5 1.5892040962495242 5 
0007 0008 1666597298429819 -30.0625 -57.5 5.829126993965437 5 
0007 0004 1666597298432687 82.1875 -71.0 1.576932249946439 5 
0007 0000 1666597298434121 117.125 -66.5 1.509437095279471 5 
0007 0009 1666597298436149 104.125 -75.5 0.4479223900626072 5 
0007 0009 1666597298457910 -14.625 -75.0 0.6258641614573416 5 
0007 0000 1666597298537348 -13.0 -67.0 1.6260196351587797 5 
0007 0014 1666597298538232 -48.0 -62.5 1.5830681730979816 5 
0007 0008 1666597298540236 -17.0625 -57.5 5.786175531904639 5 
0007 0015 1666597298541405 34.9375 -61.0 1.3928545554001621 5 
0007 0004 1666597298543946 -69.125 -69.0 1.748738098189631 5 
0007 0010 1666597298545796 -82.1875 -65.0 5.841398840268521 5 
0007 0009 1666597298579518 27.5625 -74.5 0.42337869745643697 5 
0007 0010 1666597298657186 34.9375 -65.0 5.755495916146925 5 
0007 0014 1666597298659432 87.0625 -62.5 1.4848934026733007 5 
0007 0008 1666597298660343 -61.0 -57.5 5.8659425328746915 5 
0007 0015 1666597298663098 56.125 -61.0 1.3560390164909069 5 
0007 0000 1666597298664038 -100.0625 -67.5 1.7303303287350031 5 
0007 0004 1666597298667140 247.375 -70.0 1.4787574795217582 5 
0007 0009 1666597298692940 36.5625 -75.0 0.4724660826687775 5 
0007 0008 1666597298771077 -8.9375 -57.5 5.835262917116979 5 
0007 0014 1666597298771962 91.125 -62.5 1.4542137869155878 5 
0007 0010 1666597298775820 21.9375 -65.0 5.780039608753096 5 
0007 0015 1666597298777185 82.1875 -61.0 1.3192234775816514 5 
0007 0000 1666597298778861 95.1875 -67.0 1.368310862793992 5 
0007 0004 1666597298780705 -152.125 -70.0 1.8653206380689396 5 
0007 0009 1666597298800365 -9.0 -74.5 0.6872233929727672 5 
0007 0015 1666597298883441 56.125 -61.0 1.3560390164909069 5 
0007 0008 1666597298884564 -39.0 -57.0 5.810719224510809 5 
0007 0004 1666597298885434 -69.125 -69.5 1.662835174068035 5 
0007 0014 1666597298887304 -17.0625 -62.5 1.6137477888556946 5 
0007 0000 1666597298888429 78.0625 -67.0 1.5830681730979816 5 
0007 0010 1666597298892378 30.0625 -64.5 5.6573211457222445 5 
0007 0009 1666597298920056 12.9375 -75.5 0.607456392002714 5 
0007 0014 1666597298997738 -104.125 -63.0 1.7303303287350031 5 
0007 0008 1666597298998947 -56.125 -57.0 5.816855147662351 5 
0007 0015 1666597299000271 30.0625 -61.5 1.4296700943094176 5 
0007 0004 1666597299001850 173.3125 -70.0 1.5155730184310134 5 
0007 0010 1666597299002719 -143.1875 -65.0 5.773903685601553 5 
0007 0000 1666597299005104 -34.9375 -67.0 1.607611865704152 5 
0007 0009 1666597299035781 -12.1875 -75.5 0.5767767762450011 5 
0007 0000 1666597299112534 91.125 -67.0 1.4848934026733007 5 
0007 0015 1666597299114805 26.0 -60.5 1.4664856332186729 5 
0007 0014 1666597299116838 -30.0625 -63.0 1.6382914814618648 5 
0007 0004 1666597299118108 -186.3125 -70.5 1.748738098189631 5 
0007 0010 1666597299119924 -30.0625 -65.5 5.792311455056181 5 
0007 0008 1666597299120835 -39.0 -57.0 5.859806609723149 5 
0007 0009 1666597299139172 -4.0625 -75.0 0.619728238305799 5 
0007 0015 1666597299222357 52.0625 -61.0 1.41126232485479 5 
0007 0010 1666597299223836 -69.125 -65.0 5.822991070813893 5 
0007 0014 1666597299225244 48.0 -62.5 1.521708941582556 5 
0007 0004 1666597299227745 74.0 -69.0 1.5462526341887264 5 
0007 0008 1666597299228641 -52.0625 -57.5 5.878214379177777 5 
0007 0000 1666597299229524 -52.0625 -66.5 1.7119225592803755 5 
0007 0009 1666597299256430 -13.875 -75.0 0.6872233929727672 5 
