0007 0000 1666597976945602 69.125 -63.5 1.0921943209745766 6 
0007 0008 1666597977046913 -4.0625 -65.5 3.693825737228624 6 
0007 0010 1666597977048680 -39.0 -67.5 3.1661363461959633 6 
0007 0015 1666597977050771 -8.9375 -60.5 0.9326603190344698 6 
0007 0004 1666597977052951 -43.125 -65.5 6.258641614573416 6 
0007 0000 1666597977054256 26.0 -63.5 1.184233168247715 6 
0007 0014 1666597977055375 0.0 -61.0 0.8774370106705868 6 
0007 0014 1666597977150903 -13.0 -60.5 0.8897088569736719 6 
0007 0010 1666597977152282 8.9375 -69.0 3.043417883165112 6 
0007 0015 1666597977153226 -61.0 -60.5 1.0492428589137786 6 
0007 0004 1666597977154137 -74.0 -64.5 6.277049384028044 6 
0007 0008 1666597977158892 4.0625 -65.0 3.6876898140770815 6 
0007 0000 1666597977159818 -4.0625 -63.0 1.1903690913992575 6 
0007 0000 1666597977261180 -4.0625 -63.5 1.227184630308513 6 
0007 0015 1666597977262976 78.0625 -60.5 0.9019807032767571 6 
0007 0014 1666597977264774 -4.0625 -61.0 0.9081166264282996 6 
0007 0010 1666597977266567 52.0625 -68.5 3.08636934522591 6 
0007 0004 1666597977268812 -34.9375 -66.0 0.0 6 
0007 0008 1666597977269736 -13.0 -66.0 3.6570101983193686 6 
0007 0015 1666597977364969 30.0625 -60.5 0.9265243958829272 6 
0007 0014 1666597977366544 13.0 -61.5 0.8651651643675016 6 
0007 0004 1666597977369960 -78.0625 -65.0 6.22182607566416 6 
0007 0008 1666597977371238 -13.0 -66.0 3.650874275167826 6 
0007 0000 1666597977372617 -13.0 -63.0 1.1903690913992575 6 
0007 0010 1666597977373659 -34.9375 -67.5 3.1354567304382504 6 
0007 0000 1666597977472174 -13.0 -63.5 1.1167380135807468 6 
0007 0014 1666597977473538 -56.125 -61.5 0.9756117810952678 6 
0007 0004 1666597977475515 -87.0625 -65.5 0.01227184630308513 6 
0007 0015 1666597977476654 34.9375 -61.0 0.9756117810952678 6 
0007 0010 1666597977477581 74.0 -68.5 3.000466421104314 6 
0007 0008 1666597977478507 117.125 -66.0 3.429981041712294 6 
0007 0014 1666597977578482 -34.9375 -61.5 0.9510680884890975 6 
0007 0015 1666597977579396 -74.0 -61.0 1.0492428589137786 6 
0007 0000 1666597977580548 -34.9375 -63.5 1.184233168247715 6 
0007 0010 1666597977583001 95.1875 -69.0 2.9329712664373457 6 
0007 0004 1666597977585263 -126.125 -65.5 6.227961998815704 6 
0007 0008 1666597977586609 -8.9375 -66.5 3.5833791205008576 6 
0007 0010 1666597977685561 30.0625 -68.0 2.9820586516496865 6 
0007 0004 1666597977686443 48.0 -66.0 5.976389149602458 6 
0007 0008 1666597977689185 -61.0 -66.0 3.429981041712294 6 
0007 0014 1666597977691395 0.0 -61.5 0.8835729338221293 6 
0007 0000 1666597977692283 -26.0 -63.0 1.1351457830353744 6 
0007 0015 1666597977693210 -30.0625 -60.5 0.9694758579437253 6 
0007 0000 1666597977791839 -65.0625 -63.0 1.1106020904292042 6 
0007 0014 1666597977792746 -8.9375 -61.5 0.9203884727313847 6 
0007 0008 1666597977793912 4.0625 -66.0 3.3870295796514958 6 
0007 0010 1666597977796274 -199.375 -67.0 3.160000423044421 6 
0007 0004 1666597977798745 -95.1875 -65.5 6.129787228391022 6 
0007 0015 1666597977801816 -91.125 -60.5 1.0369710126106935 6 
0007 0014 1666597977900909 -34.9375 -61.0 0.9081166264282996 6 
0007 0004 1666597977902063 -82.1875 -65.5 6.074563920027139 6 
0007 0008 1666597977903268 -8.9375 -65.5 3.2459033471660166 6 
0007 0010 1666597977904651 -204.25 -67.5 3.0925052683774528 6 
0007 0000 1666597977905758 -13.0 -63.0 0.9940195505498954 6 
0007 0015 1666597977907179 -8.9375 -60.5 0.9326603190344698 6 
0007 0015 1666597978006897 0.0 -60.5 0.9081166264282996 6 
0007 0008 1666597978009986 104.125 -66.5 3.160000423044421 6 
0007 0004 1666597978011198 -26.0 -65.5 5.921165841238575 6 
0007 0010 1666597978012154 69.125 -67.0 2.8654761117703775 6 
0007 0014 1666597978014238 30.0625 -61.5 0.8467573949128739 6 
0007 0000 1666597978015633 -108.1875 -63.0 0.9878836273983529 6 
0007 0010 1666597978113102 113.0625 -67.0 2.650718801466388 6 
0007 0000 1666597978114568 -65.0625 -64.0 0.9694758579437253 6 
0007 0008 1666597978116348 56.125 -66.0 3.098641191528995 6 
0007 0004 1666597978117488 -78.0625 -65.0 5.988660995905543 6 
0007 0014 1666597978120794 4.0625 -61.0 0.8406214717613314 6 
0007 0015 1666597978121723 30.0625 -60.5 0.8713010875190442 6 
0007 0005 1666597978393520 -3.5625 -75.5 4.97623367590102 6 
0007 0015 1666597978404799 4.0625 -60.5 0.859029241215959 6 
0007 0014 1666597978405854 -69.125 -62.0 0.8958447801252144 6 
0007 0010 1666597978406707 8.9375 -66.5 2.7857091108003242 6 
0007 0008 1666597978407850 212.375 -66.5 2.9391071895888885 6 
0007 0000 1666597978408985 -56.125 -63.0 0.8344855486097889 6 
0007 0004 1666597978409883 -39.0 -66.0 5.724816300389213 6 
0007 0005 1666597978495504 11.9375 -74.5 4.816699673960914 6 
0007 0010 1666597978514392 104.125 -66.0 2.6384469551633027 6 
0007 0004 1666597978516309 30.0625 -65.0 5.6941366846315 6 
0007 0000 1666597978518808 -8.9375 -63.0 0.7547185476397354 6 
0007 0015 1666597978520363 -61.0 -61.0 0.9019807032767571 6 
0007 0014 1666597978521289 26.0 -61.0 0.7731263170943632 6 
0007 0008 1666597978523812 -4.0625 -67.0 2.9697868053466014 6 
0007 0005 1666597978606607 -1.0625 -75.0 5.056000676871073 6 
0007 0015 1666597978631843 21.9375 -61.0 0.803805932852076 6 
0007 0008 1666597978633369 56.125 -67.0 2.9759227284981438 6 
0007 0000 1666597978634556 0.0 -63.5 0.6933593161243098 6 
0007 0010 1666597978636252 -134.25 -66.5 2.9022916506796332 6 
0007 0004 1666597978637501 -82.1875 -65.5 5.9088939949354895 6 
0007 0014 1666597978638639 -26.0 -61.0 0.8099418560036186 6 
0007 0014 1666597978762267 13.0 -61.0 0.760854470791278 6 
0007 0010 1666597978763437 30.0625 -66.5 2.82252464970958 6 
0007 0000 1666597978765114 -48.0 -63.0 0.7792622402459057 6 
0007 0015 1666597978766013 -17.0625 -61.0 0.8344855486097889 6 
0007 0004 1666597978767311 -143.1875 -65.0 5.927301764390117 6 
0007 0008 1666597978768206 34.9375 -66.0 3.018874190558942 6 
0007 0015 1666597978878343 -56.125 -61.0 0.9019807032767571 6 
0007 0010 1666597978879766 69.125 -66.0 2.6875343403756435 6 
0007 0000 1666597978881173 -69.125 -62.5 0.7976700097005334 6 
0007 0014 1666597978882353 91.125 -61.5 0.6810874698212247 6 
0007 0004 1666597978883537 -113.0625 -65.0 5.964117303299373 6 
0007 0008 1666597978885412 30.0625 -66.5 2.9820586516496865 6 
0007 0004 1666597978984635 -173.3125 -64.5 6.166602767300278 6 
0007 0015 1666597978986637 4.0625 -61.5 0.9510680884890975 6 
0007 0008 1666597978987758 0.0 -64.5 3.2949907323783574 6 
0007 0010 1666597978989427 -17.0625 -67.0 3.018874190558942 6 
0007 0000 1666597978990594 -26.0 -64.0 0.7240389318820226 6 
0007 0014 1666597978992497 -34.9375 -61.0 0.7424467013366504 6 
0007 0006 1666597979042991 0.4375 -72.5 3.865631585471816 6 
0007 0015 1666597979098826 -65.0625 -60.0 1.1719613219446299 6 
0007 0014 1666597979099781 34.9375 -60.0 0.34974761963792617 6 
0007 0010 1666597979102893 69.125 -69.5 3.816544200259475 6 
0007 0004 1666597979103847 -34.9375 -62.5 0.5460971604872883 6 
0007 0000 1666597979104986 43.125 -66.0 1.4480778637640452 6 
0007 0008 1666597979106124 -113.0625 -61.0 4.681709364626977 6 
0007 0006 1666597979107061 -14.625 -68.5 3.9453985864418692 6 
0007 0011 1666597979198905 15.4375 -76.5 5.062136600022616 6 
0007 0000 1666597979213999 -13.0 -66.5 6.270913460876501 6 
0007 0014 1666597979215734 -17.0625 -60.0 0.30679615757712825 6 
0007 0006 1666597979216673 -13.0 -66.0 4.264466590322082 6 
0007 0008 1666597979218350 78.0625 -63.0 5.976389149602458 6 
0007 0015 1666597979219561 -39.0 -58.5 0.6565437772150544 6 
0007 0004 1666597979222362 -61.0 -62.5 1.6321555583103222 6 
0007 0010 1666597979225455 -4.0625 -68.0 5.872078456026235 6 
0007 0003 1666597979240032 -70.375 -72.5 5.2768939103266055 6 
0007 0013 1666597979257909 11.4375 -76.5 5.516194913236766 6 
0007 0011 1666597979277624 6.8125 -74.5 6.080699843178682 6 
0007 0009 1666597979283582 4.875 -74.5 0.9940195505498954 6 
0007 0012 1666597979298866 2.4375 -74.5 1.5707963267948966 6 
0007 0005 1666597979333517 -4.625 -70.5 1.6689710972195777 6 
0007 0000 1666597979354469 30.0625 -60.5 1.380582709097077 6 
0007 0015 1666597979355864 -13.0 -58.5 0.28838838812250056 6 
0007 0013 1666597979356794 -91.125 -65.5 1.3130875544301088 6 
0007 0014 1666597979359139 -13.0 -60.5 0.5031456984264903 6 
0007 0012 1666597979360803 -95.1875 -68.5 5.178719139901925 6 
0007 0009 1666597979362420 -186.3125 -70.0 2.509592568980909 6 
0007 0011 1666597979364068 91.125 -70.0 1.1965050145508 6 
0007 0005 1666597979365223 -95.1875 -68.5 4.620350133111551 6 
0007 0008 1666597979366317 -13.0 -63.0 5.9088939949354895 6 
0007 0004 1666597979367968 43.125 -69.5 4.2031073588066565 6 
0007 0010 1666597979372313 78.0625 -67.5 1.5155730184310134 6 
0007 0003 1666597979373253 -39.0 -68.5 1.2333205534600555 6 
0007 0002 1666597979413153 -7.3125 -78.0 5.577554144752192 6 
0007 0010 1666597979487088 -121.25 -62.5 2.6016314162540475 6 
0007 0012 1666597979488271 -56.125 -69.5 5.6573211457222445 6 
0007 0005 1666597979491100 -78.0625 -63.0 4.0558452031696355 6 
0007 0008 1666597979493827 21.9375 -53.0 0.42337869745643697 6 
0007 0014 1666597979495158 0.0 -61.0 0.619728238305799 6 
0007 0013 1666597979496329 -39.0 -64.5 2.3439226438892597 6 
0007 0015 1666597979500025 -8.9375 -58.0 0.3988350048502667 6 
0007 0004 1666597979500938 -48.0 -60.0 5.688000761479957 6 
0007 0011 1666597979587184 2.9375 -71.5 5.166447293598839 6 
0007 0005 1666597979606416 26.0 -59.5 3.761320891895592 6 
0007 0012 1666597979608861 -61.0 -67.5 6.191146459906448 6 
0007 0010 1666597979610353 -13.0 -58.0 3.147728576741336 6 
0007 0015 1666597979611565 -34.9375 -58.0 0.4111068511533518 6 
0007 0004 1666597979612714 -4.0625 -57.5 5.5100589900852235 6 
0007 0008 1666597979613583 -4.0625 -56.0 0.8651651643675016 6 
0007 0014 1666597979614481 -43.125 -61.5 0.8344855486097889 6 
0007 0011 1666597979617262 -134.25 -68.5 5.835262917116979 6 
0007 0013 1666597979618205 -108.1875 -64.5 2.761165418194154 6 
0007 0006 1666597979625990 -43.5 -71.0 1.4603497100671303 6 
0007 0004 1666597979718513 -56.125 -57.0 5.583690067903734 6 
0007 0005 1666597979720553 0.0 -58.0 3.6570101983193686 6 
0007 0008 1666597979721497 -43.125 -59.5 1.3008157081270237 6 
0007 0013 1666597979722891 -17.0625 -63.5 3.6999616603801666 6 
0007 0014 1666597979723817 -26.0 -62.0 0.760854470791278 6 
0007 0015 1666597979724730 -17.0625 -58.0 0.32520392703175593 6 
0007 0010 1666597979725672 -43.125 -60.5 3.724505352986337 6 
0007 0011 1666597979727224 -78.0625 -67.0 1.1290098598838318 6 
0007 0007 1666597979728108 -173.3125 -70.5 1.3928545554001621 6 
0007 0006 1666597979729415 -151.3125 -69.5 5.841398840268521 6 
0007 0015 1666597979826979 -26.0 -59.0 0.39269908169872414 6 
0007 0004 1666597979828429 -65.0625 -58.5 5.6941366846315 6 
0007 0014 1666597979829624 -48.0 -62.0 0.7792622402459057 6 
0007 0013 1666597979832596 -30.0625 -63.5 4.430136515413731 6 
0007 0008 1666597979834158 4.0625 -67.0 1.5401167110371838 6 
0007 0010 1666597979835459 -78.0625 -64.0 5.013049214810275 6 
0007 0011 1666597979836314 173.3125 -68.5 1.9880391010997909 6 
0007 0005 1666597979837488 0.0 -57.0 3.454524734318464 6 
0007 0007 1666597979839970 -4.0625 -68.0 1.6751070203711202 6 
0007 0006 1666597979863170 14.625 -73.0 4.049709280018092 6 
0007 0006 1666597979942804 137.5 -69.5 1.7303303287350031 6 
0007 0010 1666597979945234 30.0625 -68.0 5.712544454086128 6 
0007 0015 1666597979947069 -8.9375 -58.5 0.44178646691106466 6 
0007 0011 1666597979947953 13.0 -69.0 3.0066023442558567 6 
0007 0007 1666597979948866 -17.0625 -67.5 1.8346410223112268 6 
0007 0013 1666597979949796 -69.125 -62.0 5.497787143782138 6 
0007 0005 1666597979950707 13.0 -57.0 3.4054373491061236 6 
0007 0004 1666597979951633 26.0 -59.5 5.835262917116979 6 
0007 0014 1666597979952855 -17.0625 -63.0 0.8528933180644165 6 
0007 0013 1666597980051685 -169.25 -61.5 5.921165841238575 6 
0007 0004 1666597980053647 -52.0625 -60.5 6.037748381117884 6 
0007 0005 1666597980054812 17.0625 -56.5 3.448388811166921 6 
0007 0006 1666597980055966 463.8125 -70.0 2.024854640009046 6 
0007 0007 1666597980058692 48.0 -66.0 2.018718716857504 6 
0007 0014 1666597980059844 -48.0 -62.5 0.9081166264282996 6 
0007 0015 1666597980062807 -26.0 -59.0 0.4724660826687775 6 
0007 0010 1666597980064333 52.0625 -69.0 6.14819499784565 6 
0007 0011 1666597980087391 -7.3125 -73.0 0.3129320807286708 6 
0007 0010 1666597980166993 -21.9375 -70.5 0.030679615757712823 6 
0007 0007 1666597980167890 4.0625 -66.5 2.098485717827557 6 
0007 0006 1666597980172117 246.5625 -71.0 2.1905245651006955 6 
0007 0015 1666597980173000 -13.0 -59.5 0.4970097752749477 6 
0007 0013 1666597980174677 -8.9375 -62.0 6.068427996875596 6 
0007 0014 1666597980175549 -30.0625 -63.0 0.9081166264282996 6 
0007 0004 1666597980176545 -95.1875 -62.5 0.0674951546669682 6 
0007 0005 1666597980177912 39.0 -57.0 3.497476196379262 6 
0007 0011 1666597980204971 -1.625 -73.5 0.5276893910326605 6 
0007 0012 1666597980281326 -4.0 -75.0 5.884350302329319 6 
0007 0007 1666597980289643 48.0 -67.5 2.325514874434632 6 
0007 0015 1666597980294131 -13.0 -59.0 0.5092816215780329 6 
0007 0013 1666597980297018 4.0625 -62.0 6.135923151542564 6 
0007 0005 1666597980298355 30.0625 -57.0 3.5895150436524004 6 
0007 0006 1666597980299265 109.0 -71.5 2.6016314162540475 6 
0007 0004 1666597980300161 30.0625 -62.5 0.0674951546669682 6 
0007 0014 1666597980301100 13.0 -62.0 0.8835729338221293 6 
0007 0010 1666597980324298 -6.5 -72.5 0.1349903093339364 6 
0007 0011 1666597980327896 12.9375 -73.5 3.5956509668039427 6 
0007 0012 1666597980368368 -7.75 -74.5 5.859806609723149 6 
0007 0014 1666597980418141 4.0625 -62.5 0.8897088569736719 6 
0007 0006 1666597980420837 151.3125 -71.5 2.6016314162540475 6 
0007 0005 1666597980422097 0.0 -57.0 3.6876898140770815 6 
0007 0013 1666597980424801 -43.125 -63.0 6.135923151542564 6 
0007 0015 1666597980427834 8.9375 -59.0 0.4908738521234052 6 
0007 0004 1666597980428719 -78.0625 -63.5 0.19634954084936207 6 
0007 0007 1666597980430213 -108.1875 -67.0 2.82252464970958 6 
0007 0011 1666597980453511 0.0 -73.5 0.5706408530934585 6 
0007 0010 1666597980459479 -1.625 -72.5 0.15339807878856412 6 
0007 0012 1666597980462377 21.9375 -73.5 5.602097837358362 6 
0007 0005 1666597980542633 17.0625 -57.0 3.6815538909255388 6 
0007 0015 1666597980543816 -48.0 -59.0 0.5338253141842031 6 
0007 0007 1666597980545407 -4.0625 -67.0 2.82252464970958 6 
0007 0014 1666597980547741 -30.0625 -62.5 0.9387962421860124 6 
0007 0004 1666597980548624 -74.0 -63.0 0.18407769454627693 6 
0007 0006 1666597980549537 -186.3125 -71.0 2.9329712664373457 6 
0007 0013 1666597980550436 -21.9375 -63.0 6.117515382087937 6 
0007 0012 1666597980553870 -204.25 -72.0 2.5034566458293663 6 
0007 0010 1666597980579131 4.0625 -72.0 0.14726215563702155 6 
0007 0011 1666597980581291 -3.1875 -73.0 0.5276893910326605 6 
0007 0007 1666597980662045 74.0 -67.0 2.662990647769473 6 
0007 0014 1666597980663027 -48.0 -62.0 0.9510680884890975 6 
0007 0006 1666597980663948 9.75 -69.0 2.8961557275280905 6 
0007 0013 1666597980665093 -56.125 -63.0 6.154330920997192 6 
0007 0005 1666597980667224 13.0 -57.5 3.6570101983193686 6 
0007 0015 1666597980669355 -4.0625 -59.5 0.4970097752749477 6 
0007 0004 1666597980675624 -4.0625 -63.0 0.04295146206079795 6 
0007 0011 1666597980679636 -82.1875 -71.5 3.6263305825616556 6 
0007 0010 1666597980701109 -1.625 -72.0 6.264777537724958 6 
0007 0012 1666597980707162 6.5 -73.5 5.473243451175968 6 
0007 0011 1666597980792875 -74.0 -71.5 4.01902966426038 6 
0007 0005 1666597980794255 -39.0 -57.0 3.6570101983193686 6 
0007 0007 1666597980796062 17.0625 -67.0 2.9391071895888885 6 
0007 0010 1666597980797216 -87.0625 -70.5 6.135923151542564 6 
0007 0006 1666597980798581 -161.125 -71.0 3.184544115650591 6 
0007 0015 1666597980800276 -26.0 -59.5 0.4908738521234052 6 
0007 0013 1666597980801191 61.0 -62.5 0.09203884727313846 6 
0007 0012 1666597980802133 26.0 -71.5 2.4911847995262812 6 
0007 0014 1666597980803072 -17.0625 -63.0 0.9817477042468103 6 
0007 0004 1666597980805631 -65.0625 -63.0 0.06135923151542565 6 
0007 0007 1666597980903780 91.125 -67.0 2.9391071895888885 6 
0007 0013 1666597980904725 52.0625 -62.5 0.04295146206079795 6 
0007 0006 1666597980907189 0.0 -70.0 2.8961557275280905 6 
0007 0005 1666597980908361 17.0625 -57.5 3.5895150436524004 6 
0007 0015 1666597980911847 0.0 -59.0 0.4908738521234052 6 
0007 0010 1666597980913459 104.125 -70.5 5.9088939949354895 6 
0007 0011 1666597980915446 -17.0625 -69.5 4.0558452031696355 6 
0007 0004 1666597980916640 8.9375 -63.5 6.191146459906448 6 
0007 0014 1666597980918459 21.9375 -62.5 0.8774370106705868 6 
0007 0012 1666597980940597 16.3125 -74.0 5.773903685601553 6 
0007 0011 1666597981024724 -143.1875 -69.0 3.9515345095934116 6 
0007 0014 1666597981025690 56.125 -62.5 0.8344855486097889 6 
0007 0015 1666597981026827 8.9375 -59.0 0.4663301595172349 6 
0007 0005 1666597981027711 -13.0 -57.5 3.6324665057131984 6 
0007 0010 1666597981028627 260.375 -70.5 5.491651220630596 6 
0007 0004 1666597981029523 -69.125 -63.5 6.264777537724958 6 
0007 0013 1666597981031600 -39.0 -62.5 0.1595340019401067 6 
0007 0006 1666597981033603 61.0 -69.5 2.8532042654672924 6 
0007 0007 1666597981035141 74.0 -67.5 2.8716120349219203 6 
0007 0012 1666597981055859 3.1875 -74.0 5.798447378207723 6 
0007 0010 1666597981137068 -147.25 -70.5 6.000932842208628 6 
0007 0011 1666597981137995 -74.0 -69.0 3.816544200259475 6 
0007 0014 1666597981140321 30.0625 -62.0 0.9019807032767571 6 
0007 0013 1666597981142142 -17.0625 -62.0 0.030679615757712823 6 
0007 0005 1666597981143778 -48.0 -57.5 3.6140587362585705 6 
0007 0007 1666597981146775 43.125 -67.5 2.9206994201342606 6 
0007 0015 1666597981147884 34.9375 -59.0 0.42337869745643697 6 
0007 0006 1666597981149869 -4.875 -70.0 2.9329712664373457 6 
0007 0004 1666597981152486 -56.125 -63.0 6.086835766330224 6 
0007 0012 1666597981177247 3.1875 -74.5 5.822991070813893 6 
0007 0004 1666597981254537 95.1875 -63.0 5.9088939949354895 6 
0007 0011 1666597981255565 -78.0625 -69.0 3.706097583531709 6 
0007 0015 1666597981256462 -56.125 -59.0 0.5154175447295755 6 
0007 0013 1666597981257377 100.0625 -62.5 6.14819499784565 6 
0007 0014 1666597981258541 8.9375 -62.5 0.9203884727313847 6 
0007 0005 1666597981259707 -69.125 -57.5 3.6570101983193686 6 
0007 0010 1666597981260975 26.0 -69.5 5.583690067903734 6 
0007 0007 1666597981264335 26.0 -66.5 2.9513790358919736 6 
0007 0006 1666597981265444 80.5625 -70.5 2.6813984172241008 6 
0007 0012 1666597981284329 -15.375 -74.5 5.939573610693203 6 
0007 0015 1666597981366596 34.9375 -59.0 0.4111068511533518 6 
0007 0007 1666597981367926 21.9375 -67.0 2.8777479580734626 6 
0007 0011 1666597981368882 -13.0 -70.0 3.890175278077986 6 
0007 0004 1666597981370744 82.1875 -63.0 5.829126993965437 6 
0007 0005 1666597981373042 -56.125 -57.5 3.663146121470911 6 
0007 0006 1666597981373910 -182.25 -70.5 2.6445828783148455 6 
0007 0013 1666597981375077 -17.0625 -62.5 6.252505691421874 6 
0007 0014 1666597981376216 13.0 -62.0 0.9081166264282996 6 
0007 0010 1666597981377687 169.25 -70.5 5.553010452146021 6 
0007 0012 1666597981422660 -0.75 -75.0 5.755495916146925 6 
0007 0006 1666597981486595 33.3125 -69.5 2.5341362615870793 6 
0007 0011 1666597981487539 108.1875 -69.0 3.429981041712294 6 
0007 0007 1666597981489229 4.0625 -67.5 2.779573187648782 6 
0007 0013 1666597981490372 -30.0625 -63.0 6.2463697682703305 6 
0007 0005 1666597981492746 4.0625 -57.5 3.5833791205008576 6 
0007 0004 1666597981497939 34.9375 -63.0 5.798447378207723 6 
0007 0015 1666597981498979 -13.0 -59.0 0.46019423636569234 6 
0007 0014 1666597981499906 43.125 -62.5 0.8651651643675016 6 
0007 0010 1666597981501442 4.0625 -70.0 5.565282298449106 6 
0007 0012 1666597981550108 0.0 -75.0 5.681864838328415 6 
0007 0014 1666597981606625 -34.9375 -62.0 0.9326603190344698 6 
0007 0005 1666597981608615 -74.0 -57.5 3.6692820446224537 6 
0007 0015 1666597981609456 -34.9375 -59.0 0.4908738521234052 6 
0007 0013 1666597981612893 -39.0 -62.5 6.240233845118788 6 
0007 0007 1666597981614303 126.125 -67.5 2.6813984172241008 6 
0007 0004 1666597981615172 -39.0 -62.5 5.896622148632405 6 
0007 0011 1666597981616068 8.9375 -69.0 3.6263305825616556 6 
0007 0006 1666597981617206 56.9375 -70.5 2.4727770300716534 6 
0007 0010 1666597981618447 108.1875 -69.5 5.356660911296659 6 
0007 0012 1666597981670308 -10.9375 -75.5 5.712544454086128 6 
0007 0011 1666597981724077 -87.0625 -69.5 3.522019888985432 6 
0007 0010 1666597981726010 -61.0 -70.5 5.583690067903734 6 
0007 0014 1666597981727772 56.125 -62.0 0.8283496254582462 6 
0007 0007 1666597981728699 8.9375 -67.5 2.9268353432858034 6 
0007 0006 1666597981729625 184.6875 -70.5 2.380738182798515 6 
0007 0005 1666597981731214 -4.0625 -57.5 3.56497135104623 6 
0007 0004 1666597981732835 17.0625 -63.0 5.8045833013592665 6 
0007 0013 1666597981733738 -78.0625 -62.0 6.2463697682703305 6 
0007 0015 1666597981734707 34.9375 -59.0 0.4295146206079795 6 
0007 0012 1666597981796801 7.3125 -75.0 5.64504929941916 6 
0007 0010 1666597981846289 21.9375 -69.0 5.332117218690489 6 
0007 0006 1666597981847526 66.6875 -70.5 2.3623304133438876 6 
0007 0015 1666597981849784 13.0 -59.0 0.4356505437595221 6 
0007 0014 1666597981850739 -48.0 -62.5 0.9265243958829272 6 
0007 0004 1666597981851921 39.0 -62.5 5.700272607783043 6 
0007 0013 1666597981853105 30.0625 -62.0 6.105243535784852 6 
0007 0005 1666597981853961 -39.0 -57.0 3.5588354278946874 6 
0007 0007 1666597981854987 26.0 -66.0 2.724349879284899 6 
0007 0011 1666597981855858 -212.375 -68.0 3.7429131224409646 6 
