0007 0007 1666595179584637 78.0625 -69.5 2.718213956133356 0 
0007 0002 1666595179586851 143.1875 -67.5 2.767301341345697 0 
0007 0010 1666595179588019 234.3125 -69.0 1.576932249946439 0 
0007 0006 1666595179588939 4.0625 -60.5 1.6137477888556946 0 
0007 0008 1666595179590091 -21.9375 -70.0 2.337786720737717 0 
0007 0014 1666595179591797 -87.0625 -60.0 4.166291819897402 0 
0007 0004 1666595179592721 8.9375 -57.5 4.442408361716817 0 
0007 0011 1666595179593694 -30.0625 -67.5 4.454680208019902 0 
0007 0005 1666595179595118 -61.0 -63.5 3.9576704327449543 0 
0007 0013 1666595179596699 -4.0625 -64.0 1.337631247036279 0 
0007 0015 1666595179598496 17.0625 -62.5 2.1046216409791 0 
0007 0002 1666595179687429 91.125 -67.0 2.9084275738311756 0 
0007 0008 1666595179688354 -143.1875 -70.5 2.5709518004963345 0 
0007 0010 1666595179690033 -52.0625 -69.0 1.8407769454627694 0 
0007 0007 1666595179692275 0.0 -69.5 2.8838838812250054 0 
0007 0014 1666595179694523 17.0625 -60.5 4.09266074207889 0 
0007 0013 1666595179695480 4.0625 -63.5 1.3499030933393643 0 
0007 0006 1666595179696648 13.0 -60.0 1.6198837120072371 0 
0007 0004 1666595179697758 -34.9375 -57.5 4.509903516383785 0 
0007 0015 1666595179698715 30.0625 -63.0 2.116893487282185 0 
0007 0011 1666595179699730 -52.0625 -68.0 4.528311285838413 0 
0007 0005 1666595179700671 -30.0625 -63.5 3.9515345095934116 0 
0007 0007 1666595179789862 65.0625 -68.5 2.6875343403756435 0 
0007 0005 1666595179792096 -78.0625 -63.5 4.0128937411088375 0 
0007 0011 1666595179793023 -39.0 -68.0 4.638757902566179 0 
0007 0008 1666595179794118 -143.1875 -70.5 2.423689644859313 0 
0007 0014 1666595179795778 -13.0 -60.5 4.111068511533518 0 
0007 0002 1666595179796720 39.0 -68.5 2.9513790358919736 0 
0007 0010 1666595179797844 52.0625 -67.5 1.748738098189631 0 
0007 0013 1666595179799013 -34.9375 -64.0 1.3069516312785663 0 
0007 0015 1666595179801284 8.9375 -62.5 2.098485717827557 0 
0007 0004 1666595179803115 -26.0 -57.5 4.534447208989955 0 
0007 0006 1666595179804681 -38.1875 -60.5 1.718058482431918 0 
0007 0007 1666595179894793 -52.0625 -69.0 2.8961557275280905 0 
0007 0006 1666595179895745 61.8125 -60.0 1.6382914814618648 0 
0007 0014 1666595179896642 -52.0625 -60.5 4.154019973594316 0 
0007 0004 1666595179897550 -8.9375 -57.5 4.534447208989955 0 
0007 0011 1666595179898494 -65.0625 -68.0 4.558990901596125 0 
0007 0005 1666595179899929 -4.0625 -62.5 3.9576704327449543 0 
0007 0008 1666595179901635 130.1875 -70.0 2.2457478734645786 0 
0007 0015 1666595179902505 13.0 -62.5 2.1230294104337273 0 
0007 0013 1666595179903536 -34.9375 -64.0 1.3928545554001621 0 
0007 0002 1666595179904435 -178.1875 -68.0 3.2888548092268146 0 
0007 0010 1666595179905839 69.125 -68.5 1.7732817907958012 0 
0007 0002 1666595179996300 43.125 -67.0 3.018874190558942 0 
0007 0013 1666595179998008 -8.9375 -64.0 1.3499030933393643 0 
0007 0011 1666595179999150 -195.25 -67.5 4.675573441475434 0 
0007 0006 1666595180000043 14.625 -59.5 1.6873788666742053 0 
0007 0004 1666595180001207 -4.0625 -57.5 4.534447208989955 0 
0007 0014 1666595180002089 -21.9375 -60.5 4.104932588381976 0 
0007 0005 1666595180003046 -48.0 -63.0 4.006757817957295 0 
0007 0015 1666595180005190 17.0625 -62.5 2.116893487282185 0 
0007 0008 1666595180007178 -8.9375 -71.0 2.3439226438892597 0 
0007 0010 1666595180008716 -8.9375 -68.0 1.9634954084936207 0 
0007 0007 1666595180009661 160.3125 -69.5 2.5586799541932495 0 
0007 0002 1666595180098884 113.0625 -67.0 2.9636508821950587 0 
0007 0011 1666595180099909 -4.0625 -67.5 4.4976316700806995 0 
0007 0010 1666595180100836 -56.125 -69.5 1.8223691760081417 0 
0007 0013 1666595180101977 13.0 -64.5 1.380582709097077 0 
0007 0007 1666595180103176 -121.25 -70.0 2.9145634969827183 0 
0007 0005 1666595180104115 -21.9375 -64.0 3.9208548938356986 0 
0007 0015 1666595180105737 -21.9375 -62.5 2.1782527187976104 0 
0007 0006 1666595180106705 -17.0625 -60.5 1.7548740213411735 0 
0007 0004 1666595180110037 -8.9375 -57.5 4.528311285838413 0 
0007 0014 1666595180110965 -65.0625 -60.5 4.1417481272912315 0 
0007 0013 1666595180200607 17.0625 -64.5 1.4051264017032472 0 
0007 0014 1666595180201760 -21.9375 -60.5 4.086524818927348 0 
0007 0011 1666595180202944 -21.9375 -68.0 4.632621979414636 0 
0007 0006 1666595180203869 -28.4375 -59.5 1.718058482431918 0 
0007 0007 1666595180205581 17.0625 -69.5 2.773437264497239 0 
0007 0008 1666595180206478 13.0 -70.0 2.3071071049800045 0 
0007 0015 1666595180207648 34.9375 -62.5 2.0923497946760143 0 
0007 0004 1666595180210020 -39.0 -57.5 4.595806440505381 0 
0007 0002 1666595180210990 82.1875 -68.5 2.9206994201342606 0 
0007 0005 1666595180212357 -34.9375 -62.5 3.9392626632903265 0 
0007 0010 1666595180216607 -355.5625 -68.0 2.2518837966161214 0 
0007 0011 1666595180306227 26.0 -67.5 4.534447208989955 0 
0007 0005 1666595180307893 -39.0 -63.0 3.9515345095934116 0 
0007 0004 1666595180309656 17.0625 -57.5 4.540583132141498 0 
0007 0014 1666595180311688 -13.0 -60.0 4.074252972624263 0 
0007 0002 1666595180312828 -91.125 -67.0 3.2336315008629315 0 
0007 0006 1666595180314214 0.0 -60.0 1.736466251886546 0 
0007 0010 1666595180315475 156.1875 -68.5 1.6505633277649499 0 
0007 0008 1666595180316669 87.0625 -70.0 2.3071071049800045 0 
0007 0007 1666595180317612 26.0 -69.5 2.8654761117703775 0 
0007 0015 1666595180319177 -39.0 -62.0 2.227340104009951 0 
0007 0013 1666595180321500 34.9375 -64.5 1.3621749396424494 0 
0007 0006 1666595180410411 70.75 -60.0 1.6689710972195777 0 
0007 0004 1666595180411635 17.0625 -57.5 4.534447208989955 0 
0007 0008 1666595180412815 100.0625 -69.5 2.1353012567368124 0 
0007 0015 1666595180413715 121.25 -62.5 2.116893487282185 0 
0007 0002 1666595180414653 -8.9375 -67.0 3.06182565261974 0 
0007 0005 1666595180415824 -52.0625 -63.0 3.9453985864418692 0 
0007 0007 1666595180416736 48.0 -69.5 2.675262494072558 0 
0007 0014 1666595180418143 21.9375 -60.5 4.104932588381976 0 
0007 0013 1666595180419046 117.125 -64.0 1.239456476611598 0 
0007 0010 1666595180420184 -91.125 -69.5 1.9389517158874505 0 
0007 0011 1666595180421920 -34.9375 -68.0 4.460816131171445 0 
0007 0006 1666595180519166 -43.125 -60.0 1.7426021750380885 0 
0007 0013 1666595180520334 -4.0625 -64.0 1.368310862793992 0 
0007 0007 1666595180521493 -104.125 -70.0 2.9636508821950587 0 
0007 0015 1666595180523157 48.0 -62.5 2.073942025221387 0 
0007 0002 1666595180525090 0.0 -67.5 3.000466421104314 0 
0007 0004 1666595180527085 -56.125 -57.0 4.632621979414636 0 
0007 0010 1666595180528480 104.125 -68.5 1.7426021750380885 0 
0007 0008 1666595180530156 126.125 -70.0 2.2518837966161214 0 
0007 0005 1666595180531265 -61.0 -63.0 3.9944859716542096 0 
0007 0014 1666595180532190 -39.0 -60.0 4.135612204139688 0 
0007 0011 1666595180533881 -21.9375 -67.5 4.411728745959104 0 
0007 0015 1666595180624851 13.0 -62.5 2.1537090261914402 0 
0007 0004 1666595180626244 -30.0625 -57.0 4.577398671050753 0 
0007 0010 1666595180628462 87.0625 -68.5 1.6812429435226628 0 
0007 0014 1666595180629399 4.0625 -60.0 4.086524818927348 0 
0007 0005 1666595180630754 -108.1875 -63.5 4.000621894805752 0 
0007 0006 1666595180631662 -61.0 -60.0 1.748738098189631 0 
0007 0008 1666595180633056 -91.125 -70.0 2.4850488763747385 0 
0007 0013 1666595180634239 -61.0 -63.5 1.4173982480063325 0 
0007 0011 1666595180635976 -13.0 -67.5 4.491495746929157 0 
0007 0007 1666595180636890 74.0 -69.0 2.7550294950426117 0 
0007 0002 1666595180637787 -130.1875 -68.5 3.2520392703175593 0 
0007 0005 1666595180727850 8.9375 -62.5 3.859495662320273 0 
0007 0014 1666595180729485 -26.0 -60.5 4.09266074207889 0 
0007 0011 1666595180731251 34.9375 -67.0 4.399456899656019 0 
0007 0006 1666595180732131 26.0 -60.0 1.6444274046134073 0 
0007 0015 1666595180733085 4.0625 -62.5 2.227340104009951 0 
0007 0002 1666595180734704 8.9375 -67.5 2.988194574801229 0 
0007 0013 1666595180736102 21.9375 -64.0 1.3008157081270237 0 
0007 0004 1666595180737723 -26.0 -57.5 4.577398671050753 0 
0007 0008 1666595180738606 -39.0 -69.5 2.399145952253143 0 
0007 0010 1666595180740712 91.125 -69.0 1.552388557340269 0 
0007 0007 1666595180741667 -91.125 -70.0 2.8961557275280905 0 
0007 0011 1666595180833675 56.125 -68.0 4.3933209765044765 0 
0007 0007 1666595180835200 -182.25 -70.0 2.9329712664373457 0 
0007 0014 1666595180836348 -8.9375 -60.5 4.104932588381976 0 
0007 0013 1666595180837501 0.0 -63.5 1.3437671701878218 0 
0007 0004 1666595180838430 -21.9375 -57.0 4.565126824747668 0 
0007 0010 1666595180839330 147.25 -69.0 1.6566992509164924 0 
0007 0015 1666595180840243 74.0 -63.0 2.1046216409791 0 
0007 0006 1666595180841904 39.0 -60.0 1.6444274046134073 0 
0007 0005 1666595180842786 -8.9375 -62.5 3.8533597391687304 0 
0007 0002 1666595180844195 48.0 -67.5 2.9268353432858034 0 
0007 0008 1666595180847434 78.0625 -70.5 2.2150682577068657 0 
0007 0014 1666595180935096 0.0 -60.0 4.06811704947272 0 
0007 0002 1666595180936780 117.125 -67.5 2.9206994201342606 0 
0007 0006 1666595180938269 9.75 -60.0 1.7119225592803755 0 
0007 0015 1666595180939199 69.125 -62.5 2.018718716857504 0 
0007 0005 1666595180940565 -100.0625 -63.5 4.025165587411922 0 
0007 0004 1666595180941702 -52.0625 -57.5 4.577398671050753 0 
0007 0013 1666595180944586 43.125 -64.0 1.3008157081270237 0 
0007 0010 1666595180946178 69.125 -69.0 1.7671458676442586 0 
0007 0011 1666595180947716 -182.25 -68.0 4.509903516383785 0 
0007 0007 1666595180950428 0.0 -68.5 2.6384469551633027 0 
0007 0008 1666595180951328 74.0 -71.0 2.1598449493429825 0 
0007 0004 1666595181039609 -43.125 -57.5 4.546719055293041 0 
0007 0010 1666595181041038 -8.9375 -69.5 1.7855536370988863 0 
0007 0006 1666595181042415 -8.9375 -60.0 1.705786636128833 0 
0007 0007 1666595181043741 -108.1875 -68.5 2.7857091108003242 0 
0007 0002 1666595181046482 56.125 -68.0 2.9513790358919736 0 
0007 0013 1666595181047397 34.9375 -64.0 1.3130875544301088 0 
0007 0015 1666595181049923 -39.0 -62.5 2.184388641949153 0 
0007 0014 1666595181050877 -65.0625 -60.0 4.154019973594316 0 
0007 0005 1666595181052862 -130.1875 -63.5 3.988350048502667 0 
0007 0011 1666595181054600 -269.3125 -68.5 4.76147636559703 0 
0007 0008 1666595181057541 -87.0625 -70.5 2.282563412373834 0 
0007 0006 1666595181145901 -17.0625 -60.0 1.6873788666742053 0 
0007 0014 1666595181147154 -30.0625 -60.5 4.0987966652304335 0 
0007 0013 1666595181148322 -61.0 -64.5 1.4480778637640452 0 
0007 0011 1666595181150170 -121.25 -67.5 4.479223900626073 0 
0007 0004 1666595181151051 -39.0 -57.0 4.522175362686871 0 
0007 0015 1666595181153395 13.0 -63.0 2.184388641949153 0 
0007 0007 1666595181154381 13.0 -69.0 2.6568547246179306 0 
0007 0005 1666595181155777 -108.1875 -63.5 3.9760782021995817 0 
0007 0002 1666595181156717 -69.125 -67.5 2.9391071895888885 0 
0007 0010 1666595181158707 13.0 -69.0 1.7548740213411735 0 
0007 0008 1666595181160230 -165.1875 -70.5 2.4727770300716534 0 
0007 0005 1666595181249335 26.0 -63.0 3.767456815047135 0 
0007 0013 1666595181251345 104.125 -63.5 1.239456476611598 0 
0007 0006 1666595181253104 8.9375 -60.0 1.6382914814618648 0 
0007 0015 1666595181254005 30.0625 -62.5 2.2150682577068657 0 
0007 0004 1666595181254945 -78.0625 -57.5 4.540583132141498 0 
0007 0008 1666595181256109 52.0625 -71.5 1.8223691760081417 0 
0007 0002 1666595181257049 -30.0625 -68.5 2.9145634969827183 0 
0007 0014 1666595181257959 -17.0625 -60.0 4.111068511533518 0 
0007 0011 1666595181259216 -156.1875 -67.5 4.522175362686871 0 
0007 0007 1666595181260368 -61.0 -69.5 2.730485802436441 0 
0007 0010 1666595181261237 -39.0 -69.0 1.902136176978195 0 
0007 0007 1666595181349676 43.125 -69.0 2.6691265709210157 0 
0007 0002 1666595181352192 -13.0 -68.5 2.890019804376548 0 
0007 0006 1666595181353670 56.9375 -60.5 1.5830681730979816 0 
0007 0010 1666595181354584 69.125 -69.0 1.6566992509164924 0 
0007 0011 1666595181355766 48.0 -68.5 4.381049130201391 0 
0007 0004 1666595181357228 48.0 -57.5 4.411728745959104 0 
0007 0013 1666595181358145 91.125 -64.0 1.2517283229146832 0 
0007 0015 1666595181359132 -52.0625 -62.5 2.227340104009951 0 
0007 0008 1666595181360311 100.0625 -72.0 1.8837284075235674 0 
0007 0014 1666595181361224 -30.0625 -60.5 4.080388895775806 0 
0007 0005 1666595181362322 26.0 -63.0 3.7981364308048478 0 
0007 0005 1666595181450409 -113.0625 -63.5 3.9269908169872414 0 
0007 0008 1666595181452625 290.5 -71.0 1.5830681730979816 0 
0007 0011 1666595181453777 -30.0625 -67.5 4.417864669110647 0 
0007 0004 1666595181454883 -8.9375 -57.0 4.466952054322987 0 
0007 0013 1666595181455801 191.1875 -64.0 1.0921943209745766 0 
0007 0015 1666595181458453 8.9375 -62.5 2.1659808724945253 0 
0007 0007 1666595181459611 -104.125 -69.5 2.748893571891069 0 
0007 0002 1666595181460622 91.125 -68.5 2.773437264497239 0 
0007 0006 1666595181461517 -30.0625 -60.0 1.662835174068035 0 
0007 0010 1666595181462457 61.0 -69.5 1.5892040962495242 0 
0007 0014 1666595181463862 -17.0625 -60.5 4.09266074207889 0 
0007 0014 1666595181553999 0.0 -60.0 4.0987966652304335 0 
0007 0005 1666595181556892 -30.0625 -62.5 3.810408277107933 0 
0007 0013 1666595181558019 100.0625 -63.5 1.2333205534600555 0 
0007 0006 1666595181559169 47.1875 -60.5 1.5401167110371838 0 
0007 0010 1666595181560323 100.0625 -70.0 1.509437095279471 0 
0007 0004 1666595181561203 -8.9375 -57.5 4.430136515413731 0 
0007 0015 1666595181562174 -21.9375 -62.0 2.1537090261914402 0 
0007 0008 1666595181563014 230.25 -70.5 1.705786636128833 0 
0007 0011 1666595181563955 -121.25 -67.0 4.454680208019902 0 
0007 0007 1666595181564871 -269.3125 -69.5 2.8532042654672924 0 
0007 0002 1666595181565923 -87.0625 -68.0 2.9759227284981438 0 
0007 0014 1666595181655565 43.125 -60.5 4.0558452031696355 0 
0007 0006 1666595181656858 9.75 -60.5 1.5953400194010667 0 
0007 0013 1666595181658285 -17.0625 -64.5 1.3437671701878218 0 
0007 0015 1666595181659654 39.0 -63.0 2.1782527187976104 0 
0007 0010 1666595181660781 -221.3125 -69.0 1.902136176978195 0 
0007 0011 1666595181661933 69.125 -67.5 4.3074180523828804 0 
0007 0004 1666595181662885 -30.0625 -57.5 4.503767593232243 0 
0007 0007 1666595181664055 147.25 -69.5 2.399145952253143 0 
0007 0005 1666595181666089 143.1875 -63.5 3.5956509668039427 0 
0007 0008 1666595181667129 -56.125 -72.5 2.2212041808584084 0 
0007 0002 1666595181668565 82.1875 -67.5 2.8409324191642074 0 
0007 0011 1666595181757350 -87.0625 -68.0 4.448544284868359 0 
0007 0013 1666595181760237 -4.0625 -64.0 1.2701360923693108 0 
0007 0002 1666595181761800 -139.125 -68.0 3.067961575771282 0 
0007 0015 1666595181763245 -8.9375 -62.5 2.1905245651006955 0 
0007 0014 1666595181764271 -61.0 -60.5 4.135612204139688 0 
0007 0005 1666595181765411 -69.125 -63.0 3.8533597391687304 0 
0007 0004 1666595181766364 -30.0625 -57.5 4.460816131171445 0 
0007 0008 1666595181767517 -139.125 -71.5 2.2948352586769194 0 
0007 0010 1666595181768412 -4.0625 -69.0 1.6996507129772904 0 
0007 0006 1666595181769365 17.0625 -60.5 1.6014759425526093 0 
0007 0007 1666595181771246 -26.0 -70.0 2.497320722677824 0 
0007 0008 1666595181859870 -295.375 -71.0 2.5464081078901644 0 
0007 0011 1666595181861702 -74.0 -67.5 4.381049130201391 0 
0007 0007 1666595181863250 -26.0 -69.0 2.5893595699509624 0 
0007 0006 1666595181864642 26.0 -60.5 1.576932249946439 0 
0007 0015 1666595181866634 34.9375 -63.0 2.1353012567368124 0 
0007 0010 1666595181867756 -8.9375 -68.5 1.6198837120072371 0 
0007 0004 1666595181868908 -8.9375 -57.5 4.424000592262189 0 
0007 0014 1666595181869835 -34.9375 -60.5 4.09266074207889 0 
0007 0005 1666595181870988 26.0 -63.0 3.736777199289422 0 
0007 0002 1666595181872296 -21.9375 -67.5 2.9329712664373457 0 
0007 0013 1666595181873439 74.0 -63.5 1.2517283229146832 0 
0007 0014 1666595181961735 8.9375 -60.5 4.074252972624263 0 
0007 0015 1666595181963061 39.0 -62.5 2.12916533358527 0 
0007 0002 1666595181963944 34.9375 -69.0 2.779573187648782 0 
0007 0007 1666595181965793 -143.1875 -70.0 2.6568547246179306 0 
0007 0008 1666595181967440 -34.9375 -70.5 1.859184714917397 0 
0007 0011 1666595181971261 17.0625 -67.5 4.289010282928253 0 
0007 0005 1666595181972370 4.0625 -63.5 3.730641276137879 0 
0007 0006 1666595181973267 -42.3125 -60.5 1.6566992509164924 0 
0007 0004 1666595181974629 8.9375 -57.0 4.417864669110647 0 
0007 0010 1666595181975884 143.1875 -69.0 1.705786636128833 0 
0007 0013 1666595181977268 52.0625 -64.0 1.282407938672396 0 
0007 0005 1666595182065616 -100.0625 -62.5 3.8288160465625602 0 
0007 0002 1666595182066962 0.0 -67.0 2.8286605728611223 0 
0007 0008 1666595182069182 78.0625 -70.0 1.9757672547967058 0 
0007 0006 1666595182070559 47.1875 -60.5 1.5278448647340985 0 
0007 0015 1666595182071501 -26.0 -63.0 2.1537090261914402 0 
0007 0004 1666595182072622 13.0 -57.0 4.417864669110647 0 
0007 0010 1666595182073537 -477.6875 -69.5 2.1782527187976104 0 
0007 0007 1666595182074932 -121.25 -69.0 2.718213956133356 0 
0007 0014 1666595182076068 -39.0 -60.0 4.09266074207889 0 
0007 0013 1666595182076968 17.0625 -63.5 1.2640001692177683 0 
0007 0011 1666595182079683 -74.0 -67.0 4.239922897715912 0 
0007 0007 1666595182168315 230.25 -68.5 2.2764274892222915 0 
0007 0004 1666595182169958 8.9375 -57.5 4.417864669110647 0 
0007 0005 1666595182171683 -82.1875 -63.0 3.749049045592507 0 
0007 0015 1666595182172653 -39.0 -63.0 2.2212041808584084 0 
0007 0002 1666595182173804 17.0625 -68.0 2.7120780329818137 0 
0007 0008 1666595182174971 234.3125 -70.0 1.7426021750380885 0 
0007 0014 1666595182176390 -43.125 -60.5 4.129476280988146 0 
0007 0013 1666595182178765 34.9375 -64.0 1.239456476611598 0 
0007 0006 1666595182180269 9.75 -60.5 1.607611865704152 0 
0007 0011 1666595182183453 -21.9375 -68.0 4.301282129231338 0 
0007 0010 1666595182184365 17.0625 -68.5 1.7978254834019713 0 
0007 0004 1666595182274950 -8.9375 -57.0 4.399456899656019 0 
0007 0006 1666595182276243 -4.0625 -60.0 1.6444274046134073 0 
0007 0005 1666595182278036 26.0 -63.5 3.6999616603801666 0 
0007 0013 1666595182278964 8.9375 -64.5 1.3008157081270237 0 
0007 0008 1666595182279877 -100.0625 -70.0 2.2948352586769194 0 
0007 0014 1666595182281441 -104.125 -60.0 4.184699589352029 0 
0007 0015 1666595182282680 13.0 -62.5 2.1598449493429825 0 
0007 0011 1666595182284780 -130.1875 -68.0 4.411728745959104 0 
0007 0002 1666595182286583 17.0625 -68.5 2.7120780329818137 0 
0007 0007 1666595182287455 -17.0625 -69.0 2.6813984172241008 0 
0007 0010 1666595182288339 91.125 -69.5 1.6751070203711202 0 
0007 0010 1666595182376573 -100.0625 -69.0 1.718058482431918 0 
0007 0014 1666595182377910 -52.0625 -60.5 4.147884050442774 0 
0007 0015 1666595182379028 0.0 -62.0 2.1659808724945253 0 
0007 0011 1666595182380513 -39.0 -68.5 4.4362724385652745 0 
0007 0004 1666595182383239 -17.0625 -57.5 4.417864669110647 0 
0007 0007 1666595182385488 -113.0625 -68.5 2.6568547246179306 0 
0007 0006 1666595182386510 94.375 -60.0 1.509437095279471 0 
0007 0013 1666595182387424 17.0625 -63.5 1.2762720155208536 0 
0007 0005 1666595182389572 -74.0 -63.5 3.7981364308048478 0 
0007 0008 1666595182393180 -260.375 -70.5 2.2948352586769194 0 
0007 0002 1666595182394062 -108.1875 -68.0 2.9636508821950587 0 
0007 0002 1666595182491032 -26.0 -67.5 2.8654761117703775 0 
0007 0014 1666595182491957 8.9375 -60.5 4.04357335686655 0 
0007 0011 1666595182492903 -186.3125 -68.0 4.528311285838413 0 
0007 0006 1666595182493839 14.625 -60.0 1.5401167110371838 0 
0007 0013 1666595182495237 65.0625 -63.5 1.2087768608538851 0 
0007 0007 1666595182496402 8.9375 -69.0 2.552544031041707 0 
0007 0015 1666595182497559 52.0625 -63.0 2.0923497946760143 0 
0007 0004 1666595182498709 -17.0625 -57.0 4.405592822807561 0 
0007 0005 1666595182499849 -34.9375 -63.0 3.773592738198677 0 
0007 0008 1666595182504147 -160.3125 -71.0 2.3746022596469727 0 
0007 0010 1666595182505073 43.125 -70.0 1.6812429435226628 0 
0007 0014 1666595182593426 -52.0625 -60.0 4.123340357836604 0 
0007 0015 1666595182594293 82.1875 -62.0 2.061670178918302 0 
0007 0005 1666595182595192 -43.125 -63.5 3.785864584501762 0 
0007 0004 1666595182596357 -13.0 -57.5 4.4362724385652745 0 
0007 0013 1666595182597513 65.0625 -64.0 1.1965050145508 0 
0007 0010 1666595182598895 -230.25 -69.0 2.024854640009046 0 
0007 0011 1666595182599820 -56.125 -67.5 4.424000592262189 0 
0007 0002 1666595182601980 13.0 -68.5 2.8286605728611223 0 
0007 0008 1666595182604592 87.0625 -70.0 2.1230294104337273 0 
0007 0006 1666595182605955 28.4375 -60.5 1.607611865704152 0 
0007 0007 1666595182609709 -178.1875 -69.5 2.6445828783148455 0 
0007 0010 1666595182700143 -282.375 -69.5 2.1905245651006955 0 
0007 0002 1666595182701918 143.1875 -67.5 2.748893571891069 0 
0007 0006 1666595182703713 8.9375 -60.0 1.5401167110371838 0 
0007 0004 1666595182704596 -4.0625 -57.0 4.417864669110647 0 
0007 0005 1666595182705766 -26.0 -63.5 3.761320891895592 0 
0007 0011 1666595182706892 -21.9375 -67.5 4.264466590322082 0 
0007 0015 1666595182708458 -48.0 -62.5 2.2089323345553233 0 
0007 0014 1666595182709353 -8.9375 -60.5 4.104932588381976 0 
0007 0007 1666595182710890 -182.25 -69.5 2.6445828783148455 0 
0007 0013 1666595182711818 91.125 -64.5 1.2026409377023426 0 
0007 0008 1666595182712854 8.9375 -70.5 2.1537090261914402 0 
0007 0006 1666595182800231 52.0625 -60.0 1.533980787885641 0 
0007 0011 1666595182801399 -143.1875 -68.0 4.479223900626073 0 
0007 0004 1666595182803301 -17.0625 -57.0 4.4362724385652745 0 
0007 0005 1666595182805322 -13.0 -63.5 3.785864584501762 0 
0007 0002 1666595182806477 130.1875 -68.0 2.791845033951867 0 
0007 0007 1666595182807403 -91.125 -69.0 2.6261751088602177 0 
0007 0008 1666595182809021 -8.9375 -70.0 2.380738182798515 0 
0007 0014 1666595182809932 -17.0625 -60.0 4.0987966652304335 0 
0007 0013 1666595182811118 65.0625 -63.5 1.2455923997631406 0 
0007 0015 1666595182812044 34.9375 -62.5 2.0923497946760143 0 
0007 0010 1666595182812927 -13.0 -68.5 1.7916895602504288 0 
0007 0011 1666595182904831 -182.25 -67.5 4.466952054322987 0 
0007 0015 1666595182905982 -4.0625 -62.5 2.2027964114037806 0 
0007 0006 1666595182907133 23.5625 -60.0 1.6382914814618648 0 
0007 0010 1666595182908048 147.25 -69.5 1.5401167110371838 0 
0007 0013 1666595182909174 43.125 -64.0 1.2333205534600555 0 
0007 0008 1666595182910112 139.125 -70.5 2.055534255766759 0 
0007 0004 1666595182911743 21.9375 -57.5 4.442408361716817 0 
0007 0007 1666595182913367 52.0625 -69.0 2.6016314162540475 0 
0007 0002 1666595182915993 -13.0 -68.0 2.988194574801229 0 
0007 0005 1666595182919471 8.9375 -63.5 3.7429131224409646 0 
0007 0014 1666595182920339 4.0625 -60.5 4.104932588381976 0 
0007 0015 1666595183011657 30.0625 -62.5 2.1475731030398975 0 
0007 0014 1666595183013064 -56.125 -60.0 4.1417481272912315 0 
0007 0002 1666595183014245 -52.0625 -68.0 2.9575149590435164 0 
0007 0004 1666595183015638 -13.0 -57.0 4.473087977474529 0 
0007 0007 1666595183018381 113.0625 -68.5 2.429825568010856 0 
0007 0010 1666595183019563 108.1875 -69.0 1.6873788666742053 0 
0007 0005 1666595183020504 -56.125 -63.0 3.847223816017188 0 
0007 0006 1666595183021839 47.1875 -60.5 1.5892040962495242 0 
0007 0013 1666595183024854 -48.0 -64.0 1.3499030933393643 0 
0007 0008 1666595183026247 -152.125 -70.0 2.4605051837685683 0 
0007 0011 1666595183027869 -147.25 -68.0 4.399456899656019 0 
0007 0007 1666595183117341 -17.0625 -69.0 2.730485802436441 0 
0007 0005 1666595183118523 56.125 -63.0 3.6876898140770815 0 
0007 0013 1666595183119678 65.0625 -64.5 1.2455923997631406 0 
0007 0014 1666595183121390 -61.0 -60.5 4.1417481272912315 0 
0007 0004 1666595183122586 -30.0625 -57.0 4.503767593232243 0 
0007 0006 1666595183123693 8.9375 -60.5 1.6444274046134073 0 
0007 0008 1666595183125046 -126.125 -70.0 2.36846633649543 0 
0007 0011 1666595183127419 61.0 -67.0 4.387185053352934 0 
0007 0015 1666595183130017 4.0625 -62.5 2.1598449493429825 0 
0007 0010 1666595183134045 34.9375 -69.5 1.7978254834019713 0 
0007 0002 1666595183134929 -104.125 -68.0 3.0066023442558567 0 
0007 0010 1666595183224033 -26.0 -68.5 1.6996507129772904 0 
0007 0006 1666595183225169 38.1875 -60.0 1.6014759425526093 0 
0007 0014 1666595183226291 21.9375 -60.0 4.061981126321178 0 
0007 0013 1666595183227448 56.125 -64.0 1.239456476611598 0 
0007 0008 1666595183228373 139.125 -69.0 2.061670178918302 0 
0007 0011 1666595183229301 -126.125 -67.0 4.479223900626073 0 
0007 0015 1666595183231899 13.0 -62.5 2.110757564130642 0 
0007 0004 1666595183233561 17.0625 -57.5 4.473087977474529 0 
0007 0007 1666595183234520 -87.0625 -69.0 2.736621725587984 0 
0007 0002 1666595183235940 17.0625 -68.0 2.945243112740431 0 
0007 0005 1666595183237321 43.125 -64.0 3.6876898140770815 0 
0007 0011 1666595183330173 -87.0625 -68.0 4.3503695144436785 0 
0007 0004 1666595183331566 -30.0625 -57.5 4.522175362686871 0 
0007 0005 1666595183335189 -117.125 -63.5 3.9453985864418692 0 
0007 0007 1666595183336103 -65.0625 -70.5 2.5341362615870793 0 
0007 0002 1666595183337028 -82.1875 -67.0 3.172272269347506 0 
0007 0010 1666595183338649 52.0625 -69.0 1.748738098189631 0 
0007 0006 1666595183339675 -65.0625 -60.0 1.7548740213411735 0 
0007 0014 1666595183340584 -17.0625 -60.5 4.1417481272912315 0 
0007 0015 1666595183341752 8.9375 -62.5 2.1598449493429825 0 
0007 0013 1666595183343067 52.0625 -64.0 1.2946797849754812 0 
0007 0008 1666595183344119 -26.0 -70.0 2.36846633649543 0 
0007 0008 1666595183431591 48.0 -71.0 2.454369260617026 0 
0007 0011 1666595183435468 -100.0625 -68.5 4.442408361716817 0 
0007 0005 1666595183437682 52.0625 -63.5 3.7551849687440497 0 
0007 0014 1666595183438562 -34.9375 -60.5 4.123340357836604 0 
0007 0013 1666595183439944 -61.0 -63.0 1.3192234775816514 0 
0007 0015 1666595183440839 8.9375 -62.5 2.1230294104337273 0 
0007 0010 1666595183441768 48.0 -68.0 1.6689710972195777 0 
0007 0002 1666595183443127 -4.0625 -67.5 3.098641191528995 0 
0007 0004 1666595183444039 4.0625 -57.0 4.540583132141498 0 
0007 0006 1666595183444893 -28.4375 -60.0 1.6873788666742053 0 
0007 0007 1666595183446163 156.1875 -70.0 2.380738182798515 0 
0007 0002 1666595183534859 108.1875 -67.5 2.9206994201342606 0 
0007 0004 1666595183536017 0.0 -57.0 4.522175362686871 0 
0007 0007 1666595183537471 -165.1875 -69.5 2.834796496012665 0 
0007 0014 1666595183539961 -17.0625 -60.0 4.1172044346850605 0 
0007 0013 1666595183540875 4.0625 -64.5 1.3621749396424494 0 
0007 0005 1666595183542226 -8.9375 -63.5 3.8533597391687304 0 
0007 0015 1666595183543866 34.9375 -62.5 2.12916533358527 0 
0007 0006 1666595183545228 -28.4375 -60.0 1.7426021750380885 0 
0007 0010 1666595183546111 -34.9375 -69.5 1.945087639038993 0 
0007 0008 1666595183547005 4.0625 -71.0 2.3071071049800045 0 
0007 0011 1666595183548756 -39.0 -67.5 4.454680208019902 0 
0007 0014 1666595183638503 -21.9375 -60.5 4.104932588381976 0 
0007 0002 1666595183640780 26.0 -67.5 3.1906800388021335 0 
0007 0004 1666595183641719 -48.0 -57.0 4.632621979414636 0 
0007 0013 1666595183642649 -117.125 -64.5 1.4664856332186729 0 
0007 0010 1666595183643589 -195.25 -68.5 2.073942025221387 0 
0007 0006 1666595183645257 0.0 -59.5 1.6873788666742053 0 
0007 0005 1666595183646900 -52.0625 -63.5 3.9208548938356986 0 
0007 0015 1666595183647826 8.9375 -63.0 2.172116795646068 0 
0007 0008 1666595183649324 -69.125 -69.5 2.5034566458293663 0 
0007 0007 1666595183651090 -108.1875 -70.0 2.7550294950426117 0 
0007 0011 1666595183652016 -34.9375 -68.0 4.442408361716817 0 
0007 0014 1666595183742854 -21.9375 -60.0 4.129476280988146 0 
0007 0015 1666595183743768 95.1875 -62.5 2.073942025221387 0 
0007 0010 1666595183745432 108.1875 -70.0 1.748738098189631 0 
0007 0011 1666595183746613 30.0625 -68.0 4.417864669110647 0 
0007 0006 1666595183747524 52.0625 -60.0 1.718058482431918 0 
0007 0004 1666595183748462 -26.0 -57.5 4.6448938257177215 0 
0007 0013 1666595183750162 78.0625 -63.0 1.2517283229146832 0 
0007 0002 1666595183751087 13.0 -67.5 3.2029518851052186 0 
0007 0008 1666595183751983 39.0 -69.5 2.5280003384355365 0 
0007 0005 1666595183753024 -87.0625 -63.5 3.9638063558964967 0 
0007 0007 1666595183754749 -113.0625 -70.0 2.742757648739526 0 
0007 0014 1666595183845460 0.0 -60.5 4.111068511533518 0 
0007 0013 1666595183846662 -8.9375 -64.0 1.4296700943094176 0 
0007 0004 1666595183847617 48.0 -57.0 4.540583132141498 0 
0007 0008 1666595183849506 -61.0 -69.5 2.454369260617026 0 
0007 0011 1666595183851425 -52.0625 -68.0 4.503767593232243 0 
0007 0006 1666595183852320 34.9375 -60.5 1.6751070203711202 0 
0007 0015 1666595183853333 74.0 -63.0 2.098485717827557 0 
0007 0005 1666595183854740 56.125 -63.5 3.810408277107933 0 
0007 0002 1666595183856119 -100.0625 -68.0 3.3440781175906977 0 
0007 0007 1666595183858295 -156.1875 -69.0 2.804116880254952 0 
0007 0010 1666595183859206 82.1875 -69.5 1.7426021750380885 0 
0007 0004 1666595183948400 8.9375 -57.0 4.626486056263094 0 
0007 0015 1666595183949286 21.9375 -63.0 2.110757564130642 0 
0007 0005 1666595183951206 -30.0625 -63.0 3.9822141253511245 0 
0007 0011 1666595183952134 -43.125 -67.5 4.583534594202296 0 
0007 0008 1666595183953033 342.5625 -70.0 2.2580197197676637 0 
0007 0013 1666595183954187 39.0 -63.5 1.3069516312785663 0 
0007 0006 1666595183955081 -8.9375 -59.5 1.7671458676442586 0 
0007 0014 1666595183957596 34.9375 -60.5 4.09266074207889 0 
0007 0002 1666595183958522 -34.9375 -66.5 3.3440781175906977 0 
0007 0010 1666595183959887 -4.0625 -69.5 2.000310947402876 0 
0007 0007 1666595183962224 286.4375 -70.0 2.3316507975861747 0 
0007 0010 1666595184050063 34.9375 -69.5 1.846912868614312 0 
0007 0002 1666595184050961 -113.0625 -67.5 3.4054373491061236 0 
0007 0008 1666595184052140 43.125 -70.5 2.442097414313941 0 
0007 0015 1666595184053322 26.0 -62.0 2.1598449493429825 0 
0007 0005 1666595184056163 26.0 -63.5 3.877903431774901 0 
0007 0004 1666595184060040 13.0 -57.5 4.669437518323892 0 
0007 0014 1666595184060993 -17.0625 -60.0 4.080388895775806 0 
0007 0011 1666595184061879 -21.9375 -67.5 4.460816131171445 0 
0007 0007 1666595184062810 -412.5625 -70.5 3.2459033471660166 0 
0007 0006 1666595184063718 -26.0 -60.0 1.8407769454627694 0 
0007 0013 1666595184065515 87.0625 -63.5 1.2640001692177683 0 
0007 0005 1666595184155689 -56.125 -63.5 4.031301510563465 0 
0007 0004 1666595184159194 -48.0 -57.5 4.71238898038469 0 
0007 0010 1666595184160106 30.0625 -69.5 1.9512235621905356 0 
0007 0014 1666595184161016 -21.9375 -60.5 4.129476280988146 0 
0007 0006 1666595184162912 -4.0625 -60.0 1.748738098189631 0 
0007 0002 1666595184163827 -39.0 -67.5 3.4177091954092087 0 
0007 0015 1666595184164724 17.0625 -62.0 2.110757564130642 0 
0007 0013 1666595184165893 -65.0625 -63.0 1.4664856332186729 0 
0007 0007 1666595184167602 78.0625 -69.5 2.6691265709210157 0 
0007 0011 1666595184168514 -95.1875 -67.5 4.663301595172349 0 
0007 0008 1666595184170164 -39.0 -69.5 2.497320722677824 0 
0007 0015 1666595184261046 -43.125 -62.0 2.2027964114037806 0 
0007 0004 1666595184264902 -30.0625 -57.0 4.693981210930062 0 
0007 0007 1666595184266508 152.125 -70.0 2.6016314162540475 0 
0007 0011 1666595184267798 -82.1875 -68.5 4.454680208019902 0 
0007 0014 1666595184268711 -65.0625 -60.5 4.2031073588066565 0 
0007 0013 1666595184269864 74.0 -63.5 1.3130875544301088 0 
0007 0005 1666595184271633 34.9375 -63.5 3.9269908169872414 0 
0007 0006 1666595184272809 8.9375 -59.5 1.7978254834019713 0 
0007 0008 1666595184273849 130.1875 -70.5 2.5034566458293663 0 
0007 0010 1666595184274930 43.125 -69.5 1.9082721001297376 0 
0007 0002 1666595184275856 74.0 -67.5 3.3011266555298997 0 
0007 0015 1666595184377217 69.125 -62.5 2.1046216409791 0 
0007 0010 1666595184378370 13.0 -69.0 2.067806102069844 0 
0007 0007 1666595184379895 26.0 -69.5 2.804116880254952 0 
0007 0013 1666595184380852 61.0 -63.5 1.3192234775816514 0 
0007 0004 1666595184381988 4.0625 -57.5 4.718524903536232 0 
0007 0008 1666595184382914 -26.0 -70.0 2.3623304133438876 0 
0007 0014 1666595184384123 -104.125 -60.5 4.2031073588066565 0 
0007 0011 1666595184385232 -95.1875 -68.5 4.638757902566179 0 
0007 0005 1666595184386189 -65.0625 -63.0 4.000621894805752 0 
0007 0002 1666595184387895 -56.125 -68.0 3.485204350076177 0 
0007 0006 1666595184388845 -9.75 -60.0 1.859184714917397 0 
0007 0004 1666595184479823 17.0625 -57.0 4.6878452877785195 0 
0007 0002 1666595184481431 -69.125 -67.5 3.5036121195308043 0 
0007 0011 1666595184482329 -17.0625 -68.0 4.479223900626073 0 
0007 0005 1666595184483711 56.125 -63.5 3.9392626632903265 0 
0007 0014 1666595184485117 -61.0 -60.5 4.1417481272912315 0 
0007 0006 1666595184486267 -42.3125 -59.5 1.8714565612204823 0 
0007 0013 1666595184487136 4.0625 -63.5 1.4173982480063325 0 
0007 0010 1666595184490193 -269.3125 -69.5 2.282563412373834 0 
0007 0015 1666595184492322 69.125 -62.5 2.1230294104337273 0 
0007 0008 1666595184495987 -169.25 -70.5 2.6875343403756435 0 
0007 0007 1666595184496915 -156.1875 -70.0 2.9697868053466014 0 
