0007 0005 1666602577625227 -34.9375 -69.0 0.7301748550335652 9 
0007 0014 1666602577630308 56.125 -66.0 0.4111068511533518 9 
0007 0003 1666602577641342 7.6875 -73.0 0.09817477042468103 9 
0007 0002 1666602577658702 0.75 -77.5 1.8530487917658545 9 
0007 0012 1666602577727528 5.9375 -75.5 4.908738521234052 9 
0007 0014 1666602577746487 -191.1875 -69.5 0.11658253987930872 9 
0007 0011 1666602577748548 -26.0 -67.5 3.9638063558964967 9 
0007 0002 1666602577812448 4.875 -76.5 2.859340188618835 9 
0007 0015 1666602577822535 -10.5 -73.5 5.64504929941916 9 
0007 0012 1666602577824685 20.25 -73.5 2.509592568980909 9 
0007 0005 1666602577826843 -8.0625 -72.5 4.81056375080937 9 
0007 0012 1666602577904447 -34.9375 -67.5 4.184699589352029 9 
0007 0014 1666602577905386 100.0625 -70.5 6.166602767300278 9 
0007 0011 1666602577908169 -26.0 -69.5 6.14819499784565 9 
0007 0005 1666602577909479 30.0625 -66.5 5.289165756629691 9 
0007 0002 1666602577930432 31.3125 -75.0 3.518951927409661 9 
0007 0005 1666602578023456 0.0 -67.0 5.816855147662351 9 
0007 0012 1666602578024703 13.0 -66.0 4.681709364626977 9 
0007 0006 1666602578027205 -113.875 -70.5 1.3621749396424494 9 
0007 0011 1666602578028190 52.0625 -66.5 1.0185632431560658 9 
0007 0007 1666602578030741 48.0 -72.0 6.037748381117884 9 
0007 0002 1666602578034017 -147.25 -71.0 4.884194828627882 9 
0007 0014 1666602578034898 -91.125 -71.5 0.03681553890925539 9 
0007 0003 1666602578064073 -2.125 -75.5 5.418020142812084 9 
0007 0015 1666602578083048 7.75 -70.0 4.859651136021712 9 
0007 0008 1666602578128300 -0.4375 -72.5 6.007068765360171 9 
0007 0014 1666602578145688 43.125 -69.5 0.30679615757712825 9 
0007 0012 1666602578147369 -104.125 -68.5 5.393476450205914 9 
0007 0015 1666602578150309 95.1875 -65.0 3.9269908169872414 9 
0007 0011 1666602578151477 -113.0625 -65.5 2.3930100291016 9 
0007 0008 1666602578152614 30.0625 -69.5 6.086835766330224 9 
0007 0005 1666602578153793 -48.0 -70.0 6.105243535784852 9 
0007 0002 1666602578155624 152.125 -71.0 5.485515297479052 9 
0007 0006 1666602578156522 -208.3125 -69.5 2.6384469551633027 9 
0007 0003 1666602578172575 -126.125 -71.5 2.748893571891069 9 
0007 0007 1666602578174739 -78.0625 -73.0 0.6381360077604268 9 
0007 0012 1666602578271632 4.0625 -67.0 5.368932757599744 9 
0007 0010 1666602578274646 30.0625 -69.0 1.3621749396424494 9 
0007 0007 1666602578275644 17.0625 -72.0 0.4663301595172349 9 
0007 0015 1666602578276825 65.0625 -63.5 2.9575149590435164 9 
0007 0014 1666602578278230 13.0 -62.0 0.19634954084936207 9 
0007 0011 1666602578279388 -225.375 -67.0 2.270291566070749 9 
0007 0008 1666602578280367 61.0 -67.5 0.7792622402459057 9 
0007 0003 1666602578311653 -20.25 -75.0 0.4663301595172349 9 
0007 0008 1666602578390175 -4.0625 -66.5 1.8346410223112268 9 
0007 0014 1666602578392861 52.0625 -64.0 0.7363107781851077 9 
0007 0011 1666602578394414 52.0625 -67.5 1.9512235621905356 9 
0007 0007 1666602578395541 247.375 -69.5 0.9756117810952678 9 
0007 0012 1666602578397077 351.5 -73.0 4.558990901596125 9 
0007 0010 1666602578420778 12.1875 -72.5 4.6878452877785195 9 
0007 0003 1666602578424793 -11.4375 -74.5 1.380582709097077 9 
0007 0010 1666602578508185 160.3125 -70.0 1.748738098189631 9 
0007 0014 1666602578509096 -48.0 -66.5 6.050020227420969 9 
0007 0011 1666602578512664 -173.3125 -64.5 3.0127382674073995 9 
0007 0012 1666602578514799 143.1875 -69.5 5.595961914206819 9 
0007 0008 1666602578516116 8.9375 -67.0 2.423689644859313 9 
0007 0007 1666602578535454 23.625 -75.0 5.129631754689584 9 
0007 0005 1666602578614674 -7.0625 -72.0 2.012582793705961 9 
0007 0011 1666602578701311 100.0625 -66.0 5.45483568172134 9 
0007 0015 1666602578702437 -82.1875 -65.0 3.8963112012295285 9 
0007 0008 1666602578703334 34.9375 -68.0 4.534447208989955 9 
0007 0005 1666602578704489 52.0625 -67.0 6.062292073724054 9 
0007 0012 1666602578709901 147.25 -68.0 1.282407938672396 9 
0007 0005 1666602578807561 178.1875 -63.5 0.7731263170943632 9 
0007 0015 1666602578809226 30.0625 -65.5 3.6447383520162835 9 
0007 0012 1666602578815219 -21.9375 -70.0 3.32567034813607 9 
0007 0002 1666602578828864 37.0 -74.5 4.009825779533066 9 
0007 0005 1666602578917133 4.0625 -63.0 1.9696313316451632 9 
0007 0015 1666602578918065 -61.0 -68.0 4.2031073588066565 9 
0007 0012 1666602578922513 -48.0 -65.0 5.8659425328746915 9 
0007 0011 1666602578926413 -100.0625 -70.0 4.693981210930062 9 
0007 0013 1666602578952900 14.625 -75.5 1.3314953238847365 9 
0007 0002 1666602578955636 -1.625 -78.0 1.607611865704152 9 
0007 0010 1666602578960944 0.75 -73.5 0.3988350048502667 9 
0007 0011 1666602579043256 -34.9375 -64.0 5.988660995905543 9 
0007 0010 1666602579044887 -82.1875 -69.5 2.061670178918302 9 
0007 0005 1666602579046041 39.0 -65.5 3.2704470397721868 9 
0007 0015 1666602579047211 -43.125 -66.5 4.325825821837508 9 
0007 0014 1666602579132391 2.625 -72.0 6.154330920997192 9 
0007 0005 1666602579153633 -78.0625 -70.0 4.657165672020807 9 
0007 0015 1666602579155268 -4.0625 -67.0 4.902602598082509 9 
0007 0010 1666602579158084 21.9375 -67.5 3.933126740138784 9 
0007 0014 1666602579159449 -26.0 -62.5 4.2031073588066565 9 
0007 0011 1666602579160588 39.0 -63.0 0.4356505437595221 9 
0007 0005 1666602579260204 17.0625 -71.0 0.04295146206079795 9 
0007 0011 1666602579261217 -21.9375 -62.0 0.8774370106705868 9 
0007 0014 1666602579264599 -48.0 -62.0 2.7120780329818137 9 
0007 0008 1666602579268361 -21.9375 -70.5 5.4671075280244255 9 
0007 0002 1666602579286357 47.125 -78.0 1.214912784005428 9 
0007 0015 1666602579318012 1.9375 -73.5 5.399612373357457 9 
0007 0007 1666602579341589 6.75 -75.0 1.9082721001297376 9 
0007 0011 1666602579380887 26.0 -59.5 1.5155730184310134 9 
0007 0014 1666602579383630 121.25 -67.0 1.4358060174609601 9 
0007 0008 1666602579384583 48.0 -68.0 0.380427235395639 9 
0007 0005 1666602579387043 108.1875 -68.0 1.7794177139473437 9 
0007 0002 1666602579409477 -12.9375 -76.5 2.1353012567368124 9 
0007 0015 1666602579446888 2.875 -73.0 4.565126824747668 9 
0007 0014 1666602579507267 -48.0 -65.0 4.221515128261284 9 
0007 0011 1666602579508521 30.0625 -60.5 2.356194490192345 9 
0007 0008 1666602579509446 78.0625 -67.0 1.6014759425526093 9 
0007 0015 1666602579510347 104.125 -70.0 1.1719613219446299 9 
0007 0005 1666602579512716 -82.1875 -65.0 3.153864499892878 9 
0007 0013 1666602579527829 -87.0625 -71.0 2.6445828783148455 9 
0007 0002 1666602579538691 -8.5 -74.5 5.807651262935037 9 
0007 0004 1666602579555570 -12.1875 -74.0 5.773903685601553 9 
0007 0010 1666602579584315 -4.875 -74.5 0.12885438618239387 9 
0007 0011 1666602579637310 -48.0 -61.5 3.5772431973493153 9 
0007 0014 1666602579639753 21.9375 -69.5 2.804116880254952 9 
0007 0008 1666602579641501 -65.0625 -69.5 2.9145634969827183 9 
0007 0004 1666602579642412 -82.1875 -71.0 6.117515382087937 9 
0007 0010 1666602579643564 -4.0625 -69.0 1.6444274046134073 9 
0007 0005 1666602579645638 -186.3125 -63.0 4.252194744018997 9 
0007 0002 1666602579647783 130.1875 -74.5 3.0925052683774528 9 
0007 0015 1666602579670244 8.0625 -73.5 3.706097583531709 9 
0007 0014 1666602579747749 34.9375 -62.5 3.141592653589793 9 
0007 0011 1666602579749113 -13.0 -66.5 4.374913207049849 9 
0007 0005 1666602579750027 56.125 -62.0 4.479223900626073 9 
0007 0010 1666602579754142 -43.125 -64.5 3.9638063558964967 9 
0007 0004 1666602579755936 195.25 -72.0 0.1718058482431918 9 
0007 0002 1666602579783095 9.75 -77.0 4.1172044346850605 9 
0007 0012 1666602579786027 -9.75 -75.5 1.3560390164909069 9 
0007 0006 1666602579811462 -0.4375 -73.5 0.47860200582032003 9 
0007 0007 1666602579867298 -208.3125 -71.0 4.896466674930966 9 
0007 0005 1666602579869260 69.125 -63.5 5.062136600022616 9 
0007 0006 1666602579870198 82.1875 -70.0 0.6442719309119693 9 
0007 0010 1666602579871579 17.0625 -64.0 5.1725832167503825 9 
0007 0014 1666602579876146 -78.0625 -67.5 3.5465635815916023 9 
0007 0002 1666602579900163 -9.0 -77.5 5.47937937432751 9 
0007 0013 1666602579931547 1.9375 -75.5 2.411417798556228 9 
0007 0005 1666602579985803 -48.0 -70.0 0.8406214717613314 9 
0007 0010 1666602579988974 4.0625 -63.5 5.841398840268521 9 
0007 0006 1666602579990069 127.75 -68.5 1.4971652489763858 9 
0007 0014 1666602579992058 -334.4375 -71.5 4.129476280988146 9 
0007 0007 1666602579992941 -260.375 -72.5 6.000932842208628 9 
0007 0003 1666602580024558 -3.1875 -75.5 0.760854470791278 9 
0007 0002 1666602580028825 12.1875 -76.5 0.46019423636569234 9 
0007 0015 1666602580099810 3.1875 -73.0 6.013204688511713 9 
0007 0005 1666602580119363 -17.0625 -64.5 3.3440781175906977 9 
0007 0010 1666602580120573 -26.0 -63.0 0.6135923151542565 9 
0007 0015 1666602580122632 -169.25 -71.0 3.822680123411018 9 
0007 0011 1666602580124710 -221.3125 -70.5 2.552544031041707 9 
0007 0006 1666602580126534 0.0 -70.0 2.6445828783148455 9 
0007 0002 1666602580152893 -4.0625 -77.0 1.368310862793992 9 
0007 0015 1666602580228740 30.0625 -63.5 1.325359400733194 9 
0007 0005 1666602580230731 -65.0625 -61.5 3.834951969714103 9 
0007 0011 1666602580231928 -87.0625 -67.5 3.0250101137104846 9 
0007 0010 1666602580233110 39.0 -63.5 1.1290098598838318 9 
0007 0012 1666602580237943 -43.125 -69.5 0.9019807032767571 9 
0007 0006 1666602580240190 -38.1875 -72.5 4.344233591292136 9 
0007 0002 1666602580268034 39.8125 -78.0 2.693670263527186 9 
0007 0014 1666602580298684 7.125 -74.0 3.423845118560751 9 
0007 0010 1666602580350019 21.9375 -64.0 1.8530487917658545 9 
0007 0005 1666602580351543 -39.0 -62.0 3.7429131224409646 9 
0007 0012 1666602580352457 91.125 -67.0 1.5892040962495242 9 
0007 0014 1666602580353863 -121.25 -68.0 4.387185053352934 9 
0007 0006 1666602580355028 78.0625 -67.0 0.2270291566070749 9 
0007 0015 1666602580356014 -113.0625 -68.5 1.8285050991596843 9 
0007 0002 1666602580382009 13.875 -77.0 4.522175362686871 9 
0007 0010 1666602580458471 -43.125 -62.0 3.393165502803038 9 
0007 0006 1666602580460754 -9.75 -68.5 2.0064468705544187 9 
0007 0005 1666602580461782 -26.0 -63.5 4.1172044346850605 9 
0007 0014 1666602580463134 -65.0625 -65.0 3.9269908169872414 9 
0007 0003 1666602580518048 7.125 -76.5 5.117359908386499 9 
0007 0015 1666602580523387 -4.0625 -74.5 1.7241944055834606 9 
0007 0008 1666602580554791 1.125 -72.0 4.828971520263998 9 
0007 0006 1666602580586345 -52.0625 -72.0 3.2397674240144743 9 
0007 0005 1666602580587642 -39.0 -64.5 4.73693267299086 9 
0007 0010 1666602580588554 -39.0 -61.5 4.06811704947272 9 
0007 0014 1666602580589519 0.0 -63.5 4.651029748869264 9 
0007 0008 1666602580592542 95.1875 -69.5 1.662835174068035 9 
0007 0003 1666602580611907 -30.0 -75.0 2.730485802436441 9 
0007 0005 1666602580694332 30.0625 -67.5 5.491651220630596 9 
0007 0014 1666602580695939 34.9375 -68.5 4.71238898038469 9 
0007 0008 1666602580698454 39.0 -68.5 2.0064468705544187 9 
0007 0010 1666602580701084 -74.0 -61.0 4.06811704947272 9 
0007 0006 1666602580701981 213.1875 -70.5 2.9145634969827183 9 
0007 0012 1666602580786701 4.0 -73.0 1.7303303287350031 9 
0007 0010 1666602580805695 -56.125 -61.5 4.28287435977671 9 
0007 0006 1666602580811158 13.0 -68.5 3.3870295796514958 9 
0007 0015 1666602580812443 13.0 -65.0 0.8958447801252144 9 
0007 0005 1666602580813596 -69.125 -68.5 2.380738182798515 9 
0007 0012 1666602580814509 -95.1875 -68.0 4.908738521234052 9 
0007 0008 1666602580822884 -31.3125 -70.5 4.120272396260832 9 
0007 0008 1666602580912625 91.125 -68.0 4.95168998329485 9 
0007 0010 1666602580914417 61.0 -63.5 5.442563835418255 9 
0007 0012 1666602580916148 0.0 -61.0 5.178719139901925 9 
0007 0015 1666602580917312 48.0 -64.0 6.215690152512618 9 
0007 0005 1666602580918450 61.0 -62.5 4.381049130201391 9 
0007 0006 1666602580919343 0.0 -67.5 4.491495746929157 9 
0007 0002 1666602580944704 3.1875 -76.5 4.945554060143307 9 
0007 0003 1666602580984744 -2.125 -76.5 5.6143696836614465 9 
0007 0010 1666602581034832 0.0 -65.5 1.2946797849754812 9 
0007 0006 1666602581035876 -42.3125 -68.5 0.5399612373357456 9 
0007 0015 1666602581036763 104.125 -65.0 0.5706408530934585 9 
0007 0005 1666602581038693 -17.0625 -61.5 5.700272607783043 9 
0007 0012 1666602581039636 43.125 -59.0 0.7976700097005334 9 
0007 0008 1666602581042003 -61.0 -70.5 0.47860200582032003 9 
0007 0011 1666602581044859 21.9375 -69.5 6.000932842208628 9 
0007 0003 1666602581078666 7.3125 -75.5 0.30066023442558565 9 
0007 0005 1666602581158435 8.9375 -61.5 0.8467573949128739 9 
0007 0012 1666602581160454 30.0625 -70.0 5.460971604872882 9 
0007 0008 1666602581161359 0.0 -66.5 2.030990563160589 9 
0007 0006 1666602581163068 -174.9375 -66.0 2.730485802436441 9 
0007 0015 1666602581164477 30.0625 -64.5 0.619728238305799 9 
0007 0011 1666602581169921 -17.0625 -68.5 1.564660403643354 9 
0007 0010 1666602581171049 -104.125 -66.5 4.442408361716817 9 
0007 0014 1666602581172586 -39.0 -69.0 6.209554229361076 9 
0007 0004 1666602581199132 2.4375 -74.0 6.215690152512618 9 
0007 0013 1666602581221829 -9.0 -74.5 1.2701360923693108 9 
0007 0002 1666602581237615 -2.5625 -78.5 0.9326603190344698 9 
0007 0003 1666602581241383 0.0 -76.5 2.141437179888355 9 
0007 0014 1666602581291083 -4.0625 -63.0 0.5829126993965437 9 
0007 0015 1666602581293078 56.125 -66.5 0.9142525495798421 9 
0007 0006 1666602581293989 -113.0625 -68.5 4.0558452031696355 9 
0007 0005 1666602581296248 30.0625 -63.5 2.429825568010856 9 
0007 0004 1666602581298010 165.1875 -71.0 0.42337869745643697 9 
0007 0008 1666602581298932 -21.9375 -65.5 2.761165418194154 9 
0007 0002 1666602581339346 13.0 -75.0 4.893398713355196 9 
0007 0003 1666602581349980 9.0 -74.5 0.30679615757712825 9 
0007 0011 1666602581354906 0.75 -73.5 0.3436116964863836 9 
0007 0013 1666602581369937 -2.4375 -69.0 4.01902966426038 9 
0007 0013 1666602581445241 -34.9375 -64.5 0.1902136176978195 9 
0007 0014 1666602581447104 -134.25 -68.5 3.2888548092268146 9 
0007 0005 1666602581449378 -21.9375 -67.5 4.522175362686871 9 
0007 0008 1666602581450661 -117.125 -63.5 4.1417481272912315 9 
0007 0011 1666602581452463 -152.125 -71.5 5.522330836388308 9 
0007 0002 1666602581453979 160.3125 -72.5 5.325981295538946 9 
0007 0004 1666602581455770 -78.0625 -72.0 1.2210487071569704 9 
0007 0003 1666602581458404 -152.125 -72.0 1.043106935762236 9 
0007 0014 1666602581555414 39.0 -61.0 1.2026409377023426 9 
0007 0011 1666602581557705 13.0 -67.0 6.000932842208628 9 
0007 0008 1666602581558617 -56.125 -61.0 5.47937937432751 9 
0007 0013 1666602581560467 26.0 -63.5 3.3440781175906977 9 
0007 0005 1666602581561592 -173.3125 -69.5 5.8475347634200645 9 
0007 0010 1666602581577436 -282.375 -72.0 4.313553975534423 9 
0007 0002 1666602581588893 -208.3125 -72.5 0.32520392703175593 9 
0007 0003 1666602581676825 1.125 -77.0 5.982525072754001 9 
0007 0014 1666602581695785 82.1875 -61.0 1.337631247036279 9 
0007 0013 1666602581698273 -8.9375 -60.5 4.411728745959104 9 
0007 0011 1666602581699712 39.0 -67.0 0.47860200582032003 9 
0007 0008 1666602581700918 -13.0 -60.0 0.39269908169872414 9 
0007 0005 1666602581704363 78.0625 -69.5 0.8528933180644165 9 
0007 0010 1666602581707273 -208.3125 -72.0 4.957825906446392 9 
0007 0002 1666602581709889 113.0625 -72.5 0.619728238305799 9 
0007 0006 1666602581724600 2.4375 -72.5 3.890175278077986 9 
0007 0003 1666602581760091 17.375 -77.0 0.2699806186678728 9 
0007 0005 1666602581817343 -113.0625 -66.5 1.9266798695843652 9 
0007 0008 1666602581818491 -13.0 -63.0 0.6320000846088841 9 
0007 0006 1666602581819374 -99.25 -69.5 1.012427320004523 9 
0007 0013 1666602581820288 13.0 -62.0 0.030679615757712823 9 
0007 0014 1666602581821948 -39.0 -67.0 4.871922982324796 9 
0007 0010 1666602581822862 52.0625 -71.0 5.66959299202533 9 
0007 0011 1666602581825418 -91.125 -69.0 0.20248546400090464 9 
0007 0002 1666602581844902 -12.9375 -77.0 1.3130875544301088 9 
0007 0003 1666602581854526 -6.5 -75.0 0.8099418560036186 9 
0007 0012 1666602581871936 -5.3125 -78.5 5.890486225480862 9 
0007 0015 1666602581936101 113.0625 -66.5 1.9144080232812801 9 
0007 0006 1666602581937023 75.625 -65.5 1.8407769454627694 9 
0007 0010 1666602581939025 -17.0625 -62.0 6.166602767300278 9 
0007 0003 1666602581940774 39.0 -72.0 4.28287435977671 9 
0007 0008 1666602581941670 17.0625 -65.5 1.4419419406125027 9 
0007 0013 1666602581942600 30.0625 -65.0 0.2945243112740431 9 
0007 0005 1666602581943554 -8.9375 -64.5 2.350058567040802 9 
0007 0014 1666602581944933 -4.0625 -62.0 2.9391071895888885 9 
0007 0011 1666602581945946 17.0625 -70.0 1.3008157081270237 9 
0007 0012 1666602581947058 69.125 -69.5 3.54042765844006 9 
0007 0010 1666602582044665 -21.9375 -61.0 6.209554229361076 9 
0007 0006 1666602582045561 -179.8125 -63.0 2.6016314162540475 9 
0007 0003 1666602582046498 69.125 -70.5 5.019185137961818 9 
0007 0013 1666602582051084 48.0 -65.5 0.8099418560036186 9 
0007 0008 1666602582052279 -126.125 -66.5 2.454369260617026 9 
0007 0005 1666602582053980 34.9375 -65.5 2.9084275738311756 9 
0007 0014 1666602582056080 -191.1875 -67.0 2.4727770300716534 9 
0007 0015 1666602582057005 -4.0625 -66.5 1.718058482431918 9 
0007 0006 1666602582154571 -90.3125 -63.5 3.2520392703175593 9 
0007 0013 1666602582155499 21.9375 -61.5 1.8100973297050567 9 
0007 0003 1666602582156906 78.0625 -71.5 5.6143696836614465 9 
0007 0015 1666602582159026 130.1875 -67.0 1.6260196351587797 9 
0007 0010 1666602582160660 -69.125 -63.0 0.2945243112740431 9 
0007 0005 1666602582162892 -21.9375 -68.0 4.424000592262189 9 
0007 0008 1666602582165471 8.9375 -66.0 3.1784081924990484 9 
0007 0002 1666602582193498 -13.875 -77.0 3.718369429834794 9 
0007 0014 1666602582259812 -2.625 -73.5 4.884194828627882 9 
0007 0004 1666602582270236 -6.8125 -75.0 5.031456984264903 9 
0007 0014 1666602582285927 -165.1875 -69.5 1.8714565612204823 9 
0007 0005 1666602582286898 104.125 -66.5 6.043884304269426 9 
0007 0010 1666602582289740 30.0625 -62.5 0.8283496254582462 9 
0007 0012 1666602582291484 87.0625 -66.0 0.7485826244881929 9 
0007 0008 1666602582293103 74.0 -66.5 3.988350048502667 9 
0007 0011 1666602582295379 43.125 -71.5 2.945243112740431 9 
0007 0006 1666602582296612 0.0 -64.5 3.6999616603801666 9 
0007 0015 1666602582297790 -160.3125 -66.5 6.234097921967246 9 
0007 0002 1666602582317615 -69.5625 -74.5 1.552388557340269 9 
0007 0004 1666602582330652 -9.0 -72.5 5.626641529964532 9 
0007 0015 1666602582409050 -61.0 -62.0 4.04357335686655 9 
0007 0008 1666602582410215 61.0 -64.0 4.6878452877785195 9 
0007 0006 1666602582413084 14.625 -64.5 4.3933209765044765 9 
0007 0010 1666602582414210 61.0 -62.0 1.423534171157875 9 
0007 0012 1666602582415349 -39.0 -67.5 1.662835174068035 9 
0007 0005 1666602582416247 13.0 -65.0 0.2699806186678728 9 
0007 0014 1666602582421347 212.375 -67.5 2.1353012567368124 9 
0007 0004 1666602582422751 -221.3125 -73.0 6.160466844148735 9 
0007 0002 1666602582424016 308.375 -72.0 4.890330751779424 9 
0007 0005 1666602582521527 17.0625 -63.5 0.3313398501832985 9 
0007 0004 1666602582522667 56.125 -72.5 6.092971689481767 9 
0007 0008 1666602582525187 -4.0625 -63.0 5.117359908386499 9 
0007 0010 1666602582526991 -13.0 -61.5 2.356194490192345 9 
0007 0006 1666602582528031 -104.125 -65.0 5.356660911296659 9 
0007 0002 1666602582529451 26.0 -71.0 5.749359992995383 9 
0007 0014 1666602582531117 199.375 -69.5 3.11091303783208 9 
0007 0015 1666602582539862 35.75 -68.0 1.5033011721279284 9 
0007 0003 1666602582557564 -2.4375 -75.5 5.21553467881118 9 
