0007 0002 1666602805946707 -78.0625 -63.0 2.718213956133356 10 
0007 0005 1666602805948473 169.25 -65.0 1.6689710972195777 10 
0007 0011 1666602805952592 56.125 -68.0 3.2949907323783574 10 
0007 0010 1666602805955740 -17.0625 -67.0 1.5830681730979816 10 
0007 0006 1666602805957758 208.3125 -72.5 3.8840393549264434 10 
0007 0003 1666602805982198 24.375 -72.5 5.092816215780329 10 
0007 0007 1666602805984942 -10.5 -74.0 4.71238898038469 10 
0007 0012 1666602806052825 6.125 -72.5 4.963961829597935 10 
0007 0015 1666602806062789 1.625 -72.5 0.9142525495798421 10 
0007 0003 1666602806073493 -87.0625 -71.0 5.896622148632405 10 
0007 0007 1666602806075408 0.0 -73.0 3.0372819600135696 10 
0007 0006 1666602806076266 179.8125 -71.0 5.031456984264903 10 
0007 0015 1666602806079077 -277.4375 -70.5 4.7860200582032 10 
0007 0005 1666602806080587 -364.5625 -70.0 5.148039524144211 10 
0007 0011 1666602806081724 -61.0 -62.5 5.66959299202533 10 
0007 0002 1666602806083158 65.0625 -65.0 4.1601558967458585 10 
0007 0010 1666602806085180 173.3125 -69.5 2.9391071895888885 10 
0007 0012 1666602806086065 -230.25 -70.0 2.067806102069844 10 
0007 0002 1666602806183687 -78.0625 -68.0 5.5100589900852235 10 
0007 0003 1666602806184823 126.125 -71.5 0.6381360077604268 10 
0007 0012 1666602806186499 8.9375 -69.0 3.172272269347506 10 
0007 0011 1666602806189439 -74.0 -61.0 0.7915340865489908 10 
0007 0005 1666602806193536 -43.125 -65.0 0.4663301595172349 10 
0007 0015 1666602806194960 -91.125 -65.0 2.6384469551633027 10 
0007 0007 1666602806215302 28.5 -73.0 4.847379289718626 10 
0007 0011 1666602806303530 65.0625 -63.0 1.932815792735908 10 
0007 0005 1666602806305317 21.9375 -61.0 1.533980787885641 10 
0007 0015 1666602806321176 4.0625 -71.0 6.2034183062095325 10 
0007 0011 1666602806409727 -17.0625 -65.0 3.6324665057131984 10 
0007 0005 1666602806412823 4.0625 -60.5 2.4605051837685683 10 
0007 0015 1666602806414108 95.1875 -66.0 0.521553467881118 10 
0007 0006 1666602806474325 0.75 -74.5 0.1902136176978195 10 
0007 0007 1666602806517721 4.25 -74.5 0.3988350048502667 10 
0007 0005 1666602806534775 30.0625 -68.5 4.491495746929157 10 
0007 0011 1666602806536194 0.0 -64.5 5.835262917116979 10 
0007 0015 1666602806539135 -74.0 -69.0 4.651029748869264 10 
0007 0002 1666602806542339 -113.0625 -69.0 0.42337869745643697 10 
0007 0007 1666602806546832 4.0625 -70.0 4.04357335686655 10 
0007 0003 1666602806552562 16.25 -72.5 2.1874566035249243 10 
0007 0006 1666602806570285 4.875 -72.5 4.23378697456437 10 
0007 0008 1666602806575622 -8.0625 -74.0 4.479223900626073 10 
0007 0012 1666602806601126 4.375 -73.5 6.135923151542564 10 
0007 0010 1666602806651701 -2.625 -75.5 3.5833791205008576 10 
0007 0002 1666602806670954 82.1875 -67.0 1.6812429435226628 10 
0007 0015 1666602806671924 13.0 -65.5 5.387340527054372 10 
0007 0011 1666602806672853 -134.25 -65.5 2.521864415283994 10 
0007 0005 1666602806674245 -52.0625 -65.5 3.0250101137104846 10 
0007 0006 1666602806676046 -33.3125 -70.5 2.2027964114037806 10 
0007 0003 1666602806676997 -13.0 -68.5 4.516039439535327 10 
0007 0010 1666602806696793 15.375 -73.0 1.3989904785517047 10 
0007 0012 1666602806705516 3.1875 -73.5 4.7860200582032 10 
0007 0010 1666602806784223 95.1875 -72.0 6.252505691421874 10 
0007 0011 1666602806785845 -43.125 -65.5 5.64504929941916 10 
0007 0015 1666602806786758 -17.0625 -67.5 6.264777537724958 10 
0007 0005 1666602806788679 56.125 -61.5 5.062136600022616 10 
0007 0012 1666602806819039 -30.0 -73.5 1.718058482431918 10 
0007 0003 1666602806842732 8.5 -74.5 6.000932842208628 10 
0007 0008 1666602806851208 -9.25 -74.5 5.749359992995383 10 
0007 0013 1666602806869439 -4.0625 -72.5 4.933282213840222 10 
0007 0002 1666602806908021 4.875 -73.0 5.915029918087033 10 
0007 0000 1666602806916018 1.75 -78.0 1.6321555583103222 10 
0007 0006 1666602806942793 4.375 -74.5 5.945709533844745 10 
0007 0003 1666602806971968 -13.0 -68.0 5.190990986205009 10 
0007 0008 1666602806975847 78.0625 -71.0 1.7426021750380885 10 
0007 0011 1666602806977029 34.9375 -62.0 3.104777114680538 10 
0007 0006 1666602806978237 -118.75 -70.0 4.080388895775806 10 
0007 0005 1666602806980122 56.125 -68.5 3.454524734318464 10 
0007 0015 1666602806981009 -52.0625 -66.5 0.12885438618239387 10 
0007 0013 1666602806981924 -39.0 -66.0 0.6872233929727672 10 
0007 0002 1666602806982980 -117.125 -69.5 3.9760782021995817 10 
0007 0010 1666602806984730 61.0 -67.0 4.816699673960914 10 
0007 0013 1666602807083055 56.125 -67.5 2.110757564130642 10 
0007 0011 1666602807086591 30.0625 -62.5 4.528311285838413 10 
0007 0010 1666602807087561 -56.125 -63.5 1.6751070203711202 10 
0007 0006 1666602807088684 -87.0625 -67.0 5.921165841238575 10 
0007 0015 1666602807090010 -61.0 -66.5 0.8344855486097889 10 
0007 0005 1666602807091066 -126.125 -64.5 5.982525072754001 10 
0007 0003 1666602807091948 -217.25 -71.0 0.760854470791278 10 
0007 0002 1666602807094120 -104.125 -70.0 5.289165756629691 10 
0007 0008 1666602807095807 74.0 -72.5 3.3870295796514958 10 
0007 0014 1666602807113096 7.3125 -72.5 0.859029241215959 10 
0007 0004 1666602807194320 -6.0 -76.0 4.454680208019902 10 
0007 0011 1666602807202408 91.125 -64.5 5.700272607783043 10 
0007 0005 1666602807203874 4.0625 -62.5 0.7976700097005334 10 
0007 0008 1666602807205314 -43.125 -71.5 5.190990986205009 10 
0007 0010 1666602807206227 8.9375 -63.5 2.9022916506796332 10 
0007 0015 1666602807207355 91.125 -67.5 1.0185632431560658 10 
0007 0006 1666602807208962 -143.1875 -68.0 0.9019807032767571 10 
0007 0004 1666602807231618 11.4375 -73.5 4.878058905476339 10 
0007 0014 1666602807237664 11.4375 -72.0 5.565282298449106 10 
0007 0002 1666602807311598 1.25 -74.5 0.030679615757712823 10 
0007 0004 1666602807324168 -117.125 -68.5 6.227961998815704 10 
0007 0011 1666602807326625 -34.9375 -67.5 0.8774370106705868 10 
0007 0008 1666602807328374 34.9375 -70.0 0.4479223900626072 10 
0007 0014 1666602807329724 100.0625 -67.5 3.5711072741977725 10 
0007 0010 1666602807330877 21.9375 -64.0 4.485359823777615 10 
0007 0005 1666602807331817 -4.0625 -62.0 1.6198837120072371 10 
0007 0002 1666602807335758 -126.125 -72.5 4.2092432819582 10 
0007 0003 1666602807353239 21.9375 -73.5 2.1598449493429825 10 
0007 0012 1666602807403006 2.4375 -78.0 5.338253141842031 10 
0007 0006 1666602807456872 4.1875 -73.0 4.908738521234052 10 
0007 0006 1666602807476945 61.0 -70.0 5.2768939103266055 10 
0007 0005 1666602807478512 -113.0625 -65.5 2.8777479580734626 10 
0007 0003 1666602807480714 113.0625 -70.0 0.23316507975861744 10 
0007 0004 1666602807482007 34.9375 -67.0 1.5155730184310134 10 
0007 0014 1666602807483799 -130.1875 -67.0 1.3008157081270237 10 
0007 0010 1666602807484939 -104.125 -65.0 0.9265243958829272 10 
0007 0002 1666602807487213 -8.9375 -68.0 6.258641614573416 10 
0007 0008 1666602807488112 -156.1875 -68.5 2.761165418194154 10 
0007 0012 1666602807516423 2.4375 -78.0 0.23930100291016002 10 
0007 0004 1666602807589997 -65.0625 -68.5 2.8961557275280905 10 
0007 0010 1666602807593115 4.0625 -62.0 2.662990647769473 10 
0007 0008 1666602807595079 56.125 -69.5 4.166291819897402 10 
0007 0002 1666602807597884 -4.0625 -66.0 1.3621749396424494 10 
0007 0006 1666602807598796 -66.6875 -66.5 1.0246991663076084 10 
0007 0005 1666602807617697 9.0 -73.5 3.11091303783208 10 
0007 0003 1666602807660456 15.0625 -75.0 0.0 10 
0007 0015 1666602807684122 -1.875 -74.0 5.540738605842936 10 
0007 0013 1666602807702767 0.4375 -71.0 5.123495831538041 10 
0007 0014 1666602807726161 -0.875 -74.0 1.5155730184310134 10 
0007 0002 1666602807734396 0.0 -67.0 2.9943304979527716 10 
0007 0010 1666602807736065 34.9375 -62.5 4.841243366567084 10 
0007 0006 1666602807739668 0.0 -64.0 3.0372819600135696 10 
0007 0005 1666602807740586 -26.0 -65.0 2.2027964114037806 10 
0007 0008 1666602807742248 -30.0625 -70.0 0.7547185476397354 10 
0007 0003 1666602807743132 -139.125 -69.5 5.043728830567988 10 
0007 0013 1666602807744643 -34.9375 -69.5 5.8045833013592665 10 
0007 0014 1666602807762043 6.5 -72.5 1.521708941582556 10 
0007 0004 1666602807785749 -2.125 -75.0 5.957981380147831 10 
0007 0015 1666602807791555 -1.625 -73.5 1.3130875544301088 10 
0007 0011 1666602807867314 -3.125 -75.5 5.117359908386499 10 
0007 0015 1666602807874407 -104.125 -69.5 6.227961998815704 10 
0007 0005 1666602807877385 17.0625 -69.0 5.166447293598839 10 
0007 0006 1666602807879202 28.4375 -64.5 4.675573441475434 10 
0007 0010 1666602807880951 -4.0625 -60.5 1.1780972450961724 10 
0007 0002 1666602807881835 48.0 -67.0 5.049864753719531 10 
0007 0008 1666602807883182 -91.125 -67.5 2.834796496012665 10 
0007 0004 1666602807884094 121.25 -70.5 0.9940195505498954 10 
0007 0003 1666602807885161 -130.1875 -68.5 0.3620194659410113 10 
0007 0012 1666602807894217 17.4375 -70.0 0.35895150436524004 10 
0007 0011 1666602807929028 -4.0625 -74.5 5.313709449235861 10 
0007 0008 1666602807988653 -30.0625 -66.5 4.534447208989955 10 
0007 0005 1666602807989792 -13.0 -65.0 1.0492428589137786 10 
0007 0010 1666602807990904 -39.0 -60.5 2.435961491162398 10 
0007 0012 1666602807992086 -4.0625 -64.5 1.2946797849754812 10 
0007 0006 1666602807992983 -28.4375 -65.5 5.853670686571607 10 
0007 0004 1666602807995552 -48.0 -70.0 2.386874105950058 10 
0007 0002 1666602807999195 -43.125 -66.0 0.35588354278946877 10 
0007 0011 1666602808001470 95.1875 -68.5 0.1718058482431918 10 
0007 0003 1666602808025563 2.4375 -75.0 6.209554229361076 10 
0007 0015 1666602808054097 0.0 -72.5 3.9453985864418692 10 
0007 0005 1666602808107991 -4.0625 -64.0 2.024854640009046 10 
0007 0003 1666602808108859 95.1875 -69.0 4.178563666200486 10 
0007 0012 1666602808110071 -126.125 -63.5 2.8286605728611223 10 
0007 0008 1666602808111179 -87.0625 -66.0 6.178874613603362 10 
0007 0010 1666602808112303 74.0 -61.0 2.890019804376548 10 
0007 0015 1666602808113755 8.9375 -60.0 1.9389517158874505 10 
0007 0011 1666602808115902 56.125 -66.5 1.282407938672396 10 
0007 0006 1666602808121346 -38.1875 -68.5 1.0246991663076084 10 
0007 0002 1666602808122268 4.0625 -66.0 1.6873788666742053 10 
0007 0004 1666602808123423 74.0 -71.0 3.552699504743145 10 
0007 0005 1666602808222645 -43.125 -66.0 3.6447383520162835 10 
0007 0012 1666602808223586 -13.0 -63.0 4.074252972624263 10 
0007 0008 1666602808224439 -13.0 -64.5 1.2640001692177683 10 
0007 0010 1666602808227471 8.9375 -62.0 3.865631585471816 10 
0007 0015 1666602808228373 -26.0 -68.5 0.5154175447295755 10 
0007 0003 1666602808230307 -221.3125 -68.0 5.706408530934585 10 
0007 0002 1666602808231273 91.125 -69.0 3.2397674240144743 10 
0007 0006 1666602808234267 143.1875 -67.0 2.270291566070749 10 
0007 0011 1666602808235150 52.0625 -66.5 2.1230294104337273 10 
0007 0004 1666602808243772 44.3125 -73.0 1.9174759848570515 10 
0007 0011 1666602808336166 56.125 -67.0 3.172272269347506 10 
0007 0002 1666602808337092 78.0625 -67.0 5.2768939103266055 10 
0007 0010 1666602808338543 -39.0 -62.5 5.141903600992669 10 
0007 0006 1666602808340755 -85.4375 -64.5 3.5956509668039427 10 
0007 0004 1666602808341979 -48.0 -71.5 0.6565437772150544 10 
0007 0012 1666602808343559 91.125 -66.0 4.7860200582032 10 
0007 0005 1666602808344599 -48.0 -66.5 5.730952223540755 10 
0007 0015 1666602808345528 -30.0625 -68.5 0.9633399347921826 10 
0007 0008 1666602808346647 -17.0625 -64.5 2.6998061866787286 10 
0007 0003 1666602808349738 -117.125 -70.0 0.859029241215959 10 
0007 0013 1666602808374867 34.9375 -78.5 1.6137477888556946 10 
0007 0007 1666602808432099 -0.8125 -75.5 5.252350217720435 10 
0007 0015 1666602808455503 -95.1875 -68.0 1.2640001692177683 10 
0007 0008 1666602808456400 -195.25 -64.5 4.700117134081604 10 
0007 0004 1666602808457308 -8.9375 -67.5 2.030990563160589 10 
0007 0002 1666602808460504 -21.9375 -63.5 0.944932165337555 10 
0007 0010 1666602808461390 -65.0625 -63.0 0.9081166264282996 10 
0007 0011 1666602808463907 -230.25 -69.5 5.405748296509 10 
0007 0006 1666602808466839 -78.0625 -64.0 4.859651136021712 10 
0007 0005 1666602808468341 -147.25 -63.5 1.8285050991596843 10 
0007 0012 1666602808469638 -34.9375 -64.0 6.092971689481767 10 
0007 0013 1666602808483336 1.625 -76.5 3.9638063558964967 10 
0007 0010 1666602808568538 -65.0625 -63.0 2.5832236467994196 10 
0007 0015 1666602808569466 87.0625 -66.0 1.9634954084936207 10 
0007 0002 1666602808571097 34.9375 -65.5 2.2089323345553233 10 
0007 0012 1666602808573314 -8.9375 -62.5 0.5951845456996288 10 
0007 0005 1666602808575841 34.9375 -62.5 3.6386024288647407 10 
0007 0004 1666602808577998 -87.0625 -67.5 3.3870295796514958 10 
0007 0008 1666602808579179 -108.1875 -68.0 0.5031456984264903 10 
0007 0003 1666602808580077 212.375 -67.0 0.3988350048502667 10 
0007 0006 1666602808581480 -174.9375 -67.5 0.8651651643675016 10 
0007 0013 1666602808587818 147.25 -74.0 5.516194913236766 10 
0007 0011 1666602808711410 7.1875 -75.5 5.246214294568893 10 
0007 0010 1666602808718894 8.9375 -66.5 6.111379458936394 10 
0007 0003 1666602808719834 21.9375 -67.0 3.0066023442558567 10 
0007 0015 1666602808720988 8.9375 -66.0 2.890019804376548 10 
0007 0005 1666602808721915 4.0625 -64.5 0.944932165337555 10 
0007 0007 1666602808722856 8.9375 -69.0 5.565282298449106 10 
0007 0006 1666602808723768 33.3125 -67.0 4.76147636559703 10 
0007 0013 1666602808724656 -139.125 -70.0 2.2886993355253766 10 
0007 0012 1666602808727075 13.0 -64.0 2.8654761117703775 10 
0007 0002 1666602808731200 -8.9375 -69.5 1.3928545554001621 10 
0007 0008 1666602808732253 21.9375 -73.0 4.049709280018092 10 
0007 0011 1666602808773118 13.375 -74.5 1.3499030933393643 10 
0007 0005 1666602808835285 43.125 -63.5 3.5465635815916023 10 
0007 0015 1666602808836185 56.125 -67.0 2.6261751088602177 10 
0007 0013 1666602808837128 -21.9375 -64.0 4.865787059173254 10 
0007 0006 1666602808838008 -9.75 -65.0 1.1658253987930873 10 
0007 0002 1666602808838920 117.125 -64.0 3.153864499892878 10 
0007 0003 1666602808841228 91.125 -69.0 5.375068680751287 10 
0007 0011 1666602808842366 -43.125 -68.5 3.2581751934691017 10 
0007 0010 1666602808843535 52.0625 -66.0 3.6017868899554855 10 
0007 0007 1666602808846406 -134.25 -69.0 1.5585244804918115 10 
0007 0008 1666602808870765 4.875 -75.0 1.1228739367322893 10 
0007 0000 1666602808903700 -46.375 -78.0 1.3867186322486196 10 
0007 0006 1666602808977545 146.4375 -68.5 4.289010282928253 10 
0007 0015 1666602808979168 48.0 -63.5 3.393165502803038 10 
0007 0013 1666602808980991 -30.0625 -61.5 0.4049709280018093 10 
0007 0005 1666602808982725 -52.0625 -63.0 5.651185222570702 10 
0007 0003 1666602808983622 48.0 -67.0 2.067806102069844 10 
0007 0010 1666602808984564 -30.0625 -60.5 1.4358060174609601 10 
0007 0011 1666602808987758 -108.1875 -64.5 5.5714182216006485 10 
0007 0002 1666602808988699 -39.0 -67.0 5.485515297479052 10 
0007 0007 1666602808993625 -8.9375 -69.5 3.3379421944391554 10 
0007 0008 1666602809016333 22.6875 -74.5 3.767456815047135 10 
0007 0000 1666602809023289 -36.5625 -77.5 0.0 10 
0007 0002 1666602809100683 -56.125 -68.0 1.7978254834019713 10 
0007 0013 1666602809102706 17.0625 -63.5 1.5155730184310134 10 
0007 0005 1666602809104452 -17.0625 -63.0 0.6565437772150544 10 
0007 0014 1666602809105420 91.125 -64.0 3.3011266555298997 10 
0007 0015 1666602809106292 126.125 -69.5 3.2704470397721868 10 
0007 0010 1666602809107203 -26.0 -62.0 3.2643111166206444 10 
0007 0006 1666602809108477 -69.125 -68.5 0.7179030087304801 10 
0007 0004 1666602809109405 173.3125 -72.0 2.067806102069844 10 
0007 0008 1666602809110328 -87.0625 -71.0 5.338253141842031 10 
0007 0007 1666602809111270 182.25 -70.0 4.405592822807561 10 
0007 0003 1666602809112223 26.0 -65.0 3.7122335066832517 10 
0007 0011 1666602809113645 -21.9375 -63.5 0.6565437772150544 10 
0007 0000 1666602809138859 -8.0625 -77.0 4.71238898038469 10 
0007 0011 1666602809213980 -61.0 -63.0 1.8960002538266525 10 
0007 0015 1666602809214894 13.0 -66.5 4.025165587411922 10 
0007 0005 1666602809218073 -17.0625 -62.5 1.9696313316451632 10 
0007 0002 1666602809218970 17.0625 -64.5 3.399301425954581 10 
0007 0006 1666602809220150 -26.0 -65.5 2.055534255766759 10 
0007 0007 1666602809221094 -290.5 -72.5 5.64504929941916 10 
0007 0014 1666602809222586 61.0 -64.0 4.086524818927348 10 
0007 0010 1666602809224771 -69.125 -61.5 4.773748211900116 10 
0007 0003 1666602809225962 -56.125 -63.5 4.896466674930966 10 
0007 0008 1666602809228971 -48.0 -71.5 0.705631162427395 10 
0007 0000 1666602809268962 -11.4375 -77.5 6.191146459906448 10 
0007 0014 1666602809344455 91.125 -68.0 1.2333205534600555 10 
0007 0005 1666602809345405 0.0 -64.5 3.767456815047135 10 
0007 0010 1666602809347097 -8.9375 -60.0 0.02454369260617026 10 
0007 0015 1666602809348295 -21.9375 -69.0 3.6999616603801666 10 
0007 0002 1666602809350170 -39.0 -65.5 5.203262832508095 10 
0007 0003 1666602809351336 -78.0625 -66.0 6.270913460876501 10 
0007 0006 1666602809353066 -13.0 -63.5 3.4913402732277192 10 
0007 0011 1666602809354602 -17.0625 -65.0 3.6263305825616556 10 
0007 0008 1666602809356139 -34.9375 -71.0 2.12916533358527 10 
0007 0004 1666602809454045 -2.875 -75.5 5.301437602932776 10 
0007 0011 1666602809467832 -48.0 -65.0 4.970097752749477 10 
0007 0003 1666602809470347 -117.125 -66.5 2.067806102069844 10 
0007 0006 1666602809471455 -127.75 -62.0 5.491651220630596 10 
0007 0008 1666602809472592 48.0 -69.5 4.0558452031696355 10 
0007 0010 1666602809473531 13.0 -58.0 1.7978254834019713 10 
0007 0005 1666602809475478 65.0625 -63.5 5.368932757599744 10 
0007 0002 1666602809481336 -87.0625 -67.0 1.7916895602504288 10 
0007 0015 1666602809482629 56.125 -71.0 3.822680123411018 10 
0007 0014 1666602809484675 95.1875 -68.5 3.3870295796514958 10 
0007 0004 1666602809507456 11.4375 -75.0 0.1043106935762236 10 
0007 0014 1666602809584736 169.25 -66.0 3.663146121470911 10 
0007 0004 1666602809586726 -139.125 -70.5 5.3198453723874035 10 
0007 0006 1666602809587661 4.0625 -62.5 1.0921943209745766 10 
0007 0011 1666602809588547 -113.0625 -66.0 0.5154175447295755 10 
0007 0003 1666602809589943 -34.9375 -65.0 3.988350048502667 10 
0007 0010 1666602809590850 0.0 -59.0 3.6201946594101133 10 
0007 0002 1666602809595039 -8.9375 -63.5 4.006757817957295 10 
0007 0008 1666602809596811 8.9375 -66.5 0.16566992509164924 10 
0007 0005 1666602809597922 -95.1875 -63.5 0.9572040116406401 10 
0007 0007 1666602809673756 8.4375 -75.5 5.252350217720435 10 
0007 0012 1666602809686162 -1.0625 -75.5 0.803805932852076 10 
0007 0006 1666602809706455 -9.75 -63.5 3.399301425954581 10 
0007 0010 1666602809707468 -17.0625 -58.0 5.632777453116074 10 
0007 0002 1666602809708873 -13.0 -62.0 5.6143696836614465 10 
0007 0008 1666602809710836 87.0625 -65.5 1.9266798695843652 10 
0007 0003 1666602809712013 -143.1875 -65.5 5.9518454569962875 10 
0007 0004 1666602809714594 87.0625 -64.0 1.1596894756415448 10 
0007 0011 1666602809715563 69.125 -67.5 2.356194490192345 10 
0007 0005 1666602809716531 8.9375 -65.5 3.380893656499953 10 
0007 0014 1666602809718668 -30.0625 -66.5 4.276738436625168 10 
0007 0008 1666602809827072 -95.1875 -66.5 4.000621894805752 10 
0007 0015 1666602809828072 30.0625 -70.0 3.11091303783208 10 
0007 0003 1666602809829195 69.125 -66.5 1.705786636128833 10 
0007 0006 1666602809830091 -108.1875 -64.0 5.700272607783043 10 
0007 0004 1666602809831016 108.1875 -64.0 2.2886993355253766 10 
0007 0005 1666602809832862 -61.0 -63.0 5.5714182216006485 10 
0007 0010 1666602809833715 8.9375 -54.5 1.2026409377023426 10 
0007 0002 1666602809834895 -4.0625 -61.5 0.9878836273983529 10 
0007 0011 1666602809863279 9.0 -74.0 5.049864753719531 10 
0007 0012 1666602809899848 1.625 -72.0 5.2339424482658075 10 
0007 0006 1666602809948622 -104.125 -62.5 0.9019807032767571 10 
0007 0008 1666602809950054 4.0625 -65.0 5.559146375297564 10 
0007 0002 1666602809950923 17.0625 -61.0 2.1659808724945253 10 
0007 0010 1666602809952560 -34.9375 -54.5 2.454369260617026 10 
0007 0015 1666602809954234 0.0 -64.5 6.252505691421874 10 
0007 0004 1666602809957960 21.9375 -65.0 3.6692820446224537 10 
0007 0012 1666602809958989 139.125 -67.5 5.289165756629691 10 
0007 0005 1666602809960441 -78.0625 -63.5 0.803805932852076 10 
0007 0011 1666602809961803 -21.9375 -63.0 6.050020227420969 10 
0007 0003 1666602809963583 -30.0625 -65.5 3.479068426924634 10 
0007 0008 1666602810061709 -8.9375 -64.0 0.3620194659410113 10 
0007 0010 1666602810062624 -43.125 -55.5 3.153864499892878 10 
0007 0005 1666602810064900 -34.9375 -64.5 1.9757672547967058 10 
0007 0002 1666602810065809 -13.0 -62.0 3.2459033471660166 10 
0007 0015 1666602810067205 39.0 -64.0 2.6998061866787286 10 
0007 0011 1666602810069981 -8.9375 -61.5 0.521553467881118 10 
0007 0006 1666602810071132 23.5625 -61.0 1.576932249946439 10 
0007 0003 1666602810071999 43.125 -63.5 4.387185053352934 10 
0007 0004 1666602810073405 -160.3125 -65.5 4.822835597112456 10 
0007 0012 1666602810074429 -8.9375 -66.5 6.135923151542564 10 
0007 0000 1666602810182046 -1.125 -78.5 5.0253210611133605 10 
0007 0008 1666602810191088 -117.125 -63.5 1.5585244804918115 10 
0007 0010 1666602810192210 21.9375 -54.5 3.865631585471816 10 
0007 0006 1666602810193147 -42.3125 -60.5 2.3930100291016 10 
0007 0005 1666602810195592 56.125 -65.0 3.32567034813607 10 
0007 0004 1666602810197015 -87.0625 -65.0 5.896622148632405 10 
0007 0015 1666602810198425 -21.9375 -64.5 1.1167380135807468 10 
0007 0003 1666602810199590 34.9375 -64.5 5.583690067903734 10 
0007 0011 1666602810201734 4.0625 -61.0 1.3130875544301088 10 
0007 0002 1666602810202616 8.9375 -63.0 4.669437518323892 10 
0007 0012 1666602810204425 -87.0625 -63.5 6.191146459906448 10 
0007 0000 1666602810325850 2.1875 -77.5 0.5706408530934585 10 
0007 0005 1666602810333079 74.0 -63.0 5.289165756629691 10 
0007 0004 1666602810334245 -56.125 -64.5 0.8958447801252144 10 
0007 0010 1666602810335979 4.0625 -55.0 4.706253057233147 10 
0007 0006 1666602810337199 66.6875 -61.5 3.3502140407422405 10 
0007 0002 1666602810338082 -43.125 -62.5 0.12885438618239387 10 
0007 0003 1666602810339035 21.9375 -67.0 1.6382914814618648 10 
0007 0008 1666602810340203 48.0 -63.5 2.988194574801229 10 
0007 0011 1666602810341340 8.9375 -62.0 2.509592568980909 10 
0007 0015 1666602810343160 -4.0625 -60.5 1.5278448647340985 10 
0007 0012 1666602810344978 -8.9375 -63.0 1.1535535524900022 10 
0007 0013 1666602810350894 4.0625 -74.5 4.313553975534423 10 
0007 0000 1666602810377330 0.0 -77.5 1.1719613219446299 10 
0007 0005 1666602810462552 39.0 -62.0 0.7915340865489908 10 
0007 0012 1666602810464200 82.1875 -64.0 2.0800779483729293 10 
0007 0006 1666602810465707 28.4375 -62.5 4.81056375080937 10 
0007 0004 1666602810466603 -82.1875 -63.0 2.110757564130642 10 
0007 0003 1666602810467511 -8.9375 -64.5 4.239922897715912 10 
0007 0010 1666602810468664 17.0625 -55.5 6.062292073724054 10 
0007 0002 1666602810469846 74.0 -62.0 1.6996507129772904 10 
0007 0015 1666602810471255 13.0 -63.0 1.4664856332186729 10 
0007 0008 1666602810472913 0.0 -62.5 4.970097752749477 10 
0007 0011 1666602810474071 -61.0 -64.5 4.473087977474529 10 
0007 0000 1666602810517153 -23.625 -75.5 6.270913460876501 10 
0007 0013 1666602810521420 48.8125 -77.0 5.780039608753096 10 
0007 0015 1666602810595857 -4.0625 -66.0 1.7241944055834606 10 
0007 0010 1666602810597505 21.9375 -56.0 1.7119225592803755 10 
0007 0002 1666602810600322 -21.9375 -63.0 3.472932503773092 10 
0007 0004 1666602810601348 -30.0625 -63.0 3.479068426924634 10 
0007 0003 1666602810604577 26.0 -62.0 0.14112623248547898 10 
0007 0005 1666602810605489 87.0625 -63.5 3.031146036862027 10 
0007 0012 1666602810606630 39.0 -62.5 3.479068426924634 10 
0007 0008 1666602810607851 30.0625 -64.5 0.760854470791278 10 
0007 0011 1666602810609370 -56.125 -64.0 0.7240389318820226 10 
0007 0006 1666602810610758 82.1875 -63.5 0.48473792897186263 10 
0007 0013 1666602810633887 -59.8125 -73.5 4.828971520263998 10 
0007 0000 1666602810639537 45.5625 -75.5 5.019185137961818 10 
0007 0007 1666602810640908 65.0625 -73.5 0.6657476619423682 10 
0007 0009 1666602810683044 -3.8125 -79.5 0.006135923151542565 10 
0007 0015 1666602810738320 -26.0 -65.0 1.533980787885641 10 
0007 0006 1666602810739187 -13.0 -61.0 2.804116880254952 10 
0007 0010 1666602810740128 26.0 -56.0 4.319689898685965 10 
0007 0002 1666602810741477 48.0 -65.0 0.4970097752749477 10 
0007 0004 1666602810742357 21.9375 -65.0 5.534602682691394 10 
0007 0003 1666602810744529 -34.9375 -63.0 2.8102528034064944 10 
0007 0005 1666602810745662 0.0 -63.5 0.23930100291016002 10 
0007 0011 1666602810747355 -56.125 -62.0 3.718369429834794 10 
0007 0012 1666602810749713 -17.0625 -61.5 5.411884219660542 10 
0007 0008 1666602810752483 -48.0 -64.5 3.4606606574700063 10 
0007 0013 1666602810755893 -39.0 -70.0 3.6386024288647407 10 
0007 0007 1666602810757177 87.0625 -72.0 3.1661363461959633 10 
0007 0000 1666602810776734 42.3125 -75.0 1.2302525918842842 10 
0007 0014 1666602810862790 7.5 -74.0 5.313709449235861 10 
0007 0010 1666602810871036 -4.0625 -57.0 0.760854470791278 10 
0007 0007 1666602810872267 260.375 -68.5 4.908738521234052 10 
0007 0015 1666602810873161 0.0 -62.5 1.7241944055834606 10 
0007 0013 1666602810874807 -34.9375 -63.5 6.258641614573416 10 
0007 0011 1666602810875689 56.125 -64.5 0.30679615757712825 10 
0007 0003 1666602810876584 -43.125 -63.0 5.706408530934585 10 
0007 0006 1666602810877466 34.9375 -60.5 5.473243451175968 10 
0007 0000 1666602810878673 43.125 -73.5 6.22182607566416 10 
0007 0005 1666602810881143 17.0625 -61.0 2.9145634969827183 10 
0007 0002 1666602810882957 -21.9375 -61.0 3.472932503773092 10 
0007 0012 1666602810883902 26.0 -66.0 1.3314953238847365 10 
0007 0004 1666602810885182 91.125 -68.0 1.761009944492716 10 
0007 0008 1666602810886827 -100.0625 -68.0 6.270913460876501 10 
0007 0014 1666602810905637 5.625 -72.5 6.007068765360171 10 
