0007 0010 1666603095365966 -65.0625 -67.0 2.8102528034064944 10 
0007 0004 1666603095366891 56.125 -69.0 6.013204688511713 10 
0007 0002 1666603095368868 30.0625 -66.5 5.442563835418255 10 
0007 0005 1666603095370899 143.1875 -66.5 1.3499030933393643 10 
0007 0011 1666603095372294 -390.5625 -71.5 3.9822141253511245 10 
0007 0015 1666603095373449 256.3125 -71.0 5.700272607783043 10 
0007 0008 1666603095393893 -120.4375 -74.5 0.7271068934577939 10 
0007 0012 1666603095437355 6.8125 -72.5 1.2087768608538851 10 
0007 0007 1666603095442162 -1.9375 -75.0 4.878058905476339 10 
0007 0006 1666603095508008 -2.625 -74.5 1.4480778637640452 10 
0007 0005 1666603095549493 134.25 -68.0 6.1850105367549055 10 
0007 0011 1666603095552190 39.0 -66.0 0.3313398501832985 10 
0007 0010 1666603095553699 39.0 -66.0 4.8351074434155406 10 
0007 0002 1666603095555515 13.0 -63.0 1.8346410223112268 10 
0007 0012 1666603095556654 204.25 -68.5 5.037592907416445 10 
0007 0006 1666603095599103 -1.1875 -74.5 5.835262917116979 10 
0007 0005 1666603095659157 74.0 -64.0 1.1106020904292042 10 
0007 0010 1666603095661927 56.125 -70.0 5.663457068873787 10 
0007 0002 1666603095663437 -65.0625 -61.5 2.9268353432858034 10 
0007 0011 1666603095664393 264.4375 -63.5 1.5278448647340985 10 
0007 0012 1666603095666894 -34.9375 -68.5 5.497787143782138 10 
0007 0006 1666603095683856 8.0625 -72.5 0.5522330836388308 10 
0007 0015 1666603095686565 11.4375 -72.5 4.890330751779424 10 
0007 0012 1666603095776335 56.125 -68.5 6.043884304269426 10 
0007 0005 1666603095778824 34.9375 -64.0 2.2641556429192065 10 
0007 0002 1666603095779993 -52.0625 -61.5 3.773592738198677 10 
0007 0007 1666603095782196 186.3125 -73.0 0.9326603190344698 10 
0007 0010 1666603095783167 69.125 -70.0 0.4356505437595221 10 
0007 0015 1666603095784278 4.0625 -67.0 4.399456899656019 10 
0007 0011 1666603095785119 8.9375 -65.0 3.442252888015379 10 
0007 0006 1666603095786881 -14.625 -70.5 4.4362724385652745 10 
0007 0006 1666603095794857 83.375 -72.0 1.303883669702795 10 
0007 0008 1666603095854969 -3.125 -76.0 0.6258641614573416 10 
0007 0011 1666603095893373 26.0 -64.5 4.81056375080937 10 
0007 0003 1666603095894370 147.25 -72.5 5.2768939103266055 10 
0007 0002 1666603095897934 43.125 -61.5 4.608078286808466 10 
0007 0010 1666603095898876 -108.1875 -70.5 1.214912784005428 10 
0007 0015 1666603095900577 -17.0625 -62.0 2.890019804376548 10 
0007 0005 1666603095901618 -87.0625 -67.0 4.295146206079795 10 
0007 0012 1666603095902514 4.0625 -67.5 0.5031456984264903 10 
0007 0007 1666603095903675 -394.625 -71.5 2.8532042654672924 10 
0007 0006 1666603095924908 -0.875 -72.5 1.9512235621905356 10 
0007 0011 1666603096015714 61.0 -63.5 5.994796919057086 10 
0007 0002 1666603096018750 -21.9375 -63.5 5.608233760509904 10 
0007 0015 1666603096020922 -17.0625 -60.5 4.23378697456437 10 
0007 0007 1666603096021811 -195.25 -71.0 3.7981364308048478 10 
0007 0005 1666603096022795 69.125 -64.0 6.025476534814799 10 
0007 0010 1666603096060070 21.1875 -72.5 5.50392306693368 10 
0007 0011 1666603096137367 113.0625 -62.0 1.2701360923693108 10 
0007 0015 1666603096139984 -100.0625 -61.0 4.816699673960914 10 
0007 0007 1666603096141319 8.9375 -70.0 5.184855063053467 10 
0007 0005 1666603096142729 34.9375 -60.0 1.3928545554001621 10 
0007 0005 1666603096242651 26.0 -59.0 2.662990647769473 10 
0007 0011 1666603096244925 -48.0 -64.5 3.2643111166206444 10 
0007 0015 1666603096247544 -17.0625 -62.5 5.6573211457222445 10 
0007 0006 1666603096347679 2.4375 -74.0 6.105243535784852 10 
0007 0015 1666603096356532 -61.0 -63.5 6.270913460876501 10 
0007 0005 1666603096359232 65.0625 -62.5 4.516039439535327 10 
0007 0011 1666603096362363 117.125 -65.5 5.608233760509904 10 
0007 0002 1666603096364394 -43.125 -66.5 6.270913460876501 10 
0007 0006 1666603096375284 24.0 -72.0 0.2270291566070749 10 
0007 0003 1666603096385062 -2.4375 -73.0 5.491651220630596 10 
0007 0010 1666603096417462 2.5625 -75.5 6.019340611663256 10 
0007 0012 1666603096456650 2.6875 -73.5 0.9203884727313847 10 
0007 0003 1666603096481146 -4.0625 -68.5 3.5711072741977725 10 
0007 0006 1666603096483381 -217.25 -70.5 2.098485717827557 10 
0007 0012 1666603096484462 21.9375 -72.0 1.3560390164909069 10 
0007 0011 1666603096486164 -13.0 -65.5 2.3316507975861747 10 
0007 0015 1666603096487092 -8.9375 -64.0 0.2270291566070749 10 
0007 0002 1666603096488407 269.3125 -67.5 1.0369710126106935 10 
0007 0005 1666603096489259 -30.0625 -65.0 1.5278448647340985 10 
0007 0007 1666603096491068 -108.1875 -71.5 6.062292073724054 10 
0007 0010 1666603096493201 -186.3125 -69.0 4.571262747899211 10 
0007 0005 1666603096591374 -61.0 -64.0 3.865631585471816 10 
0007 0015 1666603096593339 56.125 -62.5 0.3190680038802134 10 
0007 0011 1666603096594266 -61.0 -63.0 4.491495746929157 10 
0007 0003 1666603096595988 -82.1875 -71.5 4.988505522204105 10 
0007 0010 1666603096597128 65.0625 -68.0 0.17794177139473438 10 
0007 0000 1666603096715515 13.9375 -78.0 5.6573211457222445 10 
0007 0002 1666603096722028 0.1875 -74.0 5.497787143782138 10 
0007 0010 1666603096728573 -91.125 -66.5 3.7429131224409646 10 
0007 0005 1666603096731360 17.0625 -62.0 5.448699758569798 10 
0007 0015 1666603096733070 21.9375 -65.0 0.9694758579437253 10 
0007 0011 1666603096735062 -8.9375 -62.0 6.037748381117884 10 
0007 0002 1666603096736319 186.3125 -70.5 2.4175537217077703 10 
0007 0000 1666603096784691 23.3125 -78.5 0.7731263170943632 10 
0007 0002 1666603096844061 -95.1875 -69.5 3.77972866135022 10 
0007 0010 1666603096845200 56.125 -64.0 5.258486140871978 10 
0007 0011 1666603096848594 26.0 -62.0 0.9142525495798421 10 
0007 0005 1666603096849760 17.0625 -63.0 0.28225246497095796 10 
0007 0015 1666603096852433 -78.0625 -71.0 1.1290098598838318 10 
0007 0006 1666603096853287 -113.875 -71.0 3.6201946594101133 10 
0007 0000 1666603096875690 -14.625 -76.5 5.258486140871978 10 
0007 0003 1666603096880552 8.0625 -74.0 1.1780972450961724 10 
0007 0008 1666603096912162 0.4375 -75.5 0.8528933180644165 10 
0007 0014 1666603096940273 2.875 -72.0 1.6260196351587797 10 
0007 0003 1666603096968289 -13.0 -69.0 5.086680292628786 10 
0007 0014 1666603096969201 30.0625 -67.5 5.970253226450915 10 
0007 0008 1666603096970950 -173.3125 -71.0 1.748738098189631 10 
0007 0010 1666603096972541 43.125 -63.5 0.607456392002714 10 
0007 0011 1666603096973427 -65.0625 -63.0 2.2518837966161214 10 
0007 0002 1666603096974819 65.0625 -70.5 5.325981295538946 10 
0007 0005 1666603096976667 65.0625 -64.0 1.3928545554001621 10 
0007 0006 1666603096978412 -4.875 -68.5 4.706253057233147 10 
0007 0015 1666603096979317 -178.1875 -67.5 1.227184630308513 10 
0007 0000 1666603097000027 -6.5 -76.5 0.39269908169872414 10 
0007 0010 1666603097086682 13.0 -63.0 2.061670178918302 10 
0007 0014 1666603097088063 204.25 -68.0 1.705786636128833 10 
0007 0003 1666603097088903 -100.0625 -68.0 5.994796919057086 10 
0007 0008 1666603097090307 4.0625 -70.0 2.773437264497239 10 
0007 0015 1666603097094391 134.25 -69.0 0.803805932852076 10 
0007 0011 1666603097095530 -26.0 -64.0 3.6815538909255388 10 
0007 0005 1666603097096670 30.0625 -68.5 2.9513790358919736 10 
0007 0006 1666603097098528 85.4375 -69.5 5.93343768754166 10 
0007 0012 1666603097114789 4.875 -76.0 5.491651220630596 10 
0007 0000 1666603097120166 4.875 -77.5 1.8039614065535141 10 
0007 0004 1666603097200109 5.75 -74.5 5.295301679781233 10 
0007 0010 1666603097219289 13.0 -63.5 4.657165672020807 10 
0007 0015 1666603097220803 -256.3125 -71.0 1.3192234775816514 10 
0007 0006 1666603097221711 151.3125 -72.0 1.9144080232812801 10 
0007 0005 1666603097224531 13.0 -67.0 6.166602767300278 10 
0007 0011 1666603097225699 100.0625 -65.5 5.049864753719531 10 
0007 0008 1666603097227909 91.125 -70.5 4.6448938257177215 10 
0007 0004 1666603097229202 230.25 -70.5 5.706408530934585 10 
0007 0012 1666603097251699 -54.0625 -74.5 1.0952622825503477 10 
0007 0014 1666603097304971 -3.5625 -74.0 1.4910293258248433 10 
0007 0008 1666603097347505 -69.125 -71.0 0.9878836273983529 10 
0007 0010 1666603097348673 26.0 -64.5 0.6872233929727672 10 
0007 0011 1666603097350094 -134.25 -72.0 1.4603497100671303 10 
0007 0005 1666603097351444 56.125 -60.5 1.2210487071569704 10 
0007 0004 1666603097352895 208.3125 -69.0 0.9940195505498954 10 
0007 0012 1666603097356529 69.125 -71.0 5.853670686571607 10 
0007 0006 1666603097358870 -241.6875 -68.5 5.473243451175968 10 
0007 0002 1666603097359735 -17.0625 -71.0 5.939573610693203 10 
0007 0003 1666603097467018 65.0625 -69.5 5.780039608753096 10 
0007 0008 1666603097468209 0.0 -68.5 2.9329712664373457 10 
0007 0006 1666603097469817 -4.0625 -66.0 0.6872233929727672 10 
0007 0004 1666603097471214 -134.25 -67.0 2.2518837966161214 10 
0007 0005 1666603097473954 74.0 -65.5 2.564815877344792 10 
0007 0010 1666603097475958 173.3125 -63.5 2.1966604882522383 10 
0007 0012 1666603097477163 0.0 -64.5 1.6935147898257479 10 
0007 0002 1666603097478052 48.0 -67.5 1.0185632431560658 10 
0007 0011 1666603097479193 -204.25 -69.5 4.2092432819582 10 
0007 0008 1666603097578960 -100.0625 -67.5 4.6448938257177215 10 
0007 0002 1666603097579857 48.0 -65.0 2.061670178918302 10 
0007 0010 1666603097580754 -30.0625 -62.0 3.472932503773092 10 
0007 0004 1666603097582374 -95.1875 -69.5 3.11091303783208 10 
0007 0012 1666603097583317 -52.0625 -60.5 1.6505633277649499 10 
0007 0006 1666603097584196 34.9375 -65.0 1.8653206380689396 10 
0007 0011 1666603097585622 26.0 -66.5 5.368932757599744 10 
0007 0005 1666603097586535 -56.125 -69.5 5.902758071783947 10 
0007 0015 1666603097587676 61.0 -69.5 2.6568547246179306 10 
0007 0014 1666603097637445 6.8125 -74.5 0.9142525495798421 10 
0007 0011 1666603097693834 4.0625 -66.0 1.0185632431560658 10 
0007 0010 1666603097694721 30.0625 -61.5 4.295146206079795 10 
0007 0008 1666603097696142 -30.0625 -67.5 6.19728238305799 10 
0007 0002 1666603097697791 -78.0625 -66.0 3.693825737228624 10 
0007 0005 1666603097700303 34.9375 -62.5 1.0676506283684062 10 
0007 0015 1666603097702970 -52.0625 -66.0 0.8344855486097889 10 
0007 0004 1666603097704407 121.25 -72.5 3.5711072741977725 10 
0007 0012 1666603097705404 -43.125 -59.5 2.6323110320117604 10 
0007 0006 1666603097706286 100.0625 -64.5 3.043417883165112 10 
0007 0002 1666603097805073 -74.0 -66.5 5.080544369477243 10 
0007 0012 1666603097806597 21.9375 -63.5 3.749049045592507 10 
0007 0010 1666603097809728 -52.0625 -61.5 5.049864753719531 10 
0007 0003 1666603097810918 -4.0625 -69.5 4.859651136021712 10 
0007 0008 1666603097812231 -108.1875 -66.0 1.368310862793992 10 
0007 0015 1666603097813143 -13.0 -65.0 5.006913291658733 10 
0007 0006 1666603097814294 52.0625 -64.5 4.0987966652304335 10 
0007 0011 1666603097815404 -26.0 -66.0 2.2150682577068657 10 
0007 0005 1666603097816301 -74.0 -62.5 2.2580197197676637 10 
0007 0011 1666603097915277 -74.0 -67.5 3.6386024288647407 10 
0007 0008 1666603097917323 -48.0 -66.0 2.4850488763747385 10 
0007 0005 1666603097919126 43.125 -66.0 3.393165502803038 10 
0007 0015 1666603097920535 13.0 -64.5 4.319689898685965 10 
0007 0012 1666603097921436 -34.9375 -67.5 4.6448938257177215 10 
0007 0003 1666603097922570 8.9375 -67.5 6.013204688511713 10 
0007 0010 1666603097923513 -91.125 -62.5 6.037748381117884 10 
0007 0002 1666603097925674 43.125 -65.0 0.4111068511533518 10 
0007 0006 1666603097926656 -121.25 -66.5 5.4671075280244255 10 
0007 0005 1666603098025577 -212.375 -68.0 6.000932842208628 10 
0007 0008 1666603098027772 -30.0625 -67.5 4.295146206079795 10 
0007 0002 1666603098029576 -69.125 -65.5 2.1782527187976104 10 
0007 0003 1666603098030531 -247.375 -70.0 1.4787574795217582 10 
0007 0010 1666603098031650 8.9375 -62.0 1.2640001692177683 10 
0007 0011 1666603098032692 17.0625 -66.0 5.00077736850719 10 
0007 0006 1666603098034156 -213.1875 -69.5 0.8344855486097889 10 
0007 0004 1666603098048580 -11.75 -73.0 0.4356505437595221 10 
0007 0015 1666603098053600 20.25 -72.5 4.399456899656019 10 
0007 0012 1666603098117103 -5.6875 -72.5 3.8840393549264434 10 
0007 0011 1666603098148614 -34.9375 -68.5 0.6135923151542565 10 
0007 0010 1666603098150590 8.9375 -65.5 3.1231848841351653 10 
0007 0006 1666603098151518 74.0 -67.5 2.405281875404685 10 
0007 0008 1666603098152698 -69.125 -68.0 0.4111068511533518 10 
0007 0015 1666603098154562 -91.125 -67.5 2.454369260617026 10 
0007 0005 1666603098155503 -8.9375 -63.0 2.2089323345553233 10 
0007 0004 1666603098156670 -152.125 -68.0 4.945554060143307 10 
0007 0012 1666603098159756 204.25 -69.0 1.030835089459151 10 
0007 0002 1666603098160651 -17.0625 -66.5 4.466952054322987 10 
0007 0003 1666603098211190 13.5625 -75.0 5.6573211457222445 10 
0007 0004 1666603098265426 8.9375 -68.0 5.5714182216006485 10 
0007 0012 1666603098266269 -8.9375 -64.0 2.435961491162398 10 
0007 0010 1666603098269042 -100.0625 -68.5 5.325981295538946 10 
0007 0008 1666603098269952 -100.0625 -67.5 2.552544031041707 10 
0007 0005 1666603098270935 -34.9375 -62.5 4.123340357836604 10 
0007 0006 1666603098272386 -28.4375 -66.0 4.878058905476339 10 
0007 0015 1666603098273371 21.9375 -67.0 3.3440781175906977 10 
0007 0002 1666603098280752 -34.9375 -67.0 0.48473792897186263 10 
0007 0013 1666603098285433 82.1875 -73.0 0.9878836273983529 10 
0007 0003 1666603098287969 -100.0625 -68.5 1.2701360923693108 10 
0007 0011 1666603098298264 4.4375 -72.5 1.8407769454627694 10 
0007 0007 1666603098315241 -11.4375 -75.0 2.055534255766759 10 
0007 0012 1666603098390367 -56.125 -67.5 4.847379289718626 10 
0007 0007 1666603098392133 -104.125 -68.5 6.160466844148735 10 
0007 0003 1666603098393071 113.0625 -66.5 2.448233337465483 10 
0007 0013 1666603098393985 61.0 -68.5 3.32567034813607 10 
0007 0006 1666603098397031 -82.1875 -65.5 1.3744467859455345 10 
0007 0015 1666603098397931 -61.0 -66.0 3.2704470397721868 10 
0007 0002 1666603098398845 130.1875 -68.5 2.748893571891069 10 
0007 0011 1666603098400212 178.1875 -67.0 0.8835729338221293 10 
0007 0005 1666603098401138 26.0 -66.0 0.6135923151542565 10 
0007 0008 1666603098402177 -134.25 -69.0 4.921010367537137 10 
0007 0010 1666603098481062 -1.5 -73.0 4.215379205109742 10 
0007 0002 1666603098514798 -186.3125 -67.5 5.356660911296659 10 
0007 0015 1666603098515724 13.0 -62.5 3.4606606574700063 10 
0007 0006 1666603098517758 18.6875 -65.5 3.4054373491061236 10 
0007 0007 1666603098518674 69.125 -69.0 0.8713010875190442 10 
0007 0005 1666603098519873 -39.0 -64.5 3.08636934522591 10 
0007 0008 1666603098522015 -121.25 -70.0 0.7240389318820226 10 
0007 0010 1666603098522983 26.0 -69.0 5.332117218690489 10 
0007 0011 1666603098523883 -165.1875 -66.5 3.0066023442558567 10 
0007 0013 1666603098524798 -13.0 -66.0 5.264622064023521 10 
0007 0003 1666603098526854 -21.9375 -69.5 4.460816131171445 10 
0007 0004 1666603098572791 -6.375 -74.5 5.620505606812989 10 
0007 0010 1666603098675843 56.125 -65.5 2.3316507975861747 10 
0007 0006 1666603098677109 -38.1875 -68.5 5.553010452146021 10 
0007 0002 1666603098678276 126.125 -65.5 1.1535535524900022 10 
0007 0011 1666603098680218 21.9375 -65.5 5.411884219660542 10 
0007 0005 1666603098681613 -48.0 -61.0 5.123495831538041 10 
0007 0014 1666603098682977 -17.0625 -66.5 3.6263305825616556 10 
0007 0013 1666603098683881 191.1875 -66.0 1.6996507129772904 10 
0007 0007 1666603098684766 347.4375 -72.0 1.9819031779482483 10 
0007 0015 1666603098686500 -17.0625 -64.0 3.6570101983193686 10 
0007 0004 1666603098687399 -113.0625 -70.0 0.6933593161243098 10 
0007 0008 1666603098688744 4.0625 -71.5 2.5709518004963345 10 
0007 0003 1666603098743428 2.875 -74.5 5.405748296509 10 
0007 0005 1666603098792297 8.9375 -61.0 6.068427996875596 10 
0007 0010 1666603098793922 -91.125 -66.5 3.5281558121369745 10 
0007 0002 1666603098795742 61.0 -65.0 2.6691265709210157 10 
0007 0011 1666603098796593 0.0 -66.0 0.4111068511533518 10 
0007 0015 1666603098798276 -26.0 -65.0 4.362641360746763 10 
0007 0013 1666603098800752 95.1875 -70.0 2.705942109830271 10 
0007 0003 1666603098801690 61.0 -71.0 2.9268353432858034 10 
0007 0004 1666603098802886 61.0 -70.5 1.4051264017032472 10 
0007 0014 1666603098803799 108.1875 -69.0 3.8288160465625602 10 
0007 0006 1666603098804906 246.5625 -68.0 0.9203884727313847 10 
0007 0008 1666603098807965 -208.3125 -72.0 4.344233591292136 10 
0007 0007 1666603098816708 -69.125 -72.0 3.9760782021995817 10 
0007 0007 1666603098840026 3.1875 -74.5 1.1535535524900022 10 
0007 0000 1666603098846905 3.1875 -76.5 5.105088062083414 10 
0007 0012 1666603098849039 36.5625 -74.0 0.8222137023067037 10 
0007 0008 1666603098924559 -342.5625 -71.0 6.22182607566416 10 
0007 0005 1666603098925425 21.9375 -62.5 1.2701360923693108 10 
0007 0006 1666603098926363 -4.875 -68.5 2.791845033951867 10 
0007 0011 1666603098928506 -4.0625 -65.5 1.761009944492716 10 
0007 0003 1666603098930156 74.0 -65.5 4.4976316700806995 10 
0007 0010 1666603098931791 -134.25 -66.5 5.203262832508095 10 
0007 0014 1666603098934005 48.0 -68.0 1.9266798695843652 10 
0007 0015 1666603098934934 -52.0625 -67.0 4.061981126321178 10 
0007 0002 1666603098936569 238.4375 -66.5 4.344233591292136 10 
0007 0000 1666603098974371 20.25 -76.5 0.37429131224409645 10 
0007 0012 1666603098977141 2.4375 -73.5 5.6573211457222445 10 
0007 0015 1666603099052452 -34.9375 -67.0 4.061981126321178 10 
0007 0010 1666603099055395 56.125 -66.5 1.3621749396424494 10 
0007 0011 1666603099057223 -21.9375 -65.5 3.368621810196868 10 
0007 0006 1666603099058092 -265.25 -67.5 4.779884135051658 10 
0007 0005 1666603099066320 -8.9375 -64.5 3.816544200259475 10 
0007 0008 1666603099067248 -334.4375 -72.5 1.7916895602504288 10 
0007 0012 1666603099069175 -21.9375 -70.0 0.8958447801252144 10 
0007 0003 1666603099070456 -13.0 -68.0 6.043884304269426 10 
0007 0002 1666603099073311 -87.0625 -67.0 0.46019423636569234 10 
0007 0014 1666603099074280 178.1875 -67.5 2.2764274892222915 10 
0007 0000 1666603099108952 14.625 -77.5 2.055534255766759 10 
0007 0004 1666603099161208 0.875 -76.0 1.9266798695843652 10 
0007 0003 1666603099197084 23.5625 -70.0 2.3316507975861747 10 
0007 0005 1666603099199325 -26.0 -60.5 5.921165841238575 10 
0007 0014 1666603099200180 -69.125 -67.5 2.9575149590435164 10 
0007 0015 1666603099202935 4.0625 -66.0 4.792155981354743 10 
0007 0006 1666603099203917 -8.9375 -65.0 0.8897088569736719 10 
0007 0013 1666603099205106 -130.1875 -66.0 2.2886993355253766 10 
0007 0010 1666603099206423 -8.9375 -63.0 4.178563666200486 10 
0007 0002 1666603099208030 -126.125 -64.5 3.313398501832985 10 
0007 0011 1666603099209588 -108.1875 -68.5 0.09203884727313846 10 
0007 0012 1666603099211376 -121.25 -70.0 2.423689644859313 10 
0007 0008 1666603099239710 -10.5 -74.5 5.577554144752192 10 
0007 0000 1666603099245343 24.375 -78.5 4.0558452031696355 10 
0007 0007 1666603099319608 3.375 -75.5 5.178719139901925 10 
0007 0013 1666603099338437 13.0 -64.0 3.5465635815916023 10 
0007 0006 1666603099340158 -56.125 -61.0 3.098641191528995 10 
0007 0005 1666603099341070 13.0 -60.5 1.4971652489763858 10 
0007 0002 1666603099342041 -160.3125 -63.0 4.8351074434155406 10 
0007 0011 1666603099343519 91.125 -66.0 2.6875343403756435 10 
0007 0003 1666603099345235 -30.0625 -64.0 4.522175362686871 10 
0007 0010 1666603099346161 8.9375 -61.5 6.056156150572511 10 
0007 0008 1666603099347059 -78.0625 -70.5 1.4971652489763858 10 
0007 0015 1666603099348315 282.375 -69.5 0.0674951546669682 10 
0007 0012 1666603099350542 -69.125 -68.0 4.724660826687775 10 
0007 0014 1666603099352020 104.125 -70.0 3.5342917352885173 10 
0007 0002 1666603099476382 -130.1875 -66.5 0.1595340019401067 10 
0007 0006 1666603099478905 -4.875 -61.0 4.914874444385594 10 
0007 0012 1666603099480034 -30.0625 -65.0 3.6999616603801666 10 
0007 0010 1666603099480930 4.0625 -59.5 0.760854470791278 10 
0007 0003 1666603099481885 -17.0625 -67.5 6.037748381117884 10 
0007 0011 1666603099483309 -87.0625 -62.0 4.399456899656019 10 
0007 0005 1666603099486573 -78.0625 -61.5 4.3503695144436785 10 
0007 0008 1666603099488348 100.0625 -68.5 3.074097498922825 10 
0007 0014 1666603099512427 12.1875 -73.0 2.5402721847386216 10 
0007 0015 1666603099515167 5.625 -71.5 5.6143696836614465 10 
0007 0002 1666603099591675 -8.9375 -64.5 1.5707963267948966 10 
0007 0003 1666603099592573 74.0 -69.0 1.5401167110371838 10 
0007 0010 1666603099595542 -48.0 -59.0 1.5892040962495242 10 
0007 0008 1666603099596851 -113.0625 -67.5 4.589670517353839 10 
0007 0005 1666603099598412 -52.0625 -60.0 5.522330836388308 10 
0007 0006 1666603099599320 -42.3125 -61.5 6.117515382087937 10 
0007 0011 1666603099600907 0.0 -62.0 5.5714182216006485 10 
0007 0012 1666603099601792 0.0 -61.0 4.430136515413731 10 
0007 0015 1666603099602841 -78.0625 -66.5 1.4296700943094176 10 
0007 0014 1666603099603867 -182.25 -69.5 3.5281558121369745 10 
0007 0007 1666603099689753 -3.125 -74.5 1.6689710972195777 10 
0007 0002 1666603099707855 126.125 -64.0 2.736621725587984 10 
0007 0010 1666603099709065 -48.0 -59.5 2.073942025221387 10 
0007 0006 1666603099709960 42.3125 -62.0 0.4111068511533518 10 
0007 0005 1666603099710873 30.0625 -60.0 0.1227184630308513 10 
0007 0012 1666603099712041 -17.0625 -61.5 4.724660826687775 10 
0007 0011 1666603099714949 -21.9375 -63.0 0.28225246497095796 10 
0007 0015 1666603099715861 -4.0625 -62.5 4.970097752749477 10 
0007 0008 1666603099717072 -82.1875 -66.0 5.884350302329319 10 
0007 0003 1666603099718267 56.125 -65.5 3.215223731408304 10 
0007 0007 1666603099719644 -4.0625 -72.5 4.963961829597935 10 
0007 0005 1666603099818822 30.0625 -61.5 1.4787574795217582 10 
0007 0002 1666603099820627 43.125 -62.5 4.147884050442774 10 
0007 0007 1666603099821541 -147.25 -71.0 5.859806609723149 10 
0007 0008 1666603099822662 61.0 -67.5 0.5645049299419159 10 
0007 0010 1666603099823856 -17.0625 -60.5 2.7120780329818137 10 
0007 0012 1666603099824813 -104.125 -60.0 5.66959299202533 10 
0007 0003 1666603099826500 21.9375 -64.5 4.374913207049849 10 
0007 0015 1666603099827670 26.0 -64.0 5.166447293598839 10 
0007 0006 1666603099828861 -9.75 -61.5 1.1351457830353744 10 
0007 0011 1666603099830116 69.125 -61.0 0.9387962421860124 10 
0007 0013 1666603099848270 10.5 -78.0 5.516194913236766 10 
0007 0004 1666603099929630 -0.4375 -75.0 6.062292073724054 10 
0007 0003 1666603099938085 -43.125 -66.0 5.6143696836614465 10 
0007 0010 1666603099938982 4.0625 -61.5 3.706097583531709 10 
0007 0006 1666603099940163 -87.0625 -62.5 1.7303303287350031 10 
0007 0002 1666603099943451 -26.0 -61.0 5.577554144752192 10 
0007 0011 1666603099944364 -30.0625 -60.5 1.8775924843720249 10 
0007 0007 1666603099945789 65.0625 -70.5 0.3620194659410113 10 
0007 0005 1666603099948645 -43.125 -63.5 3.497476196379262 10 
0007 0013 1666603099951459 -139.125 -73.0 4.908738521234052 10 
0007 0012 1666603099952357 -17.0625 -65.0 0.30066023442558565 10 
0007 0008 1666603099954376 13.0 -66.0 2.0923497946760143 10 
0007 0015 1666603099956582 17.0625 -64.0 2.6139032625571326 10 
0007 0004 1666603099965214 -1.1875 -72.5 0.13192234775816514 10 
0007 0006 1666603100056398 75.625 -65.0 3.0066023442558567 10 
0007 0003 1666603100057604 74.0 -67.5 1.2578642460662257 10 
0007 0011 1666603100058772 -65.0625 -62.5 2.988194574801229 10 
0007 0004 1666603100059909 78.0625 -70.5 0.760854470791278 10 
0007 0015 1666603100061629 26.0 -65.5 2.8777479580734626 10 
0007 0012 1666603100064060 21.9375 -69.0 1.2333205534600555 10 
0007 0005 1666603100066817 -26.0 -60.5 5.240078371417351 10 
0007 0008 1666603100068394 30.0625 -66.0 3.650874275167826 10 
0007 0010 1666603100070796 -61.0 -61.5 5.178719139901925 10 
0007 0002 1666603100071648 -43.125 -60.5 0.8467573949128739 10 
0007 0007 1666603100094927 7.3125 -75.0 5.3198453723874035 10 
0007 0013 1666603100133356 2.4375 -78.5 0.25770877236478773 10 
0007 0011 1666603100188549 -26.0 -63.5 5.013049214810275 10 
0007 0006 1666603100189656 -42.3125 -64.0 5.706408530934585 10 
0007 0012 1666603100192429 -82.1875 -66.5 3.104777114680538 10 
0007 0004 1666603100194876 199.375 -69.0 2.116893487282185 10 
0007 0003 1666603100196306 -21.9375 -65.0 4.528311285838413 10 
0007 0008 1666603100198334 -225.375 -66.0 5.8659425328746915 10 
0007 0005 1666603100199883 -4.0625 -59.0 1.086058397823034 10 
0007 0010 1666603100200797 -30.0625 -62.0 0.8713010875190442 10 
0007 0015 1666603100202248 -52.0625 -63.5 3.3011266555298997 10 
0007 0002 1666603100203156 21.9375 -61.5 2.675262494072558 10 
0007 0013 1666603100231314 56.875 -76.0 1.3499030933393643 10 
