0007 0011 1666603835285260 152.125 -65.5 1.1351457830353744 12 
0007 0008 1666603835286666 -48.0 -70.0 0.006135923151542565 12 
0007 0005 1666603835289112 56.125 -63.5 1.6137477888556946 12 
0007 0010 1666603835289965 -4.0625 -59.5 5.190990986205009 12 
0007 0003 1666603835290848 52.0625 -69.5 1.5585244804918115 12 
0007 0014 1666603835292437 39.0 -62.5 6.2034183062095325 12 
0007 0015 1666603835293321 -26.0 -62.0 4.479223900626073 12 
0007 0007 1666603835295214 -56.125 -67.0 4.921010367537137 12 
0007 0013 1666603835319506 -4.875 -72.0 4.743068596142402 12 
0007 0004 1666603835376477 9.0625 -74.5 2.4605051837685683 12 
0007 0005 1666603835405855 21.9375 -63.5 1.5830681730979816 12 
0007 0010 1666603835407124 43.125 -62.0 5.399612373357457 12 
0007 0014 1666603835408033 4.0625 -61.5 0.521553467881118 12 
0007 0015 1666603835409147 95.1875 -63.5 4.252194744018997 12 
0007 0011 1666603835410074 95.1875 -64.5 0.7117670855789375 12 
0007 0003 1666603835411224 17.0625 -69.5 1.564660403643354 12 
0007 0013 1666603835412197 91.125 -66.5 5.105088062083414 12 
0007 0007 1666603835414695 17.0625 -68.5 4.540583132141498 12 
0007 0008 1666603835416635 0.0 -67.5 0.2761165418194154 12 
0007 0004 1666603835434681 34.9375 -74.5 5.792311455056181 12 
0007 0005 1666603835515943 -39.0 -63.5 1.552388557340269 12 
0007 0015 1666603835516831 -26.0 -63.0 4.289010282928253 12 
0007 0003 1666603835517969 165.1875 -68.0 1.282407938672396 12 
0007 0010 1666603835520950 -48.0 -60.0 5.743224069843841 12 
0007 0014 1666603835522329 -26.0 -62.0 6.129787228391022 12 
0007 0011 1666603835523511 69.125 -63.0 1.2087768608538851 12 
0007 0013 1666603835524453 -61.0 -64.5 5.21553467881118 12 
0007 0008 1666603835526609 -30.0625 -68.0 0.5092816215780329 12 
0007 0007 1666603835530939 17.0625 -69.0 4.693981210930062 12 
0007 0012 1666603835634912 -2.9375 -74.5 6.22182607566416 12 
0007 0008 1666603835643769 0.0 -67.5 0.5645049299419159 12 
0007 0014 1666603835645196 -30.0625 -68.0 4.4362724385652745 12 
0007 0012 1666603835648121 -160.3125 -68.5 2.9513790358919736 12 
0007 0011 1666603835649075 100.0625 -63.0 1.3069516312785663 12 
0007 0013 1666603835649960 13.0 -61.5 4.546719055293041 12 
0007 0010 1666603835651327 26.0 -59.0 5.602097837358362 12 
0007 0007 1666603835652482 108.1875 -69.0 4.503767593232243 12 
0007 0015 1666603835656549 -21.9375 -63.5 3.988350048502667 12 
0007 0005 1666603835657506 -87.0625 -63.5 1.7916895602504288 12 
0007 0003 1666603835658525 0.0 -68.5 1.325359400733194 12 
0007 0006 1666603835744962 3.375 -73.5 6.209554229361076 12 
0007 0007 1666603835762745 251.4375 -71.0 4.301282129231338 12 
0007 0008 1666603835764321 -69.125 -67.5 0.6320000846088841 12 
0007 0011 1666603835765205 -13.0 -61.0 1.2885438618239387 12 
0007 0015 1666603835766884 13.0 -61.5 4.111068511533518 12 
0007 0012 1666603835767769 -56.125 -67.5 5.534602682691394 12 
0007 0013 1666603835768882 39.0 -61.0 4.988505522204105 12 
0007 0014 1666603835769780 17.0625 -65.5 3.2704470397721868 12 
0007 0010 1666603835770663 -4.0625 -61.0 4.81056375080937 12 
0007 0005 1666603835771862 -13.0 -64.0 1.662835174068035 12 
0007 0003 1666603835772987 -74.0 -71.5 0.8958447801252144 12 
0007 0006 1666603835775062 -113.875 -69.5 6.135923151542564 12 
0007 0012 1666603835875401 -21.9375 -67.0 4.086524818927348 12 
0007 0010 1666603835876328 -48.0 -62.0 3.472932503773092 12 
0007 0011 1666603835877921 13.0 -60.5 0.8835729338221293 12 
0007 0015 1666603835878836 -34.9375 -65.0 0.2699806186678728 12 
0007 0014 1666603835880441 -61.0 -64.5 3.6815538909255388 12 
0007 0007 1666603835881581 87.0625 -67.5 4.166291819897402 12 
0007 0005 1666603835882491 -8.9375 -64.0 1.4787574795217582 12 
0007 0008 1666603835883770 69.125 -64.0 0.46019423636569234 12 
0007 0006 1666603835886427 -66.6875 -67.5 5.767767762450011 12 
0007 0003 1666603835887439 -65.0625 -70.5 0.5583690067903734 12 
0007 0003 1666603835984252 8.9375 -72.5 0.34974761963792617 12 
0007 0010 1666603835985620 4.0625 -60.0 3.4606606574700063 12 
0007 0011 1666603835988660 -4.0625 -60.5 0.6135923151542565 12 
0007 0008 1666603835990153 8.9375 -62.0 0.6749515466696822 12 
0007 0012 1666603835991425 78.0625 -66.0 5.8659425328746915 12 
0007 0014 1666603835992382 -165.1875 -66.5 3.749049045592507 12 
0007 0015 1666603835993325 -74.0 -63.5 3.129320807286708 12 
0007 0005 1666603835994253 -52.0625 -64.5 1.6444274046134073 12 
0007 0007 1666603835995264 -4.0625 -66.5 4.485359823777615 12 
0007 0006 1666603835996131 21.9375 -65.5 5.559146375297564 12 
0007 0005 1666603836093005 -52.0625 -63.5 1.7303303287350031 12 
0007 0012 1666603836093902 17.0625 -68.0 5.675728915176872 12 
0007 0007 1666603836094789 95.1875 -67.0 4.528311285838413 12 
0007 0010 1666603836096649 -8.9375 -60.5 3.792000507653305 12 
0007 0015 1666603836098555 39.0 -63.0 2.6139032625571326 12 
0007 0003 1666603836099960 -95.1875 -71.5 0.48473792897186263 12 
0007 0006 1666603836101323 -39.0 -65.0 5.589825991055276 12 
0007 0014 1666603836103894 -156.1875 -66.0 3.6079228131070282 12 
0007 0011 1666603836106394 -26.0 -60.5 1.012427320004523 12 
0007 0008 1666603836108907 -8.9375 -62.5 0.7240389318820226 12 
0007 0015 1666603836208328 0.0 -63.0 0.17794177139473438 12 
0007 0008 1666603836209848 0.0 -64.5 0.7363107781851077 12 
0007 0010 1666603836211058 -30.0625 -62.0 3.9453985864418692 12 
0007 0005 1666603836211954 -8.9375 -62.0 2.055534255766759 12 
0007 0006 1666603836212878 -8.9375 -66.0 5.773903685601553 12 
0007 0011 1666603836214031 -8.9375 -60.5 1.5278448647340985 12 
0007 0012 1666603836216108 -169.25 -66.5 5.884350302329319 12 
0007 0007 1666603836217038 -65.0625 -69.0 4.878058905476339 12 
0007 0014 1666603836219369 -134.25 -66.0 3.7429131224409646 12 
0007 0003 1666603836220476 69.125 -71.5 0.9265243958829272 12 
0007 0005 1666603836319080 -100.0625 -61.0 2.6568547246179306 12 
0007 0007 1666603836320598 0.0 -70.0 5.105088062083414 12 
0007 0013 1666603836321547 87.0625 -64.0 3.730641276137879 12 
0007 0003 1666603836322911 147.25 -70.0 1.4480778637640452 12 
0007 0010 1666603836323835 39.0 -61.5 4.921010367537137 12 
0007 0015 1666603836324762 26.0 -62.0 4.2031073588066565 12 
0007 0011 1666603836326154 -13.0 -61.5 1.9634954084936207 12 
0007 0006 1666603836329003 236.75 -68.5 6.092971689481767 12 
0007 0012 1666603836330286 -87.0625 -66.5 6.0991076126333095 12 
0007 0008 1666603836331706 26.0 -66.0 1.3499030933393643 12 
0007 0014 1666603836332747 -104.125 -68.5 3.522019888985432 12 
0007 0010 1666603836429619 21.9375 -60.0 5.264622064023521 12 
0007 0011 1666603836431068 -8.9375 -62.0 2.2212041808584084 12 
0007 0015 1666603836433360 -13.0 -65.0 3.9944859716542096 12 
0007 0003 1666603836435606 113.0625 -68.0 2.1659808724945253 12 
0007 0005 1666603836436904 -48.0 -62.5 3.1661363461959633 12 
0007 0013 1666603836438033 52.0625 -65.0 4.104932588381976 12 
0007 0008 1666603836439270 -26.0 -66.0 1.521708941582556 12 
0007 0014 1666603836440634 -152.125 -71.0 4.356505437595221 12 
0007 0007 1666603836442014 56.125 -68.0 5.553010452146021 12 
0007 0003 1666603836539353 -225.375 -67.5 3.227495577711389 12 
0007 0011 1666603836542979 56.125 -65.5 2.2212041808584084 12 
0007 0005 1666603836543878 -43.125 -62.5 2.9575149590435164 12 
0007 0010 1666603836544761 -43.125 -58.0 5.356660911296659 12 
0007 0007 1666603836546115 -130.1875 -68.5 5.8659425328746915 12 
0007 0013 1666603836549671 -100.0625 -65.5 4.454680208019902 12 
0007 0008 1666603836550709 48.0 -67.5 1.0062913968529805 12 
0007 0015 1666603836551606 4.0625 -62.5 4.276738436625168 12 
0007 0014 1666603836552746 -61.0 -63.5 1.0921943209745766 12 
0007 0015 1666603836650387 48.0 -63.5 4.331961744989051 12 
0007 0010 1666603836651809 -34.9375 -59.5 5.608233760509904 12 
0007 0004 1666603836654325 355.5625 -72.0 2.6568547246179306 12 
0007 0003 1666603836655334 143.1875 -68.0 2.693670263527186 12 
0007 0014 1666603836656698 34.9375 -61.0 1.3499030933393643 12 
0007 0007 1666603836657854 -173.3125 -68.5 5.93343768754166 12 
0007 0005 1666603836658765 17.0625 -63.0 2.9145634969827183 12 
0007 0011 1666603836659662 -4.0625 -63.5 2.141437179888355 12 
0007 0013 1666603836660962 -8.9375 -67.0 4.994641445355648 12 
0007 0008 1666603836662084 82.1875 -68.5 0.9326603190344698 12 
0007 0011 1666603836760343 -39.0 -64.0 2.4850488763747385 12 
0007 0008 1666603836761636 34.9375 -66.5 1.3008157081270237 12 
0007 0015 1666603836762549 -74.0 -63.0 4.368777283898306 12 
0007 0014 1666603836763504 104.125 -62.0 0.39269908169872414 12 
0007 0013 1666603836764391 -139.125 -65.0 4.81056375080937 12 
0007 0010 1666603836766010 -13.0 -58.5 6.037748381117884 12 
0007 0005 1666603836767179 78.0625 -62.5 2.7550294950426117 12 
0007 0007 1666603836768830 26.0 -68.0 5.927301764390117 12 
0007 0003 1666603836771726 -182.25 -67.0 2.9575149590435164 12 
0007 0004 1666603836773009 -178.1875 -72.5 3.730641276137879 12 
0007 0008 1666603836870055 173.3125 -66.5 1.2578642460662257 12 
0007 0007 1666603836871406 43.125 -69.5 5.663457068873787 12 
0007 0010 1666603836872346 48.0 -59.0 0.17794177139473438 12 
0007 0015 1666603836875320 -65.0625 -63.0 3.8840393549264434 12 
0007 0013 1666603836876818 -78.0625 -63.0 4.7860200582032 12 
0007 0011 1666603836877672 -17.0625 -62.5 2.356194490192345 12 
0007 0005 1666603836878573 30.0625 -62.0 2.736621725587984 12 
0007 0003 1666603836882814 87.0625 -68.0 2.227340104009951 12 
0007 0014 1666603836883953 48.0 -68.0 4.23378697456437 12 
0007 0006 1666603836911104 0.0 -72.0 4.945554060143307 12 
0007 0012 1666603836914647 8.0625 -76.5 4.749204519293945 12 
0007 0004 1666603836954818 1.9375 -74.5 4.080388895775806 12 
0007 0015 1666603837004586 65.0625 -61.0 4.460816131171445 12 
0007 0010 1666603837005722 8.9375 -60.5 5.700272607783043 12 
0007 0011 1666603837007345 43.125 -60.5 2.1598449493429825 12 
0007 0012 1666603837009021 -8.9375 -64.5 0.4172427743048944 12 
0007 0013 1666603837011886 13.0 -64.5 4.816699673960914 12 
0007 0005 1666603837013028 -61.0 -61.0 2.6445828783148455 12 
0007 0008 1666603837014007 4.0625 -66.5 1.4910293258248433 12 
0007 0014 1666603837015161 -30.0625 -64.5 3.8288160465625602 12 
0007 0006 1666603837019676 80.5625 -70.5 2.012582793705961 12 
0007 0007 1666603837020846 -95.1875 -70.0 5.43029198911517 12 
0007 0003 1666603837025222 -43.125 -70.0 1.6689710972195777 12 
0007 0004 1666603837044465 1.625 -73.5 4.589670517353839 12 
0007 0015 1666603837128474 -8.9375 -65.5 1.4480778637640452 12 
0007 0003 1666603837129784 74.0 -72.0 0.9694758579437253 12 
0007 0006 1666603837130679 -80.5625 -69.5 1.3867186322486196 12 
0007 0005 1666603837131563 82.1875 -61.0 2.098485717827557 12 
0007 0010 1666603837132503 13.0 -61.5 4.276738436625168 12 
0007 0014 1666603837133457 21.9375 -65.5 3.9944859716542096 12 
0007 0011 1666603837134681 13.0 -59.0 1.761009944492716 12 
0007 0008 1666603837136201 100.0625 -63.0 1.1596894756415448 12 
0007 0012 1666603837137342 -78.0625 -67.5 5.632777453116074 12 
0007 0007 1666603837138369 69.125 -67.5 5.227806525114265 12 
0007 0004 1666603837166383 3.1875 -73.5 1.2946797849754812 12 
0007 0012 1666603837244653 48.0 -67.0 0.607456392002714 12 
0007 0015 1666603837245908 43.125 -62.5 3.5772431973493153 12 
0007 0010 1666603837247353 -39.0 -59.0 4.890330751779424 12 
0007 0011 1666603837248490 -4.0625 -59.5 1.6137477888556946 12 
0007 0007 1666603837249632 56.125 -66.0 5.227806525114265 12 
0007 0005 1666603837250543 -4.0625 -62.0 2.2396119503130363 12 
0007 0014 1666603837252164 4.0625 -66.0 3.9515345095934116 12 
0007 0008 1666603837253046 82.1875 -62.5 1.2762720155208536 12 
0007 0003 1666603837254570 -30.0625 -69.5 1.0492428589137786 12 
0007 0006 1666603837255975 33.3125 -68.0 0.3620194659410113 12 
0007 0004 1666603837277033 9.0 -74.0 1.337631247036279 12 
0007 0008 1666603837357339 -74.0 -62.0 1.5585244804918115 12 
0007 0005 1666603837358505 -8.9375 -61.5 2.1598449493429825 12 
0007 0014 1666603837361435 113.0625 -67.0 3.785864584501762 12 
0007 0007 1666603837363812 -100.0625 -68.0 5.3627968344482015 12 
0007 0006 1666603837365079 113.875 -69.0 0.20248546400090464 12 
0007 0015 1666603837366019 -78.0625 -63.5 1.7794177139473437 12 
0007 0011 1666603837366917 -39.0 -59.0 1.8653206380689396 12 
0007 0010 1666603837367841 4.0625 -60.0 5.0253210611133605 12 
0007 0012 1666603837369579 -104.125 -68.0 1.043106935762236 12 
0007 0003 1666603837370571 100.0625 -69.5 1.012427320004523 12 
0007 0013 1666603837415454 -12.9375 -76.0 1.6505633277649499 12 
0007 0006 1666603837472028 117.125 -68.5 0.7179030087304801 12 
0007 0010 1666603837474202 -56.125 -61.0 6.025476534814799 12 
0007 0007 1666603837475824 -204.25 -71.5 5.749359992995383 12 
0007 0005 1666603837477236 -26.0 -62.0 2.5709518004963345 12 
0007 0014 1666603837478176 100.0625 -68.0 3.466796580621549 12 
0007 0015 1666603837479555 30.0625 -62.0 4.246058820867455 12 
0007 0008 1666603837480977 -52.0625 -63.0 2.116893487282185 12 
0007 0011 1666603837481946 -34.9375 -62.5 2.337786720737717 12 
0007 0012 1666603837483747 61.0 -63.5 1.2640001692177683 12 
0007 0013 1666603837485075 108.1875 -69.0 4.086524818927348 12 
0007 0003 1666603837485984 -74.0 -69.0 1.8039614065535141 12 
0007 0008 1666603837592387 -78.0625 -65.5 2.030990563160589 12 
0007 0003 1666603837593337 61.0 -69.0 2.1782527187976104 12 
0007 0010 1666603837594716 -39.0 -60.0 0.28225246497095796 12 
0007 0015 1666603837595601 8.9375 -64.0 3.7981364308048478 12 
0007 0005 1666603837597450 -34.9375 -62.0 3.1784081924990484 12 
0007 0011 1666603837598349 -39.0 -62.0 2.8102528034064944 12 
0007 0007 1666603837602783 -87.0625 -69.5 6.166602767300278 12 
0007 0014 1666603837605733 -87.0625 -69.0 4.2092432819582 12 
0007 0004 1666603837624170 -1.625 -74.0 4.129476280988146 12 
0007 0007 1666603837706843 143.1875 -68.0 5.755495916146925 12 
0007 0014 1666603837710902 -39.0 -65.5 0.705631162427395 12 
0007 0008 1666603837713055 65.0625 -67.5 1.2946797849754812 12 
0007 0010 1666603837714670 -8.9375 -59.0 6.1850105367549055 12 
0007 0003 1666603837715852 -156.1875 -67.5 3.3011266555298997 12 
0007 0005 1666603837716807 -30.0625 -63.0 3.3747577333484107 12 
0007 0011 1666603837717946 -74.0 -64.0 2.6139032625571326 12 
0007 0015 1666603837719088 -52.0625 -62.0 3.859495662320273 12 
0007 0004 1666603837738234 2.4375 -74.0 0.6442719309119693 12 
0007 0010 1666603837821450 13.0 -59.5 5.93343768754166 12 
0007 0015 1666603837822622 113.0625 -63.5 3.8533597391687304 12 
0007 0007 1666603837824857 208.3125 -71.5 5.283029833478148 12 
0007 0014 1666603837826868 -34.9375 -62.0 1.1596894756415448 12 
0007 0005 1666603837828943 -17.0625 -62.0 3.2090878082567613 12 
0007 0008 1666603837830067 34.9375 -68.5 1.4542137869155878 12 
0007 0003 1666603837832120 -204.25 -68.5 3.2520392703175593 12 
0007 0011 1666603837833270 -8.9375 -63.0 2.227340104009951 12 
0007 0013 1666603837834387 -186.3125 -70.5 5.632777453116074 12 
0007 0004 1666603837836703 -204.25 -70.5 3.7551849687440497 12 
0007 0003 1666603837934845 -34.9375 -68.0 2.859340188618835 12 
0007 0011 1666603837936071 -87.0625 -62.0 2.356194490192345 12 
0007 0010 1666603837936968 -13.0 -58.5 6.056156150572511 12 
0007 0008 1666603837938120 -21.9375 -67.5 1.576932249946439 12 
0007 0015 1666603837939996 8.9375 -62.5 3.7122335066832517 12 
0007 0014 1666603837941322 -65.0625 -61.5 0.20248546400090464 12 
0007 0013 1666603837942721 113.0625 -66.5 5.381204603902829 12 
0007 0005 1666603837943608 -65.0625 -62.0 3.2090878082567613 12 
0007 0004 1666603837945386 -208.3125 -70.0 4.246058820867455 12 
0007 0007 1666603837946896 -273.375 -70.0 5.957981380147831 12 
0007 0008 1666603838044500 0.0 -68.0 1.5462526341887264 12 
0007 0013 1666603838045645 21.9375 -61.5 4.988505522204105 12 
0007 0010 1666603838046586 43.125 -59.5 0.018407769454627694 12 
0007 0011 1666603838048192 4.0625 -63.5 2.3071071049800045 12 
0007 0015 1666603838051186 -56.125 -62.0 3.3440781175906977 12 
0007 0003 1666603838052381 234.3125 -68.5 2.098485717827557 12 
0007 0014 1666603838053334 -74.0 -66.0 4.270602513473625 12 
0007 0007 1666603838056049 -143.1875 -69.5 5.626641529964532 12 
0007 0005 1666603838057216 -91.125 -63.0 3.06182565261974 12 
0007 0012 1666603838058575 0.0 -72.5 2.6813984172241008 12 
0007 0006 1666603838093335 -7.3125 -72.5 1.576932249946439 12 
0007 0004 1666603838150514 -1.25 -73.5 4.534447208989955 12 
0007 0015 1666603838170440 -78.0625 -61.0 4.6448938257177215 12 
0007 0007 1666603838171708 17.0625 -67.5 5.43029198911517 12 
0007 0010 1666603838172877 -113.0625 -61.0 5.522330836388308 12 
0007 0012 1666603838173834 134.25 -66.5 0.018407769454627694 12 
0007 0005 1666603838174775 30.0625 -62.0 2.3316507975861747 12 
0007 0014 1666603838176756 -48.0 -64.5 3.877903431774901 12 
0007 0011 1666603838178631 34.9375 -59.0 1.9205439464328227 12 
0007 0004 1666603838179887 -303.5 -71.5 4.81056375080937 12 
0007 0008 1666603838184991 113.0625 -66.0 1.2578642460662257 12 
0007 0006 1666603838186538 -28.4375 -69.5 1.0369710126106935 12 
0007 0003 1666603838187784 0.0 -71.5 1.7119225592803755 12 
0007 0014 1666603838286350 -48.0 -64.5 4.2092432819582 12 
0007 0015 1666603838288937 -39.0 -64.5 3.5895150436524004 12 
0007 0005 1666603838289878 87.0625 -63.5 1.6137477888556946 12 
0007 0008 1666603838290789 74.0 -63.0 1.3437671701878218 12 
0007 0007 1666603838291728 -4.0625 -66.5 5.203262832508095 12 
0007 0006 1666603838292896 52.0625 -69.0 0.4540583132141498 12 
0007 0010 1666603838293920 13.0 -60.5 4.896466674930966 12 
0007 0012 1666603838295127 91.125 -68.0 0.2086213871524472 12 
0007 0011 1666603838296070 -43.125 -58.5 1.736466251886546 12 
0007 0004 1666603838302537 82.1875 -71.0 4.381049130201391 12 
0007 0003 1666603838326331 3.1875 -74.0 0.944932165337555 12 
0007 0007 1666603838408610 -113.0625 -66.0 5.5100589900852235 12 
0007 0004 1666603838409963 -221.3125 -71.0 5.098952138931871 12 
0007 0010 1666603838411403 -39.0 -59.0 5.436427912266712 12 
0007 0014 1666603838412526 34.9375 -67.5 3.8840393549264434 12 
0007 0005 1666603838414187 34.9375 -65.0 1.718058482431918 12 
0007 0011 1666603838415581 -39.0 -60.0 1.7671458676442586 12 
0007 0015 1666603838416496 -34.9375 -64.0 4.896466674930966 12 
0007 0012 1666603838418758 -143.1875 -64.5 2.110757564130642 12 
0007 0008 1666603838419891 4.0625 -62.5 1.607611865704152 12 
0007 0006 1666603838424553 52.0625 -67.0 0.4724660826687775 12 
0007 0003 1666603838425480 260.375 -72.5 0.4908738521234052 12 
0007 0015 1666603838525170 26.0 -64.5 2.6445828783148455 12 
0007 0011 1666603838526365 4.0625 -59.5 2.116893487282185 12 
0007 0014 1666603838527279 39.0 -66.5 4.04357335686655 12 
0007 0008 1666603838528445 -48.0 -64.5 1.6382914814618648 12 
0007 0010 1666603838529598 -34.9375 -59.5 5.6143696836614465 12 
0007 0004 1666603838530554 147.25 -71.5 4.706253057233147 12 
0007 0005 1666603838531963 48.0 -64.0 1.859184714917397 12 
0007 0007 1666603838533345 -65.0625 -68.5 5.626641529964532 12 
0007 0006 1666603838534863 75.625 -70.5 0.8222137023067037 12 
0007 0012 1666603838535805 -17.0625 -65.0 1.9144080232812801 12 
0007 0003 1666603838540341 -47.1875 -73.0 1.2946797849754812 12 
0007 0011 1666603838637610 48.0 -61.5 2.6998061866787286 12 
0007 0015 1666603838639697 -61.0 -61.5 5.074408446325701 12 
0007 0012 1666603838640853 -52.0625 -65.0 2.116893487282185 12 
0007 0008 1666603838642499 26.0 -65.5 2.12916533358527 12 
0007 0005 1666603838643938 -126.125 -62.5 2.84706834231575 12 
0007 0004 1666603838645558 -108.1875 -71.0 5.0682725231741586 12 
0007 0003 1666603838646466 34.9375 -70.5 1.9941750242513334 12 
0007 0013 1666603838648830 -230.25 -66.5 5.056000676871073 12 
0007 0010 1666603838650733 -34.9375 -60.5 0.04908738521234052 12 
0007 0014 1666603838652936 -130.1875 -67.5 4.006757817957295 12 
0007 0007 1666603838656703 225.375 -71.0 5.583690067903734 12 
0007 0011 1666603838753272 52.0625 -62.0 3.2888548092268146 12 
0007 0010 1666603838755552 26.0 -58.5 0.03681553890925539 12 
0007 0003 1666603838758486 8.9375 -68.5 2.8532042654672924 12 
0007 0005 1666603838759641 -26.0 -61.5 3.552699504743145 12 
0007 0008 1666603838760721 -173.3125 -67.0 2.141437179888355 12 
0007 0004 1666603838761901 43.125 -70.0 4.933282213840222 12 
0007 0015 1666603838762815 -104.125 -62.5 4.583534594202296 12 
0007 0014 1666603838763811 -160.3125 -69.0 5.3198453723874035 12 
0007 0007 1666603838764754 -130.1875 -67.0 0.34974761963792617 12 
0007 0013 1666603838819971 5.3125 -73.0 5.945709533844745 12 
0007 0005 1666603838869939 -4.0625 -62.0 3.9147189706841563 12 
0007 0015 1666603838871932 13.0 -63.0 4.933282213840222 12 
0007 0014 1666603838873055 17.0625 -62.0 1.3928545554001621 12 
0007 0011 1666603838873897 87.0625 -65.0 3.184544115650591 12 
0007 0007 1666603838875334 -21.9375 -69.5 0.1349903093339364 12 
0007 0010 1666603838876274 -21.9375 -58.0 0.2086213871524472 12 
0007 0004 1666603838878684 -295.375 -71.5 4.878058905476339 12 
0007 0013 1666603838879569 95.1875 -69.5 5.43029198911517 12 
0007 0003 1666603838880720 -39.0 -67.5 3.454524734318464 12 
0007 0008 1666603838881629 69.125 -68.5 1.761009944492716 12 
0007 0005 1666603838980464 -39.0 -61.5 3.847223816017188 12 
0007 0010 1666603838982439 4.0625 -58.5 0.47860200582032003 12 
0007 0014 1666603838983351 -39.0 -61.0 1.6566992509164924 12 
0007 0008 1666603838984261 -74.0 -68.5 1.9573594853420782 12 
0007 0013 1666603838985672 -39.0 -67.5 5.896622148632405 12 
0007 0011 1666603838987095 -26.0 -63.5 3.0250101137104846 12 
0007 0007 1666603838988714 -87.0625 -70.5 6.2463697682703305 12 
0007 0015 1666603838990451 -173.3125 -64.5 4.988505522204105 12 
0007 0003 1666603838995066 195.25 -68.5 3.1231848841351653 12 
0007 0004 1666603838996019 -34.9375 -69.5 4.779884135051658 12 
0007 0003 1666603839093192 182.25 -68.0 3.043417883165112 12 
0007 0010 1666603839095166 -8.9375 -58.5 0.7731263170943632 12 
0007 0007 1666603839096592 104.125 -70.5 0.14112623248547898 12 
0007 0011 1666603839097506 30.0625 -64.0 3.215223731408304 12 
0007 0008 1666603839098388 -56.125 -67.5 2.067806102069844 12 
0007 0005 1666603839100544 -26.0 -61.5 3.767456815047135 12 
0007 0013 1666603839101686 -48.0 -64.5 5.859806609723149 12 
0007 0014 1666603839103464 -26.0 -64.0 0.8160777791551611 12 
0007 0004 1666603839104616 30.0625 -70.0 4.755340442445488 12 
0007 0015 1666603839105785 48.0 -63.5 4.620350133111551 12 
0007 0015 1666603839204489 -78.0625 -63.0 4.368777283898306 12 
0007 0008 1666603839206348 56.125 -67.5 1.9880391010997909 12 
0007 0003 1666603839207485 -48.0 -67.5 2.8102528034064944 12 
0007 0013 1666603839209778 -82.1875 -61.0 5.712544454086128 12 
0007 0007 1666603839212269 117.125 -70.0 6.252505691421874 12 
0007 0014 1666603839213605 -251.4375 -69.5 4.04357335686655 12 
0007 0005 1666603839214514 8.9375 -61.0 3.497476196379262 12 
0007 0011 1666603839216061 -13.0 -64.0 3.2704470397721868 12 
0007 0010 1666603839218082 -34.9375 -60.5 0.8283496254582462 12 
0007 0004 1666603839218979 -69.125 -71.5 5.049864753719531 12 
0007 0006 1666603839233908 12.9375 -72.5 5.737088146692298 12 
0007 0012 1666603839267017 -6.8125 -75.5 0.7363107781851077 12 
0007 0005 1666603839324036 -17.0625 -60.0 2.9022916506796332 12 
0007 0010 1666603839325191 21.9375 -61.5 0.1595340019401067 12 
0007 0008 1666603839329101 -117.125 -67.0 2.030990563160589 12 
0007 0014 1666603839330041 61.0 -66.0 4.080388895775806 12 
0007 0012 1666603839330983 165.1875 -67.5 0.7301748550335652 12 
0007 0007 1666603839332176 0.0 -70.0 6.240233845118788 12 
0007 0013 1666603839333562 -74.0 -67.0 6.111379458936394 12 
0007 0004 1666603839334938 139.125 -71.0 4.884194828627882 12 
0007 0003 1666603839337669 -4.0625 -69.0 2.2212041808584084 12 
0007 0006 1666603839338819 -14.625 -68.0 1.9634954084936207 12 
0007 0015 1666603839340183 17.0625 -62.5 5.50392306693368 12 
0007 0011 1666603839341097 17.0625 -61.0 2.3439226438892597 12 
0007 0003 1666603839448225 -30.0625 -70.0 1.7119225592803755 12 
0007 0014 1666603839449180 52.0625 -67.0 4.074252972624263 12 
0007 0005 1666603839450105 -21.9375 -60.0 2.1353012567368124 12 
0007 0015 1666603839451800 26.0 -65.0 3.2090878082567613 12 
0007 0012 1666603839453450 -104.125 -68.0 0.9081166264282996 12 
0007 0010 1666603839454376 -26.0 -61.5 4.97623367590102 12 
0007 0011 1666603839455770 -87.0625 -59.5 2.3623304133438876 12 
0007 0007 1666603839457646 -8.9375 -67.5 5.792311455056181 12 
0007 0006 1666603839458614 18.6875 -65.5 1.41126232485479 12 
0007 0008 1666603839459510 17.0625 -64.0 1.8162332528565992 12 
0007 0008 1666603839560251 26.0 -63.5 1.7119225592803755 12 
0007 0014 1666603839561178 -78.0625 -67.0 4.264466590322082 12 
0007 0003 1666603839564985 -169.25 -69.5 1.564660403643354 12 
0007 0006 1666603839565836 4.875 -63.5 0.7240389318820226 12 
0007 0010 1666603839567470 -8.9375 -60.0 5.5100589900852235 12 
0007 0015 1666603839568356 -17.0625 -62.0 4.749204519293945 12 
0007 0005 1666603839569733 -4.0625 -62.0 2.313243028131547 12 
0007 0012 1666603839570620 134.25 -65.0 1.718058482431918 12 
0007 0011 1666603839571461 -30.0625 -61.0 1.7426021750380885 12 
0007 0007 1666603839573042 87.0625 -66.5 5.651185222570702 12 
0007 0014 1666603839669669 -143.1875 -68.5 4.417864669110647 12 
0007 0008 1666603839670805 69.125 -63.5 1.6935147898257479 12 
0007 0007 1666603839672994 -26.0 -67.0 5.822991070813893 12 
0007 0006 1666603839674414 30.0625 -63.5 0.380427235395639 12 
0007 0005 1666603839675819 -13.0 -61.0 2.3439226438892597 12 
0007 0010 1666603839676703 -13.0 -61.5 5.45483568172134 12 
0007 0011 1666603839677603 -21.9375 -61.5 2.043262409463674 12 
0007 0012 1666603839678985 -100.0625 -65.0 1.902136176978195 12 
0007 0015 1666603839680409 91.125 -64.0 3.6263305825616556 12 
0007 0003 1666603839683265 345.8125 -69.5 1.0062913968529805 12 
0007 0010 1666603839782847 -21.9375 -61.5 5.66959299202533 12 
0007 0008 1666603839784621 0.0 -63.0 2.2334760271614935 12 
0007 0005 1666603839786016 -21.9375 -60.5 2.773437264497239 12 
0007 0011 1666603839786915 -8.9375 -61.5 2.552544031041707 12 
0007 0014 1666603839787857 -61.0 -69.0 4.460816131171445 12 
0007 0015 1666603839789009 -13.0 -62.5 0.8528933180644165 12 
0007 0012 1666603839790304 56.125 -65.0 1.5033011721279284 12 
0007 0006 1666603839791453 23.5625 -66.0 0.7792622402459057 12 
0007 0007 1666603839793542 -74.0 -70.0 6.043884304269426 12 
0007 0003 1666603839794439 52.0625 -69.5 1.8100973297050567 12 
0007 0005 1666603839891443 -17.0625 -61.0 3.3011266555298997 12 
0007 0003 1666603839893796 -21.9375 -67.5 2.1230294104337273 12 
0007 0012 1666603839895584 0.0 -66.0 1.6505633277649499 12 
0007 0011 1666603839896712 8.9375 -63.0 2.9575149590435164 12 
0007 0008 1666603839897583 -104.125 -63.5 2.7120780329818137 12 
0007 0007 1666603839899458 100.0625 -71.5 6.031612457966341 12 
0007 0015 1666603839900852 8.9375 -61.5 5.135767677841127 12 
0007 0010 1666603839902032 13.0 -61.0 0.4479223900626072 12 
0007 0013 1666603839902977 -56.125 -64.0 5.418020142812084 12 
0007 0014 1666603839906219 -39.0 -68.5 4.184699589352029 12 
0007 0004 1666603839982539 -2.4375 -74.0 4.853515212870168 12 
0007 0010 1666603840010626 48.0 -60.0 0.8406214717613314 12 
0007 0005 1666603840012150 -26.0 -61.5 3.816544200259475 12 
0007 0014 1666603840014141 -130.1875 -69.5 5.105088062083414 12 
0007 0011 1666603840015331 0.0 -62.0 3.2397674240144743 12 
0007 0007 1666603840016743 -104.125 -69.0 0.37429131224409645 12 
0007 0008 1666603840017683 178.1875 -65.0 2.4850488763747385 12 
0007 0015 1666603840018695 61.0 -62.5 5.037592907416445 12 
0007 0003 1666603840020500 30.0625 -68.0 2.8654761117703775 12 
0007 0004 1666603840022940 -4.0625 -71.0 4.859651136021712 12 
0007 0008 1666603840119604 17.0625 -65.5 2.509592568980909 12 
0007 0003 1666603840120730 147.25 -68.0 3.2643111166206444 12 
0007 0005 1666603840121885 -34.9375 -62.0 4.06811704947272 12 
0007 0014 1666603840123958 -56.125 -62.5 1.4848934026733007 12 
0007 0004 1666603840127296 -74.0 -69.0 4.7307967498393175 12 
0007 0015 1666603840128180 -91.125 -62.5 5.565282298449106 12 
0007 0011 1666603840129316 -4.0625 -65.5 3.117048960983623 12 
0007 0010 1666603840130725 -13.0 -59.5 0.7117670855789375 12 
0007 0007 1666603840131995 21.9375 -68.0 0.6688156235181395 12 
