0007 0013 1666604573016358 -30.0625 -63.5 0.2761165418194154 13 
0007 0012 1666604573017482 -34.9375 -62.5 4.049709280018092 13 
0007 0013 1666604573117056 52.0625 -63.5 0.18407769454627693 13 
0007 0015 1666604573117953 13.0 -61.5 1.4296700943094176 13 
0007 0010 1666604573119917 74.0 -66.5 1.607611865704152 13 
0007 0014 1666604573121666 65.0625 -68.5 1.086058397823034 13 
0007 0005 1666604573122900 -8.9375 -61.5 4.6448938257177215 13 
0007 0008 1666604573123801 -134.25 -67.5 4.571262747899211 13 
0007 0004 1666604573124720 0.0 -62.5 2.478912953223196 13 
0007 0011 1666604573125864 -87.0625 -63.0 5.184855063053467 13 
0007 0007 1666604573127149 -69.125 -68.5 2.2212041808584084 13 
0007 0006 1666604573128072 -14.625 -70.5 3.3870295796514958 13 
0007 0012 1666604573128986 -121.25 -63.0 4.215379205109742 13 
0007 0002 1666604573129925 104.125 -65.0 0.9633399347921826 13 
0007 0002 1666604573228390 52.0625 -65.5 0.9510680884890975 13 
0007 0004 1666604573231198 0.0 -62.0 2.399145952253143 13 
0007 0007 1666604573232626 39.0 -69.0 1.9880391010997909 13 
0007 0005 1666604573233848 -39.0 -62.0 4.632621979414636 13 
0007 0008 1666604573234730 -30.0625 -68.5 4.301282129231338 13 
0007 0011 1666604573236036 -17.0625 -63.0 5.062136600022616 13 
0007 0010 1666604573237374 -52.0625 -66.5 1.6812429435226628 13 
0007 0012 1666604573239365 -74.0 -62.0 4.154019973594316 13 
0007 0006 1666604573240275 166.0 -69.0 3.172272269347506 13 
0007 0015 1666604573241203 -52.0625 -61.5 1.4971652489763858 13 
0007 0013 1666604573242146 65.0625 -63.5 0.21475731030398976 13 
0007 0014 1666604573243271 238.4375 -69.0 1.0246991663076084 13 
0007 0010 1666604573341315 -17.0625 -68.0 1.6444274046134073 13 
0007 0004 1666604573342964 21.9375 -62.5 2.386874105950058 13 
0007 0008 1666604573343877 -121.25 -68.0 4.430136515413731 13 
0007 0007 1666604573345499 117.125 -68.5 1.9573594853420782 13 
0007 0014 1666604573346437 -17.0625 -69.5 1.1658253987930873 13 
0007 0005 1666604573347378 -21.9375 -61.5 4.608078286808466 13 
0007 0012 1666604573348562 -82.1875 -63.0 4.129476280988146 13 
0007 0013 1666604573349677 -78.0625 -63.5 0.3620194659410113 13 
0007 0015 1666604573351779 30.0625 -61.0 1.4419419406125027 13 
0007 0011 1666604573352962 -69.125 -63.0 5.135767677841127 13 
0007 0006 1666604573356156 146.4375 -71.0 3.2581751934691017 13 
0007 0002 1666604573359637 43.125 -65.0 0.9694758579437253 13 
0007 0007 1666604573459077 -13.0 -69.0 1.88986433067511 13 
0007 0004 1666604573460586 -17.0625 -62.5 2.435961491162398 13 
0007 0005 1666604573461486 -43.125 -62.0 4.626486056263094 13 
0007 0015 1666604573462696 65.0625 -61.5 1.3499030933393643 13 
0007 0002 1666604573463593 182.25 -65.0 0.760854470791278 13 
0007 0013 1666604573464506 13.0 -63.5 0.30066023442558565 13 
0007 0010 1666604573466637 13.0 -67.5 1.6382914814618648 13 
0007 0012 1666604573467778 -34.9375 -63.0 4.111068511533518 13 
0007 0011 1666604573468942 -21.9375 -63.5 4.988505522204105 13 
0007 0008 1666604573469937 8.9375 -67.5 4.252194744018997 13 
0007 0014 1666604573471386 39.0 -68.5 1.141281706186917 13 
0007 0006 1666604573473632 -208.3125 -69.5 3.56497135104623 13 
0007 0008 1666604573571956 13.0 -68.0 4.289010282928253 13 
0007 0005 1666604573574233 -61.0 -62.0 4.669437518323892 13 
0007 0002 1666604573575555 -48.0 -65.5 0.9817477042468103 13 
0007 0006 1666604573577157 -8.9375 -69.0 3.429981041712294 13 
0007 0011 1666604573578311 -34.9375 -63.0 5.037592907416445 13 
0007 0015 1666604573579663 52.0625 -61.5 1.4173982480063325 13 
0007 0014 1666604573581068 -8.9375 -68.0 1.1658253987930873 13 
0007 0012 1666604573582690 -39.0 -62.5 4.06811704947272 13 
0007 0013 1666604573583691 48.0 -63.5 0.23930100291016002 13 
0007 0010 1666604573586458 147.25 -68.0 1.3928545554001621 13 
0007 0004 1666604573587399 52.0625 -63.0 2.3439226438892597 13 
0007 0007 1666604573588327 52.0625 -69.0 2.061670178918302 13 
0007 0007 1666604573687514 52.0625 -68.0 1.7916895602504288 13 
0007 0011 1666604573688441 21.9375 -63.0 4.97623367590102 13 
0007 0013 1666604573689811 61.0 -63.0 0.23316507975861744 13 
0007 0010 1666604573690733 0.0 -66.5 1.552388557340269 13 
0007 0005 1666604573691635 -30.0625 -61.5 4.565126824747668 13 
0007 0015 1666604573692605 -4.0625 -61.5 1.4419419406125027 13 
0007 0012 1666604573693548 -34.9375 -63.5 4.04357335686655 13 
0007 0002 1666604573695181 56.125 -65.0 0.9633399347921826 13 
0007 0004 1666604573696105 8.9375 -63.0 2.350058567040802 13 
0007 0014 1666604573697005 108.1875 -69.0 0.9633399347921826 13 
0007 0008 1666604573698271 -34.9375 -68.0 4.2092432819582 13 
0007 0006 1666604573702113 -4.875 -69.5 3.2459033471660166 13 
0007 0002 1666604573798885 113.0625 -65.5 0.8835729338221293 13 
0007 0010 1666604573800550 104.125 -66.5 1.4419419406125027 13 
0007 0005 1666604573801771 -17.0625 -61.5 4.577398671050753 13 
0007 0014 1666604573803406 30.0625 -69.0 1.3008157081270237 13 
0007 0004 1666604573805367 -21.9375 -62.5 2.380738182798515 13 
0007 0011 1666604573807849 0.0 -63.0 4.95168998329485 13 
0007 0007 1666604573808781 -43.125 -68.5 2.030990563160589 13 
0007 0012 1666604573809666 -87.0625 -63.5 4.129476280988146 13 
0007 0013 1666604573810538 30.0625 -64.0 0.2270291566070749 13 
0007 0015 1666604573811707 113.0625 -61.5 1.337631247036279 13 
0007 0006 1666604573812747 -412.5625 -69.0 3.552699504743145 13 
0007 0008 1666604573813895 13.0 -67.5 4.313553975534423 13 
0007 0004 1666604573912831 -34.9375 -62.0 2.3930100291016 13 
0007 0011 1666604573913829 -104.125 -63.0 5.019185137961818 13 
0007 0015 1666604573914726 78.0625 -61.0 1.3744467859455345 13 
0007 0005 1666604573915880 -43.125 -62.0 4.546719055293041 13 
0007 0010 1666604573917541 87.0625 -67.5 1.4664856332186729 13 
0007 0007 1666604573918469 17.0625 -69.0 2.055534255766759 13 
0007 0013 1666604573919852 -13.0 -63.5 0.3129320807286708 13 
0007 0002 1666604573920976 48.0 -65.5 0.9265243958829272 13 
0007 0012 1666604573922157 39.0 -63.0 4.025165587411922 13 
0007 0006 1666604573923974 -4.0625 -69.0 3.160000423044421 13 
0007 0008 1666604573925257 -78.0625 -69.0 4.270602513473625 13 
0007 0014 1666604573926392 8.9375 -68.5 1.239456476611598 13 
0007 0007 1666604574024895 8.9375 -68.5 1.9880391010997909 13 
0007 0004 1666604574025823 -26.0 -62.5 2.350058567040802 13 
0007 0013 1666604574026752 -43.125 -63.5 0.3374757733348411 13 
0007 0008 1666604574027649 -104.125 -68.5 4.399456899656019 13 
0007 0015 1666604574028518 121.25 -61.0 1.3130875544301088 13 
0007 0012 1666604574029444 -56.125 -63.5 4.074252972624263 13 
0007 0011 1666604574030399 -87.0625 -63.5 4.9823695990525625 13 
0007 0010 1666604574031311 -13.0 -66.5 1.564660403643354 13 
0007 0005 1666604574032975 -13.0 -61.5 4.460816131171445 13 
0007 0002 1666604574034157 65.0625 -65.5 0.7915340865489908 13 
0007 0014 1666604574035097 100.0625 -68.5 1.0492428589137786 13 
0007 0006 1666604574035936 -52.0625 -69.5 3.497476196379262 13 
0007 0010 1666604574136379 -130.1875 -67.0 1.7303303287350031 13 
0007 0012 1666604574137391 -17.0625 -63.0 4.0128937411088375 13 
0007 0013 1666604574139039 0.0 -63.5 0.32520392703175593 13 
0007 0011 1666604574139972 -56.125 -63.0 4.9823695990525625 13 
0007 0015 1666604574140884 -43.125 -61.5 1.4542137869155878 13 
0007 0004 1666604574141825 -78.0625 -62.0 2.3439226438892597 13 
0007 0006 1666604574142976 -48.0 -69.5 3.3011266555298997 13 
0007 0008 1666604574143900 39.0 -68.0 4.166291819897402 13 
0007 0014 1666604574145078 4.0625 -68.5 1.1474176293384597 13 
0007 0007 1666604574146250 -130.1875 -69.0 2.172116795646068 13 
0007 0002 1666604574149491 113.0625 -66.0 0.6933593161243098 13 
0007 0005 1666604574150416 -30.0625 -61.0 4.442408361716817 13 
0007 0004 1666604574246087 39.0 -62.0 2.2334760271614935 13 
0007 0008 1666604574248320 -48.0 -69.0 4.221515128261284 13 
0007 0011 1666604574249488 13.0 -63.0 4.865787059173254 13 
0007 0010 1666604574250373 39.0 -66.5 1.6014759425526093 13 
0007 0015 1666604574251516 69.125 -61.0 1.3499030933393643 13 
0007 0005 1666604574253335 39.0 -61.0 4.338097668140593 13 
0007 0013 1666604574254250 -17.0625 -63.0 0.3129320807286708 13 
0007 0006 1666604574255388 -48.0 -69.0 3.356349963893783 13 
0007 0007 1666604574256315 17.0625 -68.0 1.7732817907958012 13 
0007 0012 1666604574257556 -82.1875 -63.5 4.0987966652304335 13 
0007 0002 1666604574259845 26.0 -66.0 0.8222137023067037 13 
0007 0014 1666604574260730 -52.0625 -70.0 1.1474176293384597 13 
0007 0008 1666604574358564 -78.0625 -68.0 4.239922897715912 13 
0007 0005 1666604574359489 -48.0 -61.5 4.381049130201391 13 
0007 0011 1666604574360644 -113.0625 -63.5 5.006913291658733 13 
0007 0013 1666604574361541 8.9375 -63.5 0.25770877236478773 13 
0007 0002 1666604574362441 -52.0625 -65.5 0.7363107781851077 13 
0007 0012 1666604574363579 -8.9375 -63.5 4.0128937411088375 13 
0007 0006 1666604574366684 -9.75 -70.0 3.3011266555298997 13 
0007 0015 1666604574367827 65.0625 -61.5 1.337631247036279 13 
0007 0010 1666604574369024 -56.125 -67.5 1.607611865704152 13 
0007 0004 1666604574370600 -21.9375 -62.0 2.2457478734645786 13 
0007 0007 1666604574371515 52.0625 -67.5 1.8285050991596843 13 
0007 0014 1666604574373788 69.125 -68.0 1.141281706186917 13 
0007 0007 1666604574474049 -130.1875 -68.5 1.932815792735908 13 
0007 0015 1666604574474962 30.0625 -61.0 1.3989904785517047 13 
0007 0008 1666604574475843 -26.0 -68.5 4.221515128261284 13 
0007 0012 1666604574477477 -17.0625 -63.0 3.988350048502667 13 
0007 0013 1666604574478634 74.0 -63.5 0.23930100291016002 13 
0007 0011 1666604574479562 -30.0625 -62.5 4.908738521234052 13 
0007 0010 1666604574481197 48.0 -67.0 1.5585244804918115 13 
0007 0014 1666604574482605 -95.1875 -69.5 1.2455923997631406 13 
0007 0002 1666604574483725 4.0625 -66.0 0.7547185476397354 13 
0007 0005 1666604574484667 -26.0 -61.0 4.325825821837508 13 
0007 0004 1666604574485804 21.9375 -62.0 2.2641556429192065 13 
0007 0006 1666604574490360 -14.625 -70.0 3.160000423044421 13 
0007 0007 1666604574588708 195.25 -69.5 1.6321555583103222 13 
0007 0008 1666604574589605 -217.25 -68.5 4.399456899656019 13 
0007 0002 1666604574590811 -30.0625 -66.0 0.7853981633974483 13 
0007 0005 1666604574592448 -30.0625 -61.5 4.270602513473625 13 
0007 0013 1666604574593773 -21.9375 -63.5 0.2270291566070749 13 
0007 0004 1666604574594954 39.0 -62.0 2.1475731030398975 13 
0007 0012 1666604574596140 -48.0 -64.0 4.04357335686655 13 
0007 0014 1666604574598484 -134.25 -69.0 1.3989904785517047 13 
0007 0015 1666604574599381 -8.9375 -61.0 1.4603497100671303 13 
0007 0011 1666604574601969 34.9375 -63.5 4.878058905476339 13 
0007 0006 1666604574603248 21.9375 -70.5 2.9268353432858034 13 
0007 0010 1666604574606959 -13.0 -66.5 1.6321555583103222 13 
0007 0006 1666604574702579 121.25 -70.5 2.9391071895888885 13 
0007 0002 1666604574703658 65.0625 -67.0 0.7792622402459057 13 
0007 0013 1666604574704545 -95.1875 -63.5 0.2454369260617026 13 
0007 0014 1666604574705725 39.0 -69.5 1.1167380135807468 13 
0007 0008 1666604574706693 87.0625 -67.0 4.000621894805752 13 
0007 0007 1666604574710031 74.0 -69.0 1.6566992509164924 13 
0007 0012 1666604574712206 -74.0 -63.5 3.9822141253511245 13 
0007 0005 1666604574714179 -74.0 -61.5 4.190835512503572 13 
0007 0015 1666604574716425 -17.0625 -61.5 1.521708941582556 13 
0007 0004 1666604574717906 34.9375 -61.5 2.1353012567368124 13 
0007 0011 1666604574718808 -52.0625 -63.5 4.859651136021712 13 
0007 0010 1666604574719991 -78.0625 -66.5 1.6198837120072371 13 
0007 0010 1666604574817655 108.1875 -65.5 1.2885438618239387 13 
0007 0007 1666604574818567 173.3125 -69.0 1.1535535524900022 13 
0007 0004 1666604574820226 -4.0625 -61.0 2.0064468705544187 13 
0007 0013 1666604574821072 -74.0 -64.0 6.1850105367549055 13 
0007 0008 1666604574823401 -95.1875 -69.0 4.061981126321178 13 
0007 0005 1666604574824371 -8.9375 -62.0 3.890175278077986 13 
0007 0012 1666604574826026 -139.125 -64.0 3.9147189706841563 13 
0007 0015 1666604574826881 56.125 -61.0 1.3621749396424494 13 
0007 0014 1666604574829977 21.9375 -70.5 1.239456476611598 13 
0007 0006 1666604574830875 -48.0 -70.0 2.761165418194154 13 
0007 0011 1666604574832444 69.125 -63.5 4.491495746929157 13 
0007 0002 1666604574834179 -56.125 -66.0 0.8283496254582462 13 
0007 0000 1666604574938796 9.75 -78.0 4.988505522204105 13 
0007 0005 1666604574955457 -43.125 -61.0 3.448388811166921 13 
0007 0010 1666604574957389 -8.9375 -64.5 0.9694758579437253 13 
0007 0012 1666604574958275 -17.0625 -64.0 3.411573272257666 13 
0007 0002 1666604574960134 -21.9375 -65.0 0.9510680884890975 13 
0007 0004 1666604574961045 -17.0625 -61.0 1.6689710972195777 13 
0007 0007 1666604574961943 56.125 -69.0 0.4908738521234052 13 
0007 0014 1666604574962869 87.0625 -68.5 0.9572040116406401 13 
0007 0011 1666604574964080 -74.0 -65.5 3.663146121470911 13 
0007 0013 1666604574964952 26.0 -64.0 5.344389064993574 13 
0007 0015 1666604574965835 -34.9375 -60.5 1.2455923997631406 13 
0007 0006 1666604574966968 8.9375 -71.0 1.9389517158874505 13 
0007 0008 1666604574968022 -95.1875 -67.5 3.466796580621549 13 
0007 0000 1666604574991146 -10.5 -77.5 2.3009711818284617 13 
0007 0014 1666604575071501 -21.9375 -69.0 1.239456476611598 13 
0007 0012 1666604575072454 -8.9375 -63.5 2.8716120349219203 13 
0007 0004 1666604575073862 13.0 -59.5 0.9878836273983529 13 
0007 0013 1666604575075006 -104.125 -66.0 4.522175362686871 13 
0007 0002 1666604575075915 17.0625 -64.5 1.1535535524900022 13 
0007 0005 1666604575076828 30.0625 -60.0 2.6200391857086753 13 
0007 0008 1666604575077712 -65.0625 -69.0 2.411417798556228 13 
0007 0015 1666604575078639 -30.0625 -60.5 1.0921943209745766 13 
0007 0010 1666604575079823 -234.3125 -66.0 5.749359992995383 13 
0007 0006 1666604575080972 -241.6875 -70.5 0.9203884727313847 13 
0007 0007 1666604575083361 91.125 -68.0 5.3198453723874035 13 
0007 0000 1666604575122053 -26.0 -76.0 6.138991113118336 13 
0007 0011 1666604575164754 1.1875 -73.0 5.375068680751287 13 
0007 0006 1666604575214468 85.4375 -68.0 4.086524818927348 13 
0007 0012 1666604575215349 0.0 -68.0 1.9512235621905356 13 
0007 0005 1666604575216295 -13.0 -60.5 1.761009944492716 13 
0007 0013 1666604575217196 -34.9375 -64.5 4.76147636559703 13 
0007 0010 1666604575218364 74.0 -68.0 1.6198837120072371 13 
0007 0007 1666604575220001 -169.25 -68.0 3.5465635815916023 13 
0007 0004 1666604575220868 -61.0 -57.0 5.988660995905543 13 
0007 0011 1666604575222047 -8.9375 -64.5 0.6320000846088841 13 
0007 0008 1666604575223395 -8.9375 -59.5 6.270913460876501 13 
0007 0015 1666604575224805 -17.0625 -60.5 0.9019807032767571 13 
0007 0002 1666604575226381 34.9375 -69.0 0.4479223900626072 13 
0007 0014 1666604575230882 130.1875 -68.0 0.6565437772150544 13 
0007 0002 1666604575330145 -238.4375 -69.5 5.675728915176872 13 
0007 0015 1666604575331055 4.0625 -61.5 0.8651651643675016 13 
0007 0014 1666604575331967 -21.9375 -68.0 0.5829126993965437 13 
0007 0004 1666604575332906 -17.0625 -60.5 4.933282213840222 13 
0007 0010 1666604575334074 -17.0625 -71.5 6.22182607566416 13 
0007 0005 1666604575335923 134.25 -71.5 1.0246991663076084 13 
0007 0011 1666604575337060 -8.9375 -62.0 4.583534594202296 13 
0007 0007 1666604575340384 -74.0 -71.0 0.32520392703175593 13 
0007 0008 1666604575341291 -4.0625 -58.0 5.264622064023521 13 
0007 0006 1666604575442822 -0.5625 -70.5 5.338253141842031 13 
0007 0003 1666604575450761 -113.0625 -70.5 5.712544454086128 13 
0007 0015 1666604575451687 17.0625 -62.5 0.7669903939428205 13 
0007 0010 1666604575452632 -121.25 -69.0 4.822835597112456 13 
0007 0006 1666604575453522 0.0 -67.0 2.2089323345553233 13 
0007 0004 1666604575455994 156.1875 -67.5 0.8160777791551611 13 
0007 0011 1666604575457623 4.0625 -68.0 2.9513790358919736 13 
0007 0007 1666604575458867 -230.25 -70.0 4.7860200582032 13 
0007 0014 1666604575460045 -34.9375 -67.0 0.4908738521234052 13 
0007 0000 1666604575461438 -34.9375 -68.5 0.16566992509164924 13 
0007 0009 1666604575492512 3.1875 -78.0 0.7363107781851077 13 
0007 0002 1666604575498693 0.0 -77.5 3.6754179677739964 13 
0007 0008 1666604575520259 -0.875 -65.5 0.07363107781851078 13 
0007 0001 1666604575598366 -2.625 -78.5 1.7303303287350031 13 
0007 0008 1666604575605246 -74.0 -56.5 5.344389064993574 13 
0007 0015 1666604575606458 61.0 -63.0 1.030835089459151 13 
0007 0006 1666604575607864 198.5625 -68.5 2.098485717827557 13 
0007 0004 1666604575611937 4.0625 -58.0 4.7307967498393175 13 
0007 0011 1666604575612894 204.25 -69.5 6.240233845118788 13 
0007 0000 1666604575613833 -74.0 -68.5 5.460971604872882 13 
0007 0009 1666604575615039 -17.0625 -72.5 5.332117218690489 13 
0007 0014 1666604575615953 -117.125 -66.5 0.521553467881118 13 
0007 0010 1666604575618144 -74.0 -70.0 2.429825568010856 13 
0007 0001 1666604575650813 24.375 -78.0 4.172427743048944 13 
0007 0015 1666604575738025 -43.125 -62.0 1.718058482431918 13 
0007 0008 1666604575739503 -13.0 -54.5 4.000621894805752 13 
0007 0005 1666604575740685 17.0625 -71.5 4.865787059173254 13 
0007 0014 1666604575741779 21.9375 -65.0 0.7915340865489908 13 
0007 0004 1666604575742916 13.0 -58.5 3.3440781175906977 13 
0007 0011 1666604575743802 -165.1875 -68.5 4.8351074434155406 13 
0007 0009 1666604575764966 0.0 -75.0 3.9177869322599275 13 
0007 0010 1666604575766186 21.5625 -73.5 1.1474176293384597 13 
0007 0005 1666604575858617 52.0625 -69.0 3.9147189706841563 13 
0007 0011 1666604575859982 48.0 -66.5 3.693825737228624 13 
0007 0008 1666604575861793 -4.0625 -54.0 2.650718801466388 13 
0007 0014 1666604575862723 -39.0 -65.0 1.1596894756415448 13 
0007 0010 1666604575864362 34.9375 -71.5 0.7485826244881929 13 
0007 0015 1666604575866011 -21.9375 -60.5 1.6873788666742053 13 
0007 0004 1666604575867403 4.0625 -58.5 1.7978254834019713 13 
0007 0009 1666604575877841 217.25 -74.5 2.12916533358527 13 
0007 0008 1666604575974362 0.0 -54.5 1.6198837120072371 13 
0007 0004 1666604575976014 -21.9375 -58.5 0.5645049299419159 13 
0007 0014 1666604575977110 56.125 -65.5 1.012427320004523 13 
0007 0010 1666604575979366 0.0 -67.0 0.07976700097005335 13 
0007 0015 1666604575981162 -26.0 -61.0 1.5892040962495242 13 
0007 0005 1666604575982107 147.25 -70.0 2.6323110320117604 13 
0007 0011 1666604575983487 52.0625 -68.0 2.7550294950426117 13 
0007 0009 1666604575986791 -316.5 -73.0 1.2455923997631406 13 
0007 0001 1666604576064214 -19.0625 -79.5 0.5951845456996288 13 
0007 0006 1666604576108974 0.4375 -74.5 4.442408361716817 13 
0007 0008 1666604576125061 -26.0 -55.0 0.521553467881118 13 
0007 0015 1666604576127078 21.9375 -61.0 1.6935147898257479 13 
0007 0010 1666604576128926 -169.25 -64.5 5.602097837358362 13 
0007 0014 1666604576129850 82.1875 -64.5 1.2517283229146832 13 
0007 0004 1666604576130791 -52.0625 -59.0 5.301437602932776 13 
0007 0005 1666604576131719 -34.9375 -69.0 0.9142525495798421 13 
0007 0011 1666604576133069 100.0625 -70.0 2.5586799541932495 13 
0007 0009 1666604576139322 87.0625 -73.5 6.215690152512618 13 
0007 0006 1666604576153394 -3.1875 -73.0 1.1535535524900022 13 
0007 0005 1666604576238696 8.9375 -67.5 6.277049384028044 13 
0007 0004 1666604576240658 61.0 -60.5 4.430136515413731 13 
0007 0006 1666604576241566 -18.6875 -70.0 4.1172044346850605 13 
0007 0014 1666604576243144 30.0625 -64.0 1.2517283229146832 13 
0007 0015 1666604576244043 56.125 -60.5 1.6873788666742053 13 
0007 0010 1666604576245476 39.0 -64.0 5.3198453723874035 13 
0007 0008 1666604576246895 17.0625 -55.5 6.050020227420969 13 
0007 0011 1666604576250350 -34.9375 -71.0 2.9513790358919736 13 
0007 0002 1666604576278598 0.0 -78.5 5.767767762450011 13 
0007 0008 1666604576355156 -43.125 -55.5 5.688000761479957 13 
0007 0014 1666604576356054 52.0625 -64.0 1.2087768608538851 13 
0007 0010 1666604576357761 -34.9375 -65.5 5.270757987175063 13 
0007 0004 1666604576360034 -26.0 -61.5 3.9944859716542096 13 
0007 0015 1666604576360973 8.9375 -60.0 1.7241944055834606 13 
0007 0006 1666604576362111 118.75 -68.0 3.9269908169872414 13 
0007 0005 1666604576363234 -61.0 -65.5 5.902758071783947 13 
0007 0011 1666604576364742 -26.0 -71.0 3.2581751934691017 13 
0007 0002 1666604576395288 36.5625 -78.5 5.5714182216006485 13 
0007 0005 1666604576470515 100.0625 -64.5 5.497787143782138 13 
0007 0006 1666604576471409 56.9375 -67.5 3.890175278077986 13 
0007 0015 1666604576473527 39.0 -60.5 1.6751070203711202 13 
0007 0008 1666604576474438 -52.0625 -57.0 5.405748296509 13 
0007 0011 1666604576475266 264.4375 -71.5 3.399301425954581 13 
0007 0004 1666604576476915 -13.0 -62.0 3.6201946594101133 13 
0007 0010 1666604576478412 48.0 -67.0 5.460971604872882 13 
0007 0014 1666604576481096 48.0 -65.5 1.2946797849754812 13 
0007 0005 1666604576595228 69.125 -64.0 5.301437602932776 13 
0007 0008 1666604576596266 -17.0625 -57.0 5.240078371417351 13 
0007 0006 1666604576597643 -23.5625 -68.5 4.1172044346850605 13 
0007 0004 1666604576598809 4.0625 -62.0 3.3195344249845276 13 
0007 0015 1666604576599989 -21.9375 -60.5 1.7241944055834606 13 
0007 0011 1666604576601286 -147.25 -69.0 3.9515345095934116 13 
0007 0014 1666604576602209 4.0625 -64.5 1.3989904785517047 13 
0007 0010 1666604576603110 -143.1875 -66.5 5.737088146692298 13 
0007 0005 1666604576701044 34.9375 -63.5 5.270757987175063 13 
0007 0015 1666604576703901 13.0 -60.0 1.7119225592803755 13 
0007 0011 1666604576705922 -43.125 -69.5 3.9515345095934116 13 
0007 0008 1666604576706847 -52.0625 -57.0 5.197126909356553 13 
0007 0004 1666604576707842 -26.0 -62.0 3.32567034813607 13 
0007 0010 1666604576709702 48.0 -65.5 5.620505606812989 13 
0007 0014 1666604576710586 -134.25 -65.0 1.576932249946439 13 
0007 0006 1666604576711865 33.3125 -67.5 4.06811704947272 13 
0007 0015 1666604576814258 4.0625 -61.0 1.761009944492716 13 
0007 0014 1666604576815200 -4.0625 -65.0 1.4542137869155878 13 
0007 0008 1666604576817660 -39.0 -57.5 5.522330836388308 13 
0007 0006 1666604576819111 -151.3125 -68.0 4.227651051412827 13 
0007 0010 1666604576820746 -52.0625 -66.0 5.724816300389213 13 
0007 0004 1666604576822955 0.0 -62.0 3.2336315008629315 13 
0007 0005 1666604576825310 -52.0625 -63.0 5.442563835418255 13 
0007 0011 1666604576826150 26.0 -69.0 4.264466590322082 13 
0007 0005 1666604576923114 39.0 -63.0 5.338253141842031 13 
0007 0008 1666604576925865 -8.9375 -57.5 5.47937937432751 13 
0007 0015 1666604576927389 -4.0625 -60.5 1.748738098189631 13 
0007 0010 1666604576928828 -43.125 -66.5 5.663457068873787 13 
0007 0004 1666604576930012 0.0 -62.0 3.227495577711389 13 
0007 0014 1666604576930928 100.0625 -65.0 1.3437671701878218 13 
0007 0011 1666604576933143 56.125 -69.0 4.246058820867455 13 
0007 0006 1666604576934096 52.0625 -67.5 4.037437433715008 13 
0007 0002 1666604577022048 5.0625 -78.5 5.013049214810275 13 
0007 0015 1666604577040575 4.0625 -60.5 1.7978254834019713 13 
0007 0004 1666604577041744 -34.9375 -62.5 3.172272269347506 13 
0007 0014 1666604577042911 52.0625 -64.5 1.368310862793992 13 
0007 0005 1666604577044063 -30.0625 -63.0 5.411884219660542 13 
0007 0006 1666604577045451 0.0 -68.0 4.104932588381976 13 
0007 0010 1666604577046394 4.0625 -66.0 5.675728915176872 13 
0007 0008 1666604577047503 -13.0 -58.0 5.516194913236766 13 
0007 0011 1666604577048402 91.125 -68.5 4.086524818927348 13 
0007 0002 1666604577136745 -11.5 -78.5 4.957825906446392 13 
0007 0010 1666604577153633 -82.1875 -66.0 5.730952223540755 13 
0007 0008 1666604577157448 0.0 -58.0 5.485515297479052 13 
0007 0006 1666604577158591 -48.0 -68.0 4.074252972624263 13 
0007 0004 1666604577159712 -4.0625 -62.0 3.1354567304382504 13 
0007 0005 1666604577160920 4.0625 -63.5 5.393476450205914 13 
0007 0015 1666604577162216 -4.0625 -61.0 1.7916895602504288 13 
0007 0014 1666604577163088 48.0 -65.5 1.2946797849754812 13 
0007 0011 1666604577164000 -56.125 -69.0 4.264466590322082 13 
0007 0002 1666604577258729 -7.0625 -78.5 4.92714629068868 13 
0007 0004 1666604577267245 -17.0625 -61.5 3.11091303783208 13 
0007 0010 1666604577268671 108.1875 -66.0 5.553010452146021 13 
0007 0006 1666604577269552 -78.0625 -68.0 4.074252972624263 13 
0007 0008 1666604577270927 -43.125 -57.5 5.534602682691394 13 
0007 0005 1666604577274405 -91.125 -63.5 5.534602682691394 13 
0007 0011 1666604577276426 -82.1875 -70.0 4.147884050442774 13 
0007 0015 1666604577277367 48.0 -60.5 1.7303303287350031 13 
0007 0014 1666604577278251 -52.0625 -65.0 1.3989904785517047 13 
0007 0002 1666604577384648 -1.125 -78.5 4.9823695990525625 13 
0007 0010 1666604577394149 -8.9375 -66.0 5.626641529964532 13 
0007 0015 1666604577395209 -30.0625 -61.0 1.7978254834019713 13 
0007 0005 1666604577397735 13.0 -64.0 5.405748296509 13 
0007 0014 1666604577398662 -61.0 -65.0 1.4910293258248433 13 
0007 0008 1666604577399813 -69.125 -57.5 5.516194913236766 13 
0007 0004 1666604577400752 -13.0 -61.5 3.0925052683774528 13 
0007 0006 1666604577402277 -108.1875 -67.5 4.06811704947272 13 
0007 0011 1666604577403443 113.0625 -69.0 3.933126740138784 13 
0007 0002 1666604577508709 1.25 -78.0 4.681709364626977 13 
0007 0014 1666604577517179 -39.0 -65.0 1.4542137869155878 13 
0007 0005 1666604577518303 -152.125 -64.0 5.553010452146021 13 
0007 0010 1666604577519483 95.1875 -66.0 5.448699758569798 13 
0007 0004 1666604577520680 69.125 -61.5 3.0127382674073995 13 
0007 0015 1666604577522046 34.9375 -60.5 1.7119225592803755 13 
0007 0011 1666604577525136 -21.9375 -69.0 4.049709280018092 13 
0007 0008 1666604577527834 -26.0 -58.0 5.491651220630596 13 
0007 0006 1666604577529114 33.3125 -67.5 3.8840393549264434 13 
0007 0002 1666604577617593 0.0 -79.0 4.693981210930062 13 
0007 0008 1666604577666772 -56.125 -57.5 5.5284667595398505 13 
0007 0005 1666604577668522 -17.0625 -64.0 5.460971604872882 13 
0007 0004 1666604577670501 -52.0625 -61.5 3.11091303783208 13 
0007 0015 1666604577673130 13.0 -60.5 1.736466251886546 13 
0007 0014 1666604577674451 48.0 -65.5 1.3744467859455345 13 
0007 0006 1666604577675346 18.6875 -68.0 3.890175278077986 13 
0007 0010 1666604577676260 -30.0625 -66.0 5.595961914206819 13 
0007 0011 1666604577677543 -69.125 -68.0 4.049709280018092 13 
0007 0002 1666604577742572 3.0 -79.0 4.700117134081604 13 
0007 0015 1666604577793790 34.9375 -61.0 1.7119225592803755 13 
0007 0005 1666604577796129 13.0 -64.0 5.3627968344482015 13 
0007 0010 1666604577797526 -52.0625 -65.5 5.675728915176872 13 
0007 0004 1666604577798691 30.0625 -61.0 3.0127382674073995 13 
0007 0006 1666604577801443 -99.25 -69.0 3.9576704327449543 13 
0007 0014 1666604577802691 0.0 -65.0 1.368310862793992 13 
0007 0011 1666604577803850 -48.0 -68.0 4.006757817957295 13 
0007 0008 1666604577804731 -21.9375 -58.0 5.47937937432751 13 
0007 0002 1666604577917616 -8.0625 -79.5 4.608078286808466 13 
0007 0015 1666604577966534 -39.0 -61.0 1.8100973297050567 13 
0007 0005 1666604577967901 -43.125 -64.0 5.411884219660542 13 
0007 0010 1666604577970220 43.125 -66.5 5.602097837358362 13 
0007 0008 1666604577971961 -21.9375 -57.5 5.436427912266712 13 
0007 0006 1666604577973110 4.875 -68.5 3.9085830475326135 13 
0007 0014 1666604577974506 -52.0625 -65.5 1.4419419406125027 13 
0007 0004 1666604577976240 -39.0 -61.5 3.074097498922825 13 
0007 0011 1666604577977792 -130.1875 -68.5 4.184699589352029 13 
