0007 0010 1666604936185815 -100.0625 -67.5 4.0987966652304335 14 
0007 0008 1666604936186840 -21.9375 -57.0 1.6321555583103222 14 
0007 0004 1666604936187741 -230.25 -68.0 3.933126740138784 14 
0007 0014 1666604936188664 21.9375 -61.5 2.9820586516496865 14 
0007 0005 1666604936191048 -21.9375 -68.0 0.20248546400090464 14 
0007 0015 1666604936192884 -26.0 -64.0 3.8533597391687304 14 
0007 0002 1666604936195246 108.1875 -70.5 3.9515345095934116 14 
0007 0009 1666604936199309 -30.0625 -73.0 0.1349903093339364 14 
0007 0009 1666604936296953 165.1875 -72.0 6.105243535784852 14 
0007 0008 1666604936298178 30.0625 -57.0 1.6137477888556946 14 
0007 0015 1666604936299316 -8.9375 -64.0 3.767456815047135 14 
0007 0014 1666604936300682 26.0 -62.0 2.9759227284981438 14 
0007 0005 1666604936301608 48.0 -69.0 0.2270291566070749 14 
0007 0002 1666604936303467 65.0625 -71.0 3.877903431774901 14 
0007 0010 1666604936304395 -126.125 -66.5 4.111068511533518 14 
0007 0004 1666604936306625 -34.9375 -68.5 3.7551849687440497 14 
0007 0014 1666604936407138 -17.0625 -62.0 3.0372819600135696 14 
0007 0015 1666604936408903 -30.0625 -64.5 3.8533597391687304 14 
0007 0008 1666604936409813 26.0 -57.0 1.6260196351587797 14 
0007 0010 1666604936411997 -34.9375 -68.0 4.025165587411922 14 
0007 0005 1666604936413010 -30.0625 -68.0 0.25157284921324513 14 
0007 0004 1666604936413895 -230.25 -67.0 3.9576704327449543 14 
0007 0002 1666604936414789 26.0 -71.0 3.9576704327449543 14 
0007 0009 1666604936415702 178.1875 -71.5 6.22182607566416 14 
0007 0015 1666604936513202 -95.1875 -64.0 3.9453985864418692 14 
0007 0004 1666604936515209 126.125 -68.0 3.6876898140770815 14 
0007 0005 1666604936516149 95.1875 -68.0 0.0859029241215959 14 
0007 0014 1666604936517780 -78.0625 -61.5 3.06182565261974 14 
0007 0008 1666604936520957 -26.0 -57.5 1.718058482431918 14 
0007 0010 1666604936522236 -34.9375 -67.5 3.890175278077986 14 
0007 0009 1666604936524687 113.0625 -73.0 0.03681553890925539 14 
0007 0002 1666604936527637 -173.3125 -71.5 4.154019973594316 14 
0007 0014 1666604936625866 -26.0 -62.0 3.055689729468197 14 
0007 0008 1666604936627407 0.0 -57.0 1.6812429435226628 14 
0007 0010 1666604936628339 -48.0 -67.0 3.988350048502667 14 
0007 0004 1666604936629519 8.9375 -68.0 3.785864584501762 14 
0007 0015 1666604936630944 26.0 -64.5 3.7981364308048478 14 
0007 0005 1666604936633983 -26.0 -68.5 0.4172427743048944 14 
0007 0009 1666604936634879 43.125 -73.5 6.092971689481767 14 
0007 0002 1666604936636796 -26.0 -70.5 4.190835512503572 14 
0007 0004 1666604936734975 -61.0 -68.0 3.8533597391687304 14 
0007 0010 1666604936737988 48.0 -67.5 3.9638063558964967 14 
0007 0008 1666604936739540 -39.0 -57.0 1.7548740213411735 14 
0007 0015 1666604936740710 -78.0625 -64.0 3.9147189706841563 14 
0007 0005 1666604936741878 130.1875 -68.5 0.1349903093339364 14 
0007 0014 1666604936743397 -13.0 -62.0 3.031146036862027 14 
0007 0002 1666604936744294 -199.375 -73.0 4.387185053352934 14 
0007 0009 1666604936745800 78.0625 -72.0 6.2034183062095325 14 
0007 0010 1666604936852843 -30.0625 -67.5 3.9392626632903265 14 
0007 0015 1666604936853995 13.0 -64.0 3.792000507653305 14 
0007 0004 1666604936856140 -104.125 -67.5 3.810408277107933 14 
0007 0008 1666604936857487 -17.0625 -57.0 1.6566992509164924 14 
0007 0014 1666604936859147 -8.9375 -61.5 3.0066023442558567 14 
0007 0005 1666604936863498 -39.0 -68.0 0.5276893910326605 14 
0007 0002 1666604936864452 74.0 -71.5 4.04357335686655 14 
0007 0009 1666604936865331 39.0 -73.5 0.04908738521234052 14 
0007 0015 1666604936963373 13.0 -64.0 3.77972866135022 14 
0007 0008 1666604936964838 39.0 -57.0 1.576932249946439 14 
0007 0014 1666604936966230 74.0 -61.5 2.9145634969827183 14 
0007 0004 1666604936967156 -74.0 -67.5 3.8288160465625602 14 
0007 0010 1666604936968309 -39.0 -68.0 3.9699422790480394 14 
0007 0005 1666604936969463 -39.0 -68.0 0.5031456984264903 14 
0007 0009 1666604936971348 8.9375 -73.5 0.1043106935762236 14 
0007 0002 1666604936973405 -82.1875 -70.5 4.172427743048944 14 
0007 0015 1666604937073056 -74.0 -64.5 3.816544200259475 14 
0007 0008 1666604937075096 0.0 -57.0 1.6137477888556946 14 
0007 0014 1666604937076609 39.0 -62.0 2.9513790358919736 14 
0007 0002 1666604937077546 -4.0625 -72.0 4.196971435655114 14 
0007 0009 1666604937080614 -134.25 -71.5 0.2638446955163303 14 
0007 0010 1666604937081752 -39.0 -67.0 4.0558452031696355 14 
0007 0004 1666604937083920 100.0625 -68.0 3.77972866135022 14 
0007 0005 1666604937084805 -113.0625 -68.5 0.6442719309119693 14 
0007 0008 1666604937181718 21.9375 -57.0 1.5830681730979816 14 
0007 0015 1666604937184009 -121.25 -64.0 3.9269908169872414 14 
0007 0002 1666604937185487 -87.0625 -70.5 4.129476280988146 14 
0007 0014 1666604937186370 -39.0 -61.5 3.074097498922825 14 
0007 0009 1666604937187322 21.9375 -72.0 0.0674951546669682 14 
0007 0005 1666604937188506 121.25 -68.0 0.28225246497095796 14 
0007 0010 1666604937189645 -34.9375 -67.5 3.9515345095934116 14 
0007 0004 1666604937191155 82.1875 -67.5 3.7429131224409646 14 
0007 0015 1666604937291481 -82.1875 -64.5 3.933126740138784 14 
0007 0014 1666604937292633 21.9375 -62.0 2.9513790358919736 14 
0007 0002 1666604937295575 -48.0 -71.0 4.006757817957295 14 
0007 0005 1666604937296684 4.0625 -69.0 0.4356505437595221 14 
0007 0008 1666604937297596 39.0 -57.5 1.5585244804918115 14 
0007 0010 1666604937302191 -91.125 -67.5 4.215379205109742 14 
0007 0009 1666604937303213 -23.5625 -71.0 0.09817477042468103 14 
0007 0004 1666604937304364 -8.9375 -66.5 3.80427235395639 14 
0007 0005 1666604937404239 -26.0 -67.5 0.5460971604872883 14 
0007 0008 1666604937406270 0.0 -57.5 1.5892040962495242 14 
0007 0014 1666604937407300 -39.0 -61.5 3.0127382674073995 14 
0007 0015 1666604937408242 -34.9375 -64.0 3.816544200259475 14 
0007 0009 1666604937409179 -74.0 -71.0 0.1227184630308513 14 
0007 0004 1666604937412551 65.0625 -67.0 3.724505352986337 14 
0007 0010 1666604937413519 -4.0625 -67.5 4.006757817957295 14 
0007 0002 1666604937414602 34.9375 -72.0 4.031301510563465 14 
0007 0008 1666604937511442 0.0 -57.5 1.5462526341887264 14 
0007 0002 1666604937513662 -56.125 -70.5 4.074252972624263 14 
0007 0015 1666604937515705 8.9375 -64.0 3.816544200259475 14 
0007 0004 1666604937517454 69.125 -67.5 3.706097583531709 14 
0007 0005 1666604937518424 104.125 -68.5 0.2945243112740431 14 
0007 0014 1666604937519348 48.0 -62.0 2.9329712664373457 14 
0007 0010 1666604937520232 -26.0 -67.0 4.04357335686655 14 
0007 0009 1666604937521498 61.0 -72.0 6.2463697682703305 14 
0007 0005 1666604937619316 -56.125 -68.0 0.4724660826687775 14 
0007 0008 1666604937620637 56.125 -57.5 1.5462526341887264 14 
0007 0009 1666604937621534 -204.25 -72.5 0.2945243112740431 14 
0007 0014 1666604937623204 0.0 -61.5 2.988194574801229 14 
0007 0015 1666604937625679 0.0 -65.0 3.792000507653305 14 
0007 0002 1666604937627204 -8.9375 -70.5 3.9699422790480394 14 
0007 0004 1666604937628112 0.0 -67.5 3.816544200259475 14 
0007 0010 1666604937629266 0.0 -68.0 4.080388895775806 14 
0007 0004 1666604937727237 -69.125 -68.0 3.9269908169872414 14 
0007 0008 1666604937729196 -4.0625 -57.5 1.5707963267948966 14 
0007 0014 1666604937730846 91.125 -61.5 2.9329712664373457 14 
0007 0005 1666604937732254 -56.125 -67.0 0.4356505437595221 14 
0007 0015 1666604937733932 -82.1875 -64.0 3.8717675086233583 14 
0007 0010 1666604937735297 30.0625 -66.5 4.111068511533518 14 
0007 0002 1666604937737870 178.1875 -70.5 3.933126740138784 14 
0007 0009 1666604937739021 221.3125 -72.0 6.050020227420969 14 
0007 0010 1666604937836824 0.0 -67.0 4.006757817957295 14 
0007 0015 1666604937839130 17.0625 -64.0 3.7429131224409646 14 
0007 0009 1666604937841720 308.375 -71.5 6.111379458936394 14 
0007 0008 1666604937842613 34.9375 -57.0 1.552388557340269 14 
0007 0014 1666604937843553 61.0 -61.5 2.9329712664373457 14 
0007 0004 1666604937844449 -43.125 -67.0 3.80427235395639 14 
0007 0005 1666604937846575 65.0625 -67.5 0.4049709280018093 14 
0007 0002 1666604937847543 -26.0 -72.5 3.902447124381071 14 
0007 0010 1666604937945277 -126.125 -67.5 4.154019973594316 14 
0007 0008 1666604937947621 -26.0 -57.0 1.576932249946439 14 
0007 0004 1666604937948532 -108.1875 -68.0 3.8533597391687304 14 
0007 0005 1666604937949460 -39.0 -68.5 0.4356505437595221 14 
0007 0015 1666604937952699 -69.125 -64.0 3.847223816017188 14 
0007 0014 1666604937954616 74.0 -62.0 2.9084275738311756 14 
0007 0002 1666604937955977 191.1875 -72.0 3.9453985864418692 14 
0007 0009 1666604937956886 26.0 -73.0 6.209554229361076 14 
0007 0010 1666604938058031 4.0625 -67.0 3.877903431774901 14 
0007 0008 1666604938058916 34.9375 -57.5 1.552388557340269 14 
0007 0015 1666604938059831 -104.125 -64.5 3.9392626632903265 14 
0007 0002 1666604938060754 -95.1875 -72.0 4.246058820867455 14 
0007 0014 1666604938061651 30.0625 -61.5 2.9759227284981438 14 
0007 0004 1666604938064515 13.0 -67.0 3.767456815047135 14 
0007 0005 1666604938065400 39.0 -68.0 0.32520392703175593 14 
0007 0009 1666604938067507 -425.5625 -73.5 0.4540583132141498 14 
0007 0008 1666604938168240 -13.0 -57.0 1.6198837120072371 14 
0007 0015 1666604938169824 39.0 -64.0 3.718369429834794 14 
0007 0005 1666604938171615 -34.9375 -68.0 0.521553467881118 14 
0007 0014 1666604938172498 8.9375 -62.0 2.9575149590435164 14 
0007 0010 1666604938173383 -56.125 -67.5 4.000621894805752 14 
0007 0004 1666604938175842 -113.0625 -67.5 3.8840393549264434 14 
0007 0009 1666604938177601 -178.1875 -72.0 0.09817477042468103 14 
0007 0002 1666604938178593 4.0625 -70.5 4.037437433715008 14 
0007 0014 1666604938278667 -78.0625 -62.0 3.0802334220743677 14 
0007 0015 1666604938279822 -117.125 -64.0 3.9269908169872414 14 
0007 0004 1666604938280733 -100.0625 -68.0 3.9147189706841563 14 
0007 0010 1666604938282370 156.1875 -67.0 3.6815538909255388 14 
0007 0008 1666604938283308 13.0 -57.0 1.607611865704152 14 
0007 0005 1666604938286067 26.0 -67.5 0.39269908169872414 14 
0007 0009 1666604938287829 -451.625 -73.0 0.22089323345553233 14 
0007 0002 1666604938288722 26.0 -70.5 4.080388895775806 14 
0007 0010 1666604938386331 -34.9375 -67.5 3.9269908169872414 14 
0007 0008 1666604938387707 13.0 -57.0 1.6260196351587797 14 
0007 0015 1666604938388650 -17.0625 -64.5 3.8410878928656453 14 
0007 0014 1666604938393613 39.0 -62.0 2.9697868053466014 14 
0007 0002 1666604938395421 -82.1875 -71.0 4.215379205109742 14 
0007 0005 1666604938396996 -48.0 -67.5 0.5829126993965437 14 
0007 0004 1666604938397923 -104.125 -68.5 3.749049045592507 14 
0007 0009 1666604938399360 130.1875 -73.5 6.0991076126333095 14 
0007 0005 1666604938496247 -8.9375 -68.5 0.47860200582032003 14 
0007 0008 1666604938498238 -17.0625 -57.0 1.6812429435226628 14 
0007 0015 1666604938499860 56.125 -64.0 3.792000507653305 14 
0007 0004 1666604938500771 -13.0 -68.0 3.736777199289422 14 
0007 0010 1666604938501911 48.0 -68.0 3.877903431774901 14 
0007 0014 1666604938504012 -39.0 -61.5 3.018874190558942 14 
0007 0002 1666604938506702 -13.0 -71.0 4.239922897715912 14 
0007 0009 1666604938527848 -44.3125 -75.0 6.157398882572964 14 
0007 0015 1666604938616996 8.9375 -64.0 3.8288160465625602 14 
0007 0008 1666604938618247 -8.9375 -57.0 1.6689710972195777 14 
0007 0005 1666604938619388 17.0625 -67.5 0.47860200582032003 14 
0007 0009 1666604938620299 -186.3125 -73.0 0.1718058482431918 14 
0007 0002 1666604938621463 -87.0625 -71.5 4.276738436625168 14 
0007 0014 1666604938622673 -78.0625 -61.5 3.0495538063166547 14 
0007 0010 1666604938623825 -34.9375 -67.5 3.9638063558964967 14 
0007 0004 1666604938626285 52.0625 -67.0 3.749049045592507 14 
0007 0005 1666604938738329 -160.3125 -68.0 0.6442719309119693 14 
0007 0008 1666604938739224 30.0625 -57.0 1.6014759425526093 14 
0007 0014 1666604938740871 -13.0 -62.0 3.0127382674073995 14 
0007 0010 1666604938742012 -152.125 -67.0 4.037437433715008 14 
0007 0002 1666604938746582 13.0 -70.0 3.9208548938356986 14 
0007 0004 1666604938747879 -126.125 -68.0 3.9453985864418692 14 
0007 0015 1666604938749102 -17.0625 -63.5 3.773592738198677 14 
0007 0009 1666604938764552 9.75 -74.0 6.163534805724506 14 
0007 0005 1666604938853634 34.9375 -68.5 0.380427235395639 14 
0007 0002 1666604938855662 -17.0625 -72.5 4.123340357836604 14 
0007 0004 1666604938857115 -91.125 -67.0 3.902447124381071 14 
0007 0010 1666604938857999 61.0 -67.0 3.859495662320273 14 
0007 0008 1666604938858881 26.0 -57.0 1.5707963267948966 14 
0007 0014 1666604938861394 34.9375 -62.0 3.000466421104314 14 
0007 0015 1666604938862307 -34.9375 -64.0 3.847223816017188 14 
0007 0009 1666604938864285 321.4375 -73.5 5.8045833013592665 14 
0007 0015 1666604938961281 -273.375 -64.0 4.166291819897402 14 
0007 0014 1666604938963015 -65.0625 -61.5 3.098641191528995 14 
0007 0005 1666604938965028 -87.0625 -68.0 0.46019423636569234 14 
0007 0008 1666604938966792 -48.0 -57.5 1.6260196351587797 14 
0007 0004 1666604938967675 56.125 -67.5 3.718369429834794 14 
0007 0002 1666604938968543 -108.1875 -70.5 4.23378697456437 14 
0007 0010 1666604938969454 78.0625 -68.0 3.859495662320273 14 
0007 0009 1666604938971134 -394.625 -72.5 0.44178646691106466 14 
0007 0014 1666604939071850 -26.0 -61.5 3.0495538063166547 14 
0007 0008 1666604939073171 8.9375 -57.5 1.5585244804918115 14 
0007 0010 1666604939075031 -56.125 -67.0 3.9822141253511245 14 
0007 0015 1666604939075900 87.0625 -64.5 3.6999616603801666 14 
0007 0009 1666604939077336 -121.25 -73.5 0.07976700097005335 14 
0007 0005 1666604939079804 -39.0 -67.5 0.5092816215780329 14 
0007 0002 1666604939083204 134.25 -70.5 3.9822141253511245 14 
0007 0004 1666604939084116 -186.3125 -68.0 3.988350048502667 14 
0007 0014 1666604939180779 -52.0625 -61.5 3.08636934522591 14 
0007 0005 1666604939183283 152.125 -69.0 0.20248546400090464 14 
0007 0015 1666604939184646 -8.9375 -63.5 3.822680123411018 14 
0007 0004 1666604939186652 -91.125 -68.0 3.890175278077986 14 
0007 0008 1666604939188468 26.0 -57.5 1.5401167110371838 14 
0007 0010 1666604939191214 -165.1875 -66.5 4.06811704947272 14 
0007 0009 1666604939193463 368.625 -72.5 5.957981380147831 14 
0007 0002 1666604939194374 -204.25 -72.0 4.270602513473625 14 
0007 0008 1666604939292119 52.0625 -57.5 1.509437095279471 14 
0007 0010 1666604939294112 -134.25 -67.5 4.129476280988146 14 
0007 0004 1666604939295024 -173.3125 -67.0 4.037437433715008 14 
0007 0005 1666604939296175 -8.9375 -68.0 0.44178646691106466 14 
0007 0014 1666604939297088 -26.0 -62.0 3.0127382674073995 14 
0007 0015 1666604939298769 -48.0 -64.5 3.890175278077986 14 
0007 0002 1666604939301269 -303.5 -71.5 4.2031073588066565 14 
0007 0009 1666604939304295 147.25 -71.5 6.074563920027139 14 
0007 0005 1666604939402371 126.125 -67.0 0.2699806186678728 14 
0007 0008 1666604939404977 -8.9375 -57.5 1.576932249946439 14 
0007 0004 1666604939405935 -108.1875 -68.0 4.04357335686655 14 
0007 0002 1666604939407340 -230.25 -72.5 4.270602513473625 14 
0007 0014 1666604939408847 -95.1875 -61.5 3.129320807286708 14 
0007 0015 1666604939410042 -74.0 -64.0 3.890175278077986 14 
0007 0010 1666604939411524 -238.4375 -67.5 4.23378697456437 14 
0007 0009 1666604939412548 -65.0625 -72.5 6.191146459906448 14 
0007 0014 1666604939509999 104.125 -62.0 2.9145634969827183 14 
0007 0004 1666604939511407 -204.25 -67.0 4.0558452031696355 14 
0007 0005 1666604939514233 117.125 -68.5 0.25770877236478773 14 
0007 0008 1666604939515608 26.0 -57.5 1.533980787885641 14 
0007 0015 1666604939516548 -26.0 -64.0 3.8840393549264434 14 
0007 0010 1666604939518366 -17.0625 -67.0 4.000621894805752 14 
0007 0002 1666604939519293 -273.375 -69.5 4.325825821837508 14 
0007 0009 1666604939522154 -43.125 -73.0 6.234097921967246 14 
0007 0002 1666604939622336 -139.125 -70.5 4.080388895775806 14 
0007 0008 1666604939623626 -4.0625 -57.5 1.564660403643354 14 
0007 0004 1666604939625424 -143.1875 -67.0 3.8717675086233583 14 
0007 0014 1666604939626332 -4.0625 -61.5 3.000466421104314 14 
0007 0010 1666604939627632 -178.1875 -68.0 4.166291819897402 14 
0007 0015 1666604939629862 17.0625 -64.0 3.77972866135022 14 
0007 0005 1666604939631690 8.9375 -68.5 0.3988350048502667 14 
0007 0009 1666604939633015 -78.0625 -71.5 6.234097921967246 14 
0007 0014 1666604939730796 -34.9375 -61.5 3.031146036862027 14 
0007 0015 1666604939731724 13.0 -64.5 3.80427235395639 14 
0007 0005 1666604939735612 182.25 -68.5 0.18407769454627693 14 
0007 0004 1666604939736908 -78.0625 -67.5 3.8717675086233583 14 
0007 0009 1666604939740131 13.0 -71.0 6.19728238305799 14 
0007 0008 1666604939742261 -17.0625 -57.5 1.564660403643354 14 
0007 0010 1666604939745920 -17.0625 -68.0 4.0128937411088375 14 
0007 0002 1666604939747382 -134.25 -70.5 4.154019973594316 14 
0007 0010 1666604939844891 -147.25 -67.5 4.1172044346850605 14 
0007 0015 1666604939847387 0.0 -64.0 3.761320891895592 14 
0007 0014 1666604939848317 43.125 -62.0 2.9391071895888885 14 
0007 0004 1666604939850307 -26.0 -67.0 3.816544200259475 14 
0007 0008 1666604939852148 52.0625 -57.0 1.5155730184310134 14 
0007 0009 1666604939854017 21.9375 -71.5 6.111379458936394 14 
0007 0005 1666604939855157 -74.0 -68.5 0.47860200582032003 14 
0007 0002 1666604939858041 30.0625 -71.0 3.9147189706841563 14 
0007 0002 1666604939955340 -104.125 -71.5 4.0987966652304335 14 
0007 0004 1666604939958389 8.9375 -67.0 3.792000507653305 14 
0007 0010 1666604939960200 -143.1875 -67.0 4.166291819897402 14 
0007 0008 1666604939961520 13.0 -57.5 1.576932249946439 14 
0007 0014 1666604939962417 -26.0 -62.0 2.988194574801229 14 
0007 0015 1666604939964209 -61.0 -64.5 3.9085830475326135 14 
0007 0009 1666604939965449 217.25 -72.0 6.050020227420969 14 
0007 0005 1666604939966405 43.125 -68.0 0.28225246497095796 14 
0007 0014 1666604940066159 30.0625 -61.5 2.9329712664373457 14 
0007 0008 1666604940067681 -30.0625 -57.5 1.5585244804918115 14 
0007 0002 1666604940068592 217.25 -71.0 3.749049045592507 14 
0007 0009 1666604940070505 -134.25 -72.5 6.252505691421874 14 
0007 0004 1666604940073341 -212.375 -68.0 4.074252972624263 14 
0007 0010 1666604940075396 -56.125 -66.5 3.988350048502667 14 
0007 0015 1666604940081555 43.125 -64.5 3.7122335066832517 14 
0007 0005 1666604940082610 -39.0 -67.5 0.39269908169872414 14 
0007 0008 1666604940179901 -34.9375 -57.5 1.564660403643354 14 
0007 0014 1666604940181888 -13.0 -62.0 2.9820586516496865 14 
0007 0005 1666604940183327 30.0625 -68.5 0.2638446955163303 14 
0007 0004 1666604940184455 -108.1875 -67.0 3.865631585471816 14 
0007 0002 1666604940185877 -217.25 -70.5 4.295146206079795 14 
0007 0010 1666604940186772 4.0625 -67.0 3.9453985864418692 14 
0007 0009 1666604940187670 -69.125 -71.5 0.02454369260617026 14 
0007 0015 1666604940189588 -30.0625 -64.0 3.859495662320273 14 
0007 0014 1666604940291088 104.125 -61.5 2.9206994201342606 14 
0007 0015 1666604940292666 -39.0 -64.5 3.8840393549264434 14 
0007 0010 1666604940294174 -256.3125 -68.0 4.215379205109742 14 
0007 0008 1666604940295092 0.0 -57.0 1.564660403643354 14 
0007 0004 1666604940296656 -34.9375 -67.0 3.77972866135022 14 
0007 0005 1666604940298432 -52.0625 -68.0 0.46019423636569234 14 
0007 0002 1666604940299610 -95.1875 -69.5 4.246058820867455 14 
0007 0009 1666604940300622 407.6875 -73.5 5.6573211457222445 14 
0007 0008 1666604940398842 30.0625 -57.5 1.5155730184310134 14 
0007 0005 1666604940399698 100.0625 -67.5 0.34974761963792617 14 
0007 0014 1666604940400850 34.9375 -62.0 2.9513790358919736 14 
0007 0004 1666604940403832 21.9375 -68.0 3.6815538909255388 14 
0007 0015 1666604940405115 -87.0625 -64.0 3.9453985864418692 14 
0007 0010 1666604940405972 -69.125 -67.5 4.0128937411088375 14 
0007 0009 1666604940407828 100.0625 -73.5 6.037748381117884 14 
0007 0002 1666604940410396 -8.9375 -70.5 4.037437433715008 14 
0007 0014 1666604940510750 91.125 -62.0 2.9268353432858034 14 
0007 0010 1666604940512016 -21.9375 -66.5 3.8717675086233583 14 
0007 0008 1666604940512913 43.125 -57.0 1.552388557340269 14 
0007 0005 1666604940515546 -13.0 -68.5 0.5031456984264903 14 
0007 0015 1666604940516714 -69.125 -64.0 3.9208548938356986 14 
0007 0004 1666604940517784 -56.125 -67.5 3.859495662320273 14 
0007 0002 1666604940519204 56.125 -73.0 4.086524818927348 14 
0007 0009 1666604940534074 -256.3125 -72.0 0.15339807878856412 14 
0007 0004 1666604940638357 -52.0625 -68.0 3.773592738198677 14 
0007 0008 1666604940642158 -4.0625 -57.0 1.6260196351587797 14 
0007 0015 1666604940646840 -143.1875 -64.0 4.000621894805752 14 
0007 0014 1666604940648587 21.9375 -61.5 2.9820586516496865 14 
0007 0010 1666604940649824 95.1875 -67.5 3.6999616603801666 14 
0007 0005 1666604940651522 -4.0625 -68.5 0.47860200582032003 14 
0007 0002 1666604940653551 -403.625 -72.0 4.4362724385652745 14 
0007 0009 1666604940666769 54.0625 -75.0 6.065360035299825 14 
0007 0008 1666604940760709 30.0625 -57.0 1.5830681730979816 14 
0007 0002 1666604940762162 -303.5 -71.0 4.319689898685965 14 
0007 0014 1666604940765134 -95.1875 -62.0 3.104777114680538 14 
0007 0005 1666604940766752 -21.9375 -69.0 0.5829126993965437 14 
0007 0010 1666604940767932 -61.0 -67.5 3.933126740138784 14 
0007 0015 1666604940768831 17.0625 -63.5 3.8410878928656453 14 
0007 0004 1666604940770340 -26.0 -66.5 3.834951969714103 14 
0007 0009 1666604940777217 -117.125 -72.5 0.0 14 
0007 0008 1666604940875924 4.0625 -57.0 1.6444274046134073 14 
0007 0004 1666604940877109 -186.3125 -68.5 3.902447124381071 14 
0007 0014 1666604940878556 17.0625 -61.5 2.9391071895888885 14 
0007 0015 1666604940879667 -17.0625 -64.5 3.810408277107933 14 
0007 0005 1666604940883716 -61.0 -67.5 0.5460971604872883 14 
0007 0010 1666604940884614 -87.0625 -67.0 3.9515345095934116 14 
0007 0002 1666604940886217 212.375 -71.0 3.822680123411018 14 
0007 0009 1666604940887960 61.0 -73.0 6.037748381117884 14 
0007 0008 1666604940984727 26.0 -57.0 1.6014759425526093 14 
0007 0010 1666604940986957 186.3125 -68.5 3.6386024288647407 14 
0007 0014 1666604940989694 87.0625 -62.0 2.9206994201342606 14 
0007 0004 1666604940991298 -182.25 -68.0 3.933126740138784 14 
0007 0002 1666604940992627 4.0625 -71.5 4.049709280018092 14 
0007 0015 1666604940993497 8.9375 -64.0 3.761320891895592 14 
0007 0005 1666604940995904 -34.9375 -69.5 0.5645049299419159 14 
0007 0009 1666604940997412 221.3125 -75.0 5.853670686571607 14 
0007 0014 1666604941097023 -65.0625 -61.5 3.000466421104314 14 
0007 0008 1666604941099248 -13.0 -57.0 1.6505633277649499 14 
0007 0005 1666604941100221 82.1875 -68.0 0.34974761963792617 14 
0007 0015 1666604941102067 -26.0 -64.0 3.859495662320273 14 
0007 0004 1666604941103657 -243.3125 -67.0 4.061981126321178 14 
0007 0010 1666604941104555 -208.3125 -68.0 4.123340357836604 14 
0007 0002 1666604941108227 282.375 -73.0 3.736777199289422 14 
0007 0009 1666604941109248 87.0625 -72.0 5.982525072754001 14 
