0007 0008 1666605098375342 17.0625 -63.0 0.5829126993965437 14 
0007 0004 1666605098376225 21.9375 -61.0 0.006135923151542565 14 
0007 0005 1666605098380061 -13.0 -64.0 4.878058905476339 14 
0007 0014 1666605098381825 -87.0625 -66.5 2.4727770300716534 14 
0007 0010 1666605098382963 -43.125 -64.5 1.9941750242513334 14 
0007 0015 1666605098383878 -182.25 -70.0 4.04357335686655 14 
0007 0004 1666605098482233 0.0 -61.5 0.03681553890925539 14 
0007 0010 1666605098484215 -56.125 -66.0 1.9819031779482483 14 
0007 0008 1666605098485139 4.0625 -64.0 0.4540583132141498 14 
0007 0015 1666605098486536 -134.25 -69.5 4.166291819897402 14 
0007 0005 1666605098487683 0.0 -64.5 4.95168998329485 14 
0007 0014 1666605098488997 91.125 -66.5 2.282563412373834 14 
0007 0004 1666605098588053 65.0625 -61.5 6.234097921967246 14 
0007 0014 1666605098590057 56.125 -67.0 2.337786720737717 14 
0007 0005 1666605098590999 30.0625 -65.0 4.902602598082509 14 
0007 0008 1666605098592124 -65.0625 -63.5 0.619728238305799 14 
0007 0010 1666605098593501 -21.9375 -65.5 1.902136176978195 14 
0007 0015 1666605098594403 52.0625 -68.5 3.8533597391687304 14 
0007 0008 1666605098693112 -21.9375 -64.0 0.521553467881118 14 
0007 0005 1666605098694905 -17.0625 -64.0 4.9394181369917645 14 
0007 0014 1666605098697645 -8.9375 -67.5 2.429825568010856 14 
0007 0004 1666605098698957 -30.0625 -61.0 0.07976700097005335 14 
0007 0010 1666605098700480 95.1875 -65.0 1.9144080232812801 14 
0007 0015 1666605098701421 4.0625 -70.0 4.031301510563465 14 
0007 0014 1666605098801020 0.0 -67.0 2.3623304133438876 14 
0007 0005 1666605098801966 26.0 -64.5 4.902602598082509 14 
0007 0015 1666605098802881 -17.0625 -71.5 3.9392626632903265 14 
0007 0008 1666605098803766 -56.125 -64.0 0.6013204688511713 14 
0007 0004 1666605098805174 -26.0 -61.0 0.0859029241215959 14 
0007 0010 1666605098806467 8.9375 -65.0 1.902136176978195 14 
0007 0014 1666605098904017 -212.375 -67.0 2.650718801466388 14 
0007 0015 1666605098906222 -30.0625 -68.5 3.8717675086233583 14 
0007 0008 1666605098907854 56.125 -64.5 0.4908738521234052 14 
0007 0010 1666605098910656 -52.0625 -66.0 1.9144080232812801 14 
0007 0004 1666605098911822 -43.125 -60.5 0.12885438618239387 14 
0007 0005 1666605098912721 -52.0625 -64.5 4.921010367537137 14 
0007 0004 1666605099011800 -17.0625 -61.5 0.0674951546669682 14 
0007 0014 1666605099014402 8.9375 -67.0 2.380738182798515 14 
0007 0005 1666605099015330 -82.1875 -64.5 5.031456984264903 14 
0007 0015 1666605099016215 113.0625 -70.0 3.7551849687440497 14 
0007 0010 1666605099019526 -48.0 -65.5 2.000310947402876 14 
0007 0008 1666605099020420 -4.0625 -64.0 0.5767767762450011 14 
0007 0010 1666605099129907 -121.25 -65.0 1.8960002538266525 14 
0007 0005 1666605099131429 -34.9375 -64.0 4.878058905476339 14 
0007 0014 1666605099132851 82.1875 -67.0 2.3623304133438876 14 
0007 0015 1666605099133762 -4.0625 -69.5 3.7981364308048478 14 
0007 0004 1666605099134988 -34.9375 -61.0 0.12885438618239387 14 
0007 0008 1666605099135913 48.0 -63.5 0.4540583132141498 14 
0007 0004 1666605099234395 -48.0 -61.0 0.1595340019401067 14 
0007 0010 1666605099237333 34.9375 -65.5 1.8285050991596843 14 
0007 0005 1666605099238246 -56.125 -64.5 4.933282213840222 14 
0007 0014 1666605099239881 91.125 -67.0 2.270291566070749 14 
0007 0008 1666605099241063 -26.0 -63.5 0.4908738521234052 14 
0007 0015 1666605099242034 147.25 -69.5 3.785864584501762 14 
0007 0005 1666605099341080 48.0 -64.0 4.933282213840222 14 
0007 0015 1666605099342620 -39.0 -69.0 4.006757817957295 14 
0007 0008 1666605099343558 13.0 -64.0 0.4908738521234052 14 
0007 0010 1666605099344470 21.9375 -66.0 1.6812429435226628 14 
0007 0014 1666605099345370 -121.25 -67.0 2.5280003384355365 14 
0007 0004 1666605099346507 -21.9375 -61.0 0.09203884727313846 14 
0007 0005 1666605099447887 -8.9375 -64.5 4.884194828627882 14 
0007 0004 1666605099450148 30.0625 -61.5 0.05522330836388308 14 
0007 0008 1666605099451870 104.125 -64.0 0.4111068511533518 14 
0007 0010 1666605099452811 -217.25 -65.5 1.9512235621905356 14 
0007 0014 1666605099454910 -4.0625 -67.0 2.423689644859313 14 
0007 0015 1666605099456224 -52.0625 -70.0 3.933126740138784 14 
0007 0015 1666605099553813 -165.1875 -69.5 4.166291819897402 14 
0007 0005 1666605099554979 -82.1875 -64.0 4.933282213840222 14 
0007 0008 1666605099556840 69.125 -64.0 0.4172427743048944 14 
0007 0004 1666605099559851 -43.125 -61.5 0.12885438618239387 14 
0007 0014 1666605099562253 -113.0625 -66.0 2.4850488763747385 14 
0007 0010 1666605099563179 30.0625 -65.5 1.6996507129772904 14 
0007 0008 1666605099661643 8.9375 -64.0 0.47860200582032003 14 
0007 0005 1666605099662899 -43.125 -64.0 4.963961829597935 14 
0007 0004 1666605099664590 56.125 -61.5 0.01227184630308513 14 
0007 0014 1666605099665504 247.375 -67.0 2.0493983326152168 14 
0007 0010 1666605099667685 -87.0625 -66.0 1.9205439464328227 14 
0007 0015 1666605099672401 -95.1875 -69.0 3.8410878928656453 14 
0007 0014 1666605099770757 78.0625 -67.0 2.2027964114037806 14 
0007 0010 1666605099772519 8.9375 -65.5 1.736466251886546 14 
0007 0005 1666605099774527 -26.0 -64.0 4.902602598082509 14 
0007 0004 1666605099775390 0.0 -61.5 0.04295146206079795 14 
0007 0008 1666605099776293 -91.125 -63.5 0.619728238305799 14 
0007 0015 1666605099777533 117.125 -70.5 3.7551849687440497 14 
0007 0004 1666605099874857 48.0 -61.0 0.0 14 
0007 0010 1666605099876387 21.9375 -65.0 1.705786636128833 14 
0007 0014 1666605099878645 8.9375 -66.0 2.466641106920111 14 
0007 0005 1666605099879490 -65.0625 -64.0 4.945554060143307 14 
0007 0008 1666605099880882 -34.9375 -64.0 0.5399612373357456 14 
0007 0015 1666605099882024 108.1875 -69.5 3.56497135104623 14 
0007 0014 1666605099980188 -30.0625 -66.5 2.442097414313941 14 
0007 0004 1666605099982432 -21.9375 -61.0 0.03681553890925539 14 
0007 0015 1666605099983985 -26.0 -69.0 3.9453985864418692 14 
0007 0008 1666605099984923 -17.0625 -64.0 0.4111068511533518 14 
0007 0010 1666605099985794 -34.9375 -65.0 1.7978254834019713 14 
0007 0005 1666605099986974 -4.0625 -65.0 4.902602598082509 14 
0007 0004 1666605100086798 48.0 -61.0 6.270913460876501 14 
0007 0015 1666605100087793 0.0 -69.5 4.074252972624263 14 
0007 0008 1666605100089175 -17.0625 -64.0 0.5092816215780329 14 
0007 0014 1666605100091148 -26.0 -66.0 2.4727770300716534 14 
0007 0010 1666605100092926 -21.9375 -65.5 1.748738098189631 14 
0007 0005 1666605100094068 -43.125 -64.0 4.963961829597935 14 
0007 0005 1666605100192130 0.0 -64.0 4.914874444385594 14 
0007 0015 1666605100193022 -178.1875 -69.0 4.01902966426038 14 
0007 0014 1666605100194756 -69.125 -67.0 2.478912953223196 14 
0007 0004 1666605100196462 -91.125 -61.5 0.12885438618239387 14 
0007 0010 1666605100197375 -130.1875 -66.0 1.9573594853420782 14 
0007 0008 1666605100199264 87.0625 -64.0 0.37429131224409645 14 
0007 0008 1666605100299439 -52.0625 -63.5 0.5460971604872883 14 
0007 0005 1666605100302122 91.125 -65.0 4.743068596142402 14 
0007 0015 1666605100303050 -87.0625 -70.5 4.074252972624263 14 
0007 0014 1666605100303976 74.0 -67.5 2.356194490192345 14 
0007 0004 1666605100304870 4.0625 -61.5 0.03681553890925539 14 
0007 0010 1666605100306167 74.0 -65.5 1.6689710972195777 14 
0007 0010 1666605100403184 -21.9375 -65.5 1.8407769454627694 14 
0007 0004 1666605100404324 -39.0 -61.0 0.03681553890925539 14 
0007 0005 1666605100405886 0.0 -65.0 4.871922982324796 14 
0007 0014 1666605100406761 -178.1875 -67.0 2.5832236467994196 14 
0007 0015 1666605100409532 -26.0 -69.5 3.9208548938356986 14 
0007 0008 1666605100410472 82.1875 -63.0 0.42337869745643697 14 
0007 0008 1666605100509698 4.0625 -63.5 0.3988350048502667 14 
0007 0014 1666605100512457 26.0 -67.0 2.3930100291016 14 
0007 0010 1666605100514232 -8.9375 -65.0 1.7548740213411735 14 
0007 0005 1666605100515119 43.125 -64.5 4.914874444385594 14 
0007 0004 1666605100516071 -8.9375 -61.0 0.04908738521234052 14 
0007 0015 1666605100518961 -26.0 -70.0 4.031301510563465 14 
0007 0008 1666605100615894 -48.0 -63.5 0.5399612373357456 14 
0007 0004 1666605100616776 17.0625 -61.5 0.04908738521234052 14 
0007 0014 1666605100618767 -26.0 -67.0 2.435961491162398 14 
0007 0005 1666605100621000 -26.0 -65.0 4.902602598082509 14 
0007 0015 1666605100622707 13.0 -70.0 3.810408277107933 14 
0007 0010 1666605100623606 -34.9375 -65.5 1.8530487917658545 14 
0007 0014 1666605100721490 152.125 -66.5 2.350058567040802 14 
0007 0005 1666605100724231 82.1875 -64.0 4.804427827657828 14 
0007 0008 1666605100725270 34.9375 -63.0 0.4540583132141498 14 
0007 0004 1666605100726706 -56.125 -61.0 0.11044661672776616 14 
0007 0015 1666605100727859 -34.9375 -70.5 4.0128937411088375 14 
0007 0010 1666605100729822 -65.0625 -66.0 1.88986433067511 14 
0007 0010 1666605100826987 26.0 -66.0 1.7732817907958012 14 
0007 0004 1666605100828622 -61.0 -61.0 0.09817477042468103 14 
0007 0008 1666605100829761 13.0 -63.5 0.4663301595172349 14 
0007 0014 1666605100830929 -160.3125 -67.0 2.6016314162540475 14 
0007 0005 1666605100832592 -56.125 -64.5 4.92714629068868 14 
0007 0015 1666605100837977 -117.125 -69.0 4.000621894805752 14 
0007 0004 1666605100936013 48.0 -61.0 6.2463697682703305 14 
0007 0008 1666605100938286 -34.9375 -63.5 0.4970097752749477 14 
0007 0010 1666605100940034 -17.0625 -65.5 1.8285050991596843 14 
0007 0014 1666605100940902 21.9375 -66.5 2.3193789512830896 14 
0007 0005 1666605100942796 -61.0 -64.0 4.95168998329485 14 
0007 0015 1666605100944916 -13.0 -68.5 4.006757817957295 14 
0007 0005 1666605101054304 -87.0625 -64.0 5.043728830567988 14 
0007 0004 1666605101056535 74.0 -61.0 6.240233845118788 14 
0007 0015 1666605101057476 -4.0625 -69.0 3.9085830475326135 14 
0007 0008 1666605101060495 91.125 -63.0 0.3620194659410113 14 
0007 0014 1666605101062074 30.0625 -67.0 2.3316507975861747 14 
0007 0010 1666605101062955 -8.9375 -65.5 1.7671458676442586 14 
0007 0005 1666605101160966 -78.0625 -64.0 4.92714629068868 14 
0007 0004 1666605101163779 56.125 -61.5 6.264777537724958 14 
0007 0010 1666605101164648 -130.1875 -65.5 1.9941750242513334 14 
0007 0008 1666605101166324 30.0625 -64.0 0.4295146206079795 14 
0007 0014 1666605101167462 160.3125 -67.5 2.1966604882522383 14 
0007 0015 1666605101169398 -21.9375 -69.0 3.988350048502667 14 
0007 0004 1666605101266408 17.0625 -61.0 0.02454369260617026 14 
0007 0008 1666605101268667 -17.0625 -63.5 0.4970097752749477 14 
0007 0014 1666605101270688 -78.0625 -67.0 2.4911847995262812 14 
0007 0015 1666605101271756 -48.0 -69.0 4.049709280018092 14 
0007 0010 1666605101272894 13.0 -65.0 1.748738098189631 14 
0007 0005 1666605101273835 -39.0 -64.5 4.945554060143307 14 
0007 0015 1666605101375368 -4.0625 -70.0 3.9638063558964967 14 
0007 0005 1666605101376610 48.0 -64.0 4.8351074434155406 14 
0007 0004 1666605101378671 56.125 -61.5 0.018407769454627694 14 
0007 0008 1666605101380498 104.125 -64.0 0.35588354278946877 14 
0007 0010 1666605101382047 69.125 -65.5 1.761009944492716 14 
0007 0014 1666605101382959 -78.0625 -66.5 2.6016314162540475 14 
0007 0008 1666605101480099 56.125 -64.0 0.34974761963792617 14 
0007 0004 1666605101482132 -21.9375 -61.0 0.04295146206079795 14 
0007 0005 1666605101484407 -13.0 -64.0 4.933282213840222 14 
0007 0010 1666605101485703 69.125 -65.0 1.7671458676442586 14 
0007 0015 1666605101487469 -178.1875 -70.0 4.154019973594316 14 
0007 0014 1666605101488393 -43.125 -66.5 2.509592568980909 14 
0007 0014 1666605101587046 160.3125 -67.5 2.3009711818284617 14 
0007 0005 1666605101587972 -61.0 -65.0 4.957825906446392 14 
0007 0010 1666605101588913 52.0625 -66.0 1.718058482431918 14 
0007 0015 1666605101590265 -169.25 -70.5 4.111068511533518 14 
0007 0008 1666605101591159 -8.9375 -63.0 0.4908738521234052 14 
0007 0004 1666605101592524 -39.0 -61.0 0.07363107781851078 14 
0007 0014 1666605101694290 52.0625 -66.0 2.2518837966161214 14 
0007 0015 1666605101695188 -39.0 -70.0 3.890175278077986 14 
0007 0008 1666605101696079 0.0 -63.5 0.4908738521234052 14 
0007 0005 1666605101696997 134.25 -64.0 4.626486056263094 14 
0007 0004 1666605101699323 -17.0625 -61.0 0.0674951546669682 14 
0007 0010 1666605101700207 -43.125 -65.0 1.8714565612204823 14 
0007 0014 1666605101801565 8.9375 -67.0 2.313243028131547 14 
0007 0008 1666605101803828 30.0625 -63.5 0.4540583132141498 14 
0007 0004 1666605101805348 -43.125 -61.0 0.07363107781851078 14 
0007 0015 1666605101806662 113.0625 -70.5 3.8840393549264434 14 
0007 0010 1666605101807558 30.0625 -65.5 1.846912868614312 14 
0007 0005 1666605101808486 -43.125 -65.0 4.914874444385594 14 
0007 0008 1666605101905396 17.0625 -63.0 0.4540583132141498 14 
0007 0014 1666605101907672 78.0625 -67.0 2.3071071049800045 14 
0007 0004 1666605101909700 0.0 -61.5 0.04295146206079795 14 
0007 0010 1666605101911440 52.0625 -66.0 1.7548740213411735 14 
0007 0005 1666605101912380 -48.0 -64.5 4.9823695990525625 14 
0007 0015 1666605101913265 -95.1875 -70.0 3.9822141253511245 14 
0007 0014 1666605102012048 34.9375 -66.5 2.2886993355253766 14 
0007 0010 1666605102014902 -8.9375 -65.5 1.8653206380689396 14 
0007 0004 1666605102015800 -17.0625 -61.0 0.05522330836388308 14 
0007 0015 1666605102016714 -113.0625 -69.5 4.031301510563465 14 
0007 0008 1666605102019622 52.0625 -63.0 0.39269908169872414 14 
0007 0005 1666605102020534 -39.0 -65.0 4.914874444385594 14 
0007 0010 1666605102117536 61.0 -65.5 1.7426021750380885 14 
0007 0005 1666605102120051 13.0 -64.5 4.798291904506286 14 
0007 0008 1666605102121188 17.0625 -63.5 0.47860200582032003 14 
0007 0004 1666605102123164 -13.0 -61.0 0.04908738521234052 14 
0007 0014 1666605102125795 -21.9375 -66.5 2.3439226438892597 14 
0007 0015 1666605102126838 -52.0625 -70.0 3.847223816017188 14 
0007 0005 1666605102225307 -13.0 -65.0 4.804427827657828 14 
0007 0015 1666605102226489 -4.0625 -70.5 4.0128937411088375 14 
0007 0010 1666605102227644 61.0 -65.5 1.846912868614312 14 
0007 0004 1666605102229024 52.0625 -61.0 6.234097921967246 14 
0007 0008 1666605102230399 -17.0625 -62.5 0.47860200582032003 14 
0007 0014 1666605102233737 -30.0625 -66.5 2.435961491162398 14 
0007 0006 1666605102329538 -3.125 -73.0 0.8958447801252144 14 
0007 0010 1666605102351467 91.125 -65.0 1.932815792735908 14 
0007 0005 1666605102352366 -34.9375 -65.0 4.859651136021712 14 
0007 0004 1666605102354000 13.0 -60.5 0.04295146206079795 14 
0007 0015 1666605102354944 -121.25 -71.0 3.9760782021995817 14 
0007 0008 1666605102355810 -34.9375 -63.0 0.48473792897186263 14 
0007 0014 1666605102356894 34.9375 -67.5 2.36846633649543 14 
0007 0004 1666605102454364 4.0625 -61.0 0.07976700097005335 14 
0007 0010 1666605102455264 82.1875 -66.5 1.736466251886546 14 
0007 0005 1666605102456419 -52.0625 -64.5 4.841243366567084 14 
0007 0008 1666605102457793 -8.9375 -63.0 0.4540583132141498 14 
0007 0015 1666605102461085 4.0625 -70.0 3.902447124381071 14 
0007 0014 1666605102463604 113.0625 -67.0 2.313243028131547 14 
0007 0005 1666605102562371 82.1875 -64.5 4.620350133111551 14 
0007 0015 1666605102564361 -8.9375 -70.0 3.9760782021995817 14 
0007 0014 1666605102565558 78.0625 -67.0 2.350058567040802 14 
0007 0004 1666605102566980 52.0625 -60.5 0.0 14 
0007 0010 1666605102568616 -165.1875 -65.5 2.024854640009046 14 
0007 0008 1666605102570006 13.0 -63.5 0.4295146206079795 14 
0007 0014 1666605102670462 30.0625 -66.0 2.356194490192345 14 
0007 0005 1666605102673575 -126.125 -64.0 4.957825906446392 14 
0007 0010 1666605102674601 -74.0 -66.0 1.945087639038993 14 
0007 0004 1666605102675709 43.125 -61.0 0.05522330836388308 14 
0007 0008 1666605102676632 -8.9375 -63.0 0.4724660826687775 14 
0007 0015 1666605102677705 -74.0 -69.5 3.933126740138784 14 
0007 0004 1666605102774750 -30.0625 -60.5 0.1043106935762236 14 
0007 0010 1666605102776186 34.9375 -65.5 1.736466251886546 14 
0007 0015 1666605102777923 -126.125 -70.0 4.129476280988146 14 
0007 0008 1666605102780211 -30.0625 -63.5 0.4970097752749477 14 
0007 0005 1666605102781453 -48.0 -63.5 4.841243366567084 14 
0007 0014 1666605102782347 -4.0625 -66.5 2.3439226438892597 14 
0007 0005 1666605102889558 -43.125 -64.0 4.804427827657828 14 
0007 0008 1666605102892000 -39.0 -63.5 0.5460971604872883 14 
0007 0014 1666605102893537 43.125 -66.5 2.313243028131547 14 
0007 0004 1666605102894687 8.9375 -60.5 0.04908738521234052 14 
0007 0015 1666605102895867 0.0 -69.5 3.9147189706841563 14 
0007 0010 1666605102896827 69.125 -65.5 1.7303303287350031 14 
0007 0015 1666605102994384 113.0625 -69.0 3.865631585471816 14 
0007 0010 1666605102995294 -82.1875 -66.0 1.9389517158874505 14 
0007 0008 1666605102998727 4.0625 -63.0 0.4356505437595221 14 
0007 0014 1666605103000296 -65.0625 -67.0 2.4175537217077703 14 
0007 0005 1666605103001890 17.0625 -64.5 4.804427827657828 14 
0007 0004 1666605103003112 8.9375 -61.0 0.02454369260617026 14 
0007 0005 1666605103100626 -121.25 -64.5 4.945554060143307 14 
0007 0010 1666605103101566 34.9375 -66.0 1.9082721001297376 14 
0007 0015 1666605103103829 -48.0 -69.0 3.865631585471816 14 
0007 0008 1666605103106945 21.9375 -63.5 0.4111068511533518 14 
0007 0004 1666605103108083 13.0 -61.0 0.05522330836388308 14 
0007 0014 1666605103109309 69.125 -67.0 2.423689644859313 14 
0007 0014 1666605103206579 104.125 -67.0 2.2948352586769194 14 
0007 0005 1666605103208941 -126.125 -64.5 4.908738521234052 14 
0007 0008 1666605103209852 52.0625 -63.0 0.380427235395639 14 
0007 0015 1666605103210807 56.125 -69.5 3.834951969714103 14 
0007 0004 1666605103212185 -48.0 -61.0 0.09817477042468103 14 
0007 0010 1666605103213693 -8.9375 -65.0 1.8530487917658545 14 
