0007 0008 1666605790004457 -34.9375 -63.0 0.944932165337555 16 
0007 0014 1666605790009191 -17.0625 -57.0 2.2027964114037806 16 
0007 0009 1666605790010146 78.0625 -61.5 1.4480778637640452 16 
0007 0000 1666605790011282 -152.125 -68.5 0.1043106935762236 16 
0007 0003 1666605790013424 117.125 -67.0 2.718213956133356 16 
0007 0015 1666605790014364 48.0 -65.5 2.9820586516496865 16 
0007 0004 1666605790077537 -3.3125 -74.0 0.9878836273983529 16 
0007 0000 1666605790121520 -169.25 -68.5 0.12885438618239387 16 
0007 0015 1666605790123922 30.0625 -66.0 2.9329712664373457 16 
0007 0008 1666605790125765 21.9375 -62.5 0.9081166264282996 16 
0007 0014 1666605790126689 -4.0625 -57.0 2.2089323345553233 16 
0007 0009 1666605790128237 -4.0625 -62.0 1.5830681730979816 16 
0007 0003 1666605790129592 -17.0625 -66.0 2.8532042654672924 16 
0007 0008 1666605790225189 -21.9375 -63.0 0.9203884727313847 16 
0007 0003 1666605790227620 104.125 -67.0 2.6813984172241008 16 
0007 0014 1666605790228557 -17.0625 -57.0 2.2334760271614935 16 
0007 0000 1666605790229910 -121.25 -69.0 0.1227184630308513 16 
0007 0015 1666605790231772 26.0 -66.0 3.031146036862027 16 
0007 0009 1666605790233166 43.125 -62.0 1.521708941582556 16 
0007 0009 1666605790333596 -4.0625 -62.0 1.552388557340269 16 
0007 0014 1666605790334494 -34.9375 -57.0 2.2396119503130363 16 
0007 0003 1666605790336468 -65.0625 -66.0 2.8777479580734626 16 
0007 0008 1666605790338002 13.0 -62.5 0.9019807032767571 16 
0007 0015 1666605790339397 8.9375 -65.5 3.1231848841351653 16 
0007 0000 1666605790340806 21.9375 -68.0 0.1043106935762236 16 
0007 0009 1666605790440528 139.125 -62.0 1.4358060174609601 16 
0007 0008 1666605790441452 -48.0 -62.0 0.9572040116406401 16 
0007 0014 1666605790443071 39.0 -57.5 2.1475731030398975 16 
0007 0000 1666605790443983 -121.25 -69.0 0.01227184630308513 16 
0007 0003 1666605790445160 61.0 -66.5 2.773437264497239 16 
0007 0015 1666605790446797 65.0625 -65.5 3.000466421104314 16 
0007 0000 1666605790546585 -117.125 -67.5 0.02454369260617026 16 
0007 0014 1666605790547521 8.9375 -57.0 2.1905245651006955 16 
0007 0009 1666605790549154 -4.0625 -62.0 1.5707963267948966 16 
0007 0003 1666605790552479 -8.9375 -66.5 2.8102528034064944 16 
0007 0008 1666605790553403 4.0625 -63.0 0.9265243958829272 16 
0007 0015 1666605790555505 4.0625 -65.5 3.0066023442558567 16 
0007 0014 1666605790654781 4.0625 -57.5 2.2089323345553233 16 
0007 0008 1666605790656290 13.0 -63.5 0.8835729338221293 16 
0007 0015 1666605790657445 147.25 -66.0 2.9084275738311756 16 
0007 0000 1666605790658612 -104.125 -68.5 0.07363107781851078 16 
0007 0009 1666605790659732 -13.0 -62.0 1.576932249946439 16 
0007 0003 1666605790661592 30.0625 -65.5 2.7979809571034093 16 
0007 0003 1666605790763134 182.25 -66.0 2.5893595699509624 16 
0007 0008 1666605790764299 -100.0625 -63.5 0.9817477042468103 16 
0007 0009 1666605790766584 8.9375 -62.0 1.564660403643354 16 
0007 0000 1666605790767883 134.25 -69.0 5.970253226450915 16 
0007 0014 1666605790769034 26.0 -57.5 2.1659808724945253 16 
0007 0015 1666605790769945 -26.0 -65.5 3.0372819600135696 16 
0007 0014 1666605790869428 17.0625 -57.0 2.2027964114037806 16 
0007 0003 1666605790870711 -156.1875 -66.0 3.031146036862027 16 
0007 0000 1666605790871860 -134.25 -68.5 0.006135923151542565 16 
0007 0015 1666605790873482 82.1875 -65.5 2.9329712664373457 16 
0007 0008 1666605790875230 30.0625 -62.5 0.9387962421860124 16 
0007 0009 1666605790876081 21.9375 -62.0 1.552388557340269 16 
0007 0009 1666605790974931 -17.0625 -62.0 1.5585244804918115 16 
0007 0000 1666605790975843 -143.1875 -67.5 0.17794177139473438 16 
0007 0014 1666605790976752 -61.0 -57.0 2.282563412373834 16 
0007 0003 1666605790978731 -65.0625 -66.0 2.9084275738311756 16 
0007 0015 1666605790979644 17.0625 -66.5 3.098641191528995 16 
0007 0008 1666605790982913 -78.0625 -62.5 1.0799224746714913 16 
0007 0014 1666605791082647 30.0625 -57.0 2.172116795646068 16 
0007 0000 1666605791084610 -152.125 -68.0 0.14112623248547898 16 
0007 0009 1666605791085815 4.0625 -62.0 1.552388557340269 16 
0007 0015 1666605791086715 13.0 -66.0 2.9759227284981438 16 
0007 0008 1666605791087897 -74.0 -63.5 0.9694758579437253 16 
0007 0003 1666605791089191 21.9375 -66.5 2.8409324191642074 16 
0007 0009 1666605791187861 48.0 -62.0 1.4971652489763858 16 
0007 0014 1666605791189140 -13.0 -57.5 2.2027964114037806 16 
0007 0015 1666605791190778 48.0 -66.5 2.9820586516496865 16 
0007 0000 1666605791193252 -199.375 -68.0 0.12885438618239387 16 
0007 0008 1666605791194773 -48.0 -64.0 0.9203884727313847 16 
0007 0003 1666605791195656 -78.0625 -65.5 2.9145634969827183 16 
0007 0003 1666605791291744 4.0625 -65.5 2.8102528034064944 16 
0007 0000 1666605791292913 -165.1875 -68.0 0.20248546400090464 16 
0007 0008 1666605791293779 -21.9375 -63.5 0.9203884727313847 16 
0007 0015 1666605791295884 -30.0625 -66.0 3.184544115650591 16 
0007 0009 1666605791298432 4.0625 -62.0 1.552388557340269 16 
0007 0014 1666605791302010 -43.125 -57.0 2.2518837966161214 16 
0007 0008 1666605791401475 -78.0625 -62.5 0.9878836273983529 16 
0007 0009 1666605791402711 21.9375 -62.0 1.576932249946439 16 
0007 0003 1666605791403848 61.0 -66.5 2.730485802436441 16 
0007 0014 1666605791404844 30.0625 -57.5 2.1598449493429825 16 
0007 0015 1666605791406450 -48.0 -66.5 3.104777114680538 16 
0007 0000 1666605791408344 -191.1875 -68.5 0.14112623248547898 16 
0007 0000 1666605791505004 -65.0625 -68.0 0.04295146206079795 16 
0007 0014 1666605791506877 17.0625 -57.0 2.1659808724945253 16 
0007 0008 1666605791507790 -61.0 -63.0 1.012427320004523 16 
0007 0009 1666605791511340 -95.1875 -62.5 1.6873788666742053 16 
0007 0003 1666605791513567 -8.9375 -67.0 2.779573187648782 16 
0007 0015 1666605791514471 104.125 -67.0 2.9145634969827183 16 
0007 0015 1666605791612147 0.0 -66.0 3.06182565261974 16 
0007 0008 1666605791613289 -65.0625 -63.5 0.944932165337555 16 
0007 0000 1666605791615295 -225.375 -68.5 0.2454369260617026 16 
0007 0009 1666605791617240 52.0625 -62.0 1.5401167110371838 16 
0007 0014 1666605791618390 17.0625 -57.0 2.1782527187976104 16 
0007 0003 1666605791619302 156.1875 -66.5 2.564815877344792 16 
0007 0015 1666605791718157 26.0 -66.0 2.9820586516496865 16 
0007 0008 1666605791719264 -8.9375 -63.5 0.8835729338221293 16 
0007 0003 1666605791721821 156.1875 -66.0 2.6568547246179306 16 
0007 0009 1666605791722759 30.0625 -62.5 1.5462526341887264 16 
0007 0014 1666605791724406 -43.125 -57.0 2.227340104009951 16 
0007 0000 1666605791727794 -182.25 -68.0 0.11044661672776616 16 
0007 0008 1666605791825547 -61.0 -63.0 0.9019807032767571 16 
0007 0014 1666605791826683 17.0625 -57.0 2.1475731030398975 16 
0007 0015 1666605791829371 104.125 -66.0 3.06182565261974 16 
0007 0003 1666605791830252 26.0 -66.5 2.7979809571034093 16 
0007 0000 1666605791831191 -13.0 -68.5 6.2034183062095325 16 
0007 0009 1666605791832642 30.0625 -62.5 1.521708941582556 16 
0007 0008 1666605792165696 -39.0 -63.0 0.9019807032767571 16 
0007 0009 1666605792166877 108.1875 -62.5 1.4542137869155878 16 
0007 0000 1666605792169429 48.0 -69.0 6.215690152512618 16 
0007 0014 1666605792170341 52.0625 -57.0 2.1046216409791 16 
0007 0003 1666605792171516 -4.0625 -66.5 2.82252464970958 16 
0007 0015 1666605792173000 34.9375 -66.5 3.018874190558942 16 
0007 0009 1666605792270974 30.0625 -62.0 1.533980787885641 16 
0007 0000 1666605792271914 -30.0625 -68.0 6.160466844148735 16 
0007 0015 1666605792272854 30.0625 -67.0 3.0802334220743677 16 
0007 0003 1666605792275240 182.25 -66.5 2.4911847995262812 16 
0007 0008 1666605792279047 -69.125 -63.0 0.9817477042468103 16 
0007 0014 1666605792280567 0.0 -57.0 2.1475731030398975 16 
0007 0004 1666605792367010 1.25 -73.5 0.9142525495798421 16 
0007 0000 1666605792388816 65.0625 -68.0 6.209554229361076 16 
0007 0009 1666605792391358 -52.0625 -62.5 1.662835174068035 16 
0007 0008 1666605792392310 -13.0 -63.0 0.9142525495798421 16 
0007 0014 1666605792393178 -17.0625 -56.5 2.2027964114037806 16 
0007 0015 1666605792394092 -113.0625 -66.0 3.1231848841351653 16 
0007 0003 1666605792395456 204.25 -67.0 2.5402721847386216 16 
0007 0004 1666605792478913 -0.875 -74.0 0.9387962421860124 16 
0007 0009 1666605792500413 30.0625 -62.5 1.552388557340269 16 
0007 0000 1666605792502446 -100.0625 -68.0 0.0859029241215959 16 
0007 0003 1666605792503326 21.9375 -66.0 2.748893571891069 16 
0007 0008 1666605792504962 -34.9375 -63.0 0.9142525495798421 16 
0007 0014 1666605792505842 17.0625 -57.0 2.141437179888355 16 
0007 0015 1666605792506784 69.125 -66.5 3.0066023442558567 16 
0007 0004 1666605792591049 -0.4375 -74.0 0.8528933180644165 16 
0007 0008 1666605792615700 48.0 -63.0 0.7915340865489908 16 
0007 0003 1666605792616824 139.125 -66.0 2.6568547246179306 16 
0007 0009 1666605792619080 -4.0625 -62.0 1.5830681730979816 16 
0007 0015 1666605792620235 -4.0625 -67.5 3.0495538063166547 16 
0007 0014 1666605792621075 17.0625 -57.0 2.1659808724945253 16 
0007 0000 1666605792623934 -78.0625 -67.5 0.04908738521234052 16 
0007 0004 1666605792703932 -1.75 -74.0 0.8958447801252144 16 
0007 0009 1666605792726619 17.0625 -62.0 1.5892040962495242 16 
0007 0015 1666605792729068 74.0 -67.0 2.9145634969827183 16 
0007 0014 1666605792730774 -48.0 -57.0 2.2518837966161214 16 
0007 0008 1666605792732579 -108.1875 -63.0 0.944932165337555 16 
0007 0003 1666605792734423 139.125 -66.0 2.6384469551633027 16 
0007 0000 1666605792735661 -34.9375 -67.5 0.04908738521234052 16 
0007 0004 1666605792796115 -0.875 -73.5 0.9510680884890975 16 
0007 0008 1666605792839856 -8.9375 -63.0 0.8528933180644165 16 
0007 0000 1666605792841352 -87.0625 -67.0 0.03681553890925539 16 
0007 0014 1666605792842999 30.0625 -57.0 2.1598449493429825 16 
0007 0009 1666605792844987 17.0625 -62.0 1.533980787885641 16 
0007 0003 1666605792846224 48.0 -66.0 2.7857091108003242 16 
0007 0015 1666605792847361 17.0625 -67.5 3.018874190558942 16 
0007 0004 1666605792946332 1.25 -74.0 0.9081166264282996 16 
0007 0004 1666605792959847 6.125 -74.0 0.8160777791551611 16 
0007 0014 1666605792968894 -17.0625 -57.0 2.1966604882522383 16 
0007 0015 1666605792970703 39.0 -67.5 3.0127382674073995 16 
0007 0009 1666605792971613 34.9375 -62.0 1.5278448647340985 16 
0007 0003 1666605792973048 39.0 -65.5 2.705942109830271 16 
0007 0000 1666605792973962 -212.375 -68.5 0.1595340019401067 16 
0007 0008 1666605792974858 -48.0 -63.0 0.9265243958829272 16 
0007 0004 1666605793053065 0.875 -74.0 0.9510680884890975 16 
0007 0015 1666605793083964 43.125 -66.0 3.0372819600135696 16 
0007 0014 1666605793086420 4.0625 -57.0 2.1537090261914402 16 
0007 0000 1666605793087380 217.25 -67.5 6.080699843178682 16 
0007 0009 1666605793088586 56.125 -62.0 1.576932249946439 16 
0007 0003 1666605793090448 -13.0 -66.0 2.7979809571034093 16 
0007 0008 1666605793091840 8.9375 -63.0 0.8406214717613314 16 
0007 0004 1666605793184296 -3.125 -74.0 1.0246991663076084 16 
0007 0014 1666605793201069 13.0 -57.0 2.184388641949153 16 
0007 0003 1666605793202791 -121.25 -66.0 3.000466421104314 16 
0007 0008 1666605793205114 78.0625 -63.5 0.6810874698212247 16 
0007 0009 1666605793205993 8.9375 -62.0 1.564660403643354 16 
0007 0000 1666605793207785 43.125 -67.5 6.277049384028044 16 
0007 0015 1666605793209295 -61.0 -65.0 3.129320807286708 16 
0007 0004 1666605793300646 3.9375 -74.5 0.8651651643675016 16 
0007 0015 1666605793318491 43.125 -66.5 3.055689729468197 16 
0007 0009 1666605793319611 -17.0625 -62.5 1.6260196351587797 16 
0007 0003 1666605793320537 78.0625 -66.5 2.693670263527186 16 
0007 0014 1666605793321419 30.0625 -56.5 2.1598449493429825 16 
0007 0008 1666605793322613 -69.125 -63.0 0.8835729338221293 16 
0007 0000 1666605793324504 -39.0 -68.0 0.02454369260617026 16 
0007 0004 1666605793408567 -5.3125 -74.0 0.9940195505498954 16 
0007 0015 1666605793427542 21.9375 -66.0 3.11091303783208 16 
0007 0008 1666605793429504 -78.0625 -63.5 0.9572040116406401 16 
0007 0003 1666605793430427 34.9375 -66.0 2.761165418194154 16 
0007 0014 1666605793432919 34.9375 -57.0 2.1475731030398975 16 
0007 0000 1666605793434569 39.0 -68.0 6.277049384028044 16 
0007 0009 1666605793436173 -17.0625 -62.5 1.5707963267948966 16 
0007 0004 1666605793535797 1.125 -74.0 0.8344855486097889 16 
0007 0003 1666605793544568 134.25 -66.0 2.6813984172241008 16 
0007 0015 1666605793548207 147.25 -66.5 2.9145634969827183 16 
0007 0008 1666605793550016 -130.1875 -63.5 0.9572040116406401 16 
0007 0009 1666605793550897 -61.0 -62.5 1.607611865704152 16 
0007 0014 1666605793551851 26.0 -57.0 2.1598449493429825 16 
0007 0000 1666605793552905 -13.0 -68.0 6.234097921967246 16 
0007 0004 1666605793654217 4.625 -74.0 0.8897088569736719 16 
0007 0004 1666605793663015 6.625 -74.0 0.7976700097005334 16 
0007 0004 1666605793671826 -3.5625 -74.0 0.8897088569736719 16 
0007 0004 1666605793685350 2.625 -74.0 0.9081166264282996 16 
0007 0003 1666605793695891 113.0625 -65.5 2.662990647769473 16 
0007 0009 1666605793697041 -87.0625 -62.5 1.5830681730979816 16 
0007 0008 1666605793697939 43.125 -63.5 0.7976700097005334 16 
0007 0014 1666605793699319 -52.0625 -57.0 2.2518837966161214 16 
0007 0015 1666605793703281 21.9375 -66.5 3.1661363461959633 16 
0007 0000 1666605793704190 -4.0625 -68.0 6.227961998815704 16 
0007 0004 1666605793802142 -0.1875 -74.0 0.8897088569736719 16 
0007 0003 1666605793817151 65.0625 -66.0 2.7550294950426117 16 
0007 0015 1666605793818772 -61.0 -66.5 3.153864499892878 16 
0007 0008 1666605793820478 82.1875 -63.5 0.8283496254582462 16 
0007 0009 1666605793823892 -30.0625 -63.0 1.552388557340269 16 
0007 0014 1666605793825865 4.0625 -57.0 2.1966604882522383 16 
0007 0000 1666605793827148 -113.0625 -68.5 0.05522330836388308 16 
0007 0004 1666605793906994 4.875 -74.0 0.8283496254582462 16 
0007 0000 1666605793930299 -26.0 -67.5 6.215690152512618 16 
0007 0003 1666605793931805 -13.0 -66.5 2.8102528034064944 16 
0007 0014 1666605793935832 -26.0 -57.0 2.2150682577068657 16 
0007 0015 1666605793937138 -17.0625 -66.5 3.129320807286708 16 
0007 0008 1666605793938334 -87.0625 -64.0 0.9265243958829272 16 
0007 0009 1666605793939229 26.0 -62.5 1.509437095279471 16 
0007 0004 1666605794024971 0.0 -74.0 0.8406214717613314 16 
0007 0014 1666605794043942 -21.9375 -57.0 2.2150682577068657 16 
0007 0015 1666605794047172 169.25 -67.5 2.8961557275280905 16 
0007 0008 1666605794048972 -26.0 -63.5 0.8774370106705868 16 
0007 0009 1666605794049967 39.0 -62.0 1.5585244804918115 16 
0007 0003 1666605794052376 -74.0 -66.5 2.9329712664373457 16 
0007 0000 1666605794053403 -30.0625 -68.0 0.01227184630308513 16 
0007 0004 1666605794141784 3.125 -74.0 0.944932165337555 16 
0007 0003 1666605794159501 -182.25 -66.5 3.000466421104314 16 
0007 0014 1666605794162157 48.0 -57.0 2.1537090261914402 16 
0007 0000 1666605794163054 -30.0625 -66.5 0.018407769454627694 16 
0007 0008 1666605794163978 13.0 -63.5 0.7853981633974483 16 
0007 0015 1666605794164950 43.125 -67.5 3.147728576741336 16 
0007 0009 1666605794166084 100.0625 -62.5 1.4726215563702154 16 
0007 0004 1666605794249635 1.25 -74.0 0.9142525495798421 16 
0007 0014 1666605794272358 8.9375 -57.0 2.1782527187976104 16 
0007 0015 1666605794274592 95.1875 -65.5 3.0066023442558567 16 
0007 0000 1666605794275896 -21.9375 -67.0 0.006135923151542565 16 
0007 0003 1666605794277958 65.0625 -65.0 2.662990647769473 16 
0007 0009 1666605794279465 -52.0625 -62.5 1.6260196351587797 16 
0007 0008 1666605794280403 61.0 -63.0 0.8099418560036186 16 
0007 0004 1666605794371517 3.125 -74.0 0.7853981633974483 16 
0007 0000 1666605794389380 -113.0625 -67.0 0.0859029241215959 16 
0007 0014 1666605794390886 -8.9375 -57.5 2.172116795646068 16 
0007 0008 1666605794393203 30.0625 -63.5 0.8774370106705868 16 
0007 0009 1666605794395029 39.0 -62.5 1.564660403643354 16 
0007 0003 1666605794396310 87.0625 -66.0 2.7120780329818137 16 
0007 0015 1666605794397234 8.9375 -66.0 3.141592653589793 16 
0007 0004 1666605794472706 0.625 -74.0 0.8528933180644165 16 
0007 0000 1666605794500225 -69.125 -68.0 0.07363107781851078 16 
0007 0014 1666605794502939 -39.0 -56.5 2.2396119503130363 16 
0007 0009 1666605794503934 -48.0 -62.5 1.6505633277649499 16 
0007 0003 1666605794505312 -26.0 -66.5 2.773437264497239 16 
0007 0008 1666605794508183 91.125 -63.5 0.7485826244881929 16 
0007 0015 1666605794509439 -87.0625 -67.0 3.2827188860752723 16 
0007 0004 1666605794605823 -2.4375 -73.5 0.9203884727313847 16 
0007 0004 1666605794614587 11.25 -74.0 0.7976700097005334 16 
0007 0004 1666605794629948 5.5625 -74.0 0.8651651643675016 16 
0007 0004 1666605794645397 6.0 -74.0 0.8528933180644165 16 
0007 0004 1666605794665540 5.0625 -74.0 0.8774370106705868 16 
0007 0004 1666605794674351 -4.375 -74.0 0.9572040116406401 16 
0007 0004 1666605794683133 7.5 -74.0 0.8651651643675016 16 
0007 0004 1666605794691912 -1.9375 -74.0 0.9265243958829272 16 
0007 0004 1666605794700652 0.0 -74.0 0.8958447801252144 16 
0007 0004 1666605794709452 -2.875 -74.0 0.9633399347921826 16 
0007 0004 1666605794718232 5.0625 -74.0 0.859029241215959 16 
0007 0004 1666605794726986 3.5625 -74.0 0.8835729338221293 16 
0007 0004 1666605794735784 -4.1875 -74.0 0.9510680884890975 16 
0007 0004 1666605794744564 -5.5625 -74.0 1.043106935762236 16 
0007 0004 1666605794771015 3.9375 -74.0 0.8406214717613314 16 
0007 0004 1666605794786440 7.0625 -74.5 0.8651651643675016 16 
0007 0004 1666605794795237 2.875 -74.0 0.9081166264282996 16 
0007 0004 1666605794816951 4.625 -74.0 0.8958447801252144 16 
0007 0004 1666605794825688 0.0 -74.0 1.0369710126106935 16 
0007 0004 1666605794839207 -0.875 -74.0 0.9572040116406401 16 
0007 0008 1666605794849548 13.0 -63.5 0.8222137023067037 16 
0007 0014 1666605794852349 -56.125 -57.0 2.313243028131547 16 
0007 0000 1666605794853231 -56.125 -68.0 0.04908738521234052 16 
0007 0009 1666605794854141 61.0 -62.0 1.5278448647340985 16 
0007 0015 1666605794855294 -82.1875 -66.0 3.2581751934691017 16 
0007 0003 1666605794856475 26.0 -66.5 2.736621725587984 16 
0007 0004 1666605794916252 0.4375 -74.0 0.9203884727313847 16 
0007 0009 1666605794961804 -30.0625 -62.0 1.6137477888556946 16 
0007 0008 1666605794962743 17.0625 -63.5 0.8774370106705868 16 
0007 0014 1666605794963866 13.0 -57.0 2.1782527187976104 16 
0007 0015 1666605794967404 13.0 -65.5 3.2090878082567613 16 
0007 0003 1666605794970032 100.0625 -66.0 2.662990647769473 16 
0007 0000 1666605794970984 4.0625 -67.5 0.0 16 
