0007 0013 1666595727685350 -56.125 -69.0 4.571262747899211 1 
0007 0014 1666595727687367 100.0625 -62.5 0.4356505437595221 1 
0007 0002 1666595727688306 78.0625 -64.0 5.283029833478148 1 
0007 0015 1666595727690624 21.9375 -62.0 0.05522330836388308 1 
0007 0011 1666595727693591 -61.0 -68.0 2.5402721847386216 1 
0007 0008 1666595727711039 106.1875 -73.5 4.5927384789296095 1 
0007 0015 1666595727795573 108.1875 -62.0 0.01227184630308513 1 
0007 0004 1666595727796766 8.9375 -62.0 0.9326603190344698 1 
0007 0005 1666595727798136 26.0 -61.5 2.0493983326152168 1 
0007 0002 1666595727800141 52.0625 -63.5 5.227806525114265 1 
0007 0006 1666595727801092 -90.3125 -69.5 5.368932757599744 1 
0007 0007 1666595727805815 -78.0625 -72.5 0.9387962421860124 1 
0007 0014 1666595727807334 52.0625 -62.5 0.48473792897186263 1 
0007 0010 1666595727808614 -69.125 -64.5 5.688000761479957 1 
0007 0011 1666595727811211 -251.4375 -68.0 2.5954954931025047 1 
0007 0013 1666595727813440 -186.3125 -68.5 4.4976316700806995 1 
0007 0008 1666595727814721 -290.5 -71.0 1.6505633277649499 1 
0007 0012 1666595727838356 48.8125 -74.0 5.50392306693368 1 
0007 0004 1666595727914244 13.0 -62.5 0.8958447801252144 1 
0007 0013 1666595727915134 -191.1875 -69.5 4.485359823777615 1 
0007 0006 1666595727917713 -75.625 -70.0 5.325981295538946 1 
0007 0014 1666595727921196 43.125 -62.5 0.5276893910326605 1 
0007 0015 1666595727922408 34.9375 -62.5 0.0674951546669682 1 
0007 0010 1666595727923645 -87.0625 -64.5 5.737088146692298 1 
0007 0002 1666595727925088 0.0 -63.5 5.368932757599744 1 
0007 0005 1666595727925991 43.125 -61.0 2.012582793705961 1 
0007 0011 1666595727927838 69.125 -68.0 2.2089323345553233 1 
0007 0007 1666595727939011 308.375 -71.5 0.5829126993965437 1 
0007 0008 1666595727953212 -16.25 -73.5 1.4726215563702154 1 
0007 0012 1666595727963508 1.625 -74.0 5.6941366846315 1 
0007 0014 1666595728045631 8.9375 -62.5 0.5338253141842031 1 
0007 0010 1666595728047480 -87.0625 -64.0 5.688000761479957 1 
0007 0004 1666595728049564 30.0625 -63.0 0.8528933180644165 1 
0007 0015 1666595728051357 52.0625 -62.5 0.018407769454627694 1 
0007 0005 1666595728053692 0.0 -61.5 2.024854640009046 1 
0007 0002 1666595728055715 -65.0625 -63.5 5.411884219660542 1 
0007 0011 1666595728057012 178.1875 -69.0 2.141437179888355 1 
0007 0013 1666595728058165 -87.0625 -69.0 4.215379205109742 1 
0007 0006 1666595728059953 -80.5625 -70.0 5.50392306693368 1 
0007 0007 1666595728061572 321.4375 -72.0 0.42337869745643697 1 
0007 0008 1666595728062836 39.0 -72.0 1.5033011721279284 1 
0007 0012 1666595728089062 22.6875 -74.0 5.675728915176872 1 
0007 0005 1666595728163649 39.0 -61.5 1.9880391010997909 1 
0007 0014 1666595728164561 -108.1875 -62.0 0.7424467013366504 1 
0007 0004 1666595728166449 82.1875 -62.0 0.7976700097005334 1 
0007 0010 1666595728167330 -8.9375 -64.5 5.5714182216006485 1 
0007 0011 1666595728168201 -21.9375 -68.5 2.411417798556228 1 
0007 0002 1666595728169567 -78.0625 -63.5 5.393476450205914 1 
0007 0006 1666595728171711 -250.625 -69.5 5.540738605842936 1 
0007 0015 1666595728174550 74.0 -62.5 6.270913460876501 1 
0007 0008 1666595728179695 95.1875 -72.5 1.2087768608538851 1 
0007 0007 1666595728181679 251.4375 -70.5 0.4724660826687775 1 
0007 0013 1666595728182563 -34.9375 -69.5 4.356505437595221 1 
0007 0012 1666595728201027 -14.625 -74.0 5.859806609723149 1 
0007 0006 1666595728280498 -70.75 -69.5 5.301437602932776 1 
0007 0002 1666595728282191 -74.0 -63.5 5.350524988145116 1 
0007 0005 1666595728283883 -87.0625 -61.5 2.1598449493429825 1 
0007 0007 1666595728285674 117.125 -71.0 0.6013204688511713 1 
0007 0004 1666595728286612 4.0625 -62.5 0.8222137023067037 1 
0007 0015 1666595728288544 43.125 -62.5 0.05522330836388308 1 
0007 0013 1666595728289830 -104.125 -70.0 4.424000592262189 1 
0007 0014 1666595728290711 91.125 -62.5 0.4479223900626072 1 
0007 0010 1666595728291593 8.9375 -63.5 5.626641529964532 1 
0007 0008 1666595728292917 -126.125 -72.5 1.4419419406125027 1 
0007 0011 1666595728294086 156.1875 -69.0 2.12916533358527 1 
0007 0012 1666595728322249 10.5 -73.5 5.8045833013592665 1 
0007 0006 1666595728396211 270.125 -69.5 5.117359908386499 1 
0007 0014 1666595728398991 61.0 -62.5 0.4479223900626072 1 
0007 0005 1666595728399860 -34.9375 -61.5 2.12916533358527 1 
0007 0010 1666595728400788 -61.0 -64.5 5.681864838328415 1 
0007 0004 1666595728401985 21.9375 -63.0 0.7976700097005334 1 
0007 0015 1666595728403168 34.9375 -63.0 0.01227184630308513 1 
0007 0002 1666595728405014 34.9375 -64.0 5.252350217720435 1 
0007 0013 1666595728408424 -113.0625 -69.0 4.4362724385652745 1 
0007 0011 1666595728410297 74.0 -69.0 2.337786720737717 1 
0007 0007 1666595728414344 -234.3125 -71.5 0.9081166264282996 1 
0007 0008 1666595728430645 27.25 -74.0 4.408660784383333 1 
0007 0012 1666595728446932 10.5 -74.0 5.798447378207723 1 
0007 0015 1666595728518312 52.0625 -62.5 0.02454369260617026 1 
0007 0004 1666595728519747 -61.0 -63.0 0.8835729338221293 1 
0007 0005 1666595728521355 -26.0 -62.0 2.141437179888355 1 
0007 0014 1666595728522235 -8.9375 -62.5 0.5829126993965437 1 
0007 0007 1666595728524154 -147.25 -73.0 0.8897088569736719 1 
0007 0010 1666595728525277 17.0625 -64.0 5.626641529964532 1 
0007 0002 1666595728526685 -26.0 -63.5 5.344389064993574 1 
0007 0013 1666595728528790 13.0 -68.5 4.276738436625168 1 
0007 0011 1666595728529733 -104.125 -68.0 2.380738182798515 1 
0007 0006 1666595728540206 -56.9375 -70.0 5.301437602932776 1 
0007 0008 1666595728555709 22.75 -74.5 1.162757437217316 1 
0007 0012 1666595728562067 -2.4375 -74.0 5.884350302329319 1 
0007 0004 1666595728643116 52.0625 -62.5 0.8099418560036186 1 
0007 0011 1666595728643996 -8.9375 -68.0 2.405281875404685 1 
0007 0007 1666595728645891 48.0 -71.5 0.6688156235181395 1 
0007 0005 1666595728647595 39.0 -62.0 2.0923497946760143 1 
0007 0014 1666595728650558 13.0 -62.0 0.5645049299419159 1 
0007 0015 1666595728651683 4.0625 -62.5 0.1043106935762236 1 
0007 0013 1666595728653306 -147.25 -68.5 4.589670517353839 1 
0007 0006 1666595728654725 -231.875 -70.5 5.424156065963627 1 
0007 0010 1666595728655875 -21.9375 -64.0 5.64504929941916 1 
0007 0002 1666595728657526 -108.1875 -63.5 5.473243451175968 1 
0007 0012 1666595728683422 10.5 -73.5 5.829126993965437 1 
0007 0008 1666595728693093 -3.1875 -74.5 1.337631247036279 1 
0007 0004 1666595728769395 -30.0625 -62.5 0.9878836273983529 1 
0007 0015 1666595728770887 0.0 -62.0 0.09817477042468103 1 
0007 0014 1666595728772513 74.0 -62.5 0.48473792897186263 1 
0007 0006 1666595728774367 -142.375 -69.5 5.424156065963627 1 
0007 0007 1666595728775517 48.0 -71.5 0.9203884727313847 1 
0007 0002 1666595728777193 -17.0625 -63.5 5.393476450205914 1 
0007 0005 1666595728778106 74.0 -62.0 2.12916533358527 1 
0007 0013 1666595728780000 43.125 -68.0 4.295146206079795 1 
0007 0010 1666595728780882 -21.9375 -64.0 5.6941366846315 1 
0007 0011 1666595728781956 251.4375 -69.0 2.2027964114037806 1 
0007 0008 1666595728794264 -27.25 -74.0 1.3744467859455345 1 
0007 0007 1666595728806127 7.3125 -73.5 4.09266074207889 1 
0007 0012 1666595728816744 20.25 -73.5 5.822991070813893 1 
0007 0007 1666595728888750 282.375 -71.0 0.5951845456996288 1 
0007 0010 1666595728889873 34.9375 -63.5 5.663457068873787 1 
0007 0004 1666595728892575 -65.0625 -63.0 1.030835089459151 1 
0007 0013 1666595728893505 130.1875 -69.0 4.246058820867455 1 
0007 0002 1666595728894488 108.1875 -64.0 5.332117218690489 1 
0007 0006 1666595728895414 -231.875 -71.0 5.5714182216006485 1 
0007 0015 1666595728896298 -34.9375 -62.5 0.11044661672776616 1 
0007 0011 1666595728897227 117.125 -68.0 2.4175537217077703 1 
0007 0014 1666595728898122 -43.125 -62.5 0.607456392002714 1 
0007 0005 1666595728900294 4.0625 -62.0 2.2518837966161214 1 
0007 0008 1666595728903665 0.0 -73.0 1.3008157081270237 1 
0007 0012 1666595728931201 -12.1875 -73.5 5.9088939949354895 1 
0007 0007 1666595728934102 19.5 -73.0 0.9756117810952678 1 
0007 0005 1666595729009078 69.125 -62.5 2.2518837966161214 1 
0007 0013 1666595729010562 -100.0625 -68.5 4.522175362686871 1 
0007 0015 1666595729011908 0.0 -62.5 0.06135923151542565 1 
0007 0002 1666595729013530 4.0625 -63.5 5.442563835418255 1 
0007 0014 1666595729014485 30.0625 -62.5 0.5522330836388308 1 
0007 0004 1666595729016072 -8.9375 -63.0 1.030835089459151 1 
0007 0010 1666595729016929 -56.125 -64.0 5.786175531904639 1 
0007 0006 1666595729022513 -221.3125 -70.5 5.5714182216006485 1 
0007 0008 1666595729024625 269.3125 -72.0 1.1106020904292042 1 
0007 0011 1666595729025552 -208.3125 -68.5 2.82252464970958 1 
0007 0007 1666595729028155 217.25 -72.0 0.6994952392758523 1 
0007 0012 1666595729051338 23.625 -73.5 5.7616318392984684 1 
0007 0008 1666595729127548 -329.5625 -71.5 1.9941750242513334 1 
0007 0011 1666595729129198 191.1875 -68.5 2.3193789512830896 1 
0007 0007 1666595729130151 -21.9375 -71.5 0.9019807032767571 1 
0007 0015 1666595729131505 56.125 -62.5 0.04295146206079795 1 
0007 0010 1666595729134970 56.125 -63.5 5.681864838328415 1 
0007 0005 1666595729136253 -39.0 -62.5 2.4850488763747385 1 
0007 0013 1666595729137199 -217.25 -69.0 4.620350133111551 1 
0007 0006 1666595729138092 75.625 -69.5 5.289165756629691 1 
0007 0014 1666595729139003 78.0625 -62.5 0.5276893910326605 1 
0007 0002 1666595729140382 -65.0625 -63.5 5.5284667595398505 1 
0007 0004 1666595729141250 -30.0625 -63.0 1.0246991663076084 1 
0007 0012 1666595729163564 4.0625 -73.5 2.7120780329818137 1 
0007 0006 1666595729241435 -122.875 -69.0 5.411884219660542 1 
0007 0007 1666595729243413 100.0625 -71.5 0.9633399347921826 1 
0007 0011 1666595729244625 78.0625 -69.5 2.435961491162398 1 
0007 0004 1666595729245581 -91.125 -63.0 1.030835089459151 1 
0007 0010 1666595729246792 -39.0 -63.5 5.780039608753096 1 
0007 0013 1666595729249742 -8.9375 -68.5 4.460816131171445 1 
0007 0008 1666595729251773 34.9375 -73.0 1.5278448647340985 1 
0007 0005 1666595729254285 26.0 -63.0 2.429825568010856 1 
0007 0002 1666595729255172 -39.0 -63.5 5.540738605842936 1 
0007 0014 1666595729256337 -8.9375 -62.5 0.5829126993965437 1 
0007 0015 1666595729257239 100.0625 -62.5 6.270913460876501 1 
0007 0012 1666595729277148 24.375 -73.5 5.8475347634200645 1 
0007 0004 1666595729356796 -108.1875 -63.0 1.1167380135807468 1 
0007 0011 1666595729359010 -199.375 -68.0 2.8286605728611223 1 
0007 0014 1666595729360402 48.0 -63.0 0.5276893910326605 1 
0007 0006 1666595729361994 212.375 -69.0 5.135767677841127 1 
0007 0013 1666595729362893 -87.0625 -69.5 4.632621979414636 1 
0007 0005 1666595729366463 -52.0625 -63.0 2.5157284921324514 1 
0007 0010 1666595729369197 30.0625 -63.5 5.798447378207723 1 
0007 0015 1666595729370718 4.0625 -62.0 0.14726215563702155 1 
0007 0002 1666595729371658 -95.1875 -64.0 5.589825991055276 1 
0007 0008 1666595729374508 -212.375 -72.0 1.8407769454627694 1 
0007 0012 1666595729402110 5.625 -73.5 5.988660995905543 1 
0007 0007 1666595729406351 26.0625 -73.5 0.9265243958829272 1 
0007 0010 1666595729478201 -87.0625 -63.0 5.565282298449106 1 
0007 0013 1666595729479852 -43.125 -68.0 4.0558452031696355 1 
0007 0002 1666595729482096 13.0 -63.5 5.737088146692298 1 
0007 0015 1666595729483010 13.0 -63.0 0.1227184630308513 1 
0007 0004 1666595729484460 -4.0625 -63.5 0.8099418560036186 1 
0007 0005 1666595729485311 0.0 -63.5 2.429825568010856 1 
0007 0014 1666595729487937 -13.0 -62.0 0.5890486225480862 1 
0007 0006 1666595729489483 -265.25 -71.0 5.190990986205009 1 
0007 0008 1666595729491935 -30.0625 -72.0 1.5953400194010667 1 
0007 0011 1666595729493118 -117.125 -70.0 2.2089323345553233 1 
0007 0002 1666595729598079 -17.0625 -63.5 0.2086213871524472 1 
0007 0011 1666595729598993 139.125 -70.0 1.4848934026733007 1 
0007 0004 1666595729599873 -13.0 -60.5 0.4540583132141498 1 
0007 0013 1666595729601530 -52.0625 -65.5 2.5893595699509624 1 
0007 0005 1666595729603164 -39.0 -64.5 2.3930100291016 1 
0007 0014 1666595729604570 13.0 -62.5 0.3988350048502667 1 
0007 0015 1666595729606700 30.0625 -61.5 0.006135923151542565 1 
0007 0010 1666595729611057 -52.0625 -60.5 4.289010282928253 1 
0007 0008 1666595729613316 -39.0 -73.0 0.7915340865489908 1 
0007 0008 1666595729708723 -30.0625 -71.5 5.786175531904639 1 
0007 0005 1666595729710220 104.125 -66.5 2.086213871524472 1 
0007 0004 1666595729712761 8.9375 -58.0 5.902758071783947 1 
0007 0002 1666595729714059 39.0 -62.5 1.2455923997631406 1 
0007 0010 1666595729715853 0.0 -59.0 1.9266798695843652 1 
0007 0015 1666595729717237 26.0 -61.0 6.166602767300278 1 
0007 0013 1666595729718914 82.1875 -65.0 1.705786636128833 1 
0007 0014 1666595729719910 -43.125 -61.5 0.11658253987930872 1 
0007 0007 1666595729721916 61.0 -72.0 4.264466590322082 1 
0007 0011 1666595729741714 0.75 -72.0 4.25833066717054 1 
0007 0012 1666595729771909 -6.0625 -75.5 5.773903685601553 1 
0007 0009 1666595729839302 -2.4375 -76.5 0.5951845456996288 1 
0007 0015 1666595729845515 -21.9375 -61.5 6.037748381117884 1 
0007 0002 1666595729846443 178.1875 -66.5 0.8528933180644165 1 
0007 0008 1666595729847367 -152.125 -67.5 4.270602513473625 1 
0007 0004 1666595729851580 4.0625 -57.0 5.031456984264903 1 
0007 0010 1666595729852578 -48.0 -63.0 6.22182607566416 1 
0007 0014 1666595729853455 0.0 -61.5 0.01227184630308513 1 
0007 0013 1666595729854316 13.0 -61.5 2.116893487282185 1 
0007 0007 1666595729855753 -13.0 -69.0 3.472932503773092 1 
0007 0011 1666595729856679 -4.0625 -63.5 3.098641191528995 1 
0007 0012 1666595729857595 -100.0625 -69.5 4.921010367537137 1 
0007 0009 1666595729859443 -61.0 -72.0 3.6140587362585705 1 
0007 0003 1666595729879285 -15.375 -74.0 1.227184630308513 1 
0007 0004 1666595729955291 -126.125 -66.0 3.9147189706841563 1 
0007 0014 1666595729957307 21.9375 -61.5 0.06135923151542565 1 
0007 0003 1666595729958686 -87.0625 -69.0 1.718058482431918 1 
0007 0013 1666595729959602 69.125 -69.5 1.4971652489763858 1 
0007 0002 1666595729960739 130.1875 -68.5 0.02454369260617026 1 
0007 0010 1666595729962331 -134.25 -67.5 4.6878452877785195 1 
0007 0011 1666595729963215 17.0625 -62.5 1.1965050145508 1 
0007 0015 1666595729964606 48.0 -62.0 5.712544454086128 1 
0007 0000 1666595729966172 191.1875 -67.5 1.0921943209745766 1 
0007 0009 1666595729968599 65.0625 -73.0 2.779573187648782 1 
0007 0008 1666595730010082 -2.125 -69.0 0.36815538909255385 1 
0007 0007 1666595730018290 -9.25 -74.5 4.178563666200486 1 
0007 0010 1666595730071735 21.9375 -69.0 0.4663301595172349 1 
0007 0000 1666595730072679 13.0 -63.5 0.20248546400090464 1 
0007 0008 1666595730074924 -56.125 -58.5 5.773903685601553 1 
0007 0004 1666595730076561 43.125 -69.0 0.380427235395639 1 
0007 0007 1666595730078326 -69.125 -70.0 0.25157284921324513 1 
0007 0014 1666595730079473 0.0 -62.0 0.0859029241215959 1 
0007 0015 1666595730080376 -4.0625 -61.0 5.632777453116074 1 
0007 0005 1666595730081988 -199.375 -67.0 3.448388811166921 1 
0007 0003 1666595730147618 -8.5625 -77.0 5.675728915176872 1 
0007 0004 1666595730190311 8.9375 -67.5 0.4111068511533518 1 
0007 0000 1666595730191197 43.125 -60.0 3.2520392703175593 1 
0007 0015 1666595730192094 -56.125 -59.5 5.780039608753096 1 
0007 0014 1666595730193287 4.0625 -63.0 0.22089323345553233 1 
0007 0008 1666595730196701 -69.125 -57.0 5.497787143782138 1 
0007 0003 1666595730215405 -9.75 -78.0 1.2885438618239387 1 
0007 0009 1666595730225528 15.375 -78.0 6.270913460876501 1 
0007 0005 1666595730296986 -2.6875 -73.0 1.4726215563702154 1 
0007 0014 1666595730304760 13.0 -61.0 0.380427235395639 1 
0007 0015 1666595730305886 78.0625 -61.5 6.264777537724958 1 
0007 0000 1666595730310126 43.125 -60.5 2.030990563160589 1 
0007 0008 1666595730388858 0.0 -69.5 5.945709533844745 1 
0007 0015 1666595730412624 286.4375 -71.5 2.6998061866787286 1 
0007 0014 1666595730414569 34.9375 -64.0 1.1535535524900022 1 
0007 0008 1666595730415496 -117.125 -65.5 0.11658253987930872 1 
0007 0000 1666595730418518 82.1875 -68.0 1.2517283229146832 1 
0007 0006 1666595730439844 -0.75 -74.0 0.4908738521234052 1 
0007 0014 1666595730514769 -21.9375 -66.5 1.3744467859455345 1 
0007 0008 1666595730517993 13.0 -65.0 0.662679700366597 1 
0007 0015 1666595730519758 34.9375 -69.5 3.1231848841351653 1 
0007 0014 1666595730619379 48.0 -66.5 0.8958447801252144 1 
0007 0007 1666595730647061 39.8125 -73.5 4.755340442445488 1 
0007 0014 1666595730725886 56.125 -66.5 0.7179030087304801 1 
0007 0000 1666595730745718 -8.0625 -71.5 4.430136515413731 1 
0007 0007 1666595730819783 2.9375 -75.0 0.9817477042468103 1 
0007 0014 1666595730844150 52.0625 -66.5 0.6258641614573416 1 
0007 0000 1666595730845088 -34.9375 -70.0 4.4362724385652745 1 
0007 0008 1666595730899126 -4.6875 -71.0 5.93343768754166 1 
0007 0014 1666595730954177 74.0 -65.5 0.619728238305799 1 
0007 0000 1666595730956465 -74.0 -69.0 4.381049130201391 1 
0007 0008 1666595730979238 -4.0625 -70.0 5.878214379177777 1 
0007 0014 1666595731057886 -104.125 -65.0 0.8099418560036186 1 
0007 0000 1666595731060514 21.9375 -71.0 4.074252972624263 1 
0007 0008 1666595731061426 39.0 -68.5 5.8045833013592665 1 
0007 0008 1666595731159168 69.125 -68.0 5.816855147662351 1 
0007 0014 1666595731161144 26.0 -65.5 0.7240389318820226 1 
0007 0000 1666595731185211 8.0625 -72.0 0.8344855486097889 1 
0007 0014 1666595731263343 -13.0 -65.0 0.803805932852076 1 
0007 0008 1666595731265781 -104.125 -67.0 5.939573610693203 1 
0007 0000 1666595731289601 11.4375 -72.0 0.8344855486097889 1 
0007 0000 1666595731365232 -178.1875 -71.0 4.190835512503572 1 
0007 0008 1666595731366623 -21.9375 -67.0 5.822991070813893 1 
0007 0014 1666595731371077 -8.9375 -64.0 0.7915340865489908 1 
0007 0000 1666595731379685 35.75 -71.5 0.6964272777000811 1 
0007 0014 1666595731470760 -8.9375 -64.0 0.8958447801252144 1 
0007 0008 1666595731471913 -69.125 -68.0 5.915029918087033 1 
0007 0000 1666595731473533 -121.25 -70.0 4.037437433715008 1 
0007 0008 1666595731577409 -126.125 -67.5 6.1420590746941075 1 
0007 0000 1666595731578504 -69.125 -70.0 4.276738436625168 1 
0007 0014 1666595731582056 21.9375 -64.5 0.8160777791551611 1 
0007 0000 1666595731677890 -21.9375 -70.0 4.147884050442774 1 
0007 0008 1666595731680166 -173.3125 -67.5 6.252505691421874 1 
0007 0014 1666595731682182 13.0 -64.0 0.803805932852076 1 
0007 0008 1666595731776717 56.125 -68.0 5.964117303299373 1 
0007 0014 1666595731779417 -134.25 -64.0 0.9633399347921826 1 
0007 0000 1666595731782642 199.375 -68.5 3.8840393549264434 1 
0007 0014 1666595731876768 43.125 -64.0 0.7792622402459057 1 
0007 0008 1666595731878517 -34.9375 -66.5 6.2034183062095325 1 
0007 0000 1666595731880007 -147.25 -69.5 4.381049130201391 1 
0007 0008 1666595731977045 -56.125 -67.5 6.135923151542564 1 
0007 0000 1666595731978554 -61.0 -70.5 4.246058820867455 1 
0007 0014 1666595731980286 0.0 -65.0 0.859029241215959 1 
0007 0008 1666595732079543 -13.0 -66.5 6.062292073724054 1 
0007 0014 1666595732080837 -17.0625 -64.0 0.859029241215959 1 
0007 0000 1666595732107415 10.5 -72.5 4.221515128261284 1 
0007 0014 1666595732182324 -8.9375 -64.5 0.8344855486097889 1 
0007 0008 1666595732184585 -30.0625 -66.5 6.2034183062095325 1 
0007 0000 1666595732208943 -10.5 -73.0 1.1228739367322893 1 
0007 0008 1666595732284950 -26.0 -66.5 6.240233845118788 1 
0007 0014 1666595732288060 -13.0 -64.5 0.859029241215959 1 
0007 0008 1666595732396233 17.0625 -66.5 6.12365130523948 1 
0007 0014 1666595732401532 34.9375 -65.0 0.7669903939428205 1 
0007 0008 1666595732496716 -113.0625 -66.5 6.135923151542564 1 
0007 0014 1666595732499331 -61.0 -64.0 0.8713010875190442 1 
0007 0008 1666595732595929 -21.9375 -66.0 6.178874613603362 1 
0007 0014 1666595732598800 17.0625 -64.5 0.803805932852076 1 
0007 0014 1666595732696714 34.9375 -65.0 0.7976700097005334 1 
0007 0008 1666595732699572 -152.125 -66.5 6.252505691421874 1 
