0007 0002 1666606656216684 11.875 -78.5 3.411573272257666 18 
0007 0009 1666606656274114 173.3125 -65.0 1.8407769454627694 18 
0007 0005 1666606656275381 26.0 -69.0 6.013204688511713 18 
0007 0004 1666606656276533 74.0 -66.5 2.043262409463674 18 
0007 0008 1666606656279894 -52.0625 -59.5 4.589670517353839 18 
0007 0014 1666606656280804 21.9375 -64.0 1.1903690913992575 18 
0007 0015 1666606656282075 17.0625 -67.0 3.2090878082567613 18 
0007 0002 1666606656306150 37.375 -77.5 0.2086213871524472 18 
0007 0010 1666606656354286 0.4375 -74.0 0.5031456984264903 18 
0007 0004 1666606656391072 169.25 -65.5 1.88986433067511 18 
0007 0015 1666606656391985 -134.25 -67.0 3.3379421944391554 18 
0007 0009 1666606656392968 126.125 -65.0 1.9389517158874505 18 
0007 0008 1666606656395081 -21.9375 -59.0 4.595806440505381 18 
0007 0014 1666606656396049 -4.0625 -65.0 1.2087768608538851 18 
0007 0005 1666606656399977 30.0625 -68.5 6.050020227420969 18 
0007 0002 1666606656456416 7.125 -78.5 3.5895150436524004 18 
0007 0010 1666606656500538 -0.625 -74.5 0.5399612373357456 18 
0007 0008 1666606656513624 17.0625 -59.0 4.546719055293041 18 
0007 0015 1666606656515885 4.0625 -67.5 3.2459033471660166 18 
0007 0004 1666606656517397 -113.0625 -66.0 2.1598449493429825 18 
0007 0014 1666606656519225 -4.0625 -64.5 1.1596894756415448 18 
0007 0009 1666606656521106 0.0 -65.5 2.0923497946760143 18 
0007 0005 1666606656523680 -113.0625 -68.5 6.056156150572511 18 
0007 0002 1666606656565039 9.25 -78.5 0.4908738521234052 18 
0007 0010 1666606656622260 -1.125 -74.0 0.5031456984264903 18 
0007 0014 1666606656643138 -30.0625 -64.0 1.2087768608538851 18 
0007 0008 1666606656644288 -8.9375 -59.5 4.565126824747668 18 
0007 0009 1666606656647045 108.1875 -65.0 1.902136176978195 18 
0007 0004 1666606656647885 91.125 -66.0 2.000310947402876 18 
0007 0015 1666606656649564 -126.125 -67.0 3.411573272257666 18 
0007 0005 1666606656651228 -169.25 -69.0 0.04295146206079795 18 
0007 0002 1666606656684329 0.0 -78.5 0.380427235395639 18 
0007 0010 1666606656749487 -3.6875 -74.0 0.6013204688511713 18 
0007 0004 1666606656765755 -13.0 -66.5 2.098485717827557 18 
0007 0015 1666606656766952 13.0 -67.5 3.172272269347506 18 
0007 0014 1666606656768120 69.125 -63.5 1.1290098598838318 18 
0007 0009 1666606656769257 17.0625 -65.0 2.043262409463674 18 
0007 0008 1666606656771360 -87.0625 -59.0 4.620350133111551 18 
0007 0005 1666606656772259 -91.125 -68.5 6.209554229361076 18 
0007 0002 1666606656816272 20.75 -78.5 0.30066023442558565 18 
0007 0010 1666606656872810 7.0625 -74.0 0.4479223900626072 18 
0007 0014 1666606656888537 -39.0 -64.5 1.214912784005428 18 
0007 0015 1666606656890347 -17.0625 -68.0 3.172272269347506 18 
0007 0009 1666606656892616 91.125 -65.0 1.8653206380689396 18 
0007 0004 1666606656893642 61.0 -67.0 2.141437179888355 18 
0007 0008 1666606656894595 -30.0625 -59.0 4.583534594202296 18 
0007 0005 1666606656895734 61.0 -68.5 5.964117303299373 18 
0007 0002 1666606656940956 -1.625 -79.5 3.663146121470911 18 
0007 0010 1666606656988417 0.4375 -74.5 0.5276893910326605 18 
0007 0004 1666606657007353 -4.0625 -66.0 2.098485717827557 18 
0007 0009 1666606657009120 34.9375 -65.5 1.9634954084936207 18 
0007 0014 1666606657010045 -34.9375 -64.0 1.2640001692177683 18 
0007 0008 1666606657011466 48.0 -59.5 4.485359823777615 18 
0007 0005 1666606657012407 -4.0625 -68.5 6.117515382087937 18 
0007 0015 1666606657013310 -52.0625 -66.5 3.2643111166206444 18 
0007 0002 1666606657038683 -62.6875 -78.0 0.7424467013366504 18 
0007 0010 1666606657103729 -4.875 -74.5 0.5276893910326605 18 
0007 0014 1666606657124586 13.0 -65.5 1.1719613219446299 18 
0007 0004 1666606657125981 61.0 -66.0 2.061670178918302 18 
0007 0009 1666606657127402 43.125 -66.0 1.9819031779482483 18 
0007 0015 1666606657129986 8.9375 -67.0 3.215223731408304 18 
0007 0005 1666606657131285 26.0 -68.5 6.050020227420969 18 
0007 0008 1666606657132504 48.0 -59.5 4.479223900626073 18 
0007 0002 1666606657196293 -3.0 -78.5 3.522019888985432 18 
0007 0010 1666606657241477 -0.4375 -74.0 0.521553467881118 18 
0007 0009 1666606657260461 43.125 -65.5 1.932815792735908 18 
0007 0015 1666606657261930 -74.0 -67.0 3.227495577711389 18 
0007 0004 1666606657262800 39.0 -66.0 2.1537090261914402 18 
0007 0014 1666606657264504 -52.0625 -64.5 1.2885438618239387 18 
0007 0008 1666606657265456 34.9375 -60.0 4.583534594202296 18 
0007 0005 1666606657266754 -43.125 -68.0 6.17273869045182 18 
0007 0002 1666606657326486 -6.8125 -79.0 0.5276893910326605 18 
0007 0010 1666606657379627 -2.1875 -74.0 0.5706408530934585 18 
0007 0014 1666606657390103 -82.1875 -64.5 1.227184630308513 18 
0007 0008 1666606657392385 0.0 -59.5 4.577398671050753 18 
0007 0015 1666606657394519 4.0625 -67.5 3.172272269347506 18 
0007 0004 1666606657395505 26.0 -66.0 2.141437179888355 18 
0007 0009 1666606657396654 13.0 -66.5 1.8960002538266525 18 
0007 0005 1666606657398670 -34.9375 -68.0 6.2463697682703305 18 
0007 0002 1666606657442105 6.375 -79.5 0.22089323345553233 18 
0007 0010 1666606657500195 2.875 -74.0 0.3988350048502667 18 
0007 0005 1666606657516238 -56.125 -68.5 6.117515382087937 18 
0007 0004 1666606657517165 130.1875 -66.0 2.073942025221387 18 
0007 0014 1666606657519973 -74.0 -65.0 1.2578642460662257 18 
0007 0008 1666606657521479 -13.0 -59.5 4.565126824747668 18 
0007 0009 1666606657522349 74.0 -66.0 1.7426021750380885 18 
0007 0015 1666606657523262 95.1875 -67.0 3.104777114680538 18 
0007 0002 1666606657565254 -8.0625 -78.5 0.619728238305799 18 
0007 0010 1666606657610162 -3.5625 -74.0 0.47860200582032003 18 
0007 0009 1666606657635596 100.0625 -65.5 1.8530487917658545 18 
0007 0014 1666606657637135 -43.125 -65.0 1.2578642460662257 18 
0007 0015 1666606657638035 -26.0 -66.5 3.2090878082567613 18 
0007 0008 1666606657639174 52.0625 -59.5 4.528311285838413 18 
0007 0005 1666606657641208 113.0625 -68.0 5.927301764390117 18 
0007 0004 1666606657642162 61.0 -65.5 2.098485717827557 18 
0007 0002 1666606657686443 -11.4375 -79.0 0.5645049299419159 18 
0007 0010 1666606657738087 -5.0625 -74.5 0.4663301595172349 18 
0007 0014 1666606657756390 -61.0 -64.5 1.3314953238847365 18 
0007 0004 1666606657758167 82.1875 -66.0 2.141437179888355 18 
0007 0005 1666606657759335 -82.1875 -68.0 6.191146459906448 18 
0007 0009 1666606657760701 -104.125 -65.5 2.0371264863121317 18 
0007 0015 1666606657761596 4.0625 -67.0 3.1231848841351653 18 
0007 0008 1666606657762494 17.0625 -59.5 4.565126824747668 18 
0007 0002 1666606657823820 4.6875 -79.0 0.28225246497095796 18 
0007 0015 1666606657881352 -26.0 -67.5 3.098641191528995 18 
0007 0014 1666606657882476 -34.9375 -64.5 1.2885438618239387 18 
0007 0009 1666606657884136 52.0625 -65.5 1.8162332528565992 18 
0007 0008 1666606657885258 48.0 -59.0 4.589670517353839 18 
0007 0004 1666606657886397 160.3125 -67.0 2.0800779483729293 18 
0007 0005 1666606657888616 95.1875 -68.0 6.007068765360171 18 
0007 0002 1666606657964143 -14.0 -79.0 0.9081166264282996 18 
0007 0009 1666606658013911 139.125 -66.0 1.736466251886546 18 
0007 0008 1666606658016233 -52.0625 -59.5 4.933282213840222 18 
0007 0014 1666606658017157 21.9375 -65.0 0.9817477042468103 18 
0007 0005 1666606658018298 -121.25 -67.0 0.2945243112740431 18 
0007 0004 1666606658023544 30.0625 -66.5 2.2150682577068657 18 
0007 0015 1666606658026461 -182.25 -66.5 3.0802334220743677 18 
0007 0010 1666606658045200 14.1875 -72.0 0.3865631585471816 18 
0007 0002 1666606658064604 -17.0625 -76.5 1.5278448647340985 18 
0007 0005 1666606658140956 -26.0 -65.0 1.086058397823034 18 
0007 0015 1666606658142934 -26.0 -66.5 2.7550294950426117 18 
0007 0008 1666606658143843 13.0 -59.5 5.5714182216006485 18 
0007 0010 1666606658144800 -104.125 -70.0 0.5706408530934585 18 
0007 0009 1666606658146235 56.125 -67.5 1.141281706186917 18 
0007 0004 1666606658147627 30.0625 -68.0 2.9268353432858034 18 
0007 0014 1666606658149769 -4.0625 -64.5 0.48473792897186263 18 
0007 0002 1666606658153288 -147.25 -72.5 2.5280003384355365 18 
0007 0014 1666606658250659 8.9375 -66.0 0.23930100291016002 18 
0007 0009 1666606658252901 -69.125 -69.5 1.0676506283684062 18 
0007 0008 1666606658253855 -26.0 -60.0 0.47860200582032003 18 
0007 0010 1666606658254752 100.0625 -68.0 0.47860200582032003 18 
0007 0004 1666606658255904 -100.0625 -72.0 4.356505437595221 18 
0007 0015 1666606658257091 251.4375 -67.0 1.8407769454627694 18 
0007 0005 1666606658258991 4.0625 -65.0 2.448233337465483 18 
0007 0002 1666606658261282 78.0625 -73.0 4.123340357836604 18 
0007 0011 1666606658262669 78.0625 -71.0 2.1598449493429825 18 
0007 0014 1666606658360991 -130.1875 -67.0 0.0 18 
0007 0015 1666606658362473 61.0 -65.5 1.8775924843720249 18 
0007 0010 1666606658363641 82.1875 -69.5 1.1719613219446299 18 
0007 0009 1666606658367297 -21.9375 -66.5 2.043262409463674 18 
0007 0008 1666606658368239 95.1875 -61.0 2.0371264863121317 18 
0007 0005 1666606658369180 69.125 -66.5 4.454680208019902 18 
0007 0011 1666606658370421 -191.1875 -68.5 3.509748042682347 18 
0007 0004 1666606658372779 -152.125 -70.5 1.0246991663076084 18 
0007 0002 1666606658394253 37.375 -77.5 1.4910293258248433 18 
0007 0008 1666606658475080 -21.9375 -61.5 3.877903431774901 18 
0007 0009 1666606658475977 -39.0 -59.0 4.743068596142402 18 
0007 0015 1666606658476905 -91.125 -65.5 2.086213871524472 18 
0007 0004 1666606658477803 -52.0625 -64.5 2.5586799541932495 18 
0007 0011 1666606658478953 -21.9375 -63.0 4.509903516383785 18 
0007 0005 1666606658480517 -34.9375 -67.5 0.4908738521234052 18 
0007 0014 1666606658483500 74.0 -68.0 6.013204688511713 18 
0007 0010 1666606658484428 -152.125 -69.5 3.067961575771282 18 
0007 0002 1666606658505869 5.625 -76.5 4.074252972624263 18 
0007 0006 1666606658578188 -4.875 -73.0 5.00077736850719 18 
0007 0011 1666606658592780 -8.9375 -59.5 5.927301764390117 18 
0007 0015 1666606658595271 -95.1875 -65.5 1.7855536370988863 18 
0007 0004 1666606658596126 39.0 -63.5 4.0558452031696355 18 
0007 0006 1666606658597743 23.5625 -69.5 1.662835174068035 18 
0007 0005 1666606658598928 34.9375 -64.5 1.9880391010997909 18 
0007 0009 1666606658600560 -34.9375 -70.5 0.47860200582032003 18 
0007 0010 1666606658602566 69.125 -67.5 6.166602767300278 18 
0007 0014 1666606658604088 13.0 -70.0 6.19728238305799 18 
0007 0002 1666606658659688 40.25 -78.5 0.2454369260617026 18 
0007 0008 1666606658665136 4.6875 -71.5 0.9203884727313847 18 
0007 0015 1666606658715208 -143.1875 -67.0 1.5830681730979816 18 
0007 0011 1666606658716958 61.0 -67.5 1.030835089459151 18 
0007 0010 1666606658718096 -17.0625 -62.0 3.730641276137879 18 
0007 0008 1666606658719748 -104.125 -65.0 4.847379289718626 18 
0007 0004 1666606658720953 -156.1875 -70.0 0.8406214717613314 18 
0007 0014 1666606658724233 -30.0625 -64.5 0.36815538909255385 18 
0007 0005 1666606658725787 -52.0625 -65.0 4.319689898685965 18 
0007 0013 1666606658726730 -238.4375 -72.0 1.9634954084936207 18 
0007 0002 1666606658747569 -9.0 -76.5 1.1965050145508 18 
0007 0013 1666606658832085 8.9375 -68.0 2.055534255766759 18 
0007 0010 1666606658834104 -61.0 -60.5 6.160466844148735 18 
0007 0004 1666606658835227 -48.0 -64.0 2.4727770300716534 18 
0007 0015 1666606658836424 8.9375 -66.0 1.1474176293384597 18 
0007 0005 1666606658837582 -65.0625 -61.0 5.019185137961818 18 
0007 0014 1666606658838607 61.0 -63.0 6.234097921967246 18 
0007 0008 1666606658840063 0.0 -64.0 5.460971604872882 18 
0007 0002 1666606658867769 0.0 -76.0 1.0615147052168636 18 
0007 0011 1666606658871268 -18.75 -73.0 2.061670178918302 18 
0007 0014 1666606658952210 -17.0625 -62.5 6.2034183062095325 18 
0007 0011 1666606658953963 126.125 -68.5 0.2699806186678728 18 
0007 0005 1666606658954889 -56.125 -61.5 5.583690067903734 18 
0007 0010 1666606658956583 52.0625 -66.5 1.3621749396424494 18 
0007 0008 1666606658957774 -39.0 -68.0 5.737088146692298 18 
0007 0015 1666606658959351 -61.0 -65.5 1.2333205534600555 18 
0007 0004 1666606658960248 -34.9375 -63.5 2.742757648739526 18 
0007 0002 1666606658975842 60.625 -74.0 1.193437052975029 18 
0007 0012 1666606658981564 18.25 -71.5 0.0030679615757712823 18 
0007 0013 1666606658997235 18.75 -71.5 5.45483568172134 18 
0007 0008 1666606659073247 -147.25 -69.5 6.14819499784565 18 
0007 0002 1666606659074156 -74.0 -72.5 1.4358060174609601 18 
0007 0015 1666606659075041 34.9375 -64.5 1.1044661672776617 18 
0007 0004 1666606659075950 -8.9375 -64.0 3.2397674240144743 18 
0007 0013 1666606659080387 121.25 -67.0 2.7979809571034093 18 
0007 0012 1666606659082449 26.0 -69.0 0.8160777791551611 18 
0007 0014 1666606659083417 30.0625 -63.0 6.025476534814799 18 
0007 0005 1666606659084298 -8.9375 -63.0 0.36815538909255385 18 
0007 0011 1666606659086601 56.125 -68.5 1.337631247036279 18 
0007 0010 1666606659112384 -15.375 -72.5 0.380427235395639 18 
0007 0014 1666606659189743 -74.0 -64.0 6.178874613603362 18 
0007 0005 1666606659190839 -48.0 -63.5 1.1719613219446299 18 
0007 0008 1666606659191779 39.0 -69.0 6.178874613603362 18 
0007 0012 1666606659192694 43.125 -66.0 1.1780972450961724 18 
0007 0004 1666606659194370 -21.9375 -65.5 3.724505352986337 18 
0007 0006 1666606659195748 66.6875 -69.5 1.227184630308513 18 
0007 0015 1666606659198684 -69.125 -65.5 1.2640001692177683 18 
0007 0011 1666606659199594 4.0625 -66.5 2.030990563160589 18 
0007 0002 1666606659201231 308.375 -71.0 0.8713010875190442 18 
0007 0013 1666606659202143 17.0625 -66.0 3.6140587362585705 18 
0007 0010 1666606659220448 12.1875 -72.0 0.7669903939428205 18 
0007 0013 1666606659306732 -100.0625 -66.5 3.9699422790480394 18 
0007 0004 1666606659307885 -113.0625 -64.0 4.252194744018997 18 
0007 0006 1666606659310475 13.0 -67.0 1.5953400194010667 18 
0007 0014 1666606659311346 30.0625 -63.5 6.068427996875596 18 
0007 0012 1666606659312259 -43.125 -65.0 1.6751070203711202 18 
0007 0005 1666606659315771 8.9375 -63.0 1.380582709097077 18 
0007 0008 1666606659316941 78.0625 -71.0 6.270913460876501 18 
0007 0015 1666606659319749 65.0625 -65.5 1.2026409377023426 18 
0007 0011 1666606659320764 104.125 -67.0 2.270291566070749 18 
0007 0002 1666606659321931 126.125 -70.5 1.4051264017032472 18 
0007 0010 1666606659370369 -2.5625 -72.5 1.1719613219446299 18 
0007 0006 1666606659427676 21.9375 -66.0 1.8039614065535141 18 
0007 0015 1666606659429314 -26.0 -65.0 1.2517283229146832 18 
0007 0004 1666606659431304 -39.0 -64.0 4.338097668140593 18 
0007 0014 1666606659432201 -39.0 -64.0 6.160466844148735 18 
0007 0013 1666606659433842 -78.0625 -65.5 4.147884050442774 18 
0007 0011 1666606659437004 130.1875 -67.0 2.227340104009951 18 
0007 0012 1666606659437917 74.0 -64.0 1.7855536370988863 18 
0007 0008 1666606659439068 -82.1875 -71.0 0.18407769454627693 18 
0007 0005 1666606659440222 91.125 -63.0 1.4296700943094176 18 
0007 0002 1666606659442013 117.125 -69.5 1.4173982480063325 18 
0007 0010 1666606659462504 8.0625 -72.0 1.2517283229146832 18 
0007 0005 1666606659542324 -21.9375 -62.5 1.662835174068035 18 
0007 0011 1666606659543918 17.0625 -66.0 2.521864415283994 18 
0007 0004 1666606659547149 -39.0 -63.5 4.466952054322987 18 
0007 0015 1666606659548076 -26.0 -64.5 1.2946797849754812 18 
0007 0014 1666606659549654 -30.0625 -63.5 6.086835766330224 18 
0007 0008 1666606659551016 -4.0625 -70.5 0.28838838812250056 18 
0007 0006 1666606659552877 -75.625 -66.0 1.9512235621905356 18 
0007 0012 1666606659553848 43.125 -63.0 1.8162332528565992 18 
0007 0002 1666606659555013 134.25 -70.0 1.6321555583103222 18 
0007 0013 1666606659556425 -34.9375 -65.0 4.147884050442774 18 
0007 0010 1666606659575736 0.0 -72.5 1.2762720155208536 18 
0007 0015 1666606659657581 -82.1875 -65.5 1.3069516312785663 18 
0007 0008 1666606659660093 -43.125 -70.0 0.5706408530934585 18 
0007 0004 1666606659661893 -13.0 -62.5 4.540583132141498 18 
0007 0011 1666606659662806 -95.1875 -66.5 2.748893571891069 18 
0007 0002 1666606659663731 56.125 -69.5 1.859184714917397 18 
0007 0013 1666606659664577 -52.0625 -64.5 4.2031073588066565 18 
0007 0012 1666606659665986 52.0625 -63.5 1.8223691760081417 18 
0007 0014 1666606659666867 -17.0625 -63.5 6.086835766330224 18 
0007 0005 1666606659667922 8.9375 -63.0 1.6505633277649499 18 
0007 0006 1666606659668820 -80.5625 -66.0 1.9819031779482483 18 
0007 0010 1666606659697380 2.4375 -72.0 1.2210487071569704 18 
0007 0006 1666606659771356 4.875 -66.0 1.8407769454627694 18 
0007 0008 1666606659772241 -139.125 -68.5 0.6013204688511713 18 
0007 0013 1666606659773863 -21.9375 -65.0 4.147884050442774 18 
0007 0012 1666606659777041 147.25 -63.0 1.748738098189631 18 
0007 0002 1666606659779058 130.1875 -69.5 1.7916895602504288 18 
0007 0004 1666606659780450 -48.0 -63.5 4.651029748869264 18 
0007 0005 1666606659782112 -4.0625 -62.0 1.6505633277649499 18 
0007 0015 1666606659783141 -21.9375 -66.0 1.337631247036279 18 
0007 0011 1666606659784056 -56.125 -66.5 2.6261751088602177 18 
0007 0014 1666606659784981 65.0625 -64.5 5.982525072754001 18 
0007 0010 1666606659809763 -19.5 -72.5 1.4051264017032472 18 
0007 0006 1666606659887200 61.0 -66.0 1.8653206380689396 18 
0007 0004 1666606659888097 -30.0625 -63.0 4.651029748869264 18 
0007 0013 1666606659889734 39.0 -65.0 4.227651051412827 18 
0007 0002 1666606659891368 117.125 -69.5 1.902136176978195 18 
0007 0015 1666606659894147 -43.125 -65.5 1.3069516312785663 18 
0007 0012 1666606659895699 30.0625 -63.5 1.9205439464328227 18 
0007 0011 1666606659896611 13.0 -66.5 2.5586799541932495 18 
0007 0014 1666606659897763 -8.9375 -63.5 6.056156150572511 18 
0007 0005 1666606659898706 4.0625 -62.0 1.6935147898257479 18 
0007 0008 1666606659900511 -21.9375 -68.5 0.5460971604872883 18 
0007 0010 1666606659916186 17.0625 -72.0 1.2885438618239387 18 
0007 0003 1666606659957556 4.875 -75.5 0.1902136176978195 18 
0007 0002 1666606660013783 -204.25 -68.5 2.2641556429192065 18 
0007 0010 1666606660015236 -238.4375 -70.5 4.006757817957295 18 
0007 0013 1666606660017227 -13.0 -64.0 4.669437518323892 18 
0007 0008 1666606660018152 -21.9375 -69.0 0.5399612373357456 18 
0007 0005 1666606660019049 21.9375 -62.5 1.6996507129772904 18 
0007 0011 1666606660020753 173.3125 -66.0 2.7857091108003242 18 
0007 0014 1666606660021662 -21.9375 -64.0 6.062292073724054 18 
0007 0012 1666606660022855 0.0 -63.5 2.1598449493429825 18 
0007 0004 1666606660023798 13.0 -63.5 4.632621979414636 18 
0007 0006 1666606660026029 69.125 -65.5 1.9819031779482483 18 
0007 0015 1666606660027410 -82.1875 -65.5 1.380582709097077 18 
0007 0003 1666606660072306 3.0 -76.0 0.20248546400090464 18 
0007 0006 1666606660134521 -113.0625 -65.5 2.2334760271614935 18 
0007 0012 1666606660137075 56.125 -63.0 2.098485717827557 18 
0007 0015 1666606660139991 48.0 -64.5 1.2026409377023426 18 
0007 0005 1666606660141161 156.1875 -62.0 1.5892040962495242 18 
0007 0014 1666606660142057 -48.0 -63.5 6.062292073724054 18 
0007 0013 1666606660143299 -13.0 -64.0 4.626486056263094 18 
0007 0002 1666606660144452 69.125 -69.0 1.7916895602504288 18 
0007 0011 1666606660145578 26.0 -65.5 2.8961557275280905 18 
0007 0004 1666606660146730 82.1875 -62.5 4.503767593232243 18 
0007 0010 1666606660148069 -95.1875 -69.0 3.9638063558964967 18 
0007 0008 1666606660148968 230.25 -68.0 0.3436116964863836 18 
0007 0003 1666606660246245 4.1875 -75.5 0.1718058482431918 18 
0007 0013 1666606660260870 4.0625 -64.0 4.540583132141498 18 
0007 0002 1666606660263088 -108.1875 -68.5 2.1230294104337273 18 
0007 0015 1666606660264071 39.0 -65.0 1.282407938672396 18 
0007 0011 1666606660265775 -26.0 -66.0 2.9575149590435164 18 
0007 0014 1666606660266683 -4.0625 -63.5 6.080699843178682 18 
0007 0004 1666606660268304 -34.9375 -64.0 4.675573441475434 18 
0007 0008 1666606660269215 -69.125 -68.0 0.6320000846088841 18 
0007 0005 1666606660272399 78.0625 -61.5 1.7241944055834606 18 
0007 0006 1666606660273321 -23.5625 -65.5 2.0800779483729293 18 
0007 0012 1666606660274488 17.0625 -63.0 2.1353012567368124 18 
0007 0010 1666606660278370 -225.375 -69.0 4.037437433715008 18 
0007 0003 1666606660350624 -1.25 -75.5 0.3436116964863836 18 
0007 0014 1666606660382139 -39.0 -63.5 6.074563920027139 18 
0007 0010 1666606660383052 -65.0625 -70.5 4.09266074207889 18 
0007 0006 1666606660385053 43.125 -65.5 2.018718716857504 18 
0007 0012 1666606660385936 8.9375 -63.5 2.1598449493429825 18 
0007 0013 1666606660387532 -30.0625 -63.0 4.601942363656923 18 
0007 0008 1666606660389196 -225.375 -68.5 0.7792622402459057 18 
0007 0005 1666606660390091 4.0625 -61.5 1.902136176978195 18 
0007 0015 1666606660391234 113.0625 -65.0 1.1596894756415448 18 
0007 0004 1666606660392415 -100.0625 -64.0 4.76147636559703 18 
0007 0002 1666606660394147 -30.0625 -69.0 2.024854640009046 18 
0007 0011 1666606660395188 -69.125 -65.5 3.018874190558942 18 
0007 0003 1666606660512920 -2.875 -76.0 0.17794177139473438 18 
0007 0010 1666606660520304 -113.0625 -68.0 3.988350048502667 18 
0007 0013 1666606660522112 -13.0 -64.0 4.755340442445488 18 
0007 0002 1666606660523051 100.0625 -69.5 2.0064468705544187 18 
0007 0014 1666606660524218 -69.125 -63.5 6.129787228391022 18 
0007 0004 1666606660528324 -52.0625 -63.0 4.589670517353839 18 
0007 0011 1666606660530864 -156.1875 -66.0 3.0802334220743677 18 
0007 0008 1666606660531773 -61.0 -69.5 0.662679700366597 18 
0007 0005 1666606660532979 43.125 -61.5 1.8837284075235674 18 
0007 0015 1666606660534134 87.0625 -64.5 1.2333205534600555 18 
0007 0012 1666606660535189 8.9375 -63.0 2.1905245651006955 18 
0007 0006 1666606660536584 91.125 -65.0 1.9266798695843652 18 
0007 0003 1666606660621611 -2.4375 -76.0 0.12885438618239387 18 
0007 0004 1666606660640421 56.125 -63.0 4.4976316700806995 18 
0007 0014 1666606660642627 26.0 -63.0 6.062292073724054 18 
0007 0006 1666606660643807 69.125 -65.5 2.0064468705544187 18 
0007 0011 1666606660644947 -126.125 -65.5 3.098641191528995 18 
0007 0002 1666606660645844 329.5625 -69.5 1.552388557340269 18 
0007 0008 1666606660647473 -21.9375 -69.5 0.619728238305799 18 
0007 0013 1666606660648391 -108.1875 -63.0 4.921010367537137 18 
0007 0010 1666606660649514 -91.125 -71.0 4.01902966426038 18 
0007 0012 1666606660650398 91.125 -63.0 2.172116795646068 18 
0007 0005 1666606660651311 52.0625 -62.5 1.88986433067511 18 
0007 0015 1666606660652252 82.1875 -64.5 1.325359400733194 18 
0007 0003 1666606660773973 -4.375 -75.5 0.14726215563702155 18 
0007 0015 1666606660780582 74.0 -65.5 1.2455923997631406 18 
0007 0005 1666606660781522 13.0 -62.0 2.018718716857504 18 
0007 0006 1666606660782476 -39.0 -65.5 2.1659808724945253 18 
0007 0010 1666606660784084 -104.125 -70.0 4.0987966652304335 18 
0007 0004 1666606660785447 69.125 -62.5 4.565126824747668 18 
0007 0013 1666606660786844 -74.0 -63.0 4.804427827657828 18 
0007 0012 1666606660788747 17.0625 -63.5 2.2886993355253766 18 
0007 0011 1666606660790186 74.0 -65.5 2.9022916506796332 18 
0007 0002 1666606660791818 -39.0 -69.5 1.9634954084936207 18 
0007 0014 1666606660793424 -126.125 -64.0 6.215690152512618 18 
0007 0008 1666606660797242 -78.0625 -69.5 0.6565437772150544 18 
0007 0003 1666606660872913 -2.4375 -76.0 0.21475731030398976 18 
0007 0006 1666606660902509 -85.4375 -65.0 2.227340104009951 18 
0007 0015 1666606660904759 87.0625 -65.5 1.3008157081270237 18 
0007 0014 1666606660906290 -87.0625 -64.0 6.19728238305799 18 
0007 0004 1666606660908067 -30.0625 -62.5 4.675573441475434 18 
0007 0005 1666606660909194 82.1875 -61.5 1.9266798695843652 18 
0007 0012 1666606660910262 17.0625 -63.0 2.2518837966161214 18 
0007 0013 1666606660911163 17.0625 -63.0 4.7307967498393175 18 
0007 0008 1666606660912598 43.125 -69.0 0.48473792897186263 18 
0007 0011 1666606660914162 199.375 -67.0 2.724349879284899 18 
0007 0002 1666606660915329 -208.3125 -69.5 2.2886993355253766 18 
0007 0010 1666606660916623 91.125 -70.0 3.9453985864418692 18 
0007 0003 1666606660999028 1.75 -76.0 0.09203884727313846 18 
0007 0012 1666606661020874 -65.0625 -63.0 2.3623304133438876 18 
0007 0004 1666606661022409 -13.0 -62.5 4.743068596142402 18 
0007 0014 1666606661023307 -21.9375 -64.5 6.135923151542564 18 
0007 0013 1666606661024761 -26.0 -63.0 4.8351074434155406 18 
0007 0005 1666606661025916 -43.125 -62.0 2.110757564130642 18 
0007 0006 1666606661026768 17.0625 -64.5 2.184388641949153 18 
0007 0011 1666606661027691 0.0 -65.5 3.0495538063166547 18 
0007 0015 1666606661029385 100.0625 -65.0 1.2640001692177683 18 
0007 0002 1666606661030319 0.0 -69.5 2.073942025221387 18 
0007 0010 1666606661032129 -17.0625 -69.5 4.0128937411088375 18 
0007 0008 1666606661033651 30.0625 -68.0 0.7117670855789375 18 
0007 0003 1666606661111309 4.1875 -76.0 0.16566992509164924 18 
0007 0015 1666606661142380 -113.0625 -65.0 1.4358060174609601 18 
0007 0008 1666606661143516 -78.0625 -68.5 0.7976700097005334 18 
0007 0011 1666606661144655 -65.0625 -66.0 3.000466421104314 18 
0007 0012 1666606661146518 -30.0625 -62.5 2.3746022596469727 18 
0007 0014 1666606661147855 -134.25 -64.5 6.2034183062095325 18 
0007 0010 1666606661149248 -61.0 -69.5 4.04357335686655 18 
0007 0006 1666606661150641 117.125 -65.0 1.9757672547967058 18 
0007 0004 1666606661151565 -26.0 -62.5 4.7307967498393175 18 
0007 0005 1666606661153274 34.9375 -62.5 2.024854640009046 18 
0007 0013 1666606661154172 -4.0625 -62.5 4.816699673960914 18 
0007 0002 1666606661158717 100.0625 -69.0 1.9757672547967058 18 
