0007 0015 1666606740465990 13.0 -63.5 0.5645049299419159 18 
0007 0008 1666606740467354 -21.9375 -57.0 4.09266074207889 18 
0007 0014 1666606740468266 -74.0 -63.5 5.356660911296659 18 
0007 0004 1666606740470156 -91.125 -66.0 1.7978254834019713 18 
0007 0005 1666606740572895 -1.25 -75.0 2.067806102069844 18 
0007 0004 1666606740586137 -117.125 -66.5 1.8960002538266525 18 
0007 0014 1666606740587062 -30.0625 -64.0 5.338253141842031 18 
0007 0008 1666606740591080 -65.0625 -57.0 4.123340357836604 18 
0007 0015 1666606740591978 13.0 -63.0 0.6320000846088841 18 
0007 0005 1666606740833394 3.5625 -74.5 2.1353012567368124 18 
0007 0014 1666606740878725 -91.125 -64.0 5.442563835418255 18 
0007 0004 1666606740881184 126.125 -67.0 1.5278448647340985 18 
0007 0008 1666606740882703 -34.9375 -57.0 4.0987966652304335 18 
0007 0015 1666606740883603 39.0 -63.0 0.5460971604872883 18 
0007 0005 1666606740971467 -5.0625 -75.0 5.252350217720435 18 
0007 0004 1666606740992017 4.0625 -66.5 1.6935147898257479 18 
0007 0008 1666606740993767 4.0625 -57.5 4.031301510563465 18 
0007 0015 1666606740995727 0.0 -63.0 0.6135923151542565 18 
0007 0014 1666606740996644 -134.25 -64.0 5.47937937432751 18 
0007 0005 1666606741133655 -0.8125 -75.5 5.270757987175063 18 
0007 0011 1666606741156979 -3.8125 -75.0 6.1850105367549055 18 
0007 0008 1666606741166991 -26.0 -57.5 4.0558452031696355 18 
0007 0014 1666606741167890 -121.25 -64.5 5.45483568172134 18 
0007 0004 1666606741170617 48.0 -66.5 1.6382914814618648 18 
0007 0015 1666606741171572 8.9375 -63.5 0.6013204688511713 18 
0007 0005 1666606741246887 -2.3125 -75.5 2.043262409463674 18 
0007 0011 1666606741271561 -2.3125 -75.0 6.215690152512618 18 
0007 0008 1666606741280872 -34.9375 -57.0 4.0558452031696355 18 
0007 0015 1666606741283447 -34.9375 -62.5 0.619728238305799 18 
0007 0014 1666606741285803 -8.9375 -64.0 5.3198453723874035 18 
0007 0004 1666606741286675 -113.0625 -66.5 1.846912868614312 18 
0007 0011 1666606741430264 1.0625 -74.5 6.22182607566416 18 
0007 0005 1666606741451275 13.75 -75.5 4.933282213840222 18 
0007 0014 1666606741460966 -4.0625 -64.0 5.350524988145116 18 
0007 0004 1666606741463902 -91.125 -67.0 1.7916895602504288 18 
0007 0008 1666606741468175 -34.9375 -57.5 4.06811704947272 18 
0007 0015 1666606741469074 -39.0 -62.5 0.6135923151542565 18 
0007 0005 1666606741559401 8.4375 -75.0 1.8714565612204823 18 
0007 0011 1666606741580602 -5.75 -74.5 0.018407769454627694 18 
0007 0004 1666606741591543 34.9375 -66.0 1.5953400194010667 18 
0007 0008 1666606741592566 4.0625 -57.0 4.006757817957295 18 
0007 0014 1666606741593491 8.9375 -64.5 5.283029833478148 18 
0007 0015 1666606741594407 30.0625 -63.5 0.5951845456996288 18 
0007 0011 1666606741662625 3.8125 -74.5 6.1850105367549055 18 
0007 0005 1666606741691274 5.3125 -75.0 2.0923497946760143 18 
0007 0014 1666606741707844 -69.125 -64.0 5.368932757599744 18 
0007 0004 1666606741709666 -52.0625 -67.0 1.705786636128833 18 
0007 0008 1666606741711634 0.0 -57.0 4.000621894805752 18 
0007 0015 1666606741712568 -69.125 -63.0 0.662679700366597 18 
0007 0011 1666606741878932 7.8125 -74.5 6.074563920027139 18 
0007 0005 1666606741893096 -6.8125 -75.0 2.3316507975861747 18 
0007 0015 1666606741913425 0.0 -63.5 0.6933593161243098 18 
0007 0008 1666606741914453 -8.9375 -57.0 4.000621894805752 18 
0007 0014 1666606741915848 -74.0 -64.0 5.43029198911517 18 
0007 0004 1666606741917241 34.9375 -66.0 1.662835174068035 18 
0007 0005 1666606742030656 6.5 -75.0 2.2150682577068657 18 
0007 0015 1666606742042462 -13.0 -63.5 0.6135923151542565 18 
0007 0014 1666606742043375 30.0625 -64.0 5.344389064993574 18 
0007 0008 1666606742044285 -21.9375 -57.0 4.025165587411922 18 
0007 0004 1666606742045568 -26.0 -66.5 1.6689710972195777 18 
0007 0005 1666606742111428 0.1875 -75.0 2.1659808724945253 18 
0007 0014 1666606742149507 -13.0 -64.0 5.375068680751287 18 
0007 0015 1666606742151060 -13.0 -63.0 0.5890486225480862 18 
0007 0008 1666606742152566 -8.9375 -57.0 4.049709280018092 18 
0007 0004 1666606742155333 21.9375 -67.0 1.5953400194010667 18 
0007 0005 1666606742189048 -2.4375 -75.5 5.3198453723874035 18 
0007 0011 1666606742347684 1.25 -74.5 6.2034183062095325 18 
0007 0008 1666606742354248 -34.9375 -57.0 4.080388895775806 18 
0007 0015 1666606742365736 -48.0 -63.5 0.6320000846088841 18 
0007 0004 1666606742367540 -117.125 -66.5 1.8960002538266525 18 
0007 0005 1666606742368468 43.125 -72.5 5.049864753719531 18 
0007 0014 1666606742369578 -82.1875 -64.5 5.424156065963627 18 
0007 0011 1666606742449505 2.3125 -75.0 5.982525072754001 18 
0007 0004 1666606742478813 74.0 -66.0 1.748738098189631 18 
0007 0008 1666606742480829 -4.0625 -56.5 4.061981126321178 18 
0007 0014 1666606742482913 -26.0 -64.0 5.399612373357457 18 
0007 0005 1666606742484918 43.125 -72.0 5.111223985234957 18 
0007 0015 1666606742485843 -21.9375 -62.5 0.3129320807286708 18 
0007 0011 1666606742584243 -3.1875 -74.5 5.522330836388308 18 
0007 0014 1666606742593898 -152.125 -63.5 5.47937937432751 18 
0007 0005 1666606742595194 56.125 -70.5 5.675728915176872 18 
0007 0015 1666606742596363 30.0625 -63.0 0.17794177139473438 18 
0007 0008 1666606742599139 -43.125 -56.5 4.3933209765044765 18 
0007 0004 1666606742601336 82.1875 -67.0 1.8285050991596843 18 
0007 0011 1666606742627831 -7.3125 -74.0 5.289165756629691 18 
0007 0002 1666606742632587 -14.625 -78.0 1.000155473701438 18 
0007 0004 1666606742710738 -199.375 -67.0 2.3623304133438876 18 
0007 0008 1666606742712143 -34.9375 -57.0 4.921010367537137 18 
0007 0014 1666606742713864 -65.0625 -64.0 5.307573526084319 18 
0007 0015 1666606742714792 39.0 -63.0 0.05522330836388308 18 
0007 0005 1666606742716467 -48.0 -69.5 0.3620194659410113 18 
0007 0011 1666606742717591 199.375 -70.5 4.4976316700806995 18 
0007 0002 1666606742735710 -144.4375 -75.5 2.064738140494073 18 
0007 0003 1666606742824003 -3.5625 -75.5 1.846912868614312 18 
0007 0011 1666606742831496 121.25 -69.0 4.442408361716817 18 
0007 0014 1666606742833754 -21.9375 -64.5 5.424156065963627 18 
0007 0008 1666606742835087 -8.9375 -57.5 5.884350302329319 18 
0007 0004 1666606742839120 -256.3125 -69.5 3.098641191528995 18 
0007 0015 1666606742841163 17.0625 -63.5 0.04908738521234052 18 
0007 0005 1666606742842460 -26.0 -68.5 1.6566992509164924 18 
0007 0003 1666606742870657 -9.75 -74.0 5.583690067903734 18 
0007 0002 1666606742874799 0.0 -76.5 0.859029241215959 18 
0007 0015 1666606742949185 43.125 -62.0 0.09817477042468103 18 
0007 0014 1666606742950323 43.125 -65.5 5.111223985234957 18 
0007 0005 1666606742953452 -34.9375 -69.0 3.2581751934691017 18 
0007 0011 1666606742955203 -117.125 -69.0 4.546719055293041 18 
0007 0008 1666606742956382 43.125 -60.5 1.2333205534600555 18 
0007 0002 1666606742992179 8.5 -79.0 3.9515345095934116 18 
0007 0004 1666606743011954 0.4375 -74.0 0.9265243958829272 18 
0007 0005 1666606743067935 -221.3125 -69.5 6.000932842208628 18 
0007 0004 1666606743068831 -104.125 -65.5 2.116893487282185 18 
0007 0011 1666606743069727 43.125 -67.5 5.638913376267617 18 
0007 0015 1666606743072533 -21.9375 -62.5 0.3129320807286708 18 
0007 0008 1666606743073715 65.0625 -60.0 2.816388726558037 18 
0007 0014 1666606743076884 -74.0 -66.5 4.97623367590102 18 
0007 0002 1666606743110316 -1.625 -77.0 3.6999616603801666 18 
0007 0004 1666606743184754 -52.0625 -63.0 3.2336315008629315 18 
0007 0008 1666606743185709 -108.1875 -64.5 4.460816131171445 18 
0007 0014 1666606743187129 21.9375 -66.5 4.8351074434155406 18 
0007 0015 1666606743188298 -39.0 -62.5 0.18407769454627693 18 
0007 0011 1666606743189480 -13.0 -69.0 1.2087768608538851 18 
0007 0010 1666606743190664 -108.1875 -67.0 1.1167380135807468 18 
0007 0005 1666606743198662 13.0 -68.0 1.2946797849754812 18 
0007 0002 1666606743259612 26.375 -79.5 0.030679615757712823 18 
0007 0015 1666606743312850 -39.0 -63.5 0.018407769454627694 18 
0007 0014 1666606743314359 -17.0625 -67.0 5.227806525114265 18 
0007 0004 1666606743315753 82.1875 -68.0 5.092816215780329 18 
0007 0005 1666606743318330 -13.0 -69.0 3.423845118560751 18 
0007 0011 1666606743319513 -117.125 -70.5 0.25770877236478773 18 
0007 0010 1666606743321600 -30.0625 -61.0 3.552699504743145 18 
0007 0008 1666606743337920 30.5 -68.5 4.28287435977671 18 
0007 0002 1666606743352928 -4.875 -76.5 1.2210487071569704 18 
0007 0013 1666606743355199 -2.4375 -73.0 1.662835174068035 18 
0007 0008 1666606743435195 -156.1875 -63.5 5.00077736850719 18 
0007 0014 1666606743436148 26.0 -62.5 5.3627968344482015 18 
0007 0015 1666606743437688 -173.3125 -63.5 0.2761165418194154 18 
0007 0004 1666606743439661 8.9375 -66.5 2.2027964114037806 18 
0007 0005 1666606743440850 -82.1875 -64.5 4.743068596142402 18 
0007 0010 1666606743442003 -65.0625 -61.0 5.964117303299373 18 
0007 0013 1666606743444252 134.25 -66.5 2.055534255766759 18 
0007 0002 1666606743466036 16.3125 -77.0 1.1167380135807468 18 
0007 0015 1666606743545369 -13.0 -64.0 0.1349903093339364 18 
0007 0004 1666606743547900 108.1875 -64.0 2.7979809571034093 18 
0007 0005 1666606743549670 -39.0 -62.0 5.3198453723874035 18 
0007 0013 1666606743550800 -104.125 -68.0 2.2396119503130363 18 
0007 0014 1666606743552274 -48.0 -61.0 5.240078371417351 18 
0007 0008 1666606743554288 -147.25 -65.5 5.411884219660542 18 
0007 0010 1666606743555171 -43.125 -65.0 1.2640001692177683 18 
0007 0012 1666606743556227 -100.0625 -71.0 5.098952138931871 18 
0007 0002 1666606743558420 -21.9375 -72.5 1.4603497100671303 18 
0007 0012 1666606743656549 -39.0 -67.5 0.0 18 
0007 0006 1666606743658536 -4.875 -68.5 0.9817477042468103 18 
0007 0008 1666606743660214 -61.0 -66.0 6.160466844148735 18 
0007 0015 1666606743661169 -13.0 -63.0 0.1902136176978195 18 
0007 0014 1666606743662519 -56.125 -61.5 5.135767677841127 18 
0007 0004 1666606743663685 -39.0 -64.0 3.4054373491061236 18 
0007 0005 1666606743668512 -87.0625 -64.5 0.11658253987930872 18 
0007 0010 1666606743671034 134.25 -67.5 2.6139032625571326 18 
0007 0013 1666606743672270 0.0 -66.0 2.3623304133438876 18 
0007 0002 1666606743673126 34.9375 -68.0 1.8346410223112268 18 
0007 0003 1666606743675887 -4.0625 -71.5 3.227495577711389 18 
0007 0011 1666606743700164 5.625 -73.5 6.22182607566416 18 
0007 0004 1666606743776297 -52.0625 -65.5 3.9453985864418692 18 
0007 0005 1666606743778500 13.0 -64.5 1.4787574795217582 18 
0007 0003 1666606743779699 338.5 -73.0 2.9759227284981438 18 
0007 0010 1666606743780567 -21.9375 -69.0 4.006757817957295 18 
0007 0011 1666606743781722 -130.1875 -70.5 0.8651651643675016 18 
0007 0014 1666606743783085 -48.0 -61.5 5.1725832167503825 18 
0007 0002 1666606743784024 121.25 -69.0 1.88986433067511 18 
0007 0015 1666606743785729 0.0 -63.5 0.3190680038802134 18 
0007 0013 1666606743787772 48.0 -66.0 3.5711072741977725 18 
0007 0012 1666606743788644 -56.125 -65.0 1.4848934026733007 18 
0007 0006 1666606743791527 -100.0625 -67.0 1.509437095279471 18 
0007 0008 1666606743792794 100.0625 -67.0 0.04908738521234052 18 
0007 0010 1666606743890804 21.9375 -67.5 4.25833066717054 18 
0007 0013 1666606743891707 -43.125 -64.0 4.184699589352029 18 
0007 0015 1666606743894009 -4.0625 -63.5 0.4479223900626072 18 
0007 0006 1666606743894907 -30.0625 -65.0 1.902136176978195 18 
0007 0014 1666606743895845 -8.9375 -62.0 5.148039524144211 18 
0007 0004 1666606743896761 -74.0 -65.5 4.411728745959104 18 
0007 0005 1666606743898185 52.0625 -63.0 2.116893487282185 18 
0007 0012 1666606743900135 134.25 -63.0 1.6198837120072371 18 
0007 0008 1666606743901030 -74.0 -68.0 0.6872233929727672 18 
0007 0002 1666606743901926 -48.0 -68.5 2.2518837966161214 18 
0007 0003 1666606743904938 -182.25 -71.5 3.77972866135022 18 
0007 0011 1666606743905879 -173.3125 -72.0 1.337631247036279 18 
0007 0004 1666606744003112 61.0 -64.5 4.460816131171445 18 
0007 0008 1666606744004280 -165.1875 -69.0 1.012427320004523 18 
0007 0015 1666606744005178 -74.0 -63.5 0.6442719309119693 18 
0007 0003 1666606744007081 104.125 -71.5 3.5895150436524004 18 
0007 0014 1666606744008984 -74.0 -62.0 5.283029833478148 18 
0007 0010 1666606744010081 52.0625 -68.0 4.589670517353839 18 
0007 0005 1666606744011220 -56.125 -61.5 2.5832236467994196 18 
0007 0011 1666606744012857 52.0625 -69.0 1.533980787885641 18 
0007 0012 1666606744013784 -30.0625 -63.0 1.9941750242513334 18 
0007 0013 1666606744015891 -39.0 -63.5 4.522175362686871 18 
0007 0002 1666606744018669 65.0625 -67.0 2.3193789512830896 18 
0007 0006 1666606744020742 -8.9375 -65.0 2.1537090261914402 18 
0007 0004 1666606744118725 8.9375 -65.0 4.7860200582032 18 
0007 0014 1666606744119865 26.0 -62.0 5.258486140871978 18 
0007 0011 1666606744122096 108.1875 -70.5 1.902136176978195 18 
0007 0012 1666606744124074 130.1875 -63.5 1.9205439464328227 18 
0007 0013 1666606744126092 -30.0625 -63.5 4.7307967498393175 18 
0007 0008 1666606744127073 17.0625 -67.5 1.0983302441261191 18 
0007 0015 1666606744128270 -8.9375 -64.0 0.6258641614573416 18 
0007 0002 1666606744130160 121.25 -66.5 2.3930100291016 18 
0007 0005 1666606744131043 26.0 -61.5 2.773437264497239 18 
0007 0006 1666606744132646 56.125 -65.0 2.270291566070749 18 
0007 0010 1666606744134994 -30.0625 -68.0 4.914874444385594 18 
0007 0008 1666606744232738 -21.9375 -68.0 1.2701360923693108 18 
0007 0004 1666606744233664 -56.125 -64.5 4.933282213840222 18 
0007 0010 1666606744235910 -82.1875 -67.5 5.111223985234957 18 
0007 0013 1666606744238413 21.9375 -63.5 4.767612288748572 18 
0007 0006 1666606744241262 74.0 -65.0 2.282563412373834 18 
0007 0015 1666606744242288 -17.0625 -64.5 0.6810874698212247 18 
0007 0012 1666606744243217 26.0 -63.0 2.0064468705544187 18 
0007 0014 1666606744244766 -48.0 -62.5 5.295301679781233 18 
0007 0005 1666606744245680 26.0 -60.5 2.9759227284981438 18 
0007 0002 1666606744246676 -13.0 -67.5 2.650718801466388 18 
0007 0011 1666606744247675 -13.0 -70.0 1.859184714917397 18 
0007 0011 1666606744351227 -143.1875 -69.5 2.442097414313941 18 
0007 0014 1666606744352697 -69.125 -62.5 5.381204603902829 18 
0007 0015 1666606744354332 21.9375 -64.0 0.662679700366597 18 
0007 0005 1666606744355953 -13.0 -61.0 3.0802334220743677 18 
0007 0004 1666606744359614 -69.125 -63.5 5.105088062083414 18 
0007 0002 1666606744360780 -52.0625 -66.5 2.693670263527186 18 
0007 0013 1666606744361961 -100.0625 -61.5 5.325981295538946 18 
0007 0012 1666606744362858 -21.9375 -62.5 2.718213956133356 18 
0007 0006 1666606744364365 13.0 -64.5 2.705942109830271 18 
0007 0008 1666606744365518 30.0625 -68.0 1.2578642460662257 18 
0007 0010 1666606744366756 -21.9375 -68.0 5.086680292628786 18 
0007 0013 1666606744464094 8.9375 -61.5 5.154175447295755 18 
0007 0008 1666606744466100 17.0625 -68.5 1.3928545554001621 18 
0007 0006 1666606744468919 26.0 -64.0 2.675262494072558 18 
0007 0002 1666606744469844 4.0625 -67.0 2.8716120349219203 18 
0007 0010 1666606744471481 34.9375 -67.5 4.921010367537137 18 
0007 0015 1666606744472637 30.0625 -63.5 0.6381360077604268 18 
0007 0005 1666606744474016 17.0625 -61.0 3.074097498922825 18 
0007 0004 1666606744474942 -39.0 -63.0 5.148039524144211 18 
0007 0012 1666606744477334 -61.0 -62.5 2.791845033951867 18 
0007 0014 1666606744478230 26.0 -63.0 5.203262832508095 18 
0007 0011 1666606744504880 0.75 -72.5 5.546874528994478 18 
0007 0015 1666606744580531 95.1875 -64.5 0.5460971604872883 18 
0007 0010 1666606744582735 -39.0 -68.5 5.289165756629691 18 
0007 0013 1666606744585586 8.9375 -61.5 5.227806525114265 18 
0007 0008 1666606744586796 78.0625 -67.0 1.4664856332186729 18 
0007 0014 1666606744588839 8.9375 -63.0 5.289165756629691 18 
0007 0005 1666606744590318 -52.0625 -61.0 3.129320807286708 18 
0007 0002 1666606744591328 -104.125 -67.0 2.988194574801229 18 
0007 0012 1666606744593427 21.9375 -62.5 2.662990647769473 18 
0007 0006 1666606744595075 117.125 -64.0 2.6445828783148455 18 
0007 0004 1666606744596013 -17.0625 -63.5 5.160311370447297 18 
0007 0011 1666606744619464 21.9375 -73.0 5.448699758569798 18 
0007 0015 1666606744699468 8.9375 -63.0 0.662679700366597 18 
0007 0010 1666606744700368 -78.0625 -68.0 5.154175447295755 18 
0007 0014 1666606744701507 -65.0625 -63.0 5.3198453723874035 18 
0007 0006 1666606744704020 33.3125 -64.0 2.816388726558037 18 
0007 0012 1666606744705445 104.125 -63.0 2.552544031041707 18 
0007 0008 1666606744706298 69.125 -67.0 1.4419419406125027 18 
0007 0013 1666606744707224 -4.0625 -62.0 5.289165756629691 18 
0007 0004 1666606744709837 -21.9375 -63.0 5.154175447295755 18 
0007 0005 1666606744710735 -39.0 -60.5 3.06182565261974 18 
0007 0002 1666606744714935 82.1875 -68.0 2.8716120349219203 18 
0007 0011 1666606744732077 23.625 -73.0 5.3198453723874035 18 
0007 0012 1666606744816242 21.9375 -63.0 2.705942109830271 18 
0007 0004 1666606744817254 -78.0625 -63.0 5.301437602932776 18 
0007 0008 1666606744818449 -195.25 -68.0 1.509437095279471 18 
0007 0006 1666606744819810 -21.9375 -64.5 2.82252464970958 18 
0007 0005 1666606744820948 56.125 -61.0 2.9329712664373457 18 
0007 0014 1666606744821817 95.1875 -63.0 5.080544369477243 18 
0007 0015 1666606744823169 13.0 -64.0 0.662679700366597 18 
0007 0002 1666606744824123 113.0625 -67.0 2.724349879284899 18 
0007 0013 1666606744825065 13.0 -61.5 5.246214294568893 18 
0007 0010 1666606744827269 -195.25 -68.5 5.0682725231741586 18 
0007 0011 1666606744850265 25.125 -72.5 5.289165756629691 18 
0007 0008 1666606744932788 69.125 -68.0 1.2455923997631406 18 
0007 0005 1666606744934224 21.9375 -60.5 2.8961557275280905 18 
0007 0015 1666606744937173 13.0 -64.5 0.6135923151542565 18 
0007 0004 1666606744938962 26.0 -63.5 5.129631754689584 18 
0007 0002 1666606744940099 -100.0625 -67.0 2.9943304979527716 18 
0007 0014 1666606744941039 21.9375 -63.0 5.166447293598839 18 
0007 0006 1666606744941990 4.0625 -63.5 2.82252464970958 18 
0007 0010 1666606744942892 104.125 -68.0 4.81056375080937 18 
0007 0013 1666606744943864 30.0625 -61.5 5.2768939103266055 18 
0007 0012 1666606744945186 -30.0625 -63.0 2.675262494072558 18 
0007 0011 1666606744962721 -10.5 -73.0 5.460971604872882 18 
0007 0010 1666606745049088 26.0 -68.5 4.890330751779424 18 
0007 0013 1666606745051107 4.0625 -61.5 5.203262832508095 18 
0007 0002 1666606745052262 -173.3125 -67.0 2.9391071895888885 18 
0007 0004 1666606745053172 39.0 -63.0 5.0682725231741586 18 
0007 0006 1666606745054110 -74.0 -63.0 2.8777479580734626 18 
0007 0012 1666606745054995 -34.9375 -63.0 2.736621725587984 18 
0007 0005 1666606745057346 0.0 -61.0 2.9513790358919736 18 
0007 0014 1666606745058589 91.125 -62.5 5.154175447295755 18 
0007 0015 1666606745061542 26.0 -63.5 0.5951845456996288 18 
0007 0008 1666606745062479 78.0625 -68.0 1.239456476611598 18 
0007 0011 1666606745080762 12.9375 -73.0 5.3627968344482015 18 
0007 0002 1666606745162912 -182.25 -68.0 2.834796496012665 18 
0007 0004 1666606745164913 -8.9375 -63.0 5.019185137961818 18 
0007 0011 1666606745166100 -221.3125 -71.0 2.325514874434632 18 
0007 0010 1666606745167676 78.0625 -68.0 4.767612288748572 18 
0007 0012 1666606745168529 8.9375 -62.5 2.718213956133356 18 
0007 0013 1666606745169686 -95.1875 -61.5 5.325981295538946 18 
0007 0014 1666606745171038 -43.125 -63.0 5.301437602932776 18 
0007 0005 1666606745171950 -39.0 -60.5 3.0127382674073995 18 
0007 0006 1666606745173230 56.125 -64.0 2.6691265709210157 18 
0007 0008 1666606745174596 126.125 -66.5 1.1780972450961724 18 
0007 0015 1666606745175479 43.125 -63.5 0.5951845456996288 18 
0007 0011 1666606745198790 -16.3125 -72.0 5.460971604872882 18 
0007 0011 1666606745281652 208.3125 -71.0 1.9696313316451632 18 
0007 0008 1666606745282589 17.0625 -66.5 1.2087768608538851 18 
0007 0013 1666606745283491 17.0625 -61.5 5.154175447295755 18 
0007 0005 1666606745284657 -87.0625 -60.5 3.0127382674073995 18 
0007 0015 1666606745286134 34.9375 -63.5 0.5522330836388308 18 
0007 0002 1666606745287131 -91.125 -66.5 2.9145634969827183 18 
0007 0014 1666606745288779 -21.9375 -62.5 5.240078371417351 18 
0007 0004 1666606745290130 -74.0 -63.5 5.117359908386499 18 
0007 0006 1666606745291053 4.0625 -64.0 2.705942109830271 18 
0007 0012 1666606745291969 -56.125 -62.5 2.8102528034064944 18 
0007 0010 1666606745293095 30.0625 -68.0 4.988505522204105 18 
0007 0008 1666606745392986 130.1875 -67.5 1.0737865515199487 18 
0007 0006 1666606745394333 56.9375 -63.5 2.650718801466388 18 
0007 0011 1666606745395290 165.1875 -70.5 2.1046216409791 18 
0007 0010 1666606745396147 225.375 -67.5 4.540583132141498 18 
0007 0004 1666606745397013 -78.0625 -63.5 5.049864753719531 18 
0007 0005 1666606745400562 17.0625 -61.0 2.84706834231575 18 
0007 0012 1666606745402212 69.125 -62.5 2.662990647769473 18 
0007 0014 1666606745403152 -87.0625 -63.0 5.3198453723874035 18 
0007 0013 1666606745404534 -61.0 -61.5 5.246214294568893 18 
0007 0015 1666606745405477 -56.125 -63.5 0.6013204688511713 18 
0007 0002 1666606745408800 -21.9375 -67.5 2.6998061866787286 18 
