0007 0004 1666606750468797 134.25 -67.0 1.0246991663076084 18 
0007 0015 1666606750469679 -17.0625 -63.5 0.4663301595172349 18 
0007 0008 1666606750470816 -43.125 -56.0 3.5772431973493153 18 
0007 0014 1666606750471913 -65.0625 -64.0 5.148039524144211 18 
0007 0011 1666606750545786 -7.0625 -74.5 5.859806609723149 18 
0007 0010 1666606750566202 3.6875 -74.5 2.0923497946760143 18 
0007 0008 1666606750593856 -30.0625 -56.5 3.5588354278946874 18 
0007 0015 1666606750595903 4.0625 -62.5 0.3620194659410113 18 
0007 0014 1666606750596802 61.0 -64.0 5.117359908386499 18 
0007 0004 1666606750598664 126.125 -66.5 0.9878836273983529 18 
0007 0011 1666606750673964 -7.0 -74.5 5.872078456026235 18 
0007 0010 1666606750686254 5.75 -74.5 2.067806102069844 18 
0007 0008 1666606750709877 -13.0 -56.5 3.5588354278946874 18 
0007 0015 1666606750711445 30.0625 -62.5 0.35588354278946877 18 
0007 0004 1666606750713704 8.9375 -68.5 1.1351457830353744 18 
0007 0014 1666606750715551 -74.0 -64.0 5.252350217720435 18 
0007 0011 1666606750797713 2.5 -75.0 5.767767762450011 18 
0007 0010 1666606750816247 -1.25 -74.0 2.1905245651006955 18 
0007 0015 1666606750825514 0.0 -63.0 0.39269908169872414 18 
0007 0008 1666606750828657 -43.125 -56.5 3.5588354278946874 18 
0007 0014 1666606750830757 -121.25 -64.0 5.295301679781233 18 
0007 0004 1666606750831938 26.0 -67.5 1.0921943209745766 18 
0007 0011 1666606750915381 1.25 -74.5 5.798447378207723 18 
0007 0010 1666606750929547 -3.3125 -74.0 2.1230294104337273 18 
0007 0014 1666606750944279 -17.0625 -64.0 5.184855063053467 18 
0007 0015 1666606750946551 30.0625 -62.5 0.32520392703175593 18 
0007 0008 1666606750947589 -43.125 -57.0 3.5588354278946874 18 
0007 0004 1666606750948742 -48.0 -67.5 1.2026409377023426 18 
0007 0011 1666606751055146 1.5 -74.5 2.60776733940559 18 
0007 0010 1666606751065530 4.375 -74.0 2.067806102069844 18 
0007 0004 1666606751081167 34.9375 -68.0 1.012427320004523 18 
0007 0008 1666606751084263 -48.0 -57.0 3.5342917352885173 18 
0007 0014 1666606751086294 -13.0 -64.0 5.092816215780329 18 
0007 0015 1666606751087223 56.125 -63.0 0.34974761963792617 18 
0007 0010 1666606751159817 -4.1875 -74.0 2.1046216409791 18 
0007 0011 1666606751172102 -7.0 -74.5 5.945709533844745 18 
0007 0015 1666606751206028 21.9375 -62.5 0.35588354278946877 18 
0007 0008 1666606751208508 -4.0625 -56.5 3.4913402732277192 18 
0007 0014 1666606751210755 -21.9375 -63.5 5.184855063053467 18 
0007 0004 1666606751211781 -17.0625 -67.5 1.0369710126106935 18 
0007 0002 1666606751332769 -11.875 -79.0 5.037592907416445 18 
0007 0010 1666606751365801 3.3125 -74.0 2.073942025221387 18 
0007 0011 1666606751381992 -1.0625 -74.5 5.773903685601553 18 
0007 0004 1666606751395063 156.1875 -66.5 0.8958447801252144 18 
0007 0014 1666606751397322 17.0625 -64.0 5.141903600992669 18 
0007 0015 1666606751398791 100.0625 -63.0 0.28838838812250056 18 
0007 0008 1666606751400779 -43.125 -56.5 3.5772431973493153 18 
0007 0002 1666606751452330 2.5625 -79.0 1.8653206380689396 18 
0007 0010 1666606751492690 5.5625 -73.5 2.030990563160589 18 
0007 0011 1666606751502636 -1.5 -75.0 5.872078456026235 18 
0007 0008 1666606751545495 -17.0625 -56.5 3.5281558121369745 18 
0007 0014 1666606751547485 -21.9375 -64.0 5.092816215780329 18 
0007 0015 1666606751548595 4.0625 -63.0 0.3988350048502667 18 
0007 0004 1666606751549623 91.125 -68.0 1.043106935762236 18 
0007 0002 1666606751601268 2.125 -79.5 2.018718716857504 18 
0007 0011 1666606751818400 1.0625 -74.5 5.755495916146925 18 
0007 0010 1666606751828289 3.125 -73.5 2.1046216409791 18 
0007 0004 1666606751839069 152.125 -67.5 0.944932165337555 18 
0007 0015 1666606751841571 -17.0625 -63.0 0.3865631585471816 18 
0007 0014 1666606751845085 -91.125 -64.0 5.166447293598839 18 
0007 0008 1666606751846127 -52.0625 -57.0 3.6017868899554855 18 
0007 0011 1666606751952368 4.375 -74.5 5.681864838328415 18 
0007 0002 1666606751958438 0.4375 -77.5 1.9389517158874505 18 
0007 0010 1666606751972204 6.125 -74.0 2.055534255766759 18 
0007 0015 1666606751989337 -4.0625 -63.0 0.42337869745643697 18 
0007 0004 1666606751990309 -113.0625 -68.5 1.2885438618239387 18 
0007 0014 1666606751993333 13.0 -65.0 5.154175447295755 18 
0007 0008 1666606751995748 -26.0 -56.5 3.5772431973493153 18 
0007 0010 1666606752079671 1.9375 -74.5 2.024854640009046 18 
0007 0002 1666606752151138 2.4375 -78.0 1.932815792735908 18 
0007 0011 1666606752247386 1.5 -75.0 5.688000761479957 18 
0007 0014 1666606752256048 8.9375 -64.0 5.148039524144211 18 
0007 0008 1666606752265134 13.0 -56.0 3.5158839658338894 18 
0007 0015 1666606752269837 -17.0625 -62.5 0.42337869745643697 18 
0007 0004 1666606752271172 56.125 -67.5 1.1780972450961724 18 
0007 0002 1666606752344306 13.0625 -78.5 5.0253210611133605 18 
0007 0011 1666606752380746 3.6875 -75.0 5.675728915176872 18 
0007 0010 1666606752415446 3.5625 -74.0 2.012582793705961 18 
0007 0015 1666606752423982 -26.0 -63.0 0.47860200582032003 18 
0007 0008 1666606752425995 0.0 -56.5 3.6201946594101133 18 
0007 0014 1666606752428005 61.0 -66.0 5.105088062083414 18 
0007 0004 1666606752429144 121.25 -66.5 1.1535535524900022 18 
0007 0010 1666606752517213 -4.0625 -74.5 2.024854640009046 18 
0007 0011 1666606752528056 -9.0 -74.0 5.553010452146021 18 
0007 0002 1666606752532866 14.75 -79.0 5.872078456026235 18 
0007 0008 1666606752588042 -39.0 -56.5 4.037437433715008 18 
0007 0004 1666606752589592 -13.0 -67.0 1.564660403643354 18 
0007 0014 1666606752590504 -117.125 -65.0 5.0682725231741586 18 
0007 0015 1666606752592126 -26.0 -62.5 0.1595340019401067 18 
0007 0010 1666606752621017 14.625 -73.0 5.1725832167503825 18 
0007 0011 1666606752623162 -5.625 -73.0 2.055534255766759 18 
0007 0002 1666606752636041 -22.6875 -79.0 0.8897088569736719 18 
0007 0011 1666606752710776 -247.375 -70.0 5.227806525114265 18 
0007 0005 1666606752713048 -195.25 -72.0 0.5706408530934585 18 
0007 0015 1666606752715475 -69.125 -64.0 0.20248546400090464 18 
0007 0004 1666606752716730 78.0625 -67.5 2.1537090261914402 18 
0007 0008 1666606752717639 -39.0 -56.0 4.878058905476339 18 
0007 0014 1666606752718564 -17.0625 -64.5 5.031456984264903 18 
0007 0002 1666606752770532 5.625 -78.5 2.3623304133438876 18 
0007 0003 1666606752819567 7.3125 -75.0 1.7241944055834606 18 
0007 0014 1666606752850767 -234.3125 -66.0 5.387340527054372 18 
0007 0008 1666606752853054 30.0625 -59.5 0.20248546400090464 18 
0007 0015 1666606752855303 13.0 -62.0 0.03681553890925539 18 
0007 0005 1666606752856545 39.0 -68.5 2.2150682577068657 18 
0007 0004 1666606752857780 -26.0 -68.5 5.21553467881118 18 
0007 0011 1666606752858707 -61.0 -68.5 4.546719055293041 18 
0007 0015 1666606752957052 -17.0625 -61.5 0.34974761963792617 18 
0007 0004 1666606752957979 17.0625 -65.0 1.7426021750380885 18 
0007 0005 1666606752959090 74.0 -67.5 4.123340357836604 18 
0007 0008 1666606752962058 30.0625 -59.5 2.0493983326152168 18 
0007 0014 1666606752965156 -108.1875 -66.5 4.933282213840222 18 
0007 0011 1666606752966027 130.1875 -68.0 5.209398755659637 18 
0007 0010 1666606753065738 0.4375 -75.0 5.626641529964532 18 
0007 0014 1666606753073191 -4.0625 -66.0 4.890330751779424 18 
0007 0004 1666606753074088 13.0 -62.0 3.730641276137879 18 
0007 0011 1666606753075585 74.0 -66.5 0.6994952392758523 18 
0007 0008 1666606753076565 -21.9375 -59.0 3.6140587362585705 18 
0007 0005 1666606753078428 -87.0625 -69.5 0.3129320807286708 18 
0007 0015 1666606753079313 -39.0 -61.5 0.39269908169872414 18 
0007 0010 1666606753084920 74.0 -71.5 0.12885438618239387 18 
0007 0010 1666606753181321 26.0 -62.0 2.2948352586769194 18 
0007 0015 1666606753184917 -26.0 -62.0 0.21475731030398976 18 
0007 0007 1666606753186669 -230.25 -70.0 2.4727770300716534 18 
0007 0004 1666606753188115 30.0625 -62.0 5.258486140871978 18 
0007 0014 1666606753189125 21.9375 -66.5 4.8351074434155406 18 
0007 0005 1666606753190067 -130.1875 -69.0 1.9819031779482483 18 
0007 0006 1666606753206528 14.1875 -72.5 0.944932165337555 18 
0007 0013 1666606753234805 -6.8125 -79.0 4.522175362686871 18 
0007 0011 1666606753240741 -3.625 -73.5 2.2212041808584084 18 
0007 0008 1666606753253279 -1.625 -72.0 0.46019423636569234 18 
0007 0003 1666606753286497 -3.125 -76.0 5.105088062083414 18 
0007 0005 1666606753309505 -87.0625 -66.5 3.877903431774901 18 
0007 0015 1666606753310616 -26.0 -62.5 0.04295146206079795 18 
0007 0008 1666606753312220 -69.125 -64.0 4.473087977474529 18 
0007 0014 1666606753313399 4.0625 -66.0 5.240078371417351 18 
0007 0013 1666606753315052 204.25 -68.5 2.1353012567368124 18 
0007 0004 1666606753318245 13.0 -66.5 2.116893487282185 18 
0007 0010 1666606753320038 34.9375 -59.0 4.865787059173254 18 
0007 0003 1666606753340629 -7.3125 -76.0 1.521708941582556 18 
0007 0005 1666606753426552 -17.0625 -62.0 4.7860200582032 18 
0007 0014 1666606753427662 -78.0625 -62.5 5.411884219660542 18 
0007 0013 1666606753429072 17.0625 -66.0 2.730485802436441 18 
0007 0008 1666606753429999 -143.1875 -63.0 5.111223985234957 18 
0007 0015 1666606753432250 26.0 -64.0 0.01227184630308513 18 
0007 0004 1666606753433583 -26.0 -63.0 3.4054373491061236 18 
0007 0010 1666606753434707 -17.0625 -61.5 0.2086213871524472 18 
0007 0012 1666606753453687 -12.9375 -73.5 5.240078371417351 18 
0007 0011 1666606753456440 3.1875 -73.0 4.074252972624263 18 
0007 0002 1666606753461904 -9.0 -76.0 1.4296700943094176 18 
0007 0012 1666606753540072 -30.0625 -68.0 5.7616318392984684 18 
0007 0011 1666606753540986 117.125 -69.5 5.037592907416445 18 
0007 0004 1666606753542402 -34.9375 -62.0 3.411573272257666 18 
0007 0013 1666606753547393 121.25 -67.0 2.2580197197676637 18 
0007 0008 1666606753548554 21.9375 -65.5 5.608233760509904 18 
0007 0015 1666606753549469 21.9375 -63.5 0.23316507975861744 18 
0007 0010 1666606753550746 0.0 -67.0 1.846912868614312 18 
0007 0005 1666606753551620 -34.9375 -61.5 5.589825991055276 18 
0007 0014 1666606753553263 -4.0625 -61.0 5.080544369477243 18 
0007 0002 1666606753554772 74.0 -72.5 1.3437671701878218 18 
0007 0012 1666606753652701 91.125 -67.0 0.39269908169872414 18 
0007 0015 1666606753653601 26.0 -63.5 0.21475731030398976 18 
0007 0013 1666606753655031 165.1875 -66.0 3.141592653589793 18 
0007 0005 1666606753660319 -39.0 -63.0 0.4295146206079795 18 
0007 0006 1666606753661273 61.0 -69.0 1.7241944055834606 18 
0007 0010 1666606753662172 152.125 -69.5 3.031146036862027 18 
0007 0014 1666606753663125 13.0 -62.0 5.21553467881118 18 
0007 0004 1666606753664279 -52.0625 -65.0 3.5895150436524004 18 
0007 0008 1666606753665177 56.125 -67.5 6.270913460876501 18 
0007 0002 1666606753666503 204.25 -70.0 1.6689710972195777 18 
0007 0011 1666606753671546 40.25 -71.5 6.129787228391022 18 
0007 0004 1666606753766526 52.0625 -67.0 3.6754179677739964 18 
0007 0010 1666606753767438 -126.125 -69.5 4.368777283898306 18 
0007 0012 1666606753768590 56.125 -63.0 1.6382914814618648 18 
0007 0005 1666606753770992 34.9375 -62.0 1.6935147898257479 18 
0007 0015 1666606753772189 65.0625 -63.5 0.28838838812250056 18 
0007 0014 1666606753773115 -34.9375 -62.5 5.197126909356553 18 
0007 0006 1666606753775003 26.0 -67.0 1.4971652489763858 18 
0007 0002 1666606753776425 243.3125 -69.5 1.7119225592803755 18 
0007 0008 1666606753777586 -8.9375 -67.5 0.3313398501832985 18 
0007 0013 1666606753778743 -8.9375 -65.5 4.1417481272912315 18 
0007 0011 1666606753806427 5.625 -72.5 0.5399612373357456 18 
0007 0006 1666606753883989 -143.1875 -64.5 2.435961491162398 18 
0007 0013 1666606753884875 -39.0 -63.5 4.6448938257177215 18 
0007 0002 1666606753887365 48.0 -68.5 2.055534255766759 18 
0007 0014 1666606753888555 0.0 -62.5 5.307573526084319 18 
0007 0008 1666606753889427 39.0 -67.5 0.7240389318820226 18 
0007 0005 1666606753890551 100.0625 -61.0 2.2212041808584084 18 
0007 0004 1666606753891434 65.0625 -65.0 4.344233591292136 18 
0007 0011 1666606753893071 -13.0 -70.5 0.9510680884890975 18 
0007 0012 1666606753894213 100.0625 -62.5 1.846912868614312 18 
0007 0010 1666606753895590 -69.125 -68.5 4.516039439535327 18 
0007 0015 1666606753897822 -8.9375 -63.0 0.5092816215780329 18 
0007 0002 1666606753996106 -100.0625 -69.0 2.423689644859313 18 
0007 0013 1666606753997875 -69.125 -64.0 4.8351074434155406 18 
0007 0004 1666606753999535 26.0 -64.0 4.473087977474529 18 
0007 0015 1666606754000463 65.0625 -63.0 0.4540583132141498 18 
0007 0005 1666606754002084 17.0625 -60.5 2.6200391857086753 18 
0007 0008 1666606754002995 -61.0 -68.0 1.055378782065321 18 
0007 0012 1666606754004858 -61.0 -62.0 2.172116795646068 18 
0007 0006 1666606754006606 52.0625 -64.0 2.5402721847386216 18 
0007 0014 1666606754007630 -48.0 -62.5 5.338253141842031 18 
0007 0010 1666606754008572 -104.125 -69.5 4.798291904506286 18 
0007 0011 1666606754033681 -9.0 -72.5 1.5278448647340985 18 
0007 0006 1666606754111180 4.0625 -64.0 2.693670263527186 18 
0007 0008 1666606754112574 -21.9375 -68.0 1.1106020904292042 18 
0007 0014 1666606754113741 -69.125 -62.5 5.381204603902829 18 
0007 0012 1666606754114641 -48.0 -62.5 2.2518837966161214 18 
0007 0015 1666606754115765 -4.0625 -63.5 0.5829126993965437 18 
0007 0004 1666606754116636 -69.125 -65.0 4.773748211900116 18 
0007 0010 1666606754118028 -17.0625 -70.5 4.921010367537137 18 
0007 0005 1666606754123689 -43.125 -60.5 2.804116880254952 18 
0007 0013 1666606754126760 -34.9375 -63.0 4.933282213840222 18 
0007 0002 1666606754127672 277.4375 -68.5 2.110757564130642 18 
0007 0011 1666606754293548 0.4375 -73.0 5.160311370447297 18 
0007 0003 1666606754318840 5.5625 -75.5 1.521708941582556 18 
0007 0006 1666606754350576 21.9375 -64.0 2.748893571891069 18 
0007 0002 1666606754352594 -48.0 -67.5 2.5709518004963345 18 
0007 0005 1666606754354356 -30.0625 -60.0 2.736621725587984 18 
0007 0015 1666606754355296 -13.0 -63.0 0.5890486225480862 18 
0007 0012 1666606754356209 -4.0625 -62.0 2.60776733940559 18 
0007 0014 1666606754357589 -87.0625 -63.5 5.387340527054372 18 
0007 0010 1666606754358802 -108.1875 -71.0 4.700117134081604 18 
0007 0013 1666606754360889 39.0 -62.0 5.270757987175063 18 
0007 0004 1666606754361771 -8.9375 -64.5 4.9394181369917645 18 
0007 0008 1666606754364410 69.125 -68.0 0.5890486225480862 18 
0007 0011 1666606754385514 9.75 -72.5 5.178719139901925 18 
0007 0003 1666606754448085 1.9375 -76.5 1.4173982480063325 18 
0007 0004 1666606754497826 34.9375 -63.5 4.853515212870168 18 
0007 0006 1666606754499758 -87.0625 -64.0 2.82252464970958 18 
0007 0015 1666606754500658 -61.0 -63.5 0.607456392002714 18 
0007 0005 1666606754503449 26.0 -60.5 2.6875343403756435 18 
0007 0010 1666606754506837 134.25 -68.5 4.344233591292136 18 
0007 0013 1666606754508005 78.0625 -62.0 5.246214294568893 18 
0007 0008 1666606754509170 -30.0625 -67.5 0.7669903939428205 18 
0007 0012 1666606754510354 -65.0625 -62.0 2.5770877236478773 18 
0007 0014 1666606754511264 -165.1875 -63.0 5.516194913236766 18 
0007 0002 1666606754512303 -178.1875 -68.5 2.730485802436441 18 
0007 0011 1666606754542980 0.0 -72.5 2.024854640009046 18 
0007 0003 1666606754555755 -5.9375 -75.5 4.693981210930062 18 
0007 0004 1666606754624976 -100.0625 -64.0 4.963961829597935 18 
0007 0012 1666606754626144 21.9375 -62.5 2.466641106920111 18 
0007 0013 1666606754627798 -113.0625 -62.5 5.387340527054372 18 
0007 0002 1666606754628693 -34.9375 -68.0 2.454369260617026 18 
0007 0015 1666606754629634 8.9375 -64.0 0.5154175447295755 18 
0007 0006 1666606754630797 0.0 -63.0 2.693670263527186 18 
0007 0005 1666606754631728 -43.125 -60.5 2.748893571891069 18 
0007 0014 1666606754633178 -95.1875 -63.5 5.448699758569798 18 
0007 0008 1666606754635805 87.0625 -66.5 0.5890486225480862 18 
0007 0010 1666606754636716 -56.125 -69.0 4.454680208019902 18 
0007 0003 1666606754703769 9.25 -75.5 1.4787574795217582 18 
0007 0011 1666606754716736 -2.4375 -73.0 5.056000676871073 18 
0007 0005 1666606754770534 -48.0 -60.5 2.730485802436441 18 
0007 0013 1666606754771718 26.0 -62.0 5.240078371417351 18 
0007 0004 1666606754772686 -134.25 -64.0 4.945554060143307 18 
0007 0012 1666606754774363 13.0 -63.0 2.448233337465483 18 
0007 0015 1666606754775277 -43.125 -63.5 0.5890486225480862 18 
0007 0010 1666606754776869 78.0625 -69.0 4.190835512503572 18 
0007 0014 1666606754777769 -152.125 -63.0 5.516194913236766 18 
0007 0006 1666606754778707 28.4375 -64.0 2.6261751088602177 18 
0007 0008 1666606754782600 -87.0625 -67.0 0.7669903939428205 18 
0007 0002 1666606754783524 13.0 -69.0 2.313243028131547 18 
0007 0003 1666606754807970 -23.625 -75.5 1.5033011721279284 18 
0007 0011 1666606754834256 -1.1875 -73.5 5.098952138931871 18 
0007 0004 1666606754889659 -26.0 -64.0 4.804427827657828 18 
0007 0008 1666606754891021 -48.0 -67.5 0.7179030087304801 18 
0007 0006 1666606754891931 -69.125 -63.5 2.650718801466388 18 
0007 0013 1666606754893811 -104.125 -62.0 5.368932757599744 18 
0007 0012 1666606754895701 -13.0 -62.5 2.5341362615870793 18 
0007 0015 1666606754896856 17.0625 -63.0 0.5154175447295755 18 
0007 0014 1666606754898235 -113.0625 -63.0 5.4671075280244255 18 
0007 0002 1666606754900832 182.25 -68.0 2.2150682577068657 18 
0007 0005 1666606754901714 21.9375 -61.0 2.6261751088602177 18 
0007 0010 1666606754905558 -4.0625 -69.5 4.28287435977671 18 
0007 0003 1666606754931052 -19.5 -75.0 4.608078286808466 18 
0007 0011 1666606755093241 3.5625 -73.5 5.105088062083414 18 
0007 0014 1666606755131393 21.9375 -63.0 5.295301679781233 18 
0007 0002 1666606755132647 130.1875 -68.5 2.2641556429192065 18 
0007 0015 1666606755133530 61.0 -63.5 0.4172427743048944 18 
0007 0013 1666606755134686 -56.125 -62.5 5.246214294568893 18 
0007 0006 1666606755135581 -21.9375 -64.0 2.5280003384355365 18 
0007 0010 1666606755136467 113.0625 -69.5 4.061981126321178 18 
0007 0005 1666606755137364 34.9375 -61.0 2.5954954931025047 18 
0007 0012 1666606755138744 -91.125 -62.0 2.6323110320117604 18 
0007 0004 1666606755140136 8.9375 -64.5 4.6448938257177215 18 
0007 0008 1666606755143094 -56.125 -66.0 0.6994952392758523 18 
0007 0003 1666606755172596 17.0625 -74.5 4.405592822807561 18 
0007 0011 1666606755298857 -3.1875 -73.0 5.037592907416445 18 
0007 0004 1666606755347966 26.0 -64.5 4.718524903536232 18 
0007 0005 1666606755349656 -13.0 -61.5 2.6261751088602177 18 
0007 0015 1666606755351694 -13.0 -64.0 0.47860200582032003 18 
0007 0008 1666606755352590 -21.9375 -67.5 0.6381360077604268 18 
0007 0014 1666606755353501 -4.0625 -63.0 5.270757987175063 18 
0007 0012 1666606755355856 4.0625 -62.5 2.497320722677824 18 
0007 0013 1666606755357481 -156.1875 -62.0 5.424156065963627 18 
0007 0006 1666606755358674 87.0625 -64.5 2.36846633649543 18 
0007 0002 1666606755361544 26.0 -68.0 2.4727770300716534 18 
0007 0010 1666606755363116 13.0 -69.5 4.331961744989051 18 
0007 0003 1666606755392973 22.6875 -75.0 1.3744467859455345 18 
