0007 0009 1666607000459677 9.25 -78.0 4.571262747899211 18 
0007 0015 1666607000514043 43.125 -62.0 5.3627968344482015 18 
0007 0008 1666607000514968 52.0625 -59.0 3.0127382674073995 18 
0007 0014 1666607000518539 -4.0625 -65.5 3.9576704327449543 18 
0007 0010 1666607000521214 69.125 -67.5 2.1230294104337273 18 
0007 0004 1666607000522393 195.25 -68.5 5.559146375297564 18 
0007 0002 1666607000550215 -45.5625 -73.0 1.055378782065321 18 
0007 0011 1666607000557727 2.4375 -74.5 0.11044661672776616 18 
0007 0009 1666607000579817 10.9375 -78.0 4.577398671050753 18 
0007 0015 1666607000648474 -17.0625 -62.0 5.45483568172134 18 
0007 0004 1666607000649403 108.1875 -69.0 5.700272607783043 18 
0007 0014 1666607000652610 -17.0625 -65.5 4.006757817957295 18 
0007 0008 1666607000655047 13.0 -60.0 3.018874190558942 18 
0007 0002 1666607000656230 -126.125 -73.0 4.4362724385652745 18 
0007 0010 1666607000657781 21.9375 -67.0 2.1966604882522383 18 
0007 0011 1666607000680401 -3.1875 -75.0 0.21475731030398976 18 
0007 0009 1666607000704111 5.0 -78.0 4.583534594202296 18 
0007 0008 1666607000768725 -4.0625 -59.5 3.018874190558942 18 
0007 0004 1666607000769669 -152.125 -69.0 5.970253226450915 18 
0007 0015 1666607000773386 -21.9375 -62.0 5.387340527054372 18 
0007 0002 1666607000774593 4.0625 -72.0 4.215379205109742 18 
0007 0014 1666607000775989 -52.0625 -65.0 4.025165587411922 18 
0007 0010 1666607000776943 39.0 -68.0 2.282563412373834 18 
0007 0011 1666607000802655 17.8125 -74.5 0.1349903093339364 18 
0007 0009 1666607000806859 10.5 -77.0 4.6878452877785195 18 
0007 0004 1666607000884563 61.0 -68.5 5.810719224510809 18 
0007 0010 1666607000886581 -43.125 -67.5 2.227340104009951 18 
0007 0008 1666607000887734 108.1875 -59.5 2.988194574801229 18 
0007 0015 1666607000890073 34.9375 -62.0 5.3627968344482015 18 
0007 0014 1666607000892144 -65.0625 -66.0 4.074252972624263 18 
0007 0002 1666607000916509 26.0 -73.5 4.221515128261284 18 
0007 0009 1666607000926185 26.0625 -76.5 1.4296700943094176 18 
0007 0011 1666607000932230 9.0 -75.0 0.09203884727313846 18 
0007 0014 1666607001012722 -13.0 -66.5 4.01902966426038 18 
0007 0010 1666607001013679 -26.0 -67.0 2.2396119503130363 18 
0007 0004 1666607001016363 -34.9375 -68.0 5.853670686571607 18 
0007 0015 1666607001017683 -13.0 -62.0 5.43029198911517 18 
0007 0008 1666607001019674 -34.9375 -59.5 3.11091303783208 18 
0007 0002 1666607001028971 -56.125 -72.5 4.3074180523828804 18 
0007 0011 1666607001059146 -1.625 -74.5 0.19634954084936207 18 
0007 0009 1666607001062014 38.25 -77.5 4.755340442445488 18 
0007 0008 1666607001139895 26.0 -59.0 3.06182565261974 18 
0007 0010 1666607001142622 -74.0 -67.5 2.3316507975861747 18 
0007 0014 1666607001144840 -65.0625 -65.5 4.01902966426038 18 
0007 0004 1666607001145779 -43.125 -67.5 5.945709533844745 18 
0007 0015 1666607001147259 -61.0 -62.0 5.491651220630596 18 
0007 0002 1666607001149690 -269.3125 -72.0 4.246058820867455 18 
0007 0009 1666607001169575 -4.0625 -77.0 1.6260196351587797 18 
0007 0011 1666607001175026 -10.5 -75.0 0.23930100291016002 18 
0007 0008 1666607001254830 -43.125 -59.5 3.129320807286708 18 
0007 0004 1666607001256224 87.0625 -68.5 5.835262917116979 18 
0007 0010 1666607001257151 78.0625 -67.5 2.12916533358527 18 
0007 0015 1666607001258291 -21.9375 -62.0 5.418020142812084 18 
0007 0014 1666607001260690 -34.9375 -65.5 3.988350048502667 18 
0007 0002 1666607001270171 -321.4375 -74.5 4.718524903536232 18 
0007 0009 1666607001294926 32.5 -77.0 4.71238898038469 18 
0007 0011 1666607001318147 -1.625 -75.0 3.393165502803038 18 
0007 0010 1666607001378635 -17.0625 -67.0 2.3316507975861747 18 
0007 0004 1666607001383666 -69.125 -68.5 5.957981380147831 18 
0007 0014 1666607001384516 0.0 -65.5 3.988350048502667 18 
0007 0015 1666607001385714 -13.0 -62.0 5.424156065963627 18 
0007 0008 1666607001386852 -30.0625 -60.0 3.0925052683774528 18 
0007 0002 1666607001400364 -191.1875 -72.0 4.399456899656019 18 
0007 0009 1666607001418869 -11.4375 -77.5 4.638757902566179 18 
0007 0011 1666607001630375 1.875 -74.5 0.1043106935762236 18 
0007 0010 1666607001661871 139.125 -68.0 2.1966604882522383 18 
0007 0014 1666607001662783 -26.0 -65.0 4.049709280018092 18 
0007 0015 1666607001665334 -17.0625 -62.0 5.393476450205914 18 
0007 0008 1666607001667589 8.9375 -59.5 3.098641191528995 18 
0007 0004 1666607001668502 -95.1875 -68.0 5.9088939949354895 18 
0007 0002 1666607001681390 273.375 -73.0 4.06811704947272 18 
0007 0009 1666607001746927 -23.1875 -78.0 4.908738521234052 18 
0007 0011 1666607001848749 -2.125 -75.0 0.22089323345553233 18 
0007 0008 1666607001866226 -87.0625 -59.5 3.215223731408304 18 
0007 0015 1666607001867978 -61.0 -62.5 5.47937937432751 18 
0007 0004 1666607001869090 -108.1875 -68.5 5.976389149602458 18 
0007 0010 1666607001870057 17.0625 -67.5 2.1905245651006955 18 
0007 0014 1666607001871423 -91.125 -66.0 4.086524818927348 18 
0007 0002 1666607001873570 -247.375 -73.5 4.4362724385652745 18 
0007 0011 1666607002030525 -0.5625 -75.0 0.018407769454627694 18 
0007 0008 1666607002052707 -4.0625 -59.0 3.1784081924990484 18 
0007 0015 1666607002053580 -26.0 -61.5 5.43029198911517 18 
0007 0010 1666607002055725 39.0 -67.0 2.172116795646068 18 
0007 0004 1666607002057170 0.0 -68.5 5.945709533844745 18 
0007 0014 1666607002059095 30.0625 -65.5 3.890175278077986 18 
0007 0002 1666607002062413 -43.125 -73.0 4.295146206079795 18 
0007 0011 1666607002150667 4.0 -75.0 6.240233845118788 18 
0007 0014 1666607002167899 87.0625 -65.5 3.792000507653305 18 
0007 0008 1666607002169915 26.0 -59.0 3.1661363461959633 18 
0007 0015 1666607002171931 0.0 -62.5 5.418020142812084 18 
0007 0010 1666607002173314 -4.0625 -67.5 2.337786720737717 18 
0007 0004 1666607002174724 -113.0625 -68.0 6.105243535784852 18 
0007 0002 1666607002180306 217.25 -72.5 3.9269908169872414 18 
0007 0009 1666607002232850 9.0 -78.0 1.3069516312785663 18 
0007 0011 1666607002259241 -10.1875 -75.0 0.1595340019401067 18 
0007 0004 1666607002305888 230.25 -67.5 5.786175531904639 18 
0007 0010 1666607002306770 100.0625 -67.0 2.1230294104337273 18 
0007 0014 1666607002309563 -21.9375 -65.0 3.9085830475326135 18 
0007 0015 1666607002312080 -56.125 -62.0 5.45483568172134 18 
0007 0008 1666607002313472 48.0 -59.5 3.172272269347506 18 
0007 0002 1666607002344810 10.5 -75.0 4.344233591292136 18 
0007 0009 1666607002346975 9.75 -76.5 4.614214209960009 18 
0007 0011 1666607002355397 -9.0 -76.0 0.1902136176978195 18 
0007 0008 1666607002429479 13.0 -59.5 3.2765829629237295 18 
0007 0015 1666607002430690 -65.0625 -62.0 5.460971604872882 18 
0007 0010 1666607002433911 -48.0 -67.0 2.3930100291016 18 
0007 0014 1666607002435960 -34.9375 -65.0 3.9638063558964967 18 
0007 0004 1666607002436917 -169.25 -68.0 6.160466844148735 18 
0007 0002 1666607002462376 0.0 -74.0 4.522175362686871 18 
0007 0009 1666607002475542 -4.875 -77.5 1.5953400194010667 18 
0007 0011 1666607002507697 5.625 -76.0 6.19728238305799 18 
0007 0004 1666607002559061 152.125 -69.0 6.013204688511713 18 
0007 0008 1666607002561076 -39.0 -59.5 3.2643111166206444 18 
0007 0015 1666607002562656 -91.125 -62.0 5.491651220630596 18 
0007 0014 1666607002563539 26.0 -66.0 3.865631585471816 18 
0007 0010 1666607002564822 -56.125 -66.5 2.405281875404685 18 
0007 0002 1666607002566736 74.0 -71.5 4.374913207049849 18 
0007 0009 1666607002596283 25.125 -77.0 4.4976316700806995 18 
0007 0011 1666607002607667 -12.9375 -75.5 0.09817477042468103 18 
0007 0014 1666607002676052 91.125 -66.5 3.730641276137879 18 
0007 0004 1666607002677841 -91.125 -68.5 6.135923151542564 18 
0007 0010 1666607002679818 -48.0 -66.0 2.386874105950058 18 
0007 0015 1666607002680673 -69.125 -61.0 5.148039524144211 18 
0007 0008 1666607002681862 -17.0625 -59.0 3.3072625786814425 18 
0007 0002 1666607002706562 15.0 -74.0 4.709321018808918 18 
0007 0009 1666607002711249 -15.375 -76.5 4.828971520263998 18 
0007 0011 1666607002796371 0.5625 -76.0 5.853670686571607 18 
0007 0011 1666607002805206 0.0 -75.5 5.853670686571607 18 
0007 0011 1666607002818734 5.0625 -75.5 5.6941366846315 18 
0007 0010 1666607002827060 -13.0 -66.0 2.282563412373834 18 
0007 0014 1666607002829544 152.125 -65.5 3.509748042682347 18 
0007 0008 1666607002832703 30.0625 -58.5 3.718369429834794 18 
0007 0015 1666607002834023 -17.0625 -61.0 4.9394181369917645 18 
0007 0004 1666607002836023 -13.0 -70.0 0.14112623248547898 18 
0007 0002 1666607002850607 -119.1875 -75.5 5.767767762450011 18 
0007 0009 1666607002872436 -19.5 -76.5 5.399612373357457 18 
0007 0011 1666607002955593 1.875 -75.0 2.337786720737717 18 
0007 0005 1666607002962102 5.0625 -74.0 6.270913460876501 18 
0007 0010 1666607002969705 -48.0 -67.5 2.509592568980909 18 
0007 0015 1666607002972907 -4.0625 -61.5 4.970097752749477 18 
0007 0008 1666607002974942 21.9375 -57.5 4.589670517353839 18 
0007 0004 1666607002975838 13.0 -70.5 1.0799224746714913 18 
0007 0014 1666607002977255 -21.9375 -65.5 3.822680123411018 18 
0007 0002 1666607002982992 113.0625 -72.0 1.6935147898257479 18 
0007 0005 1666607003012122 -6.5 -72.0 0.6381360077604268 18 
0007 0009 1666607003038481 3.625 -78.0 0.5154175447295755 18 
0007 0011 1666607003042788 -0.75 -74.5 5.166447293598839 18 
0007 0014 1666607003099595 -78.0625 -65.5 4.227651051412827 18 
0007 0005 1666607003100550 -74.0 -67.5 1.8530487917658545 18 
0007 0008 1666607003103692 -43.125 -59.0 5.6941366846315 18 
0007 0015 1666607003104592 -95.1875 -61.0 5.049864753719531 18 
0007 0010 1666607003105521 -178.1875 -71.0 3.2949907323783574 18 
0007 0011 1666607003114279 -191.1875 -72.0 5.350524988145116 18 
0007 0009 1666607003118565 -95.1875 -73.0 5.092816215780329 18 
0007 0005 1666607003217892 17.0625 -68.5 3.3011266555298997 18 
0007 0015 1666607003219629 -13.0 -60.0 5.178719139901925 18 
0007 0014 1666607003220528 195.25 -68.0 3.497476196379262 18 
0007 0008 1666607003222173 -4.0625 -61.0 1.4971652489763858 18 
0007 0010 1666607003223217 -139.125 -72.0 5.049864753719531 18 
0007 0009 1666607003224126 -195.25 -71.5 0.7424467013366504 18 
0007 0011 1666607003225081 -48.0 -68.0 5.583690067903734 18 
0007 0005 1666607003322161 65.0625 -70.5 4.908738521234052 18 
0007 0009 1666607003324070 100.0625 -66.0 1.9757672547967058 18 
0007 0014 1666607003325560 0.0 -69.0 3.5588354278946874 18 
0007 0008 1666607003326957 30.0625 -61.5 3.0372819600135696 18 
0007 0015 1666607003328382 -52.0625 -60.0 5.258486140871978 18 
0007 0010 1666607003331709 26.0 -65.0 1.0921943209745766 18 
0007 0011 1666607003332933 -56.125 -66.5 0.9142525495798421 18 
0007 0004 1666607003356955 4.0625 -73.0 4.25833066717054 18 
0007 0002 1666607003360476 35.8125 -77.5 0.25157284921324513 18 
0007 0010 1666607003436424 108.1875 -61.5 2.3439226438892597 18 
0007 0014 1666607003438067 -8.9375 -72.0 3.706097583531709 18 
0007 0004 1666607003440569 -4.0625 -67.5 2.6445828783148455 18 
0007 0015 1666607003442023 52.0625 -60.0 5.098952138931871 18 
0007 0011 1666607003444000 -186.3125 -70.0 1.5953400194010667 18 
0007 0008 1666607003516837 5.3125 -70.5 0.09203884727313846 18 
0007 0005 1666607003537471 1.5 -73.5 5.160311370447297 18 
0007 0010 1666607003556077 -43.125 -59.5 4.049709280018092 18 
0007 0015 1666607003557231 -95.1875 -61.0 5.178719139901925 18 
0007 0008 1666607003558394 -4.0625 -62.0 4.184699589352029 18 
0007 0014 1666607003561757 43.125 -69.0 4.025165587411922 18 
0007 0005 1666607003575495 -121.25 -70.0 2.7120780329818137 18 
0007 0013 1666607003576650 104.125 -72.5 1.1474176293384597 18 
0007 0003 1666607003600055 -34.125 -74.5 4.479223900626073 18 
0007 0009 1666607003630650 -3.625 -73.0 1.4971652489763858 18 
0007 0004 1666607003634372 5.9375 -73.5 1.2210487071569704 18 
0007 0006 1666607003639957 0.4375 -76.5 6.252505691421874 18 
0007 0008 1666607003690950 -34.9375 -58.5 4.693981210930062 18 
0007 0004 1666607003693518 -56.125 -65.5 2.2334760271614935 18 
0007 0014 1666607003694430 -61.0 -63.0 4.111068511533518 18 
0007 0015 1666607003696348 -34.9375 -62.0 5.111223985234957 18 
0007 0005 1666607003697668 21.9375 -62.5 3.9822141253511245 18 
0007 0010 1666607003698862 -30.0625 -63.5 0.28225246497095796 18 
0007 0013 1666607003699749 204.25 -68.0 1.3560390164909069 18 
0007 0006 1666607003701845 -117.125 -71.0 3.902447124381071 18 
0007 0002 1666607003716116 21.9375 -72.5 0.9081166264282996 18 
0007 0003 1666607003768268 -9.75 -74.5 1.9205439464328227 18 
0007 0010 1666607003824733 104.125 -64.5 1.5155730184310134 18 
0007 0014 1666607003825602 -61.0 -62.5 3.9392626632903265 18 
0007 0005 1666607003827361 -34.9375 -61.0 5.1725832167503825 18 
0007 0013 1666607003828334 69.125 -66.5 1.5953400194010667 18 
0007 0003 1666607003829276 121.25 -70.5 2.3439226438892597 18 
0007 0008 1666607003830216 26.0 -67.0 4.755340442445488 18 
0007 0015 1666607003831326 -8.9375 -61.5 5.197126909356553 18 
0007 0006 1666607003832519 113.875 -67.5 5.3198453723874035 18 
0007 0004 1666607003833784 -34.9375 -63.0 2.7550294950426117 18 
0007 0002 1666607003834678 -8.9375 -64.0 1.8285050991596843 18 
0007 0011 1666607003835977 -152.125 -68.5 5.859806609723149 18 
0007 0012 1666607003898577 1.25 -74.0 2.411417798556228 18 
0007 0002 1666607003939439 21.9375 -62.5 2.024854640009046 18 
0007 0005 1666607003940341 -65.0625 -63.0 0.006135923151542565 18 
0007 0014 1666607003942441 -26.0 -62.0 3.8840393549264434 18 
0007 0011 1666607003944405 -48.0 -66.5 0.23930100291016002 18 
0007 0010 1666607003947188 -87.0625 -68.0 2.6998061866787286 18 
0007 0003 1666607003950024 -104.125 -68.0 2.8777479580734626 18 
0007 0006 1666607003950989 -14.625 -66.0 0.0674951546669682 18 
0007 0004 1666607003952128 39.0 -64.5 3.018874190558942 18 
0007 0008 1666607003953038 26.0 -67.0 5.3198453723874035 18 
0007 0015 1666607003953924 -34.9375 -61.5 5.295301679781233 18 
0007 0013 1666607003954839 -13.0 -65.5 2.448233337465483 18 
0007 0012 1666607003964244 46.75 -70.0 0.45099035163837853 18 
0007 0010 1666607004055271 147.25 -69.5 3.000466421104314 18 
0007 0011 1666607004057756 69.125 -66.5 0.9326603190344698 18 
0007 0003 1666607004058794 -130.1875 -67.5 3.11091303783208 18 
0007 0002 1666607004059929 8.9375 -62.5 2.1659808724945253 18 
0007 0015 1666607004061026 -4.0625 -62.0 5.332117218690489 18 
0007 0005 1666607004062183 -39.0 -63.0 1.030835089459151 18 
0007 0014 1666607004063544 26.0 -62.0 3.859495662320273 18 
0007 0008 1666607004064641 -303.5 -67.0 5.982525072754001 18 
0007 0012 1666607004065594 -48.0 -67.0 0.7853981633974483 18 
0007 0013 1666607004068241 82.1875 -66.0 3.1661363461959633 18 
0007 0006 1666607004069533 8.9375 -64.0 0.5890486225480862 18 
0007 0004 1666607004070448 52.0625 -65.0 3.436116964863836 18 
0007 0012 1666607004168120 -8.9375 -65.0 0.9142525495798421 18 
0007 0008 1666607004169975 -113.0625 -68.0 6.068427996875596 18 
0007 0003 1666607004170901 165.1875 -68.5 2.9391071895888885 18 
0007 0013 1666607004173146 39.0 -64.5 3.5772431973493153 18 
0007 0015 1666607004174059 -30.0625 -62.5 5.368932757599744 18 
0007 0014 1666607004175931 -30.0625 -62.5 3.9760782021995817 18 
0007 0005 1666607004176858 74.0 -62.5 1.3192234775816514 18 
0007 0006 1666607004177867 -17.0625 -63.0 0.9387962421860124 18 
0007 0004 1666607004179030 0.0 -65.0 3.730641276137879 18 
0007 0002 1666607004179974 -30.0625 -62.5 2.3009711818284617 18 
0007 0011 1666607004181286 74.0 -65.5 1.4051264017032472 18 
0007 0010 1666607004182342 61.0 -69.5 3.479068426924634 18 
0007 0006 1666607004290282 130.1875 -63.5 0.9510680884890975 18 
0007 0011 1666607004291325 264.4375 -66.5 1.6198837120072371 18 
0007 0008 1666607004292233 -43.125 -69.0 5.8659425328746915 18 
0007 0012 1666607004293361 117.125 -65.5 1.2762720155208536 18 
0007 0015 1666607004295492 26.0 -61.5 5.129631754689584 18 
0007 0014 1666607004296897 -43.125 -62.5 4.227651051412827 18 
0007 0002 1666607004299478 -95.1875 -63.0 2.5402721847386216 18 
0007 0005 1666607004300499 0.0 -62.0 1.736466251886546 18 
0007 0004 1666607004301614 39.0 -64.0 4.1601558967458585 18 
0007 0013 1666607004302587 -139.125 -64.0 4.473087977474529 18 
0007 0010 1666607004303614 -204.25 -68.0 3.6999616603801666 18 
0007 0003 1666607004304538 221.3125 -67.5 3.724505352986337 18 
0007 0011 1666607004403187 -121.25 -66.5 2.1782527187976104 18 
0007 0014 1666607004404578 26.0 -62.0 4.129476280988146 18 
0007 0003 1666607004405673 -165.1875 -68.5 4.319689898685965 18 
0007 0006 1666607004406864 -91.125 -63.5 1.1965050145508 18 
0007 0004 1666607004407834 -113.0625 -64.5 4.3933209765044765 18 
0007 0012 1666607004408747 -39.0 -65.0 1.3867186322486196 18 
0007 0002 1666607004409898 39.0 -63.0 2.521864415283994 18 
0007 0015 1666607004411360 -43.125 -61.5 5.203262832508095 18 
0007 0008 1666607004415641 -34.9375 -68.0 5.976389149602458 18 
0007 0005 1666607004416975 30.0625 -62.0 1.9266798695843652 18 
0007 0010 1666607004417859 -195.25 -69.0 3.5895150436524004 18 
0007 0013 1666607004419057 -74.0 -64.0 4.442408361716817 18 
0007 0003 1666607004516560 -52.0625 -68.5 4.252194744018997 18 
0007 0013 1666607004519346 -34.9375 -64.0 4.4976316700806995 18 
0007 0012 1666607004520845 -100.0625 -65.5 1.4296700943094176 18 
0007 0006 1666607004521727 56.125 -62.5 1.1228739367322893 18 
0007 0005 1666607004522865 69.125 -62.0 2.018718716857504 18 
0007 0004 1666607004523760 4.0625 -64.0 4.473087977474529 18 
0007 0002 1666607004524616 43.125 -62.5 2.5464081078901644 18 
0007 0010 1666607004526833 91.125 -68.0 3.4177091954092087 18 
0007 0014 1666607004527746 -39.0 -62.5 4.264466590322082 18 
0007 0015 1666607004529622 -4.0625 -62.0 5.178719139901925 18 
0007 0008 1666607004530564 117.125 -69.0 5.964117303299373 18 
0007 0011 1666607004531606 -160.3125 -67.0 2.2641556429192065 18 
0007 0003 1666607004630148 48.0 -68.0 4.221515128261284 18 
0007 0006 1666607004631000 69.125 -62.5 1.1535535524900022 18 
0007 0008 1666607004632180 -30.0625 -69.0 6.1850105367549055 18 
0007 0004 1666607004635881 4.0625 -64.5 4.558990901596125 18 
0007 0010 1666607004636868 -160.3125 -69.5 3.8840393549264434 18 
0007 0005 1666607004637738 69.125 -62.0 2.073942025221387 18 
0007 0013 1666607004638638 78.0625 -63.5 4.4362724385652745 18 
0007 0002 1666607004639550 52.0625 -62.5 2.6691265709210157 18 
0007 0015 1666607004641609 -34.9375 -62.0 5.246214294568893 18 
0007 0014 1666607004642802 -82.1875 -63.0 4.319689898685965 18 
0007 0011 1666607004644115 82.1875 -67.0 2.086213871524472 18 
0007 0012 1666607004645029 -30.0625 -64.5 1.4419419406125027 18 
0007 0002 1666607004741678 -91.125 -62.0 2.804116880254952 18 
0007 0015 1666607004744900 -4.0625 -62.0 5.264622064023521 18 
0007 0005 1666607004746425 26.0 -62.0 2.141437179888355 18 
0007 0008 1666607004748644 -13.0 -68.0 6.270913460876501 18 
0007 0006 1666607004749541 26.0 -63.5 1.1903690913992575 18 
0007 0013 1666607004751089 13.0 -63.0 4.448544284868359 18 
0007 0004 1666607004751973 -117.125 -64.0 4.657165672020807 18 
0007 0012 1666607004753679 52.0625 -65.0 1.3437671701878218 18 
0007 0003 1666607004754547 -108.1875 -69.5 4.460816131171445 18 
0007 0014 1666607004755843 -65.0625 -62.5 4.289010282928253 18 
0007 0011 1666607004756783 26.0 -67.0 2.073942025221387 18 
0007 0010 1666607004757695 87.0625 -68.5 3.6876898140770815 18 
0007 0005 1666607004856445 -4.0625 -62.5 2.1966604882522383 18 
0007 0003 1666607004857487 -126.125 -69.0 4.466952054322987 18 
0007 0014 1666607004858427 -117.125 -63.5 4.344233591292136 18 
0007 0002 1666607004859833 -30.0625 -62.5 2.718213956133356 18 
0007 0006 1666607004860757 118.75 -63.0 1.1474176293384597 18 
0007 0015 1666607004861668 26.0 -62.0 5.141903600992669 18 
0007 0012 1666607004862597 30.0625 -64.5 1.3192234775816514 18 
0007 0013 1666607004863933 8.9375 -62.5 4.516039439535327 18 
0007 0011 1666607004865063 -160.3125 -67.0 2.2641556429192065 18 
0007 0010 1666607004865989 -104.125 -69.5 4.0128937411088375 18 
0007 0004 1666607004866857 39.0 -64.0 4.442408361716817 18 
0007 0008 1666607004868139 82.1875 -68.5 6.037748381117884 18 
0007 0010 1666607004968191 -113.0625 -68.5 3.8717675086233583 18 
0007 0013 1666607004969233 65.0625 -62.5 4.466952054322987 18 
0007 0015 1666607004970148 69.125 -62.0 5.117359908386499 18 
0007 0011 1666607004971542 34.9375 -66.5 2.0923497946760143 18 
0007 0012 1666607004972710 26.0 -64.5 1.3192234775816514 18 
0007 0006 1666607004973862 -30.0625 -63.5 1.2517283229146832 18 
0007 0002 1666607004976228 -34.9375 -63.0 2.6139032625571326 18 
0007 0005 1666607004978363 69.125 -62.5 2.043262409463674 18 
0007 0004 1666607004980702 8.9375 -63.5 4.448544284868359 18 
0007 0014 1666607004981629 34.9375 -62.5 4.178563666200486 18 
0007 0008 1666607004983762 156.1875 -69.5 5.976389149602458 18 
0007 0003 1666607004984898 34.9375 -68.5 4.270602513473625 18 
0007 0012 1666607005083111 -4.0625 -65.0 1.3867186322486196 18 
0007 0013 1666607005084766 -26.0 -63.5 4.558990901596125 18 
0007 0015 1666607005086555 -95.1875 -62.0 5.258486140871978 18 
0007 0008 1666607005088410 -65.0625 -67.0 6.160466844148735 18 
0007 0010 1666607005089292 -13.0 -67.5 3.761320891895592 18 
0007 0006 1666607005090469 48.0 -62.5 1.1044661672776617 18 
0007 0011 1666607005091590 0.0 -66.5 2.1353012567368124 18 
0007 0003 1666607005092519 -95.1875 -69.0 4.374913207049849 18 
0007 0004 1666607005095227 -61.0 -64.5 4.411728745959104 18 
0007 0005 1666607005096283 113.0625 -62.5 1.9757672547967058 18 
0007 0014 1666607005097433 -21.9375 -62.5 4.295146206079795 18 
0007 0002 1666607005098571 -39.0 -62.5 2.5709518004963345 18 
0007 0003 1666607005197447 -303.5 -68.0 4.558990901596125 18 
0007 0011 1666607005198342 -4.0625 -67.5 2.061670178918302 18 
0007 0008 1666607005199708 251.4375 -68.0 5.688000761479957 18 
0007 0012 1666607005200605 56.125 -65.5 1.2210487071569704 18 
0007 0010 1666607005203071 -61.0 -68.5 3.6999616603801666 18 
0007 0006 1666607005204730 108.1875 -62.0 1.0062913968529805 18 
0007 0002 1666607005205840 121.25 -63.5 2.3009711818284617 18 
0007 0005 1666607005206949 26.0 -62.5 1.9696313316451632 18 
0007 0013 1666607005208287 4.0625 -63.5 4.540583132141498 18 
0007 0015 1666607005209159 -87.0625 -61.5 5.252350217720435 18 
0007 0004 1666607005212980 -30.0625 -64.5 4.246058820867455 18 
0007 0014 1666607005215010 8.9375 -62.0 4.178563666200486 18 
0007 0005 1666607005314118 -48.0 -63.0 1.9144080232812801 18 
0007 0015 1666607005315132 -61.0 -62.0 5.227806525114265 18 
0007 0010 1666607005316029 -61.0 -68.5 3.706097583531709 18 
0007 0011 1666607005317637 -100.0625 -67.0 2.055534255766759 18 
0007 0002 1666607005318773 13.0 -63.0 2.325514874434632 18 
0007 0003 1666607005319669 -69.125 -69.0 4.331961744989051 18 
0007 0014 1666607005320581 -34.9375 -63.0 4.2092432819582 18 
0007 0012 1666607005322714 52.0625 -64.5 1.184233168247715 18 
0007 0006 1666607005324218 65.0625 -63.0 1.055378782065321 18 
0007 0004 1666607005325516 -152.125 -64.0 4.239922897715912 18 
0007 0008 1666607005326427 -78.0625 -67.5 5.957981380147831 18 
0007 0013 1666607005327342 -61.0 -63.5 4.417864669110647 18 
