0007 0005 1666607433894928 4.0625 -63.5 0.6258641614573416 19 
0007 0007 1666607433896519 0.0 -70.5 0.803805932852076 19 
0007 0012 1666607433898729 34.9375 -68.5 0.22089323345553233 19 
0007 0001 1666607433900479 238.4375 -70.0 5.074408446325701 19 
0007 0013 1666607433902245 -299.4375 -72.5 4.896466674930966 19 
0007 0015 1666607433903128 61.0 -67.0 5.270757987175063 19 
0007 0007 1666607434000138 -17.0625 -70.5 0.8528933180644165 19 
0007 0015 1666607434001266 -13.0 -67.0 5.307573526084319 19 
0007 0001 1666607434002420 108.1875 -70.0 5.270757987175063 19 
0007 0012 1666607434006749 -8.9375 -67.5 0.20248546400090464 19 
0007 0005 1666607434008230 4.0625 -63.5 0.607456392002714 19 
0007 0013 1666607434016111 -4.4375 -75.0 1.543184672612955 19 
0007 0001 1666607434111326 100.0625 -70.5 5.166447293598839 19 
0007 0013 1666607434112268 39.0 -73.5 4.565126824747668 19 
0007 0007 1666607434113182 165.1875 -70.0 0.7792622402459057 19 
0007 0015 1666607434115285 91.125 -67.0 5.240078371417351 19 
0007 0005 1666607434119347 -34.9375 -63.5 0.6442719309119693 19 
0007 0012 1666607434120500 48.0 -67.5 0.21475731030398976 19 
0007 0005 1666607434217126 91.125 -64.0 0.5031456984264903 19 
0007 0012 1666607434218650 26.0 -68.0 0.2454369260617026 19 
0007 0001 1666607434220948 -165.1875 -69.5 5.583690067903734 19 
0007 0015 1666607434223061 26.0 -67.0 5.246214294568893 19 
0007 0007 1666607434223975 134.25 -70.0 0.6933593161243098 19 
0007 0013 1666607434225031 87.0625 -74.0 4.503767593232243 19 
0007 0005 1666607434322041 -113.0625 -63.5 0.760854470791278 19 
0007 0001 1666607434323761 -121.25 -70.0 5.565282298449106 19 
0007 0015 1666607434325369 -52.0625 -68.0 5.368932757599744 19 
0007 0012 1666607434327869 -30.0625 -67.5 0.25770877236478773 19 
0007 0007 1666607434330076 -165.1875 -71.0 0.944932165337555 19 
0007 0013 1666607434332193 0.0 -73.5 4.479223900626073 19 
0007 0001 1666607434451848 -126.125 -70.5 5.387340527054372 19 
0007 0005 1666607434455214 39.0 -64.0 0.5583690067903734 19 
0007 0015 1666607434459157 -78.0625 -67.5 5.460971604872882 19 
0007 0012 1666607434462418 -30.0625 -67.0 0.2761165418194154 19 
0007 0007 1666607434463756 39.0 -71.0 0.9387962421860124 19 
0007 0013 1666607434465921 -165.1875 -73.5 4.706253057233147 19 
0007 0001 1666607434562244 -191.1875 -70.0 5.473243451175968 19 
0007 0007 1666607434564767 0.0 -71.5 0.8835729338221293 19 
0007 0012 1666607434565685 -26.0 -68.0 0.3374757733348411 19 
0007 0005 1666607434566613 130.1875 -64.0 0.47860200582032003 19 
0007 0013 1666607434569200 -212.375 -74.0 4.97623367590102 19 
0007 0015 1666607434570355 -160.3125 -67.5 5.424156065963627 19 
0007 0005 1666607434681271 52.0625 -64.5 0.5767767762450011 19 
0007 0015 1666607434682725 -147.25 -67.5 5.473243451175968 19 
0007 0012 1666607434684980 -17.0625 -68.0 0.25157284921324513 19 
0007 0001 1666607434687980 -182.25 -70.5 5.491651220630596 19 
0007 0007 1666607434688978 30.0625 -71.5 0.9387962421860124 19 
0007 0013 1666607434691637 43.125 -74.0 4.589670517353839 19 
0007 0015 1666607434788703 -74.0 -67.0 5.4671075280244255 19 
0007 0012 1666607434791987 74.0 -68.0 0.1227184630308513 19 
0007 0005 1666607434792901 26.0 -64.5 0.5645049299419159 19 
0007 0001 1666607434794055 -117.125 -70.5 5.375068680751287 19 
0007 0007 1666607434795732 95.1875 -71.5 0.8713010875190442 19 
0007 0013 1666607434799781 -82.1875 -73.0 4.651029748869264 19 
0007 0001 1666607434899462 -43.125 -70.5 5.368932757599744 19 
0007 0005 1666607434901012 8.9375 -64.5 0.5951845456996288 19 
0007 0015 1666607434902607 82.1875 -67.0 5.154175447295755 19 
0007 0012 1666607434903478 126.125 -68.5 0.006135923151542565 19 
0007 0007 1666607434905659 130.1875 -70.5 0.7179030087304801 19 
0007 0013 1666607434928442 0.0 -75.0 4.773748211900116 19 
0007 0005 1666607435014167 -4.0625 -63.5 0.5951845456996288 19 
0007 0015 1666607435016151 -264.4375 -67.0 5.559146375297564 19 
0007 0007 1666607435017927 -74.0 -70.5 0.8406214717613314 19 
0007 0012 1666607435019109 -26.0 -68.0 0.3436116964863836 19 
0007 0001 1666607435019975 17.0625 -71.5 5.270757987175063 19 
0007 0013 1666607435023004 -26.0 -73.5 4.651029748869264 19 
0007 0012 1666607435144049 121.25 -69.0 0.1227184630308513 19 
0007 0005 1666607435147447 52.0625 -63.5 0.5706408530934585 19 
0007 0013 1666607435150226 -273.375 -72.5 5.006913291658733 19 
0007 0007 1666607435151123 -117.125 -71.0 1.0246991663076084 19 
0007 0015 1666607435153481 -26.0 -66.5 5.2768939103266055 19 
0007 0001 1666607435155032 -221.3125 -69.0 5.497787143782138 19 
0007 0007 1666607435254686 91.125 -70.5 0.7669903939428205 19 
0007 0015 1666607435256452 95.1875 -66.5 5.21553467881118 19 
0007 0005 1666607435257762 34.9375 -64.0 0.5706408530934585 19 
0007 0012 1666607435258692 -65.0625 -68.0 0.19634954084936207 19 
0007 0001 1666607435261367 39.0 -71.0 5.325981295538946 19 
0007 0013 1666607435266459 -78.0625 -74.5 4.614214209960009 19 
0007 0015 1666607435373400 -95.1875 -67.0 5.405748296509 19 
0007 0001 1666607435374327 -104.125 -70.0 4.822835597112456 19 
0007 0005 1666607435376841 26.0 -63.5 0.5645049299419159 19 
0007 0012 1666607435377783 61.0 -67.5 0.20248546400090464 19 
0007 0013 1666607435379153 -399.5625 -73.5 5.043728830567988 19 
0007 0007 1666607435381436 100.0625 -71.5 0.803805932852076 19 
0007 0015 1666607435479529 13.0 -67.5 5.356660911296659 19 
0007 0005 1666607435481594 26.0 -63.5 0.5522330836388308 19 
0007 0007 1666607435483611 4.0625 -70.5 0.760854470791278 19 
0007 0012 1666607435485135 -74.0 -67.5 0.2761165418194154 19 
0007 0001 1666607435486016 -74.0 -71.0 5.019185137961818 19 
0007 0013 1666607435500858 102.9375 -75.0 1.4542137869155878 19 
0007 0012 1666607435588693 -56.125 -68.0 0.17794177139473438 19 
0007 0015 1666607435590118 -17.0625 -67.5 5.295301679781233 19 
0007 0005 1666607435591301 -26.0 -64.0 0.619728238305799 19 
0007 0001 1666607435592510 -191.1875 -70.0 5.006913291658733 19 
0007 0007 1666607435594855 165.1875 -71.0 0.6872233929727672 19 
0007 0013 1666607435600378 -91.125 -74.0 4.804427827657828 19 
0007 0007 1666607435697106 -74.0 -71.5 1.1351457830353744 19 
0007 0005 1666607435699055 -69.125 -63.5 0.7240389318820226 19 
0007 0012 1666607435699940 48.0 -68.0 0.05522330836388308 19 
0007 0001 1666607435700894 152.125 -70.5 4.651029748869264 19 
0007 0015 1666607435705750 -104.125 -67.0 5.405748296509 19 
0007 0013 1666607435707671 13.0 -73.0 4.417864669110647 19 
0007 0015 1666607435805722 -48.0 -67.0 5.418020142812084 19 
0007 0001 1666607435807085 -34.9375 -71.0 5.006913291658733 19 
0007 0005 1666607435808851 -52.0625 -64.0 0.6504078540635119 19 
0007 0012 1666607435810001 4.0625 -67.5 0.14112623248547898 19 
0007 0007 1666607435811383 -69.125 -69.5 0.8406214717613314 19 
0007 0013 1666607435814436 113.0625 -73.5 4.859651136021712 19 
0007 0015 1666607435910625 -39.0 -67.0 5.295301679781233 19 
0007 0001 1666607435911579 -26.0 -70.5 4.878058905476339 19 
0007 0007 1666607435916535 -91.125 -72.5 1.055378782065321 19 
0007 0012 1666607435917429 0.0 -67.5 0.1902136176978195 19 
0007 0005 1666607435918362 113.0625 -64.0 0.5031456984264903 19 
0007 0013 1666607435920315 -295.375 -73.0 5.013049214810275 19 
0007 0013 1666607436017141 143.1875 -74.0 4.509903516383785 19 
0007 0005 1666607436022346 39.0 -63.5 0.6013204688511713 19 
0007 0012 1666607436023529 -87.0625 -69.0 0.3620194659410113 19 
0007 0015 1666607436024456 21.9375 -68.0 5.350524988145116 19 
0007 0007 1666607436025501 -277.4375 -71.0 1.325359400733194 19 
0007 0001 1666607436026439 143.1875 -71.0 4.773748211900116 19 
0007 0007 1666607436123303 -186.3125 -71.5 1.1290098598838318 19 
0007 0015 1666607436125834 -69.125 -67.0 5.313709449235861 19 
0007 0001 1666607436128702 -160.3125 -70.5 5.074408446325701 19 
0007 0005 1666607436131392 39.0 -63.5 0.5399612373357456 19 
0007 0012 1666607436132420 121.25 -67.5 6.240233845118788 19 
0007 0013 1666607436133762 -321.4375 -73.5 5.086680292628786 19 
0007 0007 1666607436232208 61.0 -70.0 0.6749515466696822 19 
0007 0001 1666607436234295 -100.0625 -70.5 4.994641445355648 19 
0007 0012 1666607436235592 -8.9375 -67.5 0.28225246497095796 19 
0007 0005 1666607436236718 -4.0625 -64.0 0.6013204688511713 19 
0007 0015 1666607436237622 -52.0625 -67.5 5.301437602932776 19 
0007 0013 1666607436239317 -121.25 -73.0 4.503767593232243 19 
0007 0012 1666607436338789 -108.1875 -66.5 0.28225246497095796 19 
0007 0005 1666607436340495 -21.9375 -63.5 0.6320000846088841 19 
0007 0015 1666607436341397 -39.0 -67.0 5.375068680751287 19 
0007 0007 1666607436342283 143.1875 -70.5 0.8467573949128739 19 
0007 0001 1666607436344434 -39.0 -70.0 4.914874444385594 19 
0007 0013 1666607436345349 56.125 -74.0 4.71238898038469 19 
0007 0005 1666607436442288 34.9375 -64.0 0.5522330836388308 19 
0007 0012 1666607436444994 61.0 -67.0 0.06135923151542565 19 
0007 0015 1666607436447675 26.0 -66.5 5.264622064023521 19 
0007 0007 1666607436448943 -117.125 -72.0 1.141281706186917 19 
0007 0001 1666607436451633 147.25 -70.5 4.749204519293945 19 
0007 0013 1666607436455799 -117.125 -72.0 4.620350133111551 19 
0007 0005 1666607436553877 43.125 -64.0 0.5706408530934585 19 
0007 0001 1666607436554759 -34.9375 -68.5 4.92714629068868 19 
0007 0012 1666607436557968 -147.25 -68.0 0.37429131224409645 19 
0007 0015 1666607436558968 117.125 -67.0 5.246214294568893 19 
0007 0007 1666607436560732 30.0625 -71.5 0.9633399347921826 19 
0007 0013 1666607436562064 113.0625 -72.0 4.466952054322987 19 
0007 0001 1666607436660600 52.0625 -70.5 4.76147636559703 19 
0007 0015 1666607436661529 -178.1875 -67.5 5.491651220630596 19 
0007 0013 1666607436662400 65.0625 -74.0 4.571262747899211 19 
0007 0007 1666607436663512 26.0 -72.0 0.9265243958829272 19 
0007 0005 1666607436665870 -78.0625 -63.5 0.6933593161243098 19 
0007 0012 1666607436669932 -30.0625 -67.5 0.21475731030398976 19 
0007 0012 1666607436769133 61.0 -67.5 0.09203884727313846 19 
0007 0001 1666607436770683 100.0625 -70.5 4.828971520263998 19 
0007 0007 1666607436772216 0.0 -70.5 0.8651651643675016 19 
0007 0005 1666607436773133 34.9375 -64.5 0.5583690067903734 19 
0007 0015 1666607436774516 -121.25 -67.0 5.4671075280244255 19 
0007 0013 1666607436779361 82.1875 -72.0 4.583534594202296 19 
0007 0014 1666607436875421 1.5 -73.5 0.11044661672776616 19 
0007 0015 1666607436883809 -34.9375 -67.0 5.375068680751287 19 
0007 0012 1666607436885219 -30.0625 -67.5 0.2699806186678728 19 
0007 0005 1666607436889067 -13.0 -63.5 0.5522330836388308 19 
0007 0013 1666607436890026 -152.125 -74.5 4.669437518323892 19 
0007 0001 1666607436890936 -65.0625 -70.0 4.871922982324796 19 
0007 0007 1666607436892358 -91.125 -71.0 1.0369710126106935 19 
0007 0014 1666607436983684 2.625 -73.0 0.006135923151542565 19 
0007 0005 1666607436998653 13.0 -64.0 0.5583690067903734 19 
0007 0012 1666607436999810 82.1875 -68.0 0.09203884727313846 19 
0007 0015 1666607437005049 143.1875 -67.5 5.006913291658733 19 
0007 0007 1666607437005935 -169.25 -71.0 1.1228739367322893 19 
0007 0013 1666607437008111 -56.125 -73.5 4.798291904506286 19 
0007 0001 1666607437008980 -269.3125 -70.5 5.295301679781233 19 
0007 0014 1666607437100115 0.0 -73.0 0.07976700097005335 19 
0007 0007 1666607437116705 -69.125 -70.0 0.944932165337555 19 
0007 0015 1666607437118715 -221.3125 -67.5 5.66959299202533 19 
0007 0005 1666607437119982 -13.0 -63.5 0.6688156235181395 19 
0007 0012 1666607437121109 -34.9375 -67.5 0.3190680038802134 19 
0007 0001 1666607437122487 -91.125 -71.0 4.896466674930966 19 
0007 0013 1666607437171617 -18.75 -76.0 4.828971520263998 19 
0007 0014 1666607437224620 -1.25 -73.0 0.1043106935762236 19 
0007 0001 1666607437253326 165.1875 -70.0 4.681709364626977 19 
0007 0005 1666607437266655 13.0 -63.5 0.6135923151542565 19 
0007 0015 1666607437268362 4.0625 -67.0 5.356660911296659 19 
0007 0012 1666607437269662 17.0625 -68.0 0.2699806186678728 19 
0007 0007 1666607437272144 -39.0 -70.5 0.9756117810952678 19 
0007 0013 1666607437292880 8.0625 -75.5 4.675573441475434 19 
0007 0014 1666607437347858 6.0 -72.5 6.258641614573416 19 
0007 0007 1666607437379329 169.25 -70.5 0.7179030087304801 19 
0007 0001 1666607437380267 -108.1875 -70.0 4.921010367537137 19 
0007 0015 1666607437383279 -78.0625 -67.5 5.45483568172134 19 
0007 0005 1666607437384317 8.9375 -64.5 0.6135923151542565 19 
0007 0012 1666607437385714 -30.0625 -67.5 0.15339807878856412 19 
0007 0013 1666607437390156 -260.375 -73.0 4.97623367590102 19 
0007 0014 1666607437483984 2.4375 -73.0 0.02454369260617026 19 
0007 0015 1666607437508381 -13.0 -66.5 5.381204603902829 19 
0007 0001 1666607437511618 -126.125 -70.5 5.154175447295755 19 
0007 0012 1666607437513251 165.1875 -67.0 6.191146459906448 19 
0007 0005 1666607437514133 56.125 -64.0 0.5829126993965437 19 
0007 0007 1666607437517394 91.125 -71.5 0.9756117810952678 19 
0007 0013 1666607437535462 19.5 -75.5 4.749204519293945 19 
0007 0014 1666607437620623 1.75 -72.5 0.05522330836388308 19 
0007 0015 1666607437628916 -199.375 -67.5 5.473243451175968 19 
0007 0012 1666607437630071 -100.0625 -68.0 0.37429131224409645 19 
0007 0005 1666607437634378 -30.0625 -64.0 0.6381360077604268 19 
0007 0007 1666607437642401 -56.125 -71.0 0.9694758579437253 19 
0007 0013 1666607437643331 -230.25 -75.0 4.822835597112456 19 
0007 0001 1666607437644690 -48.0 -71.0 4.859651136021712 19 
0007 0014 1666607437733291 -2.4375 -73.0 0.03681553890925539 19 
0007 0012 1666607437749600 17.0625 -69.5 0.1902136176978195 19 
0007 0001 1666607437751015 -108.1875 -70.5 5.129631754689584 19 
0007 0007 1666607437753033 -156.1875 -69.5 1.1719613219446299 19 
0007 0015 1666607437755531 0.0 -67.5 5.295301679781233 19 
0007 0005 1666607437760198 78.0625 -64.0 0.5092816215780329 19 
0007 0013 1666607437764687 -52.0625 -72.5 4.724660826687775 19 
0007 0014 1666607437854710 3.9375 -73.0 0.01227184630308513 19 
0007 0012 1666607437895296 48.0 -67.5 0.0859029241215959 19 
0007 0005 1666607437896449 48.0 -64.0 0.521553467881118 19 
0007 0001 1666607437900093 -26.0 -71.5 4.945554060143307 19 
0007 0015 1666607437901912 -21.9375 -67.5 5.3198453723874035 19 
0007 0007 1666607437903195 -82.1875 -71.0 1.141281706186917 19 
0007 0013 1666607437906708 -126.125 -72.0 4.963961829597935 19 
0007 0014 1666607438027491 6.625 -73.0 6.264777537724958 19 
0007 0015 1666607438043012 21.9375 -67.0 5.289165756629691 19 
0007 0012 1666607438044221 8.9375 -69.0 0.18407769454627693 19 
0007 0005 1666607438045363 104.125 -64.0 0.47860200582032003 19 
0007 0007 1666607438046291 -191.1875 -71.5 1.0492428589137786 19 
0007 0001 1666607438047188 -65.0625 -70.5 5.123495831538041 19 
0007 0013 1666607438051325 17.0625 -72.5 4.896466674930966 19 
0007 0014 1666607438111227 -2.4375 -73.0 0.14112623248547898 19 
0007 0001 1666607438155566 -260.375 -70.5 5.221670601962723 19 
0007 0007 1666607438157867 74.0 -70.5 0.8835729338221293 19 
0007 0012 1666607438158778 -21.9375 -67.5 0.1718058482431918 19 
0007 0005 1666607438159947 -48.0 -63.5 0.6442719309119693 19 
0007 0015 1666607438161880 21.9375 -67.0 5.442563835418255 19 
0007 0013 1666607438183961 -43.5 -74.5 1.6659031356438063 19 
0007 0014 1666607438274247 -0.1875 -73.5 0.0674951546669682 19 
0007 0015 1666607438284347 17.0625 -68.0 5.338253141842031 19 
0007 0001 1666607438286053 65.0625 -70.5 4.853515212870168 19 
0007 0012 1666607438287449 -82.1875 -68.0 0.2761165418194154 19 
0007 0005 1666607438288304 -21.9375 -63.5 0.6381360077604268 19 
0007 0007 1666607438296331 -334.4375 -71.5 1.1290098598838318 19 
0007 0013 1666607438308254 7.6875 -74.5 1.6996507129772904 19 
0007 0014 1666607438394245 6.375 -73.0 6.270913460876501 19 
0007 0012 1666607438413387 48.0 -68.0 0.1595340019401067 19 
0007 0007 1666607438414344 477.6875 -70.5 0.35588354278946877 19 
0007 0005 1666607438417097 26.0 -64.0 0.6320000846088841 19 
0007 0015 1666607438418381 69.125 -67.0 5.178719139901925 19 
0007 0013 1666607438419281 91.125 -73.0 4.767612288748572 19 
0007 0001 1666607438420804 -217.25 -70.5 5.129631754689584 19 
0007 0015 1666607438530861 -13.0 -66.5 5.307573526084319 19 
0007 0007 1666607438532130 -82.1875 -70.5 0.8835729338221293 19 
0007 0012 1666607438533271 -234.3125 -68.5 0.4970097752749477 19 
0007 0005 1666607438536281 -43.125 -64.0 0.6320000846088841 19 
0007 0001 1666607438537572 -195.25 -69.0 5.080544369477243 19 
0007 0013 1666607438541715 -29.25 -75.5 1.727262367159232 19 
0007 0005 1666607438638643 95.1875 -63.5 0.5276893910326605 19 
0007 0012 1666607438640038 -61.0 -67.5 0.2638446955163303 19 
0007 0001 1666607438640948 -34.9375 -70.5 4.859651136021712 19 
0007 0007 1666607438642381 0.0 -71.0 0.9081166264282996 19 
0007 0015 1666607438644716 -26.0 -67.0 5.411884219660542 19 
0007 0013 1666607438660792 -40.25 -75.0 1.6413594430376361 19 
0007 0015 1666607438753467 204.25 -68.0 5.166447293598839 19 
0007 0001 1666607438755992 43.125 -71.0 4.841243366567084 19 
0007 0012 1666607438757515 -61.0 -67.5 0.35588354278946877 19 
0007 0005 1666607438758484 30.0625 -63.5 0.5399612373357456 19 
0007 0007 1666607438759395 -8.9375 -70.5 0.859029241215959 19 
0007 0013 1666607438763094 -117.125 -73.0 4.706253057233147 19 
