0007 0011 1666607879415110 316.5 -69.0 2.1475731030398975 20 
0007 0004 1666607879416502 95.1875 -67.5 3.000466421104314 20 
0007 0005 1666607879419615 74.0 -65.5 0.5031456984264903 20 
0007 0007 1666607879420783 39.0 -69.5 1.5401167110371838 20 
0007 0015 1666607879422191 56.125 -69.5 6.105243535784852 20 
0007 0006 1666607879423529 -130.1875 -70.0 2.6875343403756435 20 
0007 0012 1666607879424695 -251.4375 -70.0 2.2334760271614935 20 
0007 0004 1666607879522443 -48.0 -68.5 2.9820586516496865 20 
0007 0011 1666607879523889 0.0 -68.0 2.5770877236478773 20 
0007 0006 1666607879525314 4.0625 -70.0 2.282563412373834 20 
0007 0007 1666607879527343 65.0625 -68.5 1.41126232485479 20 
0007 0012 1666607879529893 243.3125 -70.0 1.5953400194010667 20 
0007 0015 1666607879531500 134.25 -69.5 5.945709533844745 20 
0007 0005 1666607879532452 4.0625 -65.0 0.6013204688511713 20 
0007 0001 1666607879559229 -2.4375 -74.5 5.976389149602458 20 
0007 0005 1666607879637941 8.9375 -64.0 0.5583690067903734 20 
0007 0004 1666607879639278 -4.0625 -68.0 3.067961575771282 20 
0007 0011 1666607879644075 -65.0625 -68.5 2.5280003384355365 20 
0007 0006 1666607879646516 -113.0625 -70.5 2.6200391857086753 20 
0007 0007 1666607879647654 69.125 -69.0 1.337631247036279 20 
0007 0015 1666607879648582 91.125 -68.5 5.957981380147831 20 
0007 0012 1666607879649962 -26.0 -69.5 1.9757672547967058 20 
0007 0001 1666607879665968 -5.625 -74.5 5.945709533844745 20 
0007 0007 1666607879750320 234.3125 -69.5 1.1290098598838318 20 
0007 0015 1666607879754294 13.0 -69.0 6.19728238305799 20 
0007 0005 1666607879757606 39.0 -65.0 0.5645049299419159 20 
0007 0004 1666607879758969 87.0625 -69.0 2.7979809571034093 20 
0007 0012 1666607879759853 -78.0625 -70.5 1.9757672547967058 20 
0007 0006 1666607879760750 377.5625 -71.5 2.018718716857504 20 
0007 0011 1666607879761646 65.0625 -69.0 2.3930100291016 20 
0007 0001 1666607879783158 4.0625 -75.0 5.9518454569962875 20 
0007 0011 1666607879865541 256.3125 -69.5 2.0064468705544187 20 
0007 0006 1666607879867076 455.6875 -71.0 1.8960002538266525 20 
0007 0007 1666607879868244 -251.4375 -69.0 1.6444274046134073 20 
0007 0005 1666607879869665 -48.0 -64.5 0.5583690067903734 20 
0007 0015 1666607879870793 34.9375 -69.5 6.000932842208628 20 
0007 0012 1666607879872656 -30.0625 -69.5 1.9389517158874505 20 
0007 0004 1666607879873553 39.0 -68.5 2.945243112740431 20 
0007 0001 1666607879896101 11.4375 -75.0 5.957981380147831 20 
0007 0006 1666607879973694 48.0 -70.0 2.2764274892222915 20 
0007 0011 1666607879975074 -30.0625 -68.5 2.454369260617026 20 
0007 0004 1666607879977518 -26.0 -68.0 2.9943304979527716 20 
0007 0005 1666607879980864 -8.9375 -64.5 0.5951845456996288 20 
0007 0015 1666607879981753 -117.125 -69.5 6.1850105367549055 20 
0007 0012 1666607879985267 -243.3125 -70.5 2.1659808724945253 20 
0007 0007 1666607879986193 186.3125 -69.0 1.1903690913992575 20 
0007 0001 1666607880008911 2.4375 -75.0 6.000932842208628 20 
0007 0011 1666607880086445 -21.9375 -68.0 2.662990647769473 20 
0007 0006 1666607880087826 173.3125 -71.5 2.3316507975861747 20 
0007 0012 1666607880089007 -61.0 -69.5 2.0064468705544187 20 
0007 0005 1666607880091839 -17.0625 -64.5 0.521553467881118 20 
0007 0004 1666607880093475 39.0 -68.0 2.9759227284981438 20 
0007 0007 1666607880094418 -108.1875 -69.0 1.533980787885641 20 
0007 0015 1666607880099788 -160.3125 -69.0 6.264777537724958 20 
0007 0001 1666607880126194 17.0625 -74.5 5.976389149602458 20 
0007 0004 1666607880201186 -121.25 -68.0 3.184544115650591 20 
0007 0007 1666607880203234 -173.3125 -69.0 1.564660403643354 20 
0007 0015 1666607880204345 -191.1875 -69.5 0.006135923151542565 20 
0007 0011 1666607880206623 -225.375 -69.0 2.6691265709210157 20 
0007 0005 1666607880207544 -8.9375 -64.5 0.5399612373357456 20 
0007 0012 1666607880209154 -65.0625 -70.0 2.024854640009046 20 
0007 0006 1666607880210076 -21.9375 -71.5 2.5586799541932495 20 
0007 0001 1666607880228143 -2.4375 -74.5 5.994796919057086 20 
0007 0004 1666607880310743 -191.1875 -68.5 3.1906800388021335 20 
0007 0012 1666607880311668 -74.0 -70.5 2.067806102069844 20 
0007 0005 1666607880314646 -4.0625 -65.0 0.5951845456996288 20 
0007 0011 1666607880316883 212.375 -69.5 2.2886993355253766 20 
0007 0006 1666607880317891 -28.4375 -69.5 2.5034566458293663 20 
0007 0007 1666607880319072 -56.125 -70.0 1.282407938672396 20 
0007 0015 1666607880320015 -26.0 -69.0 6.160466844148735 20 
0007 0001 1666607880347880 16.3125 -75.0 5.8659425328746915 20 
0007 0015 1666607880422282 -147.25 -68.5 6.227961998815704 20 
0007 0005 1666607880424595 -30.0625 -64.0 0.5706408530934585 20 
0007 0006 1666607880426159 -208.3125 -70.0 2.6568547246179306 20 
0007 0007 1666607880427337 -39.0 -68.5 1.5953400194010667 20 
0007 0012 1666607880428760 195.25 -70.5 1.7794177139473437 20 
0007 0011 1666607880431244 -178.1875 -68.5 2.5893595699509624 20 
0007 0004 1666607880432396 -39.0 -68.5 3.06182565261974 20 
0007 0001 1666607880455514 11.4375 -75.0 5.93343768754166 20 
0007 0004 1666607880532879 -95.1875 -67.5 3.055689729468197 20 
0007 0007 1666607880534487 78.0625 -69.5 1.368310862793992 20 
0007 0005 1666607880538028 -91.125 -64.5 0.6933593161243098 20 
0007 0015 1666607880540447 -34.9375 -68.5 6.227961998815704 20 
0007 0006 1666607880541472 -122.875 -70.0 2.521864415283994 20 
0007 0011 1666607880542597 108.1875 -69.0 2.2886993355253766 20 
0007 0012 1666607880543495 139.125 -69.0 1.7794177139473437 20 
0007 0001 1666607880563614 0.75 -75.5 5.957981380147831 20 
0007 0011 1666607880646802 65.0625 -69.0 2.313243028131547 20 
0007 0004 1666607880647729 -21.9375 -67.5 3.055689729468197 20 
0007 0012 1666607880648713 -126.125 -70.5 2.012582793705961 20 
0007 0007 1666607880650109 -82.1875 -69.5 1.5707963267948966 20 
0007 0005 1666607880651236 -43.125 -64.0 0.5951845456996288 20 
0007 0006 1666607880652330 -178.1875 -71.0 2.5832236467994196 20 
0007 0015 1666607880653739 -61.0 -69.0 6.12365130523948 20 
0007 0001 1666607880710201 3.0 -75.0 5.994796919057086 20 
0007 0015 1666607880764621 -82.1875 -69.0 6.19728238305799 20 
0007 0005 1666607880765545 -4.0625 -64.0 0.619728238305799 20 
0007 0007 1666607880766490 -139.125 -69.0 1.662835174068035 20 
0007 0011 1666607880768363 -43.125 -68.5 2.4727770300716534 20 
0007 0004 1666607880770775 39.0 -68.0 2.767301341345697 20 
0007 0012 1666607880772908 -173.3125 -69.5 2.1782527187976104 20 
0007 0006 1666607880773774 122.875 -71.0 2.4850488763747385 20 
0007 0001 1666607880796742 -9.0 -74.5 6.025476534814799 20 
0007 0007 1666607880877291 -108.1875 -69.5 1.6566992509164924 20 
0007 0004 1666607880878925 -87.0625 -67.5 3.0802334220743677 20 
0007 0015 1666607880879841 56.125 -68.5 6.013204688511713 20 
0007 0005 1666607880880981 78.0625 -65.0 0.5338253141842031 20 
0007 0006 1666607880883454 126.125 -71.0 2.36846633649543 20 
0007 0011 1666607880884835 -195.25 -69.5 2.5709518004963345 20 
0007 0012 1666607880887842 -117.125 -69.5 2.2150682577068657 20 
0007 0001 1666607880901388 -17.0625 -74.5 6.013204688511713 20 
0007 0004 1666607880988149 13.0 -68.5 2.9329712664373457 20 
0007 0006 1666607880991297 38.1875 -71.5 2.405281875404685 20 
0007 0015 1666607880992268 30.0625 -69.5 6.050020227420969 20 
0007 0011 1666607880993138 -147.25 -67.5 2.5464081078901644 20 
0007 0007 1666607880994078 -82.1875 -69.5 1.5155730184310134 20 
0007 0012 1666607880996451 156.1875 -70.5 1.7855536370988863 20 
0007 0005 1666607880997320 21.9375 -65.0 0.5583690067903734 20 
0007 0001 1666607881024008 -9.0 -74.5 5.93343768754166 20 
0007 0007 1666607881099654 -13.0 -69.5 1.5155730184310134 20 
0007 0015 1666607881101024 126.125 -69.5 6.000932842208628 20 
0007 0011 1666607881104935 -8.9375 -68.5 2.497320722677824 20 
0007 0012 1666607881106260 91.125 -70.0 1.8960002538266525 20 
0007 0005 1666607881107412 -17.0625 -65.5 0.619728238305799 20 
0007 0006 1666607881109739 -293.75 -69.5 2.82252464970958 20 
0007 0004 1666607881110905 -26.0 -68.0 3.0250101137104846 20 
0007 0001 1666607881134631 0.0 -74.5 5.988660995905543 20 
0007 0005 1666607881211570 -34.9375 -65.0 0.7117670855789375 20 
0007 0007 1666607881212483 -52.0625 -69.0 1.6014759425526093 20 
0007 0006 1666607881214982 -100.0625 -71.0 2.6200391857086753 20 
0007 0004 1666607881217899 82.1875 -67.0 2.7979809571034093 20 
0007 0011 1666607881221788 -34.9375 -69.5 2.3439226438892597 20 
0007 0012 1666607881223183 195.25 -70.5 1.8039614065535141 20 
0007 0015 1666607881224279 -4.0625 -69.0 6.000932842208628 20 
0007 0001 1666607881243043 -21.9375 -75.0 6.043884304269426 20 
0007 0005 1666607881336765 52.0625 -64.0 0.4724660826687775 20 
0007 0007 1666607881338513 -4.0625 -69.0 1.4848934026733007 20 
0007 0011 1666607881340151 295.375 -69.0 2.0493983326152168 20 
0007 0006 1666607881341001 -74.0 -71.5 2.448233337465483 20 
0007 0004 1666607881342394 -17.0625 -67.5 2.9943304979527716 20 
0007 0012 1666607881344783 -134.25 -70.0 2.1230294104337273 20 
0007 0015 1666607881346581 -108.1875 -69.0 6.135923151542564 20 
0007 0001 1666607881377222 -21.1875 -74.5 5.927301764390117 20 
0007 0006 1666607881451239 243.3125 -71.0 2.1966604882522383 20 
0007 0011 1666607881453100 -212.375 -68.5 2.5832236467994196 20 
0007 0005 1666607881454238 -34.9375 -64.5 0.5829126993965437 20 
0007 0015 1666607881455379 56.125 -70.0 5.988660995905543 20 
0007 0007 1666607881456790 52.0625 -69.0 1.4542137869155878 20 
0007 0004 1666607881460864 186.3125 -67.5 2.6998061866787286 20 
0007 0012 1666607881464867 74.0 -70.5 1.7916895602504288 20 
0007 0001 1666607881485709 -6.5 -74.5 6.117515382087937 20 
0007 0006 1666607881568380 80.5625 -70.5 2.466641106920111 20 
0007 0005 1666607881569817 -61.0 -65.0 0.6135923151542565 20 
0007 0004 1666607881571878 -143.1875 -67.5 3.2213596545598464 20 
0007 0012 1666607881573030 147.25 -69.5 1.7671458676442586 20 
0007 0011 1666607881574381 91.125 -68.0 2.313243028131547 20 
0007 0015 1666607881575578 -56.125 -69.0 6.105243535784852 20 
0007 0007 1666607881577465 8.9375 -68.5 1.5033011721279284 20 
0007 0001 1666607881608893 -27.5625 -74.5 6.068427996875596 20 
0007 0011 1666607881683615 134.25 -69.5 2.2948352586769194 20 
0007 0012 1666607881685877 147.25 -70.5 1.8407769454627694 20 
0007 0015 1666607881687003 -30.0625 -69.5 6.1420590746941075 20 
0007 0006 1666607881688352 85.4375 -71.5 2.5402721847386216 20 
0007 0005 1666607881691173 -8.9375 -66.0 0.46019423636569234 20 
0007 0007 1666607881692203 -65.0625 -70.5 1.564660403643354 20 
0007 0004 1666607881693158 134.25 -68.5 2.9329712664373457 20 
0007 0011 1666607881801234 130.1875 -70.0 1.9941750242513334 20 
0007 0005 1666607881802262 -295.375 -71.0 5.350524988145116 20 
0007 0012 1666607881803147 -221.3125 -70.5 2.0923497946760143 20 
0007 0015 1666607881804797 -82.1875 -68.5 6.092971689481767 20 
0007 0006 1666607881805693 142.375 -68.0 3.018874190558942 20 
0007 0009 1666607881908535 -2.875 -77.0 1.945087639038993 20 
0007 0011 1666607881918739 139.125 -71.5 1.6996507129772904 20 
0007 0015 1666607881919738 -69.125 -70.5 5.9518454569962875 20 
0007 0006 1666607881921182 -74.0 -65.5 3.822680123411018 20 
0007 0009 1666607881938764 -6.5 -73.5 5.261554102447749 20 
0007 0010 1666607881959735 33.375 -72.5 5.178719139901925 20 
0007 0012 1666607881964531 17.0625 -76.5 4.2031073588066565 20 
0007 0011 1666607882042579 117.125 -72.5 1.4787574795217582 20 
0007 0007 1666607882044618 -130.1875 -69.5 4.620350133111551 20 
0007 0010 1666607882045572 26.0 -67.5 2.736621725587984 20 
0007 0009 1666607882046710 117.125 -70.0 6.074563920027139 20 
0007 0006 1666607882047853 0.0 -64.5 4.2031073588066565 20 
0007 0012 1666607882069871 45.5625 -76.0 0.7792622402459057 20 
0007 0015 1666607882085866 -4.875 -73.0 5.43029198911517 20 
0007 0014 1666607882097246 9.25 -75.0 5.93343768754166 20 
0007 0007 1666607882165256 -95.1875 -67.5 5.853670686571607 20 
0007 0011 1666607882167772 -95.1875 -70.5 2.552544031041707 20 
0007 0006 1666607882170099 160.3125 -68.5 4.448544284868359 20 
0007 0009 1666607882171109 -204.25 -71.0 1.1351457830353744 20 
0007 0010 1666607882172290 56.125 -67.0 3.4177091954092087 20 
0007 0015 1666607882176029 -74.0 -72.0 5.436427912266712 20 
0007 0014 1666607882205941 -21.1875 -75.0 0.0859029241215959 20 
0007 0011 1666607882281905 -21.9375 -65.5 3.5465635815916023 20 
0007 0010 1666607882283687 -126.125 -67.0 5.080544369477243 20 
0007 0007 1666607882285198 126.125 -70.5 1.6382914814618648 20 
0007 0015 1666607882286409 91.125 -70.5 5.209398755659637 20 
0007 0011 1666607882387280 26.0 -62.5 4.135612204139688 20 
0007 0015 1666607882388178 21.9375 -69.0 5.411884219660542 20 
0007 0007 1666607882389547 -78.0625 -67.0 4.037437433715008 20 
0007 0010 1666607882390488 -126.125 -69.0 5.755495916146925 20 
0007 0010 1666607882488983 -52.0625 -67.5 5.829126993965437 20 
0007 0011 1666607882490135 -39.0 -60.5 4.9823695990525625 20 
0007 0007 1666607882493164 -156.1875 -65.0 5.448699758569798 20 
0007 0006 1666607882495177 -43.125 -67.0 5.00077736850719 20 
0007 0015 1666607882496091 -82.1875 -69.0 5.5284667595398505 20 
0007 0005 1666607882547861 5.625 -77.0 0.3313398501832985 20 
0007 0012 1666607882616845 -0.4375 -77.0 0.7301748550335652 20 
0007 0014 1666607882625329 8.1875 -75.0 0.03681553890925539 20 
0007 0006 1666607882632034 74.0 -66.0 5.927301764390117 20 
0007 0011 1666607882634307 -165.1875 -62.5 5.9518454569962875 20 
0007 0010 1666607882636351 4.0625 -63.0 0.8099418560036186 20 
0007 0015 1666607882637238 -87.0625 -66.0 5.945709533844745 20 
0007 0007 1666607882639125 -26.0 -67.0 0.5154175447295755 20 
0007 0005 1666607882640674 21.9375 -72.5 5.049864753719531 20 
0007 0008 1666607882643345 -234.3125 -74.0 1.7978254834019713 20 
0007 0012 1666607882644835 -34.9375 -73.0 0.6381360077604268 20 
0007 0014 1666607882662953 -4.0625 -74.0 0.1902136176978195 20 
0007 0011 1666607882750406 -52.0625 -64.5 6.080699843178682 20 
0007 0007 1666607882751627 0.0 -67.5 2.000310947402876 20 
0007 0009 1666607882752771 43.125 -71.5 2.1782527187976104 20 
0007 0010 1666607882753726 -48.0 -62.5 1.7426021750380885 20 
0007 0015 1666607882754626 -34.9375 -67.0 0.15339807878856412 20 
0007 0006 1666607882755493 -99.25 -68.5 0.6442719309119693 20 
0007 0012 1666607882756982 4.0625 -72.0 0.8528933180644165 20 
0007 0005 1666607882758435 -247.375 -69.5 0.7731263170943632 20 
0007 0000 1666607882771323 -182.25 -71.5 1.4787574795217582 20 
0007 0008 1666607882773268 139.125 -72.5 3.018874190558942 20 
0007 0000 1666607882790860 48.8125 -72.5 1.662835174068035 20 
0007 0015 1666607882880971 -17.0625 -66.0 0.09817477042468103 20 
0007 0010 1666607882882369 221.3125 -65.0 1.7426021750380885 20 
0007 0011 1666607882883818 -91.125 -67.0 0.06135923151542565 20 
0007 0006 1666607882886555 23.5625 -69.5 0.7976700097005334 20 
0007 0000 1666607882888359 82.1875 -71.0 2.9391071895888885 20 
0007 0007 1666607882892065 108.1875 -71.5 2.9145634969827183 20 
0007 0009 1666607882895083 208.3125 -73.5 3.5772431973493153 20 
0007 0012 1666607882897240 -169.25 -73.5 1.6689710972195777 20 
0007 0005 1666607882919494 17.0625 -73.5 2.816388726558037 20 
0007 0008 1666607882926288 12.1875 -76.0 4.239922897715912 20 
0007 0000 1666607883002692 -74.0 -69.5 4.344233591292136 20 
0007 0010 1666607883003676 -186.3125 -69.5 2.2580197197676637 20 
0007 0012 1666607883007046 -225.375 -73.5 2.3439226438892597 20 
0007 0006 1666607883007929 -65.0625 -68.5 0.0859029241215959 20 
0007 0009 1666607883010741 -208.3125 -73.0 4.4976316700806995 20 
0007 0015 1666607883012662 43.125 -63.0 0.2945243112740431 20 
0007 0011 1666607883013619 -217.25 -68.5 0.25157284921324513 20 
0007 0005 1666607883024546 -1.1875 -72.5 0.3957670432744954 20 
0007 0008 1666607883038799 31.6875 -76.5 4.9823695990525625 20 
0007 0005 1666607883118430 178.1875 -70.0 3.56497135104623 20 
0007 0006 1666607883120232 87.0625 -66.0 6.166602767300278 20 
0007 0011 1666607883121157 8.9375 -68.5 0.23930100291016002 20 
0007 0015 1666607883124318 8.9375 -63.0 0.30679615757712825 20 
0007 0008 1666607883125244 56.125 -75.5 5.418020142812084 20 
0007 0000 1666607883129347 169.25 -70.5 4.749204519293945 20 
0007 0009 1666607883130229 -455.6875 -74.0 4.878058905476339 20 
0007 0010 1666607883153977 0.75 -75.0 5.019185137961818 20 
0007 0015 1666607883246709 56.125 -63.5 0.37429131224409645 20 
0007 0005 1666607883250145 -156.1875 -69.5 4.626486056263094 20 
0007 0011 1666607883251187 -126.125 -70.5 0.36815538909255385 20 
0007 0009 1666607883252588 -48.0 -74.5 4.632621979414636 20 
0007 0006 1666607883253642 122.875 -67.0 0.1043106935762236 20 
0007 0000 1666607883256802 -169.25 -69.0 5.240078371417351 20 
0007 0012 1666607883288201 79.3125 -75.0 5.009981253234504 20 
0007 0008 1666607883296157 38.25 -77.0 5.148039524144211 20 
0007 0010 1666607883304874 7.3125 -75.5 4.221515128261284 20 
0007 0005 1666607883381378 52.0625 -68.5 4.319689898685965 20 
0007 0006 1666607883382614 -14.625 -66.0 0.25157284921324513 20 
0007 0015 1666607883385427 65.0625 -63.5 0.21475731030398976 20 
0007 0000 1666607883387916 -48.0 -69.5 4.71238898038469 20 
0007 0011 1666607883388844 91.125 -69.5 6.166602767300278 20 
0007 0010 1666607883423959 -15.375 -75.5 1.0492428589137786 20 
0007 0012 1666607883432927 18.75 -76.5 1.8653206380689396 20 
0007 0009 1666607883437184 -0.75 -76.0 4.503767593232243 20 
0007 0008 1666607883439272 4.875 -77.0 5.013049214810275 20 
0007 0015 1666607883514593 -8.9375 -64.0 0.21475731030398976 20 
0007 0006 1666607883515987 87.0625 -66.5 0.11658253987930872 20 
0007 0011 1666607883516916 -247.375 -70.0 0.2638446955163303 20 
0007 0005 1666607883519332 -21.9375 -68.0 4.246058820867455 20 
0007 0000 1666607883522799 69.125 -70.5 4.448544284868359 20 
0007 0009 1666607883560204 20.4375 -77.0 1.0615147052168636 20 
0007 0008 1666607883590452 -19.9375 -77.0 2.1782527187976104 20 
0007 0010 1666607883594153 0.75 -76.0 4.166291819897402 20 
0007 0012 1666607883597896 2.875 -77.0 1.6996507129772904 20 
0007 0000 1666607883650909 147.25 -72.0 4.289010282928253 20 
0007 0015 1666607883653595 121.25 -64.5 0.03681553890925539 20 
0007 0006 1666607883654874 65.0625 -66.0 0.1043106935762236 20 
0007 0012 1666607883656439 48.0 -75.0 1.4787574795217582 20 
0007 0011 1666607883657608 -78.0625 -69.5 0.09817477042468103 20 
0007 0005 1666607883658999 34.9375 -67.0 4.06811704947272 20 
0007 0010 1666607883686749 -1.625 -75.5 1.0185632431560658 20 
0007 0008 1666607883701318 -26.0625 -76.5 5.332117218690489 20 
0007 0009 1666607883703479 7.3125 -77.0 4.289010282928253 20 
0007 0005 1666607883777977 13.0 -67.5 4.0128937411088375 20 
0007 0000 1666607883779445 -212.375 -71.5 4.405592822807561 20 
0007 0011 1666607883781686 -61.0 -69.5 6.17273869045182 20 
0007 0006 1666607883783223 -78.0625 -66.5 0.2761165418194154 20 
0007 0015 1666607883784639 0.0 -64.5 0.11658253987930872 20 
0007 0009 1666607883819573 -7.3125 -76.5 1.1474176293384597 20 
0007 0012 1666607883822458 7.3125 -76.0 1.6505633277649499 20 
0007 0010 1666607883824611 5.625 -75.0 4.074252972624263 20 
0007 0008 1666607883827293 21.9375 -76.5 5.031456984264903 20 
0007 0005 1666607883909559 -43.125 -69.0 4.086524818927348 20 
0007 0015 1666607883913299 -39.0 -65.0 0.12885438618239387 20 
0007 0006 1666607883915422 13.0 -67.0 0.1902136176978195 20 
0007 0011 1666607883916462 -13.0 -70.5 6.17273869045182 20 
0007 0012 1666607883917630 152.125 -73.0 1.4419419406125027 20 
0007 0010 1666607883924036 -4.0625 -73.5 1.1474176293384597 20 
0007 0000 1666607883926990 -134.25 -71.5 4.417864669110647 20 
0007 0009 1666607883950873 24.375 -76.5 4.135612204139688 20 
0007 0008 1666607883959732 -9.75 -76.5 5.148039524144211 20 
0007 0011 1666607884038300 247.375 -69.5 5.853670686571607 20 
0007 0005 1666607884039423 -91.125 -68.0 4.135612204139688 20 
0007 0006 1666607884042430 48.0 -66.5 0.15339807878856412 20 
0007 0015 1666607884043329 -26.0 -65.5 0.14112623248547898 20 
0007 0010 1666607884050699 334.4375 -72.5 0.6320000846088841 20 
0007 0000 1666607884063765 -165.1875 -72.0 4.086524818927348 20 
0007 0012 1666607884076631 91.125 -75.5 1.5462526341887264 20 
0007 0008 1666607884100947 24.375 -76.5 4.884194828627882 20 
0007 0009 1666607884103859 4.0625 -76.5 4.09266074207889 20 
0007 0015 1666607884184420 -52.0625 -65.5 0.1227184630308513 20 
0007 0011 1666607884188963 -30.0625 -69.5 6.031612457966341 20 
0007 0005 1666607884189902 0.0 -68.0 3.9392626632903265 20 
0007 0006 1666607884190947 117.125 -66.5 0.1718058482431918 20 
0007 0000 1666607884194993 -173.3125 -71.5 4.301282129231338 20 
0007 0012 1666607884200068 -61.0 -75.0 1.6935147898257479 20 
0007 0010 1666607884217039 37.8125 -73.5 0.8559612796401878 20 
0007 0009 1666607884222321 17.0625 -77.0 4.123340357836604 20 
0007 0008 1666607884229673 14.625 -76.5 5.086680292628786 20 
0007 0005 1666607884310095 -104.125 -67.5 4.006757817957295 20 
0007 0010 1666607884311785 169.25 -72.0 0.7424467013366504 20 
0007 0015 1666607884312979 -8.9375 -64.5 0.12885438618239387 20 
0007 0006 1666607884316059 -52.0625 -66.0 0.2454369260617026 20 
0007 0000 1666607884317553 -156.1875 -69.5 4.362641360746763 20 
0007 0011 1666607884318477 56.125 -70.5 6.12365130523948 20 
0007 0012 1666607884341589 -4.0625 -75.5 1.736466251886546 20 
0007 0009 1666607884346957 21.9375 -77.0 0.9694758579437253 20 
0007 0008 1666607884353051 5.625 -76.5 4.896466674930966 20 
