0007 0015 1666608004067683 -100.0625 -67.5 5.822991070813893 20 
0007 0005 1666608004069180 -78.0625 -64.0 6.154330920997192 20 
0007 0006 1666608004070091 126.125 -68.0 3.4054373491061236 20 
0007 0011 1666608004071812 152.125 -69.5 1.6812429435226628 20 
0007 0005 1666608004168717 -8.9375 -64.5 6.092971689481767 20 
0007 0006 1666608004170525 108.1875 -68.5 3.399301425954581 20 
0007 0015 1666608004172313 43.125 -68.0 5.773903685601553 20 
0007 0011 1666608004175248 56.125 -68.5 1.607611865704152 20 
0007 0012 1666608004177716 -117.125 -73.0 2.1230294104337273 20 
0007 0001 1666608004201079 -0.75 -75.0 4.608078286808466 20 
0007 0006 1666608004279517 0.0 -68.5 3.552699504743145 20 
0007 0005 1666608004281016 -26.0 -64.5 6.111379458936394 20 
0007 0015 1666608004283316 43.125 -68.5 5.6941366846315 20 
0007 0011 1666608004284258 69.125 -69.0 1.7978254834019713 20 
0007 0012 1666608004286476 -399.5625 -72.5 2.356194490192345 20 
0007 0001 1666608004304205 21.1875 -75.0 4.571262747899211 20 
0007 0011 1666608004387714 17.0625 -68.5 1.718058482431918 20 
0007 0015 1666608004389000 -165.1875 -68.0 5.964117303299373 20 
0007 0012 1666608004390427 113.0625 -70.5 1.8960002538266525 20 
0007 0006 1666608004392508 -42.3125 -67.5 3.454524734318464 20 
0007 0005 1666608004395242 -4.0625 -64.5 6.14819499784565 20 
0007 0001 1666608004416234 9.0 -75.5 4.700117134081604 20 
0007 0012 1666608004496971 17.0625 -71.5 2.0064468705544187 20 
0007 0015 1666608004499007 39.0 -69.0 5.8475347634200645 20 
0007 0011 1666608004499948 156.1875 -69.0 1.6996507129772904 20 
0007 0005 1666608004500845 -82.1875 -64.0 6.19728238305799 20 
0007 0006 1666608004502267 184.6875 -68.5 3.2888548092268146 20 
0007 0001 1666608004527404 4.875 -75.0 4.638757902566179 20 
0007 0015 1666608004607676 165.1875 -67.5 5.675728915176872 20 
0007 0012 1666608004608643 -39.0 -71.0 1.9082721001297376 20 
0007 0011 1666608004610063 -113.0625 -70.0 1.9634954084936207 20 
0007 0005 1666608004611456 -8.9375 -64.5 6.111379458936394 20 
0007 0006 1666608004612339 -87.0625 -67.0 3.5772431973493153 20 
0007 0001 1666608004638427 -1.625 -75.0 4.614214209960009 20 
0007 0011 1666608004718678 -152.125 -69.0 2.0493983326152168 20 
0007 0012 1666608004719931 39.0 -71.0 1.8162332528565992 20 
0007 0006 1666608004721037 -14.625 -68.5 3.5281558121369745 20 
0007 0005 1666608004721950 -61.0 -64.5 6.135923151542564 20 
0007 0015 1666608004722835 -21.9375 -68.0 5.730952223540755 20 
0007 0001 1666608004746925 1.625 -74.5 1.6137477888556946 20 
0007 0011 1666608004825505 104.125 -69.5 1.6873788666742053 20 
0007 0006 1666608004828695 -152.125 -67.0 3.6324665057131984 20 
0007 0012 1666608004829592 -34.9375 -70.5 1.9941750242513334 20 
0007 0005 1666608004830973 -117.125 -64.5 6.191146459906448 20 
0007 0015 1666608004831900 -39.0 -68.5 5.915029918087033 20 
0007 0001 1666608004887923 -3.0 -75.0 1.509437095279471 20 
0007 0005 1666608004942754 30.0625 -64.5 5.982525072754001 20 
0007 0012 1666608004943669 381.625 -72.0 1.6751070203711202 20 
0007 0011 1666608004947473 69.125 -68.5 1.705786636128833 20 
0007 0006 1666608004950072 14.625 -68.5 3.497476196379262 20 
0007 0015 1666608004951227 74.0 -68.5 5.798447378207723 20 
0007 0001 1666608005001123 -3.3125 -75.0 1.607611865704152 20 
0007 0012 1666608005059233 91.125 -70.0 1.9941750242513334 20 
0007 0006 1666608005060129 99.25 -68.0 3.4606606574700063 20 
0007 0011 1666608005061282 -121.25 -70.5 1.8775924843720249 20 
0007 0005 1666608005063268 -152.125 -64.0 6.22182607566416 20 
0007 0015 1666608005066429 -91.125 -68.0 5.884350302329319 20 
0007 0001 1666608005116821 -8.0625 -75.0 1.576932249946439 20 
0007 0006 1666608005175537 -28.4375 -68.5 3.466796580621549 20 
0007 0011 1666608005176408 134.25 -69.5 1.7548740213411735 20 
0007 0012 1666608005177561 -78.0625 -71.5 2.061670178918302 20 
0007 0005 1666608005178757 -26.0 -64.5 6.166602767300278 20 
0007 0015 1666608005181118 -65.0625 -67.5 5.8045833013592665 20 
0007 0001 1666608005208743 9.0 -75.0 4.7307967498393175 20 
0007 0005 1666608005288317 -26.0 -64.5 6.111379458936394 20 
0007 0015 1666608005291759 0.0 -69.0 5.712544454086128 20 
0007 0006 1666608005292788 113.875 -68.0 3.32567034813607 20 
0007 0011 1666608005295880 147.25 -69.0 1.736466251886546 20 
0007 0012 1666608005297758 -43.125 -71.5 1.932815792735908 20 
0007 0001 1666608005321799 -23.625 -74.5 4.6448938257177215 20 
0007 0006 1666608005398003 151.3125 -68.0 3.2949907323783574 20 
0007 0005 1666608005401382 52.0625 -64.5 6.031612457966341 20 
0007 0011 1666608005402280 -139.125 -69.5 1.9512235621905356 20 
0007 0015 1666608005403944 30.0625 -67.5 5.66959299202533 20 
0007 0012 1666608005404830 -121.25 -71.0 2.2396119503130363 20 
0007 0001 1666608005429233 -19.5 -74.5 4.718524903536232 20 
0007 0006 1666608005507765 -91.125 -68.5 3.552699504743145 20 
0007 0015 1666608005509192 -212.375 -69.5 6.037748381117884 20 
0007 0012 1666608005510374 126.125 -71.0 1.9819031779482483 20 
0007 0011 1666608005512007 -26.0 -70.0 1.7855536370988863 20 
0007 0005 1666608005514150 26.0 -65.0 6.068427996875596 20 
0007 0001 1666608005541891 18.75 -74.5 4.724660826687775 20 
0007 0011 1666608005620586 13.0 -69.5 1.8714565612204823 20 
0007 0006 1666608005622648 130.1875 -68.5 3.3440781175906977 20 
0007 0005 1666608005623577 -108.1875 -64.5 6.22182607566416 20 
0007 0015 1666608005624774 -21.9375 -68.0 5.743224069843841 20 
0007 0012 1666608005627292 143.1875 -72.0 1.761009944492716 20 
0007 0001 1666608005654375 -4.0625 -75.0 4.700117134081604 20 
0007 0012 1666608005729790 8.9375 -71.0 1.9757672547967058 20 
0007 0015 1666608005734234 -13.0 -68.5 5.786175531904639 20 
0007 0005 1666608005735630 30.0625 -64.5 6.086835766330224 20 
0007 0011 1666608005738850 69.125 -69.0 1.7671458676442586 20 
0007 0006 1666608005739972 -75.625 -69.0 3.5956509668039427 20 
0007 0001 1666608005764344 -6.5 -74.5 1.5585244804918115 20 
0007 0011 1666608005842069 -199.375 -70.5 1.945087639038993 20 
0007 0012 1666608005843806 -108.1875 -72.5 2.055534255766759 20 
0007 0006 1666608005844912 75.625 -69.0 3.5281558121369745 20 
0007 0005 1666608005846979 -8.9375 -65.0 6.129787228391022 20 
0007 0015 1666608005848134 4.0625 -69.0 5.915029918087033 20 
0007 0001 1666608005864917 19.5 -74.5 4.6448938257177215 20 
0007 0006 1666608005950619 33.3125 -68.0 3.4054373491061236 20 
0007 0005 1666608005952933 -82.1875 -64.5 6.191146459906448 20 
0007 0012 1666608005954189 277.4375 -72.0 1.6198837120072371 20 
0007 0011 1666608005955357 230.25 -69.5 1.5155730184310134 20 
0007 0015 1666608005956241 -43.125 -69.0 5.841398840268521 20 
0007 0001 1666608005988241 15.375 -74.0 4.6878452877785195 20 
0007 0011 1666608006067974 126.125 -69.0 1.8346410223112268 20 
0007 0015 1666608006069369 34.9375 -69.5 5.872078456026235 20 
0007 0005 1666608006071568 -8.9375 -65.0 6.056156150572511 20 
0007 0006 1666608006073049 26.0 -68.0 3.5036121195308043 20 
0007 0012 1666608006074814 -121.25 -71.5 2.098485717827557 20 
0007 0001 1666608006091466 9.0 -74.5 4.516039439535327 20 
0007 0011 1666608006178222 -65.0625 -70.5 2.116893487282185 20 
0007 0005 1666608006182426 -48.0 -64.5 6.1850105367549055 20 
0007 0015 1666608006183569 217.25 -68.5 5.565282298449106 20 
0007 0006 1666608006185224 21.9375 -67.5 3.485204350076177 20 
0007 0012 1666608006186800 -8.9375 -70.5 1.9819031779482483 20 
0007 0001 1666608006208490 4.0625 -74.0 4.706253057233147 20 
0007 0005 1666608006293682 -39.0 -64.5 6.191146459906448 20 
0007 0006 1666608006295114 9.75 -68.5 3.454524734318464 20 
0007 0011 1666608006296300 -195.25 -69.5 2.2396119503130363 20 
0007 0012 1666608006298815 152.125 -71.5 1.8162332528565992 20 
0007 0015 1666608006299756 -95.1875 -68.5 5.878214379177777 20 
0007 0001 1666608006318326 -5.625 -74.5 1.4726215563702154 20 
0007 0011 1666608006405293 26.0 -69.5 1.9757672547967058 20 
0007 0012 1666608006409053 160.3125 -71.0 1.8223691760081417 20 
0007 0006 1666608006410787 182.25 -68.0 3.1968159619536762 20 
0007 0005 1666608006411925 -30.0625 -64.0 6.1420590746941075 20 
0007 0001 1666608006413457 -4.0625 -73.0 4.798291904506286 20 
0007 0001 1666608006433809 11.4375 -74.5 4.669437518323892 20 
0007 0005 1666608006515156 -61.0 -64.5 6.154330920997192 20 
0007 0015 1666608006517150 -104.125 -68.5 5.884350302329319 20 
0007 0006 1666608006519515 17.0625 -68.5 3.393165502803038 20 
0007 0011 1666608006522629 74.0 -69.5 1.9512235621905356 20 
0007 0012 1666608006524548 -126.125 -72.0 2.2212041808584084 20 
0007 0001 1666608006550303 -17.0625 -74.5 4.663301595172349 20 
0007 0015 1666608006630120 -65.0625 -69.0 5.9518454569962875 20 
0007 0011 1666608006631890 4.0625 -69.5 1.8346410223112268 20 
0007 0012 1666608006634764 95.1875 -71.0 1.748738098189631 20 
0007 0005 1666608006635678 87.0625 -64.5 5.982525072754001 20 
0007 0006 1666608006636843 14.625 -67.5 3.5036121195308043 20 
0007 0006 1666608006735306 -179.8125 -66.5 3.9638063558964967 20 
0007 0012 1666608006736486 -95.1875 -71.0 1.6873788666742053 20 
0007 0015 1666608006740248 -199.375 -68.0 5.884350302329319 20 
0007 0005 1666608006741158 13.0 -67.0 5.878214379177777 20 
0007 0006 1666608006839184 70.75 -65.5 3.859495662320273 20 
0007 0015 1666608006842575 -74.0 -70.0 5.706408530934585 20 
0007 0009 1666608006853365 66.3125 -73.5 5.056000676871073 20 
0007 0012 1666608006865315 0.0 -77.0 1.3008157081270237 20 
0007 0014 1666608006942824 -0.625 -75.0 5.921165841238575 20 
0007 0010 1666608006950836 2.4375 -71.5 2.0923497946760143 20 
0007 0007 1666608006958893 1.625 -71.5 0.30066023442558565 20 
0007 0007 1666608006981646 26.0 -69.0 3.6386024288647407 20 
0007 0006 1666608006984499 222.9375 -68.0 3.877903431774901 20 
0007 0010 1666608006985395 -30.0625 -69.0 2.662990647769473 20 
0007 0009 1666608006986336 30.0625 -70.0 5.730952223540755 20 
0007 0014 1666608007037618 1.1875 -75.0 6.191146459906448 20 
0007 0015 1666608007045170 -4.375 -73.5 2.018718716857504 20 
0007 0011 1666608007055077 5.3125 -75.5 1.1903690913992575 20 
0007 0010 1666608007110582 -13.0 -68.0 3.6876898140770815 20 
0007 0015 1666608007113637 -104.125 -71.0 5.3198453723874035 20 
0007 0007 1666608007118168 -30.0625 -68.0 5.148039524144211 20 
0007 0011 1666608007119785 30.0625 -72.5 1.8837284075235674 20 
0007 0006 1666608007120948 126.125 -68.5 4.81056375080937 20 
0007 0009 1666608007123286 -30.0625 -71.0 0.7792622402459057 20 
0007 0005 1666608007147214 -14.625 -78.5 0.7179030087304801 20 
0007 0015 1666608007227752 -117.125 -70.0 4.9823695990525625 20 
0007 0011 1666608007230822 -121.25 -68.5 3.32567034813607 20 
0007 0010 1666608007231778 -195.25 -67.5 5.043728830567988 20 
0007 0005 1666608007235356 -273.375 -73.5 5.013049214810275 20 
0007 0007 1666608007284691 -9.75 -75.0 5.3198453723874035 20 
0007 0007 1666608007338516 212.375 -70.5 2.945243112740431 20 
0007 0015 1666608007341285 -8.9375 -68.0 5.1725832167503825 20 
0007 0010 1666608007342343 26.0 -69.0 5.620505606812989 20 
0007 0011 1666608007343270 -43.125 -62.5 4.184699589352029 20 
0007 0005 1666608007369625 -0.75 -76.5 0.6872233929727672 20 
0007 0006 1666608007487346 -234.3125 -66.5 5.418020142812084 20 
0007 0005 1666608007488216 -550.875 -71.5 3.890175278077986 20 
0007 0007 1666608007490657 -8.9375 -65.0 4.970097752749477 20 
0007 0011 1666608007491571 30.0625 -61.0 5.092816215780329 20 
0007 0010 1666608007492936 -34.9375 -67.5 0.04295146206079795 20 
0007 0015 1666608007493835 -74.0 -69.0 4.9823695990525625 20 
0007 0008 1666608007587225 5.5625 -77.5 4.675573441475434 20 
0007 0007 1666608007603615 130.1875 -66.5 5.663457068873787 20 
0007 0015 1666608007605506 -121.25 -66.0 5.595961914206819 20 
0007 0011 1666608007606460 -30.0625 -63.0 5.559146375297564 20 
0007 0010 1666608007607614 91.125 -64.0 0.8160777791551611 20 
0007 0006 1666608007610805 -66.6875 -66.5 5.816855147662351 20 
0007 0005 1666608007615667 -4.0625 -68.0 5.141903600992669 20 
0007 0014 1666608007631855 21.9375 -74.0 0.2638446955163303 20 
0007 0008 1666608007659221 1.1875 -76.5 5.6143696836614465 20 
0007 0010 1666608007727296 13.0 -64.0 1.8039614065535141 20 
0007 0015 1666608007728226 -61.0 -68.0 5.939573610693203 20 
0007 0006 1666608007731136 -184.6875 -70.0 5.921165841238575 20 
0007 0011 1666608007732455 -8.9375 -66.0 5.424156065963627 20 
0007 0005 1666608007733624 39.0 -68.5 0.4049709280018093 20 
0007 0014 1666608007741060 95.1875 -72.5 3.5895150436524004 20 
0007 0008 1666608007759666 6.5 -75.5 3.693825737228624 20 
0007 0006 1666608007845857 33.3125 -69.5 4.773748211900116 20 
0007 0010 1666608007847701 0.0 -67.5 1.9144080232812801 20 
0007 0011 1666608007850607 -191.1875 -67.5 5.405748296509 20 
0007 0015 1666608007852341 -74.0 -65.5 5.737088146692298 20 
0007 0005 1666608007854387 -178.1875 -68.0 2.0064468705544187 20 
0007 0011 1666608007959012 -113.0625 -69.5 5.4671075280244255 20 
0007 0005 1666608007959909 152.125 -67.0 2.1782527187976104 20 
0007 0015 1666608007961545 -100.0625 -63.5 5.976389149602458 20 
0007 0010 1666608007964289 52.0625 -72.0 1.8960002538266525 20 
0007 0006 1666608007966829 -95.1875 -66.5 5.5714182216006485 20 
0007 0000 1666608007986134 23.625 -75.5 0.4295146206079795 20 
0007 0011 1666608008068668 186.3125 -69.5 5.031456984264903 20 
0007 0006 1666608008069847 194.4375 -66.5 5.608233760509904 20 
0007 0005 1666608008072141 -204.25 -68.0 2.9145634969827183 20 
0007 0015 1666608008074550 8.9375 -63.5 5.884350302329319 20 
0007 0004 1666608008093682 -18.75 -73.5 5.9088939949354895 20 
0007 0000 1666608008099782 -6.5 -75.0 0.9633399347921826 20 
0007 0014 1666608008160658 -6.8125 -74.5 6.252505691421874 20 
0007 0011 1666608008184108 147.25 -70.5 5.154175447295755 20 
0007 0006 1666608008186578 -94.375 -66.5 5.8475347634200645 20 
0007 0005 1666608008187604 -173.3125 -68.0 2.9022916506796332 20 
0007 0015 1666608008191746 -30.0625 -63.5 5.872078456026235 20 
0007 0000 1666608008217898 -2.4375 -74.5 1.337631247036279 20 
0007 0004 1666608008220759 3.1875 -73.0 5.589825991055276 20 
0007 0014 1666608008347848 0.875 -74.5 0.09817477042468103 20 
0007 0011 1666608008360689 -165.1875 -70.5 5.436427912266712 20 
0007 0015 1666608008362677 0.0 -64.5 5.626641529964532 20 
0007 0006 1666608008366066 -21.9375 -66.0 5.773903685601553 20 
0007 0005 1666608008366963 8.9375 -68.5 2.791845033951867 20 
0007 0000 1666608008389844 25.125 -75.0 0.9572040116406401 20 
0007 0004 1666608008393325 22.6875 -73.0 5.338253141842031 20 
0007 0014 1666608008442979 3.125 -74.5 0.01227184630308513 20 
0007 0006 1666608008484629 -47.1875 -67.0 5.773903685601553 20 
0007 0005 1666608008486366 225.375 -68.5 2.399145952253143 20 
0007 0011 1666608008487647 199.375 -71.0 5.043728830567988 20 
0007 0015 1666608008488574 -91.125 -65.0 5.730952223540755 20 
0007 0004 1666608008513188 -0.75 -73.0 2.1905245651006955 20 
0007 0000 1666608008591149 4.1875 -75.5 0.7240389318820226 20 
0007 0006 1666608008621838 -74.0 -66.5 5.6573211457222445 20 
0007 0011 1666608008622766 4.0625 -71.0 5.264622064023521 20 
0007 0005 1666608008623681 13.0 -67.5 2.742757648739526 20 
0007 0015 1666608008624822 17.0625 -65.0 5.424156065963627 20 
0007 0004 1666608008647568 -7.3125 -72.5 5.3627968344482015 20 
0007 0000 1666608008715425 -3.6875 -75.5 0.7363107781851077 20 
0007 0011 1666608008736948 303.5 -70.0 4.957825906446392 20 
0007 0005 1666608008737959 34.9375 -67.5 2.6384469551633027 20 
0007 0006 1666608008738869 42.3125 -67.0 5.595961914206819 20 
0007 0015 1666608008741901 -121.25 -65.0 5.626641529964532 20 
0007 0004 1666608008760823 16.3125 -72.5 5.289165756629691 20 
0007 0000 1666608008813187 0.1875 -75.5 0.5890486225480862 20 
0007 0005 1666608008853614 61.0 -68.0 2.564815877344792 20 
0007 0011 1666608008855761 -377.5625 -71.5 5.681864838328415 20 
0007 0006 1666608008856698 -99.25 -66.5 5.553010452146021 20 
0007 0015 1666608008857612 -30.0625 -65.0 5.546874528994478 20 
0007 0004 1666608008874909 -12.9375 -73.0 5.375068680751287 20 
0007 0000 1666608008947734 8.4375 -75.5 0.4356505437595221 20 
0007 0005 1666608008967048 39.0 -68.5 2.5893595699509624 20 
0007 0011 1666608008968426 30.0625 -70.5 5.148039524144211 20 
0007 0015 1666608008973631 -4.0625 -65.5 5.473243451175968 20 
0007 0006 1666608008974558 -108.1875 -67.0 5.71868037723767 20 
0007 0004 1666608009001277 -7.3125 -72.5 5.4671075280244255 20 
