0007 0014 1666595947455199 -56.125 -68.5 3.472932503773092 2 
0007 0004 1666595947456788 -4.0625 -65.0 4.460816131171445 2 
0007 0008 1666595947458340 -30.0625 -62.0 3.32567034813607 2 
0007 0005 1666595947461041 156.1875 -63.5 5.773903685601553 2 
0007 0015 1666595947462580 -121.25 -67.0 5.436427912266712 2 
0007 0008 1666595947560539 -69.125 -62.0 3.3011266555298997 2 
0007 0004 1666595947561592 -13.0 -65.0 4.368777283898306 2 
0007 0014 1666595947562492 147.25 -67.5 3.11091303783208 2 
0007 0005 1666595947564154 48.0 -63.5 5.902758071783947 2 
0007 0015 1666595947566216 -69.125 -66.5 5.393476450205914 2 
0007 0014 1666595947665382 -87.0625 -67.5 3.442252888015379 2 
0007 0015 1666595947668347 0.0 -67.5 5.3627968344482015 2 
0007 0008 1666595947669618 -4.0625 -62.0 3.1968159619536762 2 
0007 0004 1666595947671325 -61.0 -64.5 4.479223900626073 2 
0007 0005 1666595947672253 61.0 -64.0 5.841398840268521 2 
0007 0005 1666595947772199 48.0 -64.0 5.8659425328746915 2 
0007 0008 1666595947773578 -56.125 -62.0 3.2520392703175593 2 
0007 0015 1666595947774944 4.0625 -67.5 5.283029833478148 2 
0007 0004 1666595947775885 -91.125 -65.0 4.460816131171445 2 
0007 0014 1666595947778019 65.0625 -69.0 3.1231848841351653 2 
0007 0015 1666595947881846 -69.125 -67.0 5.473243451175968 2 
0007 0005 1666595947883353 21.9375 -63.5 5.884350302329319 2 
0007 0004 1666595947884506 -26.0 -65.0 4.424000592262189 2 
0007 0014 1666595947888085 56.125 -70.0 3.2643111166206444 2 
0007 0008 1666595947889024 -74.0 -62.0 3.2765829629237295 2 
0007 0008 1666595947987205 -4.0625 -61.0 3.184544115650591 2 
0007 0014 1666595947990586 -108.1875 -68.0 3.497476196379262 2 
0007 0005 1666595947991455 -34.9375 -63.5 5.970253226450915 2 
0007 0004 1666595947992397 -43.125 -65.5 4.399456899656019 2 
0007 0015 1666595947993692 -74.0 -67.5 5.356660911296659 2 
0007 0005 1666595948091710 -8.9375 -63.0 5.872078456026235 2 
0007 0015 1666595948092611 -43.125 -67.5 5.375068680751287 2 
0007 0014 1666595948093764 -48.0 -68.5 3.4177091954092087 2 
0007 0008 1666595948094674 -34.9375 -61.5 3.2213596545598464 2 
0007 0004 1666595948096652 -186.3125 -65.5 4.558990901596125 2 
0007 0008 1666595948194028 52.0625 -62.0 3.147728576741336 2 
0007 0005 1666595948196260 69.125 -63.5 5.822991070813893 2 
0007 0004 1666595948197811 -34.9375 -65.0 4.368777283898306 2 
0007 0015 1666595948199009 56.125 -67.5 5.21553467881118 2 
0007 0014 1666595948199891 -100.0625 -68.5 3.429981041712294 2 
0007 0004 1666595948297850 43.125 -65.5 4.344233591292136 2 
0007 0008 1666595948299854 -34.9375 -61.5 3.215223731408304 2 
0007 0005 1666595948301205 74.0 -64.0 5.786175531904639 2 
0007 0015 1666595948302103 -21.9375 -67.5 5.368932757599744 2 
0007 0014 1666595948304080 -117.125 -68.5 3.4913402732277192 2 
0007 0005 1666595948402860 52.0625 -64.0 5.8659425328746915 2 
0007 0008 1666595948405626 13.0 -61.0 3.1784081924990484 2 
0007 0014 1666595948406624 -43.125 -68.0 3.393165502803038 2 
0007 0015 1666595948407551 17.0625 -67.0 5.258486140871978 2 
0007 0004 1666595948408436 -30.0625 -65.5 4.3933209765044765 2 
0007 0015 1666595948505888 8.9375 -68.0 5.356660911296659 2 
0007 0005 1666595948506914 -8.9375 -63.0 5.915029918087033 2 
0007 0008 1666595948508088 -8.9375 -61.5 3.172272269347506 2 
0007 0014 1666595948509723 -48.0 -68.5 3.448388811166921 2 
0007 0004 1666595948513887 -61.0 -65.0 4.387185053352934 2 
0007 0015 1666595948610036 -134.25 -67.0 5.405748296509 2 
0007 0004 1666595948612040 26.0 -65.0 4.344233591292136 2 
0007 0005 1666595948614268 -4.0625 -64.0 5.841398840268521 2 
0007 0008 1666595948615749 -26.0 -61.5 3.2029518851052186 2 
0007 0014 1666595948616902 -56.125 -68.5 3.2949907323783574 2 
0007 0014 1666595948711954 -212.375 -68.0 3.6079228131070282 2 
0007 0008 1666595948712890 -34.9375 -61.5 3.2029518851052186 2 
0007 0005 1666595948714299 -34.9375 -63.5 5.8659425328746915 2 
0007 0004 1666595948717519 -61.0 -65.0 4.454680208019902 2 
0007 0015 1666595948720394 -52.0625 -67.5 5.295301679781233 2 
0007 0015 1666595948818685 17.0625 -67.5 5.301437602932776 2 
0007 0008 1666595948820484 0.0 -62.0 3.1906800388021335 2 
0007 0004 1666595948821400 65.0625 -65.0 4.3074180523828804 2 
0007 0005 1666595948822554 -56.125 -63.5 5.9518454569962875 2 
0007 0014 1666595948824545 -17.0625 -69.0 3.3318062712876126 2 
0007 0015 1666595948921441 -48.0 -67.5 5.160311370447297 2 
0007 0014 1666595948922847 -100.0625 -69.5 3.4054373491061236 2 
0007 0005 1666595948924853 26.0 -63.5 5.822991070813893 2 
0007 0008 1666595948926005 48.0 -62.0 3.184544115650591 2 
0007 0004 1666595948928253 143.1875 -65.5 4.319689898685965 2 
0007 0014 1666595949025894 -238.4375 -69.0 3.6876898140770815 2 
0007 0005 1666595949027557 39.0 -63.5 5.8475347634200645 2 
0007 0015 1666595949031382 -74.0 -67.0 5.375068680751287 2 
0007 0004 1666595949032451 -139.125 -65.5 4.473087977474529 2 
0007 0008 1666595949033363 -52.0625 -61.5 3.2704470397721868 2 
0007 0004 1666595949129754 -69.125 -64.0 4.491495746929157 2 
0007 0005 1666595949130908 -52.0625 -64.0 5.982525072754001 2 
0007 0014 1666595949132073 43.125 -69.0 3.2336315008629315 2 
0007 0008 1666595949134318 -34.9375 -62.0 3.3318062712876126 2 
0007 0015 1666595949135445 -199.375 -67.0 5.553010452146021 2 
0007 0015 1666595949235326 -30.0625 -68.0 5.3627968344482015 2 
0007 0008 1666595949238888 39.0 -62.0 3.2397674240144743 2 
0007 0005 1666595949239784 8.9375 -63.5 5.835262917116979 2 
0007 0004 1666595949240640 21.9375 -65.0 4.3933209765044765 2 
0007 0014 1666595949242487 -30.0625 -69.0 3.3440781175906977 2 
0007 0004 1666595949341164 -56.125 -65.0 4.528311285838413 2 
0007 0005 1666595949342315 -8.9375 -63.5 5.859806609723149 2 
0007 0008 1666595949345057 -43.125 -62.0 3.313398501832985 2 
0007 0014 1666595949346084 52.0625 -68.5 3.356349963893783 2 
0007 0015 1666595949347235 -4.0625 -67.0 5.295301679781233 2 
0007 0005 1666595949445993 -69.125 -63.0 5.915029918087033 2 
0007 0008 1666595949448521 -21.9375 -62.0 3.1968159619536762 2 
0007 0014 1666595949449645 -95.1875 -69.0 3.368621810196868 2 
0007 0015 1666595949450659 117.125 -67.5 5.141903600992669 2 
0007 0004 1666595949451598 30.0625 -65.0 4.411728745959104 2 
0007 0014 1666595949547053 -100.0625 -69.0 3.5772431973493153 2 
0007 0004 1666595949548550 -26.0 -65.0 4.466952054322987 2 
0007 0008 1666595949549958 -78.0625 -62.0 3.3011266555298997 2 
0007 0005 1666595949552217 -95.1875 -63.0 5.93343768754166 2 
0007 0015 1666595949553685 -39.0 -67.0 5.3198453723874035 2 
0007 0004 1666595949652362 -52.0625 -65.0 4.424000592262189 2 
0007 0014 1666595949654375 -100.0625 -69.0 3.5956509668039427 2 
0007 0015 1666595949655687 43.125 -67.5 5.227806525114265 2 
0007 0005 1666595949656613 -48.0 -63.5 5.878214379177777 2 
0007 0008 1666595949657581 -13.0 -61.5 3.184544115650591 2 
0007 0005 1666595949762454 -4.0625 -63.5 5.810719224510809 2 
0007 0015 1666595949765724 -8.9375 -67.5 5.246214294568893 2 
0007 0008 1666595949766820 -52.0625 -62.0 3.184544115650591 2 
0007 0004 1666595949767743 -17.0625 -65.5 4.319689898685965 2 
0007 0014 1666595949772456 225.375 -69.0 2.9759227284981438 2 
0007 0008 1666595949870121 43.125 -62.0 3.0925052683774528 2 
0007 0015 1666595949872370 -48.0 -67.0 5.227806525114265 2 
0007 0004 1666595949873905 -8.9375 -64.5 4.368777283898306 2 
0007 0005 1666595949874845 8.9375 -63.5 5.816855147662351 2 
0007 0014 1666595949876193 17.0625 -68.0 3.2520392703175593 2 
0007 0014 1666595949971939 -108.1875 -69.0 3.380893656499953 2 
0007 0005 1666595949972835 -13.0 -63.0 5.829126993965437 2 
0007 0008 1666595949975772 -4.0625 -62.0 3.160000423044421 2 
0007 0004 1666595949977537 61.0 -64.5 4.239922897715912 2 
0007 0015 1666595949979686 -26.0 -67.5 5.301437602932776 2 
0007 0005 1666595950077391 -21.9375 -63.5 5.810719224510809 2 
0007 0014 1666595950079931 -65.0625 -68.5 3.442252888015379 2 
0007 0015 1666595950081832 0.0 -68.0 5.148039524144211 2 
0007 0008 1666595950084036 -21.9375 -62.0 3.11091303783208 2 
0007 0004 1666595950084934 117.125 -65.0 4.227651051412827 2 
0007 0008 1666595950185966 -126.125 -61.5 3.2704470397721868 2 
0007 0004 1666595950187218 -113.0625 -65.5 4.454680208019902 2 
0007 0015 1666595950188358 139.125 -66.5 5.006913291658733 2 
0007 0014 1666595950189493 -4.0625 -68.5 3.32567034813607 2 
0007 0005 1666595950190409 52.0625 -63.0 5.688000761479957 2 
0007 0005 1666595950290929 -26.0 -63.5 5.786175531904639 2 
0007 0004 1666595950292295 156.1875 -64.0 4.2031073588066565 2 
0007 0014 1666595950294511 -21.9375 -68.5 3.3624858870453256 2 
0007 0015 1666595950295797 43.125 -68.0 5.246214294568893 2 
0007 0008 1666595950297545 -34.9375 -61.5 3.147728576741336 2 
0007 0004 1666595950393769 -21.9375 -65.5 4.417864669110647 2 
0007 0014 1666595950396512 -39.0 -68.5 3.3195344249845276 2 
0007 0015 1666595950397749 21.9375 -67.0 5.209398755659637 2 
0007 0005 1666595950398587 0.0 -63.5 5.780039608753096 2 
0007 0008 1666595950400026 17.0625 -61.5 3.0495538063166547 2 
0007 0004 1666595950499510 -4.0625 -65.5 4.344233591292136 2 
0007 0015 1666595950501548 -130.1875 -68.0 5.301437602932776 2 
0007 0008 1666595950502472 -34.9375 -61.5 3.147728576741336 2 
0007 0005 1666595950503881 52.0625 -63.0 5.7616318392984684 2 
0007 0014 1666595950505825 13.0 -69.0 3.32567034813607 2 
0007 0005 1666595950604490 26.0 -62.5 5.780039608753096 2 
0007 0014 1666595950606706 82.1875 -69.0 3.172272269347506 2 
0007 0008 1666595950608339 -21.9375 -62.0 3.1354567304382504 2 
0007 0004 1666595950610618 30.0625 -65.5 4.227651051412827 2 
0007 0015 1666595950611518 -143.1875 -67.5 5.381204603902829 2 
0007 0004 1666595950709609 -39.0 -65.0 4.313553975534423 2 
0007 0005 1666595950710776 -30.0625 -63.5 5.8045833013592665 2 
0007 0008 1666595950712164 0.0 -61.5 3.043417883165112 2 
0007 0015 1666595950713520 17.0625 -67.5 5.283029833478148 2 
0007 0014 1666595950717796 139.125 -69.0 3.2827188860752723 2 
0007 0004 1666595950816500 13.0 -64.5 4.319689898685965 2 
0007 0008 1666595950819226 -56.125 -61.0 3.184544115650591 2 
0007 0005 1666595950820222 8.9375 -63.0 5.810719224510809 2 
0007 0015 1666595950821137 -17.0625 -67.0 5.2768939103266055 2 
0007 0014 1666595950822916 -160.3125 -68.5 3.5772431973493153 2 
0007 0008 1666595950919806 17.0625 -62.0 3.104777114680538 2 
0007 0004 1666595950923186 -61.0 -65.0 4.424000592262189 2 
0007 0005 1666595950924112 -95.1875 -63.0 5.939573610693203 2 
0007 0015 1666595950925495 -117.125 -67.5 5.332117218690489 2 
0007 0014 1666595950926619 260.375 -69.0 3.129320807286708 2 
0007 0005 1666595951023185 -26.0 -63.5 5.8475347634200645 2 
0007 0008 1666595951024096 21.9375 -61.5 3.129320807286708 2 
0007 0015 1666595951028985 -21.9375 -66.5 5.209398755659637 2 
0007 0004 1666595951029867 8.9375 -64.0 4.319689898685965 2 
0007 0014 1666595951030924 -186.3125 -68.0 3.497476196379262 2 
0007 0014 1666595951130171 -230.25 -68.0 3.5895150436524004 2 
0007 0005 1666595951131110 39.0 -63.0 5.798447378207723 2 
0007 0004 1666595951134077 8.9375 -65.0 4.338097668140593 2 
0007 0008 1666595951134970 0.0 -61.5 3.117048960983623 2 
0007 0015 1666595951135934 -69.125 -67.0 5.393476450205914 2 
0007 0008 1666595951233335 0.0 -62.0 3.1231848841351653 2 
0007 0015 1666595951235628 4.0625 -68.0 5.240078371417351 2 
0007 0004 1666595951237152 30.0625 -64.0 4.215379205109742 2 
0007 0014 1666595951238021 56.125 -67.5 3.2949907323783574 2 
0007 0005 1666595951241559 -87.0625 -63.0 5.890486225480862 2 
0007 0008 1666595951337313 -30.0625 -62.0 3.147728576741336 2 
0007 0014 1666595951339827 -100.0625 -68.0 3.356349963893783 2 
0007 0015 1666595951341279 -13.0 -67.5 5.258486140871978 2 
0007 0005 1666595951343768 34.9375 -63.5 5.8045833013592665 2 
0007 0004 1666595951345923 -8.9375 -65.5 4.3503695144436785 2 
0007 0004 1666595951441934 -4.0625 -65.5 4.270602513473625 2 
0007 0005 1666595951443487 -34.9375 -63.0 5.780039608753096 2 
0007 0008 1666595951444936 -48.0 -61.5 3.172272269347506 2 
0007 0015 1666595951446689 121.25 -67.5 5.105088062083414 2 
0007 0014 1666595951449332 61.0 -68.5 3.2704470397721868 2 
0007 0004 1666595951548183 -21.9375 -65.0 4.313553975534423 2 
0007 0008 1666595951550482 -8.9375 -62.0 3.141592653589793 2 
0007 0014 1666595951551440 -191.1875 -68.5 3.5711072741977725 2 
0007 0005 1666595951552435 21.9375 -63.5 5.773903685601553 2 
0007 0015 1666595951553379 13.0 -68.0 5.258486140871978 2 
0007 0015 1666595951657785 61.0 -67.5 5.190990986205009 2 
0007 0008 1666595951659023 -74.0 -61.5 3.1968159619536762 2 
0007 0004 1666595951659934 -82.1875 -65.5 4.344233591292136 2 
0007 0005 1666595951661344 -78.0625 -63.5 5.915029918087033 2 
0007 0014 1666595951663093 -117.125 -68.5 3.411573272257666 2 
0007 0005 1666595951761797 13.0 -64.0 5.786175531904639 2 
0007 0014 1666595951763161 13.0 -68.5 3.2581751934691017 2 
0007 0004 1666595951765139 87.0625 -65.0 4.276738436625168 2 
0007 0008 1666595951767369 48.0 -62.0 3.08636934522591 2 
0007 0015 1666595951768625 48.0 -68.0 5.098952138931871 2 
0007 0008 1666595951863549 -17.0625 -62.5 3.1354567304382504 2 
0007 0015 1666595951866011 -78.0625 -67.5 5.313709449235861 2 
0007 0004 1666595951868273 -147.25 -65.5 4.3503695144436785 2 
0007 0014 1666595951869964 82.1875 -69.0 3.2336315008629315 2 
0007 0005 1666595951870906 -74.0 -63.5 5.8475347634200645 2 
0007 0004 1666595951969168 43.125 -65.0 4.344233591292136 2 
0007 0015 1666595951970735 -156.1875 -67.5 5.473243451175968 2 
0007 0005 1666595951972952 30.0625 -63.5 5.8045833013592665 2 
0007 0014 1666595951974236 48.0 -68.5 3.3318062712876126 2 
0007 0008 1666595951975161 -34.9375 -62.5 3.1968159619536762 2 
0007 0015 1666595952071665 -52.0625 -67.0 5.221670601962723 2 
0007 0008 1666595952074662 -113.0625 -62.5 3.2643111166206444 2 
0007 0014 1666595952075915 -208.3125 -69.0 3.497476196379262 2 
0007 0004 1666595952077264 -43.125 -64.5 4.399456899656019 2 
0007 0005 1666595952078187 8.9375 -63.0 5.8045833013592665 2 
0007 0015 1666595952177257 34.9375 -67.5 5.209398755659637 2 
0007 0004 1666595952178524 -56.125 -65.5 4.417864669110647 2 
0007 0008 1666595952180780 4.0625 -62.5 3.104777114680538 2 
0007 0005 1666595952181666 -74.0 -63.0 5.884350302329319 2 
0007 0014 1666595952182534 -43.125 -70.5 3.368621810196868 2 
0007 0004 1666595952281507 13.0 -65.0 4.374913207049849 2 
0007 0014 1666595952282505 -87.0625 -68.0 3.448388811166921 2 
0007 0005 1666595952284749 4.0625 -62.5 5.8045833013592665 2 
0007 0015 1666595952287086 -34.9375 -66.5 5.350524988145116 2 
0007 0008 1666595952287953 -39.0 -62.0 3.1231848841351653 2 
