0002 0009 1655953341767524 -26.0 -57.0 1.9512235621905356 13 
0002 0007 1655953341771239 -26.0 -66.5 5.460971604872882 13 
0002 0006 1655953341773335 -9.75 -67.5 4.933282213840222 13 
0002 0011 1655953341801463 1.8125 -76.0 4.859651136021712 13 
0002 0004 1655953341807307 -1.8125 -70.0 4.6448938257177215 13 
0002 0012 1655953341906562 2.5625 -76.0 0.6688156235181395 13 
0002 0013 1655953341926070 -6.5 -60.5 2.423689644859313 13 
0002 0007 1655953341929333 -58.5625 -67.0 5.559146375297564 13 
0002 0009 1655953341930296 -3.25 -57.0 1.8714565612204823 13 
0002 0005 1655953341931217 -6.5 -57.5 1.6812429435226628 13 
0002 0006 1655953341932155 -61.8125 -67.5 4.95168998329485 13 
0002 0004 1655953341959987 11.6875 -71.0 4.448544284868359 13 
0002 0011 1655953341968365 -17.6875 -76.0 4.724660826687775 13 
0002 0015 1655953341972318 -0.5625 -77.0 0.25770877236478773 13 
0002 0007 1655953342091230 -35.75 -66.5 5.5714182216006485 13 
0002 0005 1655953342092403 19.5 -57.5 1.7241944055834606 13 
0002 0006 1655953342093625 94.375 -68.5 4.749204519293945 13 
0002 0009 1655953342096119 -16.25 -57.5 1.846912868614312 13 
0002 0013 1655953342098417 13.0 -60.5 2.380738182798515 13 
0002 0015 1655953342121502 9.125 -76.0 0.2086213871524472 13 
0002 0011 1655953342126449 -18.25 -75.5 5.0253210611133605 13 
0002 0004 1655953342131590 20.125 -71.0 1.2762720155208536 13 
0002 0013 1655953342205923 9.75 -61.0 2.448233337465483 13 
0002 0007 1655953342208170 68.3125 -67.0 5.4671075280244255 13 
0002 0005 1655953342209061 16.25 -57.0 1.6751070203711202 13 
0002 0006 1655953342210224 42.3125 -68.5 4.767612288748572 13 
0002 0009 1655953342211205 52.0625 -57.5 1.7426021750380885 13 
0002 0011 1655953342233677 -4.875 -75.5 4.865787059173254 13 
0002 0004 1655953342245626 3.1875 -70.5 1.3008157081270237 13 
0002 0015 1655953342250343 20.125 -77.0 0.14112623248547898 13 
0002 0012 1655953342316226 -0.125 -76.0 0.7424467013366504 13 
0002 0009 1655953342346321 26.0 -57.5 1.8039614065535141 13 
0002 0006 1655953342347781 -74.8125 -68.5 4.988505522204105 13 
0002 0013 1655953342349610 -84.625 -60.5 2.552544031041707 13 
0002 0007 1655953342352656 -22.75 -66.5 5.540738605842936 13 
0002 0005 1655953342354427 26.0 -57.5 1.6505633277649499 13 
0002 0011 1655953342371892 1.8125 -75.5 4.921010367537137 13 
0002 0004 1655953342375456 -17.5 -70.0 1.4848934026733007 13 
0002 0015 1655953342384429 -3.625 -76.0 0.3436116964863836 13 
0002 0012 1655953342435110 -7.3125 -77.5 0.705631162427395 13 
0002 0013 1655953342484528 -3.25 -60.5 2.411417798556228 13 
0002 0005 1655953342486604 -9.75 -57.0 1.662835174068035 13 
0002 0009 1655953342487544 -48.8125 -58.0 1.8223691760081417 13 
0002 0007 1655953342488789 0.0 -67.0 5.5100589900852235 13 
0002 0006 1655953342494316 -3.25 -68.0 5.037592907416445 13 
0002 0011 1655953342527523 24.375 -75.0 4.669437518323892 13 
0002 0004 1655953342534430 -5.75 -70.5 4.540583132141498 13 
0002 0015 1655953342560804 33.8125 -76.0 3.2029518851052186 13 
0002 0012 1655953342571037 -5.0 -77.0 0.5522330836388308 13 
0002 0005 1655953342684656 22.75 -57.5 1.5707963267948966 13 
0002 0009 1655953342686460 45.5625 -59.0 1.6382914814618648 13 
0002 0006 1655953342687409 -9.75 -68.5 5.117359908386499 13 
0002 0013 1655953342688390 -32.5 -61.0 2.442097414313941 13 
0002 0007 1655953342690934 -120.4375 -67.0 5.50392306693368 13 
0002 0004 1655953342732701 3.1875 -70.0 1.380582709097077 13 
0002 0011 1655953342735033 -6.6875 -75.0 4.853515212870168 13 
0002 0012 1655953342738049 9.125 -76.5 0.47860200582032003 13 
0002 0015 1655953342743194 12.9375 -76.5 0.16566992509164924 13 
0002 0009 1655953342820723 13.0 -60.0 1.6812429435226628 13 
0002 0005 1655953342822987 0.0 -57.0 1.607611865704152 13 
0002 0013 1655953342824410 29.25 -60.5 2.380738182798515 13 
0002 0011 1655953342827976 -113.875 -73.5 5.123495831538041 13 
0002 0006 1655953342831529 -9.75 -69.0 5.013049214810275 13 
0002 0007 1655953342833081 55.3125 -66.5 5.411884219660542 13 
0002 0004 1655953342854634 4.25 -70.5 4.583534594202296 13 
0002 0015 1655953342869634 11.5625 -76.0 0.1349903093339364 13 
0002 0012 1655953342877596 -10.625 -76.5 0.7179030087304801 13 
0002 0003 1655953342888898 -2.6875 -77.5 2.6875343403756435 13 
0002 0007 1655953342952447 -48.8125 -66.5 5.5284667595398505 13 
0002 0005 1655953342955565 9.75 -57.0 1.552388557340269 13 
0002 0009 1655953342957676 -39.0 -61.0 1.7794177139473437 13 
0002 0013 1655953342958626 -26.0 -61.0 2.454369260617026 13 
0002 0006 1655953342959831 -159.5 -68.5 5.3198453723874035 13 
0002 0003 1655953343010145 -11.5625 -77.0 5.6941366846315 13 
0002 0011 1655953343015189 -3.625 -74.5 1.8407769454627694 13 
0002 0012 1655953343041544 0.5625 -77.0 0.3988350048502667 13 
0002 0015 1655953343064944 -5.1875 -77.0 0.18407769454627693 13 
0002 0004 1655953343180350 3.125 -71.0 4.4976316700806995 13 
0002 0005 1655953343203610 -6.5 -56.5 1.6321555583103222 13 
0002 0007 1655953343205104 -68.3125 -66.5 5.675728915176872 13 
0002 0009 1655953343206097 94.375 -62.5 1.6873788666742053 13 
0002 0013 1655953343210984 -19.5 -61.0 2.442097414313941 13 
0002 0006 1655953343212831 -9.75 -68.5 5.148039524144211 13 
0002 0011 1655953343216667 -130.1875 -72.0 4.97623367590102 13 
0002 0003 1655953343245517 6.6875 -77.5 5.64504929941916 13 
0002 0015 1655953343250170 24.375 -76.5 0.04908738521234052 13 
0002 0012 1655953343259960 17.0625 -76.5 0.4540583132141498 13 
0002 0007 1655953343333772 -6.5 -67.0 5.743224069843841 13 
0002 0013 1655953343335725 6.5 -61.0 2.3930100291016 13 
0002 0006 1655953343339346 -74.8125 -68.5 5.399612373357457 13 
0002 0005 1655953343340664 13.0 -57.0 1.6444274046134073 13 
0002 0009 1655953343341601 -74.8125 -63.5 1.9941750242513334 13 
0002 0011 1655953343355439 -110.625 -73.0 5.313709449235861 13 
0002 0003 1655953343370490 1.1875 -77.5 5.841398840268521 13 
0002 0012 1655953343379670 -22.5625 -76.5 0.6749515466696822 13 
0002 0015 1655953343415855 -6.0625 -76.5 3.423845118560751 13 
0002 0005 1655953343473525 9.75 -56.5 1.6935147898257479 13 
0002 0007 1655953343474738 -52.0625 -66.0 5.8659425328746915 13 
0002 0006 1655953343475675 188.75 -69.0 4.767612288748572 13 
0002 0009 1655953343481495 32.5 -64.0 1.9573594853420782 13 
0002 0013 1655953343483675 0.0 -60.5 2.4850488763747385 13 
0002 0011 1655953343486763 172.5 -70.5 5.037592907416445 13 
0002 0015 1655953343514127 -7.875 -76.5 0.2454369260617026 13 
0002 0003 1655953343533670 11.5625 -77.0 5.663457068873787 13 
0002 0012 1655953343539476 0.0 -76.5 0.5706408530934585 13 
0002 0006 1655953343598683 22.75 -68.0 5.0253210611133605 13 
0002 0007 1655953343600206 107.375 -66.0 5.620505606812989 13 
0002 0005 1655953343603849 -22.75 -56.5 1.7119225592803755 13 
0002 0009 1655953343605156 19.5 -64.5 2.030990563160589 13 
0002 0013 1655953343606120 -9.75 -61.0 2.5341362615870793 13 
0002 0011 1655953343612264 65.0625 -71.0 5.381204603902829 13 
0002 0003 1655953343635966 25.0 -77.0 5.546874528994478 13 
0002 0015 1655953343641159 -20.125 -76.5 0.4724660826687775 13 
0002 0012 1655953343673283 -14.4375 -77.5 0.7853981633974483 13 
0002 0011 1655953343733515 208.3125 -71.5 4.81056375080937 13 
0002 0007 1655953343734481 -81.375 -65.5 5.884350302329319 13 
0002 0006 1655953343735417 -58.5625 -69.0 5.203262832508095 13 
0002 0005 1655953343736533 22.75 -56.5 1.6444274046134073 13 
0002 0009 1655953343740972 6.5 -63.0 1.4419419406125027 13 
0002 0013 1655953343744840 -117.125 -61.0 2.6323110320117604 13 
0002 0004 1655953343779631 -4.25 -70.0 4.577398671050753 13 
0002 0015 1655953343784882 3.1875 -76.5 0.07976700097005335 13 
0002 0012 1655953343787201 -8.5 -76.0 0.6565437772150544 13 
0002 0003 1655953343792658 -2.4375 -77.0 5.810719224510809 13 
0002 0013 1655953343867170 13.0 -61.0 2.386874105950058 13 
0002 0005 1655953343870772 32.5 -56.5 1.5585244804918115 13 
0002 0009 1655953343872560 -22.75 -60.5 1.012427320004523 13 
0002 0007 1655953343873486 -48.8125 -68.0 5.338253141842031 13 
0002 0004 1655953343875916 -84.625 -67.0 1.4848934026733007 13 
0002 0006 1655953343877247 107.375 -68.5 4.853515212870168 13 
0002 0011 1655953343878705 -100.875 -72.0 4.890330751779424 13 
0002 0015 1655953343913109 0.5625 -75.5 0.30066023442558565 13 
0002 0012 1655953343917072 10.375 -75.5 0.2086213871524472 13 
0002 0003 1655953343943721 -7.875 -77.5 2.779573187648782 13 
0002 0009 1655953344006307 -22.75 -54.5 5.945709533844745 13 
0002 0005 1655953344007895 -78.0625 -57.5 1.5892040962495242 13 
0002 0013 1655953344009743 149.6875 -64.5 1.4051264017032472 13 
0002 0004 1655953344011861 93.5625 -66.5 0.7731263170943632 13 
0002 0006 1655953344012823 6.5 -67.5 4.4976316700806995 13 
0002 0015 1655953344038851 -18.6875 -72.0 3.9515345095934116 13 
0002 0007 1655953344050950 1.1875 -76.5 0.14112623248547898 13 
0002 0014 1655953344131460 0.0 -76.0 1.2210487071569704 13 
0002 0009 1655953344139986 -6.5 -52.0 3.6447383520162835 13 
0002 0005 1655953344141519 -29.25 -61.5 0.8406214717613314 13 
0002 0004 1655953344145322 194.4375 -67.0 4.516039439535327 13 
0002 0015 1655953344146961 208.3125 -67.0 4.571262747899211 13 
0002 0008 1655953344202266 2.6875 -77.5 0.8160777791551611 13 
0002 0015 1655953344252342 -41.5 -68.5 5.227806525114265 13 
0002 0003 1655953344253577 -16.25 -71.5 6.22182607566416 13 
0002 0009 1655953344255957 -100.875 -67.0 6.252505691421874 13 
0002 0004 1655953344257865 -3.25 -54.5 2.1537090261914402 13 
0002 0008 1655953344264586 -182.25 -71.5 3.043417883165112 13 
0002 0001 1655953344296540 -23.5625 -73.5 1.9757672547967058 13 
0002 0009 1655953344385903 32.5 -59.0 1.3130875544301088 13 
0002 0003 1655953344389281 32.5 -72.0 3.54042765844006 13 
0002 0004 1655953344391061 0.0 -65.0 6.117515382087937 13 
0002 0015 1655953344391985 143.1875 -70.5 4.828971520263998 13 
0002 0008 1655953344440191 -4.875 -68.0 4.430136515413731 13 
0002 0004 1655953344495306 3.25 -65.0 6.234097921967246 13 
0002 0008 1655953344498998 55.3125 -62.5 2.718213956133356 13 
0002 0006 1655953344522971 23.5625 -73.0 5.988660995905543 13 
0002 0001 1655953344533400 -4.25 -77.0 5.534602682691394 13 
0002 0015 1655953344543721 -4.25 -76.0 4.313553975534423 13 
0002 0003 1655953344599491 -5.1875 -74.5 3.2213596545598464 13 
0002 0005 1655953344614912 1.5625 -72.0 5.534602682691394 13 
0002 0008 1655953344632663 -58.5625 -56.5 0.8344855486097889 13 
0002 0004 1655953344634487 13.8125 -57.5 3.098641191528995 13 
0002 0005 1655953344637190 126.9375 -68.5 1.7794177139473437 13 
0002 0015 1655953344665345 22.5625 -77.0 3.9638063558964967 13 
0002 0006 1655953344667661 14.0 -76.0 0.15339807878856412 13 
0002 0008 1655953344751328 -16.25 -52.5 4.2092432819582 13 
0002 0005 1655953344753753 -35.75 -68.5 1.6137477888556946 13 
0002 0004 1655953344754966 7.3125 -58.0 1.3989904785517047 13 
0002 0009 1655953344792686 0.0 -70.5 4.154019973594316 13 
0002 0006 1655953344803800 25.0 -76.5 5.976389149602458 13 
0002 0004 1655953344879738 -45.5625 -58.5 0.18407769454627693 13 
0002 0009 1655953344881269 -61.8125 -65.0 5.982525072754001 13 
0002 0008 1655953344883371 -29.25 -52.0 2.399145952253143 13 
0002 0006 1655953344898270 15.4375 -73.5 6.034680419542112 13 
0002 0005 1655953344904094 1.8125 -73.5 0.35588354278946877 13 
0002 0008 1655953344989806 0.0 -53.5 1.086058397823034 13 
0002 0006 1655953344992990 22.75 -70.5 2.2396119503130363 13 
0002 0009 1655953344994198 65.0625 -63.5 5.166447293598839 13 
0002 0004 1655953344995894 -27.625 -57.5 5.798447378207723 13 
0002 0005 1655953345023397 -9.75 -72.0 6.1850105367549055 13 
0002 0004 1655953345122909 13.8125 -57.0 4.7860200582032 13 
0002 0009 1655953345124744 -45.5625 -65.0 5.546874528994478 13 
0002 0008 1655953345127175 -39.0 -57.0 5.921165841238575 13 
0002 0005 1655953345128081 -126.9375 -68.5 5.6573211457222445 13 
0002 0006 1655953345129173 -110.625 -70.5 1.3560390164909069 13 
0002 0009 1655953345227890 -45.5625 -64.5 5.6941366846315 13 
0002 0005 1655953345228782 110.625 -70.0 4.853515212870168 13 
0002 0006 1655953345229762 188.75 -71.0 0.48473792897186263 13 
0002 0004 1655953345230721 41.5 -57.5 4.111068511533518 13 
0002 0008 1655953345233120 -42.3125 -59.0 5.019185137961818 13 
0002 0008 1655953345335904 19.5 -60.5 4.319689898685965 13 
0002 0009 1655953345339774 71.5625 -63.0 5.632777453116074 13 
0002 0004 1655953345340757 0.0 -58.5 3.9944859716542096 13 
0002 0006 1655953345355491 -41.5 -72.5 0.380427235395639 13 
0002 0005 1655953345359804 37.375 -70.0 4.963961829597935 13 
0002 0009 1655953345448787 61.8125 -62.5 5.749359992995383 13 
0002 0008 1655953345452032 16.25 -61.0 4.1417481272912315 13 
0002 0004 1655953345454225 13.8125 -58.0 4.074252972624263 13 
0002 0005 1655953345455639 -6.5 -69.0 5.2339424482658075 13 
0002 0006 1655953345469018 21.125 -72.5 3.68462185250131 13 
0002 0005 1655953345566990 -32.5 -68.0 5.9088939949354895 13 
0002 0009 1655953345568409 74.8125 -64.0 6.154330920997192 13 
0002 0004 1655953345569879 45.5625 -57.5 4.221515128261284 13 
0002 0008 1655953345571548 -9.75 -63.0 4.3933209765044765 13 
0002 0006 1655953345575594 -221.3125 -71.0 1.0062913968529805 13 
0002 0008 1655953345673512 6.5 -61.5 4.73693267299086 13 
0002 0006 1655953345674477 52.0625 -70.5 1.0676506283684062 13 
0002 0004 1655953345675916 -17.0625 -57.5 4.460816131171445 13 
0002 0005 1655953345677815 48.8125 -68.5 6.0991076126333095 13 
0002 0009 1655953345679745 19.5 -63.5 0.0 13 
0002 0004 1655953345777893 0.0 -58.0 4.571262747899211 13 
0002 0005 1655953345780451 -107.375 -69.0 6.105243535784852 13 
0002 0008 1655953345782239 -42.3125 -61.0 4.988505522204105 13 
0002 0009 1655953345784313 -32.5 -65.0 0.04295146206079795 13 
0002 0006 1655953345785276 -113.875 -69.5 1.3130875544301088 13 
0002 0009 1655953345882917 -19.5 -64.0 0.06135923151542565 13 
0002 0004 1655953345883837 -38.1875 -58.0 4.601942363656923 13 
0002 0008 1655953345888330 -16.25 -61.0 5.006913291658733 13 
0002 0005 1655953345889721 97.625 -68.5 5.822991070813893 13 
0002 0006 1655953345892540 45.5625 -70.5 1.0185632431560658 13 
0002 0008 1655953345988692 9.75 -60.0 4.908738521234052 13 
0002 0005 1655953345991566 84.625 -68.0 5.8659425328746915 13 
0002 0009 1655953345994218 3.25 -64.5 6.264777537724958 13 
0002 0004 1655953345995377 21.125 -58.0 4.516039439535327 13 
0002 0006 1655953345998615 -61.8125 -71.0 0.944932165337555 13 
0002 0004 1655953346096029 -10.5625 -58.0 4.522175362686871 13 
0002 0005 1655953346097009 74.8125 -68.0 5.780039608753096 13 
0002 0008 1655953346098768 6.5 -60.5 4.902602598082509 13 
0002 0009 1655953346101908 19.5 -63.5 6.160466844148735 13 
0002 0006 1655953346102843 -13.0 -71.0 0.9142525495798421 13 
0002 0004 1655953346200892 3.25 -58.0 4.4976316700806995 13 
0002 0005 1655953346202239 -19.5 -68.5 5.859806609723149 13 
0002 0008 1655953346205645 3.25 -59.5 4.95168998329485 13 
0002 0009 1655953346206571 -94.375 -64.0 0.018407769454627694 13 
0002 0006 1655953346213808 -48.8125 -72.0 0.9387962421860124 13 
0002 0008 1655953346310426 -3.25 -60.0 4.988505522204105 13 
0002 0005 1655953346314270 -130.1875 -68.5 6.025476534814799 13 
0002 0009 1655953346315235 -35.75 -64.5 6.215690152512618 13 
0002 0004 1655953346316662 -13.8125 -58.0 4.466952054322987 13 
0002 0006 1655953346319105 -13.0 -71.0 0.8406214717613314 13 
0002 0004 1655953346418014 -27.625 -58.0 4.540583132141498 13 
0002 0009 1655953346419616 -39.0 -64.5 6.1850105367549055 13 
0002 0008 1655953346420938 22.75 -60.0 4.865787059173254 13 
0002 0005 1655953346422979 78.0625 -68.0 5.982525072754001 13 
0002 0006 1655953346424534 -39.0 -71.0 0.8651651643675016 13 
0002 0008 1655953346523136 -104.125 -60.5 5.086680292628786 13 
0002 0009 1655953346524313 -94.375 -65.5 0.02454369260617026 13 
0002 0004 1655953346526095 -3.25 -58.0 4.509903516383785 13 
0002 0005 1655953346527599 35.75 -69.0 5.902758071783947 13 
0002 0006 1655953346531909 16.25 -72.0 0.9019807032767571 13 
0002 0009 1655953346631339 32.5 -65.0 6.166602767300278 13 
0002 0006 1655953346633463 100.875 -69.5 0.8344855486097889 13 
0002 0005 1655953346635485 94.375 -69.0 5.743224069843841 13 
0002 0008 1655953346638429 6.5 -60.0 4.921010367537137 13 
0002 0004 1655953346639376 -13.8125 -58.0 4.558990901596125 13 
0002 0008 1655953346738373 26.0 -59.5 5.013049214810275 13 
0002 0004 1655953346739303 -13.8125 -58.5 4.601942363656923 13 
0002 0009 1655953346740255 -3.25 -64.5 6.12365130523948 13 
0002 0005 1655953346741730 39.0 -69.0 5.988660995905543 13 
0002 0006 1655953346744172 -26.0 -71.5 0.9694758579437253 13 
