0002 0002 1656470135490873 -10.9375 -75.0 0.030679615757712823 16 
0002 0001 1656470135574168 45.5625 -67.5 3.5588354278946874 16 
0002 0002 1656470135593403 32.5 -74.5 6.234097921967246 16 
0002 0001 1656470135681463 126.9375 -67.5 3.4177091954092087 16 
0002 0002 1656470135710698 -21.125 -74.5 0.18100973297050565 16 
0002 0001 1656470135799695 16.25 -67.0 3.6999616603801666 16 
0002 0002 1656470135825296 4.0625 -74.0 6.24330180669456 16 
0002 0001 1656470135916336 48.8125 -67.5 3.6692820446224537 16 
0002 0002 1656470135947973 3.625 -74.5 0.09203884727313846 16 
0002 0001 1656470136026235 16.25 -67.0 3.6876898140770815 16 
0002 0002 1656470136048978 -9.125 -75.0 0.20248546400090464 16 
0002 0001 1656470136133699 -48.8125 -67.0 3.80427235395639 16 
0002 0002 1656470136140968 -26.0 -74.5 0.10124273200045232 16 
0002 0001 1656470136236917 22.75 -67.5 3.724505352986337 16 
0002 0002 1656470136262431 0.0 -74.0 0.11658253987930872 16 
0002 0001 1656470136353986 -42.3125 -67.5 3.718369429834794 16 
0002 0002 1656470136371636 -19.5 -74.0 0.24236896448593132 16 
0002 0001 1656470136460970 26.0 -67.0 3.7122335066832517 16 
0002 0002 1656470136485948 44.75 -73.0 0.009203884727313847 16 
0002 0001 1656470136576179 39.0 -67.0 3.749049045592507 16 
0002 0002 1656470136587627 -3.25 -73.5 0.009203884727313847 16 
0002 0001 1656470136679500 55.3125 -67.0 3.54042765844006 16 
0002 0002 1656470136704369 3.0 -74.0 0.2086213871524472 16 
0002 0001 1656470136787768 -6.5 -67.0 3.773592738198677 16 
0002 0002 1656470136794155 4.875 -73.0 3.3624858870453256 16 
0002 0001 1656470136887671 16.25 -67.5 3.7551849687440497 16 
0002 0001 1656470136992198 -9.75 -66.0 3.6876898140770815 16 
0002 0002 1656470137022992 16.4375 -74.5 0.11044661672776616 16 
0002 0001 1656470137099065 149.6875 -67.0 3.497476196379262 16 
0002 0002 1656470137102187 -19.5 -73.0 0.21475731030398976 16 
0002 0001 1656470137203656 -3.25 -67.0 3.7551849687440497 16 
0002 0002 1656470137229688 -21.125 -74.0 0.18407769454627693 16 
0002 0001 1656470137317117 22.75 -66.5 3.6386024288647407 16 
0002 0002 1656470137339167 9.75 -73.5 0.17487380981896308 16 
0002 0001 1656470137432838 -3.25 -67.0 3.6754179677739964 16 
0002 0002 1656470137454058 -3.0 -74.5 0.16566992509164924 16 
0002 0001 1656470137542588 -9.75 -67.0 3.663146121470911 16 
0002 0002 1656470137565547 26.1875 -74.5 0.06135923151542565 16 
0002 0001 1656470137650306 -84.625 -66.5 3.792000507653305 16 
0002 0002 1656470137673127 15.4375 -74.5 0.04601942363656923 16 
0002 0001 1656470137763205 -58.5625 -66.0 3.767456815047135 16 
0002 0002 1656470137777460 -21.125 -74.5 0.14112623248547898 16 
0002 0001 1656470137867655 58.5625 -67.0 3.6140587362585705 16 
0002 0002 1656470137889490 48.0 -74.5 3.034213998437798 16 
0002 0001 1656470137977663 -65.0625 -67.5 3.785864584501762 16 
0002 0002 1656470138004329 -1.1875 -75.0 0.09203884727313846 16 
0002 0001 1656470138093041 130.1875 -67.0 3.485204350076177 16 
0002 0002 1656470138105895 -56.9375 -73.5 6.264777537724958 16 
0002 0001 1656470138196840 16.25 -66.5 3.6692820446224537 16 
0002 0002 1656470138225582 8.5 -75.0 0.07363107781851078 16 
0002 0001 1656470138305623 61.8125 -66.5 3.5895150436524004 16 
0002 0002 1656470138322375 -12.1875 -75.0 0.1349903093339364 16 
0002 0002 1656470138405834 133.4375 -73.5 6.19728238305799 16 
0002 0001 1656470138408612 26.0 -68.0 3.5956509668039427 16 
0002 0001 1656470138511003 130.1875 -67.0 3.54042765844006 16 
0002 0002 1656470138526897 -25.1875 -73.5 0.006135923151542565 16 
0002 0001 1656470138614414 -65.0625 -67.0 3.785864584501762 16 
0002 0002 1656470138634273 -15.4375 -74.5 6.270913460876501 16 
0002 0001 1656470138723462 19.5 -66.5 3.7122335066832517 16 
0002 0002 1656470138738806 -17.875 -74.0 0.05829126993965436 16 
0002 0001 1656470138831059 -22.75 -67.0 3.7429131224409646 16 
0002 0002 1656470138867543 -23.1875 -74.5 0.23930100291016002 16 
0002 0001 1656470138944139 84.625 -66.0 3.5342917352885173 16 
0002 0002 1656470138981956 1.8125 -75.0 0.1349903093339364 16 
0002 0001 1656470139061993 -13.0 -66.0 3.650874275167826 16 
0002 0002 1656470139090287 -8.5 -74.0 0.16566992509164924 16 
0002 0001 1656470139175914 22.75 -68.0 3.6876898140770815 16 
0002 0002 1656470139202849 6.0625 -75.5 0.030679615757712823 16 
0002 0001 1656470139285334 -136.6875 -66.5 3.859495662320273 16 
0002 0002 1656470139308414 -17.875 -74.5 0.14419419406125028 16 
0002 0001 1656470139399327 -120.4375 -66.5 3.847223816017188 16 
0002 0002 1656470139417340 31.6875 -73.5 3.153864499892878 16 
0002 0001 1656470139507875 32.5 -66.5 3.5158839658338894 16 
0002 0002 1656470139530034 -9.75 -73.5 0.1043106935762236 16 
0002 0001 1656470139619258 -45.5625 -66.5 3.859495662320273 16 
0002 0002 1656470139649155 -6.5 -74.0 0.009203884727313847 16 
0002 0001 1656470139744607 78.0625 -67.0 3.5772431973493153 16 
0002 0002 1656470139759940 -3.25 -74.0 0.10124273200045232 16 
0002 0001 1656470139851476 55.3125 -67.0 3.6140587362585705 16 
0002 0002 1656470139875745 48.8125 -74.0 6.181942575179134 16 
0002 0001 1656470139964516 58.5625 -66.5 3.5465635815916023 16 
0002 0002 1656470139976122 21.125 -73.5 0.009203884727313847 16 
0002 0001 1656470140068801 -13.0 -67.5 3.816544200259475 16 
0002 0002 1656470140093199 59.375 -74.0 6.163534805724506 16 
0002 0001 1656470140182690 -133.4375 -67.5 3.859495662320273 16 
0002 0002 1656470140209287 3.625 -74.5 0.018407769454627694 16 
0002 0001 1656470140293683 78.0625 -67.0 3.6140587362585705 16 
0002 0002 1656470140300907 53.6875 -73.5 6.178874613603362 16 
0002 0001 1656470140398870 -6.5 -66.5 3.7429131224409646 16 
0002 0002 1656470140412935 66.6875 -74.0 6.132855189966794 16 
