0002 0001 1656470306123549 -3.25 -69.0 3.5711072741977725 17 
0002 0014 1656470306182701 7.875 -74.5 5.3627968344482015 17 
0002 0001 1656470306260440 -107.375 -70.0 3.761320891895592 17 
0002 0002 1656470306262738 -240.875 -68.5 2.6875343403756435 17 
0002 0014 1656470306276809 39.875 -74.5 5.322913333963175 17 
0002 0002 1656470306361950 -65.0625 -68.5 2.2212041808584084 17 
0002 0001 1656470306364222 -139.9375 -68.5 3.7551849687440497 17 
0002 0014 1656470306370863 -16.25 -74.5 5.537670644267164 17 
0002 0002 1656470306463844 -39.0 -68.5 2.1353012567368124 17 
0002 0001 1656470306465858 -84.625 -69.5 3.77972866135022 17 
0002 0014 1656470306477446 50.4375 -74.0 5.43029198911517 17 
0002 0001 1656470306568047 -9.75 -70.0 3.767456815047135 17 
0002 0002 1656470306569013 78.0625 -69.0 2.043262409463674 17 
0002 0014 1656470306635345 -18.875 -75.5 5.473243451175968 17 
0002 0002 1656470306715363 55.3125 -68.5 2.1659808724945253 17 
0002 0001 1656470306716327 -58.5625 -68.5 3.8410878928656453 17 
0002 0014 1656470306726874 -30.875 -74.0 5.497787143782138 17 
0002 0002 1656470306817755 -65.0625 -68.0 2.478912953223196 17 
0002 0001 1656470306821172 -58.5625 -69.5 3.5956509668039427 17 
0002 0014 1656470306841821 82.1875 -74.5 5.1633793320230685 17 
0002 0002 1656470306929136 146.4375 -69.0 2.018718716857504 17 
0002 0001 1656470306933290 -110.625 -69.0 3.810408277107933 17 
0002 0014 1656470306962272 -126.9375 -74.0 5.64504929941916 17 
0002 0002 1656470307051337 -58.5625 -68.0 2.4727770300716534 17 
0002 0001 1656470307052511 -104.125 -68.5 3.834951969714103 17 
0002 0014 1656470307099059 -46.375 -74.5 5.350524988145116 17 
0002 0002 1656470307190315 26.0 -69.0 2.2334760271614935 17 
0002 0001 1656470307191293 -182.25 -69.5 3.9699422790480394 17 
0002 0014 1656470307195204 95.1875 -75.0 5.292233718205462 17 
0002 0002 1656470307291887 -120.4375 -69.0 2.3316507975861747 17 
0002 0001 1656470307293699 65.0625 -69.5 3.663146121470911 17 
0002 0014 1656470307330657 -10.5625 -74.0 5.246214294568893 17 
0002 0001 1656470307417525 -19.5 -69.0 3.785864584501762 17 
0002 0002 1656470307420448 -13.0 -68.0 2.2641556429192065 17 
0002 0014 1656470307441419 -88.6875 -74.5 5.451767720145568 17 
0002 0001 1656470307528696 -29.25 -68.5 3.822680123411018 17 
0002 0002 1656470307533323 -192.0 -67.5 2.564815877344792 17 
0002 0014 1656470307546913 15.4375 -74.5 5.353592949720888 17 
0002 0002 1656470307635973 -159.5 -69.0 2.552544031041707 17 
0002 0001 1656470307637189 -9.75 -68.5 3.6692820446224537 17 
0002 0014 1656470307674922 -42.3125 -74.0 5.470175489600196 17 
0002 0002 1656470307767096 -26.0 -68.5 2.4175537217077703 17 
0002 0001 1656470307768301 -74.8125 -70.0 3.834951969714103 17 
0002 0014 1656470307786906 -20.3125 -74.0 5.4149521812363135 17 
0002 0002 1656470307873586 -78.0625 -69.0 2.4605051837685683 17 
0002 0001 1656470307876430 -156.1875 -69.0 3.9453985864418692 17 
0002 0014 1656470307909765 57.75 -74.5 5.1725832167503825 17 
0002 0002 1656470307999461 -152.9375 -68.5 2.6200391857086753 17 
0002 0001 1656470308001419 -113.875 -70.5 3.77972866135022 17 
0002 0014 1656470308038713 -12.8125 -75.0 5.295301679781233 17 
0002 0001 1656470308120799 -42.3125 -69.5 3.718369429834794 17 
0002 0002 1656470308124640 55.3125 -68.0 2.2334760271614935 17 
0002 0014 1656470308127222 -71.5625 -74.0 2.5402721847386216 17 
0002 0002 1656470308225686 87.875 -69.0 2.024854640009046 17 
0002 0001 1656470308226935 87.875 -69.0 3.4054373491061236 17 
0002 0014 1656470308229951 45.5625 -72.0 2.0371264863121317 17 
0002 0001 1656470308323743 26.0 -69.0 3.6201946594101133 17 
0002 0014 1656470308326240 136.6875 -73.5 2.429825568010856 17 
0002 0002 1656470308328833 -19.5 -68.0 2.3623304133438876 17 
0002 0002 1656470308423710 104.125 -69.0 2.270291566070749 17 
0002 0001 1656470308428645 -55.3125 -69.5 3.792000507653305 17 
0002 0014 1656470308449528 21.9375 -74.0 5.390408488630143 17 
0002 0002 1656470308539407 -172.5 -68.0 2.564815877344792 17 
0002 0001 1656470308541882 -169.25 -68.0 3.865631585471816 17 
0002 0014 1656470308542844 68.3125 -72.5 1.7855536370988863 17 
0002 0014 1656470308640351 16.25 -72.0 2.3071071049800045 17 
0002 0002 1656470308642149 -9.75 -69.5 2.3193789512830896 17 
0002 0001 1656470308645590 6.5 -69.0 3.6447383520162835 17 
0002 0014 1656470308742992 -305.9375 -73.0 2.804116880254952 17 
0002 0001 1656470308744761 3.25 -68.5 3.80427235395639 17 
0002 0002 1656470308745668 55.3125 -67.5 2.350058567040802 17 
0002 0002 1656470308846491 -19.5 -67.0 2.270291566070749 17 
0002 0001 1656470308847442 -87.875 -69.5 3.77972866135022 17 
0002 0014 1656470308869852 8.125 -74.0 5.249282256144664 17 
0002 0002 1656470308959658 146.4375 -68.5 2.024854640009046 17 
0002 0014 1656470308961472 -335.25 -73.0 2.6691265709210157 17 
0002 0001 1656470308963257 78.0625 -69.5 3.479068426924634 17 
0002 0014 1656470309058479 -107.375 -73.5 2.552544031041707 17 
0002 0001 1656470309060036 -81.375 -69.5 3.792000507653305 17 
0002 0002 1656470309061254 -39.0 -69.0 2.4175537217077703 17 
0002 0002 1656470309164573 13.0 -67.5 2.2150682577068657 17 
0002 0014 1656470309233532 14.625 -75.5 5.295301679781233 17 
0002 0001 1656470309300526 4.375 -72.5 6.000932842208628 17 
0002 0002 1656470309320314 -91.125 -66.5 2.073942025221387 17 
0002 0014 1656470309321364 -253.875 -72.0 2.6261751088602177 17 
0002 0000 1656470309324040 22.75 -58.5 0.9878836273983529 17 
0002 0001 1656470309324962 -113.875 -67.5 2.834796496012665 17 
0002 0003 1656470309343785 -0.5625 -77.5 1.6812429435226628 17 
0002 0008 1656470309346883 -9.125 -72.0 1.9512235621905356 17 
0002 0004 1656470309352069 -11.125 -77.5 1.1351457830353744 17 
0002 0000 1656470309430058 39.0 -58.0 1.7916895602504288 17 
0002 0002 1656470309432875 -3.25 -65.0 1.2640001692177683 17 
0002 0001 1656470309436823 42.3125 -68.0 1.705786636128833 17 
0002 0008 1656470309442335 16.25 -71.5 1.3437671701878218 17 
0002 0014 1656470309455953 305.9375 -73.0 2.0493983326152168 17 
0002 0003 1656470309486404 -17.0625 -75.0 6.135923151542564 17 
0002 0004 1656470309496185 -2.4375 -76.5 0.23316507975861744 17 
0002 0006 1656470309501249 -1.8125 -75.5 3.9760782021995817 17 
0002 0002 1656470309573130 -45.5625 -64.0 5.258486140871978 17 
0002 0000 1656470309574844 19.5 -57.5 0.5522330836388308 17 
0002 0001 1656470309576675 110.625 -67.0 1.859184714917397 17 
0002 0014 1656470309578090 48.8125 -71.5 1.8285050991596843 17 
0002 0004 1656470309603021 39.875 -74.0 6.270913460876501 17 
0002 0002 1656470309700911 32.5 -62.0 2.3623304133438876 17 
0002 0000 1656470309705191 6.5 -58.5 3.693825737228624 17 
0002 0014 1656470309706740 -91.125 -72.0 1.902136176978195 17 
0002 0001 1656470309707674 -94.375 -67.0 4.945554060143307 17 
0002 0004 1656470309750827 -0.875 -76.0 5.93343768754166 17 
0002 0002 1656470309808369 -39.0 -62.5 6.0991076126333095 17 
0002 0001 1656470309812051 -39.0 -69.0 1.9634954084936207 17 
0002 0000 1656470309813863 104.125 -69.0 0.944932165337555 17 
0002 0009 1656470309815122 13.0 -58.5 3.08636934522591 17 
0002 0008 1656470309816175 3.25 -60.0 5.964117303299373 17 
0002 0014 1656470309861049 -5.4375 -75.5 1.6689710972195777 17 
0002 0004 1656470309890814 -2.5625 -76.0 0.7240389318820226 17 
0002 0006 1656470309927559 1.25 -75.0 5.8659425328746915 17 
0002 0009 1656470309955212 3.25 -54.5 2.454369260617026 17 
0002 0008 1656470309958732 -26.0 -56.5 5.141903600992669 17 
0002 0002 1656470309960279 -35.75 -68.0 3.6263305825616556 17 
0002 0001 1656470309961667 22.75 -68.0 3.8533597391687304 17 
0002 0004 1656470309963360 10.5625 -64.0 3.5158839658338894 17 
0002 0000 1656470309968119 6.5 -72.0 4.804427827657828 17 
0002 0006 1656470309996277 10.375 -76.0 5.583690067903734 17 
0002 0014 1656470310002527 12.1875 -76.0 1.6382914814618648 17 
0002 0008 1656470310079559 0.0 -57.5 4.411728745959104 17 
0002 0009 1656470310081309 26.0 -56.0 2.067806102069844 17 
0002 0002 1656470310083111 48.8125 -67.5 1.8223691760081417 17 
0002 0004 1656470310084296 -24.375 -64.0 3.172272269347506 17 
0002 0001 1656470310085249 -149.6875 -70.0 1.5892040962495242 17 
0002 0000 1656470310086566 61.8125 -71.5 3.3072625786814425 17 
0002 0006 1656470310106541 -49.625 -74.0 5.59902987578259 17 
0002 0014 1656470310130657 9.75 -75.0 4.454680208019902 17 
0002 0009 1656470310211655 22.75 -56.0 2.0371264863121317 17 
0002 0006 1656470310213344 -152.9375 -72.5 2.313243028131547 17 
0002 0008 1656470310214308 -9.75 -56.0 4.0128937411088375 17 
0002 0000 1656470310215245 78.0625 -70.5 2.82252464970958 17 
0002 0004 1656470310219676 21.125 -64.5 2.9759227284981438 17 
0002 0002 1656470310222425 133.4375 -69.0 1.043106935762236 17 
0002 0001 1656470310223374 -91.125 -71.0 0.0859029241215959 17 
0002 0014 1656470310225929 13.0 -72.0 1.3560390164909069 17 
0002 0008 1656470310322116 6.5 -56.0 3.822680123411018 17 
0002 0000 1656470310323894 -283.1875 -71.0 3.055689729468197 17 
0002 0009 1656470310325109 19.5 -56.5 2.0064468705544187 17 
0002 0004 1656470310328578 -9.75 -67.0 2.6875343403756435 17 
0002 0002 1656470310332225 26.0 -68.5 0.9387962421860124 17 
0002 0001 1656470310334119 -45.5625 -71.0 5.66959299202533 17 
0002 0006 1656470310362707 -17.6875 -76.0 5.381204603902829 17 
0002 0014 1656470310369369 13.375 -75.0 1.5462526341887264 17 
0002 0004 1656470310448434 76.4375 -66.0 2.5832236467994196 17 
0002 0009 1656470310449754 -19.5 -56.5 2.1475731030398975 17 
0002 0008 1656470310452608 -16.25 -56.0 3.816544200259475 17 
0002 0000 1656470310454224 13.0 -71.5 2.5954954931025047 17 
0002 0002 1656470310457879 -113.875 -69.0 0.8528933180644165 17 
0002 0001 1656470310458957 42.3125 -70.0 5.141903600992669 17 
0002 0006 1656470310495611 -12.8125 -76.0 5.258486140871978 17 
0002 0014 1656470310497964 0.5625 -75.0 1.521708941582556 17 
0002 0008 1656470310576641 9.75 -56.5 3.865631585471816 17 
0002 0004 1656470310577635 139.9375 -67.0 2.478912953223196 17 
0002 0000 1656470310580278 71.5625 -71.0 2.282563412373834 17 
0002 0009 1656470310581683 35.75 -57.0 2.1659808724945253 17 
0002 0001 1656470310582906 -198.5625 -70.0 5.411884219660542 17 
0002 0002 1656470310586613 231.0625 -70.0 0.5951845456996288 17 
0002 0014 1656470310605308 -21.9375 -74.5 4.8351074434155406 17 
0002 0006 1656470310613999 25.625 -77.0 5.197126909356553 17 
0002 0000 1656470310690382 -185.5 -71.0 3.000466421104314 17 
0002 0002 1656470310692083 -192.0 -70.5 1.2640001692177683 17 
0002 0004 1656470310693624 -13.8125 -66.0 2.791845033951867 17 
0002 0001 1656470310696178 -48.8125 -69.5 5.0682725231741586 17 
0002 0009 1656470310697441 32.5 -57.0 2.2641556429192065 17 
0002 0008 1656470310698335 6.5 -56.0 4.0558452031696355 17 
0002 0014 1656470310704296 84.625 -72.0 1.4173982480063325 17 
0002 0006 1656470310719569 -15.8125 -77.5 5.356660911296659 17 
0002 0008 1656470310803144 6.5 -56.0 4.1172044346850605 17 
0002 0004 1656470310804604 39.0 -68.0 2.779573187648782 17 
0002 0014 1656470310805780 78.0625 -72.5 1.6198837120072371 17 
0002 0000 1656470310808518 123.6875 -70.5 2.7550294950426117 17 
0002 0009 1656470310810589 26.0 -57.0 2.3316507975861747 17 
0002 0001 1656470310811668 -159.5 -70.0 5.332117218690489 17 
0002 0002 1656470310812844 188.75 -69.5 0.8160777791551611 17 
0002 0006 1656470310836513 15.8125 -77.5 5.313709449235861 17 
0002 0001 1656470310914280 -107.375 -70.5 5.283029833478148 17 
0002 0009 1656470310915556 -16.25 -57.0 2.423689644859313 17 
0002 0008 1656470310917065 -3.25 -56.0 4.123340357836604 17 
0002 0002 1656470310918514 -29.25 -69.5 1.184233168247715 17 
0002 0004 1656470310921036 -121.25 -68.0 2.9513790358919736 17 
0002 0000 1656470310922880 335.25 -70.0 2.3009711818284617 17 
0002 0014 1656470310949967 6.0625 -74.5 4.700117134081604 17 
0002 0006 1656470310952346 14.0 -77.5 5.270757987175063 17 
0002 0009 1656470311030484 6.5 -56.5 2.3623304133438876 17 
0002 0002 1656470311033503 -9.75 -71.5 1.0676506283684062 17 
0002 0004 1656470311034436 73.1875 -68.5 2.6323110320117604 17 
0002 0001 1656470311035371 97.625 -70.0 5.0682725231741586 17 
0002 0008 1656470311039337 -22.75 -56.0 4.1417481272912315 17 
0002 0000 1656470311048108 94.375 -71.5 2.6261751088602177 17 
0002 0014 1656470311053409 9.75 -72.0 1.5707963267948966 17 
0002 0006 1656470311071452 -25.0 -77.5 5.3627968344482015 17 
