0002 0000 1656471112561781 -55.3125 -70.0 0.5829126993965437 19 
0002 0003 1656471112588316 15.8125 -76.5 4.92714629068868 19 
0002 0000 1656471112666683 35.75 -69.0 0.6504078540635119 19 
0002 0011 1656471112667631 -169.25 -70.5 5.755495916146925 19 
0002 0003 1656471112691937 -18.25 -76.5 5.086680292628786 19 
0002 0011 1656471112773652 39.0 -72.0 5.436427912266712 19 
0002 0000 1656471112775907 -104.125 -70.0 0.6504078540635119 19 
0002 0003 1656471112800775 13.375 -77.0 2.012582793705961 19 
0002 0011 1656471112876933 -152.9375 -70.5 5.681864838328415 19 
0002 0000 1656471112879733 22.75 -70.0 0.46019423636569234 19 
0002 0003 1656471112906762 37.8125 -76.5 4.921010367537137 19 
0002 0000 1656471112985723 6.5 -69.5 0.5276893910326605 19 
0002 0011 1656471112986631 -143.1875 -71.5 5.47937937432751 19 
0002 0003 1656471113016469 -1.1875 -76.5 4.933282213840222 19 
0002 0011 1656471113099992 -35.75 -70.0 5.418020142812084 19 
0002 0000 1656471113103824 -188.75 -69.5 0.8222137023067037 19 
0002 0003 1656471113133811 18.875 -76.0 5.062136600022616 19 
0002 0011 1656471113213418 -143.1875 -71.5 5.632777453116074 19 
0002 0000 1656471113214352 -48.8125 -70.5 0.803805932852076 19 
0002 0003 1656471113242669 1.8125 -76.5 4.945554060143307 19 
0002 0000 1656471113321232 3.25 -69.5 0.5092816215780329 19 
0002 0011 1656471113325034 -71.5625 -71.0 5.559146375297564 19 
0002 0003 1656471113350371 17.6875 -76.5 4.914874444385594 19 
0002 0011 1656471113429905 -52.0625 -71.5 5.387340527054372 19 
0002 0000 1656471113432965 -65.0625 -70.5 0.6565437772150544 19 
0002 0003 1656471113460577 -20.125 -76.5 5.135767677841127 19 
0002 0011 1656471113537262 -123.6875 -71.0 5.448699758569798 19 
0002 0000 1656471113538209 74.8125 -71.0 0.6442719309119693 19 
0002 0003 1656471113564751 34.125 -76.5 4.933282213840222 19 
0002 0000 1656471113647752 -13.0 -69.0 0.5583690067903734 19 
0002 0011 1656471113652166 -195.25 -71.5 5.5284667595398505 19 
0002 0003 1656471113678960 24.375 -76.5 1.8530487917658545 19 
0002 0000 1656471113774692 -97.625 -70.0 0.803805932852076 19 
0002 0011 1656471113776888 -156.1875 -72.5 5.50392306693368 19 
0002 0003 1656471113799507 17.6875 -76.0 4.902602598082509 19 
0002 0000 1656471113880279 94.375 -70.0 0.4970097752749477 19 
0002 0011 1656471113881212 -39.0 -70.5 5.418020142812084 19 
0002 0003 1656471113903468 2.4375 -76.5 5.0253210611133605 19 
0002 0000 1656471113983383 -68.3125 -70.0 0.760854470791278 19 
0002 0011 1656471113986063 -110.625 -71.5 5.424156065963627 19 
0002 0003 1656471114018704 11.5625 -76.5 1.8960002538266525 19 
0002 0011 1656471114108194 104.125 -72.0 5.393476450205914 19 
0002 0000 1656471114109142 -22.75 -70.0 0.6013204688511713 19 
0002 0003 1656471114139182 -6.6875 -77.0 5.160311370447297 19 
0002 0011 1656471114219601 -139.9375 -70.5 5.595961914206819 19 
0002 0000 1656471114220917 -22.75 -69.5 0.4663301595172349 19 
0002 0003 1656471114242231 21.3125 -76.5 4.970097752749477 19 
0002 0011 1656471114328706 -52.0625 -71.0 5.424156065963627 19 
0002 0000 1656471114330687 39.0 -69.5 0.5890486225480862 19 
0002 0003 1656471114354631 0.5625 -77.0 5.049864753719531 19 
0002 0011 1656471114433501 -87.875 -71.0 5.626641529964532 19 
0002 0000 1656471114435713 78.0625 -70.5 0.44178646691106466 19 
0002 0003 1656471114462708 0.0 -76.5 5.074408446325701 19 
0002 0000 1656471114546264 -6.5 -70.5 0.6320000846088841 19 
0002 0011 1656471114548083 -107.375 -71.5 5.675728915176872 19 
0002 0003 1656471114573409 -1.8125 -76.5 5.197126909356553 19 
0002 0011 1656471114657773 -55.3125 -72.0 5.45483568172134 19 
0002 0000 1656471114660129 -52.0625 -70.0 0.8160777791551611 19 
0002 0003 1656471114682109 16.4375 -76.0 4.970097752749477 19 
0002 0011 1656471114763792 -84.625 -72.5 5.47937937432751 19 
0002 0000 1656471114765735 179.0 -69.0 0.4908738521234052 19 
0002 0003 1656471114791512 -4.875 -76.5 5.006913291658733 19 
0002 0011 1656471114870194 3.25 -71.0 5.252350217720435 19 
0002 0000 1656471114876585 -32.5 -69.5 0.6135923151542565 19 
0002 0003 1656471114897081 9.125 -76.5 1.9082721001297376 19 
0002 0011 1656471114977884 29.25 -72.0 5.203262832508095 19 
0002 0000 1656471114985490 71.5625 -69.0 0.4356505437595221 19 
0002 0003 1656471115006489 -25.0 -76.5 5.154175447295755 19 
0002 0000 1656471115093921 -3.25 -70.0 0.662679700366597 19 
0002 0011 1656471115097361 -91.125 -70.5 5.565282298449106 19 
0002 0003 1656471115112062 -3.625 -76.0 1.8653206380689396 19 
0002 0011 1656471115202209 224.5625 -71.0 4.914874444385594 19 
0002 0000 1656471115203140 9.75 -70.0 0.4479223900626072 19 
0002 0003 1656471115238077 10.9375 -76.0 1.6566992509164924 19 
0002 0011 1656471115317933 -309.1875 -72.0 5.5714182216006485 19 
0002 0000 1656471115320017 -45.5625 -70.0 0.5951845456996288 19 
0002 0003 1656471115339448 -15.8125 -77.0 5.209398755659637 19 
0002 0011 1656471115425903 45.5625 -72.5 5.283029833478148 19 
0002 0000 1656471115428225 -26.0 -69.5 0.5767767762450011 19 
0002 0003 1656471115447749 12.8125 -76.5 4.970097752749477 19 
0002 0011 1656471115529156 -128.5625 -71.5 5.491651220630596 19 
0002 0000 1656471115532515 87.875 -70.0 0.46019423636569234 19 
0002 0003 1656471115555711 17.6875 -77.0 4.963961829597935 19 
0002 0011 1656471115652533 -126.9375 -71.5 5.663457068873787 19 
0002 0000 1656471115655708 -117.125 -69.0 0.7731263170943632 19 
0002 0003 1656471115677060 10.375 -76.5 5.227806525114265 19 
0002 0002 1656471115767509 -1.125 -73.5 5.197126909356553 19 
0002 0011 1656471115797089 -9.75 -72.0 5.393476450205914 19 
0002 0000 1656471115798040 -113.875 -68.5 0.7424467013366504 19 
0002 0003 1656471115832920 -9.75 -76.5 4.970097752749477 19 
0002 0000 1656471115909221 -32.5 -70.5 0.6135923151542565 19 
0002 0011 1656471115916006 -192.0 -72.0 5.6941366846315 19 
0002 0003 1656471115937360 29.25 -76.5 1.8530487917658545 19 
0002 0000 1656471116021508 -61.8125 -70.0 0.6749515466696822 19 
0002 0011 1656471116022684 113.875 -72.0 5.184855063053467 19 
0002 0003 1656471116045143 -0.5625 -76.0 5.037592907416445 19 
0002 0011 1656471116131346 -170.0625 -70.5 5.387340527054372 19 
0002 0000 1656471116134497 -3.25 -70.5 0.5338253141842031 19 
0002 0003 1656471116160449 6.6875 -76.5 5.141903600992669 19 
0002 0011 1656471116240912 -104.125 -72.0 5.534602682691394 19 
0002 0000 1656471116243374 -35.75 -69.0 0.6381360077604268 19 
0002 0003 1656471116268077 -28.625 -76.5 5.0682725231741586 19 
0002 0011 1656471116346911 -65.0625 -70.5 5.356660911296659 19 
0002 0000 1656471116349163 -39.0 -70.0 0.6565437772150544 19 
0002 0003 1656471116373905 2.4375 -76.0 5.129631754689584 19 
0002 0011 1656471116450563 -172.5 -71.0 5.4671075280244255 19 
0002 0000 1656471116453954 224.5625 -69.5 0.18407769454627693 19 
0002 0003 1656471116479417 10.9375 -76.5 1.7732817907958012 19 
0002 0011 1656471116555987 35.75 -70.5 5.387340527054372 19 
0002 0000 1656471116560469 -123.6875 -69.0 0.7669903939428205 19 
0002 0003 1656471116581945 -23.1875 -76.0 2.0493983326152168 19 
0002 0011 1656471116662983 -13.8125 -72.0 5.375068680751287 19 
0002 0000 1656471116669342 117.125 -69.0 0.3620194659410113 19 
0002 0003 1656471116690638 -7.3125 -76.5 5.019185137961818 19 
0002 0000 1656471116769291 -52.0625 -70.0 0.5522330836388308 19 
0002 0011 1656471116773940 -55.3125 -72.0 5.4671075280244255 19 
0002 0003 1656471116804897 -25.0 -76.5 5.062136600022616 19 
0002 0000 1656471116882960 35.75 -70.5 0.6013204688511713 19 
0002 0011 1656471116889824 -26.0 -71.5 5.227806525114265 19 
0002 0003 1656471116912405 -1.1875 -76.5 5.129631754689584 19 
0002 0011 1656471116991640 -16.25 -69.5 5.307573526084319 19 
0002 0000 1656471116992589 -22.75 -70.5 0.5706408530934585 19 
0002 0003 1656471117009895 -1.8125 -76.5 1.8960002538266525 19 
0002 0011 1656471117098685 -87.875 -72.5 5.5284667595398505 19 
0002 0000 1656471117101050 55.3125 -69.5 0.5338253141842031 19 
0002 0003 1656471117126387 3.0 -76.5 5.062136600022616 19 
0002 0011 1656471117204467 -169.25 -71.0 5.411884219660542 19 
0002 0000 1656471117207200 -91.125 -69.5 0.8283496254582462 19 
0002 0003 1656471117221955 -10.375 -77.0 5.148039524144211 19 
0002 0011 1656471117311737 45.5625 -70.5 5.45483568172134 19 
0002 0000 1656471117312703 52.0625 -70.0 0.48473792897186263 19 
0002 0003 1656471117334046 20.75 -77.0 4.970097752749477 19 
0002 0000 1656471117418395 -74.8125 -70.5 0.5890486225480862 19 
0002 0011 1656471117420634 55.3125 -71.0 5.209398755659637 19 
0002 0003 1656471117444893 -9.125 -76.5 5.013049214810275 19 
0002 0000 1656471117523262 39.0 -70.0 0.46019423636569234 19 
0002 0011 1656471117525092 -156.1875 -71.0 5.516194913236766 19 
