0002 0011 1656471298560579 26.0 -69.0 5.356660911296659 20 
0002 0011 1656471298656910 222.125 -69.0 4.908738521234052 20 
0002 0000 1656471298659781 -81.375 -68.5 1.1474176293384597 20 
0002 0013 1656471298675968 -38.25 -74.0 0.7117670855789375 20 
0002 0011 1656471298764505 9.75 -69.0 5.264622064023521 20 
0002 0000 1656471298768122 3.25 -68.0 1.1719613219446299 20 
0002 0013 1656471298793578 -9.75 -74.5 0.619728238305799 20 
0002 0011 1656471298881733 -3.25 -69.0 5.283029833478148 20 
0002 0000 1656471298883998 -162.75 -68.5 1.3744467859455345 20 
0002 0013 1656471298915885 4.875 -74.5 0.6013204688511713 20 
0002 0000 1656471298997998 71.5625 -69.0 1.0369710126106935 20 
0002 0011 1656471298999825 -45.5625 -69.5 5.405748296509 20 
0002 0013 1656471299011097 -32.5 -74.0 0.6258641614573416 20 
0002 0011 1656471299104850 -16.25 -68.0 5.184855063053467 20 
0002 0000 1656471299105728 6.5 -68.5 1.2333205534600555 20 
0002 0013 1656471299128149 4.25 -74.5 0.5399612373357456 20 
0002 0000 1656471299216173 91.125 -69.5 0.9572040116406401 20 
0002 0011 1656471299218285 32.5 -69.0 5.221670601962723 20 
0002 0013 1656471299245436 -22.5625 -74.5 0.6565437772150544 20 
0002 0011 1656471299332179 22.75 -69.0 5.148039524144211 20 
0002 0000 1656471299336255 91.125 -69.0 0.9510680884890975 20 
0002 0013 1656471299354218 -4.25 -74.5 0.607456392002714 20 
0002 0011 1656471299443185 29.25 -67.5 5.111223985234957 20 
0002 0000 1656471299444771 -9.75 -69.0 1.227184630308513 20 
0002 0013 1656471299465959 -14.625 -75.0 0.7485826244881929 20 
0002 0000 1656471299549862 42.3125 -68.5 1.0246991663076084 20 
0002 0011 1656471299552356 19.5 -68.0 5.246214294568893 20 
0002 0013 1656471299573100 14.625 -74.0 0.5276893910326605 20 
0002 0000 1656471299657078 26.0 -68.5 1.1658253987930873 20 
0002 0011 1656471299660113 192.0 -69.5 5.056000676871073 20 
0002 0013 1656471299676654 22.75 -74.5 0.5031456984264903 20 
0002 0011 1656471299764336 -13.0 -69.0 5.424156065963627 20 
0002 0000 1656471299769582 19.5 -68.0 1.1106020904292042 20 
0002 0013 1656471299786473 39.0625 -74.0 0.5246214294568893 20 
0002 0011 1656471299877818 -74.8125 -68.5 5.5100589900852235 20 
0002 0000 1656471299878782 16.25 -68.0 1.0737865515199487 20 
0002 0013 1656471299894238 60.1875 -73.5 0.3865631585471816 20 
0002 0011 1656471299984847 -42.3125 -68.5 5.270757987175063 20 
0002 0000 1656471299988485 61.8125 -68.5 1.1596894756415448 20 
0002 0013 1656471300015069 -4.875 -74.5 0.6135923151542565 20 
0002 0011 1656471300098538 -65.0625 -69.0 5.252350217720435 20 
0002 0000 1656471300102390 -81.375 -69.0 1.3008157081270237 20 
0002 0013 1656471300141726 10.375 -74.5 0.6135923151542565 20 
0002 0011 1656471300221381 152.9375 -69.5 5.0253210611133605 20 
0002 0000 1656471300224049 -65.0625 -69.5 1.1965050145508 20 
0002 0013 1656471300263467 3.625 -74.5 0.5767767762450011 20 
0002 0011 1656471300346273 -113.875 -69.0 5.497787143782138 20 
0002 0000 1656471300348125 -175.75 -69.0 1.4664856332186729 20 
0002 0013 1656471300351200 52.0625 -75.0 3.6201946594101133 20 
0002 0011 1656471300456278 9.75 -68.5 5.258486140871978 20 
0002 0000 1656471300458337 -136.6875 -69.5 1.2333205534600555 20 
0002 0013 1656471300501692 9.125 -74.0 3.663146121470911 20 
0002 0002 1656471300526122 -5.625 -74.5 3.227495577711389 20 
0002 0011 1656471300584128 -87.875 -69.5 5.313709449235861 20 
0002 0002 1656471300585076 58.5625 -69.5 3.074097498922825 20 
0002 0000 1656471300587188 71.5625 -68.5 0.8897088569736719 20 
0002 0003 1656471300592506 -71.5625 -73.0 6.056156150572511 20 
0002 0013 1656471300648363 6.0625 -74.5 0.44178646691106466 20 
0002 0007 1656471300719188 2.6875 -75.0 0.28838838812250056 20 
0002 0001 1656471300734569 5.5625 -74.0 4.9823695990525625 20 
0002 0007 1656471300744478 13.0 -72.0 0.4356505437595221 20 
0002 0011 1656471300745415 298.625 -69.0 4.706253057233147 20 
0002 0000 1656471300746389 -22.75 -69.0 1.1167380135807468 20 
0002 0002 1656471300750374 -71.5625 -65.5 4.565126824747668 20 
0002 0001 1656471300751691 -3.25 -70.0 2.2641556429192065 20 
0002 0013 1656471300779640 -21.9375 -76.0 0.4908738521234052 20 
0002 0003 1656471300807593 4.25 -73.5 5.295301679781233 20 
0002 0004 1656471300854685 0.625 -73.0 3.706097583531709 20 
0002 0011 1656471300869309 39.0 -69.5 5.246214294568893 20 
0002 0002 1656471300871819 42.3125 -67.5 0.7669903939428205 20 
0002 0004 1656471300875926 -197.6875 -70.5 1.3867186322486196 20 
0002 0000 1656471300916456 -3.0 -75.0 6.160466844148735 20 
0002 0001 1656471300947185 1.8125 -69.0 0.03681553890925539 20 
0002 0003 1656471300951382 11.5625 -78.0 0.34974761963792617 20 
0002 0003 1656471301000908 -195.25 -70.5 5.031456984264903 20 
0002 0011 1656471301002195 117.9375 -70.0 4.651029748869264 20 
0002 0000 1656471301004225 -345.0 -72.0 1.88986433067511 20 
0002 0004 1656471301042724 -1.3125 -75.5 0.2454369260617026 20 
0002 0000 1656471301118293 0.0 -70.0 3.834951969714103 20 
0002 0004 1656471301121175 -30.875 -70.0 3.3502140407422405 20 
0002 0011 1656471301122410 71.5625 -67.5 5.21553467881118 20 
0002 0002 1656471301223077 22.75 -62.5 1.368310862793992 20 
0002 0000 1656471301224768 211.5625 -71.5 6.043884304269426 20 
0002 0011 1656471301227907 -48.8125 -69.0 5.688000761479957 20 
0002 0004 1656471301228838 -7.3125 -64.0 5.019185137961818 20 
0002 0001 1656471301229762 81.375 -70.5 4.755340442445488 20 
0002 0009 1656471301313569 -3.5625 -75.0 5.289165756629691 20 
0002 0004 1656471301338154 79.75 -63.5 0.35588354278946877 20 
0002 0011 1656471301339641 -91.125 -68.0 0.05522330836388308 20 
0002 0001 1656471301341056 3.25 -67.0 1.88986433067511 20 
0002 0002 1656471301343988 87.875 -68.0 2.9084275738311756 20 
0002 0000 1656471301348361 39.0 -73.0 2.227340104009951 20 
0002 0009 1656471301356123 -2.4375 -73.5 5.764699800874239 20 
0002 0008 1656471301378713 29.25 -76.0 2.2948352586769194 20 
0002 0003 1656471301410379 9.4375 -76.5 0.0859029241215959 20 
0002 0002 1656471301471858 -55.3125 -63.0 2.086213871524472 20 
0002 0003 1656471301473889 -384.0625 -70.5 1.2455923997631406 20 
0002 0009 1656471301475661 -152.9375 -68.5 4.798291904506286 20 
0002 0001 1656471301476695 26.0 -63.5 5.160311370447297 20 
0002 0004 1656471301478137 -59.375 -64.0 3.313398501832985 20 
0002 0011 1656471301480327 48.8125 -69.5 0.7179030087304801 20 
0002 0008 1656471301494370 18.875 -75.5 4.424000592262189 20 
0002 0001 1656471301581084 -16.25 -63.5 1.846912868614312 20 
0002 0004 1656471301584472 -74.8125 -64.0 5.540738605842936 20 
0002 0009 1656471301585749 -9.75 -66.5 0.1595340019401067 20 
0002 0011 1656471301587564 48.8125 -70.5 1.2026409377023426 20 
0002 0003 1656471301660493 1.75 -74.0 0.6381360077604268 20 
0002 0002 1656471301675445 0.25 -69.0 4.190835512503572 20 
0002 0011 1656471301702013 126.9375 -71.0 1.5462526341887264 20 
0002 0003 1656471301703159 -3.25 -68.5 1.1719613219446299 20 
0002 0002 1656471301704806 -29.25 -66.5 4.135612204139688 20 
0002 0009 1656471301707124 0.0 -65.0 2.350058567040802 20 
0002 0004 1656471301709224 -139.125 -66.5 2.36846633649543 20 
0002 0001 1656471301710202 -55.3125 -65.0 5.252350217720435 20 
0002 0009 1656471301812325 84.625 -65.0 3.9147189706841563 20 
0002 0004 1656471301813598 17.0625 -70.5 4.945554060143307 20 
0002 0001 1656471301814789 -159.5 -66.5 2.466641106920111 20 
0002 0003 1656471301821939 195.25 -71.0 2.767301341345697 20 
0002 0002 1656471301840414 7.875 -68.5 0.8835729338221293 20 
0002 0008 1656471301915889 10.0625 -74.0 0.8283496254582462 20 
0002 0007 1656471301924668 2.125 -75.5 3.2949907323783574 20 
0002 0009 1656471301937321 0.0 -65.0 5.859806609723149 20 
0002 0002 1656471301938262 -65.0625 -66.5 4.81056375080937 20 
0002 0001 1656471301940759 29.25 -69.0 5.890486225480862 20 
0002 0000 1656471301943948 39.0 -66.5 5.411884219660542 20 
0002 0008 1656471301945413 -35.75 -69.5 1.4358060174609601 20 
0002 0003 1656471301950225 120.4375 -70.0 0.1227184630308513 20 
0002 0007 1656471301952697 -68.3125 -72.0 0.8897088569736719 20 
0002 0004 1656471301982015 -2.4375 -72.0 4.620350133111551 20 
0002 0002 1656471302060333 -110.625 -63.0 1.6382914814618648 20 
0002 0001 1656471302061892 35.75 -68.0 2.8532042654672924 20 
0002 0008 1656471302063201 3.25 -61.0 3.6692820446224537 20 
0002 0009 1656471302064676 26.0 -65.5 0.6688156235181395 20 
0002 0000 1656471302065756 146.4375 -67.5 3.1354567304382504 20 
0002 0003 1656471302067129 -87.875 -69.5 3.067961575771282 20 
0002 0004 1656471302069006 10.5625 -68.0 5.393476450205914 20 
0002 0008 1656471302171917 22.75 -57.0 5.344389064993574 20 
0002 0003 1656471302173536 94.375 -67.5 4.460816131171445 20 
0002 0009 1656471302175562 -139.9375 -69.5 0.7117670855789375 20 
0002 0001 1656471302177867 26.0 -64.5 4.871922982324796 20 
0002 0004 1656471302195384 -19.5 -76.5 6.12365130523948 20 
0002 0000 1656471302260967 -2.5625 -69.5 0.9081166264282996 20 
0002 0003 1656471302290506 3.25 -65.0 5.737088146692298 20 
0002 0000 1656471302292718 22.75 -67.0 3.7429131224409646 20 
0002 0008 1656471302293687 -91.125 -61.0 5.534602682691394 20 
0002 0001 1656471302294848 -52.0625 -64.0 5.632777453116074 20 
0002 0004 1656471302328051 5.4375 -75.0 5.0682725231741586 20 
0002 0000 1656471302420022 39.0 -65.5 4.749204519293945 20 
0002 0001 1656471302421555 -29.25 -66.5 5.626641529964532 20 
0002 0003 1656471302423300 9.75 -63.5 6.215690152512618 20 
0002 0004 1656471302425392 -38.1875 -72.0 5.203262832508095 20 
0002 0004 1656471302524559 73.1875 -72.0 5.295301679781233 20 
0002 0001 1656471302525765 -32.5 -69.0 5.5100589900852235 20 
0002 0000 1656471302526700 -26.0 -68.5 5.056000676871073 20 
0002 0003 1656471302528359 100.875 -63.0 6.111379458936394 20 
0002 0001 1656471302625952 13.0 -67.5 5.295301679781233 20 
0002 0004 1656471302628315 -257.125 -72.0 5.792311455056181 20 
0002 0003 1656471302634015 9.75 -64.0 5.976389149602458 20 
0002 0008 1656471302639660 15.4375 -69.5 6.1850105367549055 20 
0002 0000 1656471302720975 -0.625 -72.5 4.859651136021712 20 
0002 0002 1656471302727818 -2.6875 -73.5 2.705942109830271 20 
0002 0003 1656471302758447 -58.5625 -64.0 5.93343768754166 20 
0002 0001 1656471302759411 -110.625 -66.0 5.491651220630596 20 
0002 0008 1656471302760588 -3.25 -67.5 6.160466844148735 20 
0002 0004 1656471302762104 -145.625 -73.0 5.497787143782138 20 
0002 0000 1656471302785239 -7.875 -71.5 1.552388557340269 20 
0002 0003 1656471302862033 -26.0 -65.0 5.835262917116979 20 
0002 0008 1656471302867108 -74.8125 -67.5 6.050020227420969 20 
0002 0001 1656471302868414 71.5625 -65.0 5.283029833478148 20 
0002 0004 1656471302869299 -10.5625 -71.5 5.105088062083414 20 
0002 0000 1656471302879211 12.1875 -70.0 4.338097668140593 20 
0002 0001 1656471302969434 -32.5 -66.0 5.387340527054372 20 
0002 0003 1656471302970581 -16.25 -66.0 5.994796919057086 20 
0002 0004 1656471302972367 -142.375 -71.0 5.270757987175063 20 
0002 0000 1656471302973331 45.5625 -66.0 4.246058820867455 20 
0002 0008 1656471302974752 42.3125 -68.5 5.810719224510809 20 
0002 0001 1656471303079448 29.25 -65.5 5.393476450205914 20 
0002 0004 1656471303081531 -229.4375 -70.0 5.289165756629691 20 
0002 0000 1656471303082676 9.75 -66.0 4.3074180523828804 20 
0002 0003 1656471303083771 94.375 -65.0 5.9088939949354895 20 
0002 0008 1656471303087532 4.0625 -69.5 6.040816342693655 20 
0002 0000 1656471303184520 -22.75 -66.0 4.387185053352934 20 
0002 0001 1656471303186554 -58.5625 -65.0 5.66959299202533 20 
0002 0003 1656471303187841 0.0 -65.5 5.902758071783947 20 
0002 0004 1656471303191174 107.375 -71.5 4.878058905476339 20 
0002 0008 1656471303198936 -15.4375 -69.0 6.034680419542112 20 
0002 0003 1656471303290953 9.75 -66.0 5.859806609723149 20 
0002 0001 1656471303293208 35.75 -64.5 5.5714182216006485 20 
0002 0000 1656471303294839 -136.6875 -65.5 4.632621979414636 20 
0002 0008 1656471303296401 -22.75 -67.5 6.019340611663256 20 
0002 0004 1656471303299402 152.9375 -71.5 4.767612288748572 20 
0002 0008 1656471303398218 3.25 -67.5 5.939573610693203 20 
0002 0000 1656471303400319 26.0 -66.0 4.28287435977671 20 
0002 0003 1656471303401271 78.0625 -66.0 5.792311455056181 20 
0002 0001 1656471303402998 -100.875 -65.0 5.743224069843841 20 
0002 0004 1656471303404014 41.5 -71.0 4.681709364626977 20 
0002 0008 1656471303504007 -91.125 -67.5 6.129787228391022 20 
0002 0004 1656471303505025 -83.0 -70.0 5.3198453723874035 20 
0002 0003 1656471303506134 -39.0 -66.0 5.994796919057086 20 
0002 0000 1656471303507054 3.25 -65.5 4.276738436625168 20 
0002 0001 1656471303508035 -110.625 -64.0 5.780039608753096 20 
