0008 0015 1666495893836103 -78.0625 -65.5 0.02454369260617026 2 
0008 0014 1666495893837383 21.9375 -65.0 0.619728238305799 2 
0008 0008 1666495893839159 39.0 -65.5 0.20248546400090464 2 
0008 0004 1666495893841291 -212.375 -69.0 4.215379205109742 2 
0008 0000 1666495893844787 -121.25 -71.5 2.6813984172241008 2 
0008 0004 1666495893938875 -126.125 -69.0 4.104932588381976 2 
0008 0014 1666495893939801 69.125 -66.0 0.5583690067903734 2 
0008 0008 1666495893941703 -8.9375 -65.0 0.25157284921324513 2 
0008 0015 1666495893942846 -130.1875 -66.5 6.2463697682703305 2 
0008 0000 1666495893947190 160.3125 -71.5 2.7550294950426117 2 
0008 0008 1666495894044605 -52.0625 -66.0 0.3313398501832985 2 
0008 0015 1666495894045518 -30.0625 -66.0 6.191146459906448 2 
0008 0014 1666495894046432 95.1875 -66.0 0.5276893910326605 2 
0008 0004 1666495894048291 -4.0625 -68.5 4.061981126321178 2 
0008 0000 1666495894051303 -104.125 -72.5 2.60776733940559 2 
0008 0015 1666495894149728 -13.0 -66.5 6.227961998815704 2 
0008 0004 1666495894151949 -82.1875 -69.0 4.0558452031696355 2 
0008 0014 1666495894153231 61.0 -65.5 0.4970097752749477 2 
0008 0008 1666495894154597 61.0 -65.0 0.21475731030398976 2 
0008 0000 1666495894156252 147.25 -72.0 2.730485802436441 2 
0008 0015 1666495894259376 -13.0 -65.5 6.209554229361076 2 
0008 0000 1666495894261028 -82.1875 -71.0 2.5893595699509624 2 
0008 0014 1666495894261954 4.0625 -66.0 0.6013204688511713 2 
0008 0008 1666495894263801 -61.0 -64.0 0.3988350048502667 2 
0008 0004 1666495894264969 -13.0 -69.0 4.01902966426038 2 
0008 0015 1666495894364366 -130.1875 -66.0 0.04908738521234052 2 
0008 0008 1666495894365348 52.0625 -63.5 0.30066023442558565 2 
0008 0000 1666495894367012 -30.0625 -71.5 2.804116880254952 2 
0008 0014 1666495894368238 48.0 -66.5 0.5154175447295755 2 
0008 0004 1666495894371250 4.0625 -69.5 4.147884050442774 2 
0008 0015 1666495894469811 13.0 -66.5 6.209554229361076 2 
0008 0000 1666495894470740 -121.25 -70.0 2.9329712664373457 2 
0008 0014 1666495894472447 26.0 -65.5 0.5706408530934585 2 
0008 0008 1666495894473348 -178.1875 -64.5 0.6013204688511713 2 
0008 0004 1666495894474473 95.1875 -70.0 3.9085830475326135 2 
0008 0008 1666495894574077 -21.9375 -64.0 0.4111068511533518 2 
0008 0004 1666495894575364 -113.0625 -70.0 4.178563666200486 2 
0008 0014 1666495894576280 104.125 -65.5 0.47860200582032003 2 
0008 0015 1666495894577222 52.0625 -67.0 6.117515382087937 2 
0008 0000 1666495894578747 52.0625 -71.0 2.9022916506796332 2 
0008 0004 1666495894673788 -143.1875 -68.5 4.1172044346850605 2 
0008 0008 1666495894677658 21.9375 -64.0 0.35588354278946877 2 
0008 0000 1666495894680117 65.0625 -71.5 2.6691265709210157 2 
0008 0015 1666495894681439 30.0625 -66.0 6.1420590746941075 2 
0008 0014 1666495894682566 52.0625 -65.5 0.5767767762450011 2 
0008 0008 1666495894780215 -17.0625 -64.5 0.42337869745643697 2 
0008 0015 1666495894782182 121.25 -66.0 6.050020227420969 2 
0008 0000 1666495894783959 61.0 -71.0 2.730485802436441 2 
0008 0014 1666495894786556 104.125 -66.0 0.4540583132141498 2 
0008 0004 1666495894787426 -134.25 -69.5 4.1417481272912315 2 
0008 0014 1666495894882587 87.0625 -66.5 0.5031456984264903 2 
0008 0004 1666495894883955 -117.125 -68.5 4.184699589352029 2 
0008 0008 1666495894885985 56.125 -64.0 0.3436116964863836 2 
0008 0015 1666495894887468 -21.9375 -66.0 6.160466844148735 2 
0008 0000 1666495894888623 91.125 -70.0 2.6445828783148455 2 
0008 0014 1666495894987181 13.0 -67.0 0.6381360077604268 2 
0008 0000 1666495894988450 87.0625 -70.5 2.6445828783148455 2 
0008 0008 1666495894990654 21.9375 -64.0 0.3865631585471816 2 
0008 0004 1666495894992180 -21.9375 -69.5 4.086524818927348 2 
0008 0015 1666495894993093 4.0625 -66.0 6.1420590746941075 2 
0008 0014 1666495895088742 52.0625 -66.5 0.6135923151542565 2 
0008 0008 1666495895090358 8.9375 -64.5 0.34974761963792617 2 
0008 0004 1666495895092908 -160.3125 -68.5 4.166291819897402 2 
0008 0015 1666495895094178 82.1875 -66.5 5.994796919057086 2 
0008 0000 1666495895096211 -30.0625 -71.0 2.8286605728611223 2 
0008 0004 1666495895192930 -39.0 -69.5 3.890175278077986 2 
0008 0000 1666495895196068 195.25 -72.0 2.509592568980909 2 
0008 0008 1666495895197201 -8.9375 -64.5 0.37429131224409645 2 
0008 0014 1666495895200330 -30.0625 -65.5 0.6381360077604268 2 
0008 0015 1666495895201245 169.25 -66.0 5.9518454569962875 2 
0008 0014 1666495895296613 -39.0 -65.5 0.6565437772150544 2 
0008 0008 1666495895297482 17.0625 -65.0 0.28838838812250056 2 
0008 0000 1666495895299448 34.9375 -71.0 2.5709518004963345 2 
0008 0004 1666495895301158 -130.1875 -69.0 4.061981126321178 2 
0008 0015 1666495895302893 8.9375 -67.0 6.191146459906448 2 
0008 0000 1666495895400795 -308.375 -71.0 2.9759227284981438 2 
0008 0015 1666495895401822 -74.0 -67.0 6.270913460876501 2 
0008 0004 1666495895404580 -277.4375 -69.0 4.301282129231338 2 
0008 0014 1666495895405594 178.1875 -66.5 0.46019423636569234 2 
0008 0008 1666495895406545 -21.9375 -65.0 0.2638446955163303 2 
0008 0004 1666495895502918 26.0 -69.5 3.9208548938356986 2 
0008 0014 1666495895505959 -74.0 -66.5 0.760854470791278 2 
0008 0015 1666495895506915 -17.0625 -65.5 6.160466844148735 2 
0008 0008 1666495895507841 82.1875 -64.5 0.18407769454627693 2 
0008 0000 1666495895512234 130.1875 -71.5 2.5832236467994196 2 
0008 0008 1666495895608140 34.9375 -64.5 0.2086213871524472 2 
0008 0015 1666495895609623 48.0 -66.0 6.062292073724054 2 
0008 0014 1666495895610537 -113.0625 -66.0 0.7301748550335652 2 
0008 0004 1666495895613543 0.0 -68.5 3.9822141253511245 2 
0008 0000 1666495895615485 134.25 -72.0 2.435961491162398 2 
0008 0014 1666495895710159 87.0625 -65.5 0.521553467881118 2 
0008 0008 1666495895711085 30.0625 -65.0 0.1902136176978195 2 
0008 0015 1666495895714085 173.3125 -66.0 5.93343768754166 2 
0008 0004 1666495895715095 17.0625 -68.5 4.049709280018092 2 
0008 0000 1666495895716478 338.5 -71.5 2.2580197197676637 2 
0008 0015 1666495895816098 21.9375 -66.5 6.056156150572511 2 
0008 0014 1666495895817396 108.1875 -65.5 0.5399612373357456 2 
0008 0000 1666495895819164 -347.4375 -71.5 2.8716120349219203 2 
0008 0004 1666495895820061 65.0625 -68.5 3.8840393549264434 2 
0008 0008 1666495895820943 61.0 -65.0 0.18407769454627693 2 
0008 0000 1666495895916554 61.0 -74.0 2.6261751088602177 2 
0008 0014 1666495895920370 0.0 -65.5 0.6565437772150544 2 
0008 0004 1666495895921602 -117.125 -70.0 4.104932588381976 2 
0008 0015 1666495895922530 74.0 -66.0 6.050020227420969 2 
0008 0008 1666495895923468 -13.0 -66.0 0.22089323345553233 2 
0008 0004 1666495896019478 -17.0625 -69.0 3.9822141253511245 2 
0008 0014 1666495896023144 48.0 -65.0 0.705631162427395 2 
0008 0008 1666495896024281 -156.1875 -64.5 0.4295146206079795 2 
0008 0015 1666495896025251 48.0 -65.5 5.982525072754001 2 
0008 0000 1666495896030504 -299.4375 -72.5 2.9084275738311756 2 
0008 0014 1666495896134102 -139.125 -65.0 0.8160777791551611 2 
0008 0004 1666495896136835 -34.9375 -68.5 4.031301510563465 2 
0008 0000 1666495896137973 -91.125 -71.0 2.650718801466388 2 
0008 0008 1666495896139964 34.9375 -65.5 0.17794177139473438 2 
0008 0015 1666495896140850 -91.125 -65.5 6.117515382087937 2 
0008 0008 1666495896236943 8.9375 -64.5 0.15339807878856412 2 
0008 0004 1666495896240314 -52.0625 -69.5 4.080388895775806 2 
0008 0015 1666495896244073 26.0 -66.0 5.988660995905543 2 
0008 0014 1666495896244959 87.0625 -66.0 0.6749515466696822 2 
0008 0000 1666495896247132 -108.1875 -72.5 2.442097414313941 2 
0008 0014 1666495896343521 26.0 -66.5 0.6442719309119693 2 
0008 0008 1666495896346953 17.0625 -65.5 0.20248546400090464 2 
0008 0004 1666495896347867 -173.3125 -69.5 4.04357335686655 2 
0008 0015 1666495896348733 0.0 -66.0 6.068427996875596 2 
0008 0000 1666495896350432 -238.4375 -72.0 2.859340188618835 2 
0008 0008 1666495896447599 4.0625 -64.0 0.2270291566070749 2 
0008 0014 1666495896448829 126.125 -65.5 0.6013204688511713 2 
0008 0004 1666495896450677 -191.1875 -68.5 4.2031073588066565 2 
0008 0015 1666495896453422 -56.125 -65.5 6.062292073724054 2 
0008 0008 1666495896549598 -17.0625 -65.0 0.23930100291016002 2 
0008 0014 1666495896550782 87.0625 -65.0 0.6258641614573416 2 
0008 0004 1666495896553840 52.0625 -70.0 3.736777199289422 2 
0008 0015 1666495896555265 82.1875 -66.0 6.031612457966341 2 
0008 0000 1666495896557740 -108.1875 -72.0 2.6875343403756435 2 
0008 0008 1666495896653378 39.0 -64.5 0.2270291566070749 2 
0008 0014 1666495896654293 130.1875 -65.5 0.6258641614573416 2 
0008 0015 1666495896655477 -65.0625 -66.0 6.086835766330224 2 
0008 0004 1666495896657381 126.125 -69.0 3.736777199289422 2 
0008 0000 1666495896662284 48.0 -73.0 2.3439226438892597 2 
0008 0015 1666495896758148 -43.125 -65.5 6.14819499784565 2 
0008 0008 1666495896759072 -26.0 -64.5 0.20248546400090464 2 
0008 0004 1666495896762908 -74.0 -68.5 4.025165587411922 2 
0008 0000 1666495896764417 52.0625 -72.5 2.313243028131547 2 
0008 0014 1666495896765358 21.9375 -65.0 0.7301748550335652 2 
0008 0015 1666495896862063 -30.0625 -66.0 6.080699843178682 2 
0008 0000 1666495896863219 386.5 -71.5 2.1782527187976104 2 
0008 0008 1666495896865121 -26.0 -64.5 0.25157284921324513 2 
0008 0004 1666495896867413 -221.3125 -69.0 4.172427743048944 2 
0008 0014 1666495896869462 126.125 -66.0 0.6013204688511713 2 
0008 0004 1666495896966373 -178.1875 -69.0 4.104932588381976 2 
0008 0014 1666495896969495 -65.0625 -66.5 0.8344855486097889 2 
0008 0015 1666495896970977 -78.0625 -66.5 6.135923151542564 2 
0008 0008 1666495896971900 39.0 -64.5 0.19634954084936207 2 
0008 0000 1666495896973606 -52.0625 -73.0 2.356194490192345 2 
0008 0008 1666495897068744 0.0 -65.0 0.2086213871524472 2 
0008 0004 1666495897070217 -87.0625 -68.0 4.01902966426038 2 
0008 0014 1666495897071627 -34.9375 -66.0 0.803805932852076 2 
0008 0000 1666495897072784 139.125 -70.0 2.399145952253143 2 
0008 0015 1666495897073698 -61.0 -66.0 6.12365130523948 2 
0008 0004 1666495897174722 13.0 -69.0 3.988350048502667 2 
0008 0008 1666495897175647 30.0625 -64.0 0.2086213871524472 2 
0008 0015 1666495897177540 -30.0625 -66.0 6.074563920027139 2 
0008 0014 1666495897178694 48.0 -65.5 0.6688156235181395 2 
0008 0000 1666495897179849 -65.0625 -71.5 2.5034566458293663 2 
0008 0014 1666495897281514 61.0 -66.5 0.6320000846088841 2 
0008 0008 1666495897283786 39.0 -64.0 0.20248546400090464 2 
0008 0004 1666495897286983 -212.375 -70.0 4.295146206079795 2 
0008 0015 1666495897287910 -65.0625 -66.0 6.092971689481767 2 
0008 0000 1666495897289162 56.125 -72.0 2.386874105950058 2 
0008 0015 1666495897385765 -26.0 -65.5 6.12365130523948 2 
0008 0008 1666495897387608 30.0625 -64.5 0.2454369260617026 2 
0008 0014 1666495897389223 0.0 -66.5 0.7363107781851077 2 
0008 0004 1666495897390141 -65.0625 -68.5 3.988350048502667 2 
0008 0000 1666495897391075 0.0 -72.0 2.718213956133356 2 
0008 0000 1666495897488078 113.0625 -72.0 2.3009711818284617 2 
0008 0015 1666495897489006 43.125 -66.0 6.019340611663256 2 
0008 0004 1666495897489918 -21.9375 -69.0 3.9208548938356986 2 
0008 0008 1666495897491551 -100.0625 -64.0 0.42337869745643697 2 
0008 0014 1666495897493685 65.0625 -66.5 0.6320000846088841 2 
0008 0008 1666495897591647 56.125 -65.0 0.2086213871524472 2 
0008 0014 1666495897594890 104.125 -65.5 0.6320000846088841 2 
0008 0015 1666495897596425 -69.125 -65.5 6.160466844148735 2 
0008 0000 1666495897598146 34.9375 -71.5 2.6016314162540475 2 
0008 0004 1666495897599061 -147.25 -69.0 4.06811704947272 2 
0008 0015 1666495897698709 39.0 -65.5 6.074563920027139 2 
0008 0004 1666495897699737 87.0625 -69.5 3.816544200259475 2 
0008 0008 1666495897700902 34.9375 -64.0 0.25770877236478773 2 
0008 0014 1666495897701801 -56.125 -66.0 0.7853981633974483 2 
0008 0000 1666495897702871 -13.0 -71.0 2.5893595699509624 2 
0008 0015 1666495897800631 -4.0625 -66.0 6.019340611663256 2 
0008 0014 1666495897802001 -104.125 -65.5 0.8835729338221293 2 
0008 0004 1666495897803112 -108.1875 -69.5 4.1172044346850605 2 
0008 0008 1666495897804079 -34.9375 -64.5 0.3313398501832985 2 
0008 0000 1666495897805844 -26.0 -71.5 2.3930100291016 2 
0008 0008 1666495897901817 48.0 -64.0 0.21475731030398976 2 
0008 0015 1666495897904191 30.0625 -65.5 6.043884304269426 2 
0008 0000 1666495897907647 169.25 -72.0 2.2948352586769194 2 
0008 0014 1666495897908998 -65.0625 -66.0 0.7792622402459057 2 
0008 0004 1666495897909938 13.0 -69.5 3.9392626632903265 2 
0008 0015 1666495898012679 -56.125 -66.0 6.14819499784565 2 
0008 0000 1666495898013792 191.1875 -72.0 2.3316507975861747 2 
0008 0014 1666495898015185 -48.0 -65.5 0.7669903939428205 2 
0008 0004 1666495898019054 156.1875 -69.0 3.724505352986337 2 
0008 0008 1666495898020217 -13.0 -64.5 0.3129320807286708 2 
0008 0004 1666495898118555 -104.125 -69.0 3.9944859716542096 2 
0008 0015 1666495898121072 -95.1875 -66.0 6.1850105367549055 2 
0008 0008 1666495898122042 108.1875 -64.5 0.14112623248547898 2 
0008 0000 1666495898123662 69.125 -71.0 2.521864415283994 2 
0008 0014 1666495898125067 0.0 -66.0 0.705631162427395 2 
0008 0015 1666495898225120 -65.0625 -65.5 6.166602767300278 2 
0008 0014 1666495898226472 43.125 -66.0 0.6994952392758523 2 
0008 0008 1666495898227409 -4.0625 -64.0 0.2638446955163303 2 
0008 0000 1666495898228311 82.1875 -73.0 2.6139032625571326 2 
0008 0004 1666495898229223 -8.9375 -68.5 3.810408277107933 2 
0008 0015 1666495898329922 -30.0625 -65.5 6.111379458936394 2 
0008 0004 1666495898333361 -74.0 -68.5 4.123340357836604 2 
0008 0008 1666495898334654 -13.0 -64.5 0.23316507975861744 2 
0008 0000 1666495898337129 -156.1875 -71.0 2.5893595699509624 2 
0008 0014 1666495898338439 48.0 -66.5 0.6749515466696822 2 
0008 0008 1666495898436337 -8.9375 -64.5 0.19634954084936207 2 
0008 0004 1666495898437850 -182.25 -69.0 4.178563666200486 2 
0008 0014 1666495898439344 30.0625 -65.5 0.7301748550335652 2 
0008 0015 1666495898440510 -4.0625 -66.0 6.056156150572511 2 
0008 0000 1666495898443323 -277.4375 -72.0 2.9513790358919736 2 
0008 0014 1666495898539144 82.1875 -66.0 0.6320000846088841 2 
0008 0015 1666495898540113 17.0625 -66.0 6.074563920027139 2 
0008 0000 1666495898542663 56.125 -72.0 2.3439226438892597 2 
0008 0004 1666495898544145 61.0 -69.5 3.9699422790480394 2 
0008 0008 1666495898545311 43.125 -65.0 0.09817477042468103 2 
0008 0008 1666495898640474 -43.125 -65.5 0.17794177139473438 2 
0008 0014 1666495898641644 87.0625 -66.5 0.607456392002714 2 
0008 0004 1666495898642830 117.125 -69.0 3.816544200259475 2 
0008 0015 1666495898643758 -78.0625 -66.5 6.129787228391022 2 
0008 0000 1666495898653360 221.3125 -72.0 2.1598449493429825 2 
