0008 0014 1666496038018794 30.0625 -65.0 1.4358060174609601 2 
0008 0015 1666496038019866 113.0625 -65.5 2.6016314162540475 2 
0008 0004 1666496038021047 52.0625 -67.5 5.491651220630596 2 
0008 0008 1666496038021942 17.0625 -67.0 1.6566992509164924 2 
0008 0000 1666496038023224 48.0 -71.5 5.436427912266712 2 
0008 0014 1666496038118430 -95.1875 -65.5 1.607611865704152 2 
0008 0015 1666496038120976 217.25 -66.0 2.509592568980909 2 
0008 0000 1666496038122428 -95.1875 -73.0 5.577554144752192 2 
0008 0008 1666496038123864 -30.0625 -66.5 1.6873788666742053 2 
0008 0004 1666496038125018 26.0 -67.0 5.5714182216006485 2 
0008 0015 1666496038223180 -82.1875 -65.0 2.890019804376548 2 
0008 0004 1666496038224617 -48.0 -67.5 5.620505606812989 2 
0008 0014 1666496038225969 108.1875 -64.5 1.337631247036279 2 
0008 0008 1666496038229297 -21.9375 -66.0 1.6812429435226628 2 
0008 0000 1666496038230438 30.0625 -72.5 5.491651220630596 2 
0008 0000 1666496038329087 165.1875 -72.5 5.283029833478148 2 
0008 0014 1666496038330225 13.0 -65.0 1.4603497100671303 2 
0008 0004 1666496038332975 -8.9375 -67.5 5.71868037723767 2 
0008 0008 1666496038335006 0.0 -67.5 1.6321555583103222 2 
0008 0015 1666496038336804 21.9375 -65.5 2.724349879284899 2 
0008 0004 1666496038433795 43.125 -67.5 5.64504929941916 2 
0008 0014 1666496038434944 0.0 -65.5 1.4787574795217582 2 
0008 0008 1666496038435833 -182.25 -66.5 1.7916895602504288 2 
0008 0015 1666496038439027 -108.1875 -65.0 2.82252464970958 2 
0008 0000 1666496038441616 34.9375 -71.0 5.565282298449106 2 
0008 0015 1666496038539925 -4.0625 -65.0 2.675262494072558 2 
0008 0008 1666496038542428 191.1875 -67.0 1.4787574795217582 2 
0008 0000 1666496038543327 208.3125 -71.5 5.3198453723874035 2 
0008 0004 1666496038544197 -52.0625 -67.0 5.651185222570702 2 
0008 0014 1666496038545636 104.125 -65.5 1.3008157081270237 2 
0008 0014 1666496038645100 74.0 -65.0 1.3744467859455345 2 
0008 0015 1666496038646469 -78.0625 -65.0 2.761165418194154 2 
0008 0004 1666496038647849 -104.125 -67.0 5.743224069843841 2 
0008 0000 1666496038649797 78.0625 -72.5 5.387340527054372 2 
0008 0008 1666496038651544 13.0 -67.0 1.5707963267948966 2 
0008 0000 1666496038748117 39.0 -71.5 5.632777453116074 2 
0008 0014 1666496038749599 -82.1875 -65.5 1.5401167110371838 2 
0008 0015 1666496038750754 74.0 -66.0 2.650718801466388 2 
0008 0008 1666496038753738 17.0625 -66.5 1.6689710972195777 2 
0008 0004 1666496038755649 -30.0625 -67.5 5.595961914206819 2 
0008 0008 1666496038853329 -26.0 -67.0 1.6873788666742053 2 
0008 0015 1666496038855109 43.125 -65.5 2.730485802436441 2 
0008 0004 1666496038856006 4.0625 -67.5 5.553010452146021 2 
0008 0000 1666496038858029 -325.5 -73.0 5.8475347634200645 2 
0008 0014 1666496038858927 56.125 -64.5 1.4173982480063325 2 
0008 0008 1666496038957539 -30.0625 -67.0 1.7426021750380885 2 
0008 0004 1666496038959175 87.0625 -68.0 5.546874528994478 2 
0008 0014 1666496038960118 -69.125 -65.0 1.5033011721279284 2 
0008 0015 1666496038962352 17.0625 -65.0 2.748893571891069 2 
0008 0000 1666496038966378 -139.125 -72.0 5.485515297479052 2 
0008 0004 1666496039064029 156.1875 -67.0 5.491651220630596 2 
0008 0015 1666496039066417 -8.9375 -65.5 2.705942109830271 2 
0008 0008 1666496039067542 -43.125 -67.5 1.6873788666742053 2 
0008 0000 1666496039068896 -234.3125 -73.5 5.66959299202533 2 
0008 0014 1666496039069807 -8.9375 -65.5 1.4173982480063325 2 
0008 0015 1666496039168000 -69.125 -65.5 2.8654761117703775 2 
0008 0000 1666496039168945 -425.5625 -72.0 5.835262917116979 2 
0008 0014 1666496039169854 -17.0625 -64.5 1.5155730184310134 2 
0008 0004 1666496039172855 -160.3125 -68.0 5.773903685601553 2 
0008 0008 1666496039174660 34.9375 -66.5 1.6566992509164924 2 
0008 0014 1666496039273754 91.125 -64.5 1.3560390164909069 2 
0008 0015 1666496039275389 -4.0625 -65.0 2.8532042654672924 2 
0008 0004 1666496039276275 -34.9375 -67.5 5.620505606812989 2 
0008 0000 1666496039279029 121.25 -74.0 5.3198453723874035 2 
0008 0008 1666496039280508 -52.0625 -68.0 1.718058482431918 2 
0008 0014 1666496039385278 -34.9375 -65.5 1.5033011721279284 2 
0008 0008 1666496039388392 -100.0625 -68.0 1.6812429435226628 2 
0008 0004 1666496039389305 13.0 -68.0 5.589825991055276 2 
0008 0000 1666496039390428 -8.9375 -72.5 5.375068680751287 2 
0008 0015 1666496039391343 -48.0 -65.5 2.773437264497239 2 
0008 0015 1666496039488860 13.0 -65.5 2.730485802436441 2 
0008 0004 1666496039491347 17.0625 -67.0 5.553010452146021 2 
0008 0000 1666496039492700 -61.0 -73.5 5.602097837358362 2 
0008 0014 1666496039493827 104.125 -65.5 1.3499030933393643 2 
0008 0008 1666496039495729 4.0625 -67.5 1.7303303287350031 2 
0008 0014 1666496039596043 -74.0 -65.5 1.509437095279471 2 
0008 0008 1666496039599138 -17.0625 -67.0 1.6321555583103222 2 
0008 0004 1666496039600437 -52.0625 -67.0 5.66959299202533 2 
0008 0015 1666496039601379 -39.0 -65.5 2.767301341345697 2 
0008 0000 1666496039602903 48.0 -72.5 5.240078371417351 2 
0008 0014 1666496039699531 -251.4375 -65.0 1.761009944492716 2 
0008 0004 1666496039701180 130.1875 -67.0 5.448699758569798 2 
0008 0000 1666496039702533 -130.1875 -73.5 5.577554144752192 2 
0008 0015 1666496039704540 -234.3125 -65.5 2.9943304979527716 2 
0008 0008 1666496039705421 108.1875 -66.5 1.4051264017032472 2 
0008 0000 1666496039803248 134.25 -73.0 5.21553467881118 2 
0008 0008 1666496039804383 -48.0 -67.0 1.6996507129772904 2 
0008 0015 1666496039806617 -26.0 -65.5 2.773437264497239 2 
0008 0004 1666496039809397 34.9375 -67.5 5.620505606812989 2 
0008 0014 1666496039810467 -43.125 -65.5 1.521708941582556 2 
0008 0000 1666496039908931 -56.125 -72.5 5.2768939103266055 2 
0008 0015 1666496039910952 -52.0625 -65.0 2.8716120349219203 2 
0008 0014 1666496039911879 34.9375 -65.5 1.4848934026733007 2 
0008 0008 1666496039913241 -13.0 -67.5 1.705786636128833 2 
0008 0004 1666496039916710 -74.0 -67.5 5.712544454086128 2 
0008 0014 1666496040015354 8.9375 -65.5 1.4726215563702154 2 
0008 0004 1666496040016625 78.0625 -67.0 5.6573211457222445 2 
0008 0008 1666496040019241 87.0625 -67.5 1.5033011721279284 2 
0008 0015 1666496040020155 48.0 -66.0 2.6200391857086753 2 
0008 0000 1666496040021167 -156.1875 -73.5 5.638913376267617 2 
0008 0015 1666496040117558 17.0625 -65.5 2.736621725587984 2 
0008 0000 1666496040120091 -212.375 -73.0 5.651185222570702 2 
0008 0004 1666496040122081 -95.1875 -67.0 5.737088146692298 2 
0008 0014 1666496040123067 26.0 -65.0 1.4480778637640452 2 
0008 0008 1666496040124445 -26.0 -67.0 1.718058482431918 2 
0008 0008 1666496040222108 4.0625 -66.5 1.6260196351587797 2 
0008 0015 1666496040223108 87.0625 -64.5 2.6875343403756435 2 
0008 0014 1666496040225553 34.9375 -65.5 1.423534171157875 2 
0008 0004 1666496040226464 17.0625 -67.0 5.47937937432751 2 
0008 0000 1666496040230385 -91.125 -72.5 5.5714182216006485 2 
0008 0015 1666496040328964 61.0 -65.5 2.6691265709210157 2 
0008 0008 1666496040330743 212.375 -67.0 1.4542137869155878 2 
0008 0000 1666496040332137 260.375 -73.5 5.129631754689584 2 
0008 0004 1666496040333486 17.0625 -67.0 5.5714182216006485 2 
0008 0014 1666496040334400 -34.9375 -65.0 1.4848934026733007 2 
0008 0008 1666496040435933 -39.0 -66.5 1.5892040962495242 2 
0008 0014 1666496040437438 21.9375 -64.5 1.4787574795217582 2 
0008 0015 1666496040438411 -113.0625 -65.5 2.8654761117703775 2 
0008 0004 1666496040439722 -117.125 -67.5 5.730952223540755 2 
0008 0000 1666496040440764 134.25 -73.0 5.356660911296659 2 
0008 0004 1666496040538572 -17.0625 -67.5 5.64504929941916 2 
0008 0014 1666496040539955 78.0625 -65.5 1.4173982480063325 2 
0008 0000 1666496040540869 -139.125 -73.0 5.534602682691394 2 
0008 0008 1666496040543327 -34.9375 -67.0 1.6014759425526093 2 
0008 0015 1666496040544497 -30.0625 -65.5 2.859340188618835 2 
0008 0008 1666496040643763 69.125 -66.5 1.607611865704152 2 
0008 0004 1666496040645812 87.0625 -66.5 5.460971604872882 2 
0008 0014 1666496040646669 43.125 -65.0 1.4542137869155878 2 
0008 0015 1666496040650519 56.125 -65.0 2.742757648739526 2 
0008 0000 1666496040652028 -195.25 -72.5 5.755495916146925 2 
0008 0000 1666496040748266 -165.1875 -72.0 5.497787143782138 2 
0008 0014 1666496040749959 87.0625 -65.0 1.380582709097077 2 
0008 0008 1666496040752232 -26.0 -67.0 1.6566992509164924 2 
0008 0004 1666496040753172 -13.0 -67.5 5.700272607783043 2 
0008 0015 1666496040756257 13.0 -65.5 2.718213956133356 2 
0008 0004 1666496040852253 8.9375 -66.5 5.50392306693368 2 
0008 0014 1666496040853394 -4.0625 -65.0 1.3989904785517047 2 
0008 0008 1666496040856435 169.25 -66.5 1.4726215563702154 2 
0008 0015 1666496040857924 0.0 -65.0 2.6875343403756435 2 
0008 0000 1666496040859083 165.1875 -71.5 5.307573526084319 2 
0008 0004 1666496040957928 8.9375 -67.0 5.534602682691394 2 
0008 0000 1666496040960377 273.375 -73.5 5.178719139901925 2 
0008 0014 1666496040961874 -34.9375 -64.5 1.521708941582556 2 
0008 0008 1666496040963025 -69.125 -67.0 1.6382914814618648 2 
0008 0015 1666496040964904 -100.0625 -65.5 2.7857091108003242 2 
0008 0015 1666496041061677 -39.0 -65.5 2.8102528034064944 2 
0008 0008 1666496041063054 -61.0 -67.0 1.7978254834019713 2 
0008 0014 1666496041065770 -152.125 -65.0 1.6689710972195777 2 
0008 0004 1666496041068452 -100.0625 -67.0 5.749359992995383 2 
0008 0000 1666496041070004 87.0625 -71.5 5.356660911296659 2 
0008 0015 1666496041166661 0.0 -65.0 2.7120780329818137 2 
0008 0014 1666496041169810 -82.1875 -64.5 1.564660403643354 2 
0008 0000 1666496041170708 -17.0625 -73.5 5.3198453723874035 2 
0008 0008 1666496041171875 -221.3125 -67.0 1.9573594853420782 2 
0008 0004 1666496041174732 34.9375 -67.5 5.491651220630596 2 
0008 0014 1666496041278072 91.125 -65.5 1.337631247036279 2 
0008 0015 1666496041281070 -134.25 -64.5 2.8409324191642074 2 
0008 0004 1666496041282834 -139.125 -67.0 5.681864838328415 2 
0008 0000 1666496041284104 -260.375 -72.0 5.755495916146925 2 
0008 0008 1666496041284998 43.125 -66.5 1.521708941582556 2 
0008 0000 1666496041383739 134.25 -71.0 5.332117218690489 2 
0008 0008 1666496041384877 173.3125 -66.5 1.4971652489763858 2 
0008 0004 1666496041386317 -65.0625 -68.0 5.730952223540755 2 
0008 0014 1666496041387725 -87.0625 -65.0 1.6137477888556946 2 
0008 0015 1666496041388909 56.125 -65.5 2.6261751088602177 2 
0008 0000 1666496041490372 -234.3125 -72.5 5.71868037723767 2 
0008 0014 1666496041491667 -39.0 -65.5 1.521708941582556 2 
0008 0015 1666496041492795 147.25 -65.5 2.6568547246179306 2 
0008 0008 1666496041494398 65.0625 -66.5 1.5707963267948966 2 
0008 0004 1666496041496492 -134.25 -67.5 5.681864838328415 2 
0008 0014 1666496041594360 34.9375 -66.0 1.4358060174609601 2 
0008 0008 1666496041599715 69.125 -67.5 1.564660403643354 2 
0008 0004 1666496041601011 -56.125 -67.0 5.6941366846315 2 
0008 0015 1666496041601925 61.0 -65.5 2.6691265709210157 2 
0008 0008 1666496041699811 21.9375 -66.5 1.5155730184310134 2 
0008 0014 1666496041701081 52.0625 -64.5 1.4419419406125027 2 
0008 0004 1666496041702218 8.9375 -66.5 5.675728915176872 2 
0008 0000 1666496041705546 -26.0 -73.5 5.491651220630596 2 
0008 0015 1666496041706758 91.125 -65.5 2.564815877344792 2 
0008 0004 1666496041806264 -56.125 -67.0 5.589825991055276 2 
0008 0015 1666496041807163 -56.125 -64.5 2.7857091108003242 2 
0008 0014 1666496041808063 204.25 -64.5 1.2333205534600555 2 
0008 0008 1666496041809667 134.25 -66.5 1.4603497100671303 2 
0008 0000 1666496041812456 117.125 -72.5 5.283029833478148 2 
0008 0015 1666496041908668 48.0 -65.0 2.6998061866787286 2 
0008 0008 1666496041910204 -56.125 -67.0 1.6382914814618648 2 
0008 0014 1666496041912465 30.0625 -65.0 1.4173982480063325 2 
0008 0000 1666496041913987 -8.9375 -73.0 5.393476450205914 2 
0008 0004 1666496041915101 -34.9375 -66.5 5.64504929941916 2 
0008 0014 1666496042012076 4.0625 -65.0 1.4910293258248433 2 
0008 0015 1666496042014593 56.125 -65.0 2.675262494072558 2 
0008 0008 1666496042017662 -104.125 -67.0 1.7671458676442586 2 
0008 0004 1666496042018573 -21.9375 -67.5 5.638913376267617 2 
0008 0000 1666496042019844 -290.5 -73.5 5.6143696836614465 2 
0008 0015 1666496042116371 8.9375 -65.5 2.761165418194154 2 
0008 0000 1666496042118111 -204.25 -73.0 5.553010452146021 2 
0008 0014 1666496042119686 -39.0 -65.5 1.5278448647340985 2 
0008 0008 1666496042121436 169.25 -67.5 1.5462526341887264 2 
0008 0004 1666496042122622 -13.0 -67.0 5.620505606812989 2 
0008 0000 1666496042220907 -121.25 -72.0 5.5284667595398505 2 
0008 0014 1666496042221793 91.125 -65.0 1.3621749396424494 2 
0008 0008 1666496042223695 39.0 -68.0 1.6260196351587797 2 
0008 0004 1666496042225089 -26.0 -66.5 5.651185222570702 2 
0008 0015 1666496042226938 -26.0 -65.5 2.748893571891069 2 
0008 0004 1666496042327958 -69.125 -67.0 5.620505606812989 2 
0008 0014 1666496042328813 100.0625 -65.5 1.380582709097077 2 
0008 0008 1666496042329965 -108.1875 -67.5 1.736466251886546 2 
0008 0015 1666496042331317 30.0625 -65.5 2.7120780329818137 2 
0008 0000 1666496042332600 -182.25 -72.5 5.595961914206819 2 
0008 0014 1666496042428981 -21.9375 -65.5 1.5155730184310134 2 
0008 0000 1666496042432165 178.1875 -72.5 5.295301679781233 2 
0008 0008 1666496042434282 113.0625 -68.0 1.3069516312785663 2 
0008 0015 1666496042435437 152.125 -65.5 2.6323110320117604 2 
0008 0004 1666496042436380 -178.1875 -67.0 5.743224069843841 2 
0008 0015 1666496042533354 -78.0625 -66.5 2.816388726558037 2 
0008 0004 1666496042537307 -43.125 -66.5 5.589825991055276 2 
0008 0008 1666496042539694 39.0 -68.0 1.509437095279471 2 
0008 0014 1666496042540621 65.0625 -65.0 1.4296700943094176 2 
0008 0000 1666496042541646 -8.9375 -72.0 5.3627968344482015 2 
0008 0008 1666496042637709 -117.125 -68.5 1.6382914814618648 2 
0008 0000 1666496042639584 34.9375 -73.5 5.393476450205914 2 
0008 0015 1666496042640767 -56.125 -65.0 2.82252464970958 2 
0008 0014 1666496042642731 117.125 -65.0 1.2946797849754812 2 
0008 0004 1666496042645830 -56.125 -67.5 5.577554144752192 2 
0008 0014 1666496042743172 26.0 -64.5 1.4480778637640452 2 
0008 0008 1666496042745945 139.125 -68.0 1.4296700943094176 2 
0008 0004 1666496042746844 -104.125 -67.5 5.681864838328415 2 
0008 0015 1666496042747758 108.1875 -66.0 2.6568547246179306 2 
0008 0000 1666496042750530 -182.25 -73.0 5.332117218690489 2 
0008 0008 1666496042849342 -65.0625 -69.0 1.509437095279471 2 
0008 0014 1666496042850239 -13.0 -65.0 1.4296700943094176 2 
0008 0004 1666496042851903 -108.1875 -67.0 5.632777453116074 2 
0008 0015 1666496042853113 8.9375 -66.0 2.650718801466388 2 
0008 0000 1666496042861018 -264.4375 -72.5 5.872078456026235 2 
0008 0015 1666496042960419 4.0625 -65.5 2.6875343403756435 2 
0008 0014 1666496042961945 26.0 -65.0 1.3867186322486196 2 
0008 0004 1666496042962902 -48.0 -67.0 5.608233760509904 2 
0008 0000 1666496042964414 -256.3125 -73.5 5.632777453116074 2 
0008 0008 1666496042965308 165.1875 -69.0 1.227184630308513 2 
