0008 0004 1666494690336764 -39.0 -58.5 0.7547185476397354 0 
0008 0010 1666494690337915 56.125 -63.5 3.2090878082567613 0 
0008 0003 1666494690339279 -34.9375 -68.5 0.42337869745643697 0 
0008 0014 1666494690340176 8.9375 -60.5 2.6813984172241008 0 
0008 0008 1666494690341812 82.1875 -70.0 1.761009944492716 0 
0008 0002 1666494690343900 -191.1875 -67.0 0.16566992509164924 0 
0008 0013 1666494690344768 26.0 -67.0 3.8288160465625602 0 
0008 0001 1666494690346105 52.0625 -65.5 1.9757672547967058 0 
0008 0015 1666494690347228 87.0625 -65.0 3.2397674240144743 0 
0008 0011 1666494690349130 -8.9375 -56.5 4.086524818927348 0 
0008 0005 1666494690351634 87.0625 -69.0 2.141437179888355 0 
0008 0006 1666494690379289 25.125 -76.5 5.921165841238575 0 
0008 0001 1666494690450231 -13.0 -65.5 2.0064468705544187 0 
0008 0014 1666494690451372 65.0625 -60.5 2.675262494072558 0 
0008 0004 1666494690452538 17.0625 -58.5 0.6872233929727672 0 
0008 0011 1666494690454783 -39.0 -57.0 4.147884050442774 0 
0008 0005 1666494690455967 160.3125 -69.0 1.9512235621905356 0 
0008 0013 1666494690458539 -113.0625 -67.0 3.933126740138784 0 
0008 0010 1666494690459463 39.0 -63.5 3.215223731408304 0 
0008 0008 1666494690460333 -160.3125 -68.5 2.2212041808584084 0 
0008 0002 1666494690462067 -39.0 -67.0 0.07363107781851078 0 
0008 0015 1666494690463923 -17.0625 -64.5 3.3870295796514958 0 
0008 0003 1666494690466205 30.0625 -67.5 0.4172427743048944 0 
0008 0006 1666494690494207 10.5 -76.5 5.988660995905543 0 
0008 0003 1666494690563734 8.9375 -68.5 0.3620194659410113 0 
0008 0010 1666494690564663 -147.25 -63.5 3.3011266555298997 0 
0008 0002 1666494690565795 4.0625 -67.5 0.01227184630308513 0 
0008 0004 1666494690566637 -13.0 -59.0 0.7117670855789375 0 
0008 0008 1666494690567593 -82.1875 -69.5 1.9941750242513334 0 
0008 0014 1666494690569232 26.0 -61.0 2.662990647769473 0 
0008 0001 1666494690570627 65.0625 -65.5 1.88986433067511 0 
0008 0015 1666494690574032 130.1875 -65.0 3.2213596545598464 0 
0008 0013 1666494690575921 108.1875 -66.5 3.749049045592507 0 
0008 0011 1666494690577086 -4.0625 -57.0 4.0987966652304335 0 
0008 0005 1666494690582526 48.0 -68.0 2.1353012567368124 0 
0008 0006 1666494690597601 26.0 -76.0 5.8659425328746915 0 
0008 0013 1666494690679419 -130.1875 -67.0 3.9944859716542096 0 
0008 0015 1666494690680967 61.0 -65.0 3.3502140407422405 0 
0008 0002 1666494690682104 -39.0 -68.0 6.277049384028044 0 
0008 0005 1666494690683044 17.0625 -68.5 2.1782527187976104 0 
0008 0010 1666494690684906 30.0625 -63.5 3.147728576741336 0 
0008 0011 1666494690685805 -26.0 -56.5 4.104932588381976 0 
0008 0004 1666494690686716 26.0 -58.5 0.6320000846088841 0 
0008 0001 1666494690687812 -21.9375 -65.5 1.9144080232812801 0 
0008 0008 1666494690688977 8.9375 -70.0 1.8039614065535141 0 
0008 0003 1666494690690532 -126.125 -69.0 0.5522330836388308 0 
0008 0014 1666494690691684 -21.9375 -60.5 2.761165418194154 0 
0008 0006 1666494690705235 13.0 -76.0 6.181942575179134 0 
0008 0013 1666494690787400 -48.0 -67.5 3.9515345095934116 0 
0008 0003 1666494690789404 -26.0 -69.0 0.48473792897186263 0 
0008 0004 1666494690790570 -43.125 -59.0 0.6994952392758523 0 
0008 0001 1666494690791526 65.0625 -66.0 1.8285050991596843 0 
0008 0002 1666494690793145 -87.0625 -68.5 0.04908738521234052 0 
0008 0005 1666494690794553 208.3125 -68.0 2.012582793705961 0 
0008 0010 1666494690795491 -43.125 -64.0 3.172272269347506 0 
0008 0011 1666494690796884 -17.0625 -56.5 4.086524818927348 0 
0008 0014 1666494690797784 52.0625 -60.5 2.6875343403756435 0 
0008 0015 1666494690800922 -30.0625 -65.0 3.4054373491061236 0 
0008 0008 1666494690801820 169.25 -70.0 1.6996507129772904 0 
0008 0006 1666494690814820 4.4375 -76.0 6.0991076126333095 0 
0008 0014 1666494690896452 -13.0 -60.5 2.6998061866787286 0 
0008 0005 1666494690899469 -26.0 -67.5 2.1598449493429825 0 
0008 0011 1666494690900465 -13.0 -57.0 4.0558452031696355 0 
0008 0015 1666494690901634 34.9375 -64.5 3.3318062712876126 0 
0008 0008 1666494690902798 -104.125 -70.5 1.88986433067511 0 
0008 0010 1666494690903707 56.125 -64.0 3.067961575771282 0 
0008 0004 1666494690904814 4.0625 -58.5 0.6442719309119693 0 
0008 0003 1666494690906364 8.9375 -69.5 0.42337869745643697 0 
0008 0013 1666494690907250 26.0 -67.5 3.834951969714103 0 
0008 0001 1666494690909632 74.0 -65.5 1.7548740213411735 0 
0008 0002 1666494690910599 126.125 -68.5 6.086835766330224 0 
0008 0006 1666494690926572 4.0625 -77.0 5.964117303299373 0 
0008 0004 1666494691005429 -34.9375 -58.5 0.6933593161243098 0 
0008 0005 1666494691006599 -225.375 -68.0 2.3623304133438876 0 
0008 0015 1666494691007496 87.0625 -65.0 3.3011266555298997 0 
0008 0003 1666494691008422 -13.0 -68.0 0.37429131224409645 0 
0008 0010 1666494691009334 -78.0625 -64.0 3.2520392703175593 0 
0008 0014 1666494691012039 48.0 -60.5 2.6568547246179306 0 
0008 0011 1666494691012936 -4.0625 -57.0 4.037437433715008 0 
0008 0001 1666494691013849 17.0625 -66.5 1.8714565612204823 0 
0008 0008 1666494691014733 -104.125 -69.5 1.9819031779482483 0 
0008 0002 1666494691017843 39.0 -68.5 6.129787228391022 0 
0008 0013 1666494691018780 -8.9375 -66.0 3.847223816017188 0 
0008 0006 1666494691043486 -20.25 -76.5 6.007068765360171 0 
0008 0013 1666494691113673 121.25 -65.5 3.693825737228624 0 
0008 0008 1666494691116453 -108.1875 -70.5 1.9389517158874505 0 
0008 0003 1666494691117349 21.9375 -69.0 0.2761165418194154 0 
0008 0015 1666494691118518 -34.9375 -64.5 3.423845118560751 0 
0008 0004 1666494691119428 13.0 -58.5 0.6258641614573416 0 
0008 0014 1666494691121053 52.0625 -61.0 2.6384469551633027 0 
0008 0002 1666494691122431 65.0625 -68.5 6.037748381117884 0 
0008 0011 1666494691123300 -39.0 -57.0 4.049709280018092 0 
0008 0005 1666494691124185 95.1875 -68.5 2.098485717827557 0 
0008 0010 1666494691126554 -17.0625 -64.5 3.074097498922825 0 
0008 0001 1666494691127469 -82.1875 -66.0 1.9512235621905356 0 
0008 0006 1666494691132878 264.4375 -75.0 6.019340611663256 0 
0008 0011 1666494691222003 -8.9375 -57.5 3.9638063558964967 0 
0008 0014 1666494691222904 39.0 -61.0 2.6691265709210157 0 
0008 0008 1666494691224481 -87.0625 -70.0 1.7241944055834606 0 
0008 0002 1666494691227776 13.0 -68.0 6.000932842208628 0 
0008 0004 1666494691228715 -4.0625 -59.0 0.5829126993965437 0 
0008 0001 1666494691229841 17.0625 -65.5 1.8653206380689396 0 
0008 0003 1666494691231051 -26.0 -68.5 0.3988350048502667 0 
0008 0005 1666494691233112 39.0 -67.5 2.0923497946760143 0 
0008 0010 1666494691234009 -65.0625 -64.0 3.2336315008629315 0 
0008 0013 1666494691235035 26.0 -66.0 3.933126740138784 0 
0008 0015 1666494691235934 -17.0625 -65.0 3.3440781175906977 0 
0008 0006 1666494691255419 15.375 -77.0 5.945709533844745 0 
0008 0014 1666494691329136 30.0625 -61.5 2.705942109830271 0 
0008 0004 1666494691330756 17.0625 -59.0 0.5645049299419159 0 
0008 0003 1666494691332223 69.125 -68.5 0.28225246497095796 0 
0008 0015 1666494691333110 82.1875 -64.5 3.3195344249845276 0 
0008 0011 1666494691334049 -17.0625 -57.5 3.9576704327449543 0 
0008 0002 1666494691335713 91.125 -68.0 6.068427996875596 0 
0008 0005 1666494691336586 -238.4375 -68.5 2.442097414313941 0 
0008 0010 1666494691339253 -104.125 -64.0 3.2397674240144743 0 
0008 0008 1666494691340590 -48.0 -69.5 1.9573594853420782 0 
0008 0001 1666494691341714 87.0625 -66.5 1.7794177139473437 0 
0008 0013 1666494691342624 -56.125 -66.5 4.0128937411088375 0 
0008 0006 1666494691368701 -30.0 -76.0 5.896622148632405 0 
0008 0010 1666494691441549 0.0 -63.5 3.08636934522591 0 
0008 0002 1666494691443875 34.9375 -67.5 6.074563920027139 0 
0008 0014 1666494691445102 -39.0 -61.0 2.736621725587984 0 
0008 0005 1666494691446495 -21.9375 -67.5 2.1966604882522383 0 
0008 0004 1666494691447439 26.0 -58.5 0.5399612373357456 0 
0008 0011 1666494691448590 4.0625 -57.0 3.9638063558964967 0 
0008 0003 1666494691449547 143.1875 -69.0 0.18407769454627693 0 
0008 0015 1666494691450557 -8.9375 -65.0 3.3502140407422405 0 
0008 0013 1666494691451740 -69.125 -66.5 3.9760782021995817 0 
0008 0008 1666494691452651 -17.0625 -70.0 1.7978254834019713 0 
0008 0001 1666494691453682 -117.125 -66.0 1.9266798695843652 0 
0008 0006 1666494691466071 -48.8125 -76.5 5.930369725965889 0 
0008 0015 1666494691547762 26.0 -65.0 3.3318062712876126 0 
0008 0014 1666494691549016 13.0 -61.0 2.6813984172241008 0 
0008 0004 1666494691549843 -39.0 -58.5 0.5951845456996288 0 
0008 0005 1666494691550785 165.1875 -68.5 2.0493983326152168 0 
0008 0013 1666494691552230 -26.0 -66.0 3.8717675086233583 0 
0008 0011 1666494691553310 8.9375 -57.5 3.933126740138784 0 
0008 0001 1666494691554993 -78.0625 -66.0 1.932815792735908 0 
0008 0010 1666494691556611 56.125 -64.0 3.018874190558942 0 
0008 0002 1666494691559374 -117.125 -68.0 6.227961998815704 0 
0008 0003 1666494691560668 -8.9375 -68.0 0.34974761963792617 0 
0008 0008 1666494691561553 108.1875 -70.5 1.6137477888556946 0 
0008 0006 1666494691579367 -29.25 -76.5 6.000932842208628 0 
0008 0013 1666494691659699 -165.1875 -67.0 4.0128937411088375 0 
0008 0014 1666494691661194 13.0 -61.0 2.6813984172241008 0 
0008 0005 1666494691663471 78.0625 -68.5 2.1046216409791 0 
0008 0011 1666494691664634 -21.9375 -57.0 3.9576704327449543 0 
0008 0003 1666494691665759 -82.1875 -68.0 0.5031456984264903 0 
0008 0004 1666494691666656 -30.0625 -59.0 0.607456392002714 0 
0008 0010 1666494691667568 52.0625 -64.0 3.1231848841351653 0 
0008 0015 1666494691668610 -65.0625 -64.5 3.4054373491061236 0 
0008 0002 1666494691669520 -69.125 -68.5 6.056156150572511 0 
0008 0001 1666494691672196 -17.0625 -66.0 1.8346410223112268 0 
0008 0008 1666494691673091 8.9375 -70.5 1.7855536370988863 0 
0008 0006 1666494691674147 143.1875 -75.0 5.835262917116979 0 
0008 0002 1666494691771397 -91.125 -68.0 6.092971689481767 0 
0008 0004 1666494691772338 -34.9375 -58.5 0.5645049299419159 0 
0008 0005 1666494691773253 126.125 -68.0 2.1598449493429825 0 
0008 0015 1666494691775804 0.0 -64.0 3.6140587362585705 0 
0008 0003 1666494691776689 0.0 -69.0 0.37429131224409645 0 
0008 0011 1666494691777635 -4.0625 -58.0 3.9147189706841563 0 
0008 0013 1666494691778535 -126.125 -66.0 3.9944859716542096 0 
0008 0010 1666494691781869 -26.0 -63.5 3.1784081924990484 0 
0008 0008 1666494691783418 147.25 -70.0 1.6566992509164924 0 
0008 0001 1666494691784316 -69.125 -65.5 1.88986433067511 0 
0008 0014 1666494691785245 -56.125 -61.0 2.7550294950426117 0 
0008 0006 1666494691801108 19.5 -75.5 5.691068723055729 0 
0008 0014 1666494691881859 -26.0 -61.5 2.736621725587984 0 
0008 0001 1666494691883268 -65.0625 -65.5 1.9205439464328227 0 
0008 0011 1666494691884150 -17.0625 -57.5 3.9269908169872414 0 
0008 0004 1666494691887153 -17.0625 -59.0 0.5951845456996288 0 
0008 0010 1666494691888077 4.0625 -63.5 3.141592653589793 0 
0008 0003 1666494691889174 -21.9375 -68.5 0.3988350048502667 0 
0008 0015 1666494691890074 39.0 -64.5 3.663146121470911 0 
0008 0013 1666494691892219 -39.0 -65.0 3.77972866135022 0 
0008 0002 1666494691893114 -4.0625 -68.0 6.160466844148735 0 
0008 0005 1666494691894060 234.3125 -68.0 1.9389517158874505 0 
0008 0008 1666494691896730 195.25 -69.5 1.6751070203711202 0 
0008 0006 1666494691897933 -225.375 -73.0 5.93343768754166 0 
0008 0015 1666494691988229 -43.125 -64.5 3.5956509668039427 0 
0008 0002 1666494691990131 -13.0 -67.5 5.988660995905543 0 
0008 0005 1666494691991642 -52.0625 -68.0 2.4175537217077703 0 
0008 0004 1666494691993588 -8.9375 -58.5 0.5399612373357456 0 
0008 0010 1666494691994771 -21.9375 -63.5 3.11091303783208 0 
0008 0008 1666494691995668 -34.9375 -70.0 1.7671458676442586 0 
0008 0011 1666494691997101 -21.9375 -57.5 3.9208548938356986 0 
0008 0003 1666494691999306 -48.0 -68.0 0.48473792897186263 0 
0008 0013 1666494692001087 0.0 -65.5 3.80427235395639 0 
0008 0014 1666494692001991 26.0 -61.5 2.7857091108003242 0 
0008 0001 1666494692003314 21.9375 -65.5 1.7732817907958012 0 
0008 0006 1666494692015893 -91.125 -75.0 5.9518454569962875 0 
0008 0013 1666494692098455 48.0 -66.0 3.706097583531709 0 
0008 0010 1666494692099623 -65.0625 -63.0 3.2090878082567613 0 
0008 0001 1666494692101825 8.9375 -65.0 1.8530487917658545 0 
0008 0011 1666494692102753 -21.9375 -58.0 3.9699422790480394 0 
0008 0002 1666494692103651 -30.0625 -67.5 6.1420590746941075 0 
0008 0014 1666494692104818 30.0625 -61.5 2.6813984172241008 0 
0008 0003 1666494692105930 26.0 -66.5 0.4540583132141498 0 
0008 0005 1666494692107537 173.3125 -68.0 2.1475731030398975 0 
0008 0004 1666494692108702 -26.0 -58.5 0.5951845456996288 0 
0008 0015 1666494692110724 -39.0 -63.5 3.6140587362585705 0 
0008 0008 1666494692111663 34.9375 -69.0 1.945087639038993 0 
0008 0006 1666494692116391 130.1875 -74.0 5.841398840268521 0 
0008 0003 1666494692205302 108.1875 -68.0 0.4172427743048944 0 
0008 0014 1666494692207777 -48.0 -61.5 2.773437264497239 0 
0008 0005 1666494692209088 191.1875 -67.5 2.2641556429192065 0 
0008 0008 1666494692210591 26.0 -69.5 1.7732817907958012 0 
0008 0002 1666494692212265 -147.25 -68.0 6.2463697682703305 0 
0008 0010 1666494692214090 4.0625 -63.0 3.11091303783208 0 
0008 0015 1666494692215018 8.9375 -64.5 3.6079228131070282 0 
0008 0001 1666494692216469 82.1875 -65.0 1.7303303287350031 0 
0008 0004 1666494692219134 4.0625 -58.5 0.5460971604872883 0 
0008 0011 1666494692220049 -65.0625 -58.0 4.031301510563465 0 
0008 0013 1666494692221074 30.0625 -65.0 3.6692820446224537 0 
0008 0006 1666494692222570 -108.1875 -74.5 5.7616318392984684 0 
0008 0004 1666494692310865 -43.125 -58.5 0.6504078540635119 0 
0008 0005 1666494692313610 108.1875 -68.0 2.3439226438892597 0 
0008 0001 1666494692314720 -100.0625 -65.5 1.9082721001297376 0 
0008 0010 1666494692315915 -30.0625 -63.0 3.184544115650591 0 
0008 0014 1666494692317842 21.9375 -62.0 2.718213956133356 0 
0008 0008 1666494692319875 43.125 -70.0 1.932815792735908 0 
0008 0002 1666494692320829 178.1875 -68.0 5.872078456026235 0 
0008 0013 1666494692321723 -8.9375 -65.5 3.6876898140770815 0 
0008 0011 1666494692323388 -13.0 -57.5 4.006757817957295 0 
0008 0015 1666494692324302 -34.9375 -64.0 3.663146121470911 0 
0008 0003 1666494692325836 139.125 -67.5 0.3374757733348411 0 
0008 0006 1666494692335456 -10.9375 -75.0 5.887418263905091 0 
0008 0015 1666494692419255 -21.9375 -64.0 3.6447383520162835 0 
0008 0003 1666494692420167 -30.0625 -67.5 0.4540583132141498 0 
0008 0004 1666494692421060 0.0 -58.5 0.6258641614573416 0 
0008 0010 1666494692422190 74.0 -63.0 3.08636934522591 0 
0008 0011 1666494692423315 -34.9375 -57.5 4.0987966652304335 0 
0008 0001 1666494692424893 -48.0 -65.0 1.8653206380689396 0 
0008 0002 1666494692425803 69.125 -69.5 6.0991076126333095 0 
0008 0006 1666494692427210 -100.0625 -76.5 5.8045833013592665 0 
0008 0008 1666494692428064 130.1875 -70.5 1.7671458676442586 0 
0008 0013 1666494692429072 -8.9375 -65.0 3.6263305825616556 0 
0008 0005 1666494692430424 -8.9375 -67.5 2.2396119503130363 0 
0008 0014 1666494692432092 30.0625 -61.5 2.748893571891069 0 
0008 0010 1666494692524072 -26.0 -62.5 3.2397674240144743 0 
0008 0002 1666494692525507 -61.0 -68.0 6.215690152512618 0 
0008 0003 1666494692526646 65.0625 -68.0 0.4479223900626072 0 
0008 0013 1666494692527586 -78.0625 -66.0 3.7551849687440497 0 
0008 0005 1666494692529283 -334.4375 -68.5 2.6813984172241008 0 
0008 0004 1666494692531266 -26.0 -59.0 0.6258641614573416 0 
0008 0011 1666494692532158 0.0 -57.5 4.061981126321178 0 
0008 0001 1666494692533061 -34.9375 -65.0 1.902136176978195 0 
0008 0014 1666494692534200 -43.125 -61.5 2.834796496012665 0 
0008 0008 1666494692536517 87.0625 -70.0 1.761009944492716 0 
0008 0015 1666494692537458 17.0625 -64.0 3.6570101983193686 0 
0008 0006 1666494692573726 -83.375 -75.5 5.948777495420517 0 
0008 0014 1666494692655644 -13.0 -61.5 2.791845033951867 0 
0008 0003 1666494692656812 26.0 -67.0 0.44178646691106466 0 
0008 0004 1666494692657979 -17.0625 -58.5 0.6810874698212247 0 
0008 0010 1666494692658890 -26.0 -62.5 3.2704470397721868 0 
0008 0015 1666494692660030 -65.0625 -64.0 3.7429131224409646 0 
0008 0006 1666494692660944 -264.4375 -76.0 6.12365130523948 0 
0008 0013 1666494692662280 -43.125 -65.5 3.5833791205008576 0 
0008 0011 1666494692663420 -52.0625 -57.5 4.147884050442774 0 
0008 0005 1666494692664956 78.0625 -67.5 2.184388641949153 0 
0008 0002 1666494692666463 -48.0 -68.0 6.2034183062095325 0 
0008 0001 1666494692667587 13.0 -64.5 1.859184714917397 0 
0008 0008 1666494692668870 130.1875 -71.0 1.7978254834019713 0 
0008 0004 1666494692759290 -21.9375 -58.5 0.7301748550335652 0 
0008 0015 1666494692760163 26.0 -64.0 3.6263305825616556 0 
0008 0010 1666494692761629 39.0 -63.0 3.153864499892878 0 
0008 0008 1666494692762540 82.1875 -70.5 1.9512235621905356 0 
0008 0013 1666494692763452 52.0625 -65.0 3.5833791205008576 0 
0008 0014 1666494692764350 13.0 -61.5 2.7979809571034093 0 
0008 0006 1666494692765972 338.5 -75.0 5.442563835418255 0 
0008 0002 1666494692766909 78.0625 -68.5 6.160466844148735 0 
0008 0011 1666494692768019 -39.0 -57.5 4.147884050442774 0 
0008 0005 1666494692769386 61.0 -69.0 2.086213871524472 0 
0008 0003 1666494692770525 -126.125 -66.5 0.6504078540635119 0 
0008 0001 1666494692773070 -43.125 -64.5 1.9634954084936207 0 
0008 0004 1666494692863246 39.0 -59.0 0.6688156235181395 0 
0008 0010 1666494692864412 30.0625 -63.0 3.1784081924990484 0 
0008 0005 1666494692866303 82.1875 -67.0 2.2518837966161214 0 
0008 0003 1666494692867442 -26.0 -66.5 0.5706408530934585 0 
0008 0011 1666494692870905 -30.0625 -57.5 4.129476280988146 0 
0008 0015 1666494692872630 -78.0625 -63.5 3.773592738198677 0 
0008 0014 1666494692874176 -4.0625 -61.5 2.816388726558037 0 
0008 0001 1666494692876855 26.0 -64.5 1.8960002538266525 0 
0008 0013 1666494692877909 -100.0625 -65.5 3.822680123411018 0 
0008 0002 1666494692879298 -87.0625 -68.0 0.030679615757712823 0 
0008 0008 1666494692880590 -117.125 -69.5 2.061670178918302 0 
0008 0006 1666494692888342 6.5 -75.5 5.688000761479957 0 
0008 0001 1666494692972475 56.125 -65.5 1.8223691760081417 0 
0008 0005 1666494692975471 -108.1875 -67.5 2.405281875404685 0 
0008 0014 1666494692976455 -13.0 -61.5 2.82252464970958 0 
0008 0003 1666494692977397 -26.0 -67.5 0.521553467881118 0 
0008 0011 1666494692978594 -17.0625 -57.5 4.129476280988146 0 
0008 0004 1666494692979704 -43.125 -59.0 0.760854470791278 0 
0008 0015 1666494692980633 39.0 -64.5 3.6140587362585705 0 
0008 0013 1666494692981560 65.0625 -65.0 3.56497135104623 0 
0008 0010 1666494692982842 52.0625 -63.0 3.153864499892878 0 
0008 0002 1666494692983722 -13.0 -68.0 6.2463697682703305 0 
0008 0008 1666494692986387 4.0625 -69.5 1.9573594853420782 0 
0008 0006 1666494692998098 37.8125 -75.5 5.798447378207723 0 
0008 0011 1666494693079030 -39.0 -57.5 4.135612204139688 0 
0008 0013 1666494693080902 4.0625 -65.5 3.6570101983193686 0 
0008 0010 1666494693082652 8.9375 -63.0 3.2090878082567613 0 
0008 0001 1666494693083793 95.1875 -65.0 1.902136176978195 0 
0008 0014 1666494693085215 8.9375 -61.5 2.7857091108003242 0 
0008 0003 1666494693087108 -160.3125 -67.0 0.705631162427395 0 
0008 0004 1666494693087975 -13.0 -58.5 0.7240389318820226 0 
0008 0008 1666494693088873 -61.0 -70.0 2.12916533358527 0 
0008 0005 1666494693089771 39.0 -67.0 2.1966604882522383 0 
0008 0015 1666494693090656 -43.125 -64.0 3.718369429834794 0 
0008 0002 1666494693091935 -82.1875 -68.0 0.09817477042468103 0 
0008 0006 1666494693093752 43.125 -73.5 6.105243535784852 0 
0008 0004 1666494693184387 -34.9375 -58.5 0.7424467013366504 0 
0008 0008 1666494693185386 156.1875 -70.0 1.9082721001297376 0 
0008 0015 1666494693186833 4.0625 -63.5 3.6324665057131984 0 
0008 0003 1666494693188214 43.125 -67.0 0.5154175447295755 0 
0008 0011 1666494693189123 8.9375 -57.0 4.135612204139688 0 
0008 0013 1666494693190275 4.0625 -65.5 3.6201946594101133 0 
0008 0005 1666494693191658 100.0625 -68.0 2.2580197197676637 0 
0008 0014 1666494693194851 56.125 -61.5 2.693670263527186 0 
0008 0010 1666494693196388 -17.0625 -62.5 3.2520392703175593 0 
0008 0001 1666494693197258 65.0625 -64.5 1.88986433067511 0 
0008 0002 1666494693198284 195.25 -68.0 6.129787228391022 0 
0008 0006 1666494693199269 -251.4375 -74.0 6.19728238305799 0 
0008 0013 1666494693289387 21.9375 -66.0 3.6140587362585705 0 
0008 0011 1666494693291366 -52.0625 -57.0 4.196971435655114 0 
0008 0005 1666494693293016 -65.0625 -67.0 2.399145952253143 0 
0008 0015 1666494693294156 26.0 -64.0 3.6815538909255388 0 
0008 0001 1666494693295068 -56.125 -65.0 2.0923497946760143 0 
0008 0010 1666494693295952 52.0625 -62.5 3.1784081924990484 0 
0008 0008 1666494693296877 56.125 -69.5 1.8039614065535141 0 
0008 0004 1666494693297790 -52.0625 -59.0 0.8099418560036186 0 
0008 0003 1666494693298714 -4.0625 -68.0 0.4908738521234052 0 
0008 0014 1666494693301483 43.125 -61.5 2.761165418194154 0 
0008 0002 1666494693303459 121.25 -68.0 6.154330920997192 0 
0008 0006 1666494693305135 26.0 -75.5 5.798447378207723 0 
0008 0013 1666494693393597 34.9375 -65.0 3.693825737228624 0 
0008 0011 1666494693399246 0.0 -57.0 4.123340357836604 0 
0008 0001 1666494693400191 17.0625 -65.0 1.932815792735908 0 
0008 0010 1666494693401358 39.0 -63.0 3.2643111166206444 0 
0008 0004 1666494693402283 -4.0625 -59.0 0.7424467013366504 0 
0008 0015 1666494693403845 -13.0 -64.0 3.6692820446224537 0 
0008 0003 1666494693405014 -108.1875 -67.0 0.6442719309119693 0 
0008 0002 1666494693405981 -39.0 -67.0 0.23930100291016002 0 
0008 0014 1666494693406880 -21.9375 -61.5 2.8409324191642074 0 
0008 0005 1666494693408359 82.1875 -68.0 2.3316507975861747 0 
0008 0008 1666494693409326 8.9375 -71.0 1.7794177139473437 0 
0008 0006 1666494693417815 66.3125 -75.0 5.862874571298921 0 
0008 0011 1666494693498842 -4.0625 -57.0 4.135612204139688 0 
0008 0005 1666494693499715 117.125 -67.0 2.2457478734645786 0 
0008 0015 1666494693500643 65.0625 -63.5 3.5956509668039427 0 
0008 0014 1666494693501797 39.0 -61.5 2.7857091108003242 0 
0008 0013 1666494693504208 -78.0625 -65.5 3.730641276137879 0 
0008 0004 1666494693506620 -26.0 -58.5 0.7485826244881929 0 
0008 0003 1666494693510229 91.125 -67.0 0.4295146206079795 0 
0008 0010 1666494693511169 -21.9375 -63.0 3.32567034813607 0 
0008 0008 1666494693512549 -221.3125 -69.5 2.184388641949153 0 
0008 0001 1666494693513488 26.0 -64.5 1.9819031779482483 0 
0008 0002 1666494693515505 -30.0625 -67.5 0.09203884727313846 0 
0008 0006 1666494693517468 -117.125 -73.0 5.982525072754001 0 
0008 0015 1666494693617226 21.9375 -64.0 3.6570101983193686 0 
0008 0002 1666494693618407 -95.1875 -67.0 0.1718058482431918 0 
0008 0008 1666494693620382 -204.25 -70.5 2.3193789512830896 0 
0008 0011 1666494693621307 -30.0625 -57.0 4.154019973594316 0 
0008 0004 1666494693622245 -8.9375 -59.0 0.7669903939428205 0 
0008 0005 1666494693623415 134.25 -68.5 2.1966604882522383 0 
0008 0014 1666494693624356 78.0625 -61.5 2.6813984172241008 0 
0008 0010 1666494693626414 17.0625 -63.5 3.3011266555298997 0 
0008 0001 1666494693628434 -39.0 -65.0 2.0371264863121317 0 
0008 0003 1666494693629315 4.0625 -67.5 0.5399612373357456 0 
0008 0013 1666494693630978 8.9375 -66.0 3.718369429834794 0 
0008 0006 1666494693657481 -16.3125 -76.5 6.013204688511713 0 
0008 0001 1666494693729804 199.375 -64.5 1.7548740213411735 0 
0008 0014 1666494693731009 0.0 -61.0 2.736621725587984 0 
0008 0005 1666494693732213 30.0625 -67.5 2.337786720737717 0 
0008 0015 1666494693733139 8.9375 -65.0 3.6263305825616556 0 
0008 0010 1666494693735029 -43.125 -63.0 3.393165502803038 0 
0008 0011 1666494693736459 -17.0625 -57.0 4.135612204139688 0 
0008 0008 1666494693737639 13.0 -71.0 2.0923497946760143 0 
0008 0004 1666494693739786 -56.125 -59.0 0.803805932852076 0 
0008 0013 1666494693741676 -74.0 -65.5 3.8410878928656453 0 
0008 0003 1666494693743085 74.0 -68.0 0.47860200582032003 0 
0008 0002 1666494693744892 178.1875 -68.0 6.258641614573416 0 
0008 0006 1666494693748259 295.375 -74.0 5.786175531904639 0 
0008 0014 1666494693838360 -8.9375 -61.0 2.730485802436441 0 
0008 0003 1666494693839303 117.125 -68.0 0.4724660826687775 0 
0008 0001 1666494693840456 61.0 -64.5 2.0800779483729293 0 
0008 0015 1666494693842488 -26.0 -64.0 3.706097583531709 0 
0008 0013 1666494693845297 17.0625 -66.0 3.77972866135022 0 
0008 0011 1666494693846281 21.9375 -56.5 4.074252972624263 0 
0008 0004 1666494693847164 13.0 -59.0 0.7240389318820226 0 
0008 0005 1666494693848076 4.0625 -68.0 2.405281875404685 0 
0008 0010 1666494693849389 -43.125 -63.5 3.2949907323783574 0 
0008 0002 1666494693850283 8.9375 -67.5 6.277049384028044 0 
0008 0008 1666494693852453 -156.1875 -70.5 2.184388641949153 0 
0008 0006 1666494693855847 -95.1875 -75.0 0.030679615757712823 0 
0008 0001 1666494693947320 48.0 -65.5 1.9634954084936207 0 
0008 0015 1666494693948260 4.0625 -64.0 3.6079228131070282 0 
0008 0011 1666494693949642 -34.9375 -57.0 4.123340357836604 0 
0008 0010 1666494693953217 -8.9375 -63.0 3.313398501832985 0 
0008 0004 1666494693954114 8.9375 -58.5 0.7301748550335652 0 
0008 0014 1666494693955284 74.0 -61.0 2.6813984172241008 0 
0008 0013 1666494693956167 52.0625 -67.0 3.718369429834794 0 
0008 0002 1666494693957749 -82.1875 -68.0 0.09817477042468103 0 
0008 0008 1666494693960616 -134.25 -70.0 2.0800779483729293 0 
0008 0003 1666494693962488 -17.0625 -68.0 0.6688156235181395 0 
0008 0005 1666494693963315 -39.0 -68.0 2.435961491162398 0 
0008 0006 1666494693980507 -79.3125 -75.5 6.19728238305799 0 
0008 0003 1666494694060780 -43.125 -68.5 0.6013204688511713 0 
0008 0011 1666494694062116 -13.0 -57.0 4.147884050442774 0 
0008 0004 1666494694064983 -34.9375 -58.5 0.7976700097005334 0 
0008 0010 1666494694065909 48.0 -63.0 3.227495577711389 0 
0008 0014 1666494694066779 -26.0 -61.0 2.7857091108003242 0 
0008 0013 1666494694067971 -8.9375 -66.5 3.706097583531709 0 
0008 0008 1666494694069733 -30.0625 -70.5 1.8775924843720249 0 
0008 0015 1666494694070896 8.9375 -63.5 3.5772431973493153 0 
0008 0001 1666494694071825 56.125 -65.0 2.043262409463674 0 
0008 0002 1666494694072835 -56.125 -67.5 0.14112623248547898 0 
0008 0005 1666494694074030 4.0625 -68.5 2.435961491162398 0 
0008 0006 1666494694103988 12.9375 -76.5 6.019340611663256 0 
0008 0011 1666494694171839 -39.0 -56.5 4.135612204139688 0 
0008 0010 1666494694174186 -26.0 -63.0 3.2949907323783574 0 
0008 0008 1666494694175125 87.0625 -70.5 1.748738098189631 0 
0008 0014 1666494694176037 -48.0 -61.0 2.779573187648782 0 
0008 0004 1666494694177737 -4.0625 -59.0 0.760854470791278 0 
0008 0001 1666494694179303 4.0625 -65.5 2.055534255766759 0 
0008 0013 1666494694180526 43.125 -66.5 3.6876898140770815 0 
0008 0015 1666494694181866 -121.25 -64.5 3.7429131224409646 0 
0008 0005 1666494694183181 195.25 -68.0 2.067806102069844 0 
0008 0003 1666494694184767 43.125 -68.0 0.5706408530934585 0 
0008 0002 1666494694185662 -61.0 -68.5 0.04295146206079795 0 
0008 0006 1666494694207510 -6.5 -77.0 6.17273869045182 0 
0008 0015 1666494694280164 -65.0625 -64.0 3.7429131224409646 0 
0008 0010 1666494694281286 52.0625 -63.5 3.2090878082567613 0 
0008 0004 1666494694282947 8.9375 -58.5 0.760854470791278 0 
0008 0002 1666494694284354 -48.0 -67.5 0.12885438618239387 0 
0008 0011 1666494694285960 -21.9375 -57.0 4.086524818927348 0 
0008 0014 1666494694287640 -52.0625 -61.0 2.742757648739526 0 
0008 0001 1666494694289486 56.125 -65.0 1.9757672547967058 0 
0008 0008 1666494694291390 43.125 -70.5 1.945087639038993 0 
0008 0005 1666494694292516 61.0 -69.0 2.350058567040802 0 
0008 0003 1666494694293682 26.0 -68.0 0.5522330836388308 0 
0008 0013 1666494694296384 -34.9375 -66.5 3.8963112012295285 0 
0008 0006 1666494694323562 -17.0625 -76.5 6.234097921967246 0 
0008 0005 1666494694394034 -34.9375 -68.0 2.5280003384355365 0 
0008 0010 1666494694396067 78.0625 -63.5 3.1968159619536762 0 
0008 0015 1666494694397053 -39.0 -64.5 3.6815538909255388 0 
0008 0014 1666494694397997 -39.0 -61.0 2.7550294950426117 0 
0008 0011 1666494694399148 4.0625 -57.0 4.0558452031696355 0 
0008 0002 1666494694400075 -56.125 -68.5 0.0 0 
0008 0004 1666494694400973 -39.0 -59.0 0.7915340865489908 0 
0008 0001 1666494694401872 143.1875 -66.0 1.8407769454627694 0 
0008 0013 1666494694403675 48.0 -66.5 3.822680123411018 0 
0008 0003 1666494694404529 4.0625 -67.5 0.5154175447295755 0 
0008 0008 1666494694405785 238.4375 -70.0 1.7855536370988863 0 
0008 0006 1666494694427626 -12.9375 -76.5 6.19728238305799 0 
0008 0013 1666494694498630 -87.0625 -66.5 3.890175278077986 0 
0008 0008 1666494694499781 -21.9375 -70.5 1.7671458676442586 0 
0008 0015 1666494694500951 87.0625 -64.0 3.5465635815916023 0 
0008 0003 1666494694502402 -69.125 -68.0 0.5154175447295755 0 
0008 0005 1666494694503314 95.1875 -68.0 2.2580197197676637 0 
0008 0014 1666494694505430 -65.0625 -61.0 2.773437264497239 0 
0008 0011 1666494694507573 -56.125 -56.5 4.123340357836604 0 
0008 0002 1666494694509222 91.125 -68.0 6.154330920997192 0 
0008 0004 1666494694510102 -8.9375 -58.5 0.7669903939428205 0 
0008 0001 1666494694511498 87.0625 -65.0 1.9144080232812801 0 
0008 0010 1666494694513500 26.0 -63.5 3.2704470397721868 0 
0008 0006 1666494694542742 16.3125 -77.0 6.074563920027139 0 
0008 0004 1666494694612360 8.9375 -58.5 0.7976700097005334 0 
0008 0001 1666494694613484 -4.0625 -65.0 2.110757564130642 0 
0008 0005 1666494694615124 -230.25 -68.0 2.6139032625571326 0 
0008 0010 1666494694616286 4.0625 -63.0 3.227495577711389 0 
0008 0011 1666494694617213 -21.9375 -56.5 4.1172044346850605 0 
0008 0015 1666494694619137 8.9375 -64.0 3.6999616603801666 0 
0008 0013 1666494694620007 -17.0625 -66.5 3.7981364308048478 0 
0008 0014 1666494694622155 21.9375 -61.0 2.724349879284899 0 
0008 0008 1666494694626742 186.3125 -70.0 1.5830681730979816 0 
0008 0002 1666494694628764 -48.0 -68.5 0.030679615757712823 0 
0008 0003 1666494694629916 -43.125 -68.0 0.5399612373357456 0 
0008 0006 1666494694651941 13.875 -76.5 5.939573610693203 0 
0008 0010 1666494694724732 -26.0 -63.5 3.2397674240144743 0 
0008 0015 1666494694725604 -39.0 -64.0 3.56497135104623 0 
0008 0004 1666494694726485 8.9375 -58.5 0.7976700097005334 0 
0008 0013 1666494694728405 43.125 -67.0 3.7551849687440497 0 
0008 0008 1666494694730266 91.125 -70.0 1.7794177139473437 0 
0008 0001 1666494694731631 39.0 -65.0 1.9757672547967058 0 
0008 0003 1666494694733251 34.9375 -68.0 0.380427235395639 0 
0008 0014 1666494694734929 17.0625 -61.0 2.748893571891069 0 
0008 0011 1666494694737075 -34.9375 -56.5 4.135612204139688 0 
0008 0002 1666494694738583 -65.0625 -68.5 0.06135923151542565 0 
0008 0005 1666494694742248 -17.0625 -68.5 2.313243028131547 0 
0008 0006 1666494694760867 -10.5 -77.5 6.080699843178682 0 
0008 0005 1666494694836218 -74.0 -68.0 2.350058567040802 0 
0008 0013 1666494694837070 -8.9375 -67.0 3.8533597391687304 0 
0008 0001 1666494694838780 -191.1875 -65.0 2.2580197197676637 0 
0008 0010 1666494694839660 -8.9375 -63.5 3.227495577711389 0 
0008 0002 1666494694840601 -82.1875 -69.0 0.1227184630308513 0 
0008 0004 1666494694841952 -21.9375 -58.5 0.8406214717613314 0 
0008 0008 1666494694843174 74.0 -70.0 1.736466251886546 0 
0008 0011 1666494694844778 4.0625 -57.0 4.086524818927348 0 
0008 0014 1666494694845664 -21.9375 -61.0 2.7979809571034093 0 
0008 0015 1666494694846820 91.125 -64.5 3.5588354278946874 0 
0008 0003 1666494694847705 208.3125 -69.0 0.15339807878856412 0 
0008 0006 1666494694879042 -5.625 -77.5 5.93343768754166 0 
0008 0001 1666494694946409 165.1875 -65.0 1.846912868614312 0 
0008 0010 1666494694947561 -65.0625 -64.0 3.2704470397721868 0 
0008 0008 1666494694949294 21.9375 -69.5 1.846912868614312 0 
0008 0014 1666494694950929 -8.9375 -60.5 2.791845033951867 0 
0008 0011 1666494694952084 -17.0625 -57.0 4.104932588381976 0 
0008 0004 1666494694952953 -17.0625 -58.5 0.7915340865489908 0 
0008 0002 1666494694953851 -69.125 -68.5 0.15339807878856412 0 
0008 0005 1666494694955074 56.125 -68.0 2.2457478734645786 0 
0008 0013 1666494694956199 26.0 -67.5 3.7981364308048478 0 
0008 0015 1666494694958235 17.0625 -64.0 3.5281558121369745 0 
0008 0003 1666494694959972 -186.3125 -68.0 0.7485826244881929 0 
0008 0006 1666494694984962 18.75 -77.5 5.9088939949354895 0 
0008 0011 1666494695055737 -13.0 -56.5 4.0987966652304335 0 
0008 0005 1666494695056850 -52.0625 -68.5 2.3316507975861747 0 
0008 0014 1666494695058556 -8.9375 -60.5 2.767301341345697 0 
0008 0013 1666494695059484 -108.1875 -67.5 4.0128937411088375 0 
0008 0010 1666494695062023 -21.9375 -63.5 3.2643111166206444 0 
0008 0001 1666494695063816 -100.0625 -65.0 2.116893487282185 0 
0008 0004 1666494695064758 -34.9375 -58.5 0.8222137023067037 0 
0008 0015 1666494695065869 82.1875 -63.5 3.552699504743145 0 
0008 0008 1666494695069386 -82.1875 -70.0 2.012582793705961 0 
0008 0003 1666494695070669 117.125 -68.5 0.34974761963792617 0 
0008 0002 1666494695071651 -56.125 -68.5 0.1043106935762236 0 
0008 0006 1666494695095769 -3.1875 -77.0 6.050020227420969 0 
0008 0003 1666494695164108 -13.0 -67.0 0.521553467881118 0 
0008 0001 1666494695165730 -69.125 -65.5 2.086213871524472 0 
0008 0015 1666494695167521 -52.0625 -64.0 3.6692820446224537 0 
0008 0011 1666494695168403 -17.0625 -56.5 4.111068511533518 0 
0008 0010 1666494695169358 -26.0 -63.5 3.2643111166206444 0 
0008 0004 1666494695170708 17.0625 -58.5 0.7976700097005334 0 
0008 0002 1666494695172409 -156.1875 -68.0 0.35588354278946877 0 
0008 0014 1666494695173319 -8.9375 -60.5 2.773437264497239 0 
0008 0005 1666494695174488 87.0625 -68.5 2.2518837966161214 0 
0008 0013 1666494695175398 17.0625 -67.5 3.80427235395639 0 
0008 0008 1666494695179548 43.125 -69.5 1.7671458676442586 0 
0008 0006 1666494695196601 -12.9375 -77.0 5.988660995905543 0 
