0008 0004 1666496603525189 -17.0625 -64.5 0.8774370106705868 3 
0008 0007 1666496603526926 82.1875 -68.5 5.534602682691394 3 
0008 0014 1666496603530363 95.1875 -66.0 0.3865631585471816 3 
0008 0015 1666496603531950 48.0 -69.5 2.1905245651006955 3 
0008 0000 1666496603553918 -2.4375 -75.5 0.23316507975861744 3 
0008 0004 1666496603628869 -30.0625 -64.0 0.859029241215959 3 
0008 0014 1666496603630079 13.0 -65.5 0.4908738521234052 3 
0008 0015 1666496603633078 -74.0 -68.5 2.399145952253143 3 
0008 0008 1666496603634105 169.25 -72.0 2.8102528034064944 3 
0008 0007 1666496603637364 195.25 -68.5 5.411884219660542 3 
0008 0005 1666496603666488 -13.875 -73.5 5.7616318392984684 3 
0008 0000 1666496603673549 -11.4375 -76.0 0.3374757733348411 3 
0008 0014 1666496603746417 65.0625 -65.0 0.4049709280018093 3 
0008 0015 1666496603749289 -152.125 -69.5 2.380738182798515 3 
0008 0007 1666496603752260 -8.9375 -68.5 5.730952223540755 3 
0008 0004 1666496603753402 34.9375 -64.0 0.8344855486097889 3 
0008 0008 1666496603754384 -61.0 -71.5 2.7857091108003242 3 
0008 0000 1666496603779437 5.625 -75.5 0.23316507975861744 3 
0008 0005 1666496603784158 -19.5 -73.5 2.6200391857086753 3 
0008 0014 1666496603858894 104.125 -65.5 0.380427235395639 3 
0008 0007 1666496603860967 4.0625 -68.0 5.602097837358362 3 
0008 0015 1666496603862224 -74.0 -69.0 2.386874105950058 3 
0008 0004 1666496603863717 8.9375 -64.0 0.8958447801252144 3 
0008 0008 1666496603864856 91.125 -71.5 2.350058567040802 3 
0008 0000 1666496603886518 18.75 -75.5 0.18407769454627693 3 
0008 0005 1666496603889920 -17.8125 -74.0 5.872078456026235 3 
0008 0014 1666496603970046 13.0 -66.5 0.5031456984264903 3 
0008 0007 1666496603971058 -21.9375 -68.5 5.712544454086128 3 
0008 0015 1666496603972454 21.9375 -69.5 2.270291566070749 3 
0008 0004 1666496603975038 -65.0625 -64.5 0.9142525495798421 3 
0008 0008 1666496603976315 -8.9375 -73.5 2.816388726558037 3 
0008 0000 1666496603981548 -95.1875 -71.5 0.5031456984264903 3 
0008 0005 1666496604003613 16.3125 -73.5 5.8045833013592665 3 
0008 0005 1666496604079397 -234.3125 -72.5 6.013204688511713 3 
0008 0008 1666496604082282 147.25 -73.0 2.497320722677824 3 
0008 0007 1666496604083422 34.9375 -68.5 5.7616318392984684 3 
0008 0004 1666496604084562 61.0 -64.5 0.8160777791551611 3 
0008 0014 1666496604086000 -56.125 -66.0 0.6135923151542565 3 
0008 0015 1666496604087298 -26.0 -69.5 2.282563412373834 3 
0008 0000 1666496604089091 -403.625 -73.0 0.8897088569736719 3 
0008 0005 1666496604115692 -22.6875 -73.0 5.822991070813893 3 
0008 0005 1666496604185657 -126.125 -73.0 5.835262917116979 3 
0008 0015 1666496604186783 -26.0 -69.0 2.2948352586769194 3 
0008 0008 1666496604189778 -82.1875 -71.5 2.816388726558037 3 
0008 0004 1666496604191399 -39.0 -65.0 0.9633399347921826 3 
0008 0014 1666496604192668 -8.9375 -66.0 0.5276893910326605 3 
0008 0007 1666496604194290 130.1875 -68.5 5.589825991055276 3 
0008 0000 1666496604196072 299.4375 -72.5 0.03681553890925539 3 
0008 0005 1666496604216100 8.0625 -73.0 2.6568547246179306 3 
0008 0014 1666496604293112 -34.9375 -66.0 0.5645049299419159 3 
0008 0004 1666496604294727 0.0 -65.0 0.8406214717613314 3 
0008 0015 1666496604297573 21.9375 -68.0 2.2580197197676637 3 
0008 0007 1666496604298940 -17.0625 -67.5 5.853670686571607 3 
0008 0005 1666496604299883 130.1875 -71.5 5.546874528994478 3 
0008 0008 1666496604303101 -247.375 -71.0 3.172272269347506 3 
0008 0000 1666496604305021 13.0 -72.0 0.6442719309119693 3 
0008 0005 1666496604398656 95.1875 -72.5 5.5100589900852235 3 
0008 0004 1666496604399853 -48.0 -65.0 0.9265243958829272 3 
0008 0007 1666496604400824 -30.0625 -67.5 5.7616318392984684 3 
0008 0014 1666496604402717 -65.0625 -65.5 0.5767767762450011 3 
0008 0008 1666496604403629 208.3125 -72.5 2.3746022596469727 3 
0008 0015 1666496604404513 -39.0 -69.0 2.380738182798515 3 
0008 0000 1666496604416398 -50.0 -74.0 0.5276893910326605 3 
0008 0008 1666496604504900 -95.1875 -72.5 2.9943304979527716 3 
0008 0005 1666496604507839 -30.0625 -72.5 5.8045833013592665 3 
0008 0015 1666496604509067 165.1875 -68.5 2.055534255766759 3 
0008 0000 1666496604509965 -43.125 -72.5 0.5951845456996288 3 
0008 0004 1666496604510877 -48.0 -65.0 0.9694758579437253 3 
0008 0007 1666496604511790 -65.0625 -68.5 5.8475347634200645 3 
0008 0014 1666496604512674 -74.0 -66.0 0.6442719309119693 3 
0008 0005 1666496604606770 186.3125 -71.5 5.522330836388308 3 
0008 0007 1666496604608326 -26.0 -68.5 5.773903685601553 3 
0008 0015 1666496604609497 -108.1875 -69.5 2.3930100291016 3 
0008 0004 1666496604611131 -74.0 -65.0 0.8774370106705868 3 
0008 0014 1666496604612032 -48.0 -66.0 0.6013204688511713 3 
0008 0000 1666496604613045 95.1875 -73.0 0.5399612373357456 3 
0008 0008 1666496604615511 74.0 -72.0 2.804116880254952 3 
0008 0000 1666496604708010 74.0 -71.5 0.5399612373357456 3 
0008 0014 1666496604710215 13.0 -66.0 0.47860200582032003 3 
0008 0004 1666496604711127 56.125 -65.0 0.8406214717613314 3 
0008 0015 1666496604712071 100.0625 -68.5 2.2518837966161214 3 
0008 0005 1666496604712997 30.0625 -72.0 5.66959299202533 3 
0008 0007 1666496604715653 -52.0625 -68.5 5.902758071783947 3 
0008 0008 1666496604716551 -61.0 -71.5 2.9329712664373457 3 
0008 0008 1666496604807825 61.0 -70.5 2.9636508821950587 3 
0008 0014 1666496604809833 -30.0625 -66.0 0.6320000846088841 3 
0008 0004 1666496604811944 21.9375 -64.5 0.8528933180644165 3 
0008 0015 1666496604812887 -69.125 -69.5 2.2518837966161214 3 
0008 0007 1666496604814752 156.1875 -67.5 5.6573211457222445 3 
0008 0000 1666496604815778 -61.0 -71.0 0.7240389318820226 3 
0008 0005 1666496604816706 121.25 -71.0 5.491651220630596 3 
0008 0004 1666496604912460 87.0625 -64.0 0.7915340865489908 3 
0008 0014 1666496604913503 -34.9375 -65.5 0.5829126993965437 3 
0008 0007 1666496604914418 -78.0625 -68.0 5.816855147662351 3 
0008 0005 1666496604916068 -217.25 -72.0 6.056156150572511 3 
0008 0000 1666496604917007 56.125 -73.5 0.4049709280018093 3 
0008 0008 1666496604918552 43.125 -73.0 2.8716120349219203 3 
0008 0015 1666496604919723 117.125 -69.0 2.2212041808584084 3 
0008 0007 1666496605017343 -30.0625 -67.0 5.853670686571607 3 
0008 0015 1666496605018244 78.0625 -69.5 2.0371264863121317 3 
0008 0008 1666496605019157 -217.25 -70.5 3.3502140407422405 3 
0008 0004 1666496605020292 -13.0 -63.5 0.8651651643675016 3 
0008 0014 1666496605021458 4.0625 -65.5 0.5399612373357456 3 
0008 0005 1666496605022459 208.3125 -71.0 5.64504929941916 3 
0008 0000 1666496605023358 43.125 -72.5 0.4724660826687775 3 
0008 0014 1666496605117162 -43.125 -65.5 0.619728238305799 3 
0008 0000 1666496605119440 -195.25 -72.0 0.8222137023067037 3 
0008 0004 1666496605120578 39.0 -64.5 0.8528933180644165 3 
0008 0015 1666496605122597 -91.125 -68.5 2.356194490192345 3 
0008 0007 1666496605123496 52.0625 -68.5 5.595961914206819 3 
0008 0005 1666496605130728 -56.125 -71.5 5.93343768754166 3 
0008 0008 1666496605131654 282.375 -71.0 2.5893595699509624 3 
0008 0014 1666496605225291 48.0 -66.0 0.4663301595172349 3 
0008 0004 1666496605229299 -134.25 -65.0 1.0062913968529805 3 
0008 0007 1666496605230140 39.0 -69.0 5.798447378207723 3 
0008 0008 1666496605232418 -95.1875 -71.5 3.2704470397721868 3 
0008 0015 1666496605234752 -52.0625 -69.0 2.454369260617026 3 
0008 0005 1666496605236184 21.9375 -71.5 5.737088146692298 3 
0008 0000 1666496605239005 -8.9375 -71.5 0.607456392002714 3 
0008 0004 1666496605330887 -39.0 -64.5 0.8835729338221293 3 
0008 0007 1666496605331774 -87.0625 -68.5 5.9518454569962875 3 
0008 0008 1666496605332912 160.3125 -72.5 2.6261751088602177 3 
0008 0005 1666496605336137 -4.0625 -71.5 5.712544454086128 3 
0008 0015 1666496605337054 78.0625 -69.0 2.110757564130642 3 
0008 0014 1666496605338239 -134.25 -66.5 0.7363107781851077 3 
0008 0000 1666496605342514 30.0625 -72.5 0.5767767762450011 3 
0008 0007 1666496605444979 104.125 -68.0 5.626641529964532 3 
0008 0004 1666496605446190 -52.0625 -64.5 0.9142525495798421 3 
0008 0008 1666496605448475 342.5625 -72.5 2.705942109830271 3 
0008 0015 1666496605449360 -182.25 -68.5 2.5464081078901644 3 
0008 0014 1666496605451223 30.0625 -65.5 0.9081166264282996 3 
0008 0000 1666496605455241 -74.0 -72.5 0.6565437772150544 3 
0008 0005 1666496605456111 -160.3125 -72.0 6.000932842208628 3 
0008 0005 1666496605548332 -160.3125 -71.5 6.025476534814799 3 
0008 0007 1666496605551498 -13.0 -69.0 5.743224069843841 3 
0008 0014 1666496605552654 -34.9375 -67.0 0.9572040116406401 3 
0008 0015 1666496605553566 -4.0625 -69.0 2.356194490192345 3 
0008 0000 1666496605554738 -165.1875 -72.5 0.760854470791278 3 
0008 0004 1666496605555650 -17.0625 -65.0 1.1290098598838318 3 
0008 0008 1666496605583849 -5.625 -73.5 0.5583690067903734 3 
0008 0002 1666496605652320 3.5625 -78.5 4.0128937411088375 3 
0008 0015 1666496605668359 -56.125 -69.5 2.435961491162398 3 
0008 0007 1666496605671019 156.1875 -70.0 5.086680292628786 3 
0008 0005 1666496605672199 -91.125 -68.5 5.921165841238575 3 
0008 0014 1666496605673595 -69.125 -67.5 1.2946797849754812 3 
0008 0009 1666496605674852 -82.1875 -73.0 4.516039439535327 3 
0008 0004 1666496605676290 34.9375 -69.0 2.073942025221387 3 
0008 0000 1666496605677586 43.125 -73.5 1.0492428589137786 3 
0008 0008 1666496605685070 1.1875 -71.5 5.071340484749929 3 
0008 0002 1666496605699828 -33.375 -77.0 1.4480778637640452 3 
0008 0005 1666496605774685 21.9375 -68.0 5.626641529964532 3 
0008 0009 1666496605776182 -74.0 -66.5 0.6994952392758523 3 
0008 0015 1666496605778217 -152.125 -70.0 2.6813984172241008 3 
0008 0008 1666496605780868 26.0 -65.5 6.135923151542564 3 
0008 0004 1666496605785410 -126.125 -72.0 5.178719139901925 3 
0008 0002 1666496605790776 19.5 -75.5 1.88986433067511 3 
0008 0009 1666496605883157 91.125 -65.0 2.2089323345553233 3 
0008 0004 1666496605884666 -48.0 -61.0 0.3129320807286708 3 
0008 0008 1666496605887550 -34.9375 -63.0 0.2454369260617026 3 
0008 0005 1666496605892742 -56.125 -70.5 0.28225246497095796 3 
0008 0015 1666496605908120 0.75 -73.5 2.448233337465483 3 
0008 0013 1666496605996845 5.0625 -77.5 5.203262832508095 3 
0008 0002 1666496606005196 9.9375 -77.5 2.0371264863121317 3 
0008 0004 1666496606011650 4.0625 -60.0 0.8099418560036186 3 
0008 0009 1666496606012764 -34.9375 -64.5 4.424000592262189 3 
0008 0011 1666496606016755 30.0625 -68.5 4.264466590322082 3 
0008 0007 1666496606019712 -30.0625 -70.5 3.834951969714103 3 
0008 0013 1666496606036060 63.875 -74.5 5.209398755659637 3 
0008 0002 1666496606054837 -6.5 -76.0 5.902758071783947 3 
0008 0010 1666496606056911 14.625 -76.5 2.2027964114037806 3 
0008 0008 1666496606082044 0.4375 -71.0 1.0799224746714913 3 
0008 0004 1666496606136232 17.0625 -64.5 3.77972866135022 3 
0008 0009 1666496606138029 -48.0 -61.5 5.491651220630596 3 
0008 0002 1666496606138971 -208.3125 -74.5 6.22182607566416 3 
0008 0008 1666496606140348 173.3125 -65.5 4.221515128261284 3 
0008 0013 1666496606141245 56.125 -69.0 5.737088146692298 3 
0008 0010 1666496606143605 -273.375 -71.5 2.9084275738311756 3 
0008 0011 1666496606144559 -217.25 -71.5 5.9518454569962875 3 
0008 0007 1666496606205771 4.875 -75.5 4.546719055293041 3 
0008 0012 1666496606214939 -6.5 -79.0 0.6565437772150544 3 
0008 0007 1666496606261687 -43.125 -68.5 1.902136176978195 3 
0008 0013 1666496606262658 52.0625 -65.5 5.6941366846315 3 
0008 0004 1666496606265413 -17.0625 -58.0 4.565126824747668 3 
0008 0010 1666496606267223 95.1875 -68.0 3.356349963893783 3 
0008 0009 1666496606269035 212.375 -70.5 3.8288160465625602 3 
0008 0012 1666496606295525 -24.375 -75.5 0.6688156235181395 3 
0008 0013 1666496606369883 -165.1875 -64.5 5.724816300389213 3 
0008 0004 1666496606372608 26.0 -62.0 4.558990901596125 3 
0008 0010 1666496606373633 -43.125 -67.0 4.626486056263094 3 
0008 0007 1666496606374561 -30.0625 -66.5 2.521864415283994 3 
0008 0012 1666496606376696 95.1875 -71.5 3.2520392703175593 3 
0008 0004 1666496606468267 -52.0625 -69.0 5.540738605842936 3 
0008 0012 1666496606469140 -26.0 -70.5 3.454524734318464 3 
0008 0013 1666496606472351 -48.0 -65.5 5.086680292628786 3 
0008 0011 1666496606474183 26.0 -70.0 2.7550294950426117 3 
0008 0008 1666496606476243 130.1875 -69.0 1.3314953238847365 3 
0008 0010 1666496606478390 -195.25 -70.0 5.651185222570702 3 
0008 0007 1666496606479545 117.125 -69.0 3.1354567304382504 3 
0008 0002 1666496606498175 55.3125 -75.0 0.11658253987930872 3 
0008 0014 1666496606532051 2.875 -72.0 5.45483568172134 3 
0008 0005 1666496606538482 6.8125 -73.0 0.4908738521234052 3 
0008 0012 1666496606589997 -69.125 -66.0 3.822680123411018 3 
0008 0008 1666496606593005 -108.1875 -70.0 1.227184630308513 3 
0008 0007 1666496606594810 -8.9375 -71.0 4.154019973594316 3 
0008 0013 1666496606595867 26.0 -65.5 4.356505437595221 3 
0008 0011 1666496606597262 56.125 -65.0 3.466796580621549 3 
0008 0004 1666496606598248 108.1875 -68.0 0.4172427743048944 3 
0008 0014 1666496606599613 251.4375 -67.5 1.9696313316451632 3 
0008 0002 1666496606602501 -160.3125 -73.0 6.086835766330224 3 
0008 0005 1666496606603414 -56.125 -69.5 3.5895150436524004 3 
0008 0011 1666496606695434 -39.0 -63.0 3.9699422790480394 3 
0008 0014 1666496606697355 -69.125 -65.0 1.8530487917658545 3 
0008 0004 1666496606699106 -26.0 -67.0 0.5338253141842031 3 
0008 0005 1666496606700899 39.0 -70.0 3.055689729468197 3 
0008 0015 1666496606701871 -61.0 -70.0 3.2888548092268146 3 
0008 0007 1666496606703286 -130.1875 -70.5 4.773748211900116 3 
0008 0013 1666496606704198 -65.0625 -62.5 4.006757817957295 3 
0008 0012 1666496606705747 121.25 -68.5 3.7122335066832517 3 
0008 0002 1666496606707550 -152.125 -72.5 5.6573211457222445 3 
0008 0008 1666496606709962 -173.3125 -72.5 1.0492428589137786 3 
0008 0011 1666496606803633 -43.125 -63.5 4.534447208989955 3 
0008 0013 1666496606804529 8.9375 -60.5 3.749049045592507 3 
0008 0015 1666496606805671 -13.0 -69.5 2.9820586516496865 3 
0008 0004 1666496606806627 -91.125 -65.0 0.20248546400090464 3 
0008 0014 1666496606808002 -4.0625 -65.0 1.3437671701878218 3 
0008 0012 1666496606810141 -39.0 -70.5 3.749049045592507 3 
0008 0007 1666496606816263 -61.0 -71.5 5.160311370447297 3 
0008 0008 1666496606829311 -26.0 -73.5 0.760854470791278 3 
0008 0002 1666496606831876 13.0 -74.0 4.92714629068868 3 
0008 0013 1666496606925382 -30.0625 -60.0 3.5158839658338894 3 
0008 0014 1666496606926294 -4.0625 -65.0 1.1596894756415448 3 
0008 0012 1666496606927184 -143.1875 -69.5 4.1172044346850605 3 
0008 0015 1666496606929090 87.0625 -66.5 2.6568547246179306 3 
0008 0004 1666496606932348 -48.0 -66.0 6.2034183062095325 3 
0008 0011 1666496606935568 -69.125 -65.0 4.399456899656019 3 
0008 0007 1666496606938304 -82.1875 -70.0 5.258486140871978 3 
0008 0002 1666496606949267 32.5 -74.5 4.2031073588066565 3 
0008 0008 1666496606963444 4.0625 -75.5 3.736777199289422 3 
0008 0013 1666496607037433 -17.0625 -60.0 3.3195344249845276 3 
0008 0014 1666496607039668 56.125 -64.0 0.5460971604872883 3 
0008 0011 1666496607041177 -52.0625 -65.5 4.325825821837508 3 
0008 0012 1666496607042318 -30.0625 -69.0 3.6876898140770815 3 
0008 0015 1666496607043232 147.25 -65.0 2.4911847995262812 3 
0008 0004 1666496607044428 -121.25 -67.0 6.111379458936394 3 
0008 0007 1666496607047594 160.3125 -71.5 5.190990986205009 3 
0008 0008 1666496607074438 17.8125 -76.0 0.3988350048502667 3 
0008 0002 1666496607076566 -7.3125 -74.5 4.129476280988146 3 
0008 0013 1666496607147532 13.0 -60.0 3.3072625786814425 3 
0008 0015 1666496607148448 26.0 -65.0 2.5280003384355365 3 
0008 0004 1666496607149603 -113.0625 -66.5 6.050020227420969 3 
0008 0011 1666496607150559 -78.0625 -66.0 4.276738436625168 3 
0008 0012 1666496607151957 134.25 -70.5 3.4913402732277192 3 
0008 0014 1666496607155690 -48.0 -64.0 0.4111068511533518 3 
0008 0007 1666496607157673 208.3125 -70.5 5.141903600992669 3 
0008 0002 1666496607180853 4.875 -74.0 3.816544200259475 3 
0008 0008 1666496607188088 14.625 -76.5 0.23930100291016002 3 
0008 0013 1666496607260445 21.9375 -59.5 3.3195344249845276 3 
0008 0007 1666496607261331 95.1875 -69.5 5.0253210611133605 3 
0008 0015 1666496607264073 8.9375 -64.5 2.60776733940559 3 
0008 0011 1666496607264958 87.0625 -66.5 4.190835512503572 3 
0008 0014 1666496607267473 -26.0 -63.5 0.4479223900626072 3 
0008 0004 1666496607268685 -87.0625 -66.5 5.927301764390117 3 
0008 0012 1666496607270947 48.0 -70.5 3.9392626632903265 3 
0008 0002 1666496607272129 325.5 -74.5 3.2888548092268146 3 
0008 0008 1666496607301197 0.75 -76.0 0.0674951546669682 3 
0008 0011 1666496607390978 -117.125 -67.0 4.4976316700806995 3 
0008 0012 1666496607392402 -21.9375 -67.5 4.749204519293945 3 
0008 0013 1666496607393327 -17.0625 -60.0 3.9208548938356986 3 
0008 0007 1666496607394483 100.0625 -68.5 5.0253210611133605 3 
0008 0014 1666496607395353 69.125 -64.0 0.34974761963792617 3 
0008 0015 1666496607397486 13.0 -65.5 2.945243112740431 3 
0008 0004 1666496607399642 8.9375 -66.5 5.8659425328746915 3 
0008 0002 1666496607413996 -65.0625 -74.0 0.36815538909255385 3 
0008 0008 1666496607442230 132.1875 -75.5 5.997864880632857 3 
0008 0015 1666496607526991 -61.0 -65.0 3.067961575771282 3 
0008 0012 1666496607528475 91.125 -68.5 4.792155981354743 3 
0008 0011 1666496607529616 -95.1875 -66.5 4.620350133111551 3 
0008 0007 1666496607531011 65.0625 -69.0 5.178719139901925 3 
0008 0013 1666496607532190 -17.0625 -60.5 4.06811704947272 3 
0008 0014 1666496607533076 -48.0 -63.5 0.4663301595172349 3 
0008 0004 1666496607534953 -108.1875 -66.0 5.872078456026235 3 
0008 0002 1666496607545741 -43.5 -74.0 3.472932503773092 3 
0008 0008 1666496607583248 21.9375 -76.5 5.859806609723149 3 
0008 0012 1666496607654823 74.0 -68.0 4.896466674930966 3 
0008 0007 1666496607656473 13.0 -68.0 5.062136600022616 3 
0008 0015 1666496607658710 -165.1875 -64.5 3.1784081924990484 3 
0008 0004 1666496607659835 156.1875 -65.5 5.553010452146021 3 
0008 0014 1666496607660991 48.0 -64.0 0.3436116964863836 3 
0008 0011 1666496607663266 -165.1875 -66.5 4.773748211900116 3 
0008 0013 1666496607666084 30.0625 -60.0 4.049709280018092 3 
0008 0002 1666496607685841 10.9375 -74.0 0.19941750242513334 3 
0008 0008 1666496607721673 -83.375 -75.5 6.224894037239932 3 
0008 0011 1666496607805549 61.0 -66.5 4.522175362686871 3 
0008 0004 1666496607806491 69.125 -66.0 5.6941366846315 3 
0008 0012 1666496607808198 -8.9375 -68.0 4.896466674930966 3 
0008 0007 1666496607811426 -160.3125 -69.5 5.325981295538946 3 
0008 0015 1666496607812454 -74.0 -65.5 2.9759227284981438 3 
0008 0013 1666496607815437 0.0 -60.5 4.000621894805752 3 
0008 0014 1666496607817557 39.0 -64.0 0.15339807878856412 3 
0008 0002 1666496607835806 -19.5 -74.0 0.31600004230444206 3 
0008 0008 1666496607865425 -15.0 -75.5 6.26784549930073 3 
0008 0011 1666496607952380 -91.125 -67.5 4.755340442445488 3 
0008 0007 1666496607953546 17.0625 -68.5 5.154175447295755 3 
0008 0004 1666496607955525 -30.0625 -65.5 5.798447378207723 3 
0008 0013 1666496607956437 -65.0625 -60.0 4.129476280988146 3 
0008 0015 1666496607957394 -26.0 -65.0 2.9575149590435164 3 
0008 0014 1666496607958563 -30.0625 -63.5 0.25770877236478773 3 
0008 0012 1666496607959933 -100.0625 -68.5 5.037592907416445 3 
0008 0002 1666496607961439 160.3125 -72.0 3.3440781175906977 3 
0008 0008 1666496607981911 -17.8125 -76.0 0.2086213871524472 3 
0008 0014 1666496608059232 -69.125 -63.5 0.3190680038802134 3 
0008 0013 1666496608060143 -56.125 -60.0 4.154019973594316 3 
0008 0004 1666496608062163 -117.125 -66.0 5.878214379177777 3 
0008 0011 1666496608063087 -21.9375 -67.0 4.755340442445488 3 
0008 0015 1666496608064258 104.125 -65.5 2.791845033951867 3 
0008 0012 1666496608066529 43.125 -68.0 4.847379289718626 3 
0008 0007 1666496608067413 -56.125 -68.5 5.221670601962723 3 
0008 0008 1666496608068425 264.4375 -74.0 6.160466844148735 3 
0008 0002 1666496608078895 28.0625 -74.5 0.19634954084936207 3 
0008 0011 1666496608164464 -48.0 -66.5 4.92714629068868 3 
0008 0004 1666496608166497 8.9375 -66.0 5.651185222570702 3 
0008 0015 1666496608167385 -87.0625 -65.5 3.0127382674073995 3 
0008 0012 1666496608169578 -43.125 -69.0 4.865787059173254 3 
0008 0007 1666496608170746 -39.0 -68.5 5.301437602932776 3 
0008 0013 1666496608171686 -56.125 -60.5 4.166291819897402 3 
0008 0014 1666496608173703 -52.0625 -64.0 0.28838838812250056 3 
0008 0002 1666496608182061 -31.3125 -74.0 0.34054373491061235 3 
0008 0008 1666496608183299 92.3125 -75.0 6.181942575179134 3 
0008 0015 1666496608275053 -13.0 -66.0 2.9391071895888885 3 
0008 0013 1666496608277691 -52.0625 -61.0 4.178563666200486 3 
0008 0004 1666496608278701 8.9375 -65.5 5.786175531904639 3 
0008 0014 1666496608279617 95.1875 -64.0 0.1349903093339364 3 
0008 0011 1666496608280528 -69.125 -66.5 4.8351074434155406 3 
0008 0008 1666496608281498 -204.25 -74.0 0.1902136176978195 3 
0008 0012 1666496608282540 -48.0 -67.5 4.804427827657828 3 
0008 0007 1666496608283410 -139.125 -68.0 5.270757987175063 3 
0008 0002 1666496608289100 -34.5625 -74.0 0.31600004230444206 3 
0008 0015 1666496608376805 -69.125 -65.5 2.9697868053466014 3 
0008 0013 1666496608377745 -61.0 -61.0 4.172427743048944 3 
0008 0007 1666496608378630 30.0625 -68.5 5.098952138931871 3 
0008 0004 1666496608379585 -13.0 -66.0 5.767767762450011 3 
0008 0011 1666496608383062 -56.125 -66.0 4.878058905476339 3 
0008 0014 1666496608385135 52.0625 -64.0 0.15339807878856412 3 
0008 0012 1666496608386317 -8.9375 -67.5 4.779884135051658 3 
0008 0008 1666496608399029 78.0625 -73.5 0.2086213871524472 3 
0008 0002 1666496608401707 -61.0 -73.5 3.3072625786814425 3 
0008 0013 1666496608493542 4.0625 -60.5 4.0987966652304335 3 
0008 0004 1666496608494741 -82.1875 -66.0 5.798447378207723 3 
0008 0015 1666496608498644 48.0 -65.5 2.8532042654672924 3 
0008 0007 1666496608499543 -152.125 -68.5 5.2339424482658075 3 
0008 0014 1666496608500499 -61.0 -63.5 0.2454369260617026 3 
0008 0011 1666496608501691 30.0625 -67.0 4.73693267299086 3 
0008 0012 1666496608503473 69.125 -68.5 4.6878452877785195 3 
0008 0008 1666496608506872 4.0625 -75.0 6.22182607566416 3 
0008 0002 1666496608507775 316.5 -74.0 3.0925052683774528 3 
