0008 0006 1666498189253007 -28.0625 -74.0 0.7792622402459057 6 
0008 0005 1666498189343638 56.125 -60.0 0.9817477042468103 6 
0008 0010 1666498189344790 69.125 -61.5 0.03681553890925539 6 
0008 0014 1666498189346221 -26.0 -60.5 0.37429131224409645 6 
0008 0000 1666498189347135 -126.125 -67.5 3.356349963893783 6 
0008 0009 1666498189348315 69.125 -68.5 2.110757564130642 6 
0008 0013 1666498189349683 -290.5 -70.5 2.7120780329818137 6 
0008 0008 1666498189351061 56.125 -67.0 0.7117670855789375 6 
0008 0015 1666498189352843 143.1875 -69.5 0.12885438618239387 6 
0008 0006 1666498189356078 -199.375 -72.0 4.215379205109742 6 
0008 0015 1666498189451839 160.3125 -69.0 0.11658253987930872 6 
0008 0010 1666498189456038 -26.0 -61.0 0.22089323345553233 6 
0008 0008 1666498189456934 65.0625 -66.0 0.8283496254582462 6 
0008 0005 1666498189458597 56.125 -60.5 1.000155473701438 6 
0008 0013 1666498189459764 -108.1875 -71.0 2.5586799541932495 6 
0008 0000 1666498189461173 212.375 -67.5 2.9268353432858034 6 
0008 0014 1666498189462588 0.0 -61.0 0.3374757733348411 6 
0008 0009 1666498189465891 152.125 -68.5 2.018718716857504 6 
0008 0006 1666498189475762 -21.5625 -74.0 0.9050486648525283 6 
0008 0015 1666498189565939 139.125 -69.0 0.2270291566070749 6 
0008 0013 1666498189567661 -186.3125 -70.5 2.9022916506796332 6 
0008 0005 1666498189568571 -34.9375 -60.5 1.0737865515199487 6 
0008 0010 1666498189571308 -65.0625 -61.5 0.23930100291016002 6 
0008 0000 1666498189572278 -95.1875 -66.5 3.2949907323783574 6 
0008 0008 1666498189573175 121.25 -67.5 0.7179030087304801 6 
0008 0014 1666498189574045 113.0625 -61.0 0.20248546400090464 6 
0008 0009 1666498189576090 34.9375 -68.5 2.067806102069844 6 
0008 0006 1666498189587487 6.5 -74.5 4.0558452031696355 6 
0008 0010 1666498189679095 -21.9375 -61.5 0.19634954084936207 6 
0008 0008 1666498189682064 -17.0625 -67.0 0.8528933180644165 6 
0008 0015 1666498189682993 -39.0 -67.0 0.3129320807286708 6 
0008 0014 1666498189684371 13.0 -61.0 0.3313398501832985 6 
0008 0000 1666498189685287 52.0625 -66.5 3.147728576741336 6 
0008 0009 1666498189686185 43.125 -69.5 2.2089323345553233 6 
0008 0005 1666498189687592 17.0625 -61.0 1.0246991663076084 6 
0008 0013 1666498189689893 -4.0625 -71.5 2.3193789512830896 6 
0008 0006 1666498189714893 26.8125 -75.0 0.8528933180644165 6 
0008 0014 1666498189792881 26.0 -61.0 0.3313398501832985 6 
0008 0010 1666498189794030 -30.0625 -61.0 0.25157284921324513 6 
0008 0005 1666498189796313 -4.0625 -60.5 1.1044661672776617 6 
0008 0015 1666498189797469 87.0625 -68.5 0.28225246497095796 6 
0008 0013 1666498189799105 -130.1875 -72.5 2.405281875404685 6 
0008 0009 1666498189800741 -91.125 -68.0 2.3439226438892597 6 
0008 0000 1666498189803082 34.9375 -67.0 3.184544115650591 6 
0008 0008 1666498189804831 39.0 -67.5 0.7731263170943632 6 
0008 0006 1666498189806378 143.1875 -74.5 3.9269908169872414 6 
0008 0015 1666498190108884 -69.125 -69.0 0.48473792897186263 6 
0008 0008 1666498190110024 160.3125 -66.5 0.7485826244881929 6 
0008 0013 1666498190111417 -355.5625 -70.5 2.8102528034064944 6 
0008 0000 1666498190112313 17.0625 -67.5 3.2459033471660166 6 
0008 0009 1666498190114688 -147.25 -68.5 2.497320722677824 6 
0008 0010 1666498190115655 -26.0 -61.0 0.25770877236478773 6 
0008 0014 1666498190117757 8.9375 -61.0 0.3374757733348411 6 
0008 0005 1666498190122034 -56.125 -60.0 1.1167380135807468 6 
0008 0006 1666498190144592 3.25 -73.5 0.9848156658225816 6 
0008 0009 1666498190234581 -160.3125 -68.0 2.521864415283994 6 
0008 0005 1666498190236202 -26.0 -61.0 1.1351457830353744 6 
0008 0014 1666498190239016 21.9375 -61.0 0.32520392703175593 6 
0008 0015 1666498190239859 69.125 -69.0 0.2699806186678728 6 
0008 0010 1666498190242045 -48.0 -61.0 0.2699806186678728 6 
0008 0008 1666498190243297 -48.0 -67.5 0.9142525495798421 6 
0008 0000 1666498190244422 34.9375 -68.0 3.313398501832985 6 
0008 0013 1666498190247136 243.3125 -71.5 1.9634954084936207 6 
0008 0006 1666498190266564 53.25 -74.0 4.0466413184423216 6 
0008 0004 1666498190348251 -4.25 -75.0 1.41126232485479 6 
0008 0014 1666498190366033 65.0625 -61.0 0.28225246497095796 6 
0008 0010 1666498190367151 0.0 -60.5 0.2270291566070749 6 
0008 0008 1666498190368082 -39.0 -67.0 0.9142525495798421 6 
0008 0005 1666498190369459 -39.0 -60.5 1.1351457830353744 6 
0008 0000 1666498190371461 -130.1875 -68.5 3.3747577333484107 6 
0008 0009 1666498190373478 -212.375 -68.5 2.6016314162540475 6 
0008 0013 1666498190374359 -87.0625 -71.5 2.5832236467994196 6 
0008 0015 1666498190376586 21.9375 -69.5 0.2945243112740431 6 
0008 0006 1666498190382950 -195.25 -73.0 4.123340357836604 6 
0008 0004 1666498190471147 -0.8125 -75.0 1.337631247036279 6 
0008 0010 1666498190487834 -65.0625 -61.0 0.32520392703175593 6 
0008 0009 1666498190490097 113.0625 -68.0 2.227340104009951 6 
0008 0000 1666498190491518 4.0625 -67.5 3.423845118560751 6 
0008 0014 1666498190492432 13.0 -61.0 0.3436116964863836 6 
0008 0015 1666498190493813 8.9375 -68.5 0.34974761963792617 6 
0008 0008 1666498190495166 -69.125 -66.5 0.9326603190344698 6 
0008 0005 1666498190496305 -30.0625 -60.0 1.1596894756415448 6 
0008 0013 1666498190498309 -165.1875 -70.5 2.466641106920111 6 
0008 0006 1666498190503091 -247.375 -73.0 4.289010282928253 6 
0008 0004 1666498190575050 0.75 -74.5 1.1474176293384597 6 
0008 0006 1666498190624906 -325.5 -72.0 4.417864669110647 6 
0008 0005 1666498190626085 -69.125 -60.0 1.282407938672396 6 
0008 0008 1666498190627207 -8.9375 -66.5 1.0185632431560658 6 
0008 0013 1666498190628362 69.125 -70.5 2.4850488763747385 6 
0008 0010 1666498190629554 -30.0625 -62.0 0.2638446955163303 6 
0008 0014 1666498190631612 4.0625 -61.0 0.3374757733348411 6 
0008 0015 1666498190635881 -78.0625 -68.0 0.4540583132141498 6 
0008 0009 1666498190636922 91.125 -68.0 2.356194490192345 6 
0008 0000 1666498190638065 -195.25 -68.5 3.5772431973493153 6 
0008 0004 1666498190695169 2.4375 -75.0 1.1044661672776617 6 
0008 0009 1666498190751605 82.1875 -68.5 2.270291566070749 6 
0008 0005 1666498190752518 43.125 -60.5 1.1474176293384597 6 
0008 0000 1666498190753701 -87.0625 -67.5 3.466796580621549 6 
0008 0010 1666498190754824 -43.125 -61.5 0.28225246497095796 6 
0008 0013 1666498190756730 -256.3125 -71.5 2.693670263527186 6 
0008 0008 1666498190757610 30.0625 -67.0 0.8897088569736719 6 
0008 0014 1666498190758551 -13.0 -60.5 0.4111068511533518 6 
0008 0015 1666498190759496 -13.0 -68.5 0.380427235395639 6 
0008 0006 1666498190764292 -199.375 -71.0 4.387185053352934 6 
0008 0004 1666498190782945 -10.5 -74.5 4.289010282928253 6 
0008 0009 1666498190865181 8.9375 -68.5 2.423689644859313 6 
0008 0005 1666498190867158 30.0625 -60.0 1.214912784005428 6 
0008 0010 1666498190868335 -4.0625 -61.0 0.25157284921324513 6 
0008 0014 1666498190869236 -43.125 -60.5 0.4049709280018093 6 
0008 0008 1666498190870842 34.9375 -66.0 0.8835729338221293 6 
0008 0013 1666498190872361 -69.125 -72.0 2.724349879284899 6 
0008 0000 1666498190873260 -56.125 -68.0 3.56497135104623 6 
0008 0015 1666498190877567 139.125 -69.0 0.23316507975861744 6 
0008 0006 1666498190879076 -34.9375 -71.5 4.049709280018092 6 
0008 0004 1666498190897613 1.625 -74.5 0.9756117810952678 6 
0008 0009 1666498190980587 156.1875 -68.5 2.1475731030398975 6 
0008 0008 1666498190981994 61.0 -66.0 0.8467573949128739 6 
0008 0014 1666498190987486 0.0 -61.0 0.3988350048502667 6 
0008 0013 1666498190988431 -26.0 -70.0 2.675262494072558 6 
0008 0010 1666498190989553 -78.0625 -61.5 0.32520392703175593 6 
0008 0005 1666498190990634 69.125 -59.5 1.2087768608538851 6 
0008 0000 1666498190991944 -8.9375 -67.5 3.429981041712294 6 
0008 0015 1666498190993778 100.0625 -69.0 0.2638446955163303 6 
0008 0006 1666498191017197 85.8125 -73.5 0.7301748550335652 6 
0008 0004 1666498191033194 6.5 -74.5 0.9265243958829272 6 
0008 0005 1666498191110142 26.0 -59.5 1.2210487071569704 6 
0008 0013 1666498191111787 -34.9375 -70.0 2.6384469551633027 6 
0008 0000 1666498191113326 65.0625 -68.0 3.3379421944391554 6 
0008 0009 1666498191114180 -17.0625 -68.0 2.4605051837685683 6 
0008 0010 1666498191115785 -17.0625 -61.5 0.2761165418194154 6 
0008 0014 1666498191117733 56.125 -61.5 0.3129320807286708 6 
0008 0008 1666498191119166 -8.9375 -66.0 0.8958447801252144 6 
0008 0015 1666498191120281 26.0 -69.0 0.3988350048502667 6 
0008 0006 1666498191150693 -4.4375 -74.5 4.0036898563815235 6 
0008 0015 1666498191244220 134.25 -69.5 0.22089323345553233 6 
0008 0014 1666498191245377 -26.0 -61.5 0.3313398501832985 6 
0008 0010 1666498191246900 34.9375 -61.5 0.2270291566070749 6 
0008 0005 1666498191248506 -34.9375 -60.5 1.3192234775816514 6 
0008 0013 1666498191251373 43.125 -70.5 2.478912953223196 6 
0008 0008 1666498191252749 17.0625 -65.0 1.2333205534600555 6 
0008 0009 1666498191254060 -87.0625 -67.0 2.6691265709210157 6 
0008 0000 1666498191256192 -30.0625 -65.5 3.9760782021995817 6 
0008 0006 1666498191257247 -247.375 -72.5 4.473087977474529 6 
0008 0008 1666498191354212 30.0625 -63.0 1.5278448647340985 6 
0008 0009 1666498191355580 -82.1875 -67.0 2.791845033951867 6 
0008 0000 1666498191356762 -48.0 -65.5 4.000621894805752 6 
0008 0005 1666498191358367 -8.9375 -61.0 1.3069516312785663 6 
0008 0014 1666498191359765 52.0625 -61.5 0.25770877236478773 6 
0008 0010 1666498191363811 26.0 -61.0 0.2086213871524472 6 
0008 0013 1666498191366750 251.4375 -70.0 2.5341362615870793 6 
0008 0015 1666498191368233 34.9375 -67.5 0.3865631585471816 6 
0008 0006 1666498191370303 -160.3125 -74.0 4.651029748869264 6 
0008 0013 1666498191467477 130.1875 -69.0 2.767301341345697 6 
0008 0008 1666498191468614 -21.9375 -61.0 1.932815792735908 6 
0008 0014 1666498191470012 -104.125 -61.5 0.30679615757712825 6 
0008 0005 1666498191471974 43.125 -63.5 1.2640001692177683 6 
0008 0015 1666498191473341 -160.3125 -68.5 0.5092816215780329 6 
0008 0009 1666498191475394 -178.1875 -66.0 2.9820586516496865 6 
0008 0000 1666498191477438 -78.0625 -66.0 4.086524818927348 6 
0008 0010 1666498191478601 17.0625 -60.5 0.3313398501832985 6 
0008 0004 1666498191505477 0.0 -73.5 4.583534594202296 6 
0008 0006 1666498191508408 -41.5 -77.0 4.822835597112456 6 
0008 0002 1666498191581810 -0.4375 -74.5 2.000310947402876 6 
0008 0008 1666498191596420 -48.0 -59.5 2.380738182798515 6 
0008 0010 1666498191598081 4.0625 -61.0 0.6135923151542565 6 
0008 0005 1666498191599297 100.0625 -67.5 1.5155730184310134 6 
0008 0001 1666498191602310 169.25 -67.0 1.2640001692177683 6 
0008 0014 1666498191603179 -39.0 -61.5 0.06135923151542565 6 
0008 0004 1666498191604304 -134.25 -65.5 1.932815792735908 6 
0008 0015 1666498191605231 65.0625 -69.0 0.3988350048502667 6 
0008 0013 1666498191607390 -78.0625 -64.5 3.902447124381071 6 
0008 0009 1666498191612494 21.9375 -67.0 3.497476196379262 6 
0008 0002 1666498191639088 3.1875 -73.0 1.7732817907958012 6 
0008 0008 1666498191716071 -39.0 -59.5 2.6691265709210157 6 
0008 0013 1666498191718799 17.0625 -63.0 4.4362724385652745 6 
0008 0004 1666498191721786 -39.0 -60.5 1.9266798695843652 6 
0008 0014 1666498191722712 8.9375 -63.0 6.215690152512618 6 
0008 0009 1666498191724703 56.125 -66.5 4.080388895775806 6 
0008 0015 1666498191725603 91.125 -68.5 0.5031456984264903 6 
0008 0010 1666498191726484 39.0 -60.5 1.0185632431560658 6 
0008 0012 1666498191729985 13.0 -72.5 1.6260196351587797 6 
0008 0002 1666498191730895 -13.0 -69.0 4.460816131171445 6 
0008 0010 1666498191827799 8.9375 -59.5 1.4603497100671303 6 
0008 0000 1666498191829277 -117.125 -68.0 1.000155473701438 6 
0008 0015 1666498191832020 43.125 -68.5 0.2945243112740431 6 
0008 0008 1666498191834661 4.0625 -65.0 2.9513790358919736 6 
0008 0004 1666498191835561 74.0 -60.0 1.6566992509164924 6 
0008 0013 1666498191836474 -104.125 -62.5 4.95168998329485 6 
0008 0014 1666498191837756 56.125 -63.0 6.227961998815704 6 
0008 0009 1666498191838824 0.0 -70.5 4.485359823777615 6 
0008 0002 1666498191839713 184.6875 -71.0 3.6079228131070282 6 
0008 0015 1666498191939059 48.0 -70.0 0.25770877236478773 6 
0008 0004 1666498191940867 -134.25 -62.0 1.8346410223112268 6 
0008 0010 1666498191942864 -8.9375 -58.5 1.8960002538266525 6 
0008 0014 1666498191943866 -26.0 -63.0 0.03681553890925539 6 
0008 0000 1666498191944795 -65.0625 -67.5 0.6994952392758523 6 
0008 0013 1666498191945705 -21.9375 -62.0 5.2339424482658075 6 
0008 0006 1666498191946976 -178.1875 -74.0 4.387185053352934 6 
0008 0003 1666498192021666 5.75 -74.5 4.847379289718626 6 
0008 0011 1666498192033985 6.375 -73.0 4.589670517353839 6 
0008 0013 1666498192057543 4.0625 -62.0 5.71868037723767 6 
0008 0004 1666498192058796 4.0625 -64.0 1.8960002538266525 6 
0008 0010 1666498192059760 0.0 -60.0 2.3316507975861747 6 
0008 0014 1666498192061415 30.0625 -63.0 6.056156150572511 6 
0008 0006 1666498192062315 256.3125 -69.5 4.405592822807561 6 
0008 0012 1666498192063653 -191.1875 -70.0 3.9760782021995817 6 
0008 0015 1666498192065768 -126.125 -69.0 0.6872233929727672 6 
0008 0011 1666498192067292 -295.375 -70.5 5.221670601962723 6 
0008 0003 1666498192069522 87.0625 -72.5 4.196971435655114 6 
0008 0011 1666498192167870 -52.0625 -70.5 5.743224069843841 6 
0008 0010 1666498192168720 -13.0 -62.5 2.779573187648782 6 
0008 0006 1666498192169619 -74.0 -68.0 5.375068680751287 6 
0008 0008 1666498192174097 -277.4375 -69.5 0.06135923151542565 6 
0008 0001 1666498192176507 169.25 -69.0 1.1596894756415448 6 
0008 0014 1666498192177457 0.0 -62.5 5.780039608753096 6 
0008 0013 1666498192178640 -8.9375 -61.5 0.006135923151542565 6 
0008 0004 1666498192181291 -273.375 -66.0 2.60776733940559 6 
0008 0015 1666498192183618 87.0625 -67.0 0.5338253141842031 6 
0008 0002 1666498192185168 -156.1875 -71.0 5.497787143782138 6 
0008 0003 1666498192210066 13.875 -76.5 0.2638446955163303 6 
0008 0009 1666498192214840 -2.4375 -71.0 1.8653206380689396 6 
0008 0014 1666498192292347 74.0 -63.0 5.540738605842936 6 
0008 0013 1666498192293839 4.0625 -60.0 0.5460971604872883 6 
0008 0001 1666498192294739 48.0 -68.5 0.46019423636569234 6 
0008 0008 1666498192297278 -30.0625 -68.0 6.000932842208628 6 
0008 0004 1666498192298460 173.3125 -67.5 2.2948352586769194 6 
0008 0006 1666498192300645 -152.125 -67.0 5.816855147662351 6 
0008 0015 1666498192301558 -43.125 -68.0 0.5706408530934585 6 
0008 0010 1666498192303333 74.0 -64.0 3.043417883165112 6 
0008 0011 1666498192304857 -108.1875 -69.0 1.4296700943094176 6 
0008 0002 1666498192305763 0.0 -68.0 4.411728745959104 6 
0008 0009 1666498192330008 14.625 -72.5 2.110757564130642 6 
0008 0004 1666498192406797 87.0625 -68.0 2.6016314162540475 6 
0008 0015 1666498192408336 147.25 -68.5 0.3313398501832985 6 
0008 0011 1666498192410554 95.1875 -69.0 1.3744467859455345 6 
0008 0014 1666498192411511 74.0 -62.5 5.387340527054372 6 
0008 0010 1666498192412408 -30.0625 -63.5 3.3747577333484107 6 
0008 0013 1666498192413376 -17.0625 -60.0 0.8897088569736719 6 
0008 0006 1666498192414529 -13.0 -69.0 5.71868037723767 6 
0008 0002 1666498192418772 186.3125 -70.0 3.411573272257666 6 
0008 0008 1666498192420501 160.3125 -71.0 5.534602682691394 6 
0008 0009 1666498192436159 -12.9375 -72.5 5.878214379177777 6 
0008 0005 1666498192466870 3.1875 -73.0 1.8714565612204823 6 
0008 0007 1666498192500732 0.1875 -73.5 6.240233845118788 6 
0008 0013 1666498192533662 30.0625 -60.0 1.141281706186917 6 
0008 0002 1666498192536165 -169.25 -71.0 3.399301425954581 6 
0008 0006 1666498192537120 -195.25 -70.0 6.19728238305799 6 
0008 0005 1666498192538820 4.0625 -69.5 4.95168998329485 6 
0008 0015 1666498192539991 -65.0625 -69.0 0.4295146206079795 6 
0008 0014 1666498192542066 -74.0 -62.0 5.608233760509904 6 
0008 0008 1666498192542975 -8.9375 -71.5 5.6941366846315 6 
0008 0004 1666498192544514 -69.125 -68.5 2.5157284921324514 6 
0008 0010 1666498192545737 4.0625 -65.5 2.9206994201342606 6 
0008 0011 1666498192546863 -21.9375 -69.0 1.748738098189631 6 
0008 0007 1666498192565250 6.5 -72.0 0.3436116964863836 6 
0008 0008 1666498192649450 182.25 -70.0 5.602097837358362 6 
0008 0007 1666498192651095 0.0 -69.5 3.7429131224409646 6 
0008 0005 1666498192652495 104.125 -69.5 4.558990901596125 6 
0008 0015 1666498192653438 -160.3125 -67.5 0.607456392002714 6 
0008 0002 1666498192658649 -178.1875 -72.5 2.9636508821950587 6 
0008 0014 1666498192659546 -13.0 -61.5 5.368932757599744 6 
0008 0013 1666498192661824 -26.0 -61.5 1.380582709097077 6 
0008 0011 1666498192664404 -113.0625 -67.5 2.0493983326152168 6 
0008 0006 1666498192668833 -273.375 -73.0 5.890486225480862 6 
0008 0007 1666498192769450 -95.1875 -67.0 4.074252972624263 6 
0008 0014 1666498192770392 100.0625 -61.0 5.209398755659637 6 
0008 0015 1666498192771293 156.1875 -68.5 0.4049709280018093 6 
0008 0013 1666498192772430 -26.0 -62.0 1.3744467859455345 6 
0008 0005 1666498192773821 0.0 -70.5 3.9638063558964967 6 
0008 0008 1666498192775460 -195.25 -71.0 5.915029918087033 6 
0008 0011 1666498192776810 100.0625 -67.5 1.576932249946439 6 
0008 0002 1666498192835058 -5.0 -76.5 5.822991070813893 6 
0008 0006 1666498192929925 10.1875 -78.0 5.810719224510809 6 
0008 0011 1666498192980572 238.4375 -68.5 1.7303303287350031 6 
0008 0015 1666498192984613 -82.1875 -69.0 0.6013204688511713 6 
0008 0013 1666498192986201 65.0625 -62.0 1.3499030933393643 6 
0008 0014 1666498192989929 -56.125 -61.5 5.307573526084319 6 
0008 0005 1666498192990798 91.125 -69.5 2.693670263527186 6 
0008 0008 1666498192995435 87.0625 -72.5 5.6573211457222445 6 
0008 0007 1666498192997887 -69.125 -70.5 3.6815538909255388 6 
0008 0002 1666498193017006 9.75 -75.5 5.675728915176872 6 
0008 0006 1666498193023056 -8.0625 -77.0 6.105243535784852 6 
0008 0004 1666498193088444 -3.5625 -74.0 5.3627968344482015 6 
0008 0013 1666498193113909 0.0 -61.5 1.9389517158874505 6 
0008 0014 1666498193115055 52.0625 -61.0 5.178719139901925 6 
0008 0005 1666498193116209 -269.3125 -69.5 3.4054373491061236 6 
0008 0008 1666498193120067 65.0625 -71.0 5.105088062083414 6 
0008 0002 1666498193120935 134.25 -73.0 1.576932249946439 6 
0008 0015 1666498193122383 -4.0625 -68.0 0.5890486225480862 6 
0008 0011 1666498193123738 -82.1875 -68.5 1.6873788666742053 6 
0008 0006 1666498193157118 34.5625 -75.5 6.166602767300278 6 
0008 0004 1666498193162874 16.3125 -74.0 5.620505606812989 6 
0008 0007 1666498193183564 2.875 -74.5 0.42337869745643697 6 
0008 0002 1666498193258717 156.1875 -73.0 2.184388641949153 6 
0008 0015 1666498193260395 -39.0 -69.5 0.6933593161243098 6 
0008 0008 1666498193261573 69.125 -70.0 5.1725832167503825 6 
0008 0011 1666498193262503 -52.0625 -67.5 1.6505633277649499 6 
0008 0013 1666498193268945 13.0 -61.5 2.061670178918302 6 
0008 0014 1666498193270352 -4.0625 -62.0 5.289165756629691 6 
0008 0005 1666498193276951 130.1875 -71.0 3.11091303783208 6 
0008 0006 1666498193278204 -199.375 -75.5 6.270913460876501 6 
0008 0004 1666498193301644 5.625 -73.0 5.816855147662351 6 
0008 0011 1666498193434951 169.25 -68.0 1.6198837120072371 6 
0008 0008 1666498193436527 43.125 -70.5 5.313709449235861 6 
0008 0015 1666498193437440 78.0625 -67.5 0.662679700366597 6 
0008 0014 1666498193438835 -34.9375 -62.0 5.338253141842031 6 
0008 0006 1666498193440469 -178.1875 -73.0 0.30066023442558565 6 
0008 0002 1666498193441647 -56.125 -71.5 2.3193789512830896 6 
0008 0013 1666498193443039 82.1875 -61.5 1.9634954084936207 6 
0008 0004 1666498193446090 225.375 -72.0 2.5157284921324514 6 
0008 0005 1666498193463986 9.75 -73.0 0.380427235395639 6 
0008 0013 1666498193552928 8.9375 -61.5 2.0800779483729293 6 
0008 0015 1666498193553843 17.0625 -68.5 0.6688156235181395 6 
0008 0008 1666498193556887 -48.0 -70.0 5.418020142812084 6 
0008 0014 1666498193558894 65.0625 -62.0 5.203262832508095 6 
0008 0011 1666498193559893 43.125 -68.0 1.7119225592803755 6 
0008 0004 1666498193564063 30.0625 -71.0 2.9206994201342606 6 
0008 0002 1666498193564961 -199.375 -72.0 2.5034566458293663 6 
0008 0006 1666498193577724 29.25 -74.5 0.15339807878856412 6 
0008 0005 1666498193599478 3.1875 -73.0 0.3313398501832985 6 
0008 0011 1666498193676547 139.125 -67.5 1.576932249946439 6 
0008 0002 1666498193677471 -195.25 -71.5 2.497320722677824 6 
0008 0013 1666498193679612 56.125 -61.5 2.000310947402876 6 
0008 0008 1666498193680720 182.25 -70.5 5.123495831538041 6 
0008 0014 1666498193682115 -30.0625 -62.0 5.283029833478148 6 
0008 0005 1666498193685038 104.125 -70.5 3.2029518851052186 6 
0008 0015 1666498193688525 -4.0625 -68.0 0.619728238305799 6 
0008 0004 1666498193692297 217.25 -71.5 2.5280003384355365 6 
0008 0006 1666498193695741 17.0625 -72.0 6.17273869045182 6 
0008 0013 1666498193794402 17.0625 -61.0 2.024854640009046 6 
0008 0008 1666498193796422 -39.0 -70.0 5.436427912266712 6 
0008 0002 1666498193797288 91.125 -73.5 1.9082721001297376 6 
0008 0011 1666498193798458 251.4375 -67.5 1.5033011721279284 6 
0008 0014 1666498193799350 0.0 -61.5 5.246214294568893 6 
0008 0004 1666498193801842 -208.3125 -72.0 2.9329712664373457 6 
0008 0015 1666498193803404 -338.5 -69.0 0.9940195505498954 6 
0008 0005 1666498193807575 113.0625 -71.0 2.988194574801229 6 
0008 0006 1666498193812892 -82.1875 -73.0 0.11044661672776616 6 
0008 0014 1666498193910363 -43.125 -61.5 5.2339424482658075 6 
0008 0008 1666498193911514 -69.125 -69.5 5.190990986205009 6 
0008 0015 1666498193915019 -65.0625 -69.0 0.6135923151542565 6 
0008 0011 1666498193915917 -39.0 -67.0 1.7119225592803755 6 
0008 0013 1666498193917560 8.9375 -61.0 1.9696313316451632 6 
0008 0005 1666498193918688 -191.1875 -69.0 3.2459033471660166 6 
0008 0002 1666498193919951 -8.9375 -72.5 2.1475731030398975 6 
0008 0006 1666498193922194 186.3125 -74.0 6.12365130523948 6 
0008 0008 1666498194019917 156.1875 -69.5 4.859651136021712 6 
0008 0013 1666498194021097 69.125 -61.0 1.846912868614312 6 
0008 0004 1666498194022624 126.125 -71.0 2.2518837966161214 6 
0008 0002 1666498194025118 17.0625 -73.0 1.9573594853420782 6 
0008 0015 1666498194026004 91.125 -69.0 0.5829126993965437 6 
0008 0014 1666498194026903 -39.0 -61.5 5.289165756629691 6 
0008 0011 1666498194029006 -199.375 -67.0 1.9082721001297376 6 
0008 0005 1666498194030780 -13.0 -68.5 2.748893571891069 6 
0008 0006 1666498194032253 0.0 -72.0 6.050020227420969 6 
0008 0013 1666498194132025 -21.9375 -61.0 1.9389517158874505 6 
0008 0005 1666498194133833 52.0625 -68.0 2.6445828783148455 6 
0008 0006 1666498194135143 143.1875 -72.0 6.043884304269426 6 
0008 0014 1666498194136039 13.0 -61.5 5.203262832508095 6 
0008 0015 1666498194138947 13.0 -68.5 0.5706408530934585 6 
0008 0004 1666498194140314 329.5625 -71.0 2.325514874434632 6 
0008 0011 1666498194141449 74.0 -67.5 1.6566992509164924 6 
0008 0002 1666498194142358 -74.0 -72.5 2.030990563160589 6 
0008 0008 1666498194145000 -30.0625 -69.0 5.160311370447297 6 
