0008 0010 1666510701506062 -17.0625 -70.5 5.289165756629691 9 
0008 0002 1666510701508578 117.125 -69.5 2.1782527187976104 9 
0008 0014 1666510701509504 21.9375 -58.0 2.350058567040802 9 
0008 0011 1666510701510343 4.0625 -67.5 0.6749515466696822 9 
0008 0010 1666510701529306 -5.625 -71.5 5.497787143782138 9 
0008 0012 1666510701613730 121.25 -69.0 1.761009944492716 9 
0008 0005 1666510701615451 -143.1875 -70.0 3.54042765844006 9 
0008 0008 1666510701616389 -39.0 -72.0 4.865787059173254 9 
0008 0013 1666510701617840 108.1875 -65.0 1.6689710972195777 9 
0008 0014 1666510701618978 -48.0 -59.0 3.2949907323783574 9 
0008 0002 1666510701620019 -52.0625 -65.0 3.5956509668039427 9 
0008 0001 1666510701620973 -117.125 -69.5 3.399301425954581 9 
0008 0009 1666510701622156 -100.0625 -70.0 5.356660911296659 9 
0008 0011 1666510701623199 165.1875 -69.0 1.1167380135807468 9 
0008 0004 1666510701671260 6.8125 -73.0 5.252350217720435 9 
0008 0010 1666510701683045 1.625 -73.0 2.0064468705544187 9 
0008 0014 1666510701735718 -87.0625 -60.5 3.6386024288647407 9 
0008 0010 1666510701736629 -82.1875 -71.5 3.2888548092268146 9 
0008 0001 1666510701737528 -117.125 -69.5 4.76147636559703 9 
0008 0013 1666510701738412 52.0625 -70.5 1.564660403643354 9 
0008 0012 1666510701739270 -169.25 -65.0 3.736777199289422 9 
0008 0004 1666510701740225 17.0625 -68.5 0.5706408530934585 9 
0008 0002 1666510701741149 -8.9375 -65.0 4.822835597112456 9 
0008 0005 1666510701742647 -95.1875 -66.0 5.743224069843841 9 
0008 0008 1666510701743557 -13.0 -72.5 0.4295146206079795 9 
0008 0015 1666510701783115 -0.75 -72.5 2.834796496012665 9 
0008 0002 1666510701844571 -117.125 -67.0 6.0991076126333095 9 
0008 0004 1666510701845754 48.0 -66.0 2.2886993355253766 9 
0008 0010 1666510701848029 -134.25 -67.0 5.344389064993574 9 
0008 0015 1666510701849211 -43.125 -65.5 0.30679615757712825 9 
0008 0012 1666510701852486 -4.0625 -62.5 5.301437602932776 9 
0008 0014 1666510701853730 -74.0 -62.0 3.773592738198677 9 
0008 0011 1666510701874486 -30.5 -75.5 1.932815792735908 9 
0008 0008 1666510701887693 9.0 -75.5 0.607456392002714 9 
0008 0011 1666510701889851 -9.0 -74.0 5.792311455056181 9 
0008 0002 1666510701972872 -69.125 -70.0 1.2762720155208536 9 
0008 0015 1666510701973800 -126.125 -68.5 2.2089323345553233 9 
0008 0014 1666510701974954 -56.125 -64.0 3.5465635815916023 9 
0008 0012 1666510701975853 -8.9375 -62.5 6.178874613603362 9 
0008 0004 1666510701976784 -26.0 -67.5 4.381049130201391 9 
0008 0010 1666510701978265 143.1875 -67.0 1.3069516312785663 9 
0008 0011 1666510701979459 -108.1875 -70.0 0.9510680884890975 9 
0008 0008 1666510701992335 18.25 -75.5 5.283029833478148 9 
0008 0012 1666510702081157 87.0625 -65.0 1.5155730184310134 9 
0008 0005 1666510702083526 -165.1875 -69.5 1.0799224746714913 9 
0008 0004 1666510702084469 -48.0 -67.0 0.04295146206079795 9 
0008 0014 1666510702086941 21.9375 -63.0 3.650874275167826 9 
0008 0015 1666510702087855 -13.0 -58.5 3.2827188860752723 9 
0008 0010 1666510702088765 -4.0625 -65.5 2.1046216409791 9 
0008 0008 1666510702184083 3.125 -77.0 4.577398671050753 9 
0008 0012 1666510702192776 61.0 -68.0 1.9389517158874505 9 
0008 0005 1666510702195772 -130.1875 -65.5 1.7548740213411735 9 
0008 0014 1666510702197294 21.9375 -63.0 4.246058820867455 9 
0008 0010 1666510702198793 -52.0625 -63.5 3.859495662320273 9 
0008 0004 1666510702199903 52.0625 -63.0 1.0676506283684062 9 
0008 0015 1666510702209809 -32.5 -70.5 2.2610876813434353 9 
0008 0008 1666510702223146 25.125 -76.5 4.970097752749477 9 
0008 0005 1666510702300782 -17.0625 -65.5 2.3316507975861747 9 
0008 0014 1666510702301967 -69.125 -66.0 4.000621894805752 9 
0008 0004 1666510702305295 -61.0 -60.5 2.018718716857504 9 
0008 0010 1666510702306688 -121.25 -66.5 5.822991070813893 9 
0008 0008 1666510702357648 0.0 -75.0 1.4664856332186729 9 
0008 0002 1666510702404719 -5.0625 -75.0 5.884350302329319 9 
0008 0002 1666510702413671 191.1875 -72.0 2.3930100291016 9 
0008 0014 1666510702414585 -195.25 -67.0 3.7429131224409646 9 
0008 0005 1666510702416805 264.4375 -70.0 2.736621725587984 9 
0008 0010 1666510702418537 52.0625 -68.5 0.09817477042468103 9 
0008 0008 1666510702420258 -243.3125 -72.5 4.792155981354743 9 
0008 0004 1666510702421184 -69.125 -61.0 3.000466421104314 9 
0008 0004 1666510702518012 -78.0625 -61.0 3.8410878928656453 9 
0008 0010 1666510702518924 208.3125 -68.0 0.8222137023067037 9 
0008 0012 1666510702520346 -69.125 -69.5 4.6878452877785195 9 
0008 0002 1666510702522432 34.9375 -69.0 3.6754179677739964 9 
0008 0008 1666510702525189 117.125 -73.0 5.313709449235861 9 
0008 0014 1666510702527791 -91.125 -68.0 2.791845033951867 9 
0008 0015 1666510702536348 -24.8125 -71.5 0.4203107358806657 9 
0008 0009 1666510702542766 26.0 -70.5 4.1417481272912315 9 
0008 0013 1666510702623906 -2.1875 -72.0 0.030679615757712823 9 
0008 0015 1666510702638602 4.0625 -63.5 5.822991070813893 9 
0008 0010 1666510702639466 0.0 -67.5 1.6996507129772904 9 
0008 0012 1666510702640869 -82.1875 -67.0 5.522330836388308 9 
0008 0009 1666510702644987 -87.0625 -68.0 1.9880391010997909 9 
0008 0004 1666510702646168 -126.125 -64.0 5.522330836388308 9 
0008 0002 1666510702647589 -65.0625 -66.0 4.908738521234052 9 
0008 0008 1666510702650006 264.4375 -74.5 0.8099418560036186 9 
0008 0013 1666510702650904 286.4375 -69.5 6.050020227420969 9 
0008 0002 1666510702745997 65.0625 -71.5 6.105243535784852 9 
0008 0010 1666510702748965 -82.1875 -66.5 4.264466590322082 9 
0008 0012 1666510702749894 48.0 -66.0 6.050020227420969 9 
0008 0015 1666510702751036 30.0625 -63.0 4.933282213840222 9 
0008 0005 1666510702752447 -139.125 -65.5 4.28287435977671 9 
0008 0011 1666510702753868 -13.0 -68.5 0.4172427743048944 9 
0008 0004 1666510702754783 39.0 -66.0 1.8653206380689396 9 
0008 0012 1666510702856021 65.0625 -65.0 1.1780972450961724 9 
0008 0004 1666510702857457 -69.125 -61.5 4.970097752749477 9 
0008 0010 1666510702859079 108.1875 -67.0 0.01227184630308513 9 
0008 0002 1666510702860657 354.75 -72.0 4.473087977474529 9 
0008 0005 1666510702862020 -65.0625 -64.5 5.565282298449106 9 
0008 0015 1666510702862886 0.0 -62.0 5.9518454569962875 9 
0008 0011 1666510702882356 9.0 -72.5 5.994796919057086 9 
0008 0013 1666510702962525 -4.0625 -70.5 4.626486056263094 9 
0008 0005 1666510702963425 43.125 -69.0 0.8713010875190442 9 
0008 0012 1666510702964584 -178.1875 -68.5 4.270602513473625 9 
0008 0004 1666510702967342 -30.0625 -60.0 1.012427320004523 9 
0008 0010 1666510702969330 -34.9375 -64.0 2.8102528034064944 9 
0008 0001 1666510702970912 34.9375 -69.0 1.4358060174609601 9 
0008 0015 1666510702971842 39.0 -64.0 0.11658253987930872 9 
0008 0002 1666510702973366 217.25 -68.5 6.160466844148735 9 
0008 0009 1666510703091204 0.1875 -73.5 5.111223985234957 9 
0008 0010 1666510703097790 -48.0 -61.0 5.375068680751287 9 
0008 0004 1666510703101636 -43.125 -63.0 3.3440781175906977 9 
0008 0015 1666510703106661 -48.0 -63.5 0.6933593161243098 9 
0008 0013 1666510703110017 169.25 -71.5 0.006135923151542565 9 
0008 0005 1666510703121949 5.25 -71.0 1.2455923997631406 9 
0008 0001 1666510703130364 -18.75 -73.0 1.0737865515199487 9 
0008 0009 1666510703224241 3.8125 -73.5 6.043884304269426 9 
0008 0009 1666510703237854 0.4375 -73.5 6.19728238305799 9 
0008 0005 1666510703246341 -17.0625 -65.5 6.2034183062095325 9 
0008 0004 1666510703249341 65.0625 -65.5 4.792155981354743 9 
0008 0010 1666510703251776 52.0625 -62.0 0.705631162427395 9 
0008 0015 1666510703252958 -173.3125 -66.5 0.9019807032767571 9 
0008 0014 1666510703254381 -121.25 -67.5 2.791845033951867 9 
0008 0013 1666510703306680 -4.875 -73.0 0.7424467013366504 9 
0008 0009 1666510703312583 2.875 -71.5 0.12885438618239387 9 
0008 0011 1666510703317241 -0.75 -72.0 2.2948352586769194 9 
0008 0002 1666510703349245 5.0625 -77.5 0.23930100291016002 9 
0008 0011 1666510703378098 126.125 -68.5 0.2761165418194154 9 
0008 0015 1666510703379009 -17.0625 -69.5 1.2087768608538851 9 
0008 0009 1666510703380407 -100.0625 -66.5 1.4480778637640452 9 
0008 0004 1666510703381573 -13.0 -69.5 6.056156150572511 9 
0008 0005 1666510703385329 21.9375 -64.5 1.1903690913992575 9 
0008 0014 1666510703394032 15.0 -71.5 0.5706408530934585 9 
0008 0002 1666510703406383 -20.75 -74.0 1.030835089459151 9 
0008 0004 1666510703493925 87.0625 -67.0 0.8099418560036186 9 
0008 0009 1666510703496658 -52.0625 -68.0 3.2459033471660166 9 
0008 0011 1666510703497883 -100.0625 -69.5 2.0923497946760143 9 
0008 0015 1666510703499298 -100.0625 -68.0 2.116893487282185 9 
0008 0014 1666510703500210 39.0 -63.5 1.4480778637640452 9 
0008 0005 1666510703501404 91.125 -65.5 1.9389517158874505 9 
0008 0002 1666510703504183 121.25 -70.0 1.8223691760081417 9 
0008 0009 1666510703600686 -26.0 -68.5 3.9269908169872414 9 
0008 0004 1666510703602692 26.0 -62.0 2.0064468705544187 9 
0008 0014 1666510703604372 8.9375 -57.5 2.2150682577068657 9 
0008 0011 1666510703605288 303.5 -70.0 2.3439226438892597 9 
0008 0002 1666510703606736 -56.125 -70.0 2.5954954931025047 9 
0008 0010 1666510703608599 -199.375 -69.0 4.743068596142402 9 
0008 0005 1666510703609541 -43.125 -66.5 2.8532042654672924 9 
0008 0012 1666510703659503 -8.0625 -76.0 1.2701360923693108 9 
0008 0010 1666510703713368 -39.0 -60.0 5.706408530934585 9 
0008 0002 1666510703715995 -17.0625 -69.5 3.117048960983623 9 
0008 0014 1666510703716908 4.0625 -56.5 1.945087639038993 9 
0008 0012 1666510703718590 34.9375 -67.0 3.724505352986337 9 
0008 0004 1666510703721471 48.0 -61.5 2.9759227284981438 9 
0008 0009 1666510703780289 2.875 -73.0 0.2699806186678728 9 
0008 0004 1666510703831125 -39.0 -61.5 4.546719055293041 9 
0008 0012 1666510703834517 -21.9375 -62.5 3.988350048502667 9 
0008 0010 1666510703835797 -26.0 -57.0 1.239456476611598 9 
0008 0002 1666510703836664 42.3125 -73.0 4.3933209765044765 9 
0008 0014 1666510703837586 0.0 -58.0 1.6505633277649499 9 
0008 0009 1666510703858693 -3.1875 -71.5 1.4910293258248433 9 
0008 0010 1666510703938055 13.0 -57.5 3.074097498922825 9 
0008 0012 1666510703938970 -13.0 -60.5 5.00077736850719 9 
0008 0005 1666510703940961 4.0625 -64.5 2.6016314162540475 9 
0008 0014 1666510703942495 -8.9375 -59.0 2.552544031041707 9 
0008 0004 1666510703943434 0.0 -64.5 0.1595340019401067 9 
0008 0012 1666510704043863 61.0 -59.5 0.1227184630308513 9 
0008 0010 1666510704045655 -43.125 -58.0 5.098952138931871 9 
0008 0004 1666510704046585 -178.1875 -65.5 2.779573187648782 9 
0008 0014 1666510704048681 0.0 -60.0 2.8838838812250054 9 
0008 0005 1666510704049597 -8.9375 -66.0 5.019185137961818 9 
0008 0015 1666510704060683 -17.4375 -70.5 0.10124273200045232 9 
0008 0012 1666510704150037 21.9375 -59.5 0.8651651643675016 9 
0008 0014 1666510704151222 -48.0 -62.5 3.0066023442558567 9 
0008 0015 1666510704153511 -52.0625 -61.0 1.4051264017032472 9 
0008 0010 1666510704154394 43.125 -59.5 0.2699806186678728 9 
0008 0005 1666510704155590 34.9375 -62.5 1.055378782065321 9 
0008 0004 1666510704156544 -4.0625 -65.5 4.466952054322987 9 
0008 0008 1666510704159879 -165.1875 -72.0 2.9636508821950587 9 
0008 0011 1666510704211220 -4.0625 -73.0 5.602097837358362 9 
0008 0002 1666510704218609 -5.9375 -77.0 3.9638063558964967 9 
0008 0012 1666510704271750 -26.0 -60.5 1.761009944492716 9 
0008 0005 1666510704273528 13.0 -64.0 2.325514874434632 9 
0008 0014 1666510704274428 34.9375 -61.0 3.147728576741336 9 
0008 0008 1666510704275773 0.0 -70.5 4.086524818927348 9 
0008 0010 1666510704276986 34.9375 -59.5 1.4726215563702154 9 
0008 0015 1666510704277886 26.0 -57.5 2.3746022596469727 9 
0008 0004 1666510704279990 104.125 -65.0 5.755495916146925 9 
0008 0011 1666510704282660 108.1875 -69.0 0.32520392703175593 9 
0008 0002 1666510704285140 39.0 -72.5 1.4971652489763858 9 
0008 0012 1666510704383176 108.1875 -69.5 2.36846633649543 9 
0008 0008 1666510704384554 -121.25 -69.5 5.491651220630596 9 
0008 0011 1666510704385439 251.4375 -69.5 0.4479223900626072 9 
0008 0014 1666510704386337 -34.9375 -63.5 3.2397674240144743 9 
0008 0004 1666510704387717 4.0625 -65.0 0.8344855486097889 9 
0008 0005 1666510704389414 52.0625 -70.0 3.436116964863836 9 
0008 0010 1666510704390551 34.9375 -61.5 2.945243112740431 9 
0008 0002 1666510704392340 -173.3125 -72.5 2.675262494072558 9 
0008 0009 1666510704424260 -9.0 -71.0 0.23316507975861744 9 
0008 0014 1666510704500787 -147.25 -70.5 3.436116964863836 9 
0008 0011 1666510704501725 -8.9375 -71.5 2.4175537217077703 9 
0008 0009 1666510704502896 -21.9375 -71.5 5.240078371417351 9 
0008 0008 1666510704504059 0.0 -69.0 6.270913460876501 9 
0008 0010 1666510704505413 204.25 -69.5 4.473087977474529 9 
0008 0012 1666510704507092 39.0 -64.5 3.11091303783208 9 
0008 0004 1666510704508248 -61.0 -65.0 2.386874105950058 9 
0008 0002 1666510704566084 -4.0625 -76.5 1.5033011721279284 9 
0008 0005 1666510704588131 2.4375 -73.0 0.5092816215780329 9 
0008 0004 1666510704647387 -69.125 -64.5 3.479068426924634 9 
0008 0009 1666510704648527 -74.0 -70.5 1.4603497100671303 9 
0008 0014 1666510704652002 100.0625 -69.0 1.1780972450961724 9 
0008 0001 1666510704654129 82.1875 -71.0 0.5460971604872883 9 
0008 0011 1666510704655013 26.0 -67.5 4.2031073588066565 9 
0008 0008 1666510704656403 -4.0625 -69.0 1.5401167110371838 9 
0008 0005 1666510704657519 34.9375 -67.5 1.4173982480063325 9 
0008 0012 1666510704658505 -43.125 -68.5 2.9820586516496865 9 
0008 0009 1666510704682124 11.4375 -72.0 4.816699673960914 9 
0008 0010 1666510704705211 0.0 -71.5 0.1043106935762236 9 
0008 0002 1666510704710710 -7.3125 -78.0 0.5829126993965437 9 
0008 0015 1666510704714505 6.0625 -72.5 5.313709449235861 9 
0008 0005 1666510704775339 30.0625 -64.0 2.2764274892222915 9 
0008 0010 1666510704776732 -13.0 -64.0 0.3865631585471816 9 
0008 0008 1666510704777619 247.375 -70.5 3.031146036862027 9 
0008 0011 1666510704778744 139.125 -67.5 5.66959299202533 9 
0008 0015 1666510704779869 13.0 -63.5 5.062136600022616 9 
0008 0004 1666510704782567 -21.9375 -66.0 4.104932588381976 9 
0008 0014 1666510704784691 -65.0625 -68.5 0.7915340865489908 9 
0008 0002 1666510704789381 -43.125 -70.0 1.8407769454627694 9 
0008 0002 1666510704886807 -48.0 -67.0 3.031146036862027 9 
0008 0015 1666510704887730 0.0 -60.0 4.565126824747668 9 
0008 0005 1666510704889129 39.0 -64.5 3.2704470397721868 9 
0008 0010 1666510704892378 74.0 -64.0 1.718058482431918 9 
0008 0004 1666510704894836 30.0625 -68.5 5.448699758569798 9 
0008 0013 1666510704895777 -34.9375 -66.5 0.44178646691106466 9 
0008 0011 1666510704897113 -17.0625 -66.5 1.9512235621905356 9 
0008 0008 1666510704898054 -52.0625 -69.0 5.062136600022616 9 
0008 0001 1666510704982519 -2.875 -74.5 5.884350302329319 9 
0008 0015 1666510705001833 30.0625 -59.0 4.632621979414636 9 
0008 0002 1666510705002729 -52.0625 -64.5 4.473087977474529 9 
0008 0008 1666510705004389 -82.1875 -70.5 0.662679700366597 9 
0008 0013 1666510705005571 -30.0625 -61.5 1.2210487071569704 9 
0008 0010 1666510705006496 8.9375 -65.5 4.025165587411922 9 
0008 0001 1666510705007410 -34.9375 -69.5 0.23316507975861744 9 
0008 0011 1666510705012577 -34.9375 -63.0 4.09266074207889 9 
0008 0011 1666510705109929 -61.0 -60.5 5.921165841238575 9 
0008 0001 1666510705111141 139.125 -68.0 2.0800779483729293 9 
0008 0002 1666510705113626 -4.0625 -69.0 0.28838838812250056 9 
0008 0013 1666510705114778 8.9375 -59.5 2.6998061866787286 9 
0008 0015 1666510705115949 13.0 -59.5 5.332117218690489 9 
0008 0010 1666510705117824 -61.0 -67.5 6.111379458936394 9 
0008 0008 1666510705122689 -78.0625 -70.5 3.2090878082567613 9 
0008 0001 1666510705218494 -82.1875 -69.0 4.6448938257177215 9 
0008 0015 1666510705220216 8.9375 -61.0 5.424156065963627 9 
0008 0002 1666510705221581 -87.0625 -67.5 3.2643111166206444 9 
0008 0011 1666510705222536 -43.125 -59.5 1.4358060174609601 9 
0008 0004 1666510705223477 -4.0625 -70.5 3.3195344249845276 9 
0008 0013 1666510705224645 -39.0 -60.5 3.9576704327449543 9 
0008 0005 1666510705225786 -108.1875 -66.5 5.460971604872882 9 
0008 0008 1666510705226952 -134.25 -71.5 5.608233760509904 9 
0008 0010 1666510705228585 65.0625 -66.0 2.3746022596469727 9 
0008 0009 1666510705249646 12.9375 -73.5 0.04295146206079795 9 
0008 0009 1666510705337286 104.125 -70.5 0.8835729338221293 9 
0008 0005 1666510705338949 -61.0 -67.5 0.6504078540635119 9 
0008 0010 1666510705340355 -74.0 -63.5 5.767767762450011 9 
0008 0015 1666510705341254 8.9375 -60.0 5.970253226450915 9 
0008 0008 1666510705344421 39.0 -70.0 0.7915340865489908 9 
0008 0002 1666510705345956 -39.0 -66.0 5.270757987175063 9 
0008 0004 1666510705347309 156.1875 -69.0 5.270757987175063 9 
0008 0013 1666510705348263 -52.0625 -62.0 6.050020227420969 9 
0008 0011 1666510705349686 -52.0625 -58.5 4.172427743048944 9 
0008 0001 1666510705369214 18.75 -72.5 4.448544284868359 9 
0008 0014 1666510705452127 1.5 -64.5 0.14112623248547898 9 
0008 0002 1666510705458571 -8.9375 -67.0 0.07363107781851078 9 
0008 0004 1666510705460762 -30.0625 -68.5 0.0674951546669682 9 
0008 0005 1666510705462440 -52.0625 -67.0 2.9636508821950587 9 
0008 0001 1666510705463294 -74.0 -70.5 2.988194574801229 9 
0008 0008 1666510705464218 26.0 -71.5 2.3439226438892597 9 
0008 0009 1666510705465586 95.1875 -67.5 1.748738098189631 9 
0008 0011 1666510705466794 -30.0625 -59.0 5.6573211457222445 9 
0008 0010 1666510705468826 17.0625 -59.5 2.7550294950426117 9 
0008 0013 1666510705470047 43.125 -70.5 0.6994952392758523 9 
0008 0015 1666510705471214 -4.0625 -61.5 6.2463697682703305 9 
0008 0014 1666510705472414 30.0625 -61.0 0.4356505437595221 9 
0008 0011 1666510705570543 4.0625 -59.0 0.9387962421860124 9 
0008 0013 1666510705571501 -139.125 -64.5 2.6139032625571326 9 
0008 0002 1666510705573740 -17.0625 -66.0 1.4971652489763858 9 
0008 0004 1666510705574883 -52.0625 -64.5 1.6812429435226628 9 
0008 0010 1666510705576236 -243.3125 -68.0 3.9085830475326135 9 
0008 0005 1666510705577118 -26.0 -63.0 4.8351074434155406 9 
0008 0001 1666510705578265 0.0 -68.0 4.454680208019902 9 
0008 0014 1666510705579694 87.0625 -66.0 2.6139032625571326 9 
0008 0009 1666510705580851 26.0 -64.5 2.9391071895888885 9 
0008 0015 1666510705582601 30.0625 -66.5 0.4356505437595221 9 
0008 0008 1666510705588403 -143.1875 -72.5 4.123340357836604 9 
0008 0002 1666510705684397 -56.9375 -67.5 2.9820586516496865 9 
0008 0010 1666510705686586 -65.0625 -67.0 4.706253057233147 9 
0008 0015 1666510705688094 13.0 -66.5 0.6320000846088841 9 
0008 0004 1666510705689234 -13.0 -61.5 2.8716120349219203 9 
0008 0013 1666510705690133 134.25 -66.0 2.730485802436441 9 
0008 0005 1666510705691059 -87.0625 -61.5 5.816855147662351 9 
0008 0009 1666510705691973 -13.0 -64.5 4.822835597112456 9 
0008 0011 1666510705693127 -34.9375 -60.5 1.7855536370988863 9 
0008 0008 1666510705694408 -169.25 -72.0 5.577554144752192 9 
0008 0014 1666510705695997 21.9375 -64.5 5.743224069843841 9 
0008 0001 1666510705696896 -26.0 -67.5 5.712544454086128 9 
0008 0013 1666510705794607 273.375 -66.0 4.847379289718626 9 
0008 0011 1666510705795502 43.125 -61.0 2.8409324191642074 9 
0008 0002 1666510705796371 -121.25 -69.0 4.798291904506286 9 
0008 0010 1666510705797548 -26.0 -57.0 0.2270291566070749 9 
0008 0015 1666510705798931 -61.0 -69.0 1.2640001692177683 9 
0008 0014 1666510705800112 -21.9375 -54.5 3.988350048502667 9 
0008 0001 1666510705801006 0.0 -68.0 0.6013204688511713 9 
0008 0004 1666510705802831 8.9375 -60.5 4.252194744018997 9 
0008 0005 1666510705804358 -61.0 -61.5 0.11044661672776616 9 
0008 0009 1666510705808529 4.0625 -69.5 0.15339807878856412 9 
0008 0012 1666510705809518 321.4375 -71.0 2.1537090261914402 9 
0008 0008 1666510705812609 -178.1875 -73.0 0.7915340865489908 9 
0008 0009 1666510705908550 -104.125 -69.0 1.88986433067511 9 
0008 0013 1666510705909689 52.0625 -64.0 5.264622064023521 9 
0008 0005 1666510705911517 -69.125 -62.5 1.3130875544301088 9 
0008 0014 1666510705912685 -17.0625 -52.5 3.792000507653305 9 
0008 0004 1666510705914289 21.9375 -59.5 6.080699843178682 9 
0008 0001 1666510705917574 -30.0625 -67.5 2.12916533358527 9 
0008 0015 1666510705918979 -69.125 -67.0 0.9326603190344698 9 
0008 0012 1666510705920162 8.9375 -59.0 2.1782527187976104 9 
0008 0008 1666510705921203 82.1875 -72.5 1.7732817907958012 9 
0008 0002 1666510705923205 -104.125 -65.5 0.7301748550335652 9 
0008 0010 1666510705924070 21.9375 -57.5 2.423689644859313 9 
0008 0011 1666510705924968 -21.9375 -58.5 4.190835512503572 9 
0008 0013 1666510706022753 117.125 -70.0 1.0615147052168636 9 
0008 0002 1666510706023633 -26.0 -65.0 2.055534255766759 9 
0008 0001 1666510706024800 48.0 -66.5 3.7551849687440497 9 
0008 0010 1666510706025694 -17.0625 -58.5 3.472932503773092 9 
0008 0014 1666510706028502 4.0625 -52.5 3.9638063558964967 9 
0008 0005 1666510706029371 -4.0625 -66.5 3.442252888015379 9 
0008 0004 1666510706030541 48.0 -57.5 1.662835174068035 9 
0008 0012 1666510706031525 8.9375 -60.5 2.8961557275280905 9 
0008 0011 1666510706036198 -26.0 -63.5 4.804427827657828 9 
0008 0008 1666510706061638 13.875 -76.0 4.792155981354743 9 
0008 0009 1666510706067595 2.4375 -70.5 4.577398671050753 9 
0008 0001 1666510706144083 -78.0625 -66.0 5.902758071783947 9 
0008 0005 1666510706147111 65.0625 -63.5 6.037748381117884 9 
0008 0013 1666510706148380 52.0625 -61.5 3.6017868899554855 9 
0008 0010 1666510706149332 26.0 -59.0 6.129787228391022 9 
0008 0014 1666510706150539 -21.9375 -54.5 4.571262747899211 9 
0008 0004 1666510706151467 -4.0625 -57.5 3.6570101983193686 9 
0008 0002 1666510706152607 43.125 -68.0 4.23378697456437 9 
0008 0011 1666510706155476 69.125 -68.5 6.277049384028044 9 
0008 0012 1666510706156392 78.0625 -65.5 5.135767677841127 9 
0008 0009 1666510706157550 -26.0 -67.0 5.921165841238575 9 
0008 0008 1666510706177809 -7.6875 -74.5 4.285942321352481 9 
0008 0009 1666510706266624 -26.0 -69.0 0.5829126993965437 9 
0008 0004 1666510706268259 -34.9375 -56.0 5.123495831538041 9 
0008 0010 1666510706269181 -17.0625 -54.5 1.4296700943094176 9 
0008 0011 1666510706270361 -74.0 -64.5 2.5280003384355365 9 
0008 0005 1666510706271260 -87.0625 -66.0 1.9144080232812801 9 
0008 0014 1666510706272640 4.0625 -57.5 4.442408361716817 9 
0008 0001 1666510706273527 -225.375 -68.5 2.2027964114037806 9 
0008 0015 1666510706275548 -221.3125 -68.0 5.841398840268521 9 
0008 0002 1666510706276470 17.0625 -68.5 0.521553467881118 9 
0008 0012 1666510706277626 -8.9375 -67.0 0.36815538909255385 9 
0008 0008 1666510706282057 338.5 -71.5 3.2029518851052186 9 
0008 0005 1666510706377594 -95.1875 -66.5 3.4177091954092087 9 
0008 0010 1666510706380562 13.0 -53.5 2.6016314162540475 9 
0008 0004 1666510706381829 -4.0625 -56.5 0.3374757733348411 9 
0008 0011 1666510706382758 -34.9375 -62.0 4.865787059173254 9 
0008 0008 1666510706383894 -91.125 -70.5 5.037592907416445 9 
0008 0014 1666510706385004 4.0625 -56.5 4.405592822807561 9 
0008 0009 1666510706385906 17.0625 -70.5 1.8653206380689396 9 
0008 0015 1666510706386852 126.125 -66.0 4.430136515413731 9 
0008 0012 1666510706389040 43.125 -61.5 1.7303303287350031 9 
0008 0001 1666510706390036 34.9375 -68.0 3.7551849687440497 9 
0008 0002 1666510706391046 -85.4375 -68.5 2.4175537217077703 9 
0008 0008 1666510706487454 160.3125 -69.5 5.816855147662351 9 
0008 0004 1666510706488621 30.0625 -58.0 1.4910293258248433 9 
0008 0001 1666510706489759 -39.0 -68.0 5.2339424482658075 9 
0008 0011 1666510706490688 -134.25 -68.5 0.6135923151542565 9 
0008 0002 1666510706491995 -104.125 -68.0 3.8717675086233583 9 
0008 0010 1666510706494093 8.9375 -54.5 4.031301510563465 9 
0008 0005 1666510706495007 61.0 -65.0 4.405592822807561 9 
0008 0012 1666510706495937 43.125 -61.5 2.6139032625571326 9 
0008 0015 1666510706497815 -130.1875 -70.0 5.5714182216006485 9 
0008 0009 1666510706499705 8.9375 -69.0 2.8654761117703775 9 
0008 0014 1666510706500646 -21.9375 -57.5 4.779884135051658 9 
