0008 0011 1666510745707669 13.0 -64.5 4.865787059173254 9 
0008 0013 1666510745709633 13.0 -65.5 0.5583690067903734 9 
0008 0005 1666510745732134 5.625 -72.0 5.884350302329319 9 
0008 0004 1666510745762591 13.875 -73.5 3.5158839658338894 9 
0008 0011 1666510745812825 78.0625 -65.5 5.6941366846315 9 
0008 0014 1666510745815896 56.125 -60.5 0.3374757733348411 9 
0008 0004 1666510745818170 -39.0 -67.0 1.055378782065321 9 
0008 0009 1666510745819114 91.125 -67.0 1.564660403643354 9 
0008 0013 1666510745821255 147.25 -69.0 1.552388557340269 9 
0008 0005 1666510745822168 30.0625 -69.0 0.4172427743048944 9 
0008 0014 1666510745919625 30.0625 -58.5 2.7120780329818137 9 
0008 0013 1666510745920510 39.0 -68.5 1.5278448647340985 9 
0008 0005 1666510745925010 152.125 -67.0 1.3621749396424494 9 
0008 0011 1666510745925922 134.25 -64.0 0.28225246497095796 9 
0008 0004 1666510745926851 -52.0625 -66.5 1.761009944492716 9 
0008 0010 1666510745934385 50.0 -70.5 4.396388938080247 9 
0008 0002 1666510745952121 6.5 -74.5 5.45483568172134 9 
0008 0001 1666510746017245 -2.625 -72.0 6.129787228391022 9 
0008 0009 1666510746030045 6.125 -74.0 1.6321555583103222 9 
0008 0013 1666510746039378 4.0625 -68.5 1.607611865704152 9 
0008 0011 1666510746040857 0.0 -64.5 0.9203884727313847 9 
0008 0014 1666510746043867 8.9375 -57.0 3.3318062712876126 9 
0008 0005 1666510746045647 -100.0625 -67.0 3.018874190558942 9 
0008 0002 1666510746046797 152.125 -68.0 3.411573272257666 9 
0008 0012 1666510746048984 43.125 -69.5 3.56497135104623 9 
0008 0001 1666510746051041 78.0625 -69.0 3.141592653589793 9 
0008 0008 1666510746058180 225.375 -74.5 4.614214209960009 9 
0008 0004 1666510746122698 1.0625 -73.0 5.522330836388308 9 
0008 0010 1666510746147110 -1.125 -73.0 6.117515382087937 9 
0008 0013 1666510746168418 -173.3125 -70.0 1.282407938672396 9 
0008 0014 1666510746169864 17.0625 -59.0 3.706097583531709 9 
0008 0004 1666510746171019 61.0 -68.0 0.2270291566070749 9 
0008 0005 1666510746172911 -69.125 -65.0 4.865787059173254 9 
0008 0012 1666510746175908 -30.0625 -66.0 4.04357335686655 9 
0008 0010 1666510746177188 108.1875 -70.0 3.3072625786814425 9 
0008 0002 1666510746178652 -121.25 -64.5 5.252350217720435 9 
0008 0001 1666510746179803 78.0625 -70.0 4.454680208019902 9 
0008 0008 1666510746184628 13.0 -72.0 0.803805932852076 9 
0008 0012 1666510746280824 -43.125 -63.0 5.6143696836614465 9 
0008 0010 1666510746283639 -147.25 -66.5 5.595961914206819 9 
0008 0014 1666510746285228 13.0 -62.0 3.933126740138784 9 
0008 0002 1666510746286138 34.9375 -67.0 0.23316507975861744 9 
0008 0004 1666510746287324 -139.125 -69.0 2.386874105950058 9 
0008 0008 1666510746291052 74.0 -73.0 3.074097498922825 9 
0008 0015 1666510746296533 -20.75 -71.5 0.303728196001357 9 
0008 0001 1666510746347306 6.0625 -73.0 4.878058905476339 9 
0008 0002 1666510746433526 48.0 -69.5 2.2886993355253766 9 
0008 0010 1666510746436235 65.0625 -63.5 2.055534255766759 9 
0008 0012 1666510746437164 -21.9375 -65.5 0.5706408530934585 9 
0008 0008 1666510746438358 -13.0 -72.5 5.375068680751287 9 
0008 0014 1666510746442148 -13.0 -66.0 3.8533597391687304 9 
0008 0004 1666510746451813 21.5625 -70.0 5.8475347634200645 9 
0008 0015 1666510746496673 3.625 -70.0 1.2026409377023426 9 
0008 0004 1666510746546080 -87.0625 -63.5 1.1903690913992575 9 
0008 0015 1666510746548558 -52.0625 -62.0 2.5832236467994196 9 
0008 0010 1666510746550344 21.9375 -61.5 3.08636934522591 9 
0008 0005 1666510746552364 -143.1875 -69.0 1.6566992509164924 9 
0008 0002 1666510746553257 -26.0 -71.5 3.8410878928656453 9 
0008 0014 1666510746554316 113.0625 -66.0 4.025165587411922 9 
0008 0012 1666510746555258 -74.0 -67.0 2.521864415283994 9 
0008 0008 1666510746577442 18.75 -76.5 0.8528933180644165 9 
0008 0005 1666510746658960 -26.0 -69.0 2.411417798556228 9 
0008 0010 1666510746660113 34.9375 -63.5 4.632621979414636 9 
0008 0004 1666510746661507 -4.0625 -60.5 2.086213871524472 9 
0008 0014 1666510746662902 8.9375 -64.5 4.3933209765044765 9 
0008 0012 1666510746664318 -108.1875 -68.5 2.9022916506796332 9 
0008 0015 1666510746667115 -82.1875 -69.5 1.9144080232812801 9 
0008 0014 1666510746768025 17.0625 -64.5 4.166291819897402 9 
0008 0005 1666510746769168 108.1875 -69.0 3.2949907323783574 9 
0008 0004 1666510746771129 52.0625 -60.0 2.8286605728611223 9 
0008 0010 1666510746772659 -8.9375 -63.0 5.663457068873787 9 
0008 0015 1666510746794094 2.4375 -70.5 1.1535535524900022 9 
0008 0005 1666510746872028 -34.9375 -69.5 4.620350133111551 9 
0008 0004 1666510746874033 -4.0625 -60.5 3.810408277107933 9 
0008 0010 1666510746875173 -48.0 -62.5 0.1902136176978195 9 
0008 0015 1666510746878145 -65.0625 -65.5 2.2212041808584084 9 
0008 0014 1666510746880265 -39.0 -67.0 3.6201946594101133 9 
0008 0010 1666510746977239 -21.9375 -62.0 0.9019807032767571 9 
0008 0002 1666510746980360 -113.0625 -70.0 5.013049214810275 9 
0008 0014 1666510746981673 143.1875 -66.5 2.748893571891069 9 
0008 0004 1666510746982594 0.0 -61.0 4.724660826687775 9 
0008 0012 1666510746983854 -87.0625 -69.5 5.418020142812084 9 
0008 0005 1666510746984752 48.0 -68.0 6.117515382087937 9 
0008 0009 1666510746999313 -8.0625 -72.0 1.6444274046134073 9 
0008 0008 1666510747065880 0.4375 -77.0 4.28287435977671 9 
0008 0015 1666510747086530 -2.6875 -70.5 0.42337869745643697 9 
0008 0002 1666510747094052 95.1875 -67.0 5.737088146692298 9 
0008 0014 1666510747095577 -52.0625 -70.5 2.9022916506796332 9 
0008 0004 1666510747096955 -8.9375 -61.5 6.043884304269426 9 
0008 0009 1666510747098083 -87.0625 -69.5 2.6998061866787286 9 
0008 0005 1666510747100181 30.0625 -66.5 1.6566992509164924 9 
0008 0012 1666510747101565 -121.25 -68.5 0.3190680038802134 9 
0008 0010 1666510747102717 -108.1875 -63.0 1.9205439464328227 9 
0008 0015 1666510747103631 87.0625 -67.5 0.0674951546669682 9 
0008 0008 1666510747135377 -6.5 -76.0 2.1353012567368124 9 
0008 0009 1666510747208990 126.125 -71.0 4.154019973594316 9 
0008 0015 1666510747210046 34.9375 -62.0 5.798447378207723 9 
0008 0010 1666510747211666 -39.0 -65.0 3.988350048502667 9 
0008 0005 1666510747215805 -39.0 -64.5 3.380893656499953 9 
0008 0004 1666510747216746 -69.125 -62.5 1.8530487917658545 9 
0008 0002 1666510747217700 104.125 -66.0 0.607456392002714 9 
0008 0012 1666510747218700 26.0 -68.0 1.2455923997631406 9 
0008 0013 1666510747357015 3.3125 -72.5 4.755340442445488 9 
0008 0010 1666510747374627 -61.0 -64.5 0.9142525495798421 9 
0008 0004 1666510747377472 -65.0625 -60.0 5.896622148632405 9 
0008 0015 1666510747379480 52.0625 -62.0 0.3620194659410113 9 
0008 0005 1666510747380418 -8.9375 -66.5 0.0 9 
0008 0012 1666510747381676 34.9375 -67.5 3.6876898140770815 9 
0008 0013 1666510747382702 -78.0625 -68.5 5.399612373357457 9 
0008 0013 1666510747478360 -82.1875 -66.0 6.013204688511713 9 
0008 0002 1666510747480125 -169.25 -70.5 1.4848934026733007 9 
0008 0010 1666510747482978 -34.9375 -62.0 3.5465635815916023 9 
0008 0004 1666510747483933 21.9375 -59.5 1.6321555583103222 9 
0008 0015 1666510747484848 13.0 -63.5 0.6442719309119693 9 
0008 0001 1666510747486948 30.0625 -68.5 2.3746022596469727 9 
0008 0005 1666510747489084 204.25 -67.0 2.2212041808584084 9 
0008 0009 1666510747511900 -2.4375 -72.0 5.184855063053467 9 
0008 0014 1666510747528958 -2.4375 -72.5 6.111379458936394 9 
0008 0010 1666510747591493 -43.125 -61.0 5.829126993965437 9 
0008 0013 1666510747592658 26.0 -66.5 0.8713010875190442 9 
0008 0004 1666510747593812 -87.0625 -60.5 3.184544115650591 9 
0008 0009 1666510747594980 13.0 -68.0 5.988660995905543 9 
0008 0014 1666510747604622 -61.0 -69.0 0.04295146206079795 9 
0008 0005 1666510747605986 8.9375 -66.5 4.9823695990525625 9 
0008 0002 1666510747609310 126.125 -71.0 2.1905245651006955 9 
0008 0015 1666510747611628 48.0 -64.5 1.0737865515199487 9 
0008 0010 1666510747709814 21.9375 -62.5 1.902136176978195 9 
0008 0005 1666510747711790 -95.1875 -65.5 0.35588354278946877 9 
0008 0015 1666510747713355 4.0625 -66.0 1.1535535524900022 9 
0008 0004 1666510747714317 -390.5625 -63.5 4.853515212870168 9 
0008 0014 1666510747715256 -21.9375 -62.0 2.478912953223196 9 
0008 0009 1666510747716514 -48.0 -65.5 0.5338253141842031 9 
0008 0013 1666510747739164 10.5 -73.0 0.46019423636569234 9 
0008 0011 1666510747772365 -4.0625 -73.0 5.589825991055276 9 
0008 0009 1666510747830127 134.25 -66.0 1.7855536370988863 9 
0008 0011 1666510747833021 56.125 -69.0 0.6565437772150544 9 
0008 0005 1666510747835615 17.0625 -68.5 2.2089323345553233 9 
0008 0015 1666510747836631 -65.0625 -67.5 2.2027964114037806 9 
0008 0004 1666510747838406 -8.9375 -65.0 6.117515382087937 9 
0008 0014 1666510747839349 17.0625 -63.5 2.9943304979527716 9 
0008 0013 1666510747840433 -52.0625 -70.5 3.2520392703175593 9 
0008 0005 1666510747936752 251.4375 -69.5 3.423845118560751 9 
0008 0001 1666510747938031 82.1875 -71.5 3.6324665057131984 9 
0008 0011 1666510747940293 -186.3125 -71.5 2.1905245651006955 9 
0008 0014 1666510747941206 -39.0 -63.5 0.48473792897186263 9 
0008 0004 1666510747942389 -104.125 -63.5 1.5278448647340985 9 
0008 0009 1666510747943303 13.0 -69.0 4.049709280018092 9 
0008 0001 1666510747952123 15.0 -72.0 0.4878058905476339 9 
0008 0002 1666510747985765 7.3125 -76.0 5.957981380147831 9 
0008 0012 1666510748045896 0.4375 -78.5 4.828971520263998 9 
0008 0009 1666510748058709 -56.125 -68.5 6.056156150572511 9 
0008 0001 1666510748060134 -264.4375 -71.0 4.841243366567084 9 
0008 0014 1666510748061059 -13.0 -58.0 2.36846633649543 9 
0008 0005 1666510748062425 91.125 -66.0 5.313709449235861 9 
0008 0010 1666510748064043 -87.0625 -61.5 0.39269908169872414 9 
0008 0004 1666510748069565 17.0625 -62.5 2.859340188618835 9 
0008 0012 1666510748078156 -160.3125 -72.0 4.988505522204105 9 
0008 0002 1666510748083040 -14.625 -71.5 4.04357335686655 9 
0008 0009 1666510748179485 121.25 -68.0 0.8099418560036186 9 
0008 0012 1666510748182264 52.0625 -68.0 3.5465635815916023 9 
0008 0002 1666510748183302 -95.1875 -72.0 5.154175447295755 9 
0008 0013 1666510748184214 52.0625 -70.0 0.3620194659410113 9 
0008 0004 1666510748185365 69.125 -62.0 4.7860200582032 9 
0008 0014 1666510748187412 26.0 -57.0 2.761165418194154 9 
0008 0010 1666510748188562 4.0625 -57.5 2.1046216409791 9 
0008 0005 1666510748189846 -61.0 -63.5 0.8160777791551611 9 
0008 0014 1666510748285936 4.0625 -58.5 2.9329712664373457 9 
0008 0005 1666510748287602 -30.0625 -67.5 2.5280003384355365 9 
0008 0010 1666510748290100 21.9375 -57.0 4.1417481272912315 9 
0008 0004 1666510748291914 -48.0 -64.0 0.8344855486097889 9 
0008 0012 1666510748293719 0.0 -63.5 3.9576704327449543 9 
0008 0013 1666510748294693 -147.25 -69.0 1.7119225592803755 9 
0008 0002 1666510748316170 -19.5 -76.5 0.46019423636569234 9 
0008 0013 1666510748398768 43.125 -70.0 1.533980787885641 9 
0008 0010 1666510748399649 -8.9375 -59.5 6.191146459906448 9 
0008 0014 1666510748400789 -8.9375 -59.0 3.2397674240144743 9 
0008 0004 1666510748401888 21.9375 -66.0 3.08636934522591 9 
0008 0005 1666510748403283 -17.0625 -63.5 6.1850105367549055 9 
0008 0012 1666510748404920 -17.0625 -59.0 6.270913460876501 9 
0008 0001 1666510748405849 147.25 -70.5 4.71238898038469 9 
0008 0015 1666510748407390 -147.25 -67.0 5.878214379177777 9 
0008 0008 1666510748442098 10.1875 -77.5 5.540738605842936 9 
0008 0015 1666510748513528 4.0625 -63.0 1.282407938672396 9 
0008 0012 1666510748514911 26.0 -60.0 1.2885438618239387 9 
0008 0004 1666510748515795 -30.0625 -65.5 5.798447378207723 9 
0008 0005 1666510748519382 0.0 -62.5 1.4726215563702154 9 
0008 0014 1666510748520755 26.0 -61.5 3.3011266555298997 9 
0008 0010 1666510748522173 4.0625 -58.0 1.4787574795217582 9 
0008 0008 1666510748528676 117.125 -72.0 3.6447383520162835 9 
0008 0005 1666510748623859 143.1875 -67.5 2.8654761117703775 9 
0008 0010 1666510748625249 8.9375 -58.0 2.748893571891069 9 
0008 0012 1666510748626463 78.0625 -64.5 2.9943304979527716 9 
0008 0004 1666510748627406 108.1875 -64.5 1.2026409377023426 9 
0008 0015 1666510748629281 -17.0625 -56.0 2.043262409463674 9 
0008 0014 1666510748633837 13.0 -60.5 3.448388811166921 9 
0008 0008 1666510748635413 -191.1875 -71.0 5.117359908386499 9 
0008 0011 1666510748662950 13.875 -73.5 0.11044661672776616 9 
0008 0002 1666510748671126 -3.1875 -78.0 2.141437179888355 9 
0008 0009 1666510748738589 0.1875 -72.0 1.0062913968529805 9 
0008 0001 1666510748744700 3.9375 -72.5 4.632621979414636 9 
0008 0015 1666510748758978 -74.0 -67.0 1.3928545554001621 9 
0008 0011 1666510748760332 52.0625 -70.0 1.1351457830353744 9 
0008 0001 1666510748761469 -95.1875 -71.0 5.00077736850719 9 
0008 0010 1666510748762337 -39.0 -60.5 4.755340442445488 9 
0008 0008 1666510748764708 -178.1875 -70.5 0.0859029241215959 9 
0008 0004 1666510748768379 69.125 -63.0 2.442097414313941 9 
0008 0014 1666510748769249 4.0625 -62.5 3.718369429834794 9 
0008 0009 1666510748770944 134.25 -70.5 4.276738436625168 9 
0008 0005 1666510748835955 -0.8125 -74.5 0.0674951546669682 9 
0008 0005 1666510748873913 -104.125 -70.5 0.7301748550335652 9 
0008 0011 1666510748877703 26.0 -68.5 2.7120780329818137 9 
0008 0001 1666510748879738 -61.0 -68.0 6.2034183062095325 9 
0008 0010 1666510748880635 -82.1875 -66.0 6.264777537724958 9 
0008 0004 1666510748881904 17.0625 -64.0 3.7429131224409646 9 
0008 0009 1666510748883213 -95.1875 -68.0 1.0983302441261191 9 
0008 0008 1666510748884615 0.0 -68.5 1.380582709097077 9 
0008 0014 1666510748928973 -1.625 -73.0 5.00077736850719 9 
0008 0010 1666510748988956 0.0 -68.0 0.9940195505498954 9 
0008 0011 1666510748991475 -82.1875 -70.5 3.9208548938356986 9 
0008 0009 1666510748993067 82.1875 -66.5 1.7671458676442586 9 
0008 0001 1666510748994601 -61.0 -69.0 0.9326603190344698 9 
0008 0005 1666510748996024 -17.0625 -65.5 1.859184714917397 9 
0008 0004 1666510748997404 -100.0625 -65.5 4.706253057233147 9 
0008 0008 1666510748998658 -117.125 -70.0 2.5832236467994196 9 
0008 0014 1666510748999542 48.0 -70.5 1.5830681730979816 9 
0008 0002 1666510749015625 53.25 -74.0 1.3437671701878218 9 
0008 0013 1666510749075071 -8.1875 -77.5 1.8653206380689396 9 
0008 0010 1666510749107991 52.0625 -64.0 1.6935147898257479 9 
0008 0014 1666510749108988 -87.0625 -70.0 1.4971652489763858 9 
0008 0002 1666510749110578 -26.0 -69.0 2.5954954931025047 9 
0008 0013 1666510749111702 82.1875 -70.5 2.116893487282185 9 
0008 0008 1666510749112627 69.125 -71.0 4.09266074207889 9 
0008 0015 1666510749113777 0.0 -61.5 4.97623367590102 9 
0008 0004 1666510749119330 21.9375 -68.0 5.540738605842936 9 
0008 0005 1666510749121081 30.0625 -65.5 2.7979809571034093 9 
0008 0011 1666510749131526 18.25 -72.0 3.414641233833437 9 
0008 0013 1666510749220883 -13.0 -64.0 1.368310862793992 9 
0008 0008 1666510749224474 -26.0 -70.0 5.681864838328415 9 
0008 0010 1666510749225342 91.125 -67.0 3.472932503773092 9 
0008 0005 1666510749226298 160.3125 -68.5 4.0128937411088375 9 
0008 0011 1666510749227154 69.125 -67.0 2.0800779483729293 9 
0008 0015 1666510749228082 -39.0 -59.5 4.755340442445488 9 
0008 0002 1666510749229603 -74.0 -66.0 3.988350048502667 9 
0008 0013 1666510749327135 21.9375 -60.0 1.8285050991596843 9 
0008 0011 1666510749328048 8.9375 -61.5 4.3503695144436785 9 
0008 0010 1666510749329003 -17.0625 -67.5 4.773748211900116 9 
0008 0002 1666510749330423 -13.0 -65.5 5.203262832508095 9 
0008 0001 1666510749334685 87.0625 -70.5 0.8283496254582462 9 
0008 0015 1666510749337047 -34.9375 -58.5 4.773748211900116 9 
0008 0008 1666510749338469 173.3125 -70.0 1.1965050145508 9 
0008 0005 1666510749437899 2.875 -72.0 0.44178646691106466 9 
0008 0013 1666510749444590 13.0 -60.5 3.2213596545598464 9 
0008 0001 1666510749445532 160.3125 -69.0 2.552544031041707 9 
0008 0005 1666510749446431 -48.0 -70.0 3.859495662320273 9 
0008 0008 1666510749448519 182.25 -71.5 3.423845118560751 9 
0008 0011 1666510749453105 -117.125 -61.0 5.9088939949354895 9 
0008 0010 1666510749454426 -82.1875 -69.5 1.5892040962495242 9 
0008 0015 1666510749455356 -39.0 -60.0 5.375068680751287 9 
0008 0002 1666510749456245 0.0 -68.5 1.5278448647340985 9 
0008 0004 1666510749474745 21.9375 -71.5 5.577554144752192 9 
0008 0012 1666510749514413 -0.4375 -71.0 1.0615147052168636 9 
0008 0002 1666510749567773 -191.1875 -69.0 4.522175362686871 9 
0008 0011 1666510749570076 78.0625 -62.0 1.4848934026733007 9 
0008 0013 1666510749571854 30.0625 -60.5 4.71238898038469 9 
0008 0004 1666510749572755 95.1875 -67.0 4.871922982324796 9 
0008 0015 1666510749573639 48.0 -60.5 5.424156065963627 9 
0008 0010 1666510749577355 160.3125 -66.0 4.828971520263998 9 
0008 0005 1666510749578266 95.1875 -66.5 5.915029918087033 9 
0008 0008 1666510749579331 -4.0625 -71.5 5.964117303299373 9 
0008 0009 1666510749627743 -3.1875 -71.5 4.037437433715008 9 
0008 0001 1666510749694650 1.5 -74.0 1.9512235621905356 9 
0008 0015 1666510749701406 -52.0625 -60.0 5.93343768754166 9 
0008 0013 1666510749702360 -34.9375 -65.5 0.8835729338221293 9 
0008 0004 1666510749704241 56.125 -65.0 0.7731263170943632 9 
0008 0009 1666510749705356 -251.4375 -68.5 1.8039614065535141 9 
0008 0011 1666510749708308 -69.125 -61.0 3.466796580621549 9 
0008 0002 1666510749709443 -34.9375 -67.5 6.0991076126333095 9 
0008 0005 1666510749710539 -87.0625 -69.0 1.932815792735908 9 
0008 0010 1666510749711676 26.0 -62.0 1.7978254834019713 9 
0008 0008 1666510749717437 -4.0625 -71.0 1.705786636128833 9 
0008 0001 1666510749736639 18.75 -73.0 5.663457068873787 9 
0008 0014 1666510749816588 -30.0625 -61.0 0.5706408530934585 9 
0008 0005 1666510749817486 -91.125 -68.0 3.509748042682347 9 
0008 0009 1666510749819699 -30.0625 -67.0 2.5402721847386216 9 
0008 0015 1666510749821379 26.0 -61.0 5.976389149602458 9 
0008 0004 1666510749823118 -52.0625 -63.5 1.6935147898257479 9 
0008 0011 1666510749824030 -52.0625 -60.0 4.8351074434155406 9 
0008 0002 1666510749825152 -95.1875 -68.0 1.214912784005428 9 
0008 0010 1666510749826501 -74.0 -58.5 4.700117134081604 9 
0008 0001 1666510749828331 -260.375 -70.5 4.3074180523828804 9 
0008 0013 1666510749829197 17.0625 -69.5 2.9022916506796332 9 
0008 0015 1666510749925266 43.125 -67.5 0.3129320807286708 9 
0008 0001 1666510749927783 -48.0 -68.5 5.056000676871073 9 
0008 0002 1666510749928978 -52.0625 -66.5 2.2580197197676637 9 
0008 0011 1666510749930158 -39.0 -58.0 1.1596894756415448 9 
0008 0014 1666510749931582 -87.0625 -62.5 3.9760782021995817 9 
0008 0004 1666510749932707 -69.125 -61.5 2.60776733940559 9 
0008 0009 1666510749935056 -13.0 -64.5 3.3747577333484107 9 
0008 0013 1666510749935939 78.0625 -63.5 4.28287435977671 9 
0008 0008 1666510749937347 -134.25 -71.0 4.657165672020807 9 
0008 0010 1666510749938228 -13.0 -68.5 4.816699673960914 9 
0008 0005 1666510749939129 -126.125 -65.0 5.240078371417351 9 
0008 0015 1666510750036766 -78.0625 -67.5 0.1043106935762236 9 
0008 0013 1666510750039625 -204.25 -65.0 4.749204519293945 9 
0008 0002 1666510750040492 109.0 -69.0 3.429981041712294 9 
0008 0014 1666510750041632 39.0 -53.0 1.9389517158874505 9 
0008 0009 1666510750042548 52.0625 -64.5 5.356660911296659 9 
0008 0005 1666510750043729 13.0 -64.5 5.64504929941916 9 
0008 0004 1666510750044626 -13.0 -60.5 3.6263305825616556 9 
0008 0001 1666510750045641 -48.0 -69.0 6.086835766330224 9 
0008 0011 1666510750047088 65.0625 -61.0 1.9573594853420782 9 
0008 0008 1666510750048849 -104.125 -71.5 6.22182607566416 9 
0008 0010 1666510750049919 152.125 -73.5 5.418020142812084 9 
0008 0002 1666510750147027 -74.0 -68.0 4.743068596142402 9 
0008 0004 1666510750147980 17.0625 -59.0 4.362641360746763 9 
0008 0001 1666510750150197 -4.0625 -68.0 0.6320000846088841 9 
0008 0011 1666510750151380 61.0 -60.5 2.724349879284899 9 
0008 0014 1666510750153327 8.9375 -59.5 1.7303303287350031 9 
0008 0005 1666510750154228 26.0 -63.5 0.0 9 
0008 0010 1666510750155605 13.0 -57.0 1.0737865515199487 9 
0008 0015 1666510750156990 -126.125 -70.0 1.214912784005428 9 
0008 0013 1666510750158512 269.3125 -68.5 6.252505691421874 9 
0008 0009 1666510750159424 65.0625 -66.5 0.23930100291016002 9 
0008 0008 1666510750162546 43.125 -72.0 0.2086213871524472 9 
0008 0010 1666510750257373 -8.9375 -57.0 2.5157284921324514 9 
0008 0002 1666510750258555 78.0625 -67.0 6.074563920027139 9 
0008 0005 1666510750259452 21.9375 -62.5 0.4479223900626072 9 
0008 0014 1666510750261074 21.9375 -53.5 5.338253141842031 9 
0008 0013 1666510750262951 91.125 -64.5 0.16566992509164924 9 
0008 0015 1666510750264558 78.0625 -67.0 0.859029241215959 9 
0008 0004 1666510750265484 -39.0 -60.0 5.460971604872882 9 
0008 0011 1666510750266652 -48.0 -59.0 2.4605051837685683 9 
0008 0001 1666510750268048 212.375 -69.0 1.4787574795217582 9 
0008 0009 1666510750268962 26.0 -67.0 1.945087639038993 9 
0008 0008 1666510750271587 -243.3125 -71.0 1.7978254834019713 9 
0008 0012 1666510750273098 -104.125 -68.5 3.2090878082567613 9 
0008 0015 1666510750373138 108.1875 -66.0 0.6135923151542565 9 
0008 0014 1666510750374659 -13.0 -55.0 4.651029748869264 9 
0008 0012 1666510750376087 91.125 -62.5 2.8777479580734626 9 
0008 0004 1666510750376985 -17.0625 -59.5 0.5829126993965437 9 
0008 0010 1666510750377865 -8.9375 -58.5 4.399456899656019 9 
0008 0011 1666510750379007 -52.0625 -63.5 3.442252888015379 9 
0008 0013 1666510750380881 -69.125 -68.0 0.9510680884890975 9 
0008 0009 1666510750381839 -91.125 -69.5 3.000466421104314 9 
0008 0002 1666510750382749 26.0 -65.0 1.3314953238847365 9 
0008 0005 1666510750384499 -34.9375 -65.5 1.748738098189631 9 
0008 0001 1666510750385497 -186.3125 -68.0 3.6140587362585705 9 
0008 0008 1666510750386366 -160.3125 -72.5 3.0127382674073995 9 
0008 0001 1666510750483683 -217.25 -67.0 5.209398755659637 9 
0008 0010 1666510750484579 -56.125 -59.5 0.14726215563702155 9 
0008 0009 1666510750485523 -56.125 -69.5 4.651029748869264 9 
0008 0013 1666510750487994 -56.125 -64.0 3.5036121195308043 9 
0008 0002 1666510750488887 4.0625 -66.5 2.564815877344792 9 
0008 0014 1666510750490026 -4.0625 -56.0 4.816699673960914 9 
0008 0012 1666510750490986 -13.0 -62.5 4.295146206079795 9 
0008 0011 1666510750492847 -56.125 -72.0 4.074252972624263 9 
0008 0004 1666510750494227 -21.9375 -58.5 2.4175537217077703 9 
0008 0005 1666510750495381 -39.0 -67.0 4.681709364626977 9 
0008 0008 1666510750497756 39.0 -74.5 5.442563835418255 9 
0008 0002 1666510750598066 -87.0625 -70.5 4.7307967498393175 9 
0008 0010 1666510750598947 -69.125 -58.0 2.4175537217077703 9 
0008 0014 1666510750599847 -52.0625 -57.0 5.3627968344482015 9 
0008 0009 1666510750601186 -78.0625 -66.5 0.34974761963792617 9 
0008 0008 1666510750603074 21.9375 -72.5 1.8653206380689396 9 
0008 0013 1666510750604212 -95.1875 -63.0 5.565282298449106 9 
0008 0004 1666510750605138 -17.0625 -58.0 4.190835512503572 9 
0008 0001 1666510750608386 17.0625 -68.5 0.6381360077604268 9 
0008 0005 1666510750609967 -13.0 -64.5 1.000155473701438 9 
0008 0012 1666510750610911 39.0 -62.0 0.3988350048502667 9 
0008 0011 1666510750612192 186.3125 -72.0 0.09203884727313846 9 
