0008 0001 1666511520886781 0.0 -72.0 2.84706834231575 10 
0008 0002 1666511520902990 -0.625 -78.0 5.019185137961818 10 
0008 0014 1666511520909894 0.0 -65.0 2.3316507975861747 10 
0008 0001 1666511520912969 -34.9375 -68.0 3.1661363461959633 10 
0008 0011 1666511520915029 -78.0625 -63.0 0.2086213871524472 10 
0008 0012 1666511520921114 -39.0 -71.0 4.025165587411922 10 
0008 0002 1666511520935998 111.875 -76.0 5.264622064023521 10 
0008 0008 1666511520948376 1.625 -75.5 4.460816131171445 10 
0008 0009 1666511520978997 -4.875 -72.5 4.798291904506286 10 
0008 0005 1666511520985477 2.4375 -72.0 5.780039608753096 10 
0008 0014 1666511521036660 -26.0 -64.5 2.3009711818284617 10 
0008 0011 1666511521037942 126.125 -68.0 1.3192234775816514 10 
0008 0012 1666511521040160 39.0 -68.0 5.8045833013592665 10 
0008 0005 1666511521041117 -173.3125 -68.5 3.847223816017188 10 
0008 0001 1666511521042552 -56.125 -66.0 4.331961744989051 10 
0008 0002 1666511521045008 -74.0 -70.5 3.785864584501762 10 
0008 0009 1666511521049159 -61.0 -71.5 6.191146459906448 10 
0008 0008 1666511521051676 65.0625 -71.0 0.0674951546669682 10 
0008 0001 1666511521149829 -21.9375 -70.0 5.945709533844745 10 
0008 0005 1666511521156244 -48.0 -69.5 5.270757987175063 10 
0008 0002 1666511521157752 160.3125 -69.0 4.6878452877785195 10 
0008 0014 1666511521158692 -4.0625 -64.5 2.1782527187976104 10 
0008 0009 1666511521162404 -152.125 -70.5 2.5709518004963345 10 
0008 0012 1666511521163943 195.25 -70.0 0.3620194659410113 10 
0008 0008 1666511521165478 160.3125 -69.0 1.7855536370988863 10 
0008 0010 1666511521166857 -139.125 -67.0 5.393476450205914 10 
0008 0009 1666511521171155 -9.75 -71.5 5.832194955541207 10 
0008 0011 1666511521193051 -13.875 -71.5 1.9144080232812801 10 
0008 0004 1666511521196414 4.875 -71.5 4.417864669110647 10 
0008 0009 1666511521272384 -56.125 -68.0 4.338097668140593 10 
0008 0011 1666511521273284 52.0625 -66.5 0.5645049299419159 10 
0008 0002 1666511521274406 165.1875 -72.0 6.000932842208628 10 
0008 0008 1666511521276608 -65.0625 -68.5 3.663146121470911 10 
0008 0012 1666511521277804 -100.0625 -62.5 1.8100973297050567 10 
0008 0001 1666511521278904 -217.25 -68.5 2.337786720737717 10 
0008 0010 1666511521281004 -61.0 -67.0 0.4172427743048944 10 
0008 0014 1666511521288862 56.125 -66.0 1.8223691760081417 10 
0008 0015 1666511521289907 308.375 -68.0 0.9572040116406401 10 
0008 0008 1666511521387829 -156.1875 -69.0 4.896466674930966 10 
0008 0001 1666511521389012 -117.125 -70.5 3.2397674240144743 10 
0008 0014 1666511521389926 178.1875 -65.5 1.748738098189631 10 
0008 0011 1666511521391107 -13.0 -69.0 2.2948352586769194 10 
0008 0009 1666511521392744 -21.9375 -67.0 5.448699758569798 10 
0008 0012 1666511521394170 26.0 -60.5 3.749049045592507 10 
0008 0010 1666511521395718 199.375 -69.0 1.607611865704152 10 
0008 0002 1666511521408535 0.0 -74.0 1.0707185899441776 10 
0008 0015 1666511521417191 4.0625 -70.5 1.3437671701878218 10 
0008 0014 1666511521499792 82.1875 -64.0 1.718058482431918 10 
0008 0009 1666511521503142 -43.125 -68.5 0.30066023442558565 10 
0008 0015 1666511521504200 26.0 -67.5 3.129320807286708 10 
0008 0012 1666511521505130 -87.0625 -67.5 5.473243451175968 10 
0008 0008 1666511521507643 -61.0 -72.0 5.71868037723767 10 
0008 0010 1666511521535443 17.0625 -73.0 0.22089323345553233 10 
0008 0004 1666511521554618 -9.0 -72.0 0.859029241215959 10 
0008 0015 1666511521618190 43.125 -65.0 2.5402721847386216 10 
0008 0004 1666511521620153 87.0625 -66.5 1.3867186322486196 10 
0008 0009 1666511521622885 91.125 -70.5 1.1965050145508 10 
0008 0014 1666511521623944 30.0625 -69.0 2.6998061866787286 10 
0008 0012 1666511521624887 -39.0 -70.5 0.12885438618239387 10 
0008 0010 1666511521626095 -21.9375 -69.0 4.859651136021712 10 
0008 0005 1666511521652949 4.875 -71.5 5.209398755659637 10 
0008 0013 1666511521679773 9.25 -74.0 0.006135923151542565 10 
0008 0010 1666511521738011 82.1875 -65.5 6.2463697682703305 10 
0008 0014 1666511521739622 208.3125 -68.0 2.073942025221387 10 
0008 0004 1666511521741665 34.9375 -63.5 2.2580197197676637 10 
0008 0015 1666511521742833 -4.0625 -62.5 5.982525072754001 10 
0008 0013 1666511521746006 39.0 -68.5 0.859029241215959 10 
0008 0010 1666511521842426 39.0 -64.5 0.9572040116406401 10 
0008 0004 1666511521845555 30.0625 -62.0 3.3870295796514958 10 
0008 0015 1666511521846470 -34.9375 -60.5 0.8283496254582462 10 
0008 0014 1666511521847855 -39.0 -69.5 2.184388641949153 10 
0008 0013 1666511521849066 152.125 -66.0 1.1351457830353744 10 
0008 0008 1666511521849935 -446.75 -72.5 5.5100589900852235 10 
0008 0007 1666511521852148 48.0 -72.0 4.651029748869264 10 
0008 0002 1666511521859306 44.3125 -73.0 6.154330920997192 10 
0008 0002 1666511521951122 95.1875 -70.5 3.834951969714103 10 
0008 0001 1666511521956470 -4.0625 -70.0 0.7424467013366504 10 
0008 0015 1666511521957358 26.0 -63.0 1.607611865704152 10 
0008 0010 1666511521960319 69.125 -68.0 2.3623304133438876 10 
0008 0014 1666511521961472 21.9375 -69.5 1.552388557340269 10 
0008 0004 1666511521962374 -82.1875 -63.0 5.418020142812084 10 
0008 0013 1666511521965734 17.0625 -66.0 2.1659808724945253 10 
0008 0005 1666511521977893 7.6875 -70.5 6.108311497360623 10 
0008 0008 1666511521993511 12.1875 -75.0 4.718524903536232 10 
0008 0012 1666511522084993 0.8125 -73.5 5.356660911296659 10 
0008 0014 1666511522094096 -30.0625 -67.5 1.4051264017032472 10 
0008 0004 1666511522095580 126.125 -64.5 2.184388641949153 10 
0008 0015 1666511522098210 -82.1875 -67.0 2.454369260617026 10 
0008 0005 1666511522099109 -52.0625 -62.5 4.430136515413731 10 
0008 0010 1666511522100031 4.0625 -69.5 5.50392306693368 10 
0008 0012 1666511522128411 0.75 -72.0 6.062292073724054 10 
0008 0001 1666511522204280 6.625 -71.5 0.5276893910326605 10 
0008 0005 1666511522213342 -52.0625 -63.5 5.589825991055276 10 
0008 0004 1666511522214310 -87.0625 -61.0 4.963961829597935 10 
0008 0010 1666511522215704 156.1875 -65.0 1.0369710126106935 10 
0008 0015 1666511522218049 -39.0 -71.0 2.3746022596469727 10 
0008 0001 1666511522222653 43.125 -69.5 0.7792622402459057 10 
0008 0015 1666511522318053 113.0625 -69.5 2.380738182798515 10 
0008 0001 1666511522319900 134.25 -66.5 1.718058482431918 10 
0008 0010 1666511522321093 61.0 -62.5 2.380738182798515 10 
0008 0004 1666511522323322 -39.0 -60.0 6.209554229361076 10 
0008 0005 1666511522324292 30.0625 -68.5 0.5645049299419159 10 
0008 0002 1666511522326182 78.0625 -73.5 5.418020142812084 10 
0008 0008 1666511522354335 -9.75 -76.5 5.798447378207723 10 
0008 0011 1666511522395261 0.75 -73.0 5.442563835418255 10 
0008 0009 1666511522427854 2.6875 -73.0 0.7301748550335652 10 
0008 0001 1666511522451490 104.125 -67.0 2.7550294950426117 10 
0008 0010 1666511522455756 17.0625 -61.5 4.479223900626073 10 
0008 0004 1666511522457376 -39.0 -61.0 0.8406214717613314 10 
0008 0002 1666511522458741 208.3125 -74.0 6.031612457966341 10 
0008 0008 1666511522463867 -433.6875 -75.0 4.2031073588066565 10 
0008 0009 1666511522474097 31.3125 -71.0 0.9480001269133262 10 
0008 0014 1666511522487886 -6.5 -71.0 0.19634954084936207 10 
0008 0015 1666511522533258 2.4375 -74.0 5.522330836388308 10 
0008 0010 1666511522584541 -30.0625 -61.5 5.620505606812989 10 
0008 0004 1666511522585552 21.9375 -62.0 1.4971652489763858 10 
0008 0014 1666511522586438 34.9375 -66.0 5.049864753719531 10 
0008 0009 1666511522588103 -56.125 -64.5 5.307573526084319 10 
0008 0015 1666511522590804 -195.25 -68.0 3.098641191528995 10 
0008 0001 1666511522593398 -43.125 -70.5 3.9576704327449543 10 
0008 0002 1666511522608197 -111.875 -75.5 1.1873011298234863 10 
0008 0008 1666511522620549 12.9375 -74.5 1.4480778637640452 10 
0008 0013 1666511522650414 -9.75 -73.5 1.4848934026733007 10 
0008 0005 1666511522658025 -0.4375 -72.0 5.184855063053467 10 
0008 0005 1666511522717949 87.0625 -69.0 5.792311455056181 10 
0008 0010 1666511522719897 56.125 -62.5 0.25770877236478773 10 
0008 0009 1666511522721291 17.0625 -63.5 0.18407769454627693 10 
0008 0004 1666511522722248 65.0625 -63.5 2.60776733940559 10 
0008 0014 1666511522724646 -39.0 -57.0 4.338097668140593 10 
0008 0013 1666511522726184 -104.125 -68.5 1.6260196351587797 10 
0008 0004 1666511522824710 8.9375 -66.5 4.491495746929157 10 
0008 0013 1666511522826972 4.0625 -67.0 1.8653206380689396 10 
0008 0009 1666511522827990 82.1875 -65.0 0.8958447801252144 10 
0008 0005 1666511522829437 165.1875 -68.5 0.5154175447295755 10 
0008 0010 1666511522830771 -61.0 -60.5 2.313243028131547 10 
0008 0014 1666511522831656 26.0 -57.5 2.3930100291016 10 
0008 0007 1666511522918467 0.0 -76.5 0.6320000846088841 10 
0008 0001 1666511522925000 1.125 -74.0 0.2761165418194154 10 
0008 0010 1666511522942209 -4.0625 -59.0 4.190835512503572 10 
0008 0013 1666511522943961 -87.0625 -70.0 2.454369260617026 10 
0008 0012 1666511522945412 -43.125 -69.5 1.7303303287350031 10 
0008 0014 1666511522946609 -69.125 -65.0 3.859495662320273 10 
0008 0001 1666511522950200 -152.125 -71.0 4.239922897715912 10 
0008 0004 1666511522951647 -13.0 -65.0 1.000155473701438 10 
0008 0009 1666511522954005 -8.9375 -71.0 2.7120780329818137 10 
0008 0007 1666511522982841 7.3125 -75.0 1.4358060174609601 10 
0008 0015 1666511523040944 -1.0625 -73.5 1.325359400733194 10 
0008 0005 1666511523057653 -3.3125 -72.5 5.559146375297564 10 
0008 0004 1666511523076679 -26.0 -63.5 3.184544115650591 10 
0008 0007 1666511523077608 134.25 -72.5 2.380738182798515 10 
0008 0005 1666511523078549 -165.1875 -68.5 6.209554229361076 10 
0008 0012 1666511523079434 -17.0625 -69.0 4.123340357836604 10 
0008 0010 1666511523080599 13.0 -57.5 0.4295146206079795 10 
0008 0001 1666511523083715 30.0625 -67.5 5.565282298449106 10 
0008 0002 1666511523112767 12.1875 -77.0 4.23378697456437 10 
0008 0015 1666511523116870 -25.125 -73.5 5.129631754689584 10 
0008 0009 1666511523120259 24.375 -72.5 0.16566992509164924 10 
0008 0005 1666511523216703 4.0625 -68.5 1.8223691760081417 10 
0008 0012 1666511523218550 -21.9375 -69.0 5.553010452146021 10 
0008 0010 1666511523219843 17.0625 -58.0 3.227495577711389 10 
0008 0004 1666511523220785 13.0 -65.5 5.786175531904639 10 
0008 0007 1666511523276494 6.0625 -75.5 4.362641360746763 10 
0008 0015 1666511523314644 2.1875 -68.0 0.09203884727313846 10 
0008 0004 1666511523331825 -121.25 -67.0 1.3744467859455345 10 
0008 0012 1666511523333192 -30.0625 -65.5 0.662679700366597 10 
0008 0010 1666511523335167 -48.0 -57.0 4.779884135051658 10 
0008 0015 1666511523336051 8.9375 -63.0 0.4540583132141498 10 
0008 0005 1666511523337659 -43.125 -69.5 4.779884135051658 10 
0008 0007 1666511523341646 -316.5 -72.0 2.509592568980909 10 
0008 0001 1666511523349870 66.3125 -72.0 1.564660403643354 10 
0008 0011 1666511523398276 3.1875 -73.5 0.36815538909255385 10 
0008 0010 1666511523448278 -30.0625 -58.0 6.111379458936394 10 
0008 0015 1666511523450863 -95.1875 -67.5 3.2090878082567613 10 
0008 0012 1666511523452867 0.0 -65.0 4.767612288748572 10 
0008 0005 1666511523453799 -48.0 -64.0 6.105243535784852 10 
0008 0011 1666511523454727 -169.25 -69.0 4.970097752749477 10 
0008 0001 1666511523456036 -91.125 -69.5 5.964117303299373 10 
0008 0007 1666511523460535 -128.9375 -74.0 0.3528155812136975 10 
0008 0004 1666511523553091 -3.8125 -73.5 2.1353012567368124 10 
0008 0005 1666511523562963 4.0625 -62.5 0.39269908169872414 10 
0008 0015 1666511523564542 52.0625 -63.0 2.1905245651006955 10 
0008 0010 1666511523568864 82.1875 -60.5 1.0737865515199487 10 
0008 0001 1666511523569807 -269.3125 -70.5 1.055378782065321 10 
0008 0011 1666511523570960 -13.0 -68.0 5.737088146692298 10 
0008 0007 1666511523573362 -74.0 -72.0 4.06811704947272 10 
0008 0008 1666511523582017 61.0 -75.0 2.8961557275280905 10 
0008 0004 1666511523605245 -17.8125 -72.0 6.062292073724054 10 
0008 0012 1666511523631563 1.1875 -73.5 4.09266074207889 10 
0008 0002 1666511523640802 10.5 -79.0 0.8160777791551611 10 
0008 0003 1666511523652195 18.25 -79.5 1.9144080232812801 10 
0008 0013 1666511523677486 -2.625 -75.0 0.5829126993965437 10 
0008 0004 1666511523710735 4.0625 -69.5 0.619728238305799 10 
0008 0010 1666511523713686 56.125 -64.5 2.8777479580734626 10 
0008 0011 1666511523714599 117.125 -67.0 0.42337869745643697 10 
0008 0005 1666511523715540 173.3125 -64.5 1.4910293258248433 10 
0008 0015 1666511523716721 -8.9375 -66.5 3.448388811166921 10 
0008 0013 1666511523717635 34.9375 -65.5 4.847379289718626 10 
0008 0008 1666511523719192 13.0 -69.0 4.626486056263094 10 
0008 0002 1666511523732650 -60.625 -75.0 1.8346410223112268 10 
0008 0012 1666511523755061 2.4375 -71.5 0.9572040116406401 10 
0008 0003 1666511523760555 28.5 -76.5 5.64504929941916 10 
0008 0001 1666511523795583 -8.8125 -74.0 5.031456984264903 10 
0008 0007 1666511523799882 -1.1875 -75.5 4.558990901596125 10 
0008 0004 1666511523850439 117.125 -68.0 1.9696313316451632 10 
0008 0015 1666511523852686 -52.0625 -60.0 5.350524988145116 10 
0008 0013 1666511523853953 -17.0625 -62.5 0.16566992509164924 10 
0008 0001 1666511523855091 95.1875 -70.0 5.896622148632405 10 
0008 0012 1666511523856727 -26.0 -69.0 1.214912784005428 10 
0008 0010 1666511523857994 -212.375 -66.0 5.129631754689584 10 
0008 0011 1666511523858919 -61.0 -67.5 3.1231848841351653 10 
0008 0007 1666511523859790 160.3125 -71.0 1.9266798695843652 10 
0008 0008 1666511523861115 277.4375 -71.5 0.1349903093339364 10 
0008 0002 1666511523902352 3.1875 -77.0 0.8713010875190442 10 
0008 0005 1666511523925148 -1.625 -71.5 0.4049709280018093 10 
0008 0005 1666511523986309 -143.1875 -66.0 1.6812429435226628 10 
0008 0013 1666511523988596 -52.0625 -61.5 1.7978254834019713 10 
0008 0015 1666511523991290 -21.9375 -61.5 6.068427996875596 10 
0008 0001 1666511523992600 312.4375 -68.0 1.8530487917658545 10 
0008 0011 1666511523995681 -4.0625 -68.0 5.780039608753096 10 
0008 0008 1666511523997472 208.3125 -70.5 3.0066023442558567 10 
0008 0007 1666511523999298 -39.0 -70.5 4.172427743048944 10 
0008 0002 1666511524017087 32.5 -74.0 0.9173205111556134 10 
0008 0015 1666511524109060 -104.125 -66.5 0.2086213871524472 10 
0008 0005 1666511524110934 30.0625 -65.5 3.0127382674073995 10 
0008 0013 1666511524111845 -13.0 -65.0 2.779573187648782 10 
0008 0011 1666511524114967 -30.0625 -64.0 2.172116795646068 10 
0008 0008 1666511524116871 -91.125 -68.0 5.405748296509 10 
0008 0001 1666511524118192 -113.0625 -70.0 5.473243451175968 10 
0008 0002 1666511524120011 -230.25 -69.0 2.773437264497239 10 
0008 0003 1666511524141989 27.5625 -78.0 4.693981210930062 10 
0008 0015 1666511524222582 -82.1875 -67.5 0.09203884727313846 10 
0008 0001 1666511524224601 21.9375 -69.0 1.4419419406125027 10 
0008 0008 1666511524225882 173.3125 -68.5 0.8099418560036186 10 
0008 0002 1666511524226779 -364.5625 -71.5 4.669437518323892 10 
0008 0011 1666511524228724 -108.1875 -61.5 4.3074180523828804 10 
0008 0013 1666511524229750 -34.9375 -65.0 4.473087977474529 10 
0008 0003 1666511524257996 -28.5 -77.5 5.921165841238575 10 
0008 0004 1666511524274756 3.1875 -73.0 3.7429131224409646 10 
0008 0004 1666511524341219 -182.25 -68.5 1.4664856332186729 10 
0008 0011 1666511524342570 -126.125 -60.5 5.595961914206819 10 
0008 0001 1666511524344317 13.0 -66.0 3.2949907323783574 10 
0008 0015 1666511524345204 -48.0 -66.0 0.11658253987930872 10 
0008 0013 1666511524346073 -34.9375 -64.0 0.1595340019401067 10 
0008 0008 1666511524347010 4.0625 -71.5 2.7120780329818137 10 
0008 0002 1666511524348164 -217.25 -70.0 6.2034183062095325 10 
0008 0014 1666511524395540 5.625 -72.0 2.282563412373834 10 
0008 0010 1666511524440393 -1.5 -73.0 0.859029241215959 10 
0008 0002 1666511524458529 204.25 -69.5 0.8835729338221293 10 
0008 0015 1666511524460222 78.0625 -66.5 0.4479223900626072 10 
0008 0001 1666511524461148 61.0 -65.5 4.626486056263094 10 
0008 0011 1666511524462271 -8.9375 -59.0 0.4724660826687775 10 
0008 0004 1666511524463457 69.125 -66.5 1.9819031779482483 10 
0008 0013 1666511524465361 256.3125 -68.0 1.7671458676442586 10 
0008 0010 1666511524467388 61.0 -69.0 4.368777283898306 10 
0008 0008 1666511524468925 -126.125 -69.0 4.123340357836604 10 
0008 0005 1666511524470292 -186.3125 -68.0 4.693981210930062 10 
0008 0014 1666511524515310 2.4375 -66.0 0.4908738521234052 10 
0008 0011 1666511524574362 -34.9375 -59.0 1.6996507129772904 10 
0008 0002 1666511524575754 43.125 -69.5 2.2886993355253766 10 
0008 0001 1666511524578419 -43.125 -66.5 5.890486225480862 10 
0008 0015 1666511524579319 -48.0 -67.0 0.6749515466696822 10 
0008 0004 1666511524580530 65.0625 -66.0 2.36846633649543 10 
0008 0014 1666511524581933 0.0 -60.0 1.9205439464328227 10 
0008 0010 1666511524583418 26.0 -62.5 5.93343768754166 10 
0008 0008 1666511524584613 69.125 -69.5 5.148039524144211 10 
0008 0005 1666511524585966 -65.0625 -66.5 5.301437602932776 10 
0008 0009 1666511524596571 39.0 -70.5 5.246214294568893 10 
0008 0013 1666511524597441 -195.25 -70.5 3.822680123411018 10 
0008 0001 1666511524693276 191.1875 -67.5 0.5460971604872883 10 
0008 0015 1666511524695198 234.3125 -69.0 1.3560390164909069 10 
0008 0002 1666511524696349 -178.1875 -69.0 3.9085830475326135 10 
0008 0010 1666511524697938 -13.0 -61.5 0.9019807032767571 10 
0008 0005 1666511524699305 26.0 -66.5 6.17273869045182 10 
0008 0014 1666511524700205 91.125 -57.0 0.47860200582032003 10 
0008 0004 1666511524704751 -108.1875 -66.5 4.147884050442774 10 
0008 0011 1666511524706499 26.0 -61.0 3.153864499892878 10 
0008 0008 1666511524707622 -61.0 -69.5 0.06135923151542565 10 
0008 0009 1666511524708890 8.9375 -67.5 0.2945243112740431 10 
0008 0012 1666511524749906 16.3125 -78.0 0.018407769454627694 10 
0008 0004 1666511524810043 -26.0 -66.5 5.595961914206819 10 
0008 0010 1666511524811976 -130.1875 -65.0 1.9880391010997909 10 
0008 0015 1666511524812854 0.0 -69.5 1.1290098598838318 10 
0008 0014 1666511524814239 -39.0 -55.5 3.9147189706841563 10 
0008 0009 1666511524815409 -39.0 -67.5 0.8958447801252144 10 
0008 0008 1666511524816832 282.375 -68.5 0.7792622402459057 10 
0008 0001 1666511524817773 325.5 -67.0 2.0493983326152168 10 
0008 0011 1666511524819208 -43.125 -60.5 4.080388895775806 10 
0008 0002 1666511524821377 -165.1875 -69.0 5.3627968344482015 10 
0008 0012 1666511524823142 147.25 -71.5 5.393476450205914 10 
0008 0009 1666511524921538 -303.5 -70.0 2.227340104009951 10 
0008 0004 1666511524922535 61.0 -64.5 1.0921943209745766 10 
0008 0002 1666511524923429 113.0625 -69.5 0.11044661672776616 10 
0008 0014 1666511524924352 0.0 -58.0 5.368932757599744 10 
0008 0011 1666511524925962 -13.0 -61.5 4.7860200582032 10 
0008 0012 1666511524926848 91.125 -66.5 5.620505606812989 10 
0008 0008 1666511524928058 403.625 -70.5 1.9266798695843652 10 
0008 0010 1666511524929462 -30.0625 -66.0 2.9022916506796332 10 
0008 0001 1666511524930601 56.125 -65.5 4.2092432819582 10 
0008 0015 1666511524932909 130.1875 -68.0 0.9633399347921826 10 
0008 0011 1666511525030130 -13.0 -63.0 5.71868037723767 10 
0008 0014 1666511525032187 -13.0 -59.0 5.6941366846315 10 
0008 0015 1666511525035316 34.9375 -70.0 1.4848934026733007 10 
0008 0004 1666511525036669 -39.0 -62.0 2.988194574801229 10 
0008 0002 1666511525037850 165.1875 -71.5 1.7794177139473437 10 
0008 0001 1666511525039041 61.0 -63.5 5.651185222570702 10 
0008 0010 1666511525040038 -108.1875 -64.5 5.368932757599744 10 
0008 0012 1666511525040967 139.125 -68.5 1.0983302441261191 10 
0008 0013 1666511525044608 -82.1875 -71.5 3.018874190558942 10 
0008 0008 1666511525045917 -82.1875 -71.5 4.577398671050753 10 
0008 0005 1666511525055400 8.5 -68.5 1.9358837543116791 10 
0008 0015 1666511525146485 39.0 -68.0 3.2459033471660166 10 
0008 0012 1666511525147402 238.4375 -72.0 2.1475731030398975 10 
0008 0013 1666511525149281 52.0625 -69.5 4.73693267299086 10 
0008 0010 1666511525150389 56.125 -61.5 1.2333205534600555 10 
0008 0014 1666511525151570 -17.0625 -60.0 6.22182607566416 10 
0008 0005 1666511525152484 61.0 -64.0 6.062292073724054 10 
0008 0001 1666511525153636 39.0 -64.5 1.1903690913992575 10 
0008 0004 1666511525156340 -52.0625 -61.0 4.853515212870168 10 
0008 0011 1666511525157294 61.0 -62.5 1.4051264017032472 10 
0008 0008 1666511525164647 238.4375 -74.5 0.4111068511533518 10 
0008 0002 1666511525179779 -52.0625 -74.0 4.715456941960461 10 
0008 0012 1666511525268179 -8.9375 -67.0 3.8533597391687304 10 
0008 0014 1666511525271235 4.0625 -63.5 6.2463697682703305 10 
0008 0004 1666511525272731 -17.0625 -60.5 6.111379458936394 10 
0008 0015 1666511525273633 74.0 -65.0 5.522330836388308 10 
0008 0011 1666511525275564 17.0625 -60.5 3.650874275167826 10 
0008 0005 1666511525278873 -74.0 -65.5 1.9634954084936207 10 
0008 0002 1666511525280195 139.125 -73.0 6.105243535784852 10 
0008 0010 1666511525281103 -39.0 -62.0 3.1354567304382504 10 
0008 0001 1666511525281988 -74.0 -64.0 3.3318062712876126 10 
0008 0008 1666511525303472 0.0 -76.5 0.2454369260617026 10 
0008 0007 1666511525369449 -1.25 -76.5 4.540583132141498 10 
0008 0005 1666511525391636 -43.125 -67.0 3.472932503773092 10 
0008 0004 1666511525393216 30.0625 -59.0 1.1106020904292042 10 
0008 0015 1666511525394715 -104.125 -64.0 4.405592822807561 10 
0008 0010 1666511525395640 -52.0625 -61.0 4.331961744989051 10 
0008 0012 1666511525396611 -8.9375 -64.0 0.3129320807286708 10 
0008 0014 1666511525398037 -61.0 -62.0 6.234097921967246 10 
0008 0011 1666511525399583 -87.0625 -58.5 5.50392306693368 10 
0008 0001 1666511525401667 -100.0625 -62.5 4.638757902566179 10 
0008 0002 1666511525405633 48.0 -70.5 1.509437095279471 10 
0008 0008 1666511525430497 -12.9375 -75.0 5.098952138931871 10 
0008 0007 1666511525438581 15.375 -74.5 4.767612288748572 10 
0008 0001 1666511525513102 82.1875 -63.5 5.595961914206819 10 
0008 0012 1666511525514855 -95.1875 -65.0 2.7979809571034093 10 
0008 0004 1666511525516008 -39.0 -58.5 2.3930100291016 10 
0008 0005 1666511525518825 -169.25 -65.0 4.963961829597935 10 
0008 0014 1666511525519750 8.9375 -61.5 0.25157284921324513 10 
0008 0011 1666511525520706 -17.0625 -64.0 0.34974761963792617 10 
0008 0010 1666511525522311 17.0625 -61.0 6.2463697682703305 10 
0008 0015 1666511525524948 -312.4375 -70.0 4.534447208989955 10 
0008 0002 1666511525526830 243.3125 -71.0 2.3746022596469727 10 
0008 0007 1666511525527727 -65.0625 -71.0 2.067806102069844 10 
0008 0008 1666511525529276 342.5625 -74.0 5.632777453116074 10 
0008 0009 1666511525537594 -16.25 -71.5 1.368310862793992 10 
0008 0013 1666511525617786 -8.0 -79.0 5.105088062083414 10 
0008 0001 1666511525635417 -21.9375 -65.5 0.9326603190344698 10 
0008 0010 1666511525637695 39.0 -59.0 1.2885438618239387 10 
0008 0013 1666511525638608 442.6875 -72.0 5.221670601962723 10 
0008 0005 1666511525639759 -65.0625 -64.0 5.841398840268521 10 
0008 0004 1666511525640898 -43.125 -58.0 3.5465635815916023 10 
0008 0009 1666511525642803 -91.125 -66.0 5.6573211457222445 10 
0008 0012 1666511525643973 52.0625 -68.0 3.5895150436524004 10 
0008 0011 1666511525648198 -17.0625 -66.5 1.3069516312785663 10 
0008 0007 1666511525649114 303.5 -70.0 2.386874105950058 10 
0008 0002 1666511525661996 -373.5 -71.5 4.884194828627882 10 
0008 0008 1666511525665671 212.375 -71.5 0.9265243958829272 10 
0008 0015 1666511525669611 28.0625 -70.0 5.605165798934133 10 
0008 0014 1666511525688605 0.0 -71.5 0.8160777791551611 10 
0008 0004 1666511525766670 -87.0625 -58.0 4.724660826687775 10 
0008 0010 1666511525768475 -69.125 -58.0 2.718213956133356 10 
0008 0007 1666511525769373 61.0 -71.5 3.693825737228624 10 
0008 0013 1666511525770270 69.125 -61.5 1.4051264017032472 10 
0008 0001 1666511525772885 126.125 -67.0 2.8102528034064944 10 
0008 0011 1666511525773810 -69.125 -63.5 3.141592653589793 10 
0008 0009 1666511525774683 139.125 -68.5 0.030679615757712823 10 
0008 0015 1666511525775581 -13.0 -61.0 3.5833791205008576 10 
0008 0014 1666511525782907 82.1875 -70.0 0.1902136176978195 10 
0008 0002 1666511525784185 -21.9375 -71.0 0.14726215563702155 10 
0008 0005 1666511525785367 117.125 -68.0 1.0369710126106935 10 
0008 0008 1666511525806066 66.3125 -73.5 6.178874613603362 10 
