0008 0008 1666512203925450 -4.0625 -76.5 1.0492428589137786 12 
0008 0009 1666512203948228 -5.625 -72.5 5.620505606812989 12 
0008 0011 1666512204013746 -100.0625 -68.5 3.0802334220743677 12 
0008 0010 1666512204014645 143.1875 -66.5 2.761165418194154 12 
0008 0012 1666512204015600 -39.0 -60.5 5.141903600992669 12 
0008 0001 1666512204016977 -30.0625 -67.5 2.2580197197676637 12 
0008 0004 1666512204018185 8.9375 -58.5 0.7853981633974483 12 
0008 0007 1666512204021438 61.0 -72.5 0.23930100291016002 12 
0008 0002 1666512204033640 47.5625 -74.5 6.071495958451368 12 
0008 0015 1666512204071754 1.625 -70.5 1.239456476611598 12 
0008 0014 1666512204077331 1.1875 -71.0 0.8713010875190442 12 
0008 0013 1666512204084793 2.4375 -73.0 5.0682725231741586 12 
0008 0008 1666512204118991 2.1875 -77.0 4.565126824747668 12 
0008 0014 1666512204140695 4.0625 -64.5 4.0128937411088375 12 
0008 0015 1666512204141639 17.0625 -62.0 1.9266798695843652 12 
0008 0010 1666512204143656 -13.0 -65.0 3.018874190558942 12 
0008 0012 1666512204144827 48.0 -60.5 5.117359908386499 12 
0008 0001 1666512204145968 -121.25 -68.0 2.5034566458293663 12 
0008 0011 1666512204149633 -26.0 -57.5 3.5711072741977725 12 
0008 0004 1666512204150983 8.9375 -57.5 0.9019807032767571 12 
0008 0002 1666512204156394 21.9375 -72.0 5.957981380147831 12 
0008 0008 1666512204206791 -8.0625 -78.0 4.7860200582032 12 
0008 0013 1666512204210554 -2.875 -69.0 5.755495916146925 12 
0008 0013 1666512204264767 -26.0 -66.0 3.749049045592507 12 
0008 0001 1666512204266263 -43.125 -69.5 2.36846633649543 12 
0008 0011 1666512204267938 -39.0 -56.0 4.111068511533518 12 
0008 0004 1666512204268835 -4.0625 -58.0 1.086058397823034 12 
0008 0012 1666512204269977 -21.9375 -61.0 4.81056375080937 12 
0008 0015 1666512204270906 -30.0625 -64.0 3.6263305825616556 12 
0008 0010 1666512204271861 30.0625 -66.0 3.4054373491061236 12 
0008 0014 1666512204272776 -65.0625 -62.5 3.6999616603801666 12 
0008 0002 1666512204281758 -126.125 -73.5 6.007068765360171 12 
0008 0008 1666512204339817 10.1875 -77.5 4.460816131171445 12 
0008 0007 1666512204343594 1.625 -75.5 0.14112623248547898 12 
0008 0013 1666512204396160 3.3125 -72.5 2.110757564130642 12 
0008 0014 1666512204402634 -39.0 -60.5 5.332117218690489 12 
0008 0010 1666512204405641 56.125 -64.0 3.429981041712294 12 
0008 0015 1666512204407165 -21.9375 -63.0 3.466796580621549 12 
0008 0004 1666512204408344 0.0 -58.5 1.043106935762236 12 
0008 0002 1666512204409317 -100.0625 -71.0 6.080699843178682 12 
0008 0001 1666512204410273 13.0 -69.5 2.2089323345553233 12 
0008 0011 1666512204411185 -8.9375 -58.0 3.6754179677739964 12 
0008 0007 1666512204414468 282.375 -72.5 6.22182607566416 12 
0008 0013 1666512204440856 7.3125 -71.5 5.681864838328415 12 
0008 0008 1666512204446266 -5.625 -76.5 1.3314953238847365 12 
0008 0007 1666512204524112 -113.0625 -72.5 0.25770877236478773 12 
0008 0004 1666512204526584 13.0 -59.0 0.5092816215780329 12 
0008 0011 1666512204528398 0.0 -59.0 3.0066023442558567 12 
0008 0010 1666512204529427 -30.0625 -57.5 3.3440781175906977 12 
0008 0009 1666512204530552 -43.125 -70.5 0.9387962421860124 12 
0008 0014 1666512204531464 4.0625 -61.0 2.9022916506796332 12 
0008 0002 1666512204533679 -191.1875 -70.5 6.025476534814799 12 
0008 0015 1666512204535710 -74.0 -62.0 4.25833066717054 12 
0008 0005 1666512204562206 11.4375 -71.5 4.190835512503572 12 
0008 0008 1666512204587409 -11.4375 -77.5 1.1167380135807468 12 
0008 0013 1666512204596712 -1.1875 -67.0 4.798291904506286 12 
0008 0001 1666512204642847 3.6875 -73.0 2.2334760271614935 12 
0008 0004 1666512204656157 43.125 -58.5 6.258641614573416 12 
0008 0015 1666512204659126 -56.125 -63.5 4.957825906446392 12 
0008 0002 1666512204660034 13.0 -70.0 5.522330836388308 12 
0008 0009 1666512204660950 -34.9375 -66.5 0.4049709280018093 12 
0008 0010 1666512204661831 -43.125 -59.0 3.129320807286708 12 
0008 0013 1666512204662758 195.25 -67.5 0.9510680884890975 12 
0008 0011 1666512204664844 -13.0 -59.0 4.362641360746763 12 
0008 0014 1666512204667428 56.125 -69.0 0.1227184630308513 12 
0008 0007 1666512204669578 143.1875 -72.0 6.178874613603362 12 
0008 0008 1666512204700984 -12.9375 -77.0 0.9940195505498954 12 
0008 0005 1666512204712954 -6.0625 -72.5 4.491495746929157 12 
0008 0010 1666512204780021 -26.0 -58.5 3.368621810196868 12 
0008 0013 1666512204781187 -39.0 -63.0 1.8530487917658545 12 
0008 0014 1666512204782084 -8.9375 -61.0 2.5832236467994196 12 
0008 0011 1666512204784971 -56.125 -60.0 3.8717675086233583 12 
0008 0015 1666512204786352 -56.125 -61.0 5.092816215780329 12 
0008 0004 1666512204787759 -8.9375 -59.0 0.32520392703175593 12 
0008 0009 1666512204789917 30.0625 -67.5 1.1290098598838318 12 
0008 0007 1666512204793921 -113.0625 -71.5 0.44178646691106466 12 
0008 0002 1666512204794846 -134.25 -71.5 5.565282298449106 12 
0008 0008 1666512204813192 5.625 -77.0 1.2762720155208536 12 
0008 0013 1666512204937642 -30.0625 -59.5 1.4358060174609601 12 
0008 0014 1666512204938585 -34.9375 -64.0 3.724505352986337 12 
0008 0012 1666512204941112 104.125 -73.0 4.798291904506286 12 
0008 0004 1666512204942534 -30.0625 -58.5 0.9510680884890975 12 
0008 0002 1666512204943713 -386.5 -73.5 5.9088939949354895 12 
0008 0011 1666512204944862 -26.0 -61.5 3.0495538063166547 12 
0008 0015 1666512204947463 -61.0 -63.0 4.4362724385652745 12 
0008 0010 1666512204949874 43.125 -67.0 3.773592738198677 12 
0008 0007 1666512204950818 -234.3125 -70.5 0.6320000846088841 12 
0008 0008 1666512205022137 -3.125 -77.0 4.528311285838413 12 
0008 0001 1666512205042146 0.4375 -73.5 2.442097414313941 12 
0008 0011 1666512205071284 -30.0625 -59.5 3.08636934522591 12 
0008 0010 1666512205072518 104.125 -67.0 2.9391071895888885 12 
0008 0015 1666512205073444 4.0625 -62.5 0.8651651643675016 12 
0008 0014 1666512205075324 -34.9375 -65.0 3.736777199289422 12 
0008 0012 1666512205076676 4.0625 -67.5 6.12365130523948 12 
0008 0004 1666512205078835 -4.0625 -58.0 0.7915340865489908 12 
0008 0002 1666512205081805 173.3125 -74.0 4.994641445355648 12 
0008 0001 1666512205105732 -4.0625 -73.5 5.4671075280244255 12 
0008 0008 1666512205115187 -9.75 -75.5 4.086524818927348 12 
0008 0007 1666512205140633 3.625 -76.0 5.93343768754166 12 
0008 0004 1666512205199853 -13.0 -58.0 0.4111068511533518 12 
0008 0010 1666512205201148 -52.0625 -62.0 2.043262409463674 12 
0008 0007 1666512205202314 -17.0625 -70.5 5.982525072754001 12 
0008 0012 1666512205203245 -139.125 -65.0 5.497787143782138 12 
0008 0015 1666512205204642 -104.125 -67.0 5.178719139901925 12 
0008 0001 1666512205205624 -30.0625 -70.0 2.2334760271614935 12 
0008 0011 1666512205207058 -65.0625 -68.5 1.227184630308513 12 
0008 0002 1666512205208369 74.0 -73.0 5.129631754689584 12 
0008 0008 1666512205216013 -165.1875 -72.5 0.521553467881118 12 
0008 0001 1666512205312660 65.0625 -69.0 1.8162332528565992 12 
0008 0004 1666512205315345 -34.9375 -58.0 0.1595340019401067 12 
0008 0010 1666512205316553 17.0625 -62.0 1.6996507129772904 12 
0008 0012 1666512205318321 -82.1875 -62.0 5.227806525114265 12 
0008 0007 1666512205321300 43.125 -73.5 0.01227184630308513 12 
0008 0002 1666512205322295 43.125 -72.5 5.2768939103266055 12 
0008 0008 1666512205328052 17.0625 -73.5 0.1595340019401067 12 
0008 0011 1666512205353317 -17.8125 -75.0 4.700117134081604 12 
0008 0014 1666512205419589 2.625 -73.5 0.28838838812250056 12 
0008 0015 1666512205439022 -2.6875 -71.5 1.141281706186917 12 
0008 0011 1666512205447977 -39.0 -64.5 1.88986433067511 12 
0008 0004 1666512205450363 4.0625 -58.5 0.23930100291016002 12 
0008 0015 1666512205451292 13.0 -67.5 4.049709280018092 12 
0008 0012 1666512205452208 -4.0625 -61.5 4.816699673960914 12 
0008 0010 1666512205453181 139.125 -66.5 2.1782527187976104 12 
0008 0002 1666512205454516 -87.0625 -73.5 5.240078371417351 12 
0008 0014 1666512205456110 -8.9375 -69.0 3.6079228131070282 12 
0008 0007 1666512205458201 130.1875 -73.0 5.9518454569962875 12 
0008 0008 1666512205481844 17.8125 -76.5 0.4111068511533518 12 
0008 0001 1666512205486041 4.875 -73.5 5.166447293598839 12 
0008 0015 1666512205563190 -21.9375 -64.5 0.5522330836388308 12 
0008 0004 1666512205567325 -100.0625 -59.5 0.14112623248547898 12 
0008 0012 1666512205568929 -30.0625 -61.0 4.491495746929157 12 
0008 0010 1666512205569843 277.4375 -68.0 2.5157284921324514 12 
0008 0011 1666512205570782 -39.0 -58.0 3.706097583531709 12 
0008 0014 1666512205571768 56.125 -64.5 3.3502140407422405 12 
0008 0002 1666512205577101 -446.75 -72.0 5.295301679781233 12 
0008 0007 1666512205577998 -61.0 -71.0 0.5890486225480862 12 
0008 0008 1666512205598737 -21.9375 -77.5 0.859029241215959 12 
0008 0013 1666512205611966 0.0 -72.5 5.780039608753096 12 
0008 0010 1666512205683537 -186.3125 -69.0 3.2336315008629315 12 
0008 0012 1666512205684917 -13.0 -63.5 4.97623367590102 12 
0008 0002 1666512205685857 113.0625 -73.0 5.080544369477243 12 
0008 0014 1666512205686742 30.0625 -64.5 3.0066023442558567 12 
0008 0011 1666512205688077 -8.9375 -57.0 3.8963112012295285 12 
0008 0004 1666512205688946 13.0 -59.0 0.3865631585471816 12 
0008 0015 1666512205691065 -48.0 -62.5 3.5895150436524004 12 
0008 0007 1666512205694122 -56.125 -71.0 0.09817477042468103 12 
0008 0008 1666512205712874 -18.75 -77.0 0.9019807032767571 12 
0008 0011 1666512205793278 -43.125 -59.5 3.147728576741336 12 
0008 0010 1666512205794159 26.0 -63.0 2.767301341345697 12 
0008 0015 1666512205795795 -4.0625 -62.0 3.4913402732277192 12 
0008 0008 1666512205803251 -147.25 -74.0 0.9203884727313847 12 
0008 0004 1666512205804546 -43.125 -60.0 0.5767767762450011 12 
0008 0014 1666512205805444 34.9375 -61.5 6.252505691421874 12 
0008 0002 1666512205810193 -69.125 -72.0 5.620505606812989 12 
0008 0007 1666512205813475 -182.25 -72.5 0.5583690067903734 12 
0008 0005 1666512205904626 5.3125 -72.5 4.270602513473625 12 
0008 0009 1666512205916965 -2.125 -71.5 0.6258641614573416 12 
0008 0011 1666512205932385 -4.0625 -57.0 3.356349963893783 12 
0008 0002 1666512205933454 -121.25 -70.5 5.589825991055276 12 
0008 0015 1666512205934381 8.9375 -64.0 4.693981210930062 12 
0008 0009 1666512205935808 -134.25 -69.0 0.3988350048502667 12 
0008 0014 1666512205936693 -30.0625 -65.5 4.792155981354743 12 
0008 0010 1666512205938578 21.9375 -59.0 2.816388726558037 12 
0008 0004 1666512205939745 -34.9375 -59.5 0.05522330836388308 12 
0008 0005 1666512205940760 -152.125 -70.5 1.552388557340269 12 
0008 0005 1666512205962328 2.4375 -71.5 1.533980787885641 12 
0008 0008 1666512205969695 30.0 -76.0 0.6872233929727672 12 
0008 0011 1666512206050116 -26.0 -57.0 4.399456899656019 12 
0008 0009 1666512206051072 100.0625 -68.0 0.5767767762450011 12 
0008 0010 1666512206052522 -13.0 -60.5 2.8777479580734626 12 
0008 0015 1666512206055414 -82.1875 -64.5 5.240078371417351 12 
0008 0014 1666512206056567 39.0 -66.5 0.4295146206079795 12 
0008 0004 1666512206057479 -13.0 -59.0 6.092971689481767 12 
0008 0002 1666512206059223 -91.125 -71.5 5.381204603902829 12 
0008 0008 1666512206086038 -17.8125 -77.0 1.1719613219446299 12 
0008 0005 1666512206107482 4.0625 -73.0 4.841243366567084 12 
0008 0013 1666512206128478 -4.375 -74.0 2.141437179888355 12 
0008 0001 1666512206163428 -2.625 -74.0 5.681864838328415 12 
0008 0012 1666512206177705 -0.1875 -74.0 6.258641614573416 12 
0008 0011 1666512206191289 -34.9375 -59.5 3.147728576741336 12 
0008 0013 1666512206193606 61.0 -65.5 1.5278448647340985 12 
0008 0015 1666512206194490 4.0625 -61.5 4.81056375080937 12 
0008 0014 1666512206195389 17.0625 -57.5 1.2885438618239387 12 
0008 0009 1666512206196319 -126.125 -69.5 1.7978254834019713 12 
0008 0012 1666512206198269 -30.0625 -70.0 3.147728576741336 12 
0008 0002 1666512206199889 -121.25 -72.0 5.522330836388308 12 
0008 0010 1666512206202324 -13.0 -62.0 3.6017868899554855 12 
0008 0004 1666512206204728 -52.0625 -60.0 0.46019423636569234 12 
0008 0008 1666512206233881 -9.75 -76.0 1.4971652489763858 12 
0008 0007 1666512206255729 4.0625 -75.0 0.7179030087304801 12 
0008 0001 1666512206293910 0.75 -74.0 5.448699758569798 12 
0008 0010 1666512206344307 -256.3125 -69.0 3.767456815047135 12 
0008 0004 1666512206345229 -17.0625 -60.0 0.7792622402459057 12 
0008 0015 1666512206347237 -13.0 -64.0 4.215379205109742 12 
0008 0011 1666512206348660 74.0 -58.0 3.8533597391687304 12 
0008 0014 1666512206349787 -78.0625 -62.0 3.5833791205008576 12 
0008 0002 1666512206351176 -13.0 -74.0 5.460971604872882 12 
0008 0012 1666512206355730 -13.0 -68.0 3.6692820446224537 12 
0008 0001 1666512206384454 13.875 -73.5 5.546874528994478 12 
0008 0007 1666512206391505 -7.3125 -76.5 0.662679700366597 12 
0008 0008 1666512206407067 -5.9375 -77.5 4.651029748869264 12 
0008 0015 1666512206472270 26.0 -61.5 1.761009944492716 12 
0008 0014 1666512206473442 -160.3125 -64.5 4.184699589352029 12 
0008 0001 1666512206475051 290.5 -70.5 1.8407769454627694 12 
0008 0012 1666512206476449 -199.375 -70.5 4.773748211900116 12 
0008 0011 1666512206477360 -48.0 -59.0 3.215223731408304 12 
0008 0010 1666512206480286 173.3125 -69.0 2.7857091108003242 12 
0008 0004 1666512206483040 39.0 -59.0 0.607456392002714 12 
0008 0002 1666512206491919 130.1875 -72.0 5.5100589900852235 12 
0008 0008 1666512206509499 33.375 -76.0 1.1351457830353744 12 
0008 0007 1666512206558830 7.3125 -76.0 0.07976700097005335 12 
0008 0011 1666512206607751 0.0 -67.5 1.902136176978195 12 
0008 0012 1666512206609483 -56.125 -63.5 4.589670517353839 12 
0008 0001 1666512206610646 0.0 -67.5 2.055534255766759 12 
0008 0004 1666512206613421 -21.9375 -59.0 0.4970097752749477 12 
0008 0010 1666512206614714 82.1875 -64.0 2.3746022596469727 12 
0008 0015 1666512206632115 -30.5 -71.5 1.8775924843720249 12 
0008 0002 1666512206635786 18.25 -75.0 5.734020185116527 12 
0008 0008 1666512206650623 -11.4375 -75.5 1.1474176293384597 12 
0008 0009 1666512206671277 0.75 -72.0 5.375068680751287 12 
0008 0010 1666512206731838 -143.1875 -66.5 3.3318062712876126 12 
0008 0012 1666512206732724 -39.0 -63.5 4.583534594202296 12 
0008 0015 1666512206733867 -199.375 -65.5 5.387340527054372 12 
0008 0009 1666512206738182 21.9375 -69.0 2.9697868053466014 12 
0008 0004 1666512206739066 30.0625 -58.5 0.8958447801252144 12 
0008 0001 1666512206740460 117.125 -68.0 2.086213871524472 12 
0008 0011 1666512206742716 130.1875 -71.0 3.4177091954092087 12 
0008 0002 1666512206743984 251.4375 -72.5 5.7616318392984684 12 
0008 0011 1666512206849679 8.9375 -60.0 4.074252972624263 12 
0008 0010 1666512206852487 130.1875 -67.0 2.5770877236478773 12 
0008 0001 1666512206853982 61.0 -69.0 2.270291566070749 12 
0008 0015 1666512206855179 48.0 -64.5 3.767456815047135 12 
0008 0004 1666512206856615 -21.9375 -58.5 1.0492428589137786 12 
0008 0013 1666512206857514 78.0625 -68.0 5.743224069843841 12 
0008 0012 1666512206858866 -108.1875 -64.5 5.399612373357457 12 
0008 0002 1666512206863363 43.125 -71.5 6.166602767300278 12 
0008 0014 1666512206866148 -126.125 -69.0 3.5588354278946874 12 
0008 0007 1666512206915569 -8.5 -76.5 4.111068511533518 12 
0008 0001 1666512206972716 52.0625 -70.0 2.313243028131547 12 
0008 0013 1666512206973868 -56.125 -64.5 4.963961829597935 12 
0008 0012 1666512206975656 -30.0625 -60.5 5.006913291658733 12 
0008 0004 1666512206977647 39.0 -58.0 0.9694758579437253 12 
0008 0011 1666512206978798 -21.9375 -55.5 5.301437602932776 12 
0008 0007 1666512206979696 21.9375 -73.5 0.7976700097005334 12 
0008 0014 1666512206980896 -130.1875 -66.5 3.393165502803038 12 
0008 0015 1666512206981794 4.0625 -66.5 5.970253226450915 12 
0008 0010 1666512206982707 48.0 -66.5 2.6384469551633027 12 
0008 0002 1666512206984270 17.0625 -73.5 0.03681553890925539 12 
0008 0007 1666512207083977 -95.1875 -72.0 0.6381360077604268 12 
0008 0014 1666512207085114 43.125 -64.0 3.184544115650591 12 
0008 0001 1666512207087122 234.3125 -70.5 2.1475731030398975 12 
0008 0002 1666512207088243 290.5 -71.5 5.957981380147831 12 
0008 0004 1666512207089409 43.125 -58.0 1.2946797849754812 12 
0008 0011 1666512207090533 -21.9375 -56.0 4.95168998329485 12 
0008 0012 1666512207091490 4.0625 -65.5 5.516194913236766 12 
0008 0015 1666512207092776 -87.0625 -63.5 3.7122335066832517 12 
0008 0010 1666512207094310 30.0625 -65.0 3.5711072741977725 12 
0008 0013 1666512207095634 -91.125 -70.5 2.767301341345697 12 
0008 0009 1666512207191057 -3.125 -73.0 5.976389149602458 12 
0008 0010 1666512207200413 43.125 -63.0 3.724505352986337 12 
0008 0007 1666512207201413 104.125 -72.0 0.6688156235181395 12 
0008 0015 1666512207203459 43.125 -62.5 3.718369429834794 12 
0008 0004 1666512207204370 21.9375 -58.5 1.2885438618239387 12 
0008 0001 1666512207205312 152.125 -70.5 2.509592568980909 12 
0008 0014 1666512207206743 0.0 -61.0 6.270913460876501 12 
0008 0011 1666512207207856 -8.9375 -59.0 4.06811704947272 12 
0008 0009 1666512207210105 273.375 -70.0 2.36846633649543 12 
0008 0002 1666512207212965 21.9375 -71.0 0.2699806186678728 12 
0008 0008 1666512207242872 7.3125 -76.0 1.9941750242513334 12 
0008 0013 1666512207290192 -0.75 -71.0 1.6505633277649499 12 
0008 0005 1666512207339871 -130.1875 -70.5 2.509592568980909 12 
0008 0010 1666512207342173 -48.0 -59.0 3.7122335066832517 12 
0008 0004 1666512207343306 0.0 -59.0 0.8528933180644165 12 
0008 0011 1666512207344887 -21.9375 -56.5 4.09266074207889 12 
0008 0015 1666512207346707 8.9375 -63.5 4.798291904506286 12 
0008 0014 1666512207349435 282.375 -69.5 3.847223816017188 12 
0008 0009 1666512207351253 61.0 -69.0 1.8407769454627694 12 
0008 0007 1666512207352150 -34.9375 -72.0 0.6565437772150544 12 
0008 0002 1666512207356906 -82.1875 -70.5 0.3129320807286708 12 
0008 0008 1666512207358470 26.0 -73.0 1.8775924843720249 12 
0008 0013 1666512207378634 4.0625 -73.0 0.9878836273983529 12 
0008 0001 1666512207383462 27.5625 -73.5 5.957981380147831 12 
0008 0015 1666512207460460 -8.9375 -63.0 5.332117218690489 12 
0008 0009 1666512207461633 -30.0625 -66.5 1.662835174068035 12 
0008 0011 1666512207462841 -4.0625 -56.5 4.608078286808466 12 
0008 0004 1666512207464479 26.0 -59.0 0.6504078540635119 12 
0008 0013 1666512207466128 95.1875 -67.0 1.9512235621905356 12 
0008 0014 1666512207467495 91.125 -70.5 0.17794177139473438 12 
0008 0010 1666512207468689 -34.9375 -60.5 3.834951969714103 12 
0008 0005 1666512207473292 26.0 -70.5 2.5709518004963345 12 
0008 0002 1666512207474740 -26.0 -69.5 0.1043106935762236 12 
0008 0001 1666512207494232 -0.75 -73.0 6.043884304269426 12 
0008 0008 1666512207501745 -5.625 -76.5 1.7855536370988863 12 
0008 0007 1666512207503885 -13.875 -75.5 0.521553467881118 12 
0008 0012 1666512207570246 -1.625 -74.0 0.5767767762450011 12 
0008 0014 1666512207590905 -17.0625 -58.0 1.509437095279471 12 
0008 0009 1666512207592587 -160.3125 -68.0 2.8654761117703775 12 
0008 0012 1666512207595454 251.4375 -69.0 3.141592653589793 12 
0008 0013 1666512207596576 74.0 -60.5 1.9757672547967058 12 
0008 0010 1666512207598815 -8.9375 -61.5 4.0558452031696355 12 
0008 0004 1666512207600011 -30.0625 -59.0 1.2026409377023426 12 
0008 0015 1666512207600910 -26.0 -61.5 5.049864753719531 12 
0008 0011 1666512207602359 -4.0625 -58.5 3.988350048502667 12 
0008 0002 1666512207605350 264.4375 -71.5 6.19728238305799 12 
0008 0007 1666512207608573 251.4375 -72.0 0.7179030087304801 12 
0008 0008 1666512207627818 -6.5 -75.0 5.019185137961818 12 
0008 0001 1666512207633792 -9.0 -73.0 5.982525072754001 12 
0008 0011 1666512207771076 -56.125 -56.5 4.970097752749477 12 
0008 0012 1666512207772078 65.0625 -66.5 3.227495577711389 12 
0008 0014 1666512207773275 -30.0625 -60.5 4.0558452031696355 12 
0008 0013 1666512207775774 30.0625 -61.5 1.4848934026733007 12 
0008 0015 1666512207777569 -225.375 -64.0 4.546719055293041 12 
0008 0004 1666512207778490 -8.9375 -58.5 1.4542137869155878 12 
0008 0010 1666512207779744 69.125 -67.0 3.9515345095934116 12 
0008 0007 1666512207785038 91.125 -71.5 0.7976700097005334 12 
0008 0002 1666512207785934 100.0625 -71.5 6.2463697682703305 12 
0008 0001 1666512207801648 -2.4375 -74.0 5.780039608753096 12 
0008 0008 1666512207848459 -2.125 -77.0 5.098952138931871 12 
0008 0011 1666512207898356 -48.0 -56.5 4.608078286808466 12 
0008 0015 1666512207900969 82.1875 -65.0 0.35588354278946877 12 
0008 0004 1666512207901909 -30.0625 -58.5 1.000155473701438 12 
0008 0012 1666512207904638 -43.125 -66.0 4.485359823777615 12 
0008 0014 1666512207905931 -21.9375 -60.5 4.466952054322987 12 
0008 0010 1666512207908807 -61.0 -66.0 2.834796496012665 12 
0008 0002 1666512207911690 -204.25 -72.5 6.19728238305799 12 
0008 0001 1666512207949198 -4.875 -73.5 5.436427912266712 12 
0008 0008 1666512207956216 -12.9375 -75.5 1.7119225592803755 12 
0008 0007 1666512207972682 -3.1875 -77.0 3.448388811166921 12 
0008 0012 1666512208035440 4.0625 -62.0 4.454680208019902 12 
0008 0010 1666512208037303 -74.0 -63.0 2.423689644859313 12 
0008 0011 1666512208039082 -13.0 -67.5 2.1966604882522383 12 
0008 0014 1666512208040055 -282.375 -66.0 4.755340442445488 12 
0008 0004 1666512208041659 -26.0 -59.0 0.5522330836388308 12 
0008 0002 1666512208042794 -8.9375 -72.5 5.872078456026235 12 
0008 0001 1666512208044658 126.125 -71.0 2.0923497946760143 12 
0008 0007 1666512208047545 -204.25 -71.5 0.5460971604872883 12 
0008 0008 1666512208076079 -11.4375 -75.5 4.374913207049849 12 
0008 0015 1666512208139639 0.1875 -69.5 4.23378697456437 12 
0008 0011 1666512208158609 243.3125 -69.5 2.423689644859313 12 
0008 0015 1666512208161601 -69.125 -68.5 4.442408361716817 12 
0008 0004 1666512208163124 -39.0 -59.0 0.7915340865489908 12 
0008 0001 1666512208164064 87.0625 -68.0 2.12916533358527 12 
0008 0012 1666512208168213 0.0 -63.0 5.123495831538041 12 
0008 0002 1666512208170025 108.1875 -73.0 5.835262917116979 12 
0008 0010 1666512208170962 -21.9375 -63.5 2.2886993355253766 12 
0008 0009 1666512208181003 -20.75 -71.5 5.783107570328867 12 
0008 0008 1666512208197919 11.4375 -75.5 4.552854978444583 12 
0008 0007 1666512208214818 -1.1875 -76.0 3.663146121470911 12 
0008 0014 1666512208241723 0.0 -73.5 1.1658253987930873 12 
0008 0001 1666512208291036 52.0625 -68.5 2.2212041808584084 12 
0008 0004 1666512208296048 -30.0625 -58.5 1.0185632431560658 12 
0008 0010 1666512208298332 -39.0 -67.0 3.2459033471660166 12 
0008 0012 1666512208299645 39.0 -62.5 5.031456984264903 12 
0008 0014 1666512208301125 -39.0 -68.0 4.601942363656923 12 
0008 0011 1666512208302308 -78.0625 -64.0 2.9391071895888885 12 
0008 0002 1666512208308299 -139.125 -73.5 0.16566992509164924 12 
0008 0007 1666512208309326 108.1875 -71.0 0.06135923151542565 12 
0008 0015 1666512208316435 21.5625 -70.5 0.9909515889741242 12 
0008 0008 1666512208383790 7.0625 -77.0 4.896466674930966 12 
0008 0004 1666512208428431 -4.0625 -57.5 1.239456476611598 12 
0008 0012 1666512208430141 65.0625 -63.0 4.878058905476339 12 
0008 0011 1666512208431051 -4.0625 -57.0 4.963961829597935 12 
0008 0001 1666512208434296 -217.25 -68.5 2.9206994201342606 12 
0008 0002 1666512208435517 -30.0625 -72.5 6.2034183062095325 12 
0008 0010 1666512208438173 -13.0 -67.0 4.270602513473625 12 
0008 0014 1666512208439495 74.0 -63.5 4.344233591292136 12 
0008 0015 1666512208440438 -43.125 -65.5 1.3499030933393643 12 
0008 0007 1666512208462419 -8.0625 -75.0 1.000155473701438 12 
0008 0013 1666512208469275 0.0 -69.5 0.12885438618239387 12 
0008 0004 1666512208570124 4.0625 -57.5 1.3928545554001621 12 
0008 0011 1666512208571318 -8.9375 -55.0 4.9823695990525625 12 
0008 0002 1666512208573177 56.125 -71.5 5.976389149602458 12 
0008 0015 1666512208574090 74.0 -63.0 3.9208548938356986 12 
0008 0014 1666512208575031 -8.9375 -63.0 4.4976316700806995 12 
0008 0010 1666512208575987 -121.25 -67.0 3.9699422790480394 12 
0008 0007 1666512208580093 48.0 -72.0 0.4356505437595221 12 
0008 0001 1666512208581202 4.0625 -70.0 2.662990647769473 12 
0008 0013 1666512208605509 4.875 -73.0 4.049709280018092 12 
0008 0002 1666512208692000 91.125 -71.5 6.209554229361076 12 
0008 0004 1666512208692941 -34.9375 -59.0 1.086058397823034 12 
0008 0013 1666512208695746 -160.3125 -68.0 4.816699673960914 12 
0008 0001 1666512208697481 34.9375 -70.0 2.84706834231575 12 
0008 0009 1666512208699581 -30.0625 -70.5 2.6016314162540475 12 
0008 0011 1666512208701720 -56.125 -58.0 4.675573441475434 12 
0008 0015 1666512208703281 4.0625 -61.0 4.552854978444583 12 
0008 0010 1666512208704178 4.0625 -62.0 4.565126824747668 12 
0008 0014 1666512208705079 -39.0 -59.0 1.8039614065535141 12 
0008 0007 1666512208714290 95.1875 -75.0 0.5399612373357456 12 
0008 0008 1666512208734351 -0.75 -76.0 2.1966604882522383 12 
0008 0005 1666512208758519 2.875 -72.5 5.859806609723149 12 
0008 0013 1666512208820152 143.1875 -68.0 1.4358060174609601 12 
0008 0010 1666512208821572 -39.0 -59.0 3.7122335066832517 12 
0008 0005 1666512208823606 -17.0625 -70.0 3.313398501832985 12 
0008 0015 1666512208824521 -26.0 -63.0 4.841243366567084 12 
0008 0002 1666512208825433 260.375 -71.0 5.663457068873787 12 
0008 0004 1666512208826600 56.125 -59.0 0.4111068511533518 12 
0008 0007 1666512208827969 -638.0 -73.0 1.2087768608538851 12 
0008 0014 1666512208828836 61.0 -71.0 6.056156150572511 12 
0008 0011 1666512208829987 4.0625 -58.0 5.43029198911517 12 
0008 0009 1666512208830862 52.0625 -67.0 1.6996507129772904 12 
0008 0001 1666512208832480 -264.4375 -71.0 3.06182565261974 12 
0008 0008 1666512208862362 10.5 -76.0 1.859184714917397 12 
