0008 0011 1666495185236314 0.0 -56.0 2.282563412373834 1 
0008 0013 1666495185237245 95.1875 -65.5 2.2212041808584084 1 
0008 0014 1666495185241085 21.9375 -61.5 6.1420590746941075 1 
0008 0004 1666495185241987 -139.125 -66.5 3.2397674240144743 1 
0008 0010 1666495185243070 39.0 -67.0 4.319689898685965 1 
0008 0004 1666495185331338 -87.0625 -67.5 3.2090878082567613 1 
0008 0014 1666495185332835 43.125 -62.0 6.117515382087937 1 
0008 0015 1666495185333748 26.0 -66.0 2.773437264497239 1 
0008 0005 1666495185335412 61.0 -66.5 2.9513790358919736 1 
0008 0013 1666495185336792 61.0 -65.5 2.2886993355253766 1 
0008 0010 1666495185337703 134.25 -68.0 4.3933209765044765 1 
0008 0002 1666495185338869 -48.0 -72.0 1.564660403643354 1 
0008 0011 1666495185339769 43.125 -56.0 2.2334760271614935 1 
0008 0008 1666495185342324 56.125 -69.0 5.178719139901925 1 
0008 0008 1666495185433861 204.25 -68.0 4.95168998329485 1 
0008 0004 1666495185435043 74.0 -67.5 3.06182565261974 1 
0008 0011 1666495185436523 -21.9375 -56.0 2.3009711818284617 1 
0008 0014 1666495185437934 -61.0 -62.5 6.178874613603362 1 
0008 0010 1666495185439102 -173.3125 -68.5 4.540583132141498 1 
0008 0013 1666495185440795 -217.25 -65.0 2.6200391857086753 1 
0008 0005 1666495185441678 39.0 -66.5 2.9145634969827183 1 
0008 0015 1666495185443146 -26.0 -67.0 2.9206994201342606 1 
0008 0014 1666495185536919 39.0 -62.0 6.105243535784852 1 
0008 0011 1666495185538426 13.0 -56.0 2.3009711818284617 1 
0008 0005 1666495185539938 39.0 -67.0 3.043417883165112 1 
0008 0008 1666495185542020 -4.0625 -68.5 5.148039524144211 1 
0008 0015 1666495185542937 173.3125 -67.5 2.6568547246179306 1 
0008 0013 1666495185544467 -104.125 -66.0 2.429825568010856 1 
0008 0010 1666495185545987 -4.0625 -68.5 4.368777283898306 1 
0008 0004 1666495185546873 21.9375 -68.0 3.0127382674073995 1 
0008 0002 1666495185550134 26.0 -71.0 1.41126232485479 1 
0008 0013 1666495185639023 26.0 -65.5 2.2948352586769194 1 
0008 0005 1666495185639979 -39.0 -67.0 2.9636508821950587 1 
0008 0015 1666495185641179 234.3125 -68.0 2.6691265709210157 1 
0008 0011 1666495185642600 -39.0 -56.5 2.36846633649543 1 
0008 0004 1666495185644975 65.0625 -67.5 2.8961557275280905 1 
0008 0002 1666495185647728 65.0625 -72.5 1.4296700943094176 1 
0008 0010 1666495185649222 43.125 -68.5 4.28287435977671 1 
0008 0008 1666495185651327 56.125 -69.0 4.97623367590102 1 
0008 0014 1666495185652467 -69.125 -61.5 6.234097921967246 1 
0008 0004 1666495185744023 82.1875 -66.5 2.742757648739526 1 
0008 0015 1666495185745801 82.1875 -67.5 2.779573187648782 1 
0008 0013 1666495185746712 65.0625 -65.5 2.337786720737717 1 
0008 0011 1666495185748744 -8.9375 -56.0 2.3439226438892597 1 
0008 0014 1666495185750527 -48.0 -61.5 6.19728238305799 1 
0008 0002 1666495185751440 -368.625 -70.5 1.6382914814618648 1 
0008 0005 1666495185752721 82.1875 -66.5 2.9206994201342606 1 
0008 0010 1666495185753659 -8.9375 -68.5 4.313553975534423 1 
0008 0008 1666495185754686 -21.9375 -69.0 5.184855063053467 1 
0008 0010 1666495185843295 -74.0 -68.5 4.264466590322082 1 
0008 0013 1666495185844207 82.1875 -65.5 2.2457478734645786 1 
0008 0014 1666495185845121 -87.0625 -61.5 6.264777537724958 1 
0008 0002 1666495185846530 -108.1875 -71.0 1.718058482431918 1 
0008 0011 1666495185847442 -34.9375 -56.0 2.399145952253143 1 
0008 0004 1666495185849133 160.3125 -68.0 2.773437264497239 1 
0008 0005 1666495185851959 48.0 -67.5 2.9943304979527716 1 
0008 0015 1666495185854335 121.25 -67.0 2.742757648739526 1 
0008 0008 1666495185857954 13.0 -69.5 5.111223985234957 1 
0008 0013 1666495185952644 -48.0 -66.0 2.380738182798515 1 
0008 0014 1666495185953559 -104.125 -61.5 6.277049384028044 1 
0008 0011 1666495185954513 43.125 -55.5 2.3193789512830896 1 
0008 0015 1666495185955398 48.0 -66.5 2.8286605728611223 1 
0008 0010 1666495185956631 4.0625 -69.5 4.270602513473625 1 
0008 0002 1666495185958444 182.25 -72.0 1.043106935762236 1 
0008 0004 1666495185959369 -17.0625 -68.0 2.8532042654672924 1 
0008 0005 1666495185960612 -82.1875 -66.0 3.184544115650591 1 
0008 0008 1666495185961665 4.0625 -68.5 5.227806525114265 1 
0008 0010 1666495186051756 -82.1875 -68.0 4.405592822807561 1 
0008 0014 1666495186053764 -126.125 -62.0 0.01227184630308513 1 
0008 0005 1666495186054735 108.1875 -66.5 3.06182565261974 1 
0008 0013 1666495186055929 30.0625 -65.5 2.325514874434632 1 
0008 0011 1666495186056855 -13.0 -56.0 2.411417798556228 1 
0008 0004 1666495186059946 -13.0 -67.0 2.8838838812250054 1 
0008 0015 1666495186062608 143.1875 -67.5 2.8102528034064944 1 
0008 0008 1666495186063518 -121.25 -69.5 5.368932757599744 1 
0008 0002 1666495186065872 4.0625 -72.0 1.5278448647340985 1 
0008 0002 1666495186155666 286.4375 -72.0 1.3192234775816514 1 
0008 0011 1666495186156965 -4.0625 -55.5 2.435961491162398 1 
0008 0004 1666495186159307 4.0625 -68.5 2.9145634969827183 1 
0008 0013 1666495186160490 -34.9375 -66.0 2.36846633649543 1 
0008 0014 1666495186161584 4.0625 -62.0 6.117515382087937 1 
0008 0005 1666495186162740 82.1875 -67.0 3.098641191528995 1 
0008 0015 1666495186164009 -34.9375 -68.0 2.8409324191642074 1 
0008 0008 1666495186165175 21.9375 -69.0 5.184855063053467 1 
0008 0010 1666495186166215 8.9375 -69.5 4.313553975534423 1 
0008 0013 1666495186258231 8.9375 -66.0 2.405281875404685 1 
0008 0011 1666495186259824 8.9375 -56.0 2.454369260617026 1 
0008 0015 1666495186260965 -26.0 -67.0 2.8716120349219203 1 
0008 0014 1666495186262334 -52.0625 -62.0 6.19728238305799 1 
0008 0004 1666495186263682 13.0 -68.0 2.8961557275280905 1 
0008 0002 1666495186264608 147.25 -70.5 1.4358060174609601 1 
0008 0008 1666495186265535 -230.25 -70.0 5.485515297479052 1 
0008 0005 1666495186266432 30.0625 -66.0 3.074097498922825 1 
0008 0010 1666495186267458 -121.25 -69.0 4.374913207049849 1 
0008 0010 1666495186357603 -56.125 -68.5 4.344233591292136 1 
0008 0015 1666495186359340 34.9375 -66.5 2.8838838812250054 1 
0008 0011 1666495186360252 -34.9375 -55.5 2.4911847995262812 1 
0008 0013 1666495186361149 -13.0 -66.0 2.399145952253143 1 
0008 0014 1666495186362078 74.0 -61.5 6.068427996875596 1 
0008 0004 1666495186363020 52.0625 -68.0 2.8716120349219203 1 
0008 0005 1666495186363932 130.1875 -67.5 3.018874190558942 1 
0008 0002 1666495186365435 -4.0625 -73.5 1.4480778637640452 1 
0008 0008 1666495186366362 -156.1875 -69.5 5.442563835418255 1 
0008 0011 1666495186457661 26.0 -55.5 2.448233337465483 1 
0008 0004 1666495186459540 -65.0625 -68.0 3.1354567304382504 1 
0008 0015 1666495186461588 95.1875 -67.5 2.7857091108003242 1 
0008 0013 1666495186463069 169.25 -65.5 2.1905245651006955 1 
0008 0014 1666495186464505 -48.0 -62.0 6.22182607566416 1 
0008 0010 1666495186465865 -8.9375 -69.0 4.301282129231338 1 
0008 0005 1666495186467588 -4.0625 -65.5 3.11091303783208 1 
0008 0002 1666495186468516 -130.1875 -71.5 1.7794177139473437 1 
0008 0008 1666495186469551 -8.9375 -70.0 5.178719139901925 1 
0008 0010 1666495186558573 -152.125 -70.0 4.454680208019902 1 
0008 0008 1666495186560009 82.1875 -70.0 5.350524988145116 1 
0008 0015 1666495186562470 17.0625 -67.0 2.9022916506796332 1 
0008 0011 1666495186563368 17.0625 -55.5 2.442097414313941 1 
0008 0004 1666495186564810 -104.125 -68.0 3.055689729468197 1 
0008 0005 1666495186565950 82.1875 -65.5 3.0066023442558567 1 
0008 0013 1666495186567087 39.0 -66.0 2.380738182798515 1 
0008 0014 1666495186568978 -8.9375 -62.0 6.129787228391022 1 
0008 0002 1666495186571668 -30.0625 -72.5 1.662835174068035 1 
0008 0005 1666495186661923 74.0 -66.5 3.074097498922825 1 
0008 0013 1666495186663048 -43.125 -66.0 2.448233337465483 1 
0008 0015 1666495186664237 87.0625 -67.5 2.767301341345697 1 
0008 0008 1666495186666165 13.0 -69.5 5.405748296509 1 
0008 0010 1666495186669166 217.25 -69.0 4.006757817957295 1 
0008 0011 1666495186670644 8.9375 -55.5 2.435961491162398 1 
0008 0004 1666495186672055 104.125 -68.0 2.859340188618835 1 
0008 0014 1666495186673481 52.0625 -61.5 6.068427996875596 1 
0008 0002 1666495186676329 13.0 -72.5 1.4971652489763858 1 
0008 0013 1666495186765840 -65.0625 -66.5 2.4727770300716534 1 
0008 0008 1666495186768042 104.125 -70.0 5.092816215780329 1 
0008 0014 1666495186768955 -17.0625 -62.0 6.135923151542564 1 
0008 0015 1666495186769870 13.0 -67.0 2.9759227284981438 1 
0008 0005 1666495186770815 -113.0625 -66.5 3.184544115650591 1 
0008 0004 1666495186771699 -95.1875 -67.0 3.0802334220743677 1 
0008 0011 1666495186773586 -4.0625 -55.5 2.448233337465483 1 
0008 0002 1666495186777274 -113.0625 -72.0 1.6382914814618648 1 
0008 0010 1666495186778184 -61.0 -68.5 4.430136515413731 1 
0008 0002 1666495186868956 -8.9375 -72.0 1.368310862793992 1 
0008 0004 1666495186869842 -30.0625 -68.0 3.0127382674073995 1 
0008 0008 1666495186872584 39.0 -69.0 5.21553467881118 1 
0008 0015 1666495186874419 -13.0 -67.0 2.9513790358919736 1 
0008 0010 1666495186875543 78.0625 -69.0 4.246058820867455 1 
0008 0011 1666495186876470 -30.0625 -56.0 2.5034566458293663 1 
0008 0013 1666495186877892 95.1875 -66.0 2.2334760271614935 1 
0008 0005 1666495186880909 -4.0625 -66.5 3.0802334220743677 1 
0008 0014 1666495186881840 30.0625 -62.5 6.056156150572511 1 
0008 0014 1666495186972717 -17.0625 -61.0 6.17273869045182 1 
0008 0011 1666495186974211 -21.9375 -55.5 2.5034566458293663 1 
0008 0004 1666495186975170 113.0625 -68.0 2.9513790358919736 1 
0008 0013 1666495186976887 -13.0 -65.5 2.405281875404685 1 
0008 0005 1666495186978368 21.9375 -66.5 3.067961575771282 1 
0008 0015 1666495186979282 78.0625 -68.0 2.7857091108003242 1 
0008 0010 1666495186980450 91.125 -69.5 4.2031073588066565 1 
0008 0008 1666495186982614 -78.0625 -69.5 5.344389064993574 1 
0008 0002 1666495186983538 39.0 -72.0 1.718058482431918 1 
0008 0004 1666495187075189 8.9375 -68.5 3.11091303783208 1 
0008 0008 1666495187077238 139.125 -69.5 5.1725832167503825 1 
0008 0015 1666495187078166 30.0625 -67.5 3.031146036862027 1 
0008 0010 1666495187079077 -30.0625 -68.5 4.25833066717054 1 
0008 0014 1666495187080473 -13.0 -62.0 6.227961998815704 1 
0008 0005 1666495187081810 -52.0625 -67.0 3.055689729468197 1 
0008 0011 1666495187082689 4.0625 -56.0 2.435961491162398 1 
0008 0013 1666495187083588 -39.0 -64.5 2.4911847995262812 1 
0008 0002 1666495187084899 100.0625 -72.0 1.6935147898257479 1 
0008 0013 1666495187182432 -39.0 -63.5 2.650718801466388 1 
0008 0015 1666495187183855 43.125 -68.0 3.018874190558942 1 
0008 0005 1666495187186326 13.0 -67.5 3.055689729468197 1 
0008 0008 1666495187187596 -230.25 -69.5 5.706408530934585 1 
0008 0010 1666495187188521 17.0625 -66.5 4.0128937411088375 1 
0008 0014 1666495187189422 -48.0 -62.0 6.270913460876501 1 
0008 0004 1666495187190575 -61.0 -68.5 2.9820586516496865 1 
0008 0011 1666495187191771 26.0 -56.0 2.024854640009046 1 
0008 0002 1666495187193918 -39.0 -71.5 2.1475731030398975 1 
0008 0013 1666495187284219 -87.0625 -63.0 2.7857091108003242 1 
0008 0010 1666495187285087 17.0625 -64.0 3.6079228131070282 1 
0008 0015 1666495187286244 147.25 -68.0 3.3195344249845276 1 
0008 0008 1666495187288119 -191.1875 -67.5 5.853670686571607 1 
0008 0011 1666495187289468 4.0625 -57.5 1.325359400733194 1 
0008 0014 1666495187290341 -52.0625 -62.0 0.14726215563702155 1 
0008 0005 1666495187291522 100.0625 -67.0 2.816388726558037 1 
0008 0004 1666495187294153 147.25 -71.5 2.6139032625571326 1 
0008 0002 1666495187295911 52.0625 -72.5 2.5464081078901644 1 
0008 0014 1666495187387268 -34.9375 -62.5 0.3313398501832985 1 
0008 0008 1666495187389033 -78.0625 -64.5 6.160466844148735 1 
0008 0011 1666495187390256 -21.9375 -60.0 0.5583690067903734 1 
0008 0013 1666495187392572 -87.0625 -62.5 3.411573272257666 1 
0008 0005 1666495187393752 -78.0625 -68.5 2.6261751088602177 1 
0008 0010 1666495187394633 56.125 -59.5 2.564815877344792 1 
0008 0015 1666495187396199 -13.0 -68.5 4.025165587411922 1 
0008 0002 1666495187405854 -17.0625 -72.5 3.5772431973493153 1 
0008 0004 1666495187422995 26.8125 -74.0 4.3933209765044765 1 
0008 0012 1666495187450941 3.625 -71.5 1.4603497100671303 1 
0008 0009 1666495187492144 -4.0 -72.5 5.080544369477243 1 
0008 0005 1666495187509135 34.9375 -66.0 2.2089323345553233 1 
0008 0010 1666495187511436 -13.0 -56.0 1.5401167110371838 1 
0008 0015 1666495187512606 -121.25 -70.5 4.73693267299086 1 
0008 0013 1666495187514648 -178.1875 -65.5 3.9515345095934116 1 
0008 0014 1666495187519013 -87.0625 -65.5 0.3374757733348411 1 
0008 0011 1666495187520168 -52.0625 -66.5 6.19728238305799 1 
0008 0008 1666495187521291 -100.0625 -70.0 6.129787228391022 1 
0008 0004 1666495187522473 61.0 -66.0 0.30066023442558565 1 
0008 0012 1666495187524610 -134.25 -69.5 1.0921943209745766 1 
0008 0009 1666495187550509 -23.625 -72.5 4.755340442445488 1 
0008 0010 1666495187616992 0.0 -56.5 0.32520392703175593 1 
0008 0004 1666495187617865 -48.0 -62.5 0.17794177139473438 1 
0008 0005 1666495187619545 -26.0 -67.0 2.1353012567368124 1 
0008 0014 1666495187621753 -117.125 -68.0 0.17794177139473438 1 
0008 0013 1666495187624444 56.125 -67.0 3.7429131224409646 1 
0008 0008 1666495187625355 26.0 -63.5 2.9943304979527716 1 
0008 0004 1666495187717784 -56.125 -64.0 6.240233845118788 1 
0008 0014 1666495187721120 -156.1875 -69.0 0.11044661672776616 1 
0008 0010 1666495187722415 -39.0 -61.5 5.589825991055276 1 
0008 0008 1666495187723933 56.125 -56.0 2.9636508821950587 1 
0008 0015 1666495187724850 -481.75 -71.0 5.767767762450011 1 
0008 0002 1666495187739715 -9.75 -74.5 0.04295146206079795 1 
0008 0005 1666495187757495 -8.0625 -72.0 6.056156150572511 1 
0008 0000 1666495187827795 117.125 -69.5 4.4362724385652745 1 
0008 0014 1666495187829203 -74.0 -70.0 6.2034183062095325 1 
0008 0004 1666495187830923 61.0 -65.0 4.252194744018997 1 
0008 0005 1666495187831863 4.0625 -69.5 5.21553467881118 1 
0008 0009 1666495187833063 91.125 -68.5 2.773437264497239 1 
0008 0008 1666495187835688 -26.0 -63.0 2.1046216409791 1 
0008 0015 1666495187839947 17.0625 -71.0 5.632777453116074 1 
0008 0014 1666495187929527 -82.1875 -69.5 5.835262917116979 1 
0008 0004 1666495187931146 -8.9375 -61.5 3.3440781175906977 1 
0008 0015 1666495187932064 -156.1875 -70.0 6.12365130523948 1 
0008 0009 1666495187933020 -26.0 -67.5 1.552388557340269 1 
0008 0000 1666495187934173 -4.0625 -69.0 4.295146206079795 1 
0008 0008 1666495187940793 -21.9375 -58.5 5.835262917116979 1 
0008 0008 1666495188035120 -56.125 -59.5 5.522330836388308 1 
0008 0014 1666495188036659 30.0625 -68.0 5.522330836388308 1 
0008 0002 1666495188039589 -80.5625 -71.0 0.11658253987930872 1 
0008 0004 1666495188040530 -100.0625 -67.5 3.074097498922825 1 
0008 0000 1666495188047496 -45.5625 -73.0 4.6878452877785195 1 
0008 0015 1666495188052831 -15.0 -73.5 0.11044661672776616 1 
0008 0005 1666495188089426 -0.4375 -73.0 5.743224069843841 1 
0008 0014 1666495188141241 -30.0625 -66.0 5.45483568172134 1 
0008 0000 1666495188143328 -17.0625 -66.5 0.8344855486097889 1 
0008 0008 1666495188145095 221.3125 -70.0 3.5956509668039427 1 
0008 0005 1666495188147292 -104.125 -71.5 2.761165418194154 1 
0008 0015 1666495188148335 52.0625 -71.5 0.6258641614573416 1 
0008 0002 1666495188149262 -234.3125 -72.5 6.031612457966341 1 
0008 0004 1666495188150384 61.0 -73.0 0.803805932852076 1 
0008 0001 1666495188240587 56.125 -70.0 0.36815538909255385 1 
0008 0014 1666495188242594 -21.9375 -63.0 5.589825991055276 1 
0008 0000 1666495188243468 -39.0 -67.5 0.5767767762450011 1 
0008 0004 1666495188245218 -78.0625 -66.5 6.037748381117884 1 
0008 0008 1666495188247822 0.0 -67.5 2.024854640009046 1 
0008 0015 1666495188249308 -217.25 -72.0 1.6321555583103222 1 
0008 0005 1666495188271289 4.0625 -75.5 5.8045833013592665 1 
0008 0008 1666495188345094 -13.0 -66.0 1.607611865704152 1 
0008 0000 1666495188346423 -282.375 -69.5 0.6872233929727672 1 
0008 0001 1666495188347318 -26.0 -69.5 0.4172427743048944 1 
0008 0014 1666495188348212 0.0 -61.0 5.878214379177777 1 
0008 0004 1666495188349172 48.0 -65.5 5.675728915176872 1 
0008 0015 1666495188353384 21.9375 -71.5 1.4051264017032472 1 
0008 0014 1666495188444315 -100.0625 -61.5 6.092971689481767 1 
0008 0008 1666495188445269 -17.0625 -65.5 1.521708941582556 1 
0008 0001 1666495188446394 -74.0 -69.5 0.6933593161243098 1 
0008 0015 1666495188450516 -186.3125 -71.5 1.3192234775816514 1 
0008 0004 1666495188453160 -74.0 -65.0 5.976389149602458 1 
0008 0000 1666495188454205 -212.375 -70.0 0.48473792897186263 1 
0008 0001 1666495188543068 -117.125 -69.5 0.9694758579437253 1 
0008 0004 1666495188543978 -43.125 -65.0 5.878214379177777 1 
0008 0008 1666495188546492 39.0 -65.5 1.5462526341887264 1 
0008 0015 1666495188547859 -48.0 -71.5 1.423534171157875 1 
0008 0014 1666495188548772 -48.0 -62.0 5.982525072754001 1 
0008 0000 1666495188550877 -117.125 -69.5 0.521553467881118 1 
0008 0001 1666495188644832 -100.0625 -69.5 0.9203884727313847 1 
0008 0004 1666495188646365 8.9375 -64.0 5.939573610693203 1 
0008 0008 1666495188648177 39.0 -65.0 1.564660403643354 1 
0008 0000 1666495188649374 -43.125 -71.0 0.5890486225480862 1 
0008 0014 1666495188651925 8.9375 -62.5 5.994796919057086 1 
0008 0015 1666495188671551 -2.4375 -73.5 1.576932249946439 1 
0008 0008 1666495188746311 -17.0625 -65.5 1.4910293258248433 1 
0008 0001 1666495188747225 -104.125 -70.0 0.8774370106705868 1 
0008 0014 1666495188749981 -87.0625 -62.0 6.117515382087937 1 
0008 0004 1666495188751760 -208.3125 -64.5 6.234097921967246 1 
0008 0000 1666495188753055 13.0 -71.0 0.4908738521234052 1 
0008 0015 1666495188778402 11.4375 -74.5 1.705786636128833 1 
0008 0000 1666495188850012 -199.375 -70.5 0.7179030087304801 1 
0008 0001 1666495188851533 -56.125 -69.0 1.000155473701438 1 
0008 0008 1666495188852443 -26.0 -65.0 1.533980787885641 1 
0008 0004 1666495188853341 -113.0625 -64.0 6.068427996875596 1 
0008 0014 1666495188856805 17.0625 -62.0 6.007068765360171 1 
0008 0015 1666495188896626 -7.3125 -74.0 4.792155981354743 1 
0008 0008 1666495188957621 -30.0625 -65.0 1.4910293258248433 1 
0008 0001 1666495188958791 160.3125 -70.5 0.6749515466696822 1 
0008 0004 1666495188960170 -30.0625 -64.0 5.915029918087033 1 
0008 0000 1666495188962035 -225.375 -70.5 0.6442719309119693 1 
0008 0014 1666495188964103 -8.9375 -62.0 6.050020227420969 1 
0008 0015 1666495189038639 7.3125 -73.5 3.9269908169872414 1 
0008 0004 1666495189082906 -34.9375 -64.0 5.976389149602458 1 
0008 0014 1666495189084654 8.9375 -62.5 0.09817477042468103 1 
0008 0008 1666495189087407 -56.125 -65.0 1.88986433067511 1 
0008 0001 1666495189091252 -52.0625 -70.5 0.9694758579437253 1 
0008 0015 1666495189092833 -152.125 -71.5 0.9265243958829272 1 
0008 0000 1666495189094400 69.125 -70.5 0.2270291566070749 1 
0008 0008 1666495189186966 -113.0625 -64.5 1.9880391010997909 1 
0008 0001 1666495189188516 -48.0 -70.0 0.7301748550335652 1 
0008 0004 1666495189190039 -78.0625 -65.0 5.964117303299373 1 
0008 0000 1666495189190966 -48.0 -70.5 0.1227184630308513 1 
0008 0014 1666495189192147 26.0 -62.5 0.04908738521234052 1 
0008 0015 1666495189193389 -139.125 -72.0 0.9142525495798421 1 
0008 0004 1666495189283947 -104.125 -64.0 5.988660995905543 1 
0008 0000 1666495189284887 -87.0625 -70.5 0.15339807878856412 1 
0008 0008 1666495189288425 -78.0625 -65.0 1.9573594853420782 1 
0008 0014 1666495189290403 -39.0 -62.5 0.14112623248547898 1 
0008 0001 1666495189291978 -78.0625 -71.0 0.8160777791551611 1 
0008 0015 1666495189294580 65.0625 -72.0 0.7915340865489908 1 
0008 0004 1666495189384362 -91.125 -65.0 5.964117303299373 1 
0008 0008 1666495189387670 8.9375 -64.5 1.8039614065535141 1 
0008 0015 1666495189389731 30.0625 -71.5 0.7547185476397354 1 
0008 0014 1666495189390871 -30.0625 -62.0 0.1595340019401067 1 
0008 0000 1666495189392960 -121.25 -69.5 0.4663301595172349 1 
0008 0001 1666495189393843 121.25 -70.0 0.5645049299419159 1 
0008 0015 1666495189415323 -8.0625 -73.5 0.8897088569736719 1 
0008 0001 1666495189485614 -13.0 -70.5 0.5154175447295755 1 
0008 0008 1666495189487004 65.0625 -64.5 1.705786636128833 1 
0008 0014 1666495189488995 17.0625 -63.0 0.06135923151542565 1 
0008 0004 1666495189491536 -61.0 -65.0 5.884350302329319 1 
0008 0015 1666495189492808 74.0 -72.0 0.7117670855789375 1 
0008 0000 1666495189494235 -217.25 -70.5 0.46019423636569234 1 
0008 0008 1666495189585188 -13.0 -64.5 1.7794177139473437 1 
0008 0014 1666495189587778 30.0625 -63.0 0.05522330836388308 1 
0008 0000 1666495189589499 8.9375 -70.5 0.2699806186678728 1 
0008 0004 1666495189590398 21.9375 -65.0 5.810719224510809 1 
0008 0001 1666495189591893 -52.0625 -71.0 0.6872233929727672 1 
0008 0015 1666495189592761 -95.1875 -71.5 0.859029241215959 1 
0008 0000 1666495189682843 -61.0 -70.0 0.11044661672776616 1 
0008 0008 1666495189685645 -69.125 -65.0 1.902136176978195 1 
0008 0015 1666495189687154 -30.0625 -71.5 1.086058397823034 1 
0008 0004 1666495189688054 87.0625 -65.0 5.730952223540755 1 
0008 0014 1666495189691289 4.0625 -62.0 0.1043106935762236 1 
0008 0001 1666495189692800 -238.4375 -71.0 0.9633399347921826 1 
0008 0000 1666495189782763 95.1875 -71.5 0.1349903093339364 1 
0008 0001 1666495189785007 -13.0 -69.5 1.0185632431560658 1 
0008 0008 1666495189786799 -13.0 -65.0 1.8960002538266525 1 
0008 0004 1666495189788098 -43.125 -65.5 5.841398840268521 1 
0008 0014 1666495189789547 34.9375 -63.0 0.11044661672776616 1 
0008 0015 1666495189790844 165.1875 -72.0 0.803805932852076 1 
0008 0004 1666495189882993 -69.125 -65.5 5.878214379177777 1 
0008 0008 1666495189884812 -17.0625 -65.0 1.8714565612204823 1 
0008 0001 1666495189885768 295.375 -70.5 0.7669903939428205 1 
0008 0014 1666495189886637 -39.0 -62.0 0.11658253987930872 1 
0008 0015 1666495189888176 -56.125 -72.5 0.9756117810952678 1 
0008 0000 1666495189889118 -30.0625 -71.5 0.2086213871524472 1 
0008 0014 1666495189983081 13.0 -62.5 0.07976700097005335 1 
0008 0001 1666495189984009 26.0 -70.0 1.086058397823034 1 
0008 0008 1666495189985371 56.125 -65.0 1.7732817907958012 1 
0008 0004 1666495189988965 -8.9375 -66.0 5.896622148632405 1 
0008 0015 1666495189989865 -13.0 -71.0 0.7117670855789375 1 
0008 0000 1666495189990766 -130.1875 -71.5 0.3620194659410113 1 
0008 0004 1666495190081074 39.0 -65.5 5.8045833013592665 1 
0008 0014 1666495190084081 30.0625 -62.5 0.07363107781851078 1 
0008 0008 1666495190084949 4.0625 -65.0 1.8285050991596843 1 
0008 0001 1666495190089137 -52.0625 -70.5 0.9510680884890975 1 
0008 0000 1666495190090094 104.125 -71.0 6.2034183062095325 1 
0008 0015 1666495190091220 217.25 -72.5 0.5583690067903734 1 
0008 0000 1666495190182627 342.5625 -73.0 6.227961998815704 1 
0008 0001 1666495190184228 39.0 -71.0 0.9081166264282996 1 
0008 0014 1666495190185112 -43.125 -63.0 0.14112623248547898 1 
0008 0015 1666495190186027 -78.0625 -72.5 1.1474176293384597 1 
0008 0004 1666495190187677 208.3125 -66.0 5.681864838328415 1 
0008 0008 1666495190189338 78.0625 -65.5 1.8039614065535141 1 
