0008 0014 1666495279064477 21.9375 -61.5 6.000932842208628 1 
0008 0008 1666495279065361 -130.1875 -70.5 5.184855063053467 1 
0008 0004 1666495279067477 -13.0 -65.0 3.479068426924634 1 
0008 0011 1666495279072405 -4.0625 -55.5 2.12916533358527 1 
0008 0014 1666495279165834 104.125 -61.5 5.927301764390117 1 
0008 0010 1666495279166760 -95.1875 -67.0 4.025165587411922 1 
0008 0011 1666495279167900 39.0 -55.0 2.1230294104337273 1 
0008 0015 1666495279169029 160.3125 -67.5 2.12916533358527 1 
0008 0008 1666495279169954 195.25 -70.5 4.9823695990525625 1 
0008 0013 1666495279171843 -30.0625 -62.5 2.6016314162540475 1 
0008 0005 1666495279172771 -34.9375 -65.0 3.6201946594101133 1 
0008 0012 1666495279175035 -191.1875 -70.5 4.988505522204105 1 
0008 0002 1666495279176033 -295.375 -71.5 1.6935147898257479 1 
0008 0004 1666495279177000 13.0 -65.5 3.436116964863836 1 
0008 0005 1666495279271273 30.0625 -65.5 3.5465635815916023 1 
0008 0014 1666495279273463 -52.0625 -61.5 6.1420590746941075 1 
0008 0011 1666495279274373 -17.0625 -55.5 2.1782527187976104 1 
0008 0015 1666495279275535 -212.375 -68.5 2.748893571891069 1 
0008 0010 1666495279278756 78.0625 -67.0 3.859495662320273 1 
0008 0004 1666495279279710 4.0625 -65.5 3.429981041712294 1 
0008 0013 1666495279280877 -48.0 -62.0 2.662990647769473 1 
0008 0012 1666495279284993 -104.125 -70.5 4.933282213840222 1 
0008 0008 1666495279287178 -82.1875 -70.0 5.387340527054372 1 
0008 0002 1666495279288896 360.5 -71.0 0.9756117810952678 1 
0008 0014 1666495279382452 82.1875 -61.5 5.982525072754001 1 
0008 0015 1666495279383340 -308.375 -68.0 2.6998061866787286 1 
0008 0002 1666495279385357 186.3125 -71.0 1.41126232485479 1 
0008 0013 1666495279387078 39.0 -62.0 2.5464081078901644 1 
0008 0012 1666495279387980 108.1875 -69.5 4.626486056263094 1 
0008 0011 1666495279389104 39.0 -55.0 2.1230294104337273 1 
0008 0010 1666495279390031 -65.0625 -67.0 4.147884050442774 1 
0008 0004 1666495279391848 8.9375 -66.0 3.5465635815916023 1 
0008 0005 1666495279393245 -56.125 -65.0 3.650874275167826 1 
0008 0008 1666495279394539 69.125 -71.0 5.209398755659637 1 
0008 0004 1666495279486890 -69.125 -66.0 3.5772431973493153 1 
0008 0011 1666495279488682 -13.0 -55.5 2.1475731030398975 1 
0008 0014 1666495279489838 48.0 -61.0 6.007068765360171 1 
0008 0008 1666495279491018 113.0625 -71.5 5.013049214810275 1 
0008 0013 1666495279492155 13.0 -62.0 2.509592568980909 1 
0008 0005 1666495279493071 74.0 -65.0 3.5158839658338894 1 
0008 0002 1666495279494466 238.4375 -71.5 1.239456476611598 1 
0008 0010 1666495279495434 -121.25 -67.0 4.1601558967458585 1 
0008 0012 1666495279496306 -65.0625 -69.0 4.95168998329485 1 
0008 0015 1666495279498554 -195.25 -69.0 2.5832236467994196 1 
0008 0002 1666495279592233 -21.9375 -70.0 1.2578642460662257 1 
0008 0005 1666495279593400 4.0625 -65.5 3.6263305825616556 1 
0008 0011 1666495279596186 4.0625 -55.5 2.1353012567368124 1 
0008 0010 1666495279597057 -87.0625 -66.0 4.104932588381976 1 
0008 0013 1666495279598405 17.0625 -62.5 2.4911847995262812 1 
0008 0012 1666495279599564 -134.25 -71.0 4.988505522204105 1 
0008 0004 1666495279601270 21.9375 -65.5 3.5465635815916023 1 
0008 0014 1666495279602667 -21.9375 -61.0 6.1420590746941075 1 
0008 0008 1666495279603948 -74.0 -70.0 5.307573526084319 1 
0008 0015 1666495279604836 117.125 -68.5 2.227340104009951 1 
0008 0002 1666495279700246 21.9375 -72.5 1.5462526341887264 1 
0008 0010 1666495279701527 -95.1875 -66.5 4.1601558967458585 1 
0008 0013 1666495279703532 -78.0625 -62.0 2.5586799541932495 1 
0008 0008 1666495279705283 208.3125 -70.5 5.037592907416445 1 
0008 0011 1666495279706176 8.9375 -55.0 2.116893487282185 1 
0008 0005 1666495279707332 -26.0 -66.0 3.5772431973493153 1 
0008 0004 1666495279708330 -100.0625 -65.5 3.6263305825616556 1 
0008 0014 1666495279709740 -48.0 -61.5 6.111379458936394 1 
0008 0012 1666495279710899 -256.3125 -71.0 4.994641445355648 1 
0008 0015 1666495279713539 13.0 -68.0 2.435961491162398 1 
0008 0014 1666495279806819 -30.0625 -61.5 6.056156150572511 1 
0008 0012 1666495279808855 -26.0 -68.5 4.76147636559703 1 
0008 0011 1666495279809792 0.0 -55.0 2.1230294104337273 1 
0008 0010 1666495279810948 -95.1875 -66.5 4.147884050442774 1 
0008 0013 1666495279811873 -39.0 -62.0 2.5341362615870793 1 
0008 0008 1666495279813010 -100.0625 -70.0 5.141903600992669 1 
0008 0015 1666495279814167 191.1875 -69.0 2.2334760271614935 1 
0008 0005 1666495279816555 -156.1875 -65.5 3.77972866135022 1 
0008 0002 1666495279818902 256.3125 -71.5 1.0615147052168636 1 
0008 0004 1666495279820055 -121.25 -65.5 3.5833791205008576 1 
0008 0005 1666495279915550 -30.0625 -65.0 3.509748042682347 1 
0008 0015 1666495279916792 13.0 -68.5 2.325514874434632 1 
0008 0012 1666495279917691 4.0625 -70.5 4.767612288748572 1 
0008 0010 1666495279918620 -21.9375 -66.5 4.037437433715008 1 
0008 0011 1666495279920037 8.9375 -55.0 2.061670178918302 1 
0008 0013 1666495279921332 -8.9375 -62.0 2.5034566458293663 1 
0008 0008 1666495279922272 4.0625 -71.0 5.135767677841127 1 
0008 0014 1666495279923414 61.0 -61.0 5.982525072754001 1 
0008 0002 1666495279924680 169.25 -71.0 1.368310862793992 1 
0008 0004 1666495279926710 4.0625 -65.0 3.442252888015379 1 
0008 0012 1666495280020200 8.9375 -70.0 4.651029748869264 1 
0008 0014 1666495280021752 -61.0 -61.5 6.086835766330224 1 
0008 0005 1666495280023106 -65.0625 -65.5 3.5956509668039427 1 
0008 0011 1666495280025594 26.0 -55.0 2.043262409463674 1 
0008 0010 1666495280026520 -78.0625 -67.0 4.1172044346850605 1 
0008 0013 1666495280027671 -17.0625 -62.5 2.466641106920111 1 
0008 0002 1666495280029796 43.125 -72.0 1.3314953238847365 1 
0008 0008 1666495280030722 -199.375 -69.5 5.264622064023521 1 
0008 0004 1666495280031790 -65.0625 -65.5 3.54042765844006 1 
0008 0015 1666495280032718 30.0625 -68.0 2.356194490192345 1 
0008 0011 1666495280126487 -13.0 -55.0 2.067806102069844 1 
0008 0015 1666495280127728 21.9375 -68.5 2.454369260617026 1 
0008 0012 1666495280129158 -386.5 -70.0 5.135767677841127 1 
0008 0002 1666495280130083 295.375 -71.5 1.055378782065321 1 
0008 0004 1666495280131478 -30.0625 -66.0 3.485204350076177 1 
0008 0014 1666495280133392 -17.0625 -61.5 6.12365130523948 1 
0008 0005 1666495280135387 -169.25 -65.5 3.663146121470911 1 
0008 0010 1666495280136924 -61.0 -66.5 4.031301510563465 1 
0008 0013 1666495280138021 -82.1875 -61.5 2.5341362615870793 1 
0008 0008 1666495280139301 13.0 -69.5 5.0682725231741586 1 
0008 0005 1666495280232546 8.9375 -66.0 3.497476196379262 1 
0008 0008 1666495280233544 169.25 -71.0 4.963961829597935 1 
0008 0011 1666495280234724 -34.9375 -55.0 2.086213871524472 1 
0008 0013 1666495280235649 74.0 -62.0 2.325514874434632 1 
0008 0012 1666495280238012 34.9375 -71.0 4.6878452877785195 1 
0008 0004 1666495280239181 -30.0625 -66.0 3.472932503773092 1 
0008 0014 1666495280240617 48.0 -62.0 5.982525072754001 1 
0008 0015 1666495280241941 225.375 -69.0 2.000310947402876 1 
0008 0002 1666495280243464 256.3125 -71.0 1.1903690913992575 1 
0008 0010 1666495280244870 -199.375 -67.5 4.135612204139688 1 
0008 0011 1666495280337786 21.9375 -54.5 2.012582793705961 1 
0008 0010 1666495280340487 -26.0 -66.0 3.9944859716542096 1 
0008 0008 1666495280341356 -217.25 -70.0 5.190990986205009 1 
0008 0002 1666495280342551 156.1875 -71.5 0.9387962421860124 1 
0008 0013 1666495280343459 8.9375 -62.0 2.435961491162398 1 
0008 0004 1666495280344359 -152.125 -65.5 3.6079228131070282 1 
0008 0014 1666495280345528 61.0 -61.5 5.970253226450915 1 
0008 0015 1666495280346671 191.1875 -68.0 2.2212041808584084 1 
0008 0012 1666495280347558 -104.125 -70.5 4.822835597112456 1 
0008 0005 1666495280348456 43.125 -65.5 3.4606606574700063 1 
0008 0011 1666495280442630 34.9375 -55.0 2.000310947402876 1 
0008 0010 1666495280443811 -147.25 -66.0 4.166291819897402 1 
0008 0014 1666495280445362 26.0 -61.5 6.043884304269426 1 
0008 0004 1666495280446558 -8.9375 -65.5 3.509748042682347 1 
0008 0005 1666495280447941 -30.0625 -66.0 3.485204350076177 1 
0008 0013 1666495280450283 -43.125 -61.5 2.5402721847386216 1 
0008 0008 1666495280453064 21.9375 -70.0 5.019185137961818 1 
0008 0015 1666495280454236 -113.0625 -67.5 2.6445828783148455 1 
0008 0012 1666495280457323 56.125 -71.5 4.632621979414636 1 
0008 0002 1666495280458262 191.1875 -70.5 1.1044661672776617 1 
0008 0014 1666495280552942 43.125 -61.0 6.007068765360171 1 
0008 0005 1666495280555273 -4.0625 -65.5 3.522019888985432 1 
0008 0004 1666495280557265 4.0625 -65.0 3.5158839658338894 1 
0008 0011 1666495280558490 -8.9375 -55.0 2.018718716857504 1 
0008 0013 1666495280559404 -30.0625 -62.0 2.5157284921324514 1 
0008 0010 1666495280560345 -238.4375 -66.5 4.301282129231338 1 
0008 0008 1666495280561961 -221.3125 -70.0 5.332117218690489 1 
0008 0015 1666495280563538 -30.0625 -68.5 2.350058567040802 1 
0008 0012 1666495280564737 78.0625 -70.5 4.6448938257177215 1 
0008 0002 1666495280565664 -152.125 -71.5 1.662835174068035 1 
0008 0012 1666495280658859 52.0625 -70.5 4.718524903536232 1 
0008 0013 1666495280660354 -182.25 -62.0 2.730485802436441 1 
0008 0005 1666495280661522 34.9375 -65.0 3.4606606574700063 1 
0008 0011 1666495280662462 43.125 -55.0 1.9757672547967058 1 
0008 0010 1666495280665721 -156.1875 -67.0 4.172427743048944 1 
0008 0015 1666495280666689 -21.9375 -67.5 2.399145952253143 1 
0008 0008 1666495280667643 87.0625 -71.5 4.9823695990525625 1 
0008 0004 1666495280668556 -74.0 -65.5 3.6140587362585705 1 
0008 0014 1666495280669711 -74.0 -61.5 6.105243535784852 1 
0008 0002 1666495280671954 -139.125 -71.5 1.6014759425526093 1 
0008 0008 1666495280766207 -17.0625 -69.5 5.043728830567988 1 
0008 0005 1666495280768426 -34.9375 -65.5 3.466796580621549 1 
0008 0012 1666495280770476 -286.4375 -71.0 4.957825906446392 1 
0008 0014 1666495280771343 -21.9375 -61.5 6.074563920027139 1 
0008 0002 1666495280772739 221.3125 -72.0 1.0492428589137786 1 
0008 0011 1666495280773647 -8.9375 -55.0 2.061670178918302 1 
0008 0004 1666495280774578 -108.1875 -66.5 3.5956509668039427 1 
0008 0015 1666495280775505 39.0 -68.0 2.2518837966161214 1 
0008 0010 1666495280776559 -56.125 -66.5 4.111068511533518 1 
0008 0013 1666495280777952 -204.25 -61.0 2.724349879284899 1 
0008 0011 1666495280871772 8.9375 -55.5 1.9880391010997909 1 
0008 0008 1666495280872629 321.4375 -69.5 4.822835597112456 1 
0008 0002 1666495280875137 -39.0 -71.5 1.7916895602504288 1 
0008 0013 1666495280877899 -4.0625 -61.5 2.423689644859313 1 
0008 0010 1666495280878786 -195.25 -66.0 4.23378697456437 1 
0008 0014 1666495280879910 13.0 -61.5 6.025476534814799 1 
0008 0015 1666495280881236 -87.0625 -69.0 2.6200391857086753 1 
0008 0005 1666495280882266 -113.0625 -66.0 3.6570101983193686 1 
0008 0004 1666495280883136 113.0625 -65.0 3.6692820446224537 1 
0008 0012 1666495280885302 30.0625 -71.5 4.509903516383785 1 
0008 0015 1666495280984932 -13.0 -68.0 2.650718801466388 1 
0008 0014 1666495280985875 48.0 -62.0 6.154330920997192 1 
0008 0012 1666495280986817 4.0625 -71.5 4.534447208989955 1 
0008 0004 1666495280987689 -91.125 -67.0 3.9576704327449543 1 
0008 0002 1666495280989822 -364.5625 -73.0 2.6445828783148455 1 
0008 0010 1666495280992163 -26.0 -64.5 4.147884050442774 1 
0008 0013 1666495280993342 -4.0625 -60.5 2.2641556429192065 1 
0008 0008 1666495280994806 -43.125 -67.5 5.473243451175968 1 
0008 0005 1666495280995946 34.9375 -68.0 3.2888548092268146 1 
0008 0011 1666495280997795 48.0 -56.5 1.748738098189631 1 
0008 0015 1666495281094962 39.0 -67.5 3.067961575771282 1 
0008 0005 1666495281096131 130.1875 -69.0 2.7979809571034093 1 
0008 0014 1666495281098929 13.0 -62.0 0.1902136176978195 1 
0008 0010 1666495281100082 -82.1875 -62.5 3.5158839658338894 1 
0008 0011 1666495281102086 26.0 -59.5 0.9387962421860124 1 
0008 0004 1666495281103000 -143.1875 -69.0 4.09266074207889 1 
0008 0013 1666495281104403 4.0625 -60.0 2.2518837966161214 1 
0008 0008 1666495281105542 -21.9375 -65.0 6.12365130523948 1 
0008 0002 1666495281110715 416.625 -73.0 2.945243112740431 1 
0008 0009 1666495281150078 -1.625 -72.5 5.822991070813893 1 
0008 0007 1666495281209515 2.1875 -78.0 2.521864415283994 1 
0008 0012 1666495281228579 0.0 -76.5 5.448699758569798 1 
0008 0010 1666495281235151 17.0625 -57.5 1.4296700943094176 1 
0008 0005 1666495281236530 4.0625 -66.5 2.509592568980909 1 
0008 0014 1666495281239764 -17.0625 -63.5 0.3190680038802134 1 
0008 0011 1666495281240966 -152.125 -69.0 6.178874613603362 1 
0008 0013 1666495281242557 -65.0625 -64.0 2.730485802436441 1 
0008 0008 1666495281243528 204.25 -69.0 5.841398840268521 1 
0008 0004 1666495281247732 -455.6875 -71.5 2.4175537217077703 1 
0008 0015 1666495281248886 -143.1875 -69.5 4.135612204139688 1 
0008 0007 1666495281298753 -4.0625 -78.5 1.1903690913992575 1 
0008 0004 1666495281351400 -13.0 -63.5 1.4726215563702154 1 
0008 0008 1666495281352593 -4.0625 -62.5 2.859340188618835 1 
0008 0015 1666495281353780 -169.25 -71.5 4.454680208019902 1 
0008 0013 1666495281354929 -121.25 -70.5 2.350058567040802 1 
0008 0005 1666495281356762 -78.0625 -67.5 2.2764274892222915 1 
0008 0014 1666495281357661 34.9375 -66.0 0.21475731030398976 1 
0008 0010 1666495281358798 -56.125 -56.5 6.19728238305799 1 
0008 0007 1666495281431049 -8.0 -78.0 4.853515212870168 1 
0008 0008 1666495281463429 8.9375 -55.5 2.705942109830271 1 
0008 0010 1666495281464729 -91.125 -66.0 4.816699673960914 1 
0008 0005 1666495281466783 -17.0625 -69.0 0.006135923151542565 1 
0008 0004 1666495281467713 -34.9375 -68.5 0.6381360077604268 1 
0008 0009 1666495281468657 43.125 -66.5 1.6014759425526093 1 
0008 0014 1666495281470094 -13.0 -66.5 0.3988350048502667 1 
0008 0002 1666495281471391 -169.25 -74.5 3.8717675086233583 1 
0008 0007 1666495281495409 26.0625 -77.5 0.9940195505498954 1 
0008 0015 1666495281552266 -4.875 -75.0 2.325514874434632 1 
0008 0009 1666495281576507 26.0 -62.0 1.0983302441261191 1 
0008 0008 1666495281578300 -61.0 -63.0 6.1420590746941075 1 
0008 0014 1666495281579156 43.125 -68.5 0.11044661672776616 1 
0008 0004 1666495281582835 -4.0625 -62.5 4.074252972624263 1 
0008 0000 1666495281584348 43.125 -68.0 4.080388895775806 1 
0008 0005 1666495281585472 -48.0 -69.5 4.988505522204105 1 
0008 0001 1666495281595671 10.9375 -72.0 1.5033011721279284 1 
0008 0015 1666495281655708 4.625 -75.5 5.675728915176872 1 
0008 0002 1666495281678715 0.4375 -75.5 3.56497135104623 1 
0008 0004 1666495281700518 -30.0625 -65.0 3.859495662320273 1 
0008 0002 1666495281701698 147.25 -71.5 6.2463697682703305 1 
0008 0008 1666495281703343 21.9375 -58.5 4.878058905476339 1 
0008 0014 1666495281706710 -21.9375 -68.0 0.04295146206079795 1 
0008 0005 1666495281707582 108.1875 -69.5 2.6568547246179306 1 
0008 0009 1666495281708480 -17.0625 -67.5 5.816855147662351 1 
0008 0000 1666495281731083 -0.75 -73.5 1.2455923997631406 1 
0008 0001 1666495281801794 4.625 -74.5 1.5462526341887264 1 
0008 0014 1666495281816798 -100.0625 -67.5 0.1595340019401067 1 
0008 0008 1666495281818302 -34.9375 -67.5 3.6692820446224537 1 
0008 0005 1666495281819242 48.0 -68.0 1.8530487917658545 1 
0008 0000 1666495281820129 -104.125 -67.0 0.3436116964863836 1 
0008 0002 1666495281824930 -78.0625 -72.0 0.01227184630308513 1 
0008 0001 1666495281825915 173.3125 -70.5 1.3008157081270237 1 
0008 0004 1666495281904646 0.4375 -73.5 0.11044661672776616 1 
0008 0014 1666495281925367 -17.0625 -63.5 0.1718058482431918 1 
0008 0001 1666495281926775 -4.0625 -68.5 1.1780972450961724 1 
0008 0008 1666495281927629 13.0 -66.5 1.8530487917658545 1 
0008 0004 1666495281928585 -69.125 -70.0 6.234097921967246 1 
0008 0000 1666495281932372 -13.0 -67.0 0.06135923151542565 1 
0008 0005 1666495281936407 -126.125 -70.5 1.932815792735908 1 
0008 0015 1666495281990781 4.0625 -74.0 4.356505437595221 1 
0008 0001 1666495282040681 69.125 -67.5 1.1044661672776617 1 
0008 0014 1666495282042239 -4.0625 -62.0 0.01227184630308513 1 
0008 0004 1666495282043380 91.125 -66.5 5.939573610693203 1 
0008 0008 1666495282047065 -34.9375 -64.5 1.3621749396424494 1 
0008 0000 1666495282047993 -69.125 -69.0 6.240233845118788 1 
0008 0015 1666495282072665 0.0 -73.5 1.4664856332186729 1 
0008 0001 1666495282145688 0.0 -68.5 1.3008157081270237 1 
0008 0004 1666495282147723 8.9375 -65.0 5.9518454569962875 1 
0008 0008 1666495282148650 -26.0 -63.5 1.1658253987930873 1 
0008 0000 1666495282151163 -147.25 -69.5 0.04908738521234052 1 
0008 0014 1666495282152119 48.0 -62.0 6.178874613603362 1 
0008 0015 1666495282196242 1.9375 -73.5 4.589670517353839 1 
0008 0001 1666495282252962 -56.125 -67.5 1.5462526341887264 1 
0008 0008 1666495282254356 104.125 -64.0 1.043106935762236 1 
0008 0004 1666495282255821 -87.0625 -64.5 5.982525072754001 1 
0008 0014 1666495282260347 17.0625 -62.5 6.19728238305799 1 
0008 0000 1666495282261634 156.1875 -69.5 6.019340611663256 1 
0008 0000 1666495282354958 4.0625 -69.0 0.04908738521234052 1 
0008 0001 1666495282357051 39.0 -68.0 1.4603497100671303 1 
0008 0014 1666495282358217 17.0625 -62.0 6.258641614573416 1 
0008 0004 1666495282359400 -78.0625 -64.0 5.921165841238575 1 
0008 0008 1666495282360552 -26.0 -63.5 1.0921943209745766 1 
0008 0000 1666495282455511 -69.125 -68.5 0.14112623248547898 1 
0008 0001 1666495282457276 52.0625 -68.0 1.6382914814618648 1 
0008 0014 1666495282458558 -4.0625 -61.5 6.2463697682703305 1 
0008 0008 1666495282459697 -39.0 -63.0 1.055378782065321 1 
0008 0004 1666495282461078 65.0625 -63.5 5.749359992995383 1 
0008 0008 1666495282555862 -52.0625 -63.5 0.9940195505498954 1 
0008 0001 1666495282556759 78.0625 -68.0 1.552388557340269 1 
0008 0014 1666495282558352 43.125 -62.5 6.1850105367549055 1 
0008 0004 1666495282559278 -34.9375 -63.5 5.816855147662351 1 
0008 0000 1666495282562973 -91.125 -68.5 0.11658253987930872 1 
0008 0004 1666495282658445 -13.0 -64.0 5.816855147662351 1 
0008 0008 1666495282662035 56.125 -63.5 0.8467573949128739 1 
0008 0000 1666495282662906 26.0 -67.5 6.264777537724958 1 
0008 0014 1666495282664089 61.0 -62.0 6.1420590746941075 1 
0008 0001 1666495282665213 -43.125 -67.5 1.718058482431918 1 
0008 0014 1666495282758784 -61.0 -62.0 0.03681553890925539 1 
0008 0004 1666495282761497 30.0625 -63.5 5.780039608753096 1 
0008 0001 1666495282762782 104.125 -67.0 1.521708941582556 1 
0008 0000 1666495282763921 -87.0625 -68.5 0.07976700097005335 1 
0008 0008 1666495282765074 -56.125 -64.0 0.9265243958829272 1 
0008 0004 1666495282869608 -43.125 -64.0 5.749359992995383 1 
0008 0001 1666495282872349 256.3125 -68.0 1.4051264017032472 1 
0008 0014 1666495282873829 -34.9375 -62.5 6.258641614573416 1 
0008 0008 1666495282874724 4.0625 -63.0 1.4296700943094176 1 
0008 0000 1666495282876379 -52.0625 -67.0 0.06135923151542565 1 
0008 0015 1666495282978755 -7.625 -75.0 4.540583132141498 1 
0008 0008 1666495282991423 43.125 -63.0 1.3130875544301088 1 
0008 0004 1666495282992531 -13.0 -63.5 5.712544454086128 1 
0008 0014 1666495282993416 39.0 -62.5 6.240233845118788 1 
0008 0001 1666495282998022 65.0625 -68.0 1.6444274046134073 1 
0008 0000 1666495282998980 -260.375 -66.0 0.28225246497095796 1 
0008 0015 1666495283087392 -0.8125 -75.5 4.3074180523828804 1 
0008 0000 1666495283105906 52.0625 -66.5 6.252505691421874 1 
0008 0008 1666495283107695 -17.0625 -62.5 1.4910293258248433 1 
0008 0001 1666495283108609 -13.0 -68.0 1.6382914814618648 1 
0008 0004 1666495283111503 -139.125 -64.0 5.915029918087033 1 
0008 0014 1666495283112431 82.1875 -62.0 6.1850105367549055 1 
0008 0015 1666495283206327 5.4375 -75.5 4.3933209765044765 1 
0008 0004 1666495283213065 -130.1875 -63.0 5.896622148632405 1 
0008 0001 1666495283214500 74.0 -67.5 1.5707963267948966 1 
0008 0008 1666495283216986 -26.0 -63.0 1.4051264017032472 1 
0008 0014 1666495283218249 0.0 -61.5 0.02454369260617026 1 
0008 0000 1666495283219169 -104.125 -66.0 0.09203884727313846 1 
0008 0015 1666495283298508 -6.125 -75.0 1.337631247036279 1 
0008 0014 1666495283323877 13.0 -62.0 6.215690152512618 1 
0008 0000 1666495283326153 -221.3125 -65.5 0.1718058482431918 1 
0008 0008 1666495283329378 -43.125 -63.0 1.4726215563702154 1 
0008 0004 1666495283330560 30.0625 -64.0 5.743224069843841 1 
0008 0001 1666495283332110 4.0625 -68.5 1.748738098189631 1 
0008 0015 1666495283427120 -2.1875 -75.0 4.448544284868359 1 
0008 0000 1666495283436885 -17.0625 -65.5 6.178874613603362 1 
0008 0014 1666495283439190 13.0 -62.0 0.006135923151542565 1 
0008 0008 1666495283440413 -17.0625 -63.0 1.3867186322486196 1 
0008 0001 1666495283441270 117.125 -68.0 1.4971652489763858 1 
0008 0004 1666495283442693 30.0625 -64.0 5.706408530934585 1 
0008 0015 1666495283502709 -2.5 -75.0 4.368777283898306 1 
0008 0008 1666495283543641 -4.0625 -63.0 1.380582709097077 1 
0008 0001 1666495283545661 -21.9375 -68.0 1.6444274046134073 1 
0008 0000 1666495283547224 -4.0625 -66.5 6.1420590746941075 1 
0008 0004 1666495283548494 17.0625 -63.5 5.663457068873787 1 
0008 0014 1666495283549905 69.125 -62.0 6.209554229361076 1 
0008 0015 1666495283633914 -5.9375 -75.0 4.479223900626073 1 
0008 0014 1666495283654197 13.0 -61.5 6.22182607566416 1 
0008 0004 1666495283655847 -56.125 -64.5 5.700272607783043 1 
0008 0008 1666495283657013 -13.0 -63.5 1.380582709097077 1 
0008 0001 1666495283658380 48.0 -67.5 1.5155730184310134 1 
0008 0000 1666495283659563 -104.125 -66.5 6.2463697682703305 1 
0008 0015 1666495283758152 -2.1875 -75.0 1.2517283229146832 1 
0008 0004 1666495283780973 -61.0 -64.0 5.773903685601553 1 
0008 0008 1666495283781910 4.0625 -63.5 1.3560390164909069 1 
0008 0014 1666495283787124 -8.9375 -62.0 0.006135923151542565 1 
0008 0000 1666495283789651 -113.0625 -67.5 6.215690152512618 1 
0008 0001 1666495283790889 61.0 -68.0 1.552388557340269 1 
0008 0015 1666495283917059 2.5 -74.5 4.3933209765044765 1 
0008 0000 1666495283933320 48.0 -68.0 6.1420590746941075 1 
0008 0004 1666495283935310 30.0625 -64.0 5.66959299202533 1 
0008 0008 1666495283936704 61.0 -63.5 1.2455923997631406 1 
0008 0014 1666495283937632 -65.0625 -62.5 0.05522330836388308 1 
0008 0001 1666495283942341 -61.0 -68.0 1.6260196351587797 1 
