0008 0008 1666495300036089 121.25 -69.0 4.970097752749477 1 
0008 0014 1666495300037525 17.0625 -61.0 5.9518454569962875 1 
0008 0011 1666495300038693 78.0625 -56.0 2.1230294104337273 1 
0008 0004 1666495300040844 -225.375 -64.5 3.80427235395639 1 
0008 0015 1666495300137397 13.0 -68.5 2.2089323345553233 1 
0008 0013 1666495300139103 -26.0 -60.0 2.386874105950058 1 
0008 0014 1666495300140043 21.9375 -61.0 5.970253226450915 1 
0008 0002 1666495300140982 69.125 -71.5 1.325359400733194 1 
0008 0008 1666495300144286 130.1875 -70.5 5.043728830567988 1 
0008 0011 1666495300145452 43.125 -56.0 2.1659808724945253 1 
0008 0010 1666495300147538 -69.125 -66.0 4.368777283898306 1 
0008 0004 1666495300148678 -39.0 -65.0 3.650874275167826 1 
0008 0005 1666495300149633 -13.0 -65.0 3.3747577333484107 1 
0008 0014 1666495300242564 4.0625 -61.0 6.025476534814799 1 
0008 0002 1666495300244216 -113.0625 -71.5 1.380582709097077 1 
0008 0015 1666495300245623 -13.0 -68.5 2.2027964114037806 1 
0008 0010 1666495300247642 -95.1875 -66.0 4.430136515413731 1 
0008 0011 1666495300248766 48.0 -56.5 2.1966604882522383 1 
0008 0013 1666495300250914 30.0625 -60.5 2.350058567040802 1 
0008 0008 1666495300254195 -61.0 -70.0 5.1725832167503825 1 
0008 0005 1666495300255334 -95.1875 -64.5 3.442252888015379 1 
0008 0004 1666495300256262 -134.25 -66.5 3.6999616603801666 1 
0008 0014 1666495300351896 30.0625 -61.0 6.000932842208628 1 
0008 0015 1666495300353165 -34.9375 -68.5 2.337786720737717 1 
0008 0013 1666495300354079 117.125 -60.5 2.2212041808584084 1 
0008 0002 1666495300355215 26.0 -71.0 1.4603497100671303 1 
0008 0008 1666495300356113 169.25 -71.0 4.871922982324796 1 
0008 0010 1666495300357053 -69.125 -66.0 4.381049130201391 1 
0008 0011 1666495300357992 4.0625 -56.5 2.2764274892222915 1 
0008 0004 1666495300359518 30.0625 -65.5 3.56497135104623 1 
0008 0005 1666495300360475 -74.0 -65.0 3.393165502803038 1 
0008 0010 1666495300454942 -82.1875 -67.0 4.3933209765044765 1 
0008 0013 1666495300455826 -134.25 -60.0 2.4727770300716534 1 
0008 0004 1666495300457234 -13.0 -65.0 3.663146121470911 1 
0008 0002 1666495300459337 91.125 -72.0 1.2701360923693108 1 
0008 0008 1666495300460489 -117.125 -70.5 5.295301679781233 1 
0008 0014 1666495300461400 -8.9375 -61.5 6.007068765360171 1 
0008 0011 1666495300463547 -13.0 -56.5 2.325514874434632 1 
0008 0015 1666495300466773 169.25 -68.5 2.055534255766759 1 
0008 0005 1666495300469644 -78.0625 -64.0 3.4913402732277192 1 
0008 0005 1666495300564405 39.0 -65.5 3.3440781175906977 1 
0008 0008 1666495300565342 -21.9375 -70.5 5.031456984264903 1 
0008 0010 1666495300567277 -121.25 -66.0 4.516039439535327 1 
0008 0014 1666495300568132 -13.0 -61.0 5.988660995905543 1 
0008 0015 1666495300569064 -243.3125 -68.5 2.6691265709210157 1 
0008 0013 1666495300570172 -52.0625 -60.5 2.4605051837685683 1 
0008 0002 1666495300571309 -108.1875 -71.0 1.4542137869155878 1 
0008 0011 1666495300573212 8.9375 -56.5 2.3439226438892597 1 
0008 0004 1666495300577147 0.0 -65.0 3.663146121470911 1 
0008 0010 1666495300671549 4.0625 -65.5 4.485359823777615 1 
0008 0013 1666495300672703 26.0 -60.0 2.3746022596469727 1 
0008 0002 1666495300674168 108.1875 -71.5 1.3928545554001621 1 
0008 0014 1666495300675080 -39.0 -61.0 6.111379458936394 1 
0008 0008 1666495300676233 -195.25 -70.0 5.350524988145116 1 
0008 0015 1666495300678391 -8.9375 -69.0 2.2457478734645786 1 
0008 0005 1666495300679816 -48.0 -64.5 3.399301425954581 1 
0008 0011 1666495300681480 26.0 -56.5 2.3439226438892597 1 
0008 0004 1666495300683853 -74.0 -64.5 3.7429131224409646 1 
0008 0011 1666495300783649 -48.0 -56.0 2.435961491162398 1 
0008 0010 1666495300785667 21.9375 -65.5 4.270602513473625 1 
0008 0013 1666495300786533 17.0625 -60.0 2.411417798556228 1 
0008 0014 1666495300787434 -43.125 -61.0 6.086835766330224 1 
0008 0015 1666495300789253 134.25 -69.0 2.0800779483729293 1 
0008 0005 1666495300790137 -74.0 -65.5 3.497476196379262 1 
0008 0004 1666495300791064 -26.0 -65.0 3.718369429834794 1 
0008 0002 1666495300792332 -195.25 -71.5 1.5585244804918115 1 
0008 0008 1666495300793242 30.0625 -71.0 5.123495831538041 1 
0008 0014 1666495300888260 -34.9375 -61.5 6.0991076126333095 1 
0008 0008 1666495300889469 34.9375 -70.5 5.056000676871073 1 
0008 0010 1666495300890649 -17.0625 -65.5 4.460816131171445 1 
0008 0002 1666495300891803 -139.125 -71.5 1.5033011721279284 1 
0008 0013 1666495300894561 -82.1875 -60.5 2.5402721847386216 1 
0008 0015 1666495300895489 204.25 -69.5 2.1537090261914402 1 
0008 0005 1666495300896841 -178.1875 -64.0 3.5833791205008576 1 
0008 0004 1666495300898463 104.125 -65.5 3.6386024288647407 1 
0008 0011 1666495300899855 13.0 -55.5 2.3930100291016 1 
0008 0011 1666495300997769 -26.0 -56.0 2.442097414313941 1 
0008 0014 1666495300999806 -34.9375 -61.0 6.062292073724054 1 
0008 0013 1666495301001369 -39.0 -60.0 2.4605051837685683 1 
0008 0010 1666495301002918 21.9375 -66.0 4.430136515413731 1 
0008 0015 1666495301003878 -312.4375 -69.0 2.6445828783148455 1 
0008 0002 1666495301004787 199.375 -72.0 1.4051264017032472 1 
0008 0008 1666495301006066 -21.9375 -69.5 5.178719139901925 1 
0008 0005 1666495301008486 -21.9375 -64.5 3.429981041712294 1 
0008 0004 1666495301009386 -30.0625 -65.5 3.792000507653305 1 
0008 0005 1666495301103788 -87.0625 -65.0 3.411573272257666 1 
0008 0011 1666495301105313 -52.0625 -56.5 2.4605051837685683 1 
0008 0004 1666495301106679 87.0625 -66.0 3.5588354278946874 1 
0008 0010 1666495301107816 -4.0625 -66.0 4.454680208019902 1 
0008 0014 1666495301109199 13.0 -61.5 5.988660995905543 1 
0008 0013 1666495301110337 -13.0 -60.0 2.478912953223196 1 
0008 0002 1666495301112343 195.25 -71.0 1.3069516312785663 1 
0008 0008 1666495301113267 -61.0 -70.5 5.387340527054372 1 
0008 0015 1666495301116347 52.0625 -69.0 2.3316507975861747 1 
0008 0005 1666495301210155 -30.0625 -64.5 3.454524734318464 1 
0008 0011 1666495301212697 13.0 -56.0 2.386874105950058 1 
0008 0002 1666495301214079 234.3125 -73.0 1.2762720155208536 1 
0008 0013 1666495301214973 -43.125 -60.0 2.509592568980909 1 
0008 0010 1666495301216112 117.125 -66.0 4.356505437595221 1 
0008 0008 1666495301217973 -225.375 -69.5 5.344389064993574 1 
0008 0015 1666495301219383 104.125 -68.0 2.2334760271614935 1 
0008 0014 1666495301221788 30.0625 -61.5 6.007068765360171 1 
0008 0004 1666495301222629 -39.0 -65.0 3.749049045592507 1 
0008 0008 1666495301317195 -82.1875 -69.5 5.289165756629691 1 
0008 0010 1666495301319028 -82.1875 -66.5 4.540583132141498 1 
0008 0005 1666495301320791 8.9375 -64.5 3.3195344249845276 1 
0008 0013 1666495301322172 -39.0 -60.5 2.5280003384355365 1 
0008 0015 1666495301324390 -17.0625 -69.0 2.380738182798515 1 
0008 0002 1666495301326165 43.125 -72.0 1.4296700943094176 1 
0008 0004 1666495301327422 -91.125 -65.5 3.80427235395639 1 
0008 0011 1666495301328361 4.0625 -56.0 2.448233337465483 1 
0008 0014 1666495301329376 -8.9375 -61.0 6.043884304269426 1 
0008 0014 1666495301422604 4.0625 -61.0 6.019340611663256 1 
0008 0011 1666495301424837 -13.0 -56.0 2.4911847995262812 1 
0008 0005 1666495301425778 8.9375 -64.5 3.380893656499953 1 
0008 0004 1666495301427412 -4.0625 -66.0 3.6815538909255388 1 
0008 0008 1666495301428777 -48.0 -69.5 5.221670601962723 1 
0008 0013 1666495301429672 8.9375 -60.5 2.435961491162398 1 
0008 0015 1666495301431606 -43.125 -69.0 2.3439226438892597 1 
0008 0010 1666495301433159 -108.1875 -66.0 4.540583132141498 1 
0008 0002 1666495301434666 -65.0625 -71.0 1.6751070203711202 1 
0008 0011 1666495301528579 21.9375 -56.0 2.4911847995262812 1 
0008 0015 1666495301530416 -43.125 -68.5 2.3439226438892597 1 
0008 0002 1666495301532393 152.125 -71.0 1.3192234775816514 1 
0008 0008 1666495301534247 -95.1875 -69.5 5.393476450205914 1 
0008 0010 1666495301535428 39.0 -65.5 4.387185053352934 1 
0008 0013 1666495301536788 0.0 -60.0 2.411417798556228 1 
0008 0014 1666495301537720 -56.125 -61.0 6.111379458936394 1 
0008 0004 1666495301539004 -52.0625 -65.5 3.7429131224409646 1 
0008 0005 1666495301539945 -108.1875 -65.0 3.497476196379262 1 
0008 0002 1666495301634486 139.125 -70.5 1.4173982480063325 1 
0008 0005 1666495301635427 -13.0 -64.5 3.380893656499953 1 
0008 0008 1666495301636579 -169.25 -70.0 5.368932757599744 1 
0008 0011 1666495301639293 -43.125 -56.0 2.5280003384355365 1 
0008 0013 1666495301640544 8.9375 -60.0 2.435961491162398 1 
0008 0004 1666495301641942 -82.1875 -66.0 3.810408277107933 1 
0008 0014 1666495301643606 -21.9375 -61.0 6.037748381117884 1 
0008 0015 1666495301645544 308.375 -69.0 2.012582793705961 1 
0008 0010 1666495301646441 -165.1875 -65.5 4.718524903536232 1 
0008 0010 1666495301737988 -74.0 -65.5 4.503767593232243 1 
0008 0004 1666495301740215 -156.1875 -66.0 3.9147189706841563 1 
0008 0013 1666495301741109 -4.0625 -60.0 2.454369260617026 1 
0008 0014 1666495301742251 -56.125 -61.0 6.068427996875596 1 
0008 0011 1666495301743403 17.0625 -55.5 2.509592568980909 1 
0008 0002 1666495301744327 -4.0625 -73.0 1.5585244804918115 1 
0008 0005 1666495301746008 -43.125 -65.0 3.423845118560751 1 
0008 0015 1666495301747406 -165.1875 -69.0 2.466641106920111 1 
0008 0008 1666495301748331 -182.25 -70.0 5.264622064023521 1 
0008 0011 1666495301846211 30.0625 -56.0 2.5034566458293663 1 
0008 0008 1666495301847108 -65.0625 -70.0 5.240078371417351 1 
0008 0015 1666495301848748 -43.125 -69.0 2.448233337465483 1 
0008 0014 1666495301849705 -52.0625 -61.0 6.105243535784852 1 
0008 0002 1666495301850885 260.375 -70.5 1.2026409377023426 1 
0008 0005 1666495301852307 26.0 -64.5 3.393165502803038 1 
0008 0013 1666495301853203 21.9375 -60.5 2.4727770300716534 1 
0008 0004 1666495301855663 -108.1875 -66.0 3.792000507653305 1 
0008 0010 1666495301857079 0.0 -66.0 4.4976316700806995 1 
0008 0014 1666495301966260 8.9375 -61.5 6.037748381117884 1 
0008 0008 1666495301967173 -121.25 -70.0 5.325981295538946 1 
0008 0015 1666495301969186 13.0 -68.0 2.5893595699509624 1 
0008 0011 1666495301971647 -21.9375 -55.5 2.552544031041707 1 
0008 0004 1666495301973821 -178.1875 -66.0 3.9147189706841563 1 
0008 0013 1666495301975568 -108.1875 -60.5 2.5709518004963345 1 
0008 0010 1666495301976580 -61.0 -65.5 4.522175362686871 1 
0008 0005 1666495301977494 -117.125 -64.5 3.693825737228624 1 
0008 0002 1666495301978672 -74.0 -70.0 1.607611865704152 1 
0008 0008 1666495302072491 17.0625 -70.0 5.2339424482658075 1 
0008 0004 1666495302073404 -21.9375 -65.5 3.724505352986337 1 
0008 0014 1666495302074559 -30.0625 -61.0 6.043884304269426 1 
0008 0015 1666495302075998 91.125 -68.5 2.6016314162540475 1 
0008 0002 1666495302079388 4.0625 -71.0 1.5033011721279284 1 
0008 0005 1666495302080602 -30.0625 -64.0 3.6140587362585705 1 
0008 0011 1666495302082814 0.0 -56.0 2.4911847995262812 1 
0008 0010 1666495302083915 17.0625 -65.5 4.509903516383785 1 
0008 0013 1666495302085098 52.0625 -61.0 2.442097414313941 1 
0008 0004 1666495302179859 -108.1875 -65.0 3.822680123411018 1 
0008 0008 1666495302180723 -8.9375 -70.0 5.160311370447297 1 
0008 0002 1666495302183995 -13.0 -72.5 1.5033011721279284 1 
0008 0005 1666495302184894 -21.9375 -65.0 3.736777199289422 1 
0008 0015 1666495302185810 13.0 -68.0 2.5770877236478773 1 
0008 0013 1666495302186977 34.9375 -60.5 2.478912953223196 1 
0008 0011 1666495302188144 -17.0625 -56.0 2.4727770300716534 1 
0008 0010 1666495302189283 26.0 -65.0 4.381049130201391 1 
0008 0014 1666495302190213 -52.0625 -61.0 6.111379458936394 1 
0008 0004 1666495302286208 -152.125 -65.5 3.890175278077986 1 
0008 0008 1666495302287105 -221.3125 -70.5 5.289165756629691 1 
0008 0013 1666495302288224 -8.9375 -60.5 2.4911847995262812 1 
0008 0015 1666495302289379 8.9375 -67.5 2.521864415283994 1 
0008 0002 1666495302292008 121.25 -71.5 1.5155730184310134 1 
0008 0014 1666495302294126 17.0625 -61.5 6.043884304269426 1 
0008 0011 1666495302296826 13.0 -56.0 2.3930100291016 1 
0008 0010 1666495302298365 43.125 -66.0 4.3933209765044765 1 
0008 0005 1666495302299919 -26.0 -64.0 3.650874275167826 1 
0008 0010 1666495302395579 48.0 -66.0 4.448544284868359 1 
0008 0004 1666495302396492 -34.9375 -65.5 3.718369429834794 1 
0008 0011 1666495302398738 -26.0 -56.0 2.4175537217077703 1 
0008 0008 1666495302400194 -130.1875 -70.5 5.307573526084319 1 
0008 0014 1666495302401346 -8.9375 -61.0 6.043884304269426 1 
0008 0015 1666495302402264 230.25 -69.0 2.3930100291016 1 
0008 0013 1666495302403172 48.0 -60.5 2.411417798556228 1 
0008 0005 1666495302404131 -65.0625 -64.5 3.693825737228624 1 
0008 0002 1666495302407365 -52.0625 -71.0 1.564660403643354 1 
0008 0008 1666495302501931 43.125 -70.0 5.080544369477243 1 
0008 0013 1666495302503337 -13.0 -60.0 2.4175537217077703 1 
0008 0004 1666495302505798 -26.0 -65.5 3.7122335066832517 1 
0008 0010 1666495302506980 -43.125 -65.0 4.405592822807561 1 
0008 0014 1666495302508163 52.0625 -61.0 5.927301764390117 1 
0008 0015 1666495302509331 -13.0 -69.0 2.5709518004963345 1 
0008 0005 1666495302511466 -113.0625 -65.0 3.773592738198677 1 
0008 0011 1666495302512404 -17.0625 -56.0 2.442097414313941 1 
0008 0002 1666495302515698 21.9375 -71.0 1.5278448647340985 1 
0008 0010 1666495302610780 -21.9375 -65.0 4.313553975534423 1 
0008 0015 1666495302612513 8.9375 -68.5 2.6323110320117604 1 
0008 0013 1666495302613381 4.0625 -60.0 2.423689644859313 1 
0008 0014 1666495302614536 8.9375 -61.5 6.013204688511713 1 
0008 0008 1666495302615928 -8.9375 -68.5 5.295301679781233 1 
0008 0011 1666495302616897 -8.9375 -55.5 2.337786720737717 1 
0008 0005 1666495302619401 -87.0625 -65.0 3.706097583531709 1 
0008 0004 1666495302620942 -69.125 -66.0 3.8533597391687304 1 
0008 0002 1666495302622322 -69.125 -71.5 1.859184714917397 1 
0008 0008 1666495302716468 -147.25 -68.5 5.534602682691394 1 
0008 0004 1666495302719016 -30.0625 -67.0 3.792000507653305 1 
0008 0014 1666495302720169 4.0625 -61.5 6.111379458936394 1 
0008 0005 1666495302721328 -21.9375 -67.0 3.693825737228624 1 
0008 0011 1666495302722211 21.9375 -56.0 1.7732817907958012 1 
0008 0013 1666495302723168 65.0625 -59.0 2.2212041808584084 1 
0008 0002 1666495302724067 -134.25 -71.0 2.3193789512830896 1 
0008 0015 1666495302725095 -147.25 -69.5 2.82252464970958 1 
0008 0010 1666495302726050 -52.0625 -65.5 4.06811704947272 1 
0008 0004 1666495302820799 -295.375 -69.5 4.184699589352029 1 
0008 0014 1666495302821723 -43.125 -61.0 6.19728238305799 1 
0008 0008 1666495302823143 78.0625 -64.5 5.982525072754001 1 
0008 0005 1666495302824539 61.0 -69.0 3.313398501832985 1 
0008 0002 1666495302828590 0.0 -72.0 3.172272269347506 1 
0008 0011 1666495302830156 0.0 -58.0 0.9265243958829272 1 
0008 0010 1666495302831712 48.0 -63.5 3.2520392703175593 1 
0008 0013 1666495302832589 0.0 -58.5 2.0800779483729293 1 
0008 0015 1666495302834106 130.1875 -69.5 2.82252464970958 1 
0008 0009 1666495302920305 -1.9375 -72.0 5.945709533844745 1 
0008 0009 1666495302935217 -30.0625 -69.5 5.602097837358362 1 
0008 0014 1666495302936327 87.0625 -61.5 0.1595340019401067 1 
0008 0010 1666495302938317 -56.125 -61.0 2.024854640009046 1 
0008 0013 1666495302940065 69.125 -59.5 1.9082721001297376 1 
0008 0008 1666495302941202 -34.9375 -62.5 0.39269908169872414 1 
0008 0011 1666495302944393 4.0625 -65.5 5.878214379177777 1 
0008 0015 1666495302946684 -82.1875 -68.5 3.5895150436524004 1 
0008 0005 1666495302947697 100.0625 -69.0 2.0800779483729293 1 
0008 0002 1666495302949101 8.9375 -73.5 4.963961829597935 1 
0008 0004 1666495303002483 -3.1875 -75.0 5.3198453723874035 1 
0008 0012 1666495303037693 -1.625 -78.0 1.6014759425526093 1 
0008 0010 1666495303059629 -17.0625 -57.0 0.4049709280018093 1 
0008 0013 1666495303060780 17.0625 -63.0 1.5401167110371838 1 
0008 0014 1666495303062092 21.9375 -63.0 0.2699806186678728 1 
0008 0005 1666495303063033 8.9375 -65.5 1.9819031779482483 1 
0008 0004 1666495303066977 21.9375 -67.5 1.4480778637640452 1 
0008 0000 1666495303089462 20.25 -75.5 1.368310862793992 1 
0008 0008 1666495303093550 -1.625 -68.5 0.39269908169872414 1 
0008 0015 1666495303095735 -8.0625 -73.0 3.9269908169872414 1 
0008 0002 1666495303154368 5.3125 -76.0 1.4664856332186729 1 
0008 0014 1666495303182576 74.0 -64.5 0.2945243112740431 1 
0008 0010 1666495303187214 -69.125 -60.0 4.9823695990525625 1 
0008 0004 1666495303188155 91.125 -64.0 1.141281706186917 1 
0008 0008 1666495303190280 -26.0 -54.5 2.60776733940559 1 
0008 0002 1666495303194464 -152.125 -70.5 4.516039439535327 1 
0008 0015 1666495303215901 -9.0 -74.0 4.387185053352934 1 
0008 0005 1666495303244775 -0.4375 -73.0 6.062292073724054 1 
0008 0000 1666495303253886 5.3125 -75.5 1.5707963267948966 1 
0008 0007 1666495303258349 1.9375 -79.5 6.264777537724958 1 
0008 0005 1666495303307571 43.125 -69.0 5.368932757599744 1 
0008 0009 1666495303310103 -39.0 -62.5 2.0371264863121317 1 
0008 0000 1666495303312110 -130.1875 -67.0 4.344233591292136 1 
0008 0014 1666495303313463 26.0 -67.0 0.4049709280018093 1 
0008 0008 1666495303314628 -26.0 -60.5 1.6321555583103222 1 
0008 0004 1666495303315700 -91.125 -70.0 4.718524903536232 1 
0008 0015 1666495303386068 -1.25 -76.0 5.332117218690489 1 
0008 0009 1666495303417677 0.0 -63.0 1.1474176293384597 1 
0008 0008 1666495303419272 13.0 -58.5 5.209398755659637 1 
0008 0014 1666495303420143 -13.0 -69.5 0.1227184630308513 1 
0008 0000 1666495303423898 182.25 -68.5 3.479068426924634 1 
0008 0004 1666495303427417 -39.0 -63.0 3.6263305825616556 1 
0008 0001 1666495303429267 4.0625 -66.0 4.8351074434155406 1 
0008 0005 1666495303532555 3.6875 -74.5 5.780039608753096 1 
0008 0014 1666495303541609 -34.9375 -67.0 0.07976700097005335 1 
0008 0008 1666495303542662 26.0 -60.5 4.3503695144436785 1 
0008 0002 1666495303543557 30.0625 -73.0 0.7731263170943632 1 
0008 0004 1666495303547575 -8.9375 -67.5 2.988194574801229 1 
0008 0005 1666495303576784 -13.875 -72.5 2.3009711818284617 1 
0008 0000 1666495303604186 -4.0625 -71.5 0.20248546400090464 1 
0008 0001 1666495303654951 -3.8125 -72.5 1.4971652489763858 1 
0008 0008 1666495303674560 -43.125 -65.5 2.5954954931025047 1 
0008 0005 1666495303675444 165.1875 -69.5 1.761009944492716 1 
0008 0014 1666495303677755 -39.0 -65.5 0.4908738521234052 1 
0008 0000 1666495303679620 -130.1875 -66.5 6.166602767300278 1 
0008 0001 1666495303682359 -13.0 -69.5 1.1780972450961724 1 
0008 0002 1666495303683617 217.25 -73.0 0.1595340019401067 1 
0008 0004 1666495303710139 -27.5625 -75.5 0.48473792897186263 1 
0008 0015 1666495303796783 0.1875 -73.5 1.1167380135807468 1 
0008 0005 1666495303806403 56.125 -71.5 1.5953400194010667 1 
0008 0004 1666495303808081 30.0625 -69.0 5.749359992995383 1 
0008 0008 1666495303809236 95.1875 -64.0 0.9878836273983529 1 
0008 0014 1666495303811127 -26.0 -62.5 0.30066023442558565 1 
0008 0001 1666495303813679 -39.0 -68.0 0.4970097752749477 1 
0008 0000 1666495303816921 95.1875 -67.0 5.485515297479052 1 
0008 0015 1666495303847153 4.875 -73.5 0.4663301595172349 1 
0008 0008 1666495303918202 34.9375 -63.5 1.1106020904292042 1 
0008 0004 1666495303919429 108.1875 -66.0 5.221670601962723 1 
0008 0014 1666495303920339 -13.0 -61.0 0.28838838812250056 1 
0008 0001 1666495303922471 95.1875 -69.5 0.30066023442558565 1 
0008 0000 1666495303924957 -173.3125 -67.5 5.700272607783043 1 
0008 0015 1666495303927582 199.375 -71.0 0.6442719309119693 1 
0008 0004 1666495304021707 -78.0625 -65.0 5.50392306693368 1 
0008 0000 1666495304025069 30.0625 -69.5 5.442563835418255 1 
0008 0008 1666495304026449 30.0625 -64.0 1.2026409377023426 1 
0008 0001 1666495304027391 43.125 -71.0 0.05522330836388308 1 
0008 0014 1666495304028772 52.0625 -61.0 0.09817477042468103 1 
0008 0015 1666495304052603 8.0625 -73.5 1.0369710126106935 1 
0008 0004 1666495304128239 8.9375 -65.5 5.45483568172134 1 
0008 0000 1666495304129366 -17.0625 -69.0 5.5100589900852235 1 
0008 0008 1666495304130518 34.9375 -63.5 1.2701360923693108 1 
0008 0014 1666495304134247 26.0 -61.5 0.25157284921324513 1 
0008 0001 1666495304138150 264.4375 -70.0 0.1349903093339364 1 
0008 0001 1666495304237211 217.25 -68.5 0.3988350048502667 1 
0008 0004 1666495304238392 39.0 -65.5 5.387340527054372 1 
0008 0014 1666495304239540 0.0 -61.0 0.28225246497095796 1 
0008 0000 1666495304240926 61.0 -68.5 5.497787143782138 1 
0008 0008 1666495304242630 13.0 -63.5 1.282407938672396 1 
0008 0008 1666495304340252 21.9375 -64.0 1.2517283229146832 1 
0008 0001 1666495304341250 78.0625 -70.5 0.4172427743048944 1 
0008 0004 1666495304342363 -191.1875 -65.0 5.620505606812989 1 
0008 0014 1666495304344577 8.9375 -61.5 0.14726215563702155 1 
0008 0000 1666495304346061 143.1875 -68.5 5.47937937432751 1 
0008 0000 1666495304442522 -87.0625 -68.5 5.6573211457222445 1 
0008 0001 1666495304445009 61.0 -70.0 0.6565437772150544 1 
0008 0004 1666495304445964 -95.1875 -65.0 5.418020142812084 1 
0008 0014 1666495304447133 26.0 -61.0 0.16566992509164924 1 
0008 0008 1666495304450989 -30.0625 -63.5 1.2640001692177683 1 
0008 0008 1666495304546316 -34.9375 -63.5 1.1780972450961724 1 
0008 0004 1666495304547840 -43.125 -65.0 5.4671075280244255 1 
0008 0014 1666495304548748 0.0 -61.0 0.1902136176978195 1 
0008 0000 1666495304549597 26.0 -66.5 5.632777453116074 1 
0008 0001 1666495304551021 87.0625 -70.0 0.7117670855789375 1 
0008 0001 1666495304647307 34.9375 -70.5 0.803805932852076 1 
0008 0004 1666495304648306 -91.125 -64.5 5.540738605842936 1 
0008 0008 1666495304649218 78.0625 -63.5 1.0062913968529805 1 
0008 0014 1666495304650597 -13.0 -61.0 0.1902136176978195 1 
0008 0000 1666495304652860 -26.0 -64.5 5.737088146692298 1 
0008 0004 1666495304747435 -4.0625 -65.0 5.368932757599744 1 
0008 0014 1666495304748335 -4.0625 -61.0 0.14726215563702155 1 
0008 0001 1666495304749462 34.9375 -70.0 0.7731263170943632 1 
0008 0008 1666495304752699 8.9375 -63.5 1.0921943209745766 1 
0008 0000 1666495304753628 -13.0 -63.5 5.749359992995383 1 
0008 0008 1666495304849660 56.125 -63.5 0.9817477042468103 1 
0008 0004 1666495304852784 4.0625 -64.5 5.338253141842031 1 
0008 0000 1666495304853729 43.125 -63.0 5.6143696836614465 1 
0008 0014 1666495304855111 52.0625 -61.5 0.12885438618239387 1 
0008 0001 1666495304857155 -34.9375 -70.0 0.9019807032767571 1 
0008 0000 1666495304952100 -95.1875 -62.5 5.755495916146925 1 
0008 0004 1666495304955041 43.125 -64.5 5.3198453723874035 1 
0008 0008 1666495304957538 104.125 -64.0 0.9326603190344698 1 
0008 0014 1666495304958494 52.0625 -60.5 0.09817477042468103 1 
0008 0001 1666495304960031 -13.0 -72.0 0.9203884727313847 1 
0008 0008 1666495305055166 -21.9375 -63.5 1.0246991663076084 1 
0008 0004 1666495305056065 113.0625 -65.0 5.313709449235861 1 
0008 0000 1666495305058538 56.125 -62.0 5.522330836388308 1 
0008 0014 1666495305060244 -17.0625 -61.0 0.23930100291016002 1 
0008 0001 1666495305065315 61.0 -71.0 0.8528933180644165 1 
