0008 0004 1666515714761129 1.5 -73.5 1.5707963267948966 19 
0008 0014 1666515714791398 -43.125 -68.5 0.5399612373357456 19 
0008 0010 1666515714792932 -4.0625 -62.0 3.215223731408304 19 
0008 0015 1666515714794660 -78.0625 -71.5 2.9820586516496865 19 
0008 0005 1666515714796962 -182.25 -70.5 5.675728915176872 19 
0008 0011 1666515714802358 -61.0 -69.5 0.7547185476397354 19 
0008 0013 1666515714803496 26.0 -71.5 0.01227184630308513 19 
0008 0006 1666515714840973 -7.3125 -73.5 1.4173982480063325 19 
0008 0004 1666515714902016 -3.375 -73.5 1.7855536370988863 19 
0008 0014 1666515714917462 -30.0625 -69.5 0.380427235395639 19 
0008 0005 1666515714921277 52.0625 -70.0 5.381204603902829 19 
0008 0011 1666515714923882 -8.9375 -70.5 0.8406214717613314 19 
0008 0010 1666515714924767 -100.0625 -62.5 3.313398501832985 19 
0008 0015 1666515714926550 208.3125 -71.0 2.650718801466388 19 
0008 0013 1666515714927954 134.25 -72.5 6.22182607566416 19 
0008 0006 1666515714957185 -3.1875 -73.5 1.3744467859455345 19 
0008 0004 1666515715019698 -1.0625 -73.5 1.5585244804918115 19 
0008 0014 1666515715038137 30.0625 -68.5 0.37429131224409645 19 
0008 0013 1666515715040415 -433.6875 -72.0 0.3988350048502667 19 
0008 0011 1666515715041368 43.125 -69.0 0.6688156235181395 19 
0008 0005 1666515715042796 234.3125 -69.5 5.252350217720435 19 
0008 0010 1666515715044945 -8.9375 -62.5 3.1661363461959633 19 
0008 0015 1666515715046372 -39.0 -70.5 2.730485802436441 19 
0008 0006 1666515715070216 5.625 -73.5 1.325359400733194 19 
0008 0004 1666515715144711 4.875 -74.0 1.564660403643354 19 
0008 0013 1666515715161594 95.1875 -71.5 0.1043106935762236 19 
0008 0015 1666515715163941 17.0625 -69.5 2.693670263527186 19 
0008 0014 1666515715164884 34.9375 -68.5 0.4111068511533518 19 
0008 0005 1666515715166294 -82.1875 -69.5 5.595961914206819 19 
0008 0010 1666515715168138 17.0625 -62.5 3.1661363461959633 19 
0008 0011 1666515715175664 199.375 -71.5 0.4111068511533518 19 
0008 0006 1666515715194628 8.0625 -73.5 1.239456476611598 19 
0008 0004 1666515715281976 2.9375 -73.5 1.5401167110371838 19 
0008 0014 1666515715297209 -26.0 -68.0 0.3436116964863836 19 
0008 0005 1666515715299284 -117.125 -69.0 5.620505606812989 19 
0008 0015 1666515715301035 95.1875 -69.5 2.497320722677824 19 
0008 0010 1666515715302174 -26.0 -63.0 3.184544115650591 19 
0008 0011 1666515715306721 -69.125 -70.5 0.8344855486097889 19 
0008 0006 1666515715307577 -273.375 -71.0 4.638757902566179 19 
0008 0013 1666515715308858 -139.125 -71.0 0.20248546400090464 19 
0008 0010 1666515715420711 4.0625 -62.5 3.129320807286708 19 
0008 0013 1666515715423808 251.4375 -71.0 6.234097921967246 19 
0008 0011 1666515715424720 130.1875 -70.5 0.6749515466696822 19 
0008 0014 1666515715425663 43.125 -68.5 0.1718058482431918 19 
0008 0006 1666515715427121 -368.625 -71.5 4.669437518323892 19 
0008 0015 1666515715429468 -17.0625 -69.0 2.36846633649543 19 
0008 0005 1666515715430368 -48.0 -69.0 5.473243451175968 19 
0008 0006 1666515715445529 -13.875 -73.5 1.3069516312785663 19 
0008 0005 1666515715530869 -8.9375 -68.5 5.5100589900852235 19 
0008 0015 1666515715532521 56.125 -69.5 2.466641106920111 19 
0008 0010 1666515715533941 34.9375 -62.0 3.1231848841351653 19 
0008 0014 1666515715535590 -43.125 -68.5 0.28225246497095796 19 
0008 0011 1666515715538689 30.0625 -69.5 0.8344855486097889 19 
0008 0013 1666515715541343 260.375 -72.5 6.092971689481767 19 
0008 0006 1666515715559944 6.5 -74.0 1.1780972450961724 19 
0008 0010 1666515715645493 -48.0 -63.0 3.2213596545598464 19 
0008 0005 1666515715648179 87.0625 -69.0 5.399612373357457 19 
0008 0015 1666515715649959 199.375 -69.5 2.2641556429192065 19 
0008 0011 1666515715651251 39.0 -68.0 0.8283496254582462 19 
0008 0014 1666515715652646 56.125 -68.0 0.07363107781851078 19 
0008 0013 1666515715653687 -204.25 -71.5 0.2270291566070749 19 
0008 0006 1666515715675087 4.875 -74.0 1.0246991663076084 19 
0008 0001 1666515715785616 18.1875 -76.0 5.540738605842936 19 
0008 0011 1666515715792796 26.0 -70.0 0.6933593161243098 19 
0008 0014 1666515715794307 69.125 -68.5 6.264777537724958 19 
0008 0015 1666515715796380 -173.3125 -70.5 2.7550294950426117 19 
0008 0010 1666515715797275 -30.0625 -62.0 3.1661363461959633 19 
0008 0005 1666515715798218 -286.4375 -69.0 5.8475347634200645 19 
0008 0013 1666515715804885 -69.125 -71.5 0.23316507975861744 19 
0008 0006 1666515715830793 -8.0625 -74.5 1.1658253987930873 19 
0008 0001 1666515715883818 0.875 -76.0 5.859806609723149 19 
0008 0005 1666515715913673 -108.1875 -69.0 5.5284667595398505 19 
0008 0010 1666515715917276 34.9375 -63.0 3.117048960983623 19 
0008 0014 1666515715919227 -95.1875 -68.0 0.16566992509164924 19 
0008 0015 1666515715923917 113.0625 -70.5 2.509592568980909 19 
0008 0011 1666515715925767 -104.125 -69.5 0.859029241215959 19 
0008 0013 1666515715926679 182.25 -72.0 0.1718058482431918 19 
0008 0006 1666515715963837 0.0 -74.5 4.331961744989051 19 
0008 0001 1666515716001339 5.3125 -76.0 5.620505606812989 19 
0008 0013 1666515716041079 338.5 -72.5 6.1420590746941075 19 
0008 0014 1666515716042616 -34.9375 -68.0 0.0674951546669682 19 
0008 0005 1666515716043543 -121.25 -69.0 5.632777453116074 19 
0008 0010 1666515716044707 -26.0 -62.5 3.153864499892878 19 
0008 0015 1666515716045637 -334.4375 -70.0 3.0495538063166547 19 
0008 0011 1666515716047256 69.125 -69.0 0.7547185476397354 19 
0008 0006 1666515716088641 0.0 -74.5 4.25833066717054 19 
0008 0001 1666515716140137 -2.1875 -75.5 2.6813984172241008 19 
0008 0014 1666515716174985 -139.125 -68.0 0.1349903093339364 19 
0008 0011 1666515716176988 191.1875 -68.0 0.6381360077604268 19 
0008 0013 1666515716177922 0.0 -72.5 0.0 19 
0008 0010 1666515716180799 8.9375 -62.5 3.098641191528995 19 
0008 0015 1666515716181817 243.3125 -69.5 2.1230294104337273 19 
0008 0005 1666515716183183 104.125 -69.0 5.43029198911517 19 
0008 0006 1666515716233678 2.4375 -74.5 1.0799224746714913 19 
0008 0001 1666515716299674 2.625 -75.5 5.816855147662351 19 
0008 0005 1666515716316166 13.0 -69.0 5.460971604872882 19 
0008 0010 1666515716318370 -74.0 -63.0 3.2643111166206444 19 
0008 0014 1666515716319819 30.0625 -69.0 0.07363107781851078 19 
0008 0015 1666515716323241 104.125 -71.5 2.5832236467994196 19 
0008 0013 1666515716324137 191.1875 -73.0 6.209554229361076 19 
0008 0011 1666515716326586 74.0 -68.5 0.6933593161243098 19 
0008 0006 1666515716384180 0.0 -74.5 1.0983302441261191 19 
0008 0001 1666515716416921 -2.875 -75.5 5.822991070813893 19 
0008 0015 1666515716445739 -87.0625 -69.5 2.5464081078901644 19 
0008 0014 1666515716446683 -52.0625 -69.0 0.20248546400090464 19 
0008 0010 1666515716450633 0.0 -63.0 3.141592653589793 19 
0008 0011 1666515716451551 43.125 -69.0 0.7731263170943632 19 
0008 0005 1666515716456620 43.125 -69.5 5.448699758569798 19 
0008 0013 1666515716457902 -143.1875 -72.0 0.35588354278946877 19 
0008 0006 1666515716479258 21.9375 -74.0 1.0062913968529805 19 
0008 0001 1666515716546100 6.375 -75.5 5.730952223540755 19 
0008 0015 1666515716563441 21.9375 -70.0 2.6323110320117604 19 
0008 0010 1666515716566167 -21.9375 -62.0 3.2029518851052186 19 
0008 0014 1666515716567424 -247.375 -69.5 0.3620194659410113 19 
0008 0005 1666515716571205 13.0 -70.0 5.45483568172134 19 
0008 0011 1666515716572516 87.0625 -70.0 0.6933593161243098 19 
0008 0013 1666515716573671 -65.0625 -71.5 6.264777537724958 19 
0008 0006 1666515716597806 25.125 -74.5 4.1172044346850605 19 
0008 0001 1666515716649327 1.75 -76.0 5.737088146692298 19 
0008 0015 1666515716682706 199.375 -70.0 2.448233337465483 19 
0008 0005 1666515716685223 -74.0 -68.0 5.632777453116074 19 
0008 0011 1666515716686164 39.0 -69.0 0.7731263170943632 19 
0008 0010 1666515716687827 52.0625 -62.5 3.141592653589793 19 
0008 0014 1666515716690089 160.3125 -68.5 0.018407769454627694 19 
0008 0013 1666515716694497 -377.5625 -72.5 0.5460971604872883 19 
0008 0006 1666515716718478 -2.4375 -74.0 4.264466590322082 19 
0008 0011 1666515716806779 21.9375 -68.5 0.760854470791278 19 
0008 0010 1666515716808981 17.0625 -63.0 3.215223731408304 19 
0008 0015 1666515716810105 4.0625 -69.5 2.429825568010856 19 
0008 0014 1666515716812923 13.0 -68.5 0.18407769454627693 19 
0008 0005 1666515716814462 -104.125 -69.0 5.418020142812084 19 
0008 0013 1666515716820982 -74.0 -71.5 0.34974761963792617 19 
0008 0006 1666515716838819 1.625 -73.5 4.295146206079795 19 
0008 0005 1666515716924166 -113.0625 -68.5 5.522330836388308 19 
0008 0014 1666515716925095 -48.0 -67.5 0.3129320807286708 19 
0008 0010 1666515716926050 -65.0625 -62.5 3.2336315008629315 19 
0008 0015 1666515716928437 -113.0625 -70.0 2.791845033951867 19 
0008 0013 1666515716931382 48.0 -71.5 0.0674951546669682 19 
0008 0011 1666515716933162 182.25 -70.0 0.6749515466696822 19 
0008 0006 1666515716956345 9.75 -73.5 1.1351457830353744 19 
0008 0010 1666515717035789 8.9375 -62.0 3.1968159619536762 19 
0008 0013 1666515717038221 221.3125 -71.5 6.037748381117884 19 
0008 0005 1666515717040264 30.0625 -68.5 5.485515297479052 19 
0008 0014 1666515717041150 -117.125 -68.5 0.4540583132141498 19 
0008 0015 1666515717042064 -117.125 -71.0 2.890019804376548 19 
0008 0011 1666515717044479 -17.0625 -69.0 0.760854470791278 19 
0008 0006 1666515717049342 65.0625 -72.0 4.368777283898306 19 
0008 0011 1666515717154888 30.0625 -70.0 0.662679700366597 19 
0008 0010 1666515717156450 -21.9375 -63.5 3.2704470397721868 19 
0008 0006 1666515717157334 -139.125 -73.0 4.534447208989955 19 
0008 0015 1666515717158277 30.0625 -70.5 2.705942109830271 19 
0008 0014 1666515717161494 -95.1875 -68.0 0.4172427743048944 19 
0008 0005 1666515717162988 78.0625 -69.0 5.3627968344482015 19 
0008 0013 1666515717165587 -139.125 -72.5 0.1902136176978195 19 
0008 0006 1666515717186437 -13.875 -73.5 4.368777283898306 19 
0008 0010 1666515717265873 74.0 -62.0 3.117048960983623 19 
0008 0014 1666515717269124 34.9375 -69.0 0.23930100291016002 19 
0008 0005 1666515717270717 26.0 -69.0 5.295301679781233 19 
0008 0011 1666515717272467 130.1875 -70.5 0.5890486225480862 19 
0008 0015 1666515717274067 8.9375 -70.0 2.8838838812250054 19 
0008 0006 1666515717275352 117.125 -70.5 4.289010282928253 19 
0008 0013 1666515717276955 165.1875 -71.0 0.18407769454627693 19 
0008 0006 1666515717301442 7.3125 -73.5 1.1719613219446299 19 
0008 0005 1666515717379197 -52.0625 -68.5 5.50392306693368 19 
0008 0011 1666515717380466 204.25 -71.0 0.6320000846088841 19 
0008 0014 1666515717381648 -30.0625 -68.0 0.44178646691106466 19 
0008 0015 1666515717382534 121.25 -69.5 2.9084275738311756 19 
0008 0013 1666515717385203 -48.0 -71.0 6.264777537724958 19 
0008 0010 1666515717389128 26.0 -62.0 3.2029518851052186 19 
0008 0006 1666515717413550 -3.1875 -73.5 1.227184630308513 19 
0008 0014 1666515717494005 -48.0 -68.0 0.5031456984264903 19 
0008 0005 1666515717495232 61.0 -69.0 5.264622064023521 19 
0008 0013 1666515717496128 48.0 -72.0 0.03681553890925539 19 
0008 0010 1666515717497251 -48.0 -62.0 3.2704470397721868 19 
0008 0011 1666515717500744 -43.125 -70.0 0.7240389318820226 19 
0008 0015 1666515717501659 -182.25 -69.5 3.141592653589793 19 
0008 0006 1666515717526342 12.9375 -73.5 1.1965050145508 19 
0008 0014 1666515717605525 130.1875 -69.0 0.1718058482431918 19 
0008 0006 1666515717606436 -147.25 -71.5 4.362641360746763 19 
0008 0011 1666515717607605 -230.25 -71.5 0.9142525495798421 19 
0008 0005 1666515717609268 -87.0625 -69.0 5.638913376267617 19 
0008 0015 1666515717612906 -74.0 -69.5 2.9268353432858034 19 
0008 0010 1666515717614057 -8.9375 -62.5 3.2090878082567613 19 
0008 0013 1666515717617539 -225.375 -71.0 0.30066023442558565 19 
0008 0006 1666515717636404 9.0 -73.5 1.2087768608538851 19 
0008 0010 1666515717722249 39.0 -62.0 3.1231848841351653 19 
0008 0005 1666515717723175 17.0625 -68.0 5.442563835418255 19 
0008 0006 1666515717724091 26.0 -70.0 4.301282129231338 19 
0008 0015 1666515717725242 61.0 -70.5 2.767301341345697 19 
0008 0014 1666515717726505 0.0 -69.5 0.30679615757712825 19 
0008 0013 1666515717727436 165.1875 -73.0 6.2034183062095325 19 
0008 0011 1666515717729198 -43.125 -71.0 0.6504078540635119 19 
0008 0010 1666515717826151 43.125 -62.5 3.172272269347506 19 
0008 0011 1666515717827758 82.1875 -70.5 0.6749515466696822 19 
0008 0005 1666515717830589 139.125 -69.0 5.338253141842031 19 
0008 0014 1666515717832948 -147.25 -67.5 0.4172427743048944 19 
0008 0013 1666515717834604 95.1875 -73.0 6.2034183062095325 19 
0008 0015 1666515717836125 78.0625 -69.0 2.791845033951867 19 
0008 0006 1666515717837663 178.1875 -73.0 4.331961744989051 19 
0008 0011 1666515717934722 -104.125 -71.5 0.8713010875190442 19 
0008 0005 1666515717937111 169.25 -71.0 5.166447293598839 19 
0008 0010 1666515717938247 -43.125 -62.5 3.2520392703175593 19 
0008 0014 1666515717939572 100.0625 -68.0 0.18407769454627693 19 
0008 0013 1666515717944012 4.0625 -72.0 0.04908738521234052 19 
0008 0015 1666515717944929 -65.0625 -71.0 2.890019804376548 19 
0008 0006 1666515717945924 -13.0 -70.5 4.2031073588066565 19 
0008 0011 1666515717960510 -16.3125 -73.0 4.061981126321178 19 
0008 0015 1666515718045792 -299.4375 -69.0 2.9943304979527716 19 
0008 0010 1666515718049424 -34.9375 -62.5 3.2704470397721868 19 
0008 0005 1666515718051510 -39.0 -69.0 5.344389064993574 19 
0008 0014 1666515718056663 78.0625 -67.0 0.04295146206079795 19 
0008 0013 1666515718057931 -52.0625 -74.5 0.03681553890925539 19 
0008 0006 1666515718058890 -230.25 -72.0 4.6448938257177215 19 
0008 0011 1666515718074184 13.875 -73.0 0.7853981633974483 19 
0008 0005 1666515718161653 -43.125 -68.5 5.6143696836614465 19 
0008 0014 1666515718162567 121.25 -67.5 0.0674951546669682 19 
0008 0013 1666515718163959 -108.1875 -72.0 0.14112623248547898 19 
0008 0006 1666515718164871 139.125 -71.0 4.166291819897402 19 
0008 0010 1666515718167857 39.0 -62.5 3.141592653589793 19 
0008 0015 1666515718169025 -8.9375 -70.0 2.6139032625571326 19 
0008 0011 1666515718196644 5.625 -72.5 3.933126740138784 19 
0008 0010 1666515718274074 43.125 -62.0 3.1661363461959633 19 
0008 0005 1666515718275455 -82.1875 -69.0 5.497787143782138 19 
0008 0014 1666515718278570 65.0625 -67.5 0.006135923151542565 19 
0008 0011 1666515718281039 -152.125 -72.0 0.8651651643675016 19 
0008 0015 1666515718282359 48.0 -69.5 2.429825568010856 19 
0008 0013 1666515718286769 134.25 -73.0 6.105243535784852 19 
0008 0006 1666515718311015 -17.0625 -73.5 1.239456476611598 19 
0008 0001 1666515718495566 -1.25 -76.5 5.663457068873787 19 
0008 0015 1666515718502919 -191.1875 -69.0 2.804116880254952 19 
0008 0011 1666515718505134 -165.1875 -72.0 0.8835729338221293 19 
0008 0010 1666515718506957 -4.0625 -62.5 3.1784081924990484 19 
0008 0005 1666515718508749 -160.3125 -69.0 5.620505606812989 19 
0008 0014 1666515718509661 -61.0 -68.5 0.04295146206079795 19 
0008 0013 1666515718532846 43.5 -74.0 6.1420590746941075 19 
0008 0006 1666515718550718 4.0625 -73.5 1.1228739367322893 19 
0008 0001 1666515718613755 2.875 -76.0 5.730952223540755 19 
0008 0010 1666515718646732 30.0625 -63.0 3.098641191528995 19 
0008 0014 1666515718648326 74.0 -68.5 0.018407769454627694 19 
0008 0011 1666515718649581 139.125 -69.5 0.7240389318820226 19 
0008 0005 1666515718654226 4.0625 -69.0 5.516194913236766 19 
0008 0013 1666515718659310 386.5 -73.0 6.270913460876501 19 
0008 0015 1666515718662930 -156.1875 -71.0 2.8777479580734626 19 
0008 0006 1666515718682258 8.0625 -73.5 1.0676506283684062 19 
0008 0001 1666515718739115 0.4375 -75.5 5.749359992995383 19 
0008 0014 1666515718773337 39.0 -67.5 0.04908738521234052 19 
0008 0011 1666515718774237 143.1875 -70.0 0.6933593161243098 19 
0008 0005 1666515718775177 -87.0625 -70.0 5.602097837358362 19 
0008 0010 1666515718777646 8.9375 -63.0 3.098641191528995 19 
0008 0013 1666515718785316 -121.25 -72.0 0.06135923151542565 19 
0008 0015 1666515718789365 -173.3125 -70.0 2.9391071895888885 19 
0008 0006 1666515718816911 12.9375 -73.5 1.0492428589137786 19 
0008 0001 1666515718883069 -0.875 -75.0 5.798447378207723 19 
0008 0014 1666515718900633 -139.125 -67.5 0.2638446955163303 19 
0008 0010 1666515718904033 117.125 -63.5 2.9943304979527716 19 
0008 0005 1666515718907184 -95.1875 -69.5 5.608233760509904 19 
0008 0015 1666515718908214 -238.4375 -69.5 3.0127382674073995 19 
0008 0011 1666515718910054 113.0625 -70.5 0.48473792897186263 19 
0008 0013 1666515718915743 91.125 -72.5 0.006135923151542565 19 
0008 0006 1666515718933581 7.3125 -73.5 1.1535535524900022 19 
0008 0001 1666515718992499 -6.125 -75.5 5.816855147662351 19 
0008 0014 1666515719029916 13.0 -68.5 0.17794177139473438 19 
0008 0010 1666515719031708 -143.1875 -62.5 3.2643111166206444 19 
0008 0011 1666515719034710 -61.0 -69.5 0.8099418560036186 19 
0008 0015 1666515719035654 -78.0625 -70.5 2.8532042654672924 19 
0008 0005 1666515719039760 -52.0625 -69.5 5.47937937432751 19 
0008 0013 1666515719042337 -100.0625 -72.0 6.007068765360171 19 
0008 0006 1666515719070402 9.0 -74.0 1.1596894756415448 19 
0008 0001 1666515719109522 5.5625 -76.0 5.786175531904639 19 
0008 0005 1666515719152781 -178.1875 -69.5 5.730952223540755 19 
0008 0011 1666515719153693 43.125 -71.0 0.6442719309119693 19 
0008 0010 1666515719154586 -4.0625 -63.0 3.098641191528995 19 
0008 0014 1666515719156012 56.125 -69.0 0.19634954084936207 19 
0008 0015 1666515719160169 -61.0 -71.0 2.761165418194154 19 
0008 0013 1666515719162258 0.0 -73.5 0.21475731030398976 19 
0008 0006 1666515719182209 12.1875 -73.5 1.1658253987930873 19 
0008 0001 1666515719255973 -6.625 -75.5 5.816855147662351 19 
0008 0015 1666515719273185 195.25 -71.0 2.3439226438892597 19 
0008 0005 1666515719276587 -134.25 -68.0 5.577554144752192 19 
0008 0014 1666515719278125 -17.0625 -68.0 0.11044661672776616 19 
0008 0010 1666515719279020 4.0625 -63.0 3.104777114680538 19 
0008 0011 1666515719282099 -26.0 -68.5 0.7117670855789375 19 
0008 0013 1666515719284275 61.0 -71.5 6.234097921967246 19 
0008 0006 1666515719309503 41.5 -73.5 1.1780972450961724 19 
0008 0001 1666515719351781 -3.3125 -75.5 5.6143696836614465 19 
0008 0005 1666515719394884 -117.125 -69.0 5.64504929941916 19 
0008 0014 1666515719398843 329.5625 -68.0 6.166602767300278 19 
0008 0010 1666515719400261 30.0625 -63.0 3.08636934522591 19 
0008 0015 1666515719401388 -82.1875 -71.0 2.5280003384355365 19 
0008 0011 1666515719405536 225.375 -70.5 0.4172427743048944 19 
0008 0013 1666515719427337 -43.5 -74.0 0.006135923151542565 19 
0008 0006 1666515719442435 0.0 -74.0 1.3008157081270237 19 
0008 0001 1666515719495454 7.0625 -75.5 5.651185222570702 19 
0008 0005 1666515719528212 56.125 -69.0 5.350524988145116 19 
0008 0011 1666515719534421 -13.0 -70.0 0.7240389318820226 19 
0008 0010 1666515719535343 0.0 -64.0 3.117048960983623 19 
0008 0015 1666515719536915 -52.0625 -70.5 2.478912953223196 19 
0008 0014 1666515719538736 139.125 -69.5 0.1595340019401067 19 
0008 0013 1666515719553255 -89.875 -74.0 0.04295146206079795 19 
0008 0006 1666515719573773 20.25 -73.5 1.1228739367322893 19 
