0000 0014 1655630037704916 0.0 -66.5 4.086524818927348 1 
0000 0009 1655630037708286 -39.0 -59.5 1.718058482431918 1 
0000 0005 1655630037709709 -134.25 -64.5 2.0800779483729293 1 
0000 0003 1655630037710635 -61.0 -68.0 3.472932503773092 1 
0000 0015 1655630037711766 -9.75 -63.5 1.3130875544301088 1 
0000 0015 1655630037809920 -4.875 -62.5 1.2333205534600555 1 
0000 0005 1655630037811542 -30.0625 -64.0 1.932815792735908 1 
0000 0006 1655630037812918 -91.125 -66.5 0.705631162427395 1 
0000 0011 1655630037813800 -4.0625 -59.0 2.411417798556228 1 
0000 0014 1655630037816965 -113.875 -66.0 4.1601558967458585 1 
0000 0013 1655630037818109 9.75 -60.0 2.767301341345697 1 
0000 0010 1655630037821494 -95.1875 -59.0 5.64504929941916 1 
0000 0000 1655630037823477 -8.9375 -70.0 5.184855063053467 1 
0000 0012 1655630037825826 33.3125 -64.0 0.9142525495798421 1 
0000 0009 1655630037826722 -82.1875 -60.0 1.7671458676442586 1 
0000 0008 1655630037828128 -13.0 -54.5 5.154175447295755 1 
0000 0003 1655630037829086 95.1875 -68.0 3.466796580621549 1 
0000 0002 1655630037833299 -91.125 -74.0 1.7671458676442586 1 
0000 0000 1655630037929653 156.1875 -69.5 5.062136600022616 1 
0000 0003 1655630037931021 -260.375 -68.0 3.785864584501762 1 
0000 0014 1655630037932538 -137.5 -66.0 4.28287435977671 1 
0000 0013 1655630037933895 4.875 -60.0 2.791845033951867 1 
0000 0008 1655630037936228 8.9375 -54.5 5.154175447295755 1 
0000 0002 1655630037938053 338.5 -72.5 1.509437095279471 1 
0000 0009 1655630037939623 -48.0 -60.5 1.6873788666742053 1 
0000 0006 1655630037940789 8.9375 -67.0 0.4663301595172349 1 
0000 0005 1655630037941730 4.0625 -64.5 1.9389517158874505 1 
0000 0015 1655630037944038 -42.3125 -63.0 1.3008157081270237 1 
0000 0012 1655630037945185 66.6875 -65.0 0.9817477042468103 1 
0000 0010 1655630037948012 -34.9375 -59.5 5.5284667595398505 1 
0000 0011 1655630037948953 -39.0 -59.5 2.435961491162398 1 
