0000 0010 1655899403741623 399.5625 -66.0 0.9265243958829272 4 
0000 0008 1655899403742675 39.0 -63.0 0.6504078540635119 4 
0000 0012 1655899403760643 -42.3125 -69.5 2.4850488763747385 4 
0000 0013 1655899403842052 52.0625 -59.0 0.4908738521234052 4 
0000 0011 1655899403842990 -4.0625 -65.0 3.5833791205008576 4 
0000 0008 1655899403843918 100.0625 -62.5 0.5890486225480862 4 
0000 0005 1655899403845055 -17.0625 -60.5 5.2768939103266055 4 
0000 0010 1655899403848781 126.125 -66.0 1.214912784005428 4 
0000 0015 1655899403849641 9.75 -60.5 1.3560390164909069 4 
0000 0009 1655899403850569 -52.0625 -56.0 5.056000676871073 4 
0000 0006 1655899403864431 -143.1875 -68.0 5.4671075280244255 4 
0000 0014 1655899403870436 0.0 -66.5 3.129320807286708 4 
0000 0012 1655899403885335 11.75 -70.5 5.497787143782138 4 
0000 0003 1655899403898467 19.5 -73.5 4.546719055293041 4 
0000 0009 1655899403971612 -87.0625 -56.5 5.080544369477243 4 
0000 0005 1655899403973871 -30.0625 -60.5 5.258486140871978 4 
0000 0008 1655899403974884 -4.0625 -62.5 0.5276893910326605 4 
0000 0011 1655899403975857 -95.1875 -65.0 3.80427235395639 4 
0000 0013 1655899403977003 33.3125 -58.0 0.5276893910326605 4 
0000 0015 1655899403978417 132.625 -60.5 1.2455923997631406 4 
0000 0014 1655899403979751 -69.125 -65.5 3.215223731408304 4 
0000 0010 1655899403980932 -260.375 -66.0 1.5033011721279284 4 
0000 0006 1655899404005725 8.5 -69.5 5.21553467881118 4 
0000 0003 1655899404012459 31.6875 -74.0 4.522175362686871 4 
0000 0012 1655899404017081 4.0625 -71.5 5.50392306693368 4 
0000 0010 1655899404090444 139.125 -66.0 1.0615147052168636 4 
0000 0009 1655899404091370 134.25 -56.5 4.871922982324796 4 
0000 0011 1655899404093840 -191.1875 -64.5 3.9822141253511245 4 
0000 0015 1655899404094716 14.625 -61.0 1.325359400733194 4 
0000 0008 1655899404096618 82.1875 -62.0 0.8099418560036186 4 
0000 0013 1655899404098047 66.6875 -58.5 0.4479223900626072 4 
0000 0005 1655899404099852 95.1875 -62.0 5.043728830567988 4 
0000 0014 1655899404128778 82.5625 -68.5 6.178874613603362 4 
0000 0012 1655899404140395 -14.625 -71.0 5.546874528994478 4 
0000 0006 1655899404143699 -9.0 -70.5 5.45483568172134 4 
0000 0003 1655899404146481 0.0 -74.0 4.663301595172349 4 
0000 0010 1655899404222440 160.3125 -66.0 1.1044661672776617 4 
0000 0005 1655899404223877 -130.1875 -61.5 5.338253141842031 4 
0000 0008 1655899404224790 -130.1875 -63.5 0.8774370106705868 4 
0000 0015 1655899404226163 56.9375 -60.5 1.2578642460662257 4 
0000 0013 1655899404227113 23.5625 -59.5 0.4970097752749477 4 
0000 0011 1655899404233079 61.0 -65.0 3.822680123411018 4 
0000 0009 1655899404235597 -48.0 -56.5 5.141903600992669 4 
0000 0014 1655899404263329 -4.4375 -69.0 0.2086213871524472 4 
0000 0006 1655899404268990 -2.4375 -70.0 5.4671075280244255 4 
0000 0012 1655899404280941 22.6875 -71.0 5.50392306693368 4 
0000 0003 1655899404283051 6.5 -74.5 1.7732817907958012 4 
0000 0009 1655899404351557 -17.0625 -56.5 5.135767677841127 4 
0000 0013 1655899404352962 -109.0 -58.5 0.760854470791278 4 
0000 0010 1655899404354669 247.375 -66.5 1.043106935762236 4 
0000 0005 1655899404356103 121.25 -61.5 5.123495831538041 4 
0000 0015 1655899404358836 75.625 -60.5 1.1719613219446299 4 
0000 0008 1655899404360101 21.9375 -63.0 0.8713010875190442 4 
0000 0011 1655899404361044 -147.25 -64.5 3.9147189706841563 4 
0000 0014 1655899404386862 -19.5 -69.5 0.2975922728498144 4 
0000 0006 1655899404401613 19.5 -69.0 5.4671075280244255 4 
0000 0012 1655899404402968 -14.1875 -68.0 5.697204646207271 4 
0000 0003 1655899404412769 8.0625 -73.5 4.841243366567084 4 
0000 0013 1655899404488219 42.3125 -58.5 0.4970097752749477 4 
0000 0015 1655899404489112 94.375 -60.5 1.239456476611598 4 
0000 0011 1655899404492179 -234.3125 -65.0 3.8533597391687304 4 
0000 0005 1655899404493259 -30.0625 -62.0 5.387340527054372 4 
0000 0008 1655899404494228 74.0 -62.0 0.7731263170943632 4 
0000 0009 1655899404495097 -65.0625 -56.5 5.178719139901925 4 
0000 0010 1655899404501935 347.4375 -66.0 0.9756117810952678 4 
0000 0014 1655899404505282 -705.5 -71.0 4.09266074207889 4 
0000 0012 1655899404525166 68.3125 -70.0 5.6143696836614465 4 
0000 0006 1655899404526450 -4.4375 -69.5 2.423689644859313 4 
0000 0003 1655899404549983 13.875 -74.0 4.8351074434155406 4 
0000 0005 1655899404619043 30.0625 -62.0 5.344389064993574 4 
0000 0009 1655899404621894 -61.0 -56.5 5.252350217720435 4 
0000 0013 1655899404623654 -56.9375 -58.5 0.662679700366597 4 
0000 0008 1655899404625194 30.0625 -62.5 0.9510680884890975 4 
0000 0011 1655899404626307 -182.25 -64.5 4.06811704947272 4 
0000 0015 1655899404627254 -18.6875 -59.5 1.2578642460662257 4 
0000 0010 1655899404628262 0.0 -66.0 1.4051264017032472 4 
0000 0006 1655899404642318 -82.1875 -69.0 5.688000761479957 4 
0000 0012 1655899404663637 -18.25 -70.0 5.651185222570702 4 
0000 0014 1655899404668706 -16.25 -69.5 0.2945243112740431 4 
0000 0003 1655899404680146 -21.9375 -73.5 5.049864753719531 4 
0000 0005 1655899404750839 -173.3125 -62.0 5.6143696836614465 4 
0000 0013 1655899404751702 61.8125 -59.0 0.5399612373357456 4 
0000 0009 1655899404754994 21.9375 -57.0 5.190990986205009 4 
0000 0010 1655899404755906 43.125 -64.0 1.325359400733194 4 
0000 0015 1655899404756814 94.375 -60.0 1.184233168247715 4 
0000 0011 1655899404760029 -117.125 -63.5 4.0128937411088375 4 
0000 0008 1655899404761307 -65.0625 -62.5 1.1903690913992575 4 
0000 0014 1655899404787660 -6.5 -68.0 0.1564660403643354 4 
0000 0012 1655899404792290 -63.875 -69.5 5.841398840268521 4 
0000 0006 1655899404794825 128.125 -69.5 5.283029833478148 4 
0000 0003 1655899404802105 14.625 -74.0 5.117359908386499 4 
0000 0009 1655899404875697 34.9375 -56.5 5.2339424482658075 4 
0000 0013 1655899404876816 42.3125 -59.5 0.5276893910326605 4 
0000 0008 1655899404877743 -303.5 -61.5 1.4726215563702154 4 
0000 0005 1655899404881203 126.125 -62.5 5.350524988145116 4 
0000 0011 1655899404883388 0.0 -65.0 3.9392626632903265 4 
0000 0010 1655899404884349 -299.4375 -63.5 1.748738098189631 4 
0000 0015 1655899404885506 -170.875 -60.0 1.5033011721279284 4 
0000 0006 1655899404923832 4.875 -70.0 5.540738605842936 4 
0000 0003 1655899404926567 24.375 -74.5 5.283029833478148 4 
0000 0012 1655899404932267 1.625 -71.0 5.71868037723767 4 
0000 0014 1655899404936268 0.75 -69.0 0.0674951546669682 4 
0000 0011 1655899405007002 100.0625 -64.0 3.9208548938356986 4 
0000 0013 1655899405007869 52.0625 -59.5 0.5460971604872883 4 
0000 0009 1655899405009289 -30.0625 -56.5 5.301437602932776 4 
0000 0015 1655899405010196 -80.5625 -60.5 1.41126232485479 4 
0000 0008 1655899405011660 -13.0 -62.0 1.0062913968529805 4 
0000 0005 1655899405013138 -95.1875 -61.0 5.559146375297564 4 
0000 0010 1655899405015407 61.0 -66.0 1.4848934026733007 4 
0000 0014 1655899405023667 161.125 -67.5 3.067961575771282 4 
0000 0006 1655899405044387 16.25 -69.5 5.57448618317642 4 
0000 0012 1655899405048779 -11.75 -70.0 5.783107570328867 4 
0000 0003 1655899405062408 33.375 -74.0 5.2339424482658075 4 
0000 0005 1655899405132848 -56.125 -62.0 5.43029198911517 4 
0000 0008 1655899405134852 -160.3125 -62.5 1.325359400733194 4 
0000 0009 1655899405136000 -52.0625 -56.0 5.405748296509 4 
0000 0015 1655899405137401 99.25 -60.0 1.1228739367322893 4 
0000 0011 1655899405138372 108.1875 -65.5 3.6754179677739964 4 
0000 0013 1655899405139927 28.4375 -59.0 0.5583690067903734 4 
0000 0010 1655899405141045 -13.0 -66.0 1.6689710972195777 4 
0000 0014 1655899405160693 52.0625 -69.0 0.17487380981896308 4 
0000 0006 1655899405161918 -2.0 -69.5 5.770835724025782 4 
0000 0012 1655899405163488 -30.5 -69.5 5.884350302329319 4 
0000 0003 1655899405185260 51.25 -74.5 5.0682725231741586 4 
0000 0010 1655899405254838 -117.125 -66.5 1.7671458676442586 4 
0000 0008 1655899405258026 65.0625 -61.5 1.000155473701438 4 
0000 0009 1655899405260309 -34.9375 -56.5 5.43029198911517 4 
0000 0005 1655899405261674 -113.0625 -62.5 5.559146375297564 4 
0000 0011 1655899405262585 165.1875 -65.5 3.816544200259475 4 
0000 0015 1655899405264224 4.875 -59.5 1.1290098598838318 4 
0000 0013 1655899405265361 -66.6875 -59.0 0.5890486225480862 4 
0000 0014 1655899405288214 40.25 -70.5 0.5307573526084318 4 
0000 0006 1655899405289469 5.25 -69.0 5.936505649117431 4 
0000 0012 1655899405291391 -74.8125 -69.0 5.991728957481315 4 
0000 0003 1655899405309068 13.875 -74.5 5.264622064023521 4 
0000 0009 1655899405376735 -34.9375 -56.5 5.47937937432751 4 
0000 0010 1655899405377974 -191.1875 -65.5 1.9880391010997909 4 
0000 0013 1655899405379147 33.3125 -59.5 0.5092816215780329 4 
0000 0015 1655899405382856 42.3125 -60.0 1.0369710126106935 4 
0000 0008 1655899405385339 130.1875 -63.0 1.0062913968529805 4 
0000 0005 1655899405386506 -69.125 -62.5 5.448699758569798 4 
0000 0011 1655899405387689 -100.0625 -65.5 4.4362724385652745 4 
0000 0014 1655899405415039 85.8125 -70.5 0.3374757733348411 4 
0000 0012 1655899405426472 12.9375 -69.5 5.884350302329319 4 
0000 0003 1655899405428572 46.375 -74.5 5.184855063053467 4 
0000 0006 1655899405433629 2.4375 -70.0 6.135923151542564 4 
0000 0005 1655899405505479 100.0625 -62.5 5.313709449235861 4 
0000 0009 1655899405506886 -82.1875 -56.5 5.50392306693368 4 
0000 0013 1655899405507821 -28.4375 -58.5 0.5706408530934585 4 
0000 0010 1655899405508718 78.0625 -65.0 1.5892040962495242 4 
0000 0015 1655899405511847 52.0625 -60.5 1.1535535524900022 4 
0000 0011 1655899405513396 -468.6875 -65.5 4.589670517353839 4 
0000 0008 1655899405515762 -52.0625 -62.5 1.3989904785517047 4 
0000 0012 1655899405542413 1.1875 -69.0 5.884350302329319 4 
0000 0006 1655899405550679 9.0 -69.5 6.129787228391022 4 
0000 0003 1655899405555335 52.9375 -74.5 5.399612373357457 4 
0000 0014 1655899405557440 -18.5625 -71.0 0.6565437772150544 4 
0000 0005 1655899405639270 -21.9375 -63.0 5.497787143782138 4 
0000 0008 1655899405642490 8.9375 -63.0 1.3437671701878218 4 
0000 0015 1655899405644038 161.125 -59.5 1.043106935762236 4 
0000 0013 1655899405645340 61.8125 -59.0 0.48473792897186263 4 
0000 0009 1655899405646252 65.0625 -55.5 5.203262832508095 4 
0000 0011 1655899405649956 39.0 -65.0 3.810408277107933 4 
0000 0010 1655899405650866 4.0625 -65.0 1.4173982480063325 4 
0000 0012 1655899405673555 -26.0 -69.5 5.798447378207723 4 
0000 0014 1655899405679819 -7.875 -71.0 0.4295146206079795 4 
0000 0006 1655899405691028 -14.625 -70.5 6.000932842208628 4 
0000 0003 1655899405699627 8.0625 -75.0 6.270913460876501 4 
0000 0011 1655899405766945 34.9375 -63.0 3.54042765844006 4 
0000 0008 1655899405767857 48.0 -62.5 1.0369710126106935 4 
0000 0013 1655899405768763 80.5625 -59.0 0.2270291566070749 4 
0000 0009 1655899405771188 -26.0 -54.5 4.859651136021712 4 
0000 0005 1655899405774028 152.125 -62.5 5.473243451175968 4 
0000 0015 1655899405775469 66.6875 -60.0 1.086058397823034 4 
0000 0010 1655899405802217 33.75 -67.0 3.193748000377905 4 
0000 0012 1655899405804955 30.5 -70.5 5.316777410811632 4 
0000 0014 1655899405806310 22.75 -68.5 0.05522330836388308 4 
0000 0003 1655899405820088 8.0625 -73.5 0.7363107781851077 4 
0000 0011 1655899405893915 -204.25 -63.5 2.356194490192345 4 
0000 0013 1655899405894804 9.75 -59.0 6.013204688511713 4 
0000 0008 1655899405895973 -43.125 -63.5 0.5338253141842031 4 
0000 0015 1655899405900942 9.75 -61.0 1.1535535524900022 4 
0000 0009 1655899405901883 13.0 -55.5 3.724505352986337 4 
0000 0005 1655899405902826 -69.125 -63.5 5.540738605842936 4 
0000 0010 1655899405905290 74.0 -67.0 5.019185137961818 4 
0000 0012 1655899405906569 -42.3125 -68.5 4.196971435655114 4 
0000 0014 1655899405911617 52.0625 -67.5 2.9697868053466014 4 
0000 0003 1655899405931850 -2.4375 -74.5 1.239456476611598 4 
0000 0004 1655899405994086 6.625 -70.0 5.356660911296659 4 
0000 0006 1655899406012272 -12.875 -72.5 1.4358060174609601 4 
0000 0014 1655899406022056 132.625 -64.5 2.3930100291016 4 
0000 0015 1655899406023104 -94.375 -61.0 1.1780972450961724 4 
0000 0013 1655899406024012 -52.0625 -58.5 5.184855063053467 4 
0000 0009 1655899406025191 -74.0 -57.5 2.350058567040802 4 
0000 0005 1655899406029554 -30.0625 -64.5 5.424156065963627 4 
0000 0004 1655899406031813 -173.3125 -66.0 1.9819031779482483 4 
0000 0012 1655899406055933 -19.5 -70.0 4.859651136021712 4 
0000 0006 1655899406057586 28.0625 -69.0 0.18100973297050565 4 
0000 0011 1655899406058855 4.4375 -69.5 6.231029960391474 4 
0000 0000 1655899406065609 1.625 -75.5 1.4296700943094176 4 
0000 0001 1655899406074473 -23.625 -74.5 4.865787059173254 4 
0000 0005 1655899406152882 160.3125 -65.5 4.221515128261284 4 
0000 0009 1655899406154020 100.0625 -67.0 4.6878452877785195 4 
0000 0004 1655899406156784 -56.125 -59.5 1.0369710126106935 4 
0000 0014 1655899406158937 -4.875 -61.5 1.7548740213411735 4 
0000 0012 1655899406159804 284.0 -67.5 5.356660911296659 4 
0000 0008 1655899406162459 -82.1875 -59.0 2.4850488763747385 4 
0000 0000 1655899406165754 126.125 -66.0 2.411417798556228 4 
0000 0006 1655899406170988 61.0 -66.0 5.246214294568893 4 
0000 0015 1655899406172417 65.0625 -68.5 5.491651220630596 4 
0000 0001 1655899406190679 44.3125 -69.5 1.0062913968529805 4 
0000 0011 1655899406198925 17.4375 -71.0 4.896466674930966 4 
0000 0009 1655899406270039 -6.0 -70.5 5.534602682691394 4 
0000 0014 1655899406286611 52.0625 -65.5 0.30066023442558565 4 
0000 0004 1655899406287496 130.1875 -66.0 0.4111068511533518 4 
0000 0008 1655899406291610 -26.0 -57.5 2.1537090261914402 4 
0000 0009 1655899406298747 -33.75 -70.0 5.148039524144211 4 
0000 0011 1655899406314385 -36.5625 -76.0 4.411728745959104 4 
0000 0001 1655899406318994 -24.375 -73.5 5.197126909356553 4 
0000 0000 1655899406375996 -0.4375 -70.5 5.8475347634200645 4 
0000 0000 1655899406398543 -182.25 -66.0 5.6941366846315 4 
0000 0008 1655899406426982 -2.4375 -70.0 0.5460971604872883 4 
0000 0001 1655899406432732 6.5 -71.0 0.6933593161243098 4 
0000 0005 1655899406494825 0.4375 -72.0 5.013049214810275 4 
0000 0000 1655899406513696 -8.9375 -61.5 4.970097752749477 4 
0000 0008 1655899406515464 -264.4375 -65.5 4.970097752749477 4 
0000 0001 1655899406517493 126.125 -66.0 3.4054373491061236 4 
0000 0005 1655899406525193 -2.0 -71.0 5.052932715295302 4 
0000 0001 1655899406609271 95.1875 -63.5 3.454524734318464 4 
0000 0008 1655899406610753 208.3125 -63.0 4.749204519293945 4 
0000 0000 1655899406612271 -4.0625 -60.5 4.755340442445488 4 
0000 0005 1655899406613382 -165.1875 -68.0 1.7794177139473437 4 
0000 0004 1655899406614423 104.125 -66.0 5.565282298449106 4 
0000 0008 1655899406704728 91.125 -63.5 5.056000676871073 4 
0000 0005 1655899406705655 -113.0625 -67.5 1.4051264017032472 4 
0000 0000 1655899406709089 13.0 -61.0 4.767612288748572 4 
0000 0004 1655899406710911 -30.0625 -66.0 5.626641529964532 4 
0000 0001 1655899406712796 -39.0 -65.5 3.7429131224409646 4 
0000 0000 1655899406802940 26.0 -61.0 4.7860200582032 4 
0000 0008 1655899406805332 113.0625 -64.0 4.76147636559703 4 
0000 0001 1655899406806483 -277.4375 -63.5 3.816544200259475 4 
0000 0005 1655899406819806 -659.9375 -69.5 1.7794177139473437 4 
0000 0000 1655899406911224 -69.125 -61.0 4.865787059173254 4 
0000 0008 1655899406913017 108.1875 -65.0 4.669437518323892 4 
0000 0001 1655899406914337 -26.0 -65.0 3.4054373491061236 4 
0000 0004 1655899406937850 12.9375 -71.0 5.921165841238575 4 
0000 0005 1655899406948523 9.0 -73.0 1.6321555583103222 4 
0000 0000 1655899407019490 -130.1875 -61.0 5.086680292628786 4 
0000 0008 1655899407021043 -260.375 -65.5 5.006913291658733 4 
0000 0001 1655899407027285 -95.1875 -65.0 3.6079228131070282 4 
0000 0005 1655899407061551 -28.5 -73.5 5.160311370447297 4 
0000 0008 1655899407146564 121.25 -67.0 4.595806440505381 4 
0000 0000 1655899407147487 34.9375 -62.0 4.7860200582032 4 
0000 0001 1655899407149534 -160.3125 -64.5 3.497476196379262 4 
0000 0005 1655899407170271 -51.25 -75.0 2.043262409463674 4 
0000 0000 1655899407241894 26.0 -62.0 4.773748211900116 4 
0000 0008 1655899407242835 -61.0 -67.5 4.718524903536232 4 
0000 0001 1655899407245802 -82.1875 -66.0 3.399301425954581 4 
0000 0005 1655899407288833 -5.9375 -76.0 4.957825906446392 4 
0000 0000 1655899407343425 -8.9375 -62.0 5.080544369477243 4 
0000 0008 1655899407349789 -165.1875 -66.5 4.516039439535327 4 
0000 0001 1655899407374575 14.1875 -68.0 0.23623304133438874 4 
0000 0000 1655899407459951 -191.1875 -62.0 5.166447293598839 4 
0000 0008 1655899407463787 -34.9375 -67.0 4.442408361716817 4 
0000 0001 1655899407465406 -65.0625 -66.5 3.5711072741977725 4 
0000 0014 1655899407560950 3.125 -69.0 6.277049384028044 4 
0000 0000 1655899407570979 56.125 -61.5 4.902602598082509 4 
0000 0008 1655899407579181 -30.0625 -68.0 4.23378697456437 4 
0000 0001 1655899407608535 -48.8125 -67.0 0.4295146206079795 4 
0000 0014 1655899407656167 -3.1875 -70.0 0.01227184630308513 4 
0000 0000 1655899407699792 104.125 -62.5 4.908738521234052 4 
0000 0008 1655899407705324 -69.125 -66.5 4.123340357836604 4 
0000 0001 1655899407709705 69.125 -66.5 3.54042765844006 4 
0000 0014 1655899407726076 4.375 -69.0 6.270913460876501 4 
0000 0000 1655899407807996 69.125 -63.0 4.988505522204105 4 
0000 0008 1655899407814322 -160.3125 -68.5 4.270602513473625 4 
0000 0014 1655899407836503 67.125 -68.5 6.19728238305799 4 
0000 0001 1655899407838501 39.0625 -67.5 0.18100973297050565 4 
0000 0000 1655899407924840 -182.25 -63.0 5.368932757599744 4 
0000 0014 1655899407937446 -243.3125 -65.5 0.30066023442558565 4 
0000 0008 1655899407939014 -533.8125 -69.0 4.331961744989051 4 
0000 0001 1655899407947142 19.5 -68.5 0.303728196001357 4 
0000 0000 1655899408034396 95.1875 -63.5 4.95168998329485 4 
0000 0001 1655899408035395 21.9375 -65.0 3.472932503773092 4 
0000 0008 1655899408037173 -1106.6875 -69.5 4.718524903536232 4 
0000 0014 1655899408041257 80.5625 -67.0 0.07363107781851078 4 
0000 0001 1655899408131194 78.0625 -65.5 3.172272269347506 4 
0000 0000 1655899408132389 121.25 -63.0 4.847379289718626 4 
0000 0014 1655899408137755 28.4375 -64.5 0.23316507975861744 4 
0000 0000 1655899408229962 -191.1875 -63.0 5.2768939103266055 4 
0000 0014 1655899408234713 118.75 -66.0 0.04908738521234052 4 
0000 0001 1655899408258259 -69.5625 -67.5 0.4141748127291231 4 
0000 0008 1655899408262909 -18.25 -71.0 0.9265243958829272 4 
0000 0000 1655899408346415 8.9375 -63.0 4.945554060143307 4 
0000 0014 1655899408351516 -312.4375 -66.0 0.5767767762450011 4 
0000 0008 1655899408358126 -221.3125 -68.5 4.479223900626073 4 
0000 0001 1655899408372483 40.25 -68.5 0.24850488763747386 4 
0000 0014 1655899408455499 122.875 -66.0 0.030679615757712823 4 
0000 0000 1655899408459065 -108.1875 -63.5 5.289165756629691 4 
0000 0001 1655899408472028 27.25 -68.5 0.23930100291016002 4 
0000 0008 1655899408474124 -105.375 -70.5 1.1290098598838318 4 
0000 0000 1655899408554791 -39.0 -63.0 5.178719139901925 4 
0000 0008 1655899408573953 173.3125 -69.0 4.086524818927348 4 
0000 0014 1655899408593833 30.5 -67.5 0.10124273200045232 4 
0000 0001 1655899408604715 -27.25 -68.0 0.32213596545598466 4 
0000 0000 1655899408686304 -21.9375 -63.0 5.098952138931871 4 
0000 0001 1655899408711388 -9.75 -67.5 3.3839616180757246 4 
0000 0014 1655899408716905 39.0625 -67.5 0.006135923151542565 4 
0000 0008 1655899408718114 19.5 -69.5 1.1474176293384597 4 
