0000 0001 1655899685903248 74.0 -66.0 1.8407769454627694 5 
0000 0008 1655899685906451 -69.125 -66.0 3.522019888985432 5 
0000 0014 1655899685930984 12.9375 -68.0 1.4910293258248433 5 
0000 0015 1655899685975722 -6.375 -68.5 6.240233845118788 5 
0000 0015 1655899685989255 -4.6875 -69.0 6.1850105367549055 5 
0000 0000 1655899686037892 -17.0625 -62.0 5.896622148632405 5 
0000 0008 1655899686052200 -78.0625 -64.5 3.5772431973493153 5 
0000 0001 1655899686061222 32.5 -67.5 1.88986433067511 5 
0000 0014 1655899686082965 3.5 -67.5 1.509437095279471 5 
0000 0015 1655899686125072 -1.625 -68.5 6.252505691421874 5 
0000 0001 1655899686172612 178.1875 -66.0 1.6873788666742053 5 
0000 0000 1655899686174104 26.0 -62.0 5.8045833013592665 5 
0000 0008 1655899686202813 43.5 -66.5 0.25770877236478773 5 
0000 0014 1655899686219967 7.3125 -68.0 1.4848934026733007 5 
0000 0015 1655899686266245 2.5625 -68.0 6.19728238305799 5 
0000 0000 1655899686302189 -34.9375 -61.0 5.816855147662351 5 
0000 0014 1655899686303379 87.0625 -65.0 1.6382914814618648 5 
0000 0008 1655899686316795 -160.3125 -65.5 3.5158839658338894 5 
0000 0001 1655899686342632 -32.5 -67.0 5.086680292628786 5 
0000 0001 1655899686453699 -217.25 -67.0 1.8285050991596843 5 
0000 0000 1655899686456307 0.0 -61.5 5.755495916146925 5 
0000 0008 1655899686469116 17.0625 -66.5 3.2949907323783574 5 
0000 0000 1655899686595453 -48.0 -62.0 5.957981380147831 5 
0000 0001 1655899686598311 -303.5 -67.5 2.1659808724945253 5 
0000 0008 1655899686601309 -95.1875 -64.5 3.6447383520162835 5 
0000 0015 1655899686701698 1.5625 -68.5 6.1420590746941075 5 
0000 0000 1655899686718309 156.1875 -62.0 5.663457068873787 5 
0000 0008 1655899686720357 -455.6875 -65.5 4.025165587411922 5 
0000 0001 1655899686741808 -33.75 -68.0 5.1725832167503825 5 
0000 0015 1655899686762247 -3.5 -68.0 6.270913460876501 5 
0000 0014 1655899686765010 -5.3125 -66.5 1.5155730184310134 5 
0000 0004 1655899686846973 -8.5625 -71.0 1.3008157081270237 5 
0000 0000 1655899686875095 2.0 -62.0 5.826059032389665 5 
0000 0008 1655899686887302 18.75 -66.5 0.11658253987930872 5 
0000 0014 1655899686889437 -10.625 -67.0 1.6873788666742053 5 
0000 0001 1655899686932428 -8.0625 -68.5 1.9696313316451632 5 
0000 0015 1655899686938116 -8.0625 -68.5 0.07976700097005335 5 
0000 0004 1655899686963225 -11.0625 -71.5 1.3130875544301088 5 
0000 0000 1655899687000892 -21.9375 -61.5 5.915029918087033 5 
0000 0014 1655899687009495 350.6875 -65.5 1.325359400733194 5 
0000 0001 1655899687010519 -217.25 -66.0 2.12916533358527 5 
0000 0008 1655899687030718 28.0625 -66.5 0.23009711818284617 5 
0000 0015 1655899687095817 -5.4375 -68.0 0.0674951546669682 5 
0000 0000 1655899687156324 4.0625 -62.0 5.945709533844745 5 
0000 0001 1655899687157488 -30.0625 -66.0 2.110757564130642 5 
0000 0014 1655899687177723 -17.4375 -66.5 4.8259035586882275 5 
0000 0008 1655899687186885 33.75 -66.5 0.2055534255766759 5 
0000 0015 1655899687194422 2.6875 -68.5 0.01227184630308513 5 
0000 0000 1655899687273217 -34.9375 -62.5 5.9088939949354895 5 
0000 0001 1655899687291463 45.5625 -67.5 4.8013598660820564 5 
0000 0008 1655899687297975 -81.375 -67.5 3.5158839658338894 5 
0000 0015 1655899687310860 1.8125 -68.0 0.006135923151542565 5 
0000 0014 1655899687338469 10.625 -68.0 1.5401167110371838 5 
0000 0004 1655899687385439 2.875 -71.0 1.3621749396424494 5 
0000 0000 1655899687410393 17.0625 -62.0 5.6573211457222445 5 
0000 0001 1655899687437082 -4.4375 -66.5 4.914874444385594 5 
0000 0014 1655899687440249 10.9375 -67.0 4.822835597112456 5 
0000 0015 1655899687490446 -11.4375 -66.5 0.1227184630308513 5 
0000 0015 1655899687500532 -3.0 -68.5 0.04295146206079795 5 
0000 0004 1655899687554803 1.9375 -70.5 4.319689898685965 5 
0000 0014 1655899687570503 170.875 -66.5 1.4910293258248433 5 
0000 0000 1655899687572263 43.125 -61.0 5.638913376267617 5 
0000 0001 1655899687573849 0.0 -64.5 1.8837284075235674 5 
0000 0008 1655899687598015 7.3125 -66.5 0.1227184630308513 5 
0000 0015 1655899687678750 0.875 -67.0 6.22182607566416 5 
0000 0015 1655899687724019 -2.6875 -67.5 0.02454369260617026 5 
0000 0008 1655899687726891 -9.75 -67.0 0.3374757733348411 5 
0000 0000 1655899687731972 -3.1875 -63.5 5.8659425328746915 5 
0000 0001 1655899687734244 0.0 -68.0 1.6505633277649499 5 
0000 0014 1655899687745236 -7.625 -67.5 1.5462526341887264 5 
0000 0014 1655899687806232 9.75 -65.5 1.607611865704152 5 
0000 0000 1655899687807893 13.0 -62.0 5.559146375297564 5 
0000 0001 1655899687810664 -91.125 -64.5 1.5953400194010667 5 
0000 0008 1655899687819230 10.9375 -67.5 0.18407769454627693 5 
0000 0004 1655899687908665 -4.875 -71.0 1.2885438618239387 5 
0000 0015 1655899687916940 0.4375 -68.5 6.264777537724958 5 
0000 0000 1655899687934725 -4.0625 -61.5 5.798447378207723 5 
0000 0001 1655899687935655 -204.25 -65.5 2.1905245651006955 5 
0000 0014 1655899687941574 -95.1875 -65.5 2.018718716857504 5 
0000 0008 1655899687951372 17.4375 -67.5 0.16873788666742054 5 
0000 0015 1655899688007876 -9.75 -68.0 6.258641614573416 5 
0000 0000 1655899688051817 -48.0 -61.0 5.66959299202533 5 
0000 0014 1655899688056569 -117.125 -65.5 1.6935147898257479 5 
0000 0001 1655899688058007 282.375 -64.5 1.3560390164909069 5 
0000 0008 1655899688068906 -6.5 -66.5 0.30066023442558565 5 
0000 0015 1655899688080398 -5.3125 -67.5 6.135923151542564 5 
0000 0000 1655899688160244 8.9375 -60.5 5.491651220630596 5 
0000 0014 1655899688161963 -56.9375 -63.5 1.6505633277649499 5 
0000 0001 1655899688164238 -386.5 -66.0 2.1659808724945253 5 
0000 0008 1655899688180657 -22.75 -67.0 0.09203884727313846 5 
0000 0015 1655899688233394 -3.8125 -68.5 6.264777537724958 5 
0000 0004 1655899688263836 -8.4375 -70.5 1.4603497100671303 5 
0000 0000 1655899688295772 130.1875 -63.0 5.3198453723874035 5 
0000 0008 1655899688321967 72.8125 -66.5 6.234097921967246 5 
0000 0001 1655899688330970 63.875 -68.0 1.7855536370988863 5 
0000 0014 1655899688350542 -4.0625 -68.0 1.533980787885641 5 
0000 0015 1655899688398037 5.75 -68.0 6.037748381117884 5 
0000 0014 1655899688429423 265.25 -65.5 1.2517283229146832 5 
0000 0000 1655899688433008 65.0625 -61.5 5.5284667595398505 5 
0000 0001 1655899688437223 -230.25 -66.0 1.8162332528565992 5 
0000 0008 1655899688468839 21.1875 -67.0 0.12885438618239387 5 
0000 0000 1655899688555248 -117.125 -61.5 5.724816300389213 5 
0000 0001 1655899688574656 -47.5625 -67.0 1.5892040962495242 5 
0000 0014 1655899688576946 98.875 -66.0 1.4542137869155878 5 
0000 0008 1655899688579820 9.75 -67.5 0.22089323345553233 5 
0000 0004 1655899688665908 0.875 -70.5 1.4358060174609601 5 
0000 0015 1655899688718213 -6.25 -68.0 6.14819499784565 5 
0000 0001 1655899688722891 22.6875 -68.5 4.632621979414636 5 
0000 0000 1655899688725081 -1.625 -63.0 5.583690067903734 5 
0000 0008 1655899688727243 4.875 -67.0 0.15339807878856412 5 
0000 0014 1655899688765962 -4.25 -68.0 4.804427827657828 5 
0000 0000 1655899688810049 34.9375 -62.0 5.381204603902829 5 
0000 0001 1655899688813355 78.0625 -63.5 1.705786636128833 5 
0000 0014 1655899688814250 -354.75 -64.5 1.8407769454627694 5 
0000 0008 1655899688836341 50.0 -66.0 0.03681553890925539 5 
0000 0015 1655899688972662 -1.125 -68.0 3.000466421104314 5 
0000 0014 1655899688985869 166.0 -66.5 1.2885438618239387 5 
0000 0000 1655899688986750 48.0 -61.5 5.436427912266712 5 
0000 0001 1655899688992803 34.9375 -65.5 1.607611865704152 5 
0000 0008 1655899689012057 46.75 -67.5 6.240233845118788 5 
0000 0015 1655899689050473 -7.125 -68.5 0.01227184630308513 5 
0000 0014 1655899689110390 47.1875 -66.5 1.521708941582556 5 
0000 0000 1655899689113328 43.125 -62.0 5.522330836388308 5 
0000 0001 1655899689115634 78.0625 -64.5 1.552388557340269 5 
0000 0008 1655899689120031 208.3125 -65.5 3.018874190558942 5 
0000 0015 1655899689164772 -1.1875 -68.5 6.277049384028044 5 
0000 0000 1655899689232026 113.0625 -61.0 5.546874528994478 5 
0000 0001 1655899689239641 -173.3125 -65.5 1.945087639038993 5 
0000 0008 1655899689243093 -234.3125 -66.5 3.650874275167826 5 
0000 0015 1655899689256395 30.5 -67.5 6.1942144214822195 5 
0000 0014 1655899689286661 5.0 -68.0 4.718524903536232 5 
0000 0000 1655899689347184 -74.0 -61.5 5.688000761479957 5 
0000 0014 1655899689349860 -28.4375 -66.0 1.4848934026733007 5 
0000 0008 1655899689353438 -230.25 -64.0 3.393165502803038 5 
0000 0001 1655899689362902 165.1875 -66.0 1.6198837120072371 5 
0000 0015 1655899689395676 -9.75 -67.5 6.258641614573416 5 
0000 0000 1655899689467309 -91.125 -62.0 5.724816300389213 5 
0000 0014 1655899689468430 52.0625 -65.5 1.3621749396424494 5 
0000 0008 1655899689471223 -87.0625 -65.5 3.3379421944391554 5 
0000 0001 1655899689482625 9.75 -68.0 1.6229516735830083 5 
0000 0015 1655899689513075 -1.625 -68.0 0.04908738521234052 5 
0000 0000 1655899689577109 308.375 -61.0 5.405748296509 5 
0000 0014 1655899689603469 -193.25 -66.5 1.6321555583103222 5 
0000 0001 1655899689605079 -115.9375 -65.5 5.175651178326153 5 
0000 0014 1655899689613996 0.75 -67.5 4.6878452877785195 5 
0000 0008 1655899689617356 7.3125 -65.5 0.23930100291016002 5 
0000 0015 1655899689620695 13.25 -68.0 6.2034183062095325 5 
0000 0014 1655899689702788 23.5625 -65.0 1.2333205534600555 5 
0000 0000 1655899689710081 -43.125 -61.5 5.798447378207723 5 
0000 0001 1655899689732932 -2.0 -68.0 5.102020100507643 5 
0000 0008 1655899689740311 10.9375 -65.0 0.17487380981896308 5 
0000 0015 1655899689861975 1.125 -68.5 0.22089323345553233 5 
0000 0004 1655899689879232 3.125 -71.0 1.6321555583103222 5 
0000 0000 1655899689900733 8.9375 -62.0 5.859806609723149 5 
0000 0014 1655899689902767 -212.375 -66.0 1.662835174068035 5 
0000 0008 1655899689906167 -69.125 -65.0 3.4054373491061236 5 
0000 0001 1655899689908755 -152.125 -66.5 2.0493983326152168 5 
0000 0015 1655899689917004 -10.9375 -67.5 0.25464081078901646 5 
0000 0000 1655899690005239 34.9375 -62.0 5.921165841238575 5 
0000 0014 1655899690006411 -275.0 -65.5 1.902136176978195 5 
0000 0001 1655899690010698 -113.0625 -67.0 1.9757672547967058 5 
0000 0008 1655899690021113 -61.0 -66.0 3.6263305825616556 5 
0000 0015 1655899690051786 23.0 -68.5 0.25770877236478773 5 
0000 0014 1655899690120964 -61.0 -66.5 1.6505633277649499 5 
0000 0001 1655899690123110 -39.0 -66.0 1.9573594853420782 5 
0000 0000 1655899690124941 56.125 -62.0 5.945709533844745 5 
0000 0008 1655899690126489 -108.1875 -66.5 3.5588354278946874 5 
0000 0015 1655899690149335 19.5 -68.5 0.1595340019401067 5 
0000 0014 1655899690223045 246.5625 -65.5 1.3314953238847365 5 
0000 0001 1655899690229889 -191.1875 -65.5 2.141437179888355 5 
0000 0000 1655899690231039 30.0625 -62.0 5.915029918087033 5 
0000 0008 1655899690233940 -78.0625 -64.0 3.423845118560751 5 
0000 0015 1655899690245120 40.25 -67.5 0.30066023442558565 5 
0000 0001 1655899690327527 108.1875 -66.0 1.7855536370988863 5 
0000 0000 1655899690329923 8.9375 -60.0 5.957981380147831 5 
0000 0014 1655899690333208 -189.5625 -64.5 1.9144080232812801 5 
0000 0008 1655899690339842 -433.6875 -66.5 4.000621894805752 5 
0000 0015 1655899690364342 3.5 -69.0 0.21475731030398976 5 
0000 0014 1655899690435484 -426.375 -66.0 1.9819031779482483 5 
0000 0001 1655899690440659 286.4375 -67.5 1.6996507129772904 5 
0000 0000 1655899690441976 4.0625 -63.5 5.970253226450915 5 
0000 0008 1655899690443159 -147.25 -66.0 3.650874275167826 5 
0000 0015 1655899690466733 -10.625 -68.5 0.28225246497095796 5 
0000 0000 1655899690550637 -43.125 -62.0 6.050020227420969 5 
0000 0014 1655899690552169 42.3125 -64.5 1.5033011721279284 5 
0000 0008 1655899690554322 -147.25 -64.5 3.5342917352885173 5 
0000 0001 1655899690559213 -316.5 -66.5 2.3316507975861747 5 
0000 0015 1655899690582624 10.625 -69.0 0.1349903093339364 5 
0000 0015 1655899690601082 -5.4375 -69.5 0.22089323345553233 5 
0000 0000 1655899690683341 -17.0625 -62.0 5.890486225480862 5 
0000 0008 1655899690713383 18.25 -66.0 0.30066023442558565 5 
0000 0001 1655899690724858 67.125 -67.0 4.746136557718174 5 
0000 0014 1655899690734875 11.5625 -67.5 1.5830681730979816 5 
0000 0015 1655899690790158 2.8125 -68.5 0.09203884727313846 5 
0000 0000 1655899690833823 -34.9375 -62.0 5.835262917116979 5 
0000 0001 1655899690843660 -56.125 -66.0 1.7732817907958012 5 
0000 0014 1655899690863389 -39.0625 -67.0 1.6751070203711202 5 
0000 0008 1655899690866662 -1.1875 -65.0 0.26691265709210155 5 
