0000 0000 1655899758014531 34.9375 -60.0 0.48473792897186263 5 
0000 0001 1655899758018095 -130.1875 -64.0 4.1417481272912315 5 
0000 0001 1655899758109393 -269.3125 -63.5 4.368777283898306 5 
0000 0000 1655899758113975 -56.125 -60.5 0.705631162427395 5 
0000 0008 1655899758150231 -15.375 -72.5 3.785864584501762 5 
0000 0006 1655899758152313 16.3125 -72.5 5.798447378207723 5 
0000 0001 1655899758220102 52.0625 -63.5 3.9638063558964967 5 
0000 0000 1655899758221011 -26.0 -59.0 0.607456392002714 5 
0000 0008 1655899758239259 49.5625 -73.0 0.4724660826687775 5 
0000 0006 1655899758245277 24.375 -72.5 5.706408530934585 5 
0000 0001 1655899758320672 -104.125 -64.0 4.037437433715008 5 
0000 0000 1655899758324498 52.0625 -59.5 0.5031456984264903 5 
0000 0008 1655899758341375 54.4375 -73.0 0.4356505437595221 5 
0000 0006 1655899758353414 3.1875 -73.0 5.890486225480862 5 
0000 0000 1655899758428456 74.0 -59.0 0.46019423636569234 5 
0000 0001 1655899758429397 -17.0625 -63.0 4.190835512503572 5 
0000 0006 1655899758446428 7.3125 -73.0 5.896622148632405 5 
0000 0008 1655899758455763 -25.125 -74.0 0.6381360077604268 5 
0000 0001 1655899758522741 -264.4375 -63.5 4.135612204139688 5 
0000 0000 1655899758527202 -61.0 -60.0 0.6442719309119693 5 
0000 0006 1655899758555992 12.9375 -73.0 5.773903685601553 5 
0000 0008 1655899758561363 -52.0 -72.5 0.7363107781851077 5 
0000 0001 1655899758631242 -65.0625 -63.0 4.000621894805752 5 
0000 0000 1655899758633217 -91.125 -60.5 0.7547185476397354 5 
0000 0006 1655899758681777 -8.0625 -73.0 5.835262917116979 5 
0000 0008 1655899758693517 0.4375 -73.0 0.4111068511533518 5 
0000 0001 1655899758745169 -17.0625 -62.5 3.8410878928656453 5 
0000 0000 1655899758747302 -8.9375 -59.5 0.5399612373357456 5 
0000 0008 1655899758773466 7.3125 -73.5 0.4111068511533518 5 
0000 0006 1655899758776579 -14.625 -74.0 5.9518454569962875 5 
0000 0001 1655899758841986 17.0625 -64.0 3.8840393549264434 5 
0000 0000 1655899758844695 0.0 -59.5 0.607456392002714 5 
0000 0008 1655899758905054 -5.9375 -74.0 0.5276893910326605 5 
0000 0006 1655899758908843 15.8125 -73.5 5.915029918087033 5 
0000 0001 1655899758958415 381.625 -63.5 3.5772431973493153 5 
0000 0000 1655899758962006 21.9375 -59.0 0.5399612373357456 5 
0000 0008 1655899758987092 -22.6875 -73.5 0.47860200582032003 5 
0000 0001 1655899759232002 121.25 -63.0 3.785864584501762 5 
0000 0000 1655899759235199 -30.0625 -60.5 0.7363107781851077 5 
0000 0008 1655899759261277 37.375 -72.5 0.11044661672776616 5 
0000 0000 1655899759334821 -21.9375 -59.0 0.6013204688511713 5 
0000 0001 1655899759335878 104.125 -63.5 3.822680123411018 5 
0000 0008 1655899759351478 15.375 -73.0 0.1349903093339364 5 
0000 0001 1655899759478812 208.3125 -63.0 3.785864584501762 5 
0000 0000 1655899759480362 -217.25 -60.0 0.9633399347921826 5 
0000 0008 1655899759506997 26.0625 -73.0 0.1595340019401067 5 
0000 0001 1655899759574390 -173.3125 -64.0 4.104932588381976 5 
0000 0000 1655899759577967 87.0625 -60.0 0.6504078540635119 5 
0000 0008 1655899759615952 7.125 -74.0 0.2086213871524472 5 
0000 0000 1655899759725755 -113.0625 -60.5 0.9387962421860124 5 
0000 0001 1655899759729145 -87.0625 -63.0 4.1417481272912315 5 
0000 0008 1655899759747256 -10.5 -73.5 0.2945243112740431 5 
0000 0001 1655899759822011 -100.0625 -63.0 4.0987966652304335 5 
0000 0000 1655899759823007 48.0 -59.5 0.7853981633974483 5 
0000 0008 1655899759846818 22.6875 -73.5 0.22089323345553233 5 
0000 0000 1655899759944282 56.125 -60.0 0.705631162427395 5 
0000 0001 1655899759946541 69.125 -64.0 4.074252972624263 5 
0000 0008 1655899759977267 -2.4375 -73.0 0.30679615757712825 5 
0000 0001 1655899760049866 117.125 -63.5 3.9453985864418692 5 
0000 0000 1655899760050776 -100.0625 -60.0 0.7792622402459057 5 
0000 0008 1655899760076442 -18.75 -73.5 0.5399612373357456 5 
0000 0006 1655899760311887 2.4375 -72.5 6.043884304269426 5 
0000 0000 1655899760322780 -61.0 -59.5 0.6872233929727672 5 
0000 0001 1655899760326415 -78.0625 -64.5 4.09266074207889 5 
0000 0008 1655899760342797 -6.5 -72.0 0.35588354278946877 5 
0000 0001 1655899760442877 -87.0625 -64.0 4.104932588381976 5 
0000 0000 1655899760445959 -152.125 -60.0 0.8774370106705868 5 
0000 0008 1655899760487852 -21.9375 -73.5 0.521553467881118 5 
0000 0000 1655899760555604 -56.125 -60.0 0.6749515466696822 5 
0000 0001 1655899760558125 91.125 -64.0 3.9147189706841563 5 
0000 0008 1655899760579408 -12.1875 -73.0 0.5276893910326605 5 
0000 0000 1655899760651890 8.9375 -59.5 0.521553467881118 5 
0000 0001 1655899760652971 -48.0 -63.5 4.006757817957295 5 
0000 0008 1655899760678771 10.5 -73.5 0.2454369260617026 5 
0000 0001 1655899760749666 -65.0625 -63.5 3.9576704327449543 5 
0000 0000 1655899760751298 130.1875 -59.5 0.4172427743048944 5 
0000 0008 1655899760776101 -5.625 -74.0 0.2761165418194154 5 
0000 0001 1655899760848141 113.0625 -64.5 3.77972866135022 5 
0000 0000 1655899760852060 17.0625 -60.0 0.5338253141842031 5 
0000 0008 1655899760875008 12.1875 -74.5 0.30679615757712825 5 
0000 0000 1655899760949165 -104.125 -60.0 0.5767767762450011 5 
0000 0001 1655899760950544 48.0 -64.0 3.865631585471816 5 
0000 0008 1655899760979399 9.0 -73.5 0.30066023442558565 5 
0000 0001 1655899761049357 48.0 -62.0 3.792000507653305 5 
0000 0000 1655899761050900 43.125 -60.0 0.5276893910326605 5 
0000 0008 1655899761095387 2.125 -74.0 0.18407769454627693 5 
0000 0001 1655899761153322 -212.375 -64.0 4.09266074207889 5 
0000 0000 1655899761154217 -100.0625 -60.5 0.6381360077604268 5 
0000 0008 1655899761178900 -12.1875 -73.5 0.3865631585471816 5 
0000 0000 1655899761250726 156.1875 -59.5 0.3190680038802134 5 
0000 0001 1655899761253793 34.9375 -63.0 3.933126740138784 5 
0000 0001 1655899761370702 -87.0625 -64.0 4.0558452031696355 5 
0000 0000 1655899761373018 -87.0625 -60.0 0.6565437772150544 5 
0000 0001 1655899761463416 34.9375 -64.0 3.890175278077986 5 
0000 0000 1655899761468447 121.25 -60.5 0.4970097752749477 5 
0000 0001 1655899761559890 -204.25 -63.5 4.086524818927348 5 
0000 0000 1655899761560799 -26.0 -59.5 0.6135923151542565 5 
0000 0000 1655899761653308 -260.375 -61.0 0.9572040116406401 5 
0000 0001 1655899761656499 -152.125 -61.5 4.06811704947272 5 
0000 0001 1655899761745953 -8.9375 -63.0 3.9208548938356986 5 
0000 0000 1655899761747077 -17.0625 -62.0 0.9326603190344698 5 
0000 0000 1655899761841169 165.1875 -62.5 0.9326603190344698 5 
0000 0001 1655899761844450 61.0 -64.5 3.8963112012295285 5 
0000 0001 1655899761935448 234.3125 -63.5 3.890175278077986 5 
0000 0000 1655899761936726 -91.125 -61.5 1.3437671701878218 5 
0000 0001 1655899762028514 17.0625 -65.0 4.006757817957295 5 
0000 0000 1655899762029681 82.1875 -63.5 1.2640001692177683 5 
0000 0004 1655899762139952 0.0 -72.0 0.9387962421860124 5 
0000 0000 1655899762145815 -91.125 -63.5 1.6505633277649499 5 
0000 0001 1655899762148075 -82.1875 -64.5 4.184699589352029 5 
0000 0004 1655899762196902 -12.9375 -73.5 4.184699589352029 5 
0000 0000 1655899762251850 82.1875 -62.0 1.4664856332186729 5 
0000 0001 1655899762253573 347.4375 -63.5 3.7981364308048478 5 
0000 0004 1655899762280285 23.625 -72.0 4.04357335686655 5 
0000 0000 1655899762355305 -126.125 -63.5 1.6996507129772904 5 
0000 0001 1655899762356841 104.125 -63.0 4.1172044346850605 5 
0000 0004 1655899762377947 -63.875 -71.0 1.0461748973380072 5 
0000 0001 1655899762459845 143.1875 -63.0 4.196971435655114 5 
0000 0000 1655899762463393 -191.1875 -63.5 1.9266798695843652 5 
0000 0004 1655899762468129 91.125 -68.5 4.01902966426038 5 
0000 0008 1655899762490211 -2.4375 -74.5 5.135767677841127 5 
0000 0000 1655899762560752 -143.1875 -65.0 2.1659808724945253 5 
0000 0001 1655899762563865 113.0625 -64.5 4.399456899656019 5 
0000 0004 1655899762565752 325.5 -67.0 3.890175278077986 5 
0000 0008 1655899762591718 25.125 -73.5 1.9634954084936207 5 
0000 0001 1655899762659356 26.0 -63.5 4.3933209765044765 5 
0000 0004 1655899762660723 -230.25 -67.0 4.381049130201391 5 
0000 0000 1655899762663446 4.0625 -63.5 2.1475731030398975 5 
0000 0008 1655899762684931 -16.3125 -73.5 5.190990986205009 5 
0000 0000 1655899762759596 78.0625 -65.5 2.0371264863121317 5 
0000 0001 1655899762763391 256.3125 -64.0 4.28287435977671 5 
0000 0004 1655899762765846 169.25 -66.5 4.01902966426038 5 
0000 0008 1655899762796016 -10.5 -72.5 5.203262832508095 5 
0000 0000 1655899762865085 -4.875 -66.5 2.2457478734645786 5 
0000 0001 1655899762867588 -178.1875 -65.0 4.669437518323892 5 
