0000 0011 1656319907564275 -95.1875 -64.0 5.964117303299373 13 
0000 0005 1656319907565454 21.9375 -64.5 0.4295146206079795 13 
0000 0014 1656319907567307 -9.75 -61.5 3.509748042682347 13 
0000 0009 1656319907569197 -26.0 -55.5 0.5829126993965437 13 
0000 0012 1656319907570106 203.4375 -68.5 3.497476196379262 13 
0000 0013 1656319907571013 28.4375 -61.5 3.3502140407422405 13 
0000 0004 1656319907572419 4.0625 -65.0 1.3560390164909069 13 
0000 0015 1656319907573821 4.875 -57.5 3.8410878928656453 13 
0000 0008 1656319907574735 -56.125 -65.5 2.36846633649543 13 
0000 0010 1656319907576867 34.9375 -68.0 3.356349963893783 13 
0000 0000 1656319907602054 -42.25 -77.5 5.448699758569798 13 
0000 0002 1656319907604321 12.1875 -76.0 5.056000676871073 13 
0000 0003 1656319907676306 -17.0625 -59.5 1.8775924843720249 13 
0000 0014 1656319907677156 38.1875 -62.0 3.4606606574700063 13 
0000 0008 1656319907678535 -17.0625 -66.0 2.3009711818284617 13 
0000 0015 1656319907680777 52.0625 -57.0 3.77972866135022 13 
0000 0004 1656319907681703 -61.0 -66.0 1.3314953238847365 13 
0000 0011 1656319907684248 56.125 -64.0 5.9088939949354895 13 
0000 0010 1656319907685143 21.9375 -69.0 3.2581751934691017 13 
0000 0009 1656319907686566 -39.0 -55.5 0.5951845456996288 13 
0000 0012 1656319907687474 284.0 -70.0 3.4606606574700063 13 
0000 0005 1656319907689142 -26.0 -64.5 0.48473792897186263 13 
0000 0013 1656319907690035 38.1875 -60.5 3.3624858870453256 13 
0000 0002 1656319907705739 14.625 -76.0 5.086680292628786 13 
0000 0000 1656319907728639 4.6875 -78.5 5.497787143782138 13 
0000 0008 1656319907793538 13.0 -66.5 2.350058567040802 13 
0000 0005 1656319907795032 -8.9375 -64.0 0.4724660826687775 13 
0000 0004 1656319907796187 108.1875 -66.0 1.1351457830353744 13 
0000 0013 1656319907797843 -18.6875 -61.5 3.393165502803038 13 
0000 0015 1656319907798964 52.0625 -57.5 3.77972866135022 13 
0000 0003 1656319907803114 -43.125 -59.5 1.9082721001297376 13 
0000 0009 1656319907804279 -43.125 -56.0 0.5522330836388308 13 
0000 0012 1656319907805670 113.875 -69.0 3.56497135104623 13 
0000 0011 1656319907807031 26.0 -63.5 5.878214379177777 13 
0000 0014 1656319907808403 -38.1875 -61.5 3.54042765844006 13 
0000 0010 1656319907809690 4.0625 -69.0 3.380893656499953 13 
0000 0002 1656319907829831 12.9375 -76.0 5.105088062083414 13 
0000 0000 1656319907845563 0.4375 -78.5 5.620505606812989 13 
0000 0010 1656319907907892 -34.9375 -67.0 3.2827188860752723 13 
0000 0005 1656319907908803 48.0 -66.0 0.47860200582032003 13 
0000 0015 1656319907909963 -23.5625 -57.0 3.792000507653305 13 
0000 0004 1656319907910847 -61.0 -66.0 1.337631247036279 13 
0000 0009 1656319907912480 -34.9375 -55.5 0.5460971604872883 13 
0000 0011 1656319907913902 -48.0 -63.5 5.93343768754166 13 
0000 0012 1656319907915288 9.75 -69.0 3.6754179677739964 13 
0000 0013 1656319907916196 28.4375 -60.5 3.3072625786814425 13 
0000 0003 1656319907917364 -56.125 -59.5 1.846912868614312 13 
0000 0014 1656319907921830 80.5625 -61.0 3.466796580621549 13 
0000 0008 1656319907923011 17.0625 -66.5 2.184388641949153 13 
0000 0002 1656319907949712 1.625 -76.0 5.154175447295755 13 
0000 0000 1656319908013259 27.5625 -78.5 5.270757987175063 13 
0000 0008 1656319908058204 134.25 -66.5 2.086213871524472 13 
0000 0010 1656319908059397 -8.9375 -67.5 3.3195344249845276 13 
0000 0004 1656319908060509 -91.125 -66.0 1.368310862793992 13 
0000 0009 1656319908061446 -4.0625 -55.5 0.4479223900626072 13 
0000 0012 1656319908064910 -52.0625 -68.5 3.724505352986337 13 
0000 0005 1656319908066514 -43.125 -65.0 0.39269908169872414 13 
0000 0014 1656319908067645 4.875 -61.5 3.5465635815916023 13 
0000 0011 1656319908069534 8.9375 -63.0 5.816855147662351 13 
0000 0015 1656319908070954 42.3125 -58.0 3.7429131224409646 13 
0000 0013 1656319908072924 4.875 -61.0 3.2643111166206444 13 
0000 0003 1656319908075114 -21.9375 -59.5 1.8100973297050567 13 
0000 0002 1656319908104490 -4.4375 -74.0 5.338253141842031 13 
0000 0000 1656319908288595 -3.9375 -77.5 5.184855063053467 13 
0000 0009 1656319908295587 13.0 -55.0 0.39269908169872414 13 
0000 0011 1656319908296558 -65.0625 -63.0 5.859806609723149 13 
0000 0004 1656319908298215 -230.25 -66.0 1.6198837120072371 13 
0000 0013 1656319908300282 75.625 -61.0 3.184544115650591 13 
0000 0015 1656319908302094 38.1875 -57.0 3.693825737228624 13 
0000 0003 1656319908302964 13.0 -59.5 1.705786636128833 13 
0000 0008 1656319908303822 -156.1875 -66.0 2.4175537217077703 13 
0000 0012 1656319908305634 -4.875 -69.0 3.663146121470911 13 
0000 0005 1656319908306689 30.0625 -64.5 0.2270291566070749 13 
0000 0014 1656319908307566 -4.875 -61.0 3.5036121195308043 13 
0000 0010 1656319908308507 74.0 -68.5 3.08636934522591 13 
0000 0002 1656319908320777 41.0625 -74.0 1.9174759848570515 13 
0000 0000 1656319908348535 17.0625 -78.0 5.356660911296659 13 
0000 0003 1656319908412314 -30.0625 -59.5 1.718058482431918 13 
0000 0014 1656319908413229 0.0 -62.5 3.5342917352885173 13 
0000 0004 1656319908414431 -65.0625 -65.5 1.3192234775816514 13 
0000 0013 1656319908415564 66.6875 -61.0 3.141592653589793 13 
0000 0011 1656319908417721 -17.0625 -63.0 5.755495916146925 13 
0000 0009 1656319908419524 -21.9375 -55.5 0.4111068511533518 13 
0000 0015 1656319908420656 9.75 -57.5 3.706097583531709 13 
0000 0005 1656319908422078 -30.0625 -65.5 0.2761165418194154 13 
0000 0008 1656319908423656 -13.0 -66.5 2.3009711818284617 13 
0000 0010 1656319908424568 186.3125 -68.0 3.0372819600135696 13 
0000 0012 1656319908425472 18.6875 -67.5 3.792000507653305 13 
0000 0002 1656319908435067 22.75 -74.5 1.9174759848570515 13 
0000 0000 1656319908482071 2.4375 -78.5 5.4671075280244255 13 
0000 0014 1656319908531382 38.1875 -62.0 3.485204350076177 13 
0000 0009 1656319908532521 -30.0625 -55.5 0.36815538909255385 13 
0000 0012 1656319908533626 383.25 -67.5 3.3440781175906977 13 
0000 0011 1656319908536140 126.125 -63.0 5.424156065963627 13 
0000 0003 1656319908537022 -17.0625 -59.5 1.6812429435226628 13 
0000 0008 1656319908537922 -169.25 -66.0 2.337786720737717 13 
0000 0005 1656319908538860 30.0625 -65.5 0.18407769454627693 13 
0000 0015 1656319908540036 -18.6875 -57.5 3.718369429834794 13 
0000 0010 1656319908541196 34.9375 -67.5 3.1661363461959633 13 
0000 0004 1656319908543100 -69.125 -65.5 1.3867186322486196 13 
0000 0013 1656319908543990 9.75 -61.0 3.2029518851052186 13 
0000 0002 1656319908568194 -34.5625 -74.0 5.2247385635384935 13 
0000 0000 1656319908611231 20.75 -78.0 5.135767677841127 13 
0000 0011 1656319908656371 -26.0 -63.5 5.6573211457222445 13 
0000 0012 1656319908658156 -9.75 -68.0 3.792000507653305 13 
0000 0009 1656319908659578 13.0 -55.5 0.25157284921324513 13 
0000 0004 1656319908661646 -21.9375 -64.5 1.2762720155208536 13 
0000 0010 1656319908662811 225.375 -66.5 2.773437264497239 13 
0000 0005 1656319908663961 30.0625 -65.5 0.09817477042468103 13 
0000 0003 1656319908665114 -48.0 -60.0 1.7303303287350031 13 
0000 0014 1656319908666404 14.625 -61.5 3.4606606574700063 13 
0000 0015 1656319908667834 -9.75 -58.0 3.6815538909255388 13 
0000 0013 1656319908669082 -18.6875 -60.0 3.153864499892878 13 
0000 0008 1656319908670153 48.0 -66.0 2.043262409463674 13 
0000 0002 1656319908688875 72.8125 -74.0 5.151107485719983 13 
0000 0000 1656319908708699 -12.1875 -77.0 2.5341362615870793 13 
0000 0008 1656319908780985 -156.1875 -66.0 2.2641556429192065 13 
0000 0012 1656319908783238 90.3125 -69.5 3.5956509668039427 13 
0000 0013 1656319908784876 38.1875 -60.5 3.06182565261974 13 
0000 0005 1656319908785758 -30.0625 -65.5 0.1043106935762236 13 
0000 0009 1656319908786696 -13.0 -55.5 0.1902136176978195 13 
0000 0014 1656319908787660 56.9375 -61.0 3.454524734318464 13 
0000 0003 1656319908788857 -65.0625 -60.0 1.7241944055834606 13 
0000 0015 1656319908789806 33.3125 -58.0 3.6140587362585705 13 
0000 0011 1656319908790875 26.0 -63.5 5.411884219660542 13 
0000 0004 1656319908792069 -8.9375 -64.5 1.2087768608538851 13 
0000 0010 1656319908793459 -17.0625 -68.5 2.7120780329818137 13 
0000 0002 1656319908821264 8.0625 -75.0 1.9573594853420782 13 
0000 0000 1656319908825852 -5.625 -77.0 2.2027964114037806 13 
0000 0013 1656319908897945 -9.75 -60.0 3.0250101137104846 13 
0000 0009 1656319908900257 4.0625 -55.5 0.05522330836388308 13 
0000 0015 1656319908902003 47.1875 -58.0 3.5956509668039427 13 
0000 0004 1656319908902916 -48.0 -65.5 1.227184630308513 13 
0000 0008 1656319908903843 82.1875 -65.5 1.7303303287350031 13 
0000 0003 1656319908905049 -13.0 -60.5 1.6321555583103222 13 
0000 0011 1656319908906217 -91.125 -63.0 5.405748296509 13 
0000 0014 1656319908909074 -52.0625 -61.5 3.56497135104623 13 
0000 0010 1656319908911621 -21.9375 -68.5 2.6875343403756435 13 
0000 0012 1656319908913181 122.875 -68.5 3.5711072741977725 13 
0000 0005 1656319908914149 52.0625 -66.5 6.258641614573416 13 
0000 0002 1656319908924177 -80.125 -74.0 2.116893487282185 13 
0000 0000 1656319908942849 18.75 -76.5 2.2089323345553233 13 
0000 0009 1656319909014380 -61.0 -55.5 6.2034183062095325 13 
0000 0015 1656319909015443 61.0 -57.0 3.650874275167826 13 
0000 0013 1656319909016380 -30.0625 -59.5 3.0250101137104846 13 
0000 0010 1656319909017573 191.1875 -69.5 2.098485717827557 13 
0000 0005 1656319909018452 -43.125 -71.5 5.638913376267617 13 
0000 0008 1656319909019408 -87.0625 -65.5 1.748738098189631 13 
0000 0003 1656319909020289 4.0625 -61.5 1.5462526341887264 13 
0000 0014 1656319909021184 -23.5625 -63.0 3.454524734318464 13 
0000 0012 1656319909022220 -38.1875 -69.5 3.730641276137879 13 
0000 0004 1656319909024269 108.1875 -64.5 1.000155473701438 13 
0000 0011 1656319909025167 -130.1875 -64.0 5.111223985234957 13 
0000 0002 1656319909062114 12.9375 -74.5 4.988505522204105 13 
0000 0000 1656319909065545 32.5 -75.0 2.2457478734645786 13 
0000 0010 1656319909135144 -490.6875 -74.0 1.5033011721279284 13 
0000 0008 1656319909137886 26.0 -65.5 1.0185632431560658 13 
0000 0009 1656319909139040 -43.125 -56.0 5.583690067903734 13 
0000 0012 1656319909140173 -42.3125 -68.0 3.4054373491061236 13 
0000 0014 1656319909141844 -18.6875 -64.0 3.423845118560751 13 
0000 0013 1656319909142779 38.1875 -58.5 2.8102528034064944 13 
0000 0011 1656319909143945 126.125 -67.0 4.037437433715008 13 
0000 0015 1656319909144881 47.1875 -57.0 3.80427235395639 13 
0000 0004 1656319909146431 -48.0 -64.5 1.184233168247715 13 
0000 0003 1656319909147345 52.0625 -61.5 1.423534171157875 13 
0000 0000 1656319909149230 -48.0 -68.5 2.748893571891069 13 
0000 0002 1656319909163507 -2.0 -73.0 1.8960002538266525 13 
0000 0000 1656319909259167 -104.125 -65.0 2.6384469551633027 13 
0000 0013 1656319909260085 0.0 -61.0 3.098641191528995 13 
0000 0014 1656319909262100 -23.5625 -66.5 3.11091303783208 13 
0000 0003 1656319909263495 21.9375 -61.5 1.4419419406125027 13 
0000 0008 1656319909264848 -65.0625 -57.5 5.252350217720435 13 
0000 0004 1656319909266038 -8.9375 -65.5 5.878214379177777 13 
0000 0015 1656319909266960 23.5625 -57.0 3.9822141253511245 13 
0000 0009 1656319909267928 -13.0 -57.0 4.601942363656923 13 
0000 0002 1656319909273531 -30.0625 -71.5 4.804427827657828 13 
0000 0011 1656319909283180 60.625 -75.0 2.313243028131547 13 
0000 0012 1656319909328547 -11.25 -67.0 0.006135923151542565 13 
0000 0001 1656319909380073 -8.0 -76.5 1.3130875544301088 13 
0000 0014 1656319909388837 28.4375 -68.0 3.067961575771282 13 
0000 0015 1656319909390112 -9.75 -56.0 4.123340357836604 13 
0000 0004 1656319909391013 69.125 -63.5 3.6386024288647407 13 
0000 0009 1656319909392876 -126.125 -65.5 2.6384469551633027 13 
0000 0008 1656319909395102 13.0 -55.0 3.54042765844006 13 
0000 0000 1656319909396043 147.25 -64.5 2.086213871524472 13 
0000 0003 1656319909398187 -65.0625 -61.5 1.8285050991596843 13 
0000 0002 1656319909403259 35.75 -73.5 5.132699716265355 13 
0000 0003 1656319909488912 17.0625 -63.0 1.9205439464328227 13 
0000 0000 1656319909491531 108.1875 -67.5 1.6935147898257479 13 
0000 0008 1656319909493250 21.9375 -54.5 2.8654761117703775 13 
0000 0004 1656319909494133 21.9375 -61.0 3.2888548092268146 13 
0000 0015 1656319909496059 9.75 -55.5 4.25833066717054 13 
0000 0014 1656319909509509 98.875 -74.0 6.10217557420908 13 
0000 0009 1656319909515202 -43.5 -69.0 5.080544369477243 13 
0000 0005 1656319909526394 5.625 -74.0 4.135612204139688 13 
0000 0009 1656319909599532 65.0625 -63.0 3.5036121195308043 13 
0000 0004 1656319909600927 -21.9375 -63.0 3.0127382674073995 13 
0000 0008 1656319909602062 4.0625 -58.5 2.2334760271614935 13 
0000 0015 1656319909604816 26.0 -56.0 4.4362724385652745 13 
0000 0003 1656319909606568 39.0 -66.5 1.88986433067511 13 
0000 0000 1656319909607748 -169.25 -72.0 0.11044661672776616 13 
0000 0005 1656319909609612 -178.1875 -70.0 0.7179030087304801 13 
0000 0014 1656319909612228 9.75 -71.0 2.2641556429192065 13 
0000 0015 1656319909701576 -33.3125 -57.0 4.583534594202296 13 
0000 0009 1656319909702714 74.0 -63.5 2.2212041808584084 13 
0000 0005 1656319909703879 13.0 -63.5 1.0615147052168636 13 
0000 0008 1656319909707337 -290.5 -68.5 1.030835089459151 13 
0000 0000 1656319909708470 8.9375 -64.5 4.540583132141498 13 
0000 0014 1656319909709593 218.0625 -69.0 1.3867186322486196 13 
0000 0002 1656319909731990 -2.4375 -74.0 0.30066023442558565 13 
0000 0003 1656319909737745 -1.625 -75.0 6.227961998815704 13 
0000 0000 1656319909809614 -21.9375 -62.0 3.5465635815916023 13 
0000 0015 1656319909810928 0.0 -58.5 4.773748211900116 13 
0000 0003 1656319909811848 -173.3125 -63.5 5.375068680751287 13 
0000 0001 1656319909815156 225.375 -69.5 2.6691265709210157 13 
0000 0005 1656319909816969 48.0 -66.0 4.871922982324796 13 
0000 0014 1656319909817877 -270.125 -70.5 1.9512235621905356 13 
0000 0002 1656319909819271 -61.0 -66.5 5.8659425328746915 13 
0000 0008 1656319909820664 13.0 -66.0 2.7979809571034093 13 
0000 0001 1656319909911363 -208.3125 -69.5 2.1659808724945253 13 
0000 0000 1656319909912285 -52.0625 -69.5 2.061670178918302 13 
0000 0008 1656319909913392 91.125 -62.5 1.3989904785517047 13 
0000 0015 1656319909917046 13.0 -60.0 5.043728830567988 13 
0000 0005 1656319909922765 -30.0625 -70.5 2.7857091108003242 13 
0000 0014 1656319909923661 277.4375 -71.0 2.6568547246179306 13 
0000 0003 1656319909944268 8.0625 -77.5 2.073942025221387 13 
0000 0006 1656319909972085 -6.0625 -76.5 0.6565437772150544 13 
0000 0015 1656319910021258 -14.625 -63.0 5.368932757599744 13 
0000 0008 1656319910027291 17.0625 -67.5 6.074563920027139 13 
0000 0014 1656319910028172 -156.1875 -69.0 3.5158839658338894 13 
0000 0006 1656319910045300 11.4375 -74.5 0.1595340019401067 13 
0000 0015 1656319910127218 -132.625 -63.5 5.344389064993574 13 
0000 0008 1656319910130332 69.125 -67.5 4.473087977474529 13 
0000 0006 1656319910161526 -12.9375 -74.0 0.0674951546669682 13 
0000 0004 1656319910163720 -14.625 -75.5 3.3624858870453256 13 
0000 0014 1656319910191396 -5.625 -77.0 5.399612373357457 13 
0000 0008 1656319910259776 -82.1875 -60.5 3.4606606574700063 13 
0000 0015 1656319910264301 -9.75 -71.0 4.779884135051658 13 
0000 0014 1656319910271323 -312.4375 -68.5 1.3928545554001621 13 
0000 0006 1656319910280929 30.5 -73.5 5.586758029479505 13 
0000 0004 1656319910353760 0.625 -76.0 5.031456984264903 13 
0000 0008 1656319910371531 -4.0625 -60.5 2.405281875404685 13 
0000 0015 1656319910373322 61.8125 -70.0 5.00077736850719 13 
0000 0014 1656319910374256 184.6875 -68.5 0.4908738521234052 13 
0000 0004 1656319910399317 -3.1875 -76.5 4.6878452877785195 13 
0000 0002 1656319910465699 2.6875 -76.5 1.4664856332186729 13 
0000 0015 1656319910477724 23.5625 -68.0 5.019185137961818 13 
0000 0003 1656319910481323 165.1875 -72.0 2.8532042654672924 13 
0000 0008 1656319910482176 74.0 -60.0 1.5585244804918115 13 
0000 0014 1656319910492741 9.75 -72.5 3.5987189283797143 13 
0000 0003 1656319910577902 -21.9375 -66.0 2.1046216409791 13 
0000 0008 1656319910579880 108.1875 -59.5 1.0062913968529805 13 
0000 0015 1656319910581886 9.75 -66.5 5.350524988145116 13 
0000 0014 1656319910599619 42.3125 -73.0 0.3620194659410113 13 
0000 0000 1656319910701764 7.3125 -77.0 4.466952054322987 13 
0000 0015 1656319910707788 0.0 -67.0 5.350524988145116 13 
0000 0008 1656319910709953 48.0 -59.5 0.6381360077604268 13 
0000 0003 1656319910712244 61.0 -64.0 0.9694758579437253 13 
0000 0014 1656319910715359 227.0 -70.5 0.5276893910326605 13 
0000 0000 1656319910785071 2.125 -77.5 0.9142525495798421 13 
0000 0015 1656319910827903 -213.1875 -69.5 5.2339424482658075 13 
0000 0014 1656319910829487 -113.875 -68.5 1.0246991663076084 13 
0000 0003 1656319910830621 65.0625 -63.0 0.5276893910326605 13 
0000 0008 1656319910833388 -43.125 -59.5 0.46019423636569234 13 
0000 0000 1656319910860091 -17.0625 -76.0 0.8528933180644165 13 
0000 0003 1656319910932276 17.0625 -62.5 0.4540583132141498 13 
0000 0008 1656319910933622 4.0625 -59.5 0.3190680038802134 13 
0000 0015 1656319910934517 127.75 -69.5 4.798291904506286 13 
0000 0014 1656319910937229 75.625 -68.0 0.662679700366597 13 
0000 0000 1656319910962876 4.0625 -74.5 0.44178646691106466 13 
0000 0008 1656319911032264 -4.0625 -59.0 0.2638446955163303 13 
0000 0003 1656319911034697 21.9375 -63.5 0.4356505437595221 13 
0000 0014 1656319911036102 122.875 -69.0 0.9878836273983529 13 
0000 0015 1656319911038569 122.875 -67.5 5.086680292628786 13 
0000 0000 1656319911041140 -104.125 -73.0 0.5338253141842031 13 
0000 0008 1656319911130637 -43.125 -59.0 0.30679615757712825 13 
0000 0003 1656319911132058 -8.9375 -62.5 0.4172427743048944 13 
0000 0014 1656319911135651 170.875 -69.0 0.8835729338221293 13 
0000 0015 1656319911140405 -38.1875 -66.5 5.589825991055276 13 
0000 0000 1656319911165335 11.4375 -74.5 0.46019423636569234 13 
0000 0014 1656319911234187 -70.75 -68.5 1.012427320004523 13 
0000 0003 1656319911235371 -48.0 -62.0 0.4295146206079795 13 
0000 0008 1656319911237630 30.0625 -59.5 0.19634954084936207 13 
0000 0015 1656319911240488 0.0 -67.0 5.608233760509904 13 
0000 0000 1656319911264753 11.4375 -75.0 0.4970097752749477 13 
