0000 0014 1656320278838529 38.1875 -62.5 2.509592568980909 14 
0000 0008 1656320278839397 13.0 -59.0 1.6751070203711202 14 
0000 0015 1656320278939620 -56.9375 -64.5 5.706408530934585 14 
0000 0008 1656320278942163 17.0625 -59.0 1.6689710972195777 14 
0000 0014 1656320278944404 -28.4375 -63.5 2.497320722677824 14 
0000 0008 1656320279035209 39.0 -58.5 1.6137477888556946 14 
0000 0014 1656320279038499 -4.875 -62.0 2.5157284921324514 14 
0000 0015 1656320279040020 -85.4375 -64.5 5.675728915176872 14 
0000 0008 1656320279132199 -21.9375 -58.5 1.6996507129772904 14 
0000 0015 1656320279135555 56.9375 -64.0 5.540738605842936 14 
0000 0014 1656320279136731 -42.3125 -63.0 2.497320722677824 14 
0000 0014 1656320279226005 33.3125 -63.0 2.497320722677824 14 
0000 0015 1656320279227761 4.875 -65.0 5.565282298449106 14 
0000 0008 1656320279230023 -26.0 -58.5 1.6751070203711202 14 
0000 0008 1656320279321875 100.0625 -58.5 1.5401167110371838 14 
0000 0014 1656320279323377 -4.875 -62.0 2.564815877344792 14 
0000 0015 1656320279324272 -66.6875 -64.0 5.608233760509904 14 
0000 0015 1656320279417905 -104.125 -64.5 5.681864838328415 14 
0000 0014 1656320279418825 38.1875 -62.0 2.509592568980909 14 
0000 0008 1656320279422901 -30.0625 -58.5 1.705786636128833 14 
0000 0008 1656320279516957 -4.0625 -58.5 1.6873788666742053 14 
0000 0015 1656320279518477 -70.75 -64.5 5.5714182216006485 14 
0000 0014 1656320279519849 -23.5625 -63.0 2.5157284921324514 14 
0000 0008 1656320279607570 -8.9375 -59.0 1.6751070203711202 14 
0000 0015 1656320279611855 23.5625 -65.0 5.546874528994478 14 
0000 0014 1656320279613144 -9.75 -62.5 2.5157284921324514 14 
0000 0015 1656320279704798 -9.75 -64.5 5.589825991055276 14 
0000 0014 1656320279705764 118.75 -62.0 2.423689644859313 14 
0000 0008 1656320279709669 26.0 -58.5 1.6321555583103222 14 
0000 0014 1656320279929570 61.8125 -62.5 2.429825568010856 14 
0000 0008 1656320279931559 8.9375 -59.0 1.6935147898257479 14 
0000 0015 1656320279934656 34.9375 -65.0 5.5284667595398505 14 
0000 0014 1656320280026491 0.0 -62.0 2.521864415283994 14 
0000 0015 1656320280027430 -99.25 -65.0 5.6573211457222445 14 
0000 0008 1656320280028851 -17.0625 -59.0 1.6689710972195777 14 
0000 0000 1656320280138338 -7.0625 -77.5 5.565282298449106 14 
0000 0008 1656320280147249 0.0 -59.0 1.6751070203711202 14 
0000 0015 1656320280148374 61.8125 -64.5 5.448699758569798 14 
0000 0014 1656320280149748 170.875 -62.0 2.325514874434632 14 
0000 0000 1656320280294161 -1.9375 -77.5 5.491651220630596 14 
0000 0008 1656320280300387 0.0 -59.0 1.6873788666742053 14 
0000 0014 1656320280302620 52.0625 -62.5 2.4850488763747385 14 
0000 0015 1656320280304604 14.625 -65.0 5.5714182216006485 14 
0000 0000 1656320280365109 -4.625 -77.5 5.111223985234957 14 
0000 0008 1656320280406534 -56.125 -59.0 1.7426021750380885 14 
0000 0014 1656320280408663 -80.5625 -63.5 2.564815877344792 14 
0000 0015 1656320280409554 -28.4375 -64.5 5.589825991055276 14 
0000 0008 1656320280565023 34.9375 -59.0 1.5953400194010667 14 
0000 0014 1656320280567985 61.8125 -62.5 2.423689644859313 14 
0000 0015 1656320280570640 -61.8125 -64.5 5.602097837358362 14 
0000 0014 1656320280663935 -4.875 -62.5 2.4850488763747385 14 
0000 0008 1656320280667077 87.0625 -59.0 1.5892040962495242 14 
0000 0015 1656320280668041 -75.625 -64.5 5.589825991055276 14 
0000 0000 1656320280848622 3.5625 -77.5 5.264622064023521 14 
0000 0014 1656320280858478 0.0 -62.5 2.60776733940559 14 
0000 0008 1656320280859749 -4.0625 -58.5 1.6137477888556946 14 
0000 0015 1656320280860912 -18.6875 -63.0 5.559146375297564 14 
0000 0015 1656320281186267 0.0 -63.5 5.589825991055276 14 
0000 0008 1656320281189808 -17.0625 -59.0 1.6382914814618648 14 
0000 0014 1656320281190913 47.1875 -63.0 2.435961491162398 14 
0000 0008 1656320281285210 -4.0625 -59.0 1.6382914814618648 14 
0000 0015 1656320281287824 -38.1875 -64.5 5.589825991055276 14 
0000 0014 1656320281288972 28.4375 -62.0 2.478912953223196 14 
0000 0000 1656320281419847 -4.625 -77.0 5.301437602932776 14 
0000 0014 1656320281429633 -66.6875 -62.5 2.6016314162540475 14 
0000 0008 1656320281431916 -8.9375 -59.0 1.6444274046134073 14 
0000 0015 1656320281433448 -18.6875 -65.0 5.577554144752192 14 
0000 0008 1656320281718230 39.0 -58.5 1.6444274046134073 14 
0000 0014 1656320281720884 -18.6875 -62.5 2.5402721847386216 14 
0000 0015 1656320281721777 -33.3125 -64.0 5.516194913236766 14 
0000 0014 1656320281813938 66.6875 -62.5 2.466641106920111 14 
0000 0015 1656320281817483 -100.0625 -64.5 5.706408530934585 14 
0000 0008 1656320281818366 39.0 -59.0 1.5892040962495242 14 
0000 0008 1656320282017593 -43.125 -58.5 1.6566992509164924 14 
0000 0014 1656320282021147 0.0 -62.0 2.478912953223196 14 
0000 0015 1656320282022670 -66.6875 -63.5 5.583690067903734 14 
0000 0008 1656320282113760 17.0625 -59.0 1.5892040962495242 14 
0000 0015 1656320282114880 -28.4375 -64.0 5.5714182216006485 14 
0000 0014 1656320282118440 38.1875 -63.0 2.478912953223196 14 
0000 0014 1656320282391459 -18.6875 -63.0 2.5157284921324514 14 
0000 0008 1656320282393223 -17.0625 -58.5 1.662835174068035 14 
0000 0015 1656320282394385 -94.375 -64.0 5.632777453116074 14 
0000 0008 1656320282484457 4.0625 -59.0 1.6014759425526093 14 
0000 0014 1656320282487992 75.625 -62.5 2.435961491162398 14 
0000 0015 1656320282489736 -9.75 -64.5 5.565282298449106 14 
0000 0000 1656320282620937 5.3125 -78.0 5.092816215780329 14 
0000 0015 1656320282629371 75.625 -64.0 5.47937937432751 14 
0000 0008 1656320282630368 78.0625 -59.0 1.5892040962495242 14 
0000 0014 1656320282631530 47.1875 -62.5 2.552544031041707 14 
0000 0000 1656320282721556 -5.5625 -77.5 5.289165756629691 14 
0000 0008 1656320282737859 26.0 -59.5 1.6505633277649499 14 
0000 0014 1656320282740753 -52.0625 -62.5 2.6200391857086753 14 
0000 0015 1656320282743052 -132.625 -65.0 5.638913376267617 14 
0000 0000 1656320282828559 8.0 -77.5 4.994641445355648 14 
0000 0015 1656320282843375 -28.4375 -64.0 5.565282298449106 14 
0000 0014 1656320282845387 18.6875 -62.0 2.5464081078901644 14 
0000 0008 1656320282846343 30.0625 -59.0 1.6505633277649499 14 
0000 0000 1656320282926115 -16.8125 -77.5 5.589825991055276 14 
0000 0008 1656320282951456 -8.9375 -59.0 1.6505633277649499 14 
0000 0015 1656320282952941 9.75 -64.0 5.491651220630596 14 
0000 0014 1656320282953865 -218.0625 -64.0 2.7857091108003242 14 
0000 0000 1656320283017579 -5.5625 -77.5 5.264622064023521 14 
0000 0015 1656320283051072 -48.0 -64.5 5.577554144752192 14 
0000 0008 1656320283053928 -21.9375 -59.0 1.748738098189631 14 
0000 0014 1656320283055899 85.4375 -63.0 2.435961491162398 14 
0000 0000 1656320283142994 -12.375 -77.5 5.436427912266712 14 
0000 0015 1656320283157589 -142.375 -65.0 5.663457068873787 14 
0000 0008 1656320283159577 -39.0 -58.5 1.7119225592803755 14 
0000 0014 1656320283161082 43.125 -62.5 2.4727770300716534 14 
0000 0000 1656320283249192 -34.625 -77.5 5.976389149602458 14 
0000 0015 1656320283259454 0.0 -64.5 5.5714182216006485 14 
0000 0014 1656320283262071 -109.0 -63.5 2.6445828783148455 14 
0000 0008 1656320283262939 43.125 -59.0 1.6382914814618648 14 
0000 0000 1656320283338341 -6.0 -77.0 5.3627968344482015 14 
0000 0015 1656320283359799 0.0 -64.0 5.540738605842936 14 
0000 0014 1656320283362271 -61.8125 -62.5 2.6445828783148455 14 
0000 0008 1656320283364275 -17.0625 -59.0 1.6505633277649499 14 
0000 0000 1656320283445547 11.25 -77.5 5.0682725231741586 14 
0000 0008 1656320283461123 4.0625 -59.0 1.6566992509164924 14 
0000 0014 1656320283463606 -28.4375 -63.0 2.5464081078901644 14 
0000 0015 1656320283465861 -47.1875 -64.5 5.589825991055276 14 
0000 0008 1656320283726823 34.9375 -59.0 1.5830681730979816 14 
0000 0015 1656320283727731 -28.4375 -65.0 5.522330836388308 14 
0000 0014 1656320283729573 113.875 -63.0 2.5034566458293663 14 
0000 0008 1656320283822309 30.0625 -59.0 1.6137477888556946 14 
0000 0015 1656320283823881 -18.6875 -64.0 5.5284667595398505 14 
0000 0014 1656320283827257 -4.875 -62.5 2.5464081078901644 14 
