0000 0001 1656899028665005 269.3125 -73.0 5.264622064023521 16 
0000 0014 1656899028758764 -137.5 -68.0 4.8351074434155406 16 
0000 0001 1656899028771176 20.75 -74.0 2.359262451768116 16 
0000 0014 1656899028852476 -14.625 -68.5 4.767612288748572 16 
0000 0001 1656899028878091 -7.3125 -75.0 5.602097837358362 16 
0000 0014 1656899028947331 213.1875 -70.0 4.516039439535327 16 
0000 0001 1656899028956066 -468.6875 -72.5 6.074563920027139 16 
0000 0001 1656899029070895 76.875 -74.0 2.371534298071201 16 
0000 0014 1656899029073405 30.5 -70.5 1.4726215563702154 16 
0000 0001 1656899029156410 173.3125 -72.5 5.424156065963627 16 
0000 0014 1656899029158208 9.75 -68.5 4.608078286808466 16 
0000 0014 1656899029384848 -166.0 -69.5 4.822835597112456 16 
0000 0001 1656899029400673 31.3125 -74.5 2.346990605465031 16 
0000 0014 1656899029490231 -312.4375 -70.0 5.123495831538041 16 
0000 0001 1656899029505477 -43.5 -74.5 5.617437645237218 16 
0000 0014 1656899029590321 265.25 -70.0 4.565126824747668 16 
0000 0001 1656899029603831 121.625 -75.0 5.6143696836614465 16 
0000 0014 1656899029688947 -194.4375 -70.0 4.841243366567084 16 
0000 0001 1656899029690780 -108.1875 -72.5 5.6143696836614465 16 
0000 0014 1656899029782850 189.5625 -69.0 4.4976316700806995 16 
0000 0001 1656899029803792 118.375 -74.5 5.531534721115622 16 
0000 0014 1656899029887572 85.4375 -70.0 4.558990901596125 16 
0000 0001 1656899029890224 8.9375 -72.0 5.620505606812989 16 
0000 0014 1656899029982250 66.6875 -70.0 4.675573441475434 16 
0000 0001 1656899030034254 21.9375 -75.0 5.473243451175968 16 
0000 0014 1656899030115776 231.875 -69.5 4.417864669110647 16 
0000 0001 1656899030125222 2.0 -74.0 2.435961491162398 16 
0000 0014 1656899030210137 52.0625 -70.0 4.552854978444583 16 
0000 0001 1656899030228587 -69.5625 -75.5 2.6169712241329037 16 
0000 0014 1656899030314620 -14.625 -68.5 4.417864669110647 16 
0000 0001 1656899030367210 -18.75 -75.5 5.786175531904639 16 
0000 0014 1656899030436057 47.1875 -70.0 4.466952054322987 16 
0000 0001 1656899030465542 47.5625 -75.5 5.675728915176872 16 
0000 0014 1656899030547637 -246.5625 -70.0 4.816699673960914 16 
0000 0001 1656899030584335 17.8125 -75.5 5.663457068873787 16 
0000 0014 1656899030657781 -9.75 -69.5 4.442408361716817 16 
0000 0001 1656899030663509 -273.375 -72.0 5.878214379177777 16 
0000 0014 1656899030757147 28.4375 -69.5 4.509903516383785 16 
0000 0001 1656899030758712 459.75 -73.5 5.473243451175968 16 
0000 0014 1656899030849932 -109.0 -70.0 4.681709364626977 16 
0000 0001 1656899030854822 -4.0625 -72.0 5.773903685601553 16 
0000 0014 1656899030948281 70.75 -69.5 4.743068596142402 16 
0000 0001 1656899030963523 -41.0625 -75.0 5.887418263905091 16 
0000 0014 1656899031050125 -194.4375 -70.0 4.6448938257177215 16 
0000 0001 1656899031090713 47.5625 -75.0 5.534602682691394 16 
0000 0014 1656899031178980 -47.1875 -70.0 4.693981210930062 16 
0000 0001 1656899031183334 199.375 -73.0 5.767767762450011 16 
0000 0014 1656899031275718 161.125 -70.0 4.4362724385652745 16 
0000 0001 1656899031310517 105.375 -74.5 5.4579036432971115 16 
0000 0014 1656899031400075 38.1875 -70.0 4.571262747899211 16 
0000 0001 1656899031405529 26.0 -73.0 5.749359992995383 16 
0000 0014 1656899031505238 -127.75 -70.5 4.706253057233147 16 
0000 0001 1656899031519477 45.5625 -75.0 5.629709491540303 16 
0000 0014 1656899031605703 56.9375 -70.5 4.73693267299086 16 
0000 0001 1656899031622662 14.1875 -74.0 5.5100589900852235 16 
0000 0014 1656899031705537 -146.4375 -70.0 4.92714629068868 16 
0000 0001 1656899031717285 95.625 -74.5 5.675728915176872 16 
0000 0014 1656899031803654 174.9375 -71.0 4.534447208989955 16 
0000 0001 1656899031815676 79.3125 -74.0 2.5954954931025047 16 
0000 0014 1656899031902178 -137.5 -71.0 4.76147636559703 16 
0000 0001 1656899031926467 -20.75 -74.5 2.6353789935875316 16 
0000 0014 1656899032012181 -302.6875 -69.0 4.994641445355648 16 
0000 0001 1656899032035959 125.6875 -74.5 2.383806144374286 16 
0000 0014 1656899032118947 -142.375 -69.5 4.767612288748572 16 
0000 0001 1656899032132598 20.75 -74.5 5.749359992995383 16 
0000 0014 1656899032219210 -184.6875 -68.5 4.97623367590102 16 
0000 0001 1656899032223803 48.0 -74.0 5.553010452146021 16 
0000 0014 1656899032316112 28.4375 -69.5 4.718524903536232 16 
0000 0001 1656899032324391 24.8125 -73.5 5.6665250304495585 16 
0000 0014 1656899032408934 104.125 -70.0 4.516039439535327 16 
0000 0001 1656899032421305 92.3125 -74.5 5.506991028509452 16 
0000 0001 1656899032509565 87.0625 -72.5 5.829126993965437 16 
0000 0014 1656899032511351 18.6875 -70.0 4.589670517353839 16 
0000 0014 1656899032602032 14.625 -68.5 4.822835597112456 16 
0000 0001 1656899032627634 14.625 -75.5 5.755495916146925 16 
0000 0014 1656899032709369 -161.125 -69.5 4.847379289718626 16 
0000 0001 1656899032724568 29.25 -74.5 2.6200391857086753 16 
0000 0014 1656899032809040 -146.4375 -69.5 4.718524903536232 16 
0000 0001 1656899032817011 30.5 -75.0 5.577554144752192 16 
0000 0014 1656899032905271 70.75 -69.0 4.558990901596125 16 
0000 0001 1656899032932120 -97.625 -74.5 5.789243493480409 16 
0000 0014 1656899033018246 -23.5625 -69.0 4.675573441475434 16 
0000 0001 1656899033031293 -19.5 -74.5 5.881282340753549 16 
0000 0014 1656899033115167 -156.1875 -70.0 4.693981210930062 16 
0000 0001 1656899033133142 -69.5625 -74.5 5.872078456026235 16 
0000 0014 1656899033215351 156.1875 -70.0 4.405592822807561 16 
0000 0001 1656899033244551 45.5625 -75.5 5.418020142812084 16 
0000 0014 1656899033331131 9.75 -69.5 4.657165672020807 16 
0000 0001 1656899033360034 -7.3125 -75.5 5.651185222570702 16 
0000 0014 1656899033434367 -127.75 -71.0 4.7860200582032 16 
0000 0001 1656899033494356 -48.8125 -75.5 5.767767762450011 16 
0000 0014 1656899033572012 38.1875 -70.0 4.608078286808466 16 
0000 0001 1656899033592335 11.4375 -75.5 5.724816300389213 16 
