0011 0009 1666771539564592 26.0 -66.0 5.387340527054372 3 
0011 0008 1666771539567080 -43.125 -60.0 0.0859029241215959 3 
0011 0006 1666771539569057 -13.0 -64.5 1.509437095279471 3 
0011 0005 1666771539569965 8.9375 -62.5 3.0495538063166547 3 
0011 0014 1666771539571135 -95.1875 -60.5 2.5893595699509624 3 
0011 0004 1666771539572374 -39.0 -63.0 4.123340357836604 3 
0011 0010 1666771539574134 0.0 -72.0 1.2701360923693108 3 
0011 0015 1666771539575500 -74.0 -64.5 3.2459033471660166 3 
0011 0007 1666771539576442 -56.125 -66.0 0.4908738521234052 3 
0011 0011 1666771539597370 130.1875 -76.0 5.755495916146925 3 
0011 0008 1666771539685290 -8.9375 -60.0 0.06135923151542565 3 
0011 0009 1666771539686927 -87.0625 -66.5 5.626641529964532 3 
0011 0015 1666771539687795 34.9375 -64.5 3.1354567304382504 3 
0011 0006 1666771539689161 -34.9375 -64.0 1.6382914814618648 3 
0011 0007 1666771539690769 -52.0625 -66.0 0.4970097752749477 3 
0011 0010 1666771539692887 -221.3125 -70.0 1.8346410223112268 3 
0011 0005 1666771539694771 -4.0625 -62.5 2.9759227284981438 3 
0011 0004 1666771539696736 26.0 -62.0 4.037437433715008 3 
0011 0014 1666771539698370 21.9375 -61.0 2.454369260617026 3 
0011 0011 1666771539734778 55.3125 -76.0 5.730952223540755 3 
0011 0004 1666771539823524 -78.0625 -63.0 4.178563666200486 3 
0011 0008 1666771539824605 -61.0 -60.5 0.1043106935762236 3 
0011 0005 1666771539827450 -26.0 -62.5 3.055689729468197 3 
0011 0009 1666771539828719 -48.0 -66.0 5.6573211457222445 3 
0011 0014 1666771539829611 0.0 -60.5 2.442097414313941 3 
0011 0007 1666771539830571 74.0 -65.5 0.36815538909255385 3 
0011 0006 1666771539831498 -74.0 -64.5 1.6321555583103222 3 
0011 0015 1666771539834010 -117.125 -64.5 3.2888548092268146 3 
0011 0010 1666771539834894 -134.25 -72.0 1.6751070203711202 3 
0011 0011 1666771539860323 -3.1875 -77.0 5.878214379177777 3 
0011 0015 1666771539936258 -13.0 -65.0 3.2643111166206444 3 
0011 0014 1666771539937383 143.1875 -61.0 2.337786720737717 3 
0011 0005 1666771539938587 -8.9375 -62.5 2.9820586516496865 3 
0011 0008 1666771539939484 4.0625 -60.5 0.09203884727313846 3 
0011 0006 1666771539940910 -74.0 -64.0 1.6321555583103222 3 
0011 0009 1666771539942081 117.125 -66.0 5.295301679781233 3 
0011 0007 1666771539942992 13.0 -65.5 0.3865631585471816 3 
0011 0004 1666771539944416 -13.0 -63.5 4.123340357836604 3 
0011 0010 1666771539947913 -34.9375 -70.5 1.239456476611598 3 
0011 0011 1666771539975300 -10.5 -77.0 5.896622148632405 3 
0011 0006 1666771540051933 -39.0 -64.0 1.509437095279471 3 
0011 0004 1666771540053143 -13.0 -63.0 4.037437433715008 3 
0011 0015 1666771540054069 43.125 -64.5 3.08636934522591 3 
0011 0014 1666771540055690 48.0 -60.5 2.435961491162398 3 
0011 0008 1666771540056825 8.9375 -61.0 0.05522330836388308 3 
0011 0007 1666771540059467 26.0 -65.5 0.46019423636569234 3 
0011 0005 1666771540063140 -34.9375 -62.5 2.945243112740431 3 
0011 0009 1666771540065530 104.125 -66.5 5.301437602932776 3 
0011 0010 1666771540066796 156.1875 -70.5 1.1965050145508 3 
0011 0011 1666771540119650 -4.0625 -77.0 5.8659425328746915 3 
0011 0004 1666771540197407 -69.125 -63.0 4.104932588381976 3 
0011 0009 1666771540198489 -91.125 -66.5 5.577554144752192 3 
0011 0006 1666771540200739 -74.0 -64.0 1.533980787885641 3 
0011 0015 1666771540201622 113.0625 -65.0 3.098641191528995 3 
0011 0010 1666771540203896 -100.0625 -73.0 1.5830681730979816 3 
0011 0008 1666771540206388 -39.0 -60.5 0.1043106935762236 3 
0011 0014 1666771540208447 -52.0625 -61.0 2.5034566458293663 3 
0011 0007 1666771540209358 87.0625 -65.0 0.32520392703175593 3 
0011 0005 1666771540210253 78.0625 -62.5 2.779573187648782 3 
0011 0011 1666771540249777 12.1875 -77.0 5.755495916146925 3 
0011 0008 1666771540327504 -52.0625 -60.5 0.14726215563702155 3 
0011 0011 1666771540329125 195.25 -74.5 5.681864838328415 3 
0011 0014 1666771540330109 -52.0625 -61.5 2.5157284921324514 3 
0011 0015 1666771540332578 21.9375 -64.5 3.1661363461959633 3 
0011 0007 1666771540334355 8.9375 -65.0 0.39269908169872414 3 
0011 0009 1666771540335282 17.0625 -66.5 5.399612373357457 3 
0011 0004 1666771540336225 -52.0625 -63.0 4.1417481272912315 3 
0011 0005 1666771540337149 74.0 -62.5 2.773437264497239 3 
0011 0006 1666771540338797 17.0625 -63.5 1.41126232485479 3 
0011 0010 1666771540341329 -39.0 -73.5 1.4542137869155878 3 
0011 0005 1666771540440261 -78.0625 -62.5 2.9943304979527716 3 
0011 0009 1666771540441799 43.125 -66.0 5.424156065963627 3 
0011 0007 1666771540443164 143.1875 -65.0 0.3129320807286708 3 
0011 0014 1666771540444047 -26.0 -61.5 2.4850488763747385 3 
0011 0006 1666771540445601 0.0 -64.0 1.368310862793992 3 
0011 0010 1666771540446502 13.0 -71.5 1.3499030933393643 3 
0011 0004 1666771540447456 4.0625 -63.5 4.049709280018092 3 
0011 0015 1666771540448383 -8.9375 -64.0 3.2949907323783574 3 
0011 0008 1666771540450015 0.0 -61.0 0.07363107781851078 3 
0011 0011 1666771540488125 31.6875 -77.0 6.037748381117884 3 
0011 0008 1666771540568769 -17.0625 -61.0 0.04295146206079795 3 
0011 0010 1666771540569684 -264.4375 -73.5 1.6935147898257479 3 
0011 0007 1666771540572637 -43.125 -65.5 0.5031456984264903 3 
0011 0005 1666771540573875 34.9375 -63.0 2.859340188618835 3 
0011 0006 1666771540574815 -4.0625 -63.5 1.3867186322486196 3 
0011 0014 1666771540576190 0.0 -61.0 2.448233337465483 3 
0011 0015 1666771540577074 4.0625 -64.0 3.2827188860752723 3 
0011 0009 1666771540578215 -34.9375 -66.0 5.47937937432751 3 
0011 0004 1666771540579709 -61.0 -63.5 4.031301510563465 3 
0011 0011 1666771540634403 9.0 -77.0 6.007068765360171 3 
0011 0004 1666771540708133 8.9375 -63.5 3.8410878928656453 3 
0011 0007 1666771540709304 -48.0 -66.0 0.4724660826687775 3 
0011 0015 1666771540712287 56.125 -64.0 3.1784081924990484 3 
0011 0009 1666771540713142 39.0 -66.5 5.387340527054372 3 
0011 0006 1666771540714524 26.0 -63.5 1.380582709097077 3 
0011 0005 1666771540715404 -17.0625 -62.5 2.82252464970958 3 
0011 0010 1666771540717812 74.0 -72.0 1.3314953238847365 3 
0011 0014 1666771540720261 8.9375 -61.0 2.435961491162398 3 
0011 0008 1666771540721146 -43.125 -61.0 0.018407769454627694 3 
0011 0011 1666771540758806 1.625 -77.0 5.822991070813893 3 
0011 0007 1666771540833750 -156.1875 -65.5 0.662679700366597 3 
0011 0006 1666771540835711 17.0625 -64.0 1.3192234775816514 3 
0011 0014 1666771540837689 43.125 -61.5 2.405281875404685 3 
0011 0004 1666771540838614 4.0625 -63.5 3.847223816017188 3 
0011 0009 1666771540839528 -48.0 -66.0 5.47937937432751 3 
0011 0015 1666771540840476 0.0 -64.0 3.2459033471660166 3 
0011 0008 1666771540841363 13.0 -61.0 6.252505691421874 3 
0011 0005 1666771540843674 104.125 -62.5 2.7120780329818137 3 
0011 0010 1666771540846759 -113.0625 -73.5 1.5892040962495242 3 
0011 0011 1666771540870167 -11.4375 -77.0 5.896622148632405 3 
0011 0004 1666771540948878 8.9375 -64.0 3.834951969714103 3 
0011 0008 1666771540950360 -48.0 -61.0 0.030679615757712823 3 
0011 0010 1666771540951513 130.1875 -71.5 1.1903690913992575 3 
0011 0005 1666771540952876 48.0 -63.0 2.7857091108003242 3 
0011 0014 1666771540953757 -4.0625 -61.0 2.466641106920111 3 
0011 0015 1666771540955091 61.0 -64.0 3.141592653589793 3 
0011 0006 1666771540955988 26.0 -63.5 1.337631247036279 3 
0011 0007 1666771540957154 61.0 -66.0 0.3436116964863836 3 
0011 0009 1666771540958195 108.1875 -66.5 5.356660911296659 3 
0011 0011 1666771540996968 -16.3125 -77.5 5.816855147662351 3 
0011 0015 1666771541081639 30.0625 -64.0 3.2397674240144743 3 
0011 0004 1666771541082836 74.0 -63.0 3.730641276137879 3 
0011 0007 1666771541085136 26.0 -66.0 0.4172427743048944 3 
0011 0008 1666771541086303 -39.0 -61.0 0.01227184630308513 3 
0011 0005 1666771541088007 -8.9375 -62.5 2.8409324191642074 3 
0011 0006 1666771541089022 39.0 -64.5 1.3437671701878218 3 
0011 0009 1666771541089937 139.125 -66.0 5.295301679781233 3 
0011 0014 1666771541090863 -52.0625 -61.0 2.478912953223196 3 
0011 0010 1666771541092411 -21.9375 -72.5 1.4910293258248433 3 
0011 0011 1666771541119703 4.0625 -77.0 5.810719224510809 3 
0011 0009 1666771541197954 -108.1875 -66.5 5.638913376267617 3 
0011 0004 1666771541198879 4.0625 -63.5 3.77972866135022 3 
0011 0006 1666771541202420 -39.0 -64.0 1.4296700943094176 3 
0011 0008 1666771541203330 -4.0625 -60.5 6.234097921967246 3 
0011 0005 1666771541204440 43.125 -62.5 2.8409324191642074 3 
0011 0014 1666771541205877 -43.125 -61.0 2.4605051837685683 3 
0011 0015 1666771541207705 113.0625 -65.0 3.160000423044421 3 
0011 0007 1666771541208619 -43.125 -66.5 0.46019423636569234 3 
0011 0010 1666771541209617 -325.5 -72.0 1.7119225592803755 3 
0011 0011 1666771541240133 22.6875 -77.0 5.988660995905543 3 
0011 0005 1666771541317522 -30.0625 -62.5 2.8838838812250054 3 
0011 0009 1666771541320009 21.9375 -66.5 5.50392306693368 3 
0011 0015 1666771541320922 108.1875 -64.0 3.160000423044421 3 
0011 0014 1666771541322103 -39.0 -61.0 2.478912953223196 3 
0011 0004 1666771541323226 -8.9375 -63.5 3.761320891895592 3 
0011 0006 1666771541324679 26.0 -64.5 1.3867186322486196 3 
0011 0007 1666771541325817 -82.1875 -66.0 0.5154175447295755 3 
0011 0008 1666771541327453 -30.0625 -61.0 6.2463697682703305 3 
0011 0010 1666771541328990 48.0 -72.5 1.4296700943094176 3 
0011 0011 1666771541386192 -12.9375 -77.0 5.9088939949354895 3 
0011 0008 1666771541471926 17.0625 -60.5 6.215690152512618 3 
0011 0007 1666771541473438 -108.1875 -66.5 0.5399612373357456 3 
0011 0009 1666771541474365 -48.0 -67.0 5.546874528994478 3 
0011 0004 1666771541475489 -39.0 -63.5 3.816544200259475 3 
0011 0005 1666771541477631 39.0 -62.5 2.7979809571034093 3 
0011 0014 1666771541479039 -48.0 -61.0 2.4605051837685683 3 
0011 0010 1666771541481631 -65.0625 -72.5 1.3499030933393643 3 
0011 0006 1666771541483125 -69.125 -64.0 1.4910293258248433 3 
0011 0015 1666771541484005 -8.9375 -64.5 3.2827188860752723 3 
0011 0011 1666771541504770 26.0 -76.0 2.9329712664373457 3 
0011 0014 1666771541594570 26.0 -61.0 2.3746022596469727 3 
0011 0007 1666771541596345 43.125 -66.0 0.39269908169872414 3 
0011 0006 1666771541598399 17.0625 -64.0 1.3621749396424494 3 
0011 0005 1666771541600677 13.0 -61.5 2.84706834231575 3 
0011 0008 1666771541601873 -100.0625 -60.0 0.05522330836388308 3 
0011 0009 1666771541602742 95.1875 -66.5 5.368932757599744 3 
0011 0004 1666771541604504 -87.0625 -63.0 3.865631585471816 3 
0011 0010 1666771541605387 -113.0625 -72.0 1.3621749396424494 3 
0011 0015 1666771541606480 39.0 -64.0 3.2520392703175593 3 
0011 0011 1666771541622593 24.0 -76.5 5.930369725965889 3 
0011 0008 1666771541710468 8.9375 -60.5 6.240233845118788 3 
0011 0015 1666771541712712 8.9375 -64.5 3.2520392703175593 3 
0011 0004 1666771541713909 -17.0625 -63.0 3.810408277107933 3 
0011 0007 1666771541715136 26.0 -67.0 0.4111068511533518 3 
0011 0014 1666771541716579 0.0 -61.5 2.429825568010856 3 
0011 0006 1666771541717733 0.0 -64.5 1.423534171157875 3 
0011 0005 1666771541718884 0.0 -62.5 2.890019804376548 3 
0011 0009 1666771541720340 91.125 -66.5 5.3627968344482015 3 
0011 0010 1666771541722117 -56.125 -72.0 1.4296700943094176 3 
0011 0011 1666771541741430 50.8125 -76.5 5.835262917116979 3 
0011 0014 1666771541831764 -17.0625 -61.0 2.4727770300716534 3 
0011 0005 1666771541832688 -21.9375 -62.0 2.9022916506796332 3 
0011 0015 1666771541834678 -30.0625 -64.0 3.3379421944391554 3 
0011 0008 1666771541835629 0.0 -60.5 6.234097921967246 3 
0011 0009 1666771541837070 -43.125 -66.0 5.6573211457222445 3 
0011 0007 1666771541838236 21.9375 -66.0 0.4049709280018093 3 
0011 0004 1666771541839733 56.125 -63.5 3.706097583531709 3 
0011 0006 1666771541841779 -4.0625 -64.0 1.4787574795217582 3 
0011 0010 1666771541843504 -368.625 -72.0 2.018718716857504 3 
0011 0011 1666771541886624 9.0 -76.0 5.988660995905543 3 
0011 0009 1666771541968081 -26.0 -67.0 5.626641529964532 3 
0011 0005 1666771541969516 56.125 -62.0 2.8654761117703775 3 
0011 0014 1666771541971306 -30.0625 -61.0 2.4727770300716534 3 
0011 0007 1666771541972994 -8.9375 -66.5 0.4172427743048944 3 
0011 0015 1666771541974999 34.9375 -64.0 3.2827188860752723 3 
0011 0004 1666771541976478 21.9375 -63.0 3.736777199289422 3 
0011 0010 1666771541977394 -260.375 -71.0 1.7119225592803755 3 
0011 0008 1666771541978301 4.0625 -60.0 6.252505691421874 3 
0011 0006 1666771541979273 39.0 -64.0 1.3928545554001621 3 
0011 0011 1666771541998112 -11.75 -75.5 6.181942575179134 3 
0011 0015 1666771542086961 -21.9375 -63.5 3.3318062712876126 3 
0011 0008 1666771542088595 -13.0 -60.0 0.04295146206079795 3 
0011 0010 1666771542089780 -329.5625 -71.5 1.8100973297050567 3 
0011 0014 1666771542093103 43.125 -61.0 2.411417798556228 3 
0011 0009 1666771542093973 -43.125 -66.5 5.712544454086128 3 
0011 0007 1666771542094856 -100.0625 -67.0 0.5951845456996288 3 
0011 0005 1666771542096249 34.9375 -62.5 3.0066023442558567 3 
0011 0006 1666771542097803 104.125 -64.5 1.3744467859455345 3 
0011 0004 1666771542098954 4.0625 -64.0 3.810408277107933 3 
0011 0011 1666771542139981 20.25 -77.0 5.829126993965437 3 
0011 0009 1666771542215850 -21.9375 -67.0 5.595961914206819 3 
0011 0015 1666771542219214 -17.0625 -65.0 3.3195344249845276 3 
0011 0014 1666771542220130 -56.125 -61.0 2.5709518004963345 3 
0011 0007 1666771542221309 -4.0625 -68.0 0.44178646691106466 3 
0011 0004 1666771542223973 30.0625 -63.5 3.785864584501762 3 
0011 0005 1666771542224869 39.0 -62.5 3.0250101137104846 3 
0011 0008 1666771542225896 13.0 -60.5 6.258641614573416 3 
0011 0010 1666771542226767 -34.9375 -70.0 1.6996507129772904 3 
0011 0006 1666771542227846 0.0 -64.0 1.3867186322486196 3 
0011 0011 1666771542229600 -386.5 -73.5 0.32520392703175593 3 
0011 0004 1666771542327083 -30.0625 -63.5 4.724660826687775 3 
0011 0009 1666771542329318 39.0 -64.5 5.8475347634200645 3 
0011 0007 1666771542330205 -52.0625 -68.0 1.4480778637640452 3 
0011 0008 1666771542331055 0.0 -62.5 0.28225246497095796 3 
0011 0010 1666771542332410 43.125 -71.0 2.0800779483729293 3 
0011 0005 1666771542333532 -4.0625 -63.0 4.1601558967458585 3 
0011 0015 1666771542334712 -69.125 -62.5 3.160000423044421 3 
0011 0014 1666771542336090 -4.0625 -60.0 2.4911847995262812 3 
0011 0006 1666771542337827 87.0625 -64.0 1.2210487071569704 3 
0011 0011 1666771542340569 -173.3125 -71.5 0.944932165337555 3 
0011 0004 1666771542438828 34.9375 -60.5 0.5890486225480862 3 
0011 0007 1666771542440253 152.125 -70.5 2.018718716857504 3 
0011 0005 1666771542442552 -26.0 -61.5 6.252505691421874 3 
0011 0010 1666771542444357 -139.125 -67.0 4.430136515413731 3 
0011 0015 1666771542445547 39.0 -60.0 2.675262494072558 3 
0011 0009 1666771542446531 -34.9375 -59.5 0.7976700097005334 3 
0011 0008 1666771542447441 -17.0625 -63.5 2.1537090261914402 3 
0011 0014 1666771542448918 -26.0 -64.0 2.423689644859313 3 
0011 0011 1666771542449831 -43.125 -64.5 3.724505352986337 3 
0011 0006 1666771542520355 -1.125 -72.0 5.381204603902829 3 
0011 0008 1666771542554887 43.125 -65.5 3.2949907323783574 3 
0011 0009 1666771542555829 91.125 -65.5 2.1782527187976104 3 
0011 0005 1666771542557402 39.0 -58.0 1.4603497100671303 3 
0011 0006 1666771542558571 -74.0 -68.0 5.540738605842936 3 
0011 0004 1666771542559565 8.9375 -57.0 1.8162332528565992 3 
0011 0015 1666771542561396 8.9375 -59.0 1.8039614065535141 3 
0011 0007 1666771542563148 -8.9375 -71.5 0.5031456984264903 3 
0011 0011 1666771542564943 -82.1875 -63.5 3.3624858870453256 3 
0011 0010 1666771542615851 10.1875 -70.0 5.583690067903734 3 
0011 0010 1666771542668311 39.0 -63.5 3.399301425954581 3 
0011 0015 1666771542669478 -34.9375 -59.5 1.0921943209745766 3 
0011 0009 1666771542673547 -156.1875 -61.5 5.595961914206819 3 
0011 0005 1666771542674856 -39.0 -61.0 2.7120780329818137 3 
0011 0004 1666771542676661 -43.125 -62.0 4.111068511533518 3 
0011 0007 1666771542678069 78.0625 -63.5 1.0921943209745766 3 
0011 0008 1666771542679337 -52.0625 -72.5 0.19634954084936207 3 
0011 0011 1666771542687513 4.4375 -69.0 5.261554102447749 3 
0011 0006 1666771542773548 2.3125 -69.0 5.313709449235861 3 
0011 0014 1666771542782027 -7.3125 -74.0 6.0991076126333095 3 
0011 0010 1666771542791017 -4.0625 -57.0 5.1725832167503825 3 
0011 0008 1666771542793054 -186.3125 -68.5 1.380582709097077 3 
0011 0004 1666771542794230 -43.125 -57.5 5.7616318392984684 3 
0011 0009 1666771542797589 13.0 -66.0 0.9142525495798421 3 
0011 0011 1666771542798603 -56.125 -58.0 0.0674951546669682 3 
0011 0006 1666771542799983 -156.1875 -66.0 5.546874528994478 3 
0011 0005 1666771542800890 -17.0625 -59.0 5.056000676871073 3 
0011 0015 1666771542803894 17.0625 -61.0 0.11044661672776616 3 
0011 0014 1666771542819849 2.0 -72.0 5.749359992995383 3 
0011 0007 1666771542833429 2.4375 -73.5 0.4111068511533518 3 
0011 0012 1666771542838339 5.625 -77.0 5.553010452146021 3 
0011 0013 1666771542912358 -1.5 -77.5 4.669437518323892 3 
0011 0011 1666771542919953 -13.0 -66.5 1.4971652489763858 3 
0011 0009 1666771542921506 -52.0625 -64.0 4.381049130201391 3 
0011 0012 1666771542923008 0.0 -67.5 1.88986433067511 3 
0011 0015 1666771542924831 -48.0 -60.5 5.203262832508095 3 
0011 0004 1666771542925728 -87.0625 -67.0 0.42337869745643697 3 
0011 0005 1666771542926606 4.0625 -58.5 5.436427912266712 3 
0011 0006 1666771542927578 -87.0625 -64.5 5.062136600022616 3 
0011 0014 1666771542930436 -74.0 -66.0 1.5401167110371838 3 
0011 0010 1666771542931363 34.9375 -62.5 1.9512235621905356 3 
0011 0007 1666771542932272 8.9375 -65.0 4.264466590322082 3 
0011 0008 1666771542936378 -121.25 -71.5 4.313553975534423 3 
0011 0013 1666771542938272 30.0625 -72.0 4.1172044346850605 3 
0011 0011 1666771543035549 56.125 -65.5 4.921010367537137 3 
0011 0009 1666771543037169 30.0625 -65.5 5.019185137961818 3 
0011 0008 1666771543040465 -65.0625 -70.5 4.01902966426038 3 
0011 0012 1666771543041390 8.9375 -57.0 1.9205439464328227 3 
0011 0005 1666771543042272 -17.0625 -59.0 5.982525072754001 3 
0011 0015 1666771543043905 -39.0 -60.0 3.9944859716542096 3 
0011 0014 1666771543044917 48.0 -64.0 0.1718058482431918 3 
0011 0007 1666771543045843 -4.0625 -71.0 2.7979809571034093 3 
0011 0013 1666771543046717 -256.3125 -66.5 2.6445828783148455 3 
0011 0010 1666771543047626 -52.0625 -60.5 4.172427743048944 3 
0011 0004 1666771543048652 21.9375 -65.0 2.2334760271614935 3 
0011 0009 1666771543146109 -52.0625 -68.0 5.688000761479957 3 
0011 0010 1666771543148577 4.0625 -59.5 4.448544284868359 3 
0011 0012 1666771543149491 26.0 -56.0 1.2762720155208536 3 
0011 0005 1666771543150595 -17.0625 -60.0 5.350524988145116 3 
0011 0014 1666771543151794 -113.0625 -64.0 5.5100589900852235 3 
0011 0015 1666771543155170 -56.125 -60.5 3.0066023442558567 3 
0011 0013 1666771543156113 -48.0 -59.5 2.3071071049800045 3 
0011 0011 1666771543158115 -4.0625 -62.5 5.632777453116074 3 
0011 0008 1666771543159628 256.3125 -70.5 3.184544115650591 3 
0011 0004 1666771543160552 30.0625 -65.0 1.2946797849754812 3 
0011 0007 1666771543182601 27.5625 -72.0 4.669437518323892 3 
0011 0012 1666771543263226 -4.0625 -55.0 0.5092816215780329 3 
0011 0015 1666771543264079 -8.9375 -59.5 2.5770877236478773 3 
0011 0013 1666771543267050 4.0625 -60.5 1.6935147898257479 3 
0011 0010 1666771543268571 48.0 -63.0 4.2031073588066565 3 
0011 0004 1666771543269456 -91.125 -65.5 6.258641614573416 3 
0011 0011 1666771543271726 -48.0 -63.5 5.491651220630596 3 
0011 0007 1666771543272666 -91.125 -65.5 1.2762720155208536 3 
0011 0014 1666771543273592 -8.9375 -63.0 4.319689898685965 3 
0011 0005 1666771543274530 -13.0 -61.5 4.264466590322082 3 
0011 0009 1666771543275852 13.0 -70.5 5.062136600022616 3 
0011 0008 1666771543277807 169.25 -72.5 3.141592653589793 3 
0011 0006 1666771543390164 -0.8125 -73.5 5.497787143782138 3 
0011 0005 1666771543405447 -74.0 -63.0 3.3440781175906977 3 
0011 0013 1666771543407182 -4.0625 -60.0 2.767301341345697 3 
0011 0007 1666771543408110 -56.125 -63.0 0.803805932852076 3 
0011 0006 1666771543409505 -43.125 -72.5 2.12916533358527 3 
0011 0014 1666771543411127 -104.125 -63.0 4.638757902566179 3 
0011 0010 1666771543412010 26.0 -66.5 4.184699589352029 3 
0011 0012 1666771543412906 -21.9375 -55.5 1.533980787885641 3 
0011 0011 1666771543413864 -74.0 -63.0 5.424156065963627 3 
0011 0015 1666771543414782 0.0 -60.5 2.6691265709210157 3 
0011 0004 1666771543416765 56.125 -66.0 5.565282298449106 3 
0011 0009 1666771543418317 -43.125 -71.0 5.203262832508095 3 
0011 0008 1666771543419215 -39.0 -70.0 2.509592568980909 3 
0011 0004 1666771543517185 -30.0625 -66.0 5.3198453723874035 3 
0011 0006 1666771543518340 56.125 -70.5 2.030990563160589 3 
0011 0011 1666771543519747 -17.0625 -63.0 5.301437602932776 3 
0011 0010 1666771543520919 243.3125 -70.5 3.7551849687440497 3 
0011 0015 1666771543521826 -4.0625 -60.5 2.675262494072558 3 
0011 0008 1666771543522966 -87.0625 -70.0 2.2396119503130363 3 
0011 0012 1666771543523891 4.0625 -54.5 1.5155730184310134 3 
0011 0009 1666771543524820 13.0 -71.5 5.117359908386499 3 
0011 0007 1666771543526485 -48.0 -62.0 0.25157284921324513 3 
0011 0005 1666771543529375 0.0 -62.0 2.4850488763747385 3 
0011 0014 1666771543533697 -48.0 -63.5 4.534447208989955 3 
0011 0013 1666771543535847 -21.9375 -58.5 2.730485802436441 3 
0011 0012 1666771543632988 -43.125 -54.5 1.564660403643354 3 
0011 0008 1666771543633900 -52.0625 -70.0 2.2396119503130363 3 
0011 0006 1666771543635070 -113.0625 -70.0 2.5341362615870793 3 
0011 0009 1666771543636195 -78.0625 -70.5 5.356660911296659 3 
0011 0010 1666771543637120 -69.125 -69.0 3.8717675086233583 3 
0011 0013 1666771543639236 8.9375 -59.0 2.6261751088602177 3 
0011 0005 1666771543640361 39.0 -61.0 2.0800779483729293 3 
0011 0014 1666771543641740 39.0 -62.5 4.374913207049849 3 
0011 0015 1666771543644025 26.0 -60.5 2.5709518004963345 3 
0011 0011 1666771543645689 -30.0625 -62.5 5.21553467881118 3 
0011 0007 1666771543647922 -30.0625 -62.5 0.04295146206079795 3 
0011 0004 1666771543651009 139.125 -66.0 5.264622064023521 3 
0011 0013 1666771543749606 13.0 -59.0 2.5954954931025047 3 
0011 0012 1666771543751369 4.0625 -54.5 1.4542137869155878 3 
0011 0009 1666771543752298 -82.1875 -70.5 4.988505522204105 3 
0011 0014 1666771543754457 -34.9375 -62.5 4.405592822807561 3 
0011 0007 1666771543755821 -21.9375 -62.5 0.15339807878856412 3 
0011 0006 1666771543756976 -74.0 -70.0 2.724349879284899 3 
0011 0008 1666771543758154 -4.0625 -71.0 1.736466251886546 3 
0011 0015 1666771543759066 -69.125 -60.5 2.675262494072558 3 
0011 0011 1666771543760092 -34.9375 -63.0 5.1725832167503825 3 
0011 0005 1666771543762689 48.0 -61.5 2.098485717827557 3 
0011 0004 1666771543763560 82.1875 -65.5 5.21553467881118 3 
0011 0010 1666771543764614 74.0 -67.0 3.6324665057131984 3 
0011 0006 1666771543861780 113.0625 -71.0 2.890019804376548 3 
0011 0009 1666771543863547 -273.375 -70.0 5.375068680751287 3 
0011 0015 1666771543864682 -39.0 -60.5 2.6445828783148455 3 
0011 0005 1666771543865577 -39.0 -61.5 2.356194490192345 3 
0011 0012 1666771543866531 -13.0 -54.5 1.4296700943094176 3 
0011 0004 1666771543867672 -61.0 -65.5 5.405748296509 3 
0011 0014 1666771543869123 -82.1875 -63.0 4.381049130201391 3 
0011 0013 1666771543870504 17.0625 -59.5 2.6139032625571326 3 
0011 0011 1666771543871432 -78.0625 -64.5 5.013049214810275 3 
0011 0010 1666771543872597 4.0625 -66.0 3.5342917352885173 3 
0011 0007 1666771543873947 -8.9375 -62.5 0.4908738521234052 3 
0011 0008 1666771543875969 295.375 -71.0 1.368310862793992 3 
0011 0012 1666771543974215 0.0 -54.5 1.3621749396424494 3 
0011 0013 1666771543975190 21.9375 -59.5 2.6261751088602177 3 
0011 0006 1666771543976093 290.5 -71.5 2.6200391857086753 3 
0011 0011 1666771543976946 -87.0625 -65.5 4.798291904506286 3 
0011 0007 1666771543977859 -48.0 -64.0 0.7853981633974483 3 
0011 0015 1666771543978783 21.9375 -61.0 2.4911847995262812 3 
0011 0008 1666771543979666 52.0625 -71.0 1.3621749396424494 3 
0011 0005 1666771543982502 21.9375 -61.5 2.3316507975861747 3 
0011 0014 1666771543984124 -39.0 -63.0 4.270602513473625 3 
0011 0004 1666771543985049 4.0625 -65.0 5.184855063053467 3 
0011 0010 1666771543985949 -61.0 -66.0 3.448388811166921 3 
0011 0009 1666771543989327 -4.0625 -71.5 4.945554060143307 3 
0011 0010 1666771544088990 -8.9375 -66.5 3.2581751934691017 3 
0011 0011 1666771544091422 -108.1875 -65.0 4.71238898038469 3 
0011 0012 1666771544092540 0.0 -54.0 1.3621749396424494 3 
0011 0007 1666771544093472 -26.0 -63.0 0.9142525495798421 3 
0011 0015 1666771544094621 17.0625 -61.5 2.4850488763747385 3 
0011 0005 1666771544095486 -17.0625 -61.0 2.4175537217077703 3 
0011 0014 1666771544096882 -43.125 -63.0 4.264466590322082 3 
0011 0008 1666771544097808 34.9375 -71.0 1.0062913968529805 3 
0011 0004 1666771544098721 -87.0625 -65.0 5.135767677841127 3 
0011 0013 1666771544099885 0.0 -60.0 2.650718801466388 3 
0011 0009 1666771544102538 -139.125 -70.0 5.00077736850719 3 
0011 0006 1666771544103734 121.25 -71.0 2.552544031041707 3 
0011 0010 1666771544202983 -82.1875 -67.0 3.08636934522591 3 
0011 0013 1666771544203867 -17.0625 -60.0 2.6139032625571326 3 
0011 0011 1666771544205531 -26.0 -66.0 4.454680208019902 3 
0011 0015 1666771544206921 -48.0 -61.5 2.5709518004963345 3 
0011 0012 1666771544207790 17.0625 -54.0 1.2946797849754812 3 
0011 0004 1666771544208731 -21.9375 -64.5 4.865787059173254 3 
0011 0005 1666771544209870 30.0625 -61.0 2.2089323345553233 3 
0011 0014 1666771544210767 -13.0 -63.0 4.2031073588066565 3 
0011 0008 1666771544212800 -65.0625 -71.5 1.337631247036279 3 
0011 0007 1666771544214066 -21.9375 -61.5 0.8406214717613314 3 
0011 0009 1666771544214994 -56.125 -70.5 4.773748211900116 3 
0011 0006 1666771544215864 113.0625 -69.5 2.2457478734645786 3 
0011 0008 1666771544313507 -43.125 -71.5 0.9817477042468103 3 
0011 0007 1666771544315339 30.0625 -61.5 0.6320000846088841 3 
0011 0005 1666771544316232 -8.9375 -60.5 2.073942025221387 3 
0011 0013 1666771544318095 8.9375 -59.5 2.564815877344792 3 
0011 0004 1666771544319220 13.0 -64.5 4.546719055293041 3 
0011 0006 1666771544320135 117.125 -70.5 1.9757672547967058 3 
0011 0009 1666771544322254 -113.0625 -68.5 4.749204519293945 3 
0011 0012 1666771544323475 26.0 -54.0 1.2885438618239387 3 
0011 0010 1666771544325606 8.9375 -67.0 2.7979809571034093 3 
0011 0015 1666771544326970 26.0 -61.0 2.466641106920111 3 
0011 0014 1666771544329330 21.9375 -62.5 4.166291819897402 3 
0011 0011 1666771544332160 21.9375 -65.5 4.405592822807561 3 
0011 0011 1666771544429370 -39.0 -64.5 4.460816131171445 3 
0011 0004 1666771544430241 -134.25 -64.0 4.589670517353839 3 
0011 0014 1666771544431179 -4.0625 -63.5 4.123340357836604 3 
0011 0012 1666771544434656 4.0625 -54.0 1.282407938672396 3 
0011 0010 1666771544435543 -165.1875 -68.0 2.9084275738311756 3 
0011 0015 1666771544436480 8.9375 -61.0 2.5280003384355365 3 
0011 0005 1666771544437873 87.0625 -60.5 1.8407769454627694 3 
0011 0009 1666771544438757 26.0 -69.5 4.595806440505381 3 
0011 0013 1666771544440363 8.9375 -60.0 2.5893595699509624 3 
0011 0007 1666771544441249 -56.125 -62.0 0.6013204688511713 3 
0011 0006 1666771544443015 -316.5 -71.5 2.2457478734645786 3 
0011 0008 1666771544446321 74.0 -71.0 0.7792622402459057 3 
0011 0015 1666771544543094 -26.0 -61.5 2.5464081078901644 3 
0011 0010 1666771544545092 -91.125 -67.0 2.791845033951867 3 
0011 0005 1666771544546017 48.0 -60.5 1.7426021750380885 3 
0011 0011 1666771544547426 74.0 -64.5 4.246058820867455 3 
0011 0013 1666771544548354 -39.0 -59.5 2.5709518004963345 3 
0011 0007 1666771544549720 -43.125 -61.0 0.4908738521234052 3 
0011 0009 1666771544551086 -39.0 -69.5 4.589670517353839 3 
0011 0012 1666771544552688 8.9375 -53.5 1.227184630308513 3 
0011 0014 1666771544554000 -39.0 -63.5 4.166291819897402 3 
0011 0006 1666771544554884 48.0 -71.5 2.0064468705544187 3 
0011 0008 1666771544555796 -82.1875 -71.0 0.9756117810952678 3 
0011 0004 1666771544556966 39.0 -64.0 4.356505437595221 3 
