0011 0009 1666769904592257 -16.3125 -77.5 5.405748296509 0 
0011 0014 1666769904661006 8.9375 -58.5 0.8651651643675016 0 
0011 0006 1666769904661915 0.0 -58.0 1.607611865704152 0 
0011 0003 1666769904663046 13.0 -73.0 5.743224069843841 0 
0011 0013 1666769904663945 -34.9375 -57.5 5.049864753719531 0 
0011 0010 1666769904665082 -34.9375 -57.5 4.172427743048944 0 
0011 0015 1666769904666035 8.9375 -65.0 3.6324665057131984 0 
0011 0007 1666769904669390 17.0625 -70.5 1.325359400733194 0 
0011 0011 1666769904671518 4.0625 -55.0 4.460816131171445 0 
0011 0012 1666769904672658 -61.0 -53.5 5.6143696836614465 0 
0011 0004 1666769904673824 13.0 -64.0 3.5036121195308043 0 
0011 0008 1666769904676341 -147.25 -68.5 5.221670601962723 0 
0011 0001 1666769904678509 61.0 -66.0 5.013049214810275 0 
0011 0009 1666769904728669 -1.9375 -79.5 5.350524988145116 0 
0011 0008 1666769904779510 -134.25 -69.0 5.289165756629691 0 
0011 0001 1666769904780931 -178.1875 -67.0 5.2339424482658075 0 
0011 0004 1666769904782565 -117.125 -64.0 3.6324665057131984 0 
0011 0014 1666769904783985 13.0 -58.5 0.8835729338221293 0 
0011 0006 1666769904784896 4.0625 -58.0 1.5585244804918115 0 
0011 0011 1666769904786531 -34.9375 -55.0 4.491495746929157 0 
0011 0010 1666769904788701 -74.0 -58.0 4.196971435655114 0 
0011 0015 1666769904790633 0.0 -66.0 3.724505352986337 0 
0011 0013 1666769904793080 8.9375 -57.5 4.970097752749477 0 
0011 0003 1666769904794864 74.0 -73.0 5.786175531904639 0 
0011 0012 1666769904797095 -26.0 -53.5 5.553010452146021 0 
0011 0007 1666769904797979 30.0625 -70.5 1.368310862793992 0 
0011 0009 1666769904847757 -16.3125 -79.0 5.5100589900852235 0 
0011 0015 1666769904899559 -26.0 -66.0 3.785864584501762 0 
0011 0013 1666769904900469 17.0625 -58.0 4.9823695990525625 0 
0011 0010 1666769904901665 -26.0 -58.5 4.147884050442774 0 
0011 0011 1666769904903793 13.0 -55.0 4.424000592262189 0 
0011 0012 1666769904904942 -30.0625 -53.5 5.5714182216006485 0 
0011 0014 1666769904906705 13.0 -58.5 0.8835729338221293 0 
0011 0003 1666769904907652 230.25 -71.5 5.565282298449106 0 
0011 0004 1666769904909073 30.0625 -64.5 3.479068426924634 0 
0011 0008 1666769904909970 48.0 -69.0 5.092816215780329 0 
0011 0007 1666769904910828 238.4375 -70.5 1.0737865515199487 0 
0011 0006 1666769904911779 4.0625 -58.0 1.5830681730979816 0 
0011 0001 1666769904913088 -17.0625 -67.0 5.141903600992669 0 
0011 0009 1666769904965522 6.8125 -79.5 5.258486140871978 0 
0011 0001 1666769905017372 -234.3125 -67.5 5.3198453723874035 0 
0011 0015 1666769905018901 -52.0625 -66.0 3.792000507653305 0 
0011 0014 1666769905020039 -26.0 -59.0 0.9203884727313847 0 
0011 0006 1666769905021787 4.0625 -58.0 1.5462526341887264 0 
0011 0012 1666769905022699 -21.9375 -53.5 5.5284667595398505 0 
0011 0007 1666769905023614 225.375 -70.5 1.1351457830353744 0 
0011 0008 1666769905024524 87.0625 -68.5 5.283029833478148 0 
0011 0004 1666769905025874 4.0625 -65.0 3.509748042682347 0 
0011 0011 1666769905026802 -48.0 -55.0 4.460816131171445 0 
0011 0013 1666769905030051 -30.0625 -57.5 5.037592907416445 0 
0011 0010 1666769905030961 -17.0625 -58.0 4.129476280988146 0 
0011 0003 1666769905032581 134.25 -73.0 5.675728915176872 0 
0011 0009 1666769905067384 14.625 -78.5 5.332117218690489 0 
0011 0013 1666769905137485 -13.0 -58.0 4.994641445355648 0 
0011 0004 1666769905138382 -21.9375 -65.0 3.454524734318464 0 
0011 0008 1666769905139268 -108.1875 -69.0 5.203262832508095 0 
0011 0011 1666769905140206 4.0625 -55.0 4.430136515413731 0 
0011 0007 1666769905141444 26.0 -69.5 1.41126232485479 0 
0011 0012 1666769905142552 -17.0625 -53.5 5.516194913236766 0 
0011 0014 1666769905144664 0.0 -58.5 0.8651651643675016 0 
0011 0006 1666769905146331 -21.9375 -58.0 1.576932249946439 0 
0011 0010 1666769905147723 -61.0 -58.0 4.166291819897402 0 
0011 0003 1666769905149134 295.375 -72.0 5.4671075280244255 0 
0011 0015 1666769905151927 -108.1875 -66.5 3.80427235395639 0 
0011 0001 1666769905154557 34.9375 -67.0 5.019185137961818 0 
0011 0009 1666769905177455 -30.9375 -78.0 2.3009711818284617 0 
0011 0012 1666769905249073 -4.0625 -53.5 5.497787143782138 0 
0011 0010 1666769905251645 -61.0 -58.5 4.1601558967458585 0 
0011 0013 1666769905252571 -69.125 -57.5 5.074408446325701 0 
0011 0011 1666769905253679 8.9375 -55.0 4.424000592262189 0 
0011 0004 1666769905254806 -52.0625 -64.5 3.5711072741977725 0 
0011 0007 1666769905256484 61.0 -70.0 1.0369710126106935 0 
0011 0006 1666769905257381 8.9375 -58.0 1.5401167110371838 0 
0011 0014 1666769905258492 26.0 -58.5 0.8406214717613314 0 
0011 0015 1666769905260237 -8.9375 -66.5 3.792000507653305 0 
0011 0008 1666769905261760 21.9375 -68.5 5.240078371417351 0 
0011 0001 1666769905262898 204.25 -66.5 4.7307967498393175 0 
0011 0003 1666769905264425 -169.25 -72.5 6.0991076126333095 0 
0011 0009 1666769905306697 -7.75 -79.0 5.436427912266712 0 
0011 0014 1666769905360378 -34.9375 -58.5 0.9019807032767571 0 
0011 0012 1666769905361754 -13.0 -53.5 5.5100589900852235 0 
0011 0015 1666769905363788 -130.1875 -65.5 3.890175278077986 0 
0011 0001 1666769905365295 -156.1875 -66.5 5.283029833478148 0 
0011 0008 1666769905366233 21.9375 -67.5 5.0682725231741586 0 
0011 0013 1666769905368122 -34.9375 -57.5 5.043728830567988 0 
0011 0011 1666769905369389 8.9375 -55.0 4.3933209765044765 0 
0011 0004 1666769905370301 -13.0 -64.0 3.479068426924634 0 
0011 0010 1666769905371226 -17.0625 -58.0 4.129476280988146 0 
0011 0006 1666769905372183 34.9375 -58.0 1.4910293258248433 0 
0011 0007 1666769905374272 -217.25 -70.5 1.5953400194010667 0 
0011 0003 1666769905376725 52.0625 -72.0 5.595961914206819 0 
0011 0009 1666769905398679 20.25 -78.5 2.3746022596469727 0 
0011 0007 1666769905470890 143.1875 -69.5 1.1596894756415448 0 
0011 0011 1666769905471842 -4.0625 -55.0 4.448544284868359 0 
0011 0001 1666769905473036 -4.0625 -67.0 5.037592907416445 0 
0011 0012 1666769905474374 -61.0 -53.5 5.559146375297564 0 
0011 0008 1666769905475512 191.1875 -68.5 4.988505522204105 0 
0011 0014 1666769905476436 -8.9375 -58.5 0.8528933180644165 0 
0011 0015 1666769905477560 -104.125 -66.0 3.8717675086233583 0 
0011 0004 1666769905478442 -61.0 -65.5 3.5342917352885173 0 
0011 0010 1666769905480798 -13.0 -58.0 4.111068511533518 0 
0011 0013 1666769905482702 -13.0 -57.5 4.970097752749477 0 
0011 0006 1666769905483628 4.0625 -58.0 1.5033011721279284 0 
0011 0003 1666769905488357 -4.0625 -73.0 5.9088939949354895 0 
0011 0009 1666769905509286 -48.8125 -78.0 2.5034566458293663 0 
0011 0012 1666769905584664 -39.0 -53.5 5.522330836388308 0 
0011 0014 1666769905586908 -8.9375 -59.0 0.8651651643675016 0 
0011 0008 1666769905587766 108.1875 -68.0 5.098952138931871 0 
0011 0010 1666769905588718 -8.9375 -58.5 4.049709280018092 0 
0011 0015 1666769905589841 -21.9375 -65.5 3.792000507653305 0 
0011 0003 1666769905590928 290.5 -71.5 5.436427912266712 0 
0011 0011 1666769905592065 4.0625 -55.5 4.405592822807561 0 
0011 0006 1666769905593250 -52.0625 -58.5 1.533980787885641 0 
0011 0013 1666769905594147 -43.125 -58.0 5.0253210611133605 0 
0011 0007 1666769905595018 121.25 -69.5 0.9756117810952678 0 
0011 0004 1666769905597035 -17.0625 -64.5 3.5158839658338894 0 
0011 0001 1666769905598289 -26.0 -67.0 5.00077736850719 0 
0011 0009 1666769905623759 5.625 -78.5 5.6143696836614465 0 
0011 0012 1666769905693785 -34.9375 -53.5 5.516194913236766 0 
0011 0014 1666769905694739 13.0 -59.0 0.8344855486097889 0 
0011 0015 1666769905695632 0.0 -66.0 3.706097583531709 0 
0011 0011 1666769905697272 -39.0 -55.0 4.417864669110647 0 
0011 0001 1666769905698211 -95.1875 -67.5 5.013049214810275 0 
0011 0006 1666769905700098 -17.0625 -58.0 1.5033011721279284 0 
0011 0004 1666769905701734 48.0 -64.5 3.399301425954581 0 
0011 0010 1666769905703637 -34.9375 -58.0 4.0987966652304335 0 
0011 0007 1666769905705034 -165.1875 -70.0 1.368310862793992 0 
0011 0013 1666769905706215 -34.9375 -57.5 5.0253210611133605 0 
0011 0008 1666769905710661 -221.3125 -67.5 5.387340527054372 0 
0011 0003 1666769905713706 0.0 -72.0 5.792311455056181 0 
0011 0009 1666769905729812 -32.5 -78.0 5.546874528994478 0 
0011 0001 1666769905808053 78.0625 -66.5 4.859651136021712 0 
0011 0011 1666769905808935 30.0625 -55.0 4.381049130201391 0 
0011 0004 1666769905809836 -173.3125 -65.0 3.6324665057131984 0 
0011 0013 1666769905811017 -34.9375 -57.5 5.0253210611133605 0 
0011 0015 1666769905813373 39.0 -66.0 3.718369429834794 0 
0011 0014 1666769905814314 26.0 -59.0 0.8283496254582462 0 
0011 0008 1666769905815707 -56.125 -68.0 5.148039524144211 0 
0011 0012 1666769905817370 -17.0625 -53.5 5.497787143782138 0 
0011 0006 1666769905818310 -4.0625 -58.5 1.521708941582556 0 
0011 0003 1666769905820176 139.125 -72.0 5.4671075280244255 0 
0011 0007 1666769905821101 -4.0625 -71.5 1.3069516312785663 0 
0011 0010 1666769905822297 -26.0 -58.5 4.09266074207889 0 
0011 0009 1666769905879064 14.625 -79.5 2.2212041808584084 0 
0011 0004 1666769905926608 165.1875 -64.0 3.2949907323783574 0 
0011 0008 1666769905928225 -74.0 -69.0 5.21553467881118 0 
0011 0011 1666769905929377 26.0 -55.0 4.399456899656019 0 
0011 0012 1666769905931314 4.0625 -53.5 5.460971604872882 0 
0011 0010 1666769905932963 -34.9375 -58.0 4.1172044346850605 0 
0011 0013 1666769905934952 4.0625 -57.5 5.013049214810275 0 
0011 0007 1666769905936180 43.125 -70.0 1.3560390164909069 0 
0011 0003 1666769905937337 74.0 -72.0 5.700272607783043 0 
0011 0015 1666769905939495 -78.0625 -66.0 3.816544200259475 0 
0011 0006 1666769905940405 -17.0625 -58.0 1.521708941582556 0 
0011 0014 1666769905941828 -17.0625 -58.5 0.8774370106705868 0 
0011 0001 1666769905945336 143.1875 -68.0 4.73693267299086 0 
0011 0009 1666769905962134 -9.75 -78.5 2.442097414313941 0 
0011 0015 1666769906038159 -91.125 -65.5 3.816544200259475 0 
0011 0001 1666769906039112 17.0625 -67.0 5.019185137961818 0 
0011 0013 1666769906040023 4.0625 -57.5 4.988505522204105 0 
0011 0008 1666769906041674 39.0 -69.5 5.092816215780329 0 
0011 0012 1666769906044870 -21.9375 -53.5 5.497787143782138 0 
0011 0004 1666769906045783 4.0625 -64.5 3.4913402732277192 0 
0011 0007 1666769906048263 -238.4375 -70.0 1.4358060174609601 0 
0011 0014 1666769906049440 8.9375 -59.0 0.8835729338221293 0 
0011 0010 1666769906050354 -39.0 -58.0 4.123340357836604 0 
0011 0006 1666769906051208 -8.9375 -58.0 1.4848934026733007 0 
0011 0003 1666769906052126 34.9375 -71.0 5.8475347634200645 0 
0011 0011 1666769906053264 -30.0625 -55.0 4.442408361716817 0 
0011 0009 1666769906075734 21.9375 -78.5 2.073942025221387 0 
0011 0001 1666769906149531 -91.125 -67.0 5.166447293598839 0 
0011 0004 1666769906151073 -121.25 -65.0 3.6017868899554855 0 
0011 0014 1666769906152902 39.0 -59.0 0.8160777791551611 0 
0011 0013 1666769906153866 0.0 -58.0 5.043728830567988 0 
0011 0010 1666769906155038 -52.0625 -58.0 4.147884050442774 0 
0011 0012 1666769906156175 -26.0 -53.5 5.5100589900852235 0 
0011 0011 1666769906157055 -4.0625 -54.5 4.454680208019902 0 
0011 0006 1666769906157969 -21.9375 -58.0 1.552388557340269 0 
0011 0008 1666769906159449 165.1875 -68.5 4.914874444385594 0 
0011 0015 1666769906161801 -34.9375 -65.5 3.847223816017188 0 
0011 0007 1666769906162730 121.25 -70.5 1.0799224746714913 0 
0011 0003 1666769906164650 74.0 -71.5 5.663457068873787 0 
0011 0009 1666769906185594 -23.625 -78.5 5.681864838328415 0 
0011 0006 1666769906259336 48.0 -58.0 1.5033011721279284 0 
0011 0001 1666769906261356 -65.0625 -67.0 5.178719139901925 0 
0011 0010 1666769906262278 -13.0 -58.0 4.123340357836604 0 
0011 0004 1666769906263177 43.125 -65.0 3.399301425954581 0 
0011 0012 1666769906264088 -34.9375 -53.5 5.5284667595398505 0 
0011 0013 1666769906264983 -8.9375 -57.5 5.092816215780329 0 
0011 0014 1666769906266364 39.0 -59.0 0.8160777791551611 0 
0011 0011 1666769906267513 -8.9375 -55.0 4.503767593232243 0 
0011 0003 1666769906269140 156.1875 -73.0 5.651185222570702 0 
0011 0015 1666769906270363 -30.0625 -66.0 3.785864584501762 0 
0011 0007 1666769906272369 -74.0 -70.0 1.3744467859455345 0 
0011 0008 1666769906273293 13.0 -69.0 4.970097752749477 0 
0011 0009 1666769906295556 -46.375 -78.0 5.399612373357457 0 
0011 0011 1666769906369046 -13.0 -55.0 4.546719055293041 0 
0011 0010 1666769906370565 -8.9375 -58.5 4.147884050442774 0 
0011 0015 1666769906372386 65.0625 -66.5 3.6447383520162835 0 
0011 0004 1666769906373313 -52.0625 -64.0 3.5281558121369745 0 
0011 0007 1666769906374451 21.9375 -71.0 1.3192234775816514 0 
0011 0001 1666769906375630 -91.125 -67.0 5.227806525114265 0 
0011 0014 1666769906376557 21.9375 -59.0 0.8406214717613314 0 
0011 0013 1666769906378477 -52.0625 -57.5 5.117359908386499 0 
0011 0012 1666769906379796 -43.125 -53.5 5.5284667595398505 0 
0011 0003 1666769906380938 -69.125 -71.5 6.160466844148735 0 
0011 0006 1666769906381834 30.0625 -58.0 1.509437095279471 0 
0011 0008 1666769906383186 -134.25 -70.5 5.338253141842031 0 
0011 0009 1666769906417139 22.6875 -77.5 5.473243451175968 0 
0011 0011 1666769906489324 -26.0 -55.5 4.583534594202296 0 
0011 0006 1666769906490252 52.0625 -58.0 1.5033011721279284 0 
0011 0008 1666769906491177 56.125 -69.5 4.994641445355648 0 
0011 0013 1666769906492809 -8.9375 -57.5 5.117359908386499 0 
0011 0010 1666769906494712 26.0 -58.5 4.1172044346850605 0 
0011 0001 1666769906497863 -100.0625 -67.5 5.129631754689584 0 
0011 0004 1666769906499118 -43.125 -64.0 3.5833791205008576 0 
0011 0012 1666769906500299 -26.0 -53.5 5.5284667595398505 0 
0011 0014 1666769906501720 17.0625 -59.0 0.8774370106705868 0 
0011 0007 1666769906503205 -152.125 -69.5 1.5033011721279284 0 
0011 0015 1666769906504512 -56.125 -66.5 3.902447124381071 0 
0011 0003 1666769906505812 -61.0 -71.5 5.982525072754001 0 
0011 0009 1666769906522130 -44.6875 -79.0 5.749359992995383 0 
0011 0003 1666769906601175 82.1875 -71.5 5.988660995905543 0 
0011 0006 1666769906602115 -13.0 -57.5 1.576932249946439 0 
0011 0012 1666769906603041 -43.125 -53.5 5.559146375297564 0 
0011 0004 1666769906604224 -52.0625 -64.0 3.6017868899554855 0 
0011 0011 1666769906605915 -43.125 -55.5 4.632621979414636 0 
0011 0007 1666769906606801 134.25 -69.5 1.1535535524900022 0 
0011 0010 1666769906607697 -69.125 -58.5 4.215379205109742 0 
0011 0008 1666769906608580 -95.1875 -70.5 5.148039524144211 0 
0011 0015 1666769906609490 -26.0 -65.5 3.80427235395639 0 
0011 0001 1666769906611376 8.9375 -66.5 5.086680292628786 0 
0011 0013 1666769906614046 8.9375 -57.5 5.111223985234957 0 
0011 0014 1666769906615752 4.0625 -59.0 0.8467573949128739 0 
0011 0009 1666769906638591 25.125 -78.0 2.6384469551633027 0 
0011 0007 1666769906714281 104.125 -68.5 1.1351457830353744 0 
0011 0010 1666769906715909 4.0625 -58.0 4.172427743048944 0 
0011 0006 1666769906717319 48.0 -57.5 1.533980787885641 0 
0011 0015 1666769906718229 -82.1875 -66.5 3.933126740138784 0 
0011 0012 1666769906721182 -48.0 -53.0 5.589825991055276 0 
0011 0003 1666769906722382 169.25 -71.5 5.878214379177777 0 
0011 0013 1666769906723249 -26.0 -57.5 5.154175447295755 0 
0011 0004 1666769906724190 21.9375 -65.0 3.552699504743145 0 
0011 0011 1666769906725270 -13.0 -55.0 4.651029748869264 0 
0011 0001 1666769906726212 -225.375 -66.5 5.411884219660542 0 
0011 0014 1666769906727617 -13.0 -59.0 0.8897088569736719 0 
0011 0008 1666769906728742 173.3125 -70.5 4.865787059173254 0 
0011 0009 1666769906756705 -26.8125 -77.5 5.553010452146021 0 
0011 0014 1666769906828607 13.0 -59.0 0.8651651643675016 0 
0011 0015 1666769906830570 -91.125 -66.0 3.933126740138784 0 
0011 0006 1666769906832006 -30.0625 -58.0 1.6444274046134073 0 
0011 0013 1666769906833196 0.0 -57.5 5.184855063053467 0 
0011 0004 1666769906834598 -156.1875 -64.5 3.5895150436524004 0 
0011 0012 1666769906835466 -26.0 -53.0 5.553010452146021 0 
0011 0011 1666769906836348 21.9375 -55.0 4.6448938257177215 0 
0011 0008 1666769906837243 4.0625 -70.5 5.056000676871073 0 
0011 0001 1666769906838625 204.25 -66.5 4.95168998329485 0 
0011 0010 1666769906839579 -26.0 -59.0 4.221515128261284 0 
0011 0007 1666769906841179 95.1875 -69.5 1.2946797849754812 0 
0011 0003 1666769906842494 -147.25 -72.0 0.0 0 
0011 0009 1666769906864569 -52.0 -77.5 5.620505606812989 0 
0011 0006 1666769906936893 48.0 -57.5 1.5707963267948966 0 
0011 0010 1666769906938071 -8.9375 -58.0 4.2031073588066565 0 
0011 0014 1666769906939552 -17.0625 -59.5 0.8774370106705868 0 
0011 0008 1666769906941201 82.1875 -70.5 4.970097752749477 0 
0011 0015 1666769906942348 0.0 -66.5 3.902447124381071 0 
0011 0001 1666769906943504 -82.1875 -67.0 5.2768939103266055 0 
0011 0003 1666769906944661 -48.0 -72.5 6.080699843178682 0 
0011 0013 1666769906945513 8.9375 -57.5 5.117359908386499 0 
0011 0011 1666769906947781 -21.9375 -55.0 4.693981210930062 0 
0011 0012 1666769906948948 -13.0 -53.5 5.5284667595398505 0 
0011 0004 1666769906950913 -100.0625 -65.0 3.7551849687440497 0 
0011 0007 1666769906952921 -78.0625 -69.0 1.521708941582556 0 
0011 0009 1666769906972831 31.6875 -78.0 5.368932757599744 0 
0011 0004 1666769907055451 -61.0 -65.0 3.6140587362585705 0 
0011 0008 1666769907056561 -139.125 -70.0 5.289165756629691 0 
0011 0015 1666769907059273 91.125 -66.5 3.822680123411018 0 
0011 0007 1666769907060457 -56.125 -69.5 1.3867186322486196 0 
0011 0006 1666769907061607 -4.0625 -57.5 1.6260196351587797 0 
0011 0011 1666769907063044 4.0625 -55.5 4.675573441475434 0 
0011 0012 1666769907063957 -26.0 -53.0 5.583690067903734 0 
0011 0010 1666769907064809 -26.0 -58.5 4.227651051412827 0 
0011 0013 1666769907065976 30.0625 -58.0 5.105088062083414 0 
0011 0001 1666769907066859 26.0 -67.0 5.240078371417351 0 
0011 0014 1666769907069530 4.0625 -59.5 0.8406214717613314 0 
0011 0003 1666769907070717 -48.0 -73.0 6.191146459906448 0 
0011 0009 1666769907117096 9.0 -80.0 5.638913376267617 0 
0011 0015 1666769907169168 -61.0 -66.5 3.9085830475326135 0 
0011 0007 1666769907170055 95.1875 -69.0 1.2885438618239387 0 
0011 0008 1666769907170940 -230.25 -70.0 5.356660911296659 0 
0011 0010 1666769907171875 13.0 -58.0 4.172427743048944 0 
0011 0004 1666769907172775 21.9375 -64.5 3.6079228131070282 0 
0011 0011 1666769907174155 -26.0 -55.5 4.71238898038469 0 
0011 0013 1666769907175564 -56.125 -57.5 5.209398755659637 0 
0011 0003 1666769907177190 -251.4375 -72.0 0.06135923151542565 0 
0011 0012 1666769907179799 -48.0 -53.0 5.602097837358362 0 
0011 0006 1666769907181435 21.9375 -57.5 1.6382914814618648 0 
0011 0014 1666769907184775 -48.0 -59.5 0.8835729338221293 0 
0011 0001 1666769907185944 13.0 -66.0 5.154175447295755 0 
0011 0009 1666769907421218 1.25 -78.5 5.473243451175968 0 
0011 0015 1666769907447568 -48.0 -66.5 3.877903431774901 0 
0011 0006 1666769907448479 30.0625 -57.0 1.6321555583103222 0 
0011 0008 1666769907450116 -208.3125 -70.0 5.485515297479052 0 
0011 0012 1666769907453110 -26.0 -53.5 5.577554144752192 0 
0011 0013 1666769907454021 -13.0 -58.0 5.141903600992669 0 
0011 0011 1666769907454932 17.0625 -55.5 4.663301595172349 0 
0011 0010 1666769907456140 26.0 -58.0 4.147884050442774 0 
0011 0003 1666769907459945 -178.1875 -72.0 0.04908738521234052 0 
0011 0001 1666769907461210 -65.0625 -67.0 5.356660911296659 0 
0011 0014 1666769907462376 -48.0 -59.5 0.8651651643675016 0 
0011 0004 1666769907463658 82.1875 -64.5 3.56497135104623 0 
0011 0007 1666769907464527 65.0625 -70.0 1.4051264017032472 0 
0011 0009 1666769907510477 -11.4375 -79.0 2.5770877236478773 0 
0011 0011 1666769907565097 -8.9375 -55.5 4.693981210930062 0 
0011 0013 1666769907567118 -13.0 -58.0 5.184855063053467 0 
0011 0015 1666769907568031 -87.0625 -65.5 3.9453985864418692 0 
0011 0001 1666769907568983 -34.9375 -66.5 5.270757987175063 0 
0011 0012 1666769907570376 -17.0625 -53.5 5.565282298449106 0 
0011 0007 1666769907571260 13.0 -68.5 1.4603497100671303 0 
0011 0004 1666769907572913 39.0 -65.0 3.6079228131070282 0 
0011 0006 1666769907574361 -34.9375 -57.5 1.7119225592803755 0 
0011 0008 1666769907575856 52.0625 -68.0 5.295301679781233 0 
0011 0010 1666769907576779 -17.0625 -58.5 4.221515128261284 0 
0011 0014 1666769907578173 39.0 -59.5 0.7731263170943632 0 
0011 0003 1666769907579275 -182.25 -71.0 0.0859029241215959 0 
0011 0009 1666769907622619 -6.5 -79.5 5.767767762450011 0 
0011 0013 1666769907679983 -48.0 -58.0 5.209398755659637 0 
0011 0004 1666769907680852 48.0 -65.5 3.54042765844006 0 
0011 0014 1666769907683537 39.0 -59.5 0.7853981633974483 0 
0011 0006 1666769907684448 13.0 -57.5 1.6260196351587797 0 
0011 0011 1666769907685332 -43.125 -55.5 4.73693267299086 0 
0011 0010 1666769907686243 -34.9375 -58.5 4.227651051412827 0 
0011 0003 1666769907687126 4.0625 -72.0 6.209554229361076 0 
0011 0007 1666769907687973 182.25 -68.5 1.2517283229146832 0 
0011 0012 1666769907690118 -26.0 -53.5 5.583690067903734 0 
0011 0001 1666769907691073 65.0625 -66.5 5.264622064023521 0 
0011 0015 1666769907693093 -30.0625 -65.5 3.9147189706841563 0 
0011 0008 1666769907694613 61.0 -68.0 5.227806525114265 0 
0011 0009 1666769907746634 13.375 -79.0 5.5714182216006485 0 
0011 0006 1666769907797176 13.0 -57.5 1.6321555583103222 0 
0011 0011 1666769907798272 -39.0 -55.5 4.724660826687775 0 
0011 0008 1666769907799426 -195.25 -68.5 5.50392306693368 0 
0011 0014 1666769907800349 21.9375 -59.0 0.8344855486097889 0 
0011 0003 1666769907801280 39.0 -72.5 6.117515382087937 0 
0011 0004 1666769907804561 -78.0625 -64.5 3.718369429834794 0 
0011 0007 1666769907805444 61.0 -69.5 1.4910293258248433 0 
0011 0013 1666769907806526 -108.1875 -57.5 5.307573526084319 0 
0011 0015 1666769907808172 -56.125 -66.0 4.01902966426038 0 
0011 0012 1666769907810018 -26.0 -53.0 5.553010452146021 0 
0011 0010 1666769907810929 30.0625 -58.0 4.190835512503572 0 
0011 0001 1666769907814916 -21.9375 -66.5 5.356660911296659 0 
0011 0009 1666769907834687 -3.1875 -78.0 5.737088146692298 0 
0011 0013 1666769907913719 13.0 -58.0 5.117359908386499 0 
0011 0015 1666769907915112 -13.0 -66.0 3.8840393549264434 0 
0011 0004 1666769907916507 56.125 -64.5 3.552699504743145 0 
0011 0011 1666769907917390 -26.0 -55.5 4.706253057233147 0 
0011 0008 1666769907919038 -82.1875 -69.5 5.534602682691394 0 
0011 0007 1666769907920007 21.9375 -69.5 1.5892040962495242 0 
0011 0003 1666769907921193 104.125 -72.5 5.970253226450915 0 
0011 0012 1666769907922329 -39.0 -53.5 5.553010452146021 0 
0011 0001 1666769907923692 -8.9375 -67.0 5.332117218690489 0 
0011 0014 1666769907924847 26.0 -59.0 0.8713010875190442 0 
0011 0006 1666769907926013 -13.0 -57.5 1.662835174068035 0 
0011 0010 1666769907927660 -17.0625 -58.0 4.276738436625168 0 
0011 0009 1666769907953470 8.0625 -78.0 5.724816300389213 0 
0011 0011 1666769908026962 -13.0 -55.0 4.693981210930062 0 
0011 0012 1666769908027903 -43.125 -53.5 5.577554144752192 0 
0011 0004 1666769908029070 -17.0625 -64.5 3.6386024288647407 0 
0011 0010 1666769908032059 0.0 -58.0 4.264466590322082 0 
0011 0008 1666769908033670 -56.125 -69.5 5.5100589900852235 0 
0011 0013 1666769908034583 -65.0625 -57.5 5.184855063053467 0 
0011 0006 1666769908035452 30.0625 -57.5 1.6137477888556946 0 
0011 0007 1666769908036357 191.1875 -70.0 1.3069516312785663 0 
0011 0014 1666769908037762 4.0625 -59.0 0.9019807032767571 0 
0011 0015 1666769908038675 87.0625 -65.5 3.706097583531709 0 
0011 0003 1666769908039820 108.1875 -72.0 5.939573610693203 0 
0011 0001 1666769908042645 100.0625 -67.0 5.240078371417351 0 
0011 0009 1666769908067352 49.5625 -77.5 5.50392306693368 0 
0011 0007 1666769908140442 30.0625 -69.5 1.41126232485479 0 
0011 0008 1666769908141354 52.0625 -68.5 5.559146375297564 0 
0011 0006 1666769908142264 13.0 -57.5 1.5830681730979816 0 
0011 0012 1666769908143386 -17.0625 -53.5 5.534602682691394 0 
0011 0010 1666769908146218 0.0 -58.0 4.301282129231338 0 
0011 0014 1666769908147120 -4.0625 -59.0 0.9265243958829272 0 
0011 0011 1666769908148092 -82.1875 -55.5 4.76147636559703 0 
0011 0013 1666769908149484 -21.9375 -57.5 5.178719139901925 0 
0011 0015 1666769908150667 -26.0 -65.5 3.834951969714103 0 
0011 0004 1666769908152258 8.9375 -65.0 3.6386024288647407 0 
0011 0001 1666769908153611 -34.9375 -66.5 5.3627968344482015 0 
0011 0003 1666769908157661 -74.0 -72.5 6.166602767300278 0 
0011 0009 1666769908186176 8.0625 -77.5 5.755495916146925 0 
0011 0003 1666769908256413 113.0625 -72.0 6.000932842208628 0 
0011 0008 1666769908257306 -4.0625 -68.0 5.442563835418255 0 
0011 0006 1666769908258661 78.0625 -57.5 1.533980787885641 0 
0011 0014 1666769908259784 21.9375 -59.0 0.8713010875190442 0 
0011 0012 1666769908261180 -69.125 -53.5 5.602097837358362 0 
0011 0015 1666769908262104 -95.1875 -65.0 3.865631585471816 0 
0011 0011 1666769908263257 -13.0 -55.5 4.706253057233147 0 
0011 0007 1666769908265363 43.125 -70.0 1.4848934026733007 0 
0011 0004 1666769908266246 17.0625 -64.5 3.6263305825616556 0 
0011 0001 1666769908268121 -39.0 -67.0 5.301437602932776 0 
0011 0010 1666769908271129 -56.125 -58.5 4.319689898685965 0 
0011 0013 1666769908272892 -26.0 -57.5 5.184855063053467 0 
0011 0009 1666769908293791 23.625 -78.0 5.835262917116979 0 
0011 0008 1666769908369263 -34.9375 -68.0 5.4671075280244255 0 
0011 0015 1666769908371543 -134.25 -66.0 3.9699422790480394 0 
0011 0001 1666769908372396 -91.125 -67.0 5.405748296509 0 
0011 0004 1666769908373324 -34.9375 -65.0 3.5956509668039427 0 
0011 0011 1666769908374488 -4.0625 -55.0 4.700117134081604 0 
0011 0012 1666769908376125 -21.9375 -53.5 5.559146375297564 0 
0011 0007 1666769908378058 -8.9375 -69.0 1.4787574795217582 0 
0011 0013 1666769908379354 -8.9375 -57.5 5.123495831538041 0 
0011 0006 1666769908380255 78.0625 -57.5 1.5401167110371838 0 
0011 0010 1666769908382534 8.9375 -58.0 4.270602513473625 0 
0011 0014 1666769908383745 13.0 -59.0 0.9081166264282996 0 
0011 0003 1666769908385314 13.0 -72.0 6.166602767300278 0 
0011 0009 1666769908410351 7.3125 -78.0 2.5893595699509624 0 
0011 0006 1666769908481239 -17.0625 -57.5 1.6689710972195777 0 
0011 0011 1666769908482506 -30.0625 -55.0 4.743068596142402 0 
0011 0013 1666769908483673 -56.125 -58.0 5.190990986205009 0 
0011 0004 1666769908484627 -4.0625 -65.0 3.6386024288647407 0 
0011 0012 1666769908486293 -43.125 -53.5 5.583690067903734 0 
0011 0015 1666769908487204 21.9375 -66.0 3.773592738198677 0 
0011 0014 1666769908488342 4.0625 -59.0 0.8958447801252144 0 
0011 0010 1666769908489282 -48.0 -58.0 4.313553975534423 0 
0011 0007 1666769908493115 -108.1875 -69.5 1.6321555583103222 0 
0011 0008 1666769908494476 -65.0625 -68.5 5.497787143782138 0 
0011 0001 1666769908495387 -147.25 -66.5 5.368932757599744 0 
0011 0003 1666769908496542 126.125 -71.0 5.915029918087033 0 
0011 0009 1666769908515408 -2.4375 -77.5 5.773903685601553 0 
0011 0006 1666769908590593 13.0 -57.5 1.6444274046134073 0 
0011 0014 1666769908591489 8.9375 -59.5 0.8283496254582462 0 
0011 0004 1666769908592858 -26.0 -64.5 3.6570101983193686 0 
0011 0013 1666769908593768 17.0625 -57.5 5.111223985234957 0 
0011 0011 1666769908594663 -8.9375 -55.0 4.749204519293945 0 
0011 0007 1666769908597040 -208.3125 -70.5 1.6260196351587797 0 
0011 0008 1666769908599397 -273.375 -69.0 5.583690067903734 0 
0011 0010 1666769908600391 -26.0 -58.5 4.3074180523828804 0 
0011 0015 1666769908601994 21.9375 -67.0 3.77972866135022 0 
0011 0012 1666769908603614 -43.125 -53.5 5.577554144752192 0 
0011 0001 1666769908605151 108.1875 -67.5 5.166447293598839 0 
0011 0003 1666769908607710 -169.25 -72.0 0.02454369260617026 0 
0011 0009 1666769908629647 33.375 -78.0 5.50392306693368 0 
0011 0001 1666769908703546 -69.125 -67.0 5.166447293598839 0 
0011 0015 1666769908704456 -61.0 -67.0 4.000621894805752 0 
0011 0012 1666769908705637 -26.0 -53.5 5.546874528994478 0 
0011 0011 1666769908706803 -17.0625 -55.0 4.767612288748572 0 
0011 0013 1666769908709176 17.0625 -57.5 5.129631754689584 0 
0011 0014 1666769908710585 -34.9375 -59.0 0.9081166264282996 0 
0011 0008 1666769908711720 -4.0625 -69.5 5.405748296509 0 
0011 0007 1666769908712663 43.125 -69.5 1.4296700943094176 0 
0011 0003 1666769908715278 -147.25 -71.0 6.258641614573416 0 
0011 0004 1666769908717735 -26.0 -65.5 3.6386024288647407 0 
0011 0010 1666769908719283 -13.0 -58.0 4.264466590322082 0 
0011 0006 1666769908720787 -4.0625 -57.5 1.6382914814618648 0 
0011 0009 1666769908746172 0.0 -77.5 2.5157284921324514 0 
0011 0015 1666769908820762 8.9375 -66.0 3.902447124381071 0 
0011 0007 1666769908823099 -52.0625 -69.5 1.521708941582556 0 
0011 0001 1666769908824265 -52.0625 -67.0 5.184855063053467 0 
0011 0011 1666769908826976 8.9375 -55.0 4.76147636559703 0 
0011 0004 1666769908827864 -52.0625 -64.5 3.6754179677739964 0 
0011 0010 1666769908828757 4.0625 -58.5 4.276738436625168 0 
0011 0008 1666769908829657 -34.9375 -69.5 5.221670601962723 0 
0011 0012 1666769908831527 -34.9375 -53.0 5.589825991055276 0 
0011 0006 1666769908832439 -13.0 -57.5 1.6505633277649499 0 
0011 0013 1666769908833395 30.0625 -57.5 5.074408446325701 0 
0011 0014 1666769908834703 4.0625 -59.5 0.8222137023067037 0 
0011 0003 1666769908839503 -74.0 -71.0 5.945709533844745 0 
0011 0009 1666769908860251 -26.0625 -78.0 5.841398840268521 0 
0011 0001 1666769908942551 78.0625 -67.0 5.105088062083414 0 
0011 0012 1666769908944439 -21.9375 -53.5 5.577554144752192 0 
0011 0006 1666769908945381 34.9375 -57.5 1.6137477888556946 0 
0011 0010 1666769908946291 34.9375 -58.5 4.178563666200486 0 
0011 0013 1666769908947655 -13.0 -57.5 5.129631754689584 0 
0011 0015 1666769908949008 -277.4375 -66.5 4.135612204139688 0 
0011 0011 1666769908950144 -56.125 -55.5 4.822835597112456 0 
0011 0008 1666769908951084 -91.125 -69.5 5.350524988145116 0 
0011 0014 1666769908953428 30.0625 -59.0 0.7792622402459057 0 
0011 0007 1666769908959410 -21.9375 -69.0 1.5830681730979816 0 
0011 0004 1666769908960364 -21.9375 -64.5 3.6876898140770815 0 
0011 0003 1666769908962826 -208.3125 -72.0 0.01227184630308513 0 
0011 0009 1666769908979838 -10.5 -78.0 2.6445828783148455 0 
0011 0015 1666769909056762 -104.125 -67.0 3.9638063558964967 0 
0011 0007 1666769909057662 34.9375 -69.5 1.4480778637640452 0 
0011 0013 1666769909059553 -65.0625 -57.5 5.184855063053467 0 
0011 0004 1666769909062448 -4.0625 -65.0 3.6999616603801666 0 
0011 0010 1666769909063744 -78.0625 -58.5 4.295146206079795 0 
0011 0001 1666769909065325 0.0 -66.5 5.154175447295755 0 
0011 0011 1666769909066665 -39.0 -55.5 4.767612288748572 0 
0011 0003 1666769909067822 113.0625 -71.5 6.129787228391022 0 
0011 0006 1666769909069711 -43.125 -57.5 1.7548740213411735 0 
0011 0012 1666769909070876 -48.0 -53.5 5.6143696836614465 0 
0011 0014 1666769909072095 -8.9375 -59.5 0.8283496254582462 0 
0011 0008 1666769909075326 -347.4375 -68.5 5.546874528994478 0 
0011 0009 1666769909104406 51.25 -79.0 5.798447378207723 0 
0011 0008 1666769909174784 -182.25 -69.0 5.577554144752192 0 
0011 0007 1666769909175894 -195.25 -69.5 1.7119225592803755 0 
0011 0015 1666769909177555 65.0625 -67.0 3.834951969714103 0 
0011 0006 1666769909180295 4.0625 -57.5 1.6812429435226628 0 
0011 0011 1666769909181178 4.0625 -55.5 4.71238898038469 0 
0011 0013 1666769909182121 -48.0 -57.5 5.197126909356553 0 
0011 0014 1666769909183442 39.0 -59.5 0.7853981633974483 0 
0011 0003 1666769909184400 43.125 -70.5 5.988660995905543 0 
0011 0012 1666769909185366 -4.0625 -53.5 5.5714182216006485 0 
0011 0001 1666769909186308 -61.0 -67.0 5.197126909356553 0 
0011 0010 1666769909188567 -48.0 -58.5 4.28287435977671 0 
0011 0004 1666769909190363 134.25 -64.5 3.6140587362585705 0 
0011 0009 1666769909219644 -3.1875 -78.0 5.553010452146021 0 
0011 0014 1666769909289948 17.0625 -59.5 0.8160777791551611 0 
0011 0011 1666769909291312 -21.9375 -55.5 4.749204519293945 0 
0011 0012 1666769909293629 -30.0625 -53.0 5.595961914206819 0 
0011 0013 1666769909294895 8.9375 -57.5 5.092816215780329 0 
0011 0006 1666769909295836 4.0625 -57.5 1.6689710972195777 0 
0011 0004 1666769909296992 -17.0625 -64.5 3.650874275167826 0 
0011 0001 1666769909297904 -43.125 -66.0 5.074408446325701 0 
0011 0010 1666769909298829 -48.0 -58.5 4.264466590322082 0 
0011 0008 1666769909299981 -39.0 -69.0 5.399612373357457 0 
0011 0015 1666769909300949 -26.0 -66.5 3.9269908169872414 0 
0011 0007 1666769909302714 130.1875 -70.0 1.3008157081270237 0 
0011 0003 1666769909304437 -117.125 -71.5 6.209554229361076 0 
0011 0009 1666769909333890 64.1875 -78.0 2.2948352586769194 0 
0011 0013 1666769909401893 -61.0 -57.5 5.190990986205009 0 
0011 0010 1666769909404079 -43.125 -58.5 4.264466590322082 0 
0011 0001 1666769909404930 -8.9375 -67.0 5.123495831538041 0 
0011 0011 1666769909405829 -34.9375 -55.5 4.773748211900116 0 
0011 0006 1666769909407164 -17.0625 -57.5 1.662835174068035 0 
0011 0003 1666769909408079 21.9375 -72.0 5.859806609723149 0 
0011 0014 1666769909409276 -34.9375 -59.5 0.8283496254582462 0 
0011 0008 1666769909410173 -61.0 -70.0 5.2339424482658075 0 
0011 0012 1666769909411580 -21.9375 -53.5 5.608233760509904 0 
0011 0015 1666769909413578 -91.125 -67.0 3.988350048502667 0 
0011 0004 1666769909414490 -30.0625 -64.5 3.6386024288647407 0 
0011 0007 1666769909416364 4.0625 -69.5 1.3499030933393643 0 
0011 0009 1666769909444619 -4.875 -78.0 2.423689644859313 0 
0011 0001 1666769909514854 48.0 -67.0 5.086680292628786 0 
0011 0006 1666769909515779 -4.0625 -58.0 1.6382914814618648 0 
0011 0014 1666769909516933 -21.9375 -59.0 0.859029241215959 0 
0011 0011 1666769909517867 0.0 -55.5 4.6878452877785195 0 
0011 0007 1666769909521109 -8.9375 -69.5 1.4296700943094176 0 
0011 0012 1666769909522277 -21.9375 -53.0 5.602097837358362 0 
0011 0013 1666769909523653 -4.0625 -57.5 5.141903600992669 0 
0011 0010 1666769909525598 8.9375 -58.0 4.178563666200486 0 
0011 0004 1666769909526738 -17.0625 -64.0 3.5588354278946874 0 
0011 0008 1666769909528954 26.0 -70.5 5.062136600022616 0 
0011 0015 1666769909530447 39.0 -66.0 3.8410878928656453 0 
0011 0003 1666769909534198 165.1875 -71.5 5.810719224510809 0 
0011 0009 1666769909553064 -0.75 -78.0 2.5157284921324514 0 
