0011 0006 1666772666085746 -48.0 -63.5 2.227340104009951 5 
0011 0015 1666772666086812 4.0625 -63.5 0.30679615757712825 5 
0011 0014 1666772666088166 -39.0 -68.5 2.675262494072558 5 
0011 0000 1666772666089548 26.0 -60.5 2.030990563160589 5 
0011 0007 1666772666091199 -121.25 -66.0 4.264466590322082 5 
0011 0010 1666772666092392 -74.0 -58.0 5.589825991055276 5 
0011 0004 1666772666094169 8.9375 -65.0 0.8713010875190442 5 
0011 0009 1666772666095339 -17.0625 -62.5 4.246058820867455 5 
0011 0012 1666772666096264 4.0625 -61.5 5.111223985234957 5 
0011 0011 1666772666097433 34.9375 -60.0 3.6999616603801666 5 
0011 0008 1666772666098571 -13.0 -64.0 0.11044661672776616 5 
0011 0013 1666772666100987 -191.1875 -69.5 5.160311370447297 5 
0011 0002 1666772666125295 7.3125 -76.0 1.0492428589137786 5 
0011 0014 1666772666204037 160.3125 -68.5 2.4727770300716534 5 
0011 0000 1666772666204950 -8.9375 -61.5 2.067806102069844 5 
0011 0012 1666772666206416 21.9375 -62.0 5.0682725231741586 5 
0011 0013 1666772666208392 169.25 -70.5 4.798291904506286 5 
0011 0008 1666772666209389 43.125 -65.0 0.12885438618239387 5 
0011 0006 1666772666210288 191.1875 -63.5 1.9573594853420782 5 
0011 0010 1666772666211663 17.0625 -58.5 5.47937937432751 5 
0011 0015 1666772666212559 -39.0 -64.0 0.3374757733348411 5 
0011 0009 1666772666213599 56.125 -63.5 4.154019973594316 5 
0011 0011 1666772666214723 43.125 -59.5 3.706097583531709 5 
0011 0004 1666772666216147 -61.0 -64.5 0.8835729338221293 5 
0011 0007 1666772666218169 -61.0 -66.0 4.166291819897402 5 
0011 0002 1666772666238157 4.0625 -76.0 4.172427743048944 5 
0011 0006 1666772666320123 69.125 -64.0 2.061670178918302 5 
0011 0015 1666772666321457 34.9375 -64.5 0.2761165418194154 5 
0011 0007 1666772666323464 -26.0 -65.5 4.264466590322082 5 
0011 0010 1666772666324357 8.9375 -58.5 5.485515297479052 5 
0011 0012 1666772666325300 48.0 -62.0 5.086680292628786 5 
0011 0013 1666772666326199 -403.625 -70.0 5.1725832167503825 5 
0011 0008 1666772666327577 -74.0 -65.0 0.2270291566070749 5 
0011 0000 1666772666329286 -8.9375 -61.5 1.9941750242513334 5 
0011 0009 1666772666330200 21.9375 -63.5 4.2031073588066565 5 
0011 0011 1666772666331696 26.0 -60.0 3.724505352986337 5 
0011 0004 1666772666332609 -52.0625 -65.0 0.9387962421860124 5 
0011 0014 1666772666334273 113.0625 -70.0 2.5157284921324514 5 
0011 0002 1666772666362554 6.5 -76.0 0.9878836273983529 5 
0011 0014 1666772666438961 113.0625 -69.5 2.552544031041707 5 
0011 0008 1666772666441176 -4.0625 -64.0 0.1227184630308513 5 
0011 0006 1666772666442316 -91.125 -63.5 2.2580197197676637 5 
0011 0000 1666772666443245 78.0625 -61.0 1.8960002538266525 5 
0011 0013 1666772666444384 -186.3125 -70.5 5.092816215780329 5 
0011 0010 1666772666445321 -56.125 -58.0 5.5714182216006485 5 
0011 0009 1666772666447011 -8.9375 -63.5 4.239922897715912 5 
0011 0004 1666772666448194 -4.0625 -64.5 0.9019807032767571 5 
0011 0011 1666772666449702 4.0625 -59.5 3.7429131224409646 5 
0011 0012 1666772666451282 -56.125 -62.0 5.190990986205009 5 
0011 0007 1666772666452225 34.9375 -66.0 4.135612204139688 5 
0011 0015 1666772666453363 -56.125 -63.5 0.35588354278946877 5 
0011 0002 1666772666476828 17.0625 -76.0 0.9510680884890975 5 
0011 0011 1666772666558690 -21.9375 -60.0 3.749049045592507 5 
0011 0006 1666772666560243 121.25 -64.0 2.098485717827557 5 
0011 0007 1666772666561142 -34.9375 -66.0 4.2092432819582 5 
0011 0008 1666772666562056 69.125 -65.0 0.06135923151542565 5 
0011 0010 1666772666563221 -78.0625 -58.5 5.589825991055276 5 
0011 0004 1666772666564853 -39.0 -64.5 0.9265243958829272 5 
0011 0000 1666772666566717 34.9375 -61.5 1.8714565612204823 5 
0011 0015 1666772666568547 -43.125 -63.5 0.2761165418194154 5 
0011 0014 1666772666570779 316.5 -69.5 2.2641556429192065 5 
0011 0009 1666772666572286 -34.9375 -63.5 4.28287435977671 5 
0011 0012 1666772666573226 -48.0 -62.0 5.141903600992669 5 
0011 0013 1666772666574140 -217.25 -71.0 5.074408446325701 5 
0011 0002 1666772666598227 -8.0625 -75.5 4.1172044346850605 5 
0011 0013 1666772666682267 48.0 -69.0 4.8351074434155406 5 
0011 0000 1666772666683295 4.0625 -62.5 1.9389517158874505 5 
0011 0004 1666772666684209 39.0 -64.5 0.9265243958829272 5 
0011 0006 1666772666685334 26.0 -64.0 2.1475731030398975 5 
0011 0011 1666772666686226 0.0 -59.5 3.730641276137879 5 
0011 0015 1666772666687950 -17.0625 -63.5 0.3313398501832985 5 
0011 0010 1666772666688859 4.0625 -58.5 5.485515297479052 5 
0011 0009 1666772666690467 -21.9375 -63.0 4.166291819897402 5 
0011 0012 1666772666691579 -69.125 -62.5 5.258486140871978 5 
0011 0008 1666772666692592 21.9375 -64.5 0.05522330836388308 5 
0011 0007 1666772666695221 -21.9375 -65.5 4.246058820867455 5 
0011 0014 1666772666696548 26.0 -69.0 2.6813984172241008 5 
0011 0002 1666772666732005 -18.75 -76.5 4.123340357836604 5 
0011 0014 1666772666811738 178.1875 -69.0 2.3623304133438876 5 
0011 0008 1666772666812650 -91.125 -65.0 0.25157284921324513 5 
0011 0004 1666772666814400 -17.0625 -65.5 0.9203884727313847 5 
0011 0012 1666772666815540 -30.0625 -62.5 5.160311370447297 5 
0011 0010 1666772666818279 -65.0625 -58.5 5.5714182216006485 5 
0011 0011 1666772666819275 -13.0 -59.5 3.749049045592507 5 
0011 0000 1666772666820517 -87.0625 -62.0 2.12916533358527 5 
0011 0006 1666772666821417 147.25 -64.0 2.116893487282185 5 
0011 0009 1666772666822726 95.1875 -63.0 4.1601558967458585 5 
0011 0015 1666772666823608 -56.125 -63.5 0.36815538909255385 5 
0011 0007 1666772666824989 -34.9375 -66.0 4.239922897715912 5 
0011 0013 1666772666827411 -251.4375 -70.5 5.117359908386499 5 
0011 0002 1666772666854337 -10.5 -76.0 1.0185632431560658 5 
0011 0013 1666772666932116 -30.0625 -70.5 4.95168998329485 5 
0011 0008 1666772666933254 -61.0 -64.5 0.2638446955163303 5 
0011 0004 1666772666934876 -34.9375 -65.0 0.9940195505498954 5 
0011 0010 1666772666935829 -26.0 -58.0 5.608233760509904 5 
0011 0006 1666772666937464 43.125 -64.0 2.2396119503130363 5 
0011 0007 1666772666938603 56.125 -65.5 4.111068511533518 5 
0011 0011 1666772666939524 0.0 -60.0 3.773592738198677 5 
0011 0009 1666772666940668 -30.0625 -62.5 4.313553975534423 5 
0011 0000 1666772666942021 -8.9375 -62.0 2.0371264863121317 5 
0011 0015 1666772666944643 4.0625 -63.5 0.30679615757712825 5 
0011 0012 1666772666946040 -113.0625 -63.0 5.332117218690489 5 
0011 0014 1666772666950687 -43.125 -68.5 2.6568547246179306 5 
0011 0002 1666772666972599 -18.75 -75.5 4.344233591292136 5 
0011 0012 1666772667051265 -21.9375 -62.5 5.221670601962723 5 
0011 0004 1666772667053354 39.0 -65.5 1.0062913968529805 5 
0011 0013 1666772667055189 -74.0 -71.0 5.086680292628786 5 
0011 0011 1666772667056088 52.0625 -59.5 3.810408277107933 5 
0011 0014 1666772667057000 87.0625 -68.5 2.5464081078901644 5 
0011 0009 1666772667057891 0.0 -63.0 4.3074180523828804 5 
0011 0000 1666772667058811 104.125 -62.0 2.030990563160589 5 
0011 0010 1666772667059718 -21.9375 -58.5 5.565282298449106 5 
0011 0015 1666772667060654 0.0 -64.0 0.34974761963792617 5 
0011 0007 1666772667061614 -21.9375 -66.0 4.301282129231338 5 
0011 0006 1666772667062598 21.9375 -63.5 2.3193789512830896 5 
0011 0008 1666772667063441 43.125 -64.5 0.1349903093339364 5 
0011 0002 1666772667092307 0.0 -76.0 4.123340357836604 5 
0011 0010 1666772667167065 -100.0625 -58.0 5.743224069843841 5 
0011 0007 1666772667167995 238.4375 -66.0 3.847223816017188 5 
0011 0012 1666772667168905 -61.0 -62.5 5.307573526084319 5 
0011 0015 1666772667171260 -8.9375 -63.5 0.3620194659410113 5 
0011 0000 1666772667172871 -34.9375 -62.5 2.270291566070749 5 
0011 0009 1666772667174294 -78.0625 -63.0 4.3933209765044765 5 
0011 0011 1666772667175755 -30.0625 -60.0 3.890175278077986 5 
0011 0006 1666772667176923 61.0 -64.0 2.2764274892222915 5 
0011 0004 1666772667179308 -21.9375 -65.0 1.0799224746714913 5 
0011 0014 1666772667182110 -30.0625 -69.0 2.779573187648782 5 
0011 0013 1666772667182981 -173.3125 -71.5 5.227806525114265 5 
0011 0008 1666772667184375 52.0625 -64.5 0.20248546400090464 5 
0011 0002 1666772667213259 3.1875 -75.5 4.3503695144436785 5 
0011 0013 1666772667292832 21.9375 -71.0 5.013049214810275 5 
0011 0007 1666772667293970 -4.0625 -66.5 4.2031073588066565 5 
0011 0011 1666772667295394 -21.9375 -60.0 3.865631585471816 5 
0011 0000 1666772667296565 -39.0 -62.0 2.2580197197676637 5 
0011 0014 1666772667297745 13.0 -68.0 2.6998061866787286 5 
0011 0010 1666772667299872 -4.0625 -58.5 5.675728915176872 5 
0011 0004 1666772667302588 8.9375 -65.5 1.1965050145508 5 
0011 0006 1666772667303500 -8.9375 -63.5 2.380738182798515 5 
0011 0012 1666772667306004 -48.0 -62.5 5.289165756629691 5 
0011 0008 1666772667307751 -30.0625 -65.5 0.35588354278946877 5 
0011 0015 1666772667309551 26.0 -63.5 0.3129320807286708 5 
0011 0009 1666772667310430 0.0 -62.5 4.374913207049849 5 
0011 0002 1666772667311872 -225.375 -75.0 4.368777283898306 5 
0011 0006 1666772667408729 21.9375 -64.5 2.3746022596469727 5 
0011 0010 1666772667410443 39.0 -58.0 5.651185222570702 5 
0011 0013 1666772667411371 -65.0625 -70.5 4.994641445355648 5 
0011 0008 1666772667412283 113.0625 -65.5 0.21475731030398976 5 
0011 0007 1666772667413466 113.0625 -65.5 4.080388895775806 5 
0011 0011 1666772667416503 17.0625 -60.5 3.865631585471816 5 
0011 0000 1666772667417659 4.0625 -62.0 2.1966604882522383 5 
0011 0015 1666772667419506 -39.0 -63.5 0.4724660826687775 5 
0011 0012 1666772667423465 -78.0625 -62.5 5.338253141842031 5 
0011 0009 1666772667424458 0.0 -63.0 4.356505437595221 5 
0011 0014 1666772667425574 -87.0625 -67.5 2.6691265709210157 5 
0011 0004 1666772667427511 13.0 -64.5 1.086058397823034 5 
0011 0002 1666772667451917 7.3125 -75.0 1.1351457830353744 5 
0011 0000 1666772667530399 -8.9375 -62.0 2.1905245651006955 5 
0011 0008 1666772667534033 -43.125 -64.5 0.3436116964863836 5 
0011 0007 1666772667536162 95.1875 -66.0 4.111068511533518 5 
0011 0009 1666772667537061 -39.0 -63.0 4.399456899656019 5 
0011 0010 1666772667537901 -100.0625 -58.5 5.853670686571607 5 
0011 0014 1666772667540007 -143.1875 -68.0 2.8777479580734626 5 
0011 0011 1666772667541129 13.0 -60.0 3.816544200259475 5 
0011 0006 1666772667542313 78.0625 -64.5 2.405281875404685 5 
0011 0015 1666772667543251 -17.0625 -63.0 0.42337869745643697 5 
0011 0004 1666772667544122 -21.9375 -65.0 1.184233168247715 5 
0011 0013 1666772667545152 -360.5 -71.5 5.418020142812084 5 
0011 0012 1666772667547739 52.0625 -62.0 5.154175447295755 5 
0011 0002 1666772667559660 -15.0 -74.5 4.344233591292136 5 
0011 0004 1666772667647912 -82.1875 -65.0 1.2701360923693108 5 
0011 0006 1666772667649010 21.9375 -64.0 2.435961491162398 5 
0011 0008 1666772667650885 13.0 -65.0 0.2699806186678728 5 
0011 0011 1666772667652308 26.0 -60.0 3.834951969714103 5 
0011 0015 1666772667653189 -61.0 -63.0 0.42337869745643697 5 
0011 0013 1666772667654162 186.3125 -71.0 4.859651136021712 5 
0011 0000 1666772667655346 34.9375 -62.5 2.1659808724945253 5 
0011 0010 1666772667656937 -43.125 -58.0 5.798447378207723 5 
0011 0012 1666772667658035 -52.0625 -62.0 5.3198453723874035 5 
0011 0009 1666772667659712 -4.0625 -62.0 4.362641360746763 5 
0011 0007 1666772667661578 69.125 -66.0 4.178563666200486 5 
0011 0014 1666772667663060 -65.0625 -68.5 2.779573187648782 5 
0011 0002 1666772667691966 9.0 -75.0 1.2026409377023426 5 
0011 0015 1666772667772979 -21.9375 -63.5 0.4049709280018093 5 
0011 0011 1666772667773878 87.0625 -60.0 3.749049045592507 5 
0011 0000 1666772667775858 -30.0625 -62.5 2.2457478734645786 5 
0011 0010 1666772667776754 17.0625 -58.5 5.730952223540755 5 
0011 0004 1666772667777922 -21.9375 -64.5 1.2333205534600555 5 
0011 0008 1666772667779062 -30.0625 -65.5 0.3988350048502667 5 
0011 0006 1666772667780006 52.0625 -64.0 2.466641106920111 5 
0011 0014 1666772667781186 78.0625 -68.5 2.60776733940559 5 
0011 0007 1666772667782127 -4.0625 -66.5 4.331961744989051 5 
0011 0012 1666772667784077 -121.25 -62.5 5.399612373357457 5 
0011 0013 1666772667784963 -221.3125 -70.0 5.111223985234957 5 
0011 0009 1666772667787121 21.9375 -62.5 4.325825821837508 5 
0011 0002 1666772667801739 -70.375 -74.0 4.368777283898306 5 
0011 0012 1666772667890997 21.9375 -62.5 5.209398755659637 5 
0011 0008 1666772667892294 -34.9375 -65.0 0.36815538909255385 5 
0011 0004 1666772667893192 -30.0625 -64.5 1.2946797849754812 5 
0011 0009 1666772667894359 39.0 -62.0 4.28287435977671 5 
0011 0000 1666772667895487 82.1875 -63.0 2.1966604882522383 5 
0011 0010 1666772667896441 -30.0625 -58.5 5.786175531904639 5 
0011 0011 1666772667897644 69.125 -60.5 3.7429131224409646 5 
0011 0013 1666772667898518 169.25 -71.0 4.9394181369917645 5 
0011 0006 1666772667899878 0.0 -64.0 2.454369260617026 5 
0011 0014 1666772667902187 65.0625 -68.0 2.478912953223196 5 
0011 0007 1666772667903172 -56.125 -66.0 4.319689898685965 5 
0011 0015 1666772667904305 0.0 -64.0 0.37429131224409645 5 
0011 0002 1666772667956460 11.4375 -75.5 4.411728745959104 5 
0011 0014 1666772668044097 34.9375 -69.0 2.6384469551633027 5 
0011 0012 1666772668045009 13.0 -62.5 5.190990986205009 5 
0011 0006 1666772668045922 69.125 -64.0 2.442097414313941 5 
0011 0008 1666772668048489 -91.125 -66.0 0.619728238305799 5 
0011 0000 1666772668049661 104.125 -63.0 2.1782527187976104 5 
0011 0007 1666772668051652 39.0 -66.0 4.184699589352029 5 
0011 0010 1666772668052592 -65.0625 -58.0 5.792311455056181 5 
0011 0002 1666772668053549 -160.3125 -73.0 4.595806440505381 5 
0011 0011 1666772668054445 -56.125 -60.5 3.847223816017188 5 
0011 0009 1666772668056082 56.125 -62.0 4.374913207049849 5 
0011 0004 1666772668057108 -13.0 -64.0 1.1535535524900022 5 
0011 0015 1666772668058035 -43.125 -64.0 0.39269908169872414 5 
0011 0013 1666772668059189 -143.1875 -70.0 5.043728830567988 5 
0011 0011 1666772668157274 -26.0 -60.0 3.834951969714103 5 
0011 0004 1666772668158216 -69.125 -65.0 1.2087768608538851 5 
0011 0000 1666772668159628 -91.125 -63.5 2.380738182798515 5 
0011 0006 1666772668161234 8.9375 -64.0 2.5034566458293663 5 
0011 0012 1666772668162837 0.0 -62.0 5.240078371417351 5 
0011 0010 1666772668165057 -34.9375 -58.0 5.786175531904639 5 
0011 0013 1666772668166240 -56.125 -70.5 4.963961829597935 5 
0011 0015 1666772668167392 -52.0625 -63.5 0.32520392703175593 5 
0011 0007 1666772668168744 -52.0625 -66.0 4.276738436625168 5 
0011 0009 1666772668170405 48.0 -61.5 4.325825821837508 5 
0011 0008 1666772668173132 -74.0 -66.0 0.5645049299419159 5 
0011 0014 1666772668174640 74.0 -68.0 2.5586799541932495 5 
0011 0002 1666772668186327 42.3125 -74.5 4.144816088867002 5 
0011 0006 1666772668275784 56.125 -63.5 2.448233337465483 5 
0011 0010 1666772668276767 -30.0625 -58.0 5.8045833013592665 5 
0011 0004 1666772668277902 0.0 -64.0 1.2210487071569704 5 
0011 0008 1666772668280465 69.125 -66.0 0.28838838812250056 5 
0011 0014 1666772668283966 108.1875 -68.0 2.5586799541932495 5 
0011 0007 1666772668285285 -4.0625 -66.0 4.319689898685965 5 
0011 0015 1666772668286198 48.0 -63.5 0.2945243112740431 5 
0011 0009 1666772668287099 34.9375 -62.0 4.325825821837508 5 
0011 0012 1666772668287967 -82.1875 -61.5 5.283029833478148 5 
0011 0011 1666772668289117 -4.0625 -60.0 3.792000507653305 5 
0011 0013 1666772668290019 43.125 -70.0 4.779884135051658 5 
0011 0000 1666772668291503 -95.1875 -63.5 2.380738182798515 5 
0011 0002 1666772668321879 -4.875 -75.5 4.270602513473625 5 
0011 0009 1666772668402712 -34.9375 -61.5 4.331961744989051 5 
0011 0010 1666772668403887 -8.9375 -58.0 5.743224069843841 5 
0011 0004 1666772668405056 65.0625 -65.0 1.1228739367322893 5 
0011 0008 1666772668405926 -43.125 -65.5 0.4111068511533518 5 
0011 0011 1666772668407314 0.0 -60.0 3.7429131224409646 5 
0011 0012 1666772668408526 74.0 -62.0 5.117359908386499 5 
0011 0007 1666772668409635 -17.0625 -66.0 4.25833066717054 5 
0011 0006 1666772668410576 -4.0625 -63.5 2.5832236467994196 5 
0011 0000 1666772668411463 17.0625 -63.5 2.2334760271614935 5 
0011 0015 1666772668412985 -56.125 -63.5 0.3865631585471816 5 
0011 0014 1666772668415379 0.0 -67.5 2.675262494072558 5 
0011 0013 1666772668416297 -43.125 -70.0 5.098952138931871 5 
0011 0002 1666772668439685 -13.875 -75.5 1.1535535524900022 5 
0011 0015 1666772668517338 13.0 -64.0 0.35588354278946877 5 
0011 0008 1666772668518733 -34.9375 -65.0 0.3988350048502667 5 
0011 0011 1666772668519614 -8.9375 -60.0 3.785864584501762 5 
0011 0000 1666772668520802 160.3125 -63.5 2.018718716857504 5 
0011 0009 1666772668521953 8.9375 -62.5 4.270602513473625 5 
0011 0014 1666772668522883 165.1875 -68.0 2.4605051837685683 5 
0011 0007 1666772668524505 43.125 -65.5 4.2092432819582 5 
0011 0010 1666772668525401 -26.0 -57.5 5.773903685601553 5 
0011 0012 1666772668526315 113.0625 -62.5 5.141903600992669 5 
0011 0013 1666772668528477 -134.25 -70.5 4.97623367590102 5 
0011 0006 1666772668533346 48.0 -64.5 2.399145952253143 5 
0011 0004 1666772668534472 -52.0625 -64.5 1.282407938672396 5 
0011 0002 1666772668561576 -14.625 -75.5 1.1228739367322893 5 
0011 0011 1666772668639063 26.0 -60.5 3.767456815047135 5 
0011 0010 1666772668640215 -48.0 -58.0 5.835262917116979 5 
0011 0014 1666772668641099 -87.0625 -68.5 2.8102528034064944 5 
0011 0009 1666772668641983 34.9375 -62.0 4.25833066717054 5 
0011 0000 1666772668642913 43.125 -63.0 2.172116795646068 5 
0011 0007 1666772668643796 17.0625 -64.5 4.356505437595221 5 
0011 0015 1666772668646224 -30.0625 -64.0 0.30679615757712825 5 
0011 0013 1666772668648599 -48.0 -70.5 5.2339424482658075 5 
0011 0004 1666772668649766 -17.0625 -64.0 1.2517283229146832 5 
0011 0006 1666772668650666 82.1875 -64.0 2.4727770300716534 5 
0011 0008 1666772668651564 -17.0625 -65.0 0.47860200582032003 5 
0011 0012 1666772668656238 -34.9375 -62.5 5.283029833478148 5 
0011 0002 1666772668680146 -3.1875 -75.5 1.055378782065321 5 
0011 0007 1666772668760571 130.1875 -65.5 4.135612204139688 5 
0011 0010 1666772668761762 21.9375 -57.5 5.786175531904639 5 
0011 0011 1666772668763140 13.0 -60.0 3.816544200259475 5 
0011 0015 1666772668764547 74.0 -63.5 0.34974761963792617 5 
0011 0004 1666772668766195 -21.9375 -64.0 1.2578642460662257 5 
0011 0009 1666772668767135 -17.0625 -62.0 4.368777283898306 5 
0011 0013 1666772668768010 -134.25 -70.0 5.148039524144211 5 
0011 0014 1666772668769532 -100.0625 -69.0 2.8532042654672924 5 
0011 0012 1666772668770474 -113.0625 -62.0 5.424156065963627 5 
0011 0008 1666772668771400 -52.0625 -65.0 0.4356505437595221 5 
0011 0006 1666772668772298 43.125 -64.0 2.509592568980909 5 
0011 0000 1666772668773711 -52.0625 -63.5 2.2886993355253766 5 
0011 0002 1666772668816783 -21.1875 -75.5 1.239456476611598 5 
0011 0011 1666772668894040 13.0 -60.0 3.816544200259475 5 
0011 0015 1666772668895536 -30.0625 -62.5 0.3988350048502667 5 
0011 0006 1666772668896941 -95.1875 -63.5 2.6998061866787286 5 
0011 0004 1666772668897854 82.1875 -64.5 1.1596894756415448 5 
0011 0010 1666772668899020 -8.9375 -58.0 5.8475347634200645 5 
0011 0014 1666772668900389 178.1875 -67.5 2.521864415283994 5 
0011 0012 1666772668902065 8.9375 -62.5 5.264622064023521 5 
0011 0000 1666772668904104 -43.125 -63.5 2.3746022596469727 5 
0011 0007 1666772668905002 -17.0625 -65.5 4.338097668140593 5 
0011 0008 1666772668906200 104.125 -65.0 0.35588354278946877 5 
0011 0013 1666772668907129 -139.125 -69.5 5.203262832508095 5 
0011 0009 1666772668908936 -61.0 -61.5 4.374913207049849 5 
0011 0002 1666772668931837 18.75 -75.0 4.221515128261284 5 
0011 0010 1666772669129581 -56.125 -58.0 5.964117303299373 5 
0011 0015 1666772669131344 48.0 -63.5 0.3374757733348411 5 
0011 0013 1666772669132229 -121.25 -70.5 5.252350217720435 5 
0011 0002 1666772669133624 264.4375 -74.0 3.877903431774901 5 
0011 0011 1666772669134690 -78.0625 -60.5 3.9760782021995817 5 
0011 0009 1666772669135585 -21.9375 -61.5 4.473087977474529 5 
0011 0006 1666772669137447 -39.0 -63.5 2.748893571891069 5 
0011 0004 1666772669139210 -4.0625 -65.5 1.3744467859455345 5 
0011 0000 1666772669140353 -34.9375 -63.0 2.478912953223196 5 
0011 0007 1666772669141322 13.0 -66.5 4.239922897715912 5 
0011 0012 1666772669142504 -48.0 -62.5 5.3198453723874035 5 
0011 0008 1666772669143417 -34.9375 -65.5 0.5399612373357456 5 
0011 0014 1666772669145254 230.25 -68.5 2.509592568980909 5 
0011 0000 1666772669242684 -130.1875 -63.0 2.662990647769473 5 
0011 0006 1666772669245225 17.0625 -64.0 2.6261751088602177 5 
0011 0011 1666772669246151 -13.0 -61.5 3.9699422790480394 5 
0011 0015 1666772669247544 -17.0625 -63.5 0.4479223900626072 5 
0011 0013 1666772669248671 -160.3125 -70.5 5.197126909356553 5 
0011 0010 1666772669250045 -4.0625 -58.5 5.927301764390117 5 
0011 0009 1666772669250959 34.9375 -61.5 4.442408361716817 5 
0011 0004 1666772669251887 -56.125 -65.0 1.4051264017032472 5 
0011 0012 1666772669254381 -78.0625 -62.5 5.387340527054372 5 
0011 0007 1666772669255727 0.0 -66.0 4.331961744989051 5 
0011 0008 1666772669256746 -61.0 -65.0 0.662679700366597 5 
0011 0014 1666772669258026 17.0625 -69.0 2.816388726558037 5 
0011 0002 1666772669261865 -31.3125 -74.5 4.571262747899211 5 
0011 0011 1666772669357810 -13.0 -60.5 3.9453985864418692 5 
0011 0007 1666772669358937 17.0625 -66.5 4.28287435977671 5 
0011 0015 1666772669360701 -43.125 -63.0 0.4663301595172349 5 
0011 0008 1666772669362122 -8.9375 -64.0 0.44178646691106466 5 
0011 0014 1666772669363875 30.0625 -67.5 2.767301341345697 5 
0011 0006 1666772669365295 117.125 -64.0 2.5770877236478773 5 
0011 0004 1666772669366477 30.0625 -66.0 1.3499030933393643 5 
0011 0009 1666772669367625 0.0 -62.0 4.558990901596125 5 
0011 0010 1666772669368953 -34.9375 -58.5 6.013204688511713 5 
0011 0013 1666772669370132 -43.125 -70.5 5.111223985234957 5 
0011 0000 1666772669372290 34.9375 -62.5 2.442097414313941 5 
0011 0012 1666772669373201 -87.0625 -62.5 5.356660911296659 5 
0011 0002 1666772669391323 -17.4375 -74.0 4.473087977474529 5 
0011 0013 1666772669479757 -325.5 -70.5 5.381204603902829 5 
0011 0014 1666772669481520 48.0 -68.0 2.7120780329818137 5 
0011 0012 1666772669482418 -21.9375 -62.0 5.264622064023521 5 
0011 0000 1666772669483377 -21.9375 -62.5 2.5341362615870793 5 
0011 0009 1666772669484503 -56.125 -61.5 4.608078286808466 5 
0011 0006 1666772669485883 -17.0625 -64.0 2.742757648739526 5 
0011 0015 1666772669486868 -17.0625 -63.0 0.46019423636569234 5 
0011 0010 1666772669488205 -30.0625 -58.5 6.007068765360171 5 
0011 0011 1666772669489357 48.0 -60.5 3.9269908169872414 5 
0011 0004 1666772669490523 8.9375 -65.0 1.4051264017032472 5 
0011 0008 1666772669492274 48.0 -65.0 0.3988350048502667 5 
0011 0007 1666772669494895 0.0 -67.0 4.362641360746763 5 
0011 0002 1666772669517882 -11.4375 -74.5 1.325359400733194 5 
0011 0006 1666772669604680 -56.125 -63.5 2.742757648739526 5 
0011 0008 1666772669606058 17.0625 -64.5 0.4049709280018093 5 
0011 0011 1666772669608291 -30.0625 -60.5 4.049709280018092 5 
0011 0004 1666772669609204 30.0625 -65.5 1.3989904785517047 5 
0011 0010 1666772669611133 -30.0625 -58.0 6.007068765360171 5 
0011 0009 1666772669613124 -17.0625 -62.5 4.546719055293041 5 
0011 0014 1666772669614009 -39.0 -68.5 2.8102528034064944 5 
0011 0012 1666772669615175 -26.0 -62.0 5.3198453723874035 5 
0011 0007 1666772669616062 -39.0 -66.5 4.454680208019902 5 
0011 0000 1666772669617006 48.0 -62.5 2.4850488763747385 5 
0011 0013 1666772669617922 -143.1875 -70.5 5.123495831538041 5 
0011 0015 1666772669618860 -43.125 -63.0 0.4724660826687775 5 
0011 0002 1666772669632264 37.0 -74.0 1.2363885150358267 5 
0011 0010 1666772669722942 -61.0 -58.0 6.013204688511713 5 
0011 0015 1666772669723996 -78.0625 -63.0 0.5276893910326605 5 
0011 0013 1666772669725854 -303.5 -70.5 5.491651220630596 5 
0011 0012 1666772669727273 74.0 -62.5 5.246214294568893 5 
0011 0007 1666772669728203 -152.125 -67.5 4.589670517353839 5 
0011 0006 1666772669729128 -69.125 -64.0 2.8409324191642074 5 
0011 0008 1666772669730282 -52.0625 -65.0 0.46019423636569234 5 
0011 0000 1666772669731722 -26.0 -62.0 2.5402721847386216 5 
0011 0014 1666772669732620 17.0625 -68.5 2.773437264497239 5 
0011 0009 1666772669734268 43.125 -62.0 4.546719055293041 5 
0011 0004 1666772669735296 -100.0625 -65.0 1.5155730184310134 5 
0011 0011 1666772669736417 8.9375 -60.0 4.04357335686655 5 
0011 0002 1666772669771042 -0.75 -75.0 1.3560390164909069 5 
0011 0010 1666772669854867 -39.0 -58.0 6.050020227420969 5 
0011 0006 1666772669855780 61.0 -64.0 2.6445828783148455 5 
0011 0004 1666772669856977 -21.9375 -65.0 1.509437095279471 5 
0011 0007 1666772669858330 139.125 -67.0 4.172427743048944 5 
0011 0009 1666772669859257 -52.0625 -62.0 4.706253057233147 5 
0011 0014 1666772669861134 -225.375 -68.0 3.0250101137104846 5 
0011 0011 1666772669863008 -26.0 -60.0 4.04357335686655 5 
0011 0000 1666772669864645 -48.0 -62.0 2.60776733940559 5 
0011 0008 1666772669865755 13.0 -65.0 0.4479223900626072 5 
0011 0015 1666772669867399 0.0 -62.5 0.4295146206079795 5 
0011 0013 1666772669870191 43.125 -70.0 4.9823695990525625 5 
0011 0012 1666772669871748 -104.125 -62.0 5.460971604872882 5 
0011 0002 1666772669898213 -17.0625 -75.5 4.657165672020807 5 
0011 0015 1666772669983249 34.9375 -63.0 0.4172427743048944 5 
0011 0010 1666772669984188 48.0 -58.0 5.970253226450915 5 
0011 0013 1666772669985328 -39.0 -70.5 5.184855063053467 5 
0011 0004 1666772669986327 95.1875 -65.0 1.380582709097077 5 
0011 0014 1666772669987226 26.0 -67.5 2.736621725587984 5 
0011 0000 1666772669988128 -156.1875 -62.5 2.718213956133356 5 
0011 0012 1666772669989251 30.0625 -63.0 5.381204603902829 5 
0011 0006 1666772669990178 48.0 -64.0 2.718213956133356 5 
0011 0007 1666772669994014 143.1875 -67.5 4.23378697456437 5 
0011 0009 1666772669995181 -43.125 -62.0 4.693981210930062 5 
0011 0011 1666772669996867 -8.9375 -60.0 4.031301510563465 5 
0011 0008 1666772669999201 48.0 -65.5 0.6135923151542565 5 
0011 0002 1666772670019380 67.125 -74.5 1.214912784005428 5 
0011 0000 1666772670108828 13.0 -62.0 2.5770877236478773 5 
0011 0015 1666772670109838 -21.9375 -63.5 0.4724660826687775 5 
0011 0012 1666772670110779 -74.0 -62.5 5.497787143782138 5 
0011 0013 1666772670111705 8.9375 -71.5 5.013049214810275 5 
0011 0006 1666772670114541 43.125 -64.0 2.761165418194154 5 
0011 0010 1666772670115451 13.0 -58.5 6.031612457966341 5 
0011 0011 1666772670116647 17.0625 -59.5 3.988350048502667 5 
0011 0009 1666772670118056 -65.0625 -61.5 4.693981210930062 5 
0011 0004 1666772670119337 -21.9375 -65.5 1.4542137869155878 5 
0011 0008 1666772670121372 87.0625 -66.5 0.5951845456996288 5 
0011 0007 1666772670122329 -34.9375 -67.0 4.295146206079795 5 
0011 0002 1666772670125720 -117.125 -72.0 4.626486056263094 5 
0011 0002 1666772670223275 -8.9375 -73.5 4.399456899656019 5 
0011 0008 1666772670224161 69.125 -66.0 0.521553467881118 5 
0011 0010 1666772670225509 13.0 -58.0 6.037748381117884 5 
0011 0015 1666772670226660 -4.0625 -64.0 0.4172427743048944 5 
0011 0011 1666772670227872 -43.125 -60.0 4.104932588381976 5 
0011 0012 1666772670229810 43.125 -62.5 5.356660911296659 5 
0011 0004 1666772670230751 104.125 -65.5 1.4173982480063325 5 
0011 0014 1666772670231946 91.125 -68.5 2.6261751088602177 5 
0011 0000 1666772670234576 13.0 -62.5 2.5157284921324514 5 
0011 0009 1666772670235689 104.125 -61.5 4.491495746929157 5 
0011 0006 1666772670236587 139.125 -64.0 2.6200391857086753 5 
0011 0013 1666772670239204 -182.25 -70.0 5.332117218690489 5 
0011 0007 1666772670240611 8.9375 -66.0 4.368777283898306 5 
0011 0008 1666772670340231 21.9375 -64.5 0.5399612373357456 5 
0011 0012 1666772670342420 74.0 -62.5 5.332117218690489 5 
0011 0004 1666772670343318 13.0 -65.0 1.5033011721279284 5 
0011 0013 1666772670344247 -251.4375 -71.0 5.4671075280244255 5 
0011 0007 1666772670345399 147.25 -67.0 4.23378697456437 5 
0011 0011 1666772670346851 -4.0625 -59.0 4.049709280018092 5 
0011 0006 1666772670347792 4.0625 -64.0 2.8286605728611223 5 
0011 0015 1666772670349195 4.0625 -63.0 0.42337869745643697 5 
0011 0009 1666772670350576 43.125 -61.5 4.657165672020807 5 
0011 0014 1666772670351471 -8.9375 -68.0 2.6200391857086753 5 
0011 0000 1666772670355416 -61.0 -62.5 2.5832236467994196 5 
0011 0010 1666772670356366 4.0625 -58.0 6.062292073724054 5 
0011 0014 1666772670456937 78.0625 -68.0 2.6323110320117604 5 
0011 0000 1666772670458165 91.125 -62.0 2.337786720737717 5 
0011 0006 1666772670459334 108.1875 -64.0 2.693670263527186 5 
0011 0008 1666772670460486 34.9375 -65.0 0.48473792897186263 5 
0011 0010 1666772670461637 48.0 -58.0 6.025476534814799 5 
0011 0012 1666772670464292 139.125 -62.5 5.227806525114265 5 
0011 0007 1666772670465163 -156.1875 -67.5 4.595806440505381 5 
0011 0015 1666772670467066 69.125 -63.5 0.3313398501832985 5 
0011 0011 1666772670468020 -48.0 -59.5 4.104932588381976 5 
0011 0009 1666772670468919 -21.9375 -61.5 4.706253057233147 5 
0011 0004 1666772670471066 17.0625 -64.5 1.509437095279471 5 
0011 0013 1666772670472005 -4.0625 -71.0 5.019185137961818 5 
0011 0002 1666772670477318 74.0 -72.5 4.3503695144436785 5 
0011 0015 1666772670576587 17.0625 -63.5 0.4049709280018093 5 
0011 0009 1666772670577501 -43.125 -61.5 4.6878452877785195 5 
0011 0013 1666772670578400 48.0 -71.0 5.190990986205009 5 
0011 0007 1666772670579315 43.125 -66.0 4.368777283898306 5 
0011 0011 1666772670580227 -48.0 -59.5 4.111068511533518 5 
0011 0010 1666772670581349 21.9375 -57.5 6.080699843178682 5 
0011 0012 1666772670582516 -13.0 -63.0 5.368932757599744 5 
0011 0014 1666772670583429 -13.0 -68.5 2.6568547246179306 5 
0011 0000 1666772670584810 -61.0 -62.0 2.5157284921324514 5 
0011 0008 1666772670587081 34.9375 -66.0 0.5645049299419159 5 
0011 0006 1666772670589577 26.0 -64.5 2.779573187648782 5 
0011 0004 1666772670590449 104.125 -64.5 1.4173982480063325 5 
0011 0002 1666772670591490 -130.1875 -74.5 4.595806440505381 5 
0011 0007 1666772670688981 -65.0625 -66.5 4.405592822807561 5 
0011 0011 1666772670689877 -69.125 -59.5 4.123340357836604 5 
0011 0010 1666772670691240 34.9375 -58.0 6.025476534814799 5 
0011 0008 1666772670692591 -52.0625 -66.0 0.6013204688511713 5 
0011 0009 1666772670693744 -43.125 -61.5 4.601942363656923 5 
0011 0004 1666772670695139 104.125 -65.0 1.4542137869155878 5 
0011 0014 1666772670696775 -130.1875 -69.0 2.82252464970958 5 
0011 0012 1666772670697698 8.9375 -63.0 5.399612373357457 5 
0011 0015 1666772670698611 56.125 -63.5 0.3436116964863836 5 
0011 0006 1666772670699992 -130.1875 -64.5 2.9268353432858034 5 
0011 0013 1666772670704366 243.3125 -72.0 4.749204519293945 5 
0011 0000 1666772670705238 -56.125 -62.5 2.509592568980909 5 
0011 0002 1666772670739024 0.0 -75.0 1.3499030933393643 5 
0011 0000 1666772670818996 26.0 -62.5 2.435961491162398 5 
0011 0011 1666772670820104 -30.0625 -59.5 4.061981126321178 5 
0011 0014 1666772670822593 -78.0625 -68.5 2.7550294950426117 5 
0011 0007 1666772670823864 -173.3125 -67.0 4.565126824747668 5 
0011 0015 1666772670824790 -52.0625 -64.0 0.4540583132141498 5 
0011 0012 1666772670827040 -52.0625 -62.5 5.485515297479052 5 
0011 0004 1666772670827951 -34.9375 -64.5 1.4787574795217582 5 
0011 0009 1666772670828849 -43.125 -61.5 4.706253057233147 5 
0011 0010 1666772670829827 0.0 -58.0 6.062292073724054 5 
0011 0006 1666772670831284 -52.0625 -63.5 2.8716120349219203 5 
0011 0013 1666772670832341 -260.375 -71.0 5.2339424482658075 5 
0011 0008 1666772670833265 -39.0 -66.0 0.5154175447295755 5 
0011 0002 1666772670837162 -173.3125 -74.5 4.620350133111551 5 
0011 0000 1666772670934564 -26.0 -62.5 2.442097414313941 5 
0011 0011 1666772670935928 -48.0 -59.5 4.080388895775806 5 
0011 0008 1666772670937476 -108.1875 -65.5 0.6442719309119693 5 
0011 0012 1666772670940042 -43.125 -63.0 5.473243451175968 5 
0011 0010 1666772670940995 48.0 -58.0 6.007068765360171 5 
0011 0009 1666772670942161 -26.0 -61.0 4.651029748869264 5 
0011 0007 1666772670943058 -8.9375 -66.0 4.276738436625168 5 
0011 0004 1666772670944885 30.0625 -65.0 1.4358060174609601 5 
0011 0015 1666772670945809 56.125 -64.0 0.3313398501832985 5 
0011 0006 1666772670946764 30.0625 -63.5 2.84706834231575 5 
0011 0014 1666772670948700 91.125 -68.0 2.521864415283994 5 
0011 0002 1666772670950191 -95.1875 -73.5 4.675573441475434 5 
0011 0013 1666772670951076 -26.0 -71.0 5.252350217720435 5 
0011 0004 1666772671049146 0.0 -65.0 1.4419419406125027 5 
0011 0011 1666772671050955 4.0625 -59.5 3.9576704327449543 5 
0011 0012 1666772671051867 -13.0 -63.0 5.45483568172134 5 
0011 0010 1666772671053014 0.0 -58.0 6.000932842208628 5 
0011 0000 1666772671053921 -61.0 -62.5 2.4727770300716534 5 
0011 0008 1666772671056491 39.0 -66.5 0.5829126993965437 5 
0011 0015 1666772671057429 -17.0625 -63.5 0.4479223900626072 5 
0011 0009 1666772671058344 34.9375 -61.5 4.583534594202296 5 
0011 0006 1666772671059654 43.125 -64.0 2.7550294950426117 5 
0011 0007 1666772671060823 -182.25 -66.5 4.479223900626073 5 
0011 0014 1666772671063753 134.25 -68.0 2.5832236467994196 5 
0011 0013 1666772671065044 -95.1875 -71.0 5.209398755659637 5 
0011 0002 1666772671067857 -204.25 -71.0 4.540583132141498 5 
