0011 0011 1666773181005181 -13.0 -55.5 0.859029241215959 6 
0011 0015 1666773181006689 -34.9375 -66.5 3.2581751934691017 6 
0011 0004 1666773181008321 -4.0625 -56.5 2.429825568010856 6 
0011 0008 1666773181009237 61.0 -60.0 1.945087639038993 6 
0011 0003 1666773181012858 8.9375 -68.5 3.933126740138784 6 
0011 0010 1666773181013773 -34.9375 -67.5 1.5585244804918115 6 
0011 0011 1666773181159462 26.0 -56.0 0.7853981633974483 6 
0011 0015 1666773181160970 -87.0625 -66.5 3.2336315008629315 6 
0011 0004 1666773181162364 -26.0 -56.5 2.3930100291016 6 
0011 0001 1666773181163741 26.0 -62.5 0.7363107781851077 6 
0011 0003 1666773181164884 -117.125 -67.5 3.9760782021995817 6 
0011 0008 1666773181165852 34.9375 -59.5 1.9389517158874505 6 
0011 0010 1666773181169076 30.0625 -67.0 1.552388557340269 6 
0011 0014 1666773181196049 17.8125 -74.5 0.4356505437595221 6 
0011 0011 1666773181273694 -8.9375 -55.5 0.7976700097005334 6 
0011 0003 1666773181275677 -121.25 -69.0 3.9760782021995817 6 
0011 0004 1666773181277653 26.0 -57.0 2.3193789512830896 6 
0011 0008 1666773181280357 69.125 -60.0 1.8714565612204823 6 
0011 0001 1666773181281281 -61.0 -63.0 0.7915340865489908 6 
0011 0015 1666773181284298 78.0625 -67.5 3.031146036862027 6 
0011 0010 1666773181285649 48.0 -67.0 1.380582709097077 6 
0011 0014 1666773181306541 -5.625 -74.5 0.5522330836388308 6 
0011 0010 1666773181385876 52.0625 -67.5 1.4296700943094176 6 
0011 0004 1666773181387266 -21.9375 -56.5 2.350058567040802 6 
0011 0008 1666773181388916 -17.0625 -60.0 1.9512235621905356 6 
0011 0001 1666773181390307 13.0 -63.0 0.6258641614573416 6 
0011 0003 1666773181392201 -87.0625 -69.0 3.834951969714103 6 
0011 0015 1666773181394942 -4.0625 -68.0 3.0925052683774528 6 
0011 0011 1666773181397303 -30.0625 -56.0 0.7669903939428205 6 
0011 0014 1666773181422830 13.875 -74.5 0.607456392002714 6 
0011 0015 1666773181503762 -21.9375 -66.5 3.153864499892878 6 
0011 0003 1666773181505502 -26.0 -68.0 3.693825737228624 6 
0011 0010 1666773181507295 -108.1875 -67.5 1.5033011721279284 6 
0011 0004 1666773181508830 65.0625 -56.5 2.2212041808584084 6 
0011 0001 1666773181509782 56.125 -63.0 0.5829126993965437 6 
0011 0008 1666773181510653 52.0625 -60.0 1.902136176978195 6 
0011 0011 1666773181511548 -26.0 -56.0 0.7792622402459057 6 
0011 0014 1666773181539871 28.5 -74.5 0.3436116964863836 6 
0011 0001 1666773181619254 34.9375 -62.5 0.6442719309119693 6 
0011 0010 1666773181621801 -26.0 -67.5 1.509437095279471 6 
0011 0008 1666773181622742 -30.0625 -59.5 2.000310947402876 6 
0011 0003 1666773181623630 -78.0625 -68.0 3.6570101983193686 6 
0011 0004 1666773181625474 4.0625 -57.0 2.2457478734645786 6 
0011 0011 1666773181627066 -8.9375 -56.0 0.7853981633974483 6 
0011 0015 1666773181627964 -113.0625 -68.0 3.1354567304382504 6 
0011 0014 1666773181662078 21.9375 -74.5 3.6263305825616556 6 
0011 0015 1666773181738624 52.0625 -68.0 3.1906800388021335 6 
0011 0001 1666773181740539 -26.0 -62.0 0.6994952392758523 6 
0011 0011 1666773181741661 -21.9375 -56.0 0.7731263170943632 6 
0011 0004 1666773181743298 -87.0625 -56.5 2.3746022596469727 6 
0011 0008 1666773181744692 -39.0 -59.5 1.9696313316451632 6 
0011 0003 1666773181747706 82.1875 -68.5 3.4913402732277192 6 
0011 0010 1666773181748974 78.0625 -66.5 1.3499030933393643 6 
0011 0014 1666773181775988 0.75 -74.0 0.4663301595172349 6 
0011 0010 1666773181853333 -34.9375 -67.5 1.4296700943094176 6 
0011 0015 1666773181856058 -21.9375 -68.5 3.1354567304382504 6 
0011 0004 1666773181859353 -21.9375 -56.5 2.282563412373834 6 
0011 0011 1666773181860263 -8.9375 -56.0 0.760854470791278 6 
0011 0008 1666773181861405 52.0625 -60.0 1.8837284075235674 6 
0011 0001 1666773181862695 -13.0 -63.0 0.7301748550335652 6 
0011 0003 1666773181863740 91.125 -67.5 3.466796580621549 6 
0011 0014 1666773181884122 -2.4375 -74.5 0.4724660826687775 6 
0011 0004 1666773181965079 -8.9375 -56.5 2.2580197197676637 6 
0011 0001 1666773181968001 13.0 -63.0 0.6688156235181395 6 
0011 0008 1666773181970233 17.0625 -60.0 1.859184714917397 6 
0011 0003 1666773181971150 -30.0625 -68.0 3.522019888985432 6 
0011 0015 1666773181972310 0.0 -67.5 3.067961575771282 6 
0011 0011 1666773181973269 -39.0 -56.0 0.8160777791551611 6 
0011 0010 1666773181975900 -91.125 -66.5 1.5892040962495242 6 
0011 0014 1666773181995812 12.1875 -74.5 0.42337869745643697 6 
0011 0011 1666773182076389 8.9375 -56.0 0.760854470791278 6 
0011 0004 1666773182079404 34.9375 -57.0 2.2212041808584084 6 
0011 0003 1666773182082685 -113.0625 -69.0 3.5895150436524004 6 
0011 0008 1666773182083696 -21.9375 -60.0 1.8960002538266525 6 
0011 0001 1666773182084846 26.0 -63.0 0.662679700366597 6 
0011 0015 1666773182085800 -95.1875 -68.0 3.2888548092268146 6 
0011 0010 1666773182087079 8.9375 -66.5 1.4664856332186729 6 
0011 0014 1666773182112277 -8.0625 -74.5 0.5399612373357456 6 
0011 0011 1666773182190530 -39.0 -56.0 0.8099418560036186 6 
0011 0015 1666773182191712 82.1875 -68.0 3.000466421104314 6 
0011 0010 1666773182192611 165.1875 -66.0 1.325359400733194 6 
0011 0008 1666773182194273 -21.9375 -60.0 1.9389517158874505 6 
0011 0001 1666773182196640 -4.0625 -62.5 0.6749515466696822 6 
0011 0003 1666773182197900 -156.1875 -67.5 3.730641276137879 6 
0011 0004 1666773182199264 -91.125 -56.5 2.3439226438892597 6 
0011 0014 1666773182229973 0.0 -74.0 0.4724660826687775 6 
0011 0006 1666773182448230 0.4375 -74.0 1.2333205534600555 6 
0011 0006 1666773182468026 3.125 -74.0 1.227184630308513 6 
0011 0015 1666773182476604 -26.0 -67.5 3.0925052683774528 6 
0011 0004 1666773182478451 -43.125 -56.5 2.2089323345553233 6 
0011 0001 1666773182480484 -43.125 -63.0 0.7240389318820226 6 
0011 0008 1666773182481650 17.0625 -59.5 1.8407769454627694 6 
0011 0003 1666773182483703 78.0625 -68.0 3.411573272257666 6 
0011 0010 1666773182488511 48.0 -66.5 1.2333205534600555 6 
0011 0011 1666773182489410 -52.0625 -56.0 0.7731263170943632 6 
0011 0014 1666773182511325 -16.3125 -74.0 0.5092816215780329 6 
0011 0015 1666773182596532 30.0625 -67.5 3.104777114680538 6 
0011 0008 1666773182598778 26.0 -60.0 1.7732817907958012 6 
0011 0004 1666773182600017 13.0 -56.5 2.116893487282185 6 
0011 0010 1666773182600958 26.0 -66.5 1.3130875544301088 6 
0011 0001 1666773182602377 -121.25 -63.0 0.7915340865489908 6 
0011 0003 1666773182603279 104.125 -67.5 3.4913402732277192 6 
0011 0011 1666773182604388 -21.9375 -56.0 0.705631162427395 6 
0011 0014 1666773182631554 8.0625 -74.0 0.34974761963792617 6 
0011 0010 1666773182708757 -152.125 -67.5 1.5585244804918115 6 
0011 0008 1666773182712078 21.9375 -60.0 1.8162332528565992 6 
0011 0011 1666773182713060 21.9375 -56.0 0.6258641614573416 6 
0011 0003 1666773182714262 13.0 -68.0 3.5895150436524004 6 
0011 0015 1666773182715456 21.9375 -67.0 3.11091303783208 6 
0011 0004 1666773182716354 17.0625 -56.5 2.110757564130642 6 
0011 0001 1666773182718991 78.0625 -62.5 0.5276893910326605 6 
0011 0014 1666773182734275 2.4375 -74.0 0.35588354278946877 6 
0011 0003 1666773182821038 -100.0625 -67.5 3.6017868899554855 6 
0011 0011 1666773182824616 17.0625 -55.5 0.619728238305799 6 
0011 0010 1666773182827791 -65.0625 -66.0 1.3989904785517047 6 
0011 0015 1666773182828743 -100.0625 -67.0 3.2029518851052186 6 
0011 0004 1666773182831112 -26.0 -56.5 2.1659808724945253 6 
0011 0001 1666773182832122 34.9375 -62.5 0.5583690067903734 6 
0011 0008 1666773182833517 48.0 -60.0 1.748738098189631 6 
0011 0014 1666773182857863 -4.0625 -74.0 0.4295146206079795 6 
0011 0011 1666773182948142 -21.9375 -55.5 0.6442719309119693 6 
0011 0008 1666773182949534 8.9375 -59.5 1.8162332528565992 6 
0011 0015 1666773182950463 -104.125 -68.0 3.141592653589793 6 
0011 0001 1666773182951400 -87.0625 -62.5 0.705631162427395 6 
0011 0010 1666773182952539 126.125 -66.5 1.2026409377023426 6 
0011 0003 1666773182955148 -82.1875 -67.5 3.6570101983193686 6 
0011 0014 1666773182960350 -39.0 -73.0 3.5895150436524004 6 
0011 0004 1666773182961231 -4.0625 -56.0 2.1353012567368124 6 
0011 0010 1666773183060623 4.0625 -65.5 1.2946797849754812 6 
0011 0001 1666773183061547 21.9375 -63.0 0.5276893910326605 6 
0011 0003 1666773183063443 -134.25 -67.5 3.56497135104623 6 
0011 0014 1666773183065374 87.0625 -71.5 3.442252888015379 6 
0011 0008 1666773183066287 -39.0 -60.0 1.8407769454627694 6 
0011 0011 1666773183067454 -26.0 -56.0 0.6258641614573416 6 
0011 0015 1666773183068675 -17.0625 -66.5 3.153864499892878 6 
0011 0004 1666773183069829 87.0625 -56.5 2.018718716857504 6 
0011 0004 1666773183169499 8.9375 -56.5 2.116893487282185 6 
0011 0014 1666773183170628 247.375 -71.5 3.2827188860752723 6 
0011 0008 1666773183173595 8.9375 -59.5 1.7671458676442586 6 
0011 0001 1666773183175699 39.0 -62.0 0.5031456984264903 6 
0011 0011 1666773183176595 8.9375 -55.5 0.6135923151542565 6 
0011 0010 1666773183177748 17.0625 -66.5 1.239456476611598 6 
0011 0015 1666773183180977 -17.0625 -67.5 3.11091303783208 6 
0011 0003 1666773183181877 4.0625 -68.5 3.509748042682347 6 
0011 0010 1666773183279226 -65.0625 -66.0 1.3130875544301088 6 
0011 0008 1666773183282346 4.0625 -60.0 1.7548740213411735 6 
0011 0001 1666773183283839 21.9375 -62.0 0.5276893910326605 6 
0011 0004 1666773183284750 -17.0625 -56.5 2.1353012567368124 6 
0011 0011 1666773183285759 0.0 -56.0 0.6135923151542565 6 
0011 0015 1666773183286705 78.0625 -67.0 3.074097498922825 6 
0011 0003 1666773183287692 69.125 -67.0 3.3870295796514958 6 
0011 0014 1666773183291182 100.0625 -72.5 3.4606606574700063 6 
0011 0010 1666773183387746 -13.0 -65.0 1.227184630308513 6 
0011 0011 1666773183388643 -17.0625 -56.0 0.6135923151542565 6 
0011 0004 1666773183390729 8.9375 -56.5 2.073942025221387 6 
0011 0003 1666773183393264 -21.9375 -67.0 3.497476196379262 6 
0011 0001 1666773183394428 -21.9375 -63.0 0.5890486225480862 6 
0011 0014 1666773183395777 21.9375 -72.0 3.5281558121369745 6 
0011 0015 1666773183396930 61.0 -68.0 3.000466421104314 6 
0011 0008 1666773183398550 13.0 -60.0 1.705786636128833 6 
0011 0003 1666773183500156 108.1875 -67.5 3.2949907323783574 6 
0011 0004 1666773183503118 -26.0 -56.5 2.0923497946760143 6 
0011 0011 1666773183504043 -17.0625 -55.5 0.5890486225480862 6 
0011 0010 1666773183504982 8.9375 -66.0 1.2210487071569704 6 
0011 0008 1666773183505909 8.9375 -60.0 1.7303303287350031 6 
0011 0001 1666773183506975 -17.0625 -62.5 0.5890486225480862 6 
0011 0015 1666773183508776 100.0625 -67.5 2.9084275738311756 6 
0011 0014 1666773183509703 -52.0625 -70.5 3.5895150436524004 6 
0011 0008 1666773183607096 -43.125 -59.5 1.7426021750380885 6 
0011 0010 1666773183608249 34.9375 -66.0 1.1290098598838318 6 
0011 0011 1666773183609656 -34.9375 -55.5 0.5706408530934585 6 
0011 0004 1666773183613093 26.0 -56.5 1.9819031779482483 6 
0011 0015 1666773183614413 -8.9375 -67.0 3.08636934522591 6 
0011 0003 1666773183615956 -117.125 -68.5 3.5833791205008576 6 
0011 0001 1666773183617332 -48.0 -62.0 0.5890486225480862 6 
0011 0014 1666773183629731 50.8125 -73.5 0.15339807878856412 6 
0011 0015 1666773183718847 56.125 -67.0 3.031146036862027 6 
0011 0004 1666773183720130 -56.125 -56.5 2.0800779483729293 6 
0011 0003 1666773183721513 87.0625 -68.0 3.3195344249845276 6 
0011 0011 1666773183723487 4.0625 -55.5 0.5031456984264903 6 
0011 0008 1666773183725763 -21.9375 -59.5 1.6935147898257479 6 
0011 0010 1666773183726648 48.0 -66.5 1.0921943209745766 6 
0011 0001 1666773183727912 -21.9375 -63.0 0.5645049299419159 6 
0011 0014 1666773183729348 -56.125 -73.5 3.706097583531709 6 
0011 0003 1666773183827893 -13.0 -67.5 3.3870295796514958 6 
0011 0011 1666773183828806 -39.0 -55.5 0.5460971604872883 6 
0011 0015 1666773183829927 4.0625 -67.0 3.11091303783208 6 
0011 0008 1666773183830854 -4.0625 -60.0 1.718058482431918 6 
0011 0010 1666773183832021 4.0625 -66.0 1.1780972450961724 6 
0011 0004 1666773183833174 8.9375 -56.5 2.000310947402876 6 
0011 0001 1666773183835003 -4.0625 -62.5 0.5829126993965437 6 
0011 0014 1666773183843563 -65.0625 -73.0 3.7429131224409646 6 
0011 0006 1666773183917735 4.625 -73.5 1.043106935762236 6 
0011 0010 1666773183947253 8.9375 -67.5 1.509437095279471 6 
0011 0001 1666773183949707 4.0625 -63.0 0.8528933180644165 6 
0011 0008 1666773183951526 0.0 -59.5 1.8223691760081417 6 
0011 0003 1666773183953117 -113.0625 -68.0 3.5833791205008576 6 
0011 0011 1666773183954311 -17.0625 -56.0 0.7301748550335652 6 
0011 0015 1666773183955366 34.9375 -67.0 3.067961575771282 6 
0011 0004 1666773183956277 -17.0625 -56.0 2.1782527187976104 6 
0011 0006 1666773183958080 39.0 -69.0 1.012427320004523 6 
0011 0014 1666773183960837 -429.625 -74.5 4.1172044346850605 6 
0011 0000 1666773184059377 48.0 -63.5 2.675262494072558 6 
0011 0015 1666773184061426 -169.25 -68.5 3.074097498922825 6 
0011 0010 1666773184062337 61.0 -69.0 2.4727770300716534 6 
0011 0011 1666773184064165 4.0625 -54.5 1.2026409377023426 6 
0011 0004 1666773184065221 -39.0 -56.5 2.5586799541932495 6 
0011 0006 1666773184066129 0.0 -66.0 1.1965050145508 6 
0011 0008 1666773184067272 -30.0625 -59.0 2.5954954931025047 6 
0011 0014 1666773184068325 -4.0625 -72.0 3.6201946594101133 6 
0011 0001 1666773184069223 -74.0 -65.0 2.098485717827557 6 
0011 0009 1666773184108943 4.375 -73.5 3.031146036862027 6 
0011 0008 1666773184170636 65.0625 -64.0 4.601942363656923 6 
0011 0006 1666773184172284 -91.125 -64.0 2.067806102069844 6 
0011 0009 1666773184173452 -13.0 -64.5 0.6933593161243098 6 
0011 0011 1666773184174615 0.0 -58.5 2.1966604882522383 6 
0011 0000 1666773184175550 -43.125 -59.0 3.2643111166206444 6 
0011 0004 1666773184176956 -26.0 -62.0 3.736777199289422 6 
0011 0001 1666773184178827 8.9375 -67.0 2.442097414313941 6 
0011 0015 1666773184180960 -61.0 -69.0 3.031146036862027 6 
0011 0007 1666773184183078 -48.0 -64.5 2.552544031041707 6 
0011 0010 1666773184184231 -82.1875 -67.5 4.884194828627882 6 
0011 0012 1666773184197359 82.5625 -74.5 4.746136557718174 6 
0011 0013 1666773184239780 16.625 -76.0 5.405748296509 6 
0011 0010 1666773184295959 -100.0625 -67.5 0.06135923151542565 6 
0011 0008 1666773184298695 0.0 -53.0 1.3069516312785663 6 
0011 0004 1666773184300450 17.0625 -61.0 5.921165841238575 6 
0011 0009 1666773184301377 -17.0625 -53.0 2.3071071049800045 6 
0011 0007 1666773184302515 -8.9375 -59.5 3.7429131224409646 6 
0011 0011 1666773184303470 13.0 -58.5 5.651185222570702 6 
0011 0012 1666773184305192 30.0625 -61.5 1.5155730184310134 6 
0011 0003 1666773184306080 -43.125 -69.5 2.6139032625571326 6 
0011 0015 1666773184309045 39.0 -69.0 3.7122335066832517 6 
0011 0013 1666773184310540 195.25 -71.0 0.35588354278946877 6 
0011 0001 1666773184400746 -1.25 -75.0 2.742757648739526 6 
0011 0011 1666773184417826 34.9375 -56.0 2.7857091108003242 6 
0011 0004 1666773184419583 -61.0 -56.5 6.050020227420969 6 
0011 0008 1666773184422707 -4.0625 -51.5 1.8407769454627694 6 
0011 0015 1666773184423636 152.125 -65.0 5.056000676871073 6 
0011 0009 1666773184424559 -13.0 -54.5 4.25833066717054 6 
0011 0012 1666773184425453 0.0 -54.0 4.344233591292136 6 
0011 0013 1666773184426542 199.375 -70.0 2.521864415283994 6 
0011 0007 1666773184427496 -26.0 -58.5 4.957825906446392 6 
0011 0010 1666773184428535 -34.9375 -62.5 3.448388811166921 6 
0011 0005 1666773184469263 -3.3125 -72.0 5.982525072754001 6 
0011 0015 1666773184549618 21.9375 -64.0 5.786175531904639 6 
0011 0010 1666773184550798 -21.9375 -57.0 4.914874444385594 6 
0011 0011 1666773184551723 -4.0625 -51.5 4.957825906446392 6 
0011 0012 1666773184553075 -17.0625 -51.5 5.835262917116979 6 
0011 0004 1666773184554510 -13.0 -56.5 5.835262917116979 6 
0011 0005 1666773184555349 -17.0625 -67.5 0.030679615757712823 6 
0011 0009 1666773184560220 -56.125 -63.5 5.209398755659637 6 
0011 0013 1666773184561248 74.0 -68.0 5.221670601962723 6 
0011 0008 1666773184562439 0.0 -55.0 1.8162332528565992 6 
0011 0007 1666773184563359 -30.0625 -59.5 0.1595340019401067 6 
0011 0014 1666773184609733 12.8125 -75.5 0.3620194659410113 6 
0011 0012 1666773184668543 -30.0625 -52.5 0.01227184630308513 6 
0011 0007 1666773184670308 -43.125 -59.0 1.1167380135807468 6 
0011 0004 1666773184671460 -21.9375 -56.5 5.755495916146925 6 
0011 0009 1666773184672615 126.125 -71.0 4.565126824747668 6 
0011 0005 1666773184673554 56.125 -63.5 0.22089323345553233 6 
0011 0010 1666773184674460 0.0 -59.5 5.344389064993574 6 
0011 0011 1666773184675376 8.9375 -52.0 5.663457068873787 6 
0011 0008 1666773184676293 56.125 -60.0 1.3499030933393643 6 
0011 0015 1666773184677445 -139.125 -64.0 6.270913460876501 6 
0011 0013 1666773184679661 -26.0 -66.0 5.976389149602458 6 
0011 0013 1666773184784539 13.0 -64.0 6.031612457966341 6 
0011 0012 1666773184785875 -8.9375 -52.0 0.1718058482431918 6 
0011 0011 1666773184787296 -4.0625 -52.0 6.050020227420969 6 
0011 0007 1666773184788252 26.0 -60.0 1.5707963267948966 6 
0011 0008 1666773184789204 4.0625 -64.5 1.1167380135807468 6 
0011 0005 1666773184791336 -43.125 -63.5 0.5460971604872883 6 
0011 0004 1666773184795540 -43.125 -56.5 5.737088146692298 6 
0011 0015 1666773184796537 -52.0625 -64.5 6.166602767300278 6 
0011 0010 1666773184805557 -4.0625 -61.0 5.5100589900852235 6 
0011 0009 1666773184820932 48.8125 -78.0 0.944932165337555 6 
0011 0004 1666773184906658 8.9375 -57.0 5.681864838328415 6 
0011 0007 1666773184907587 34.9375 -60.0 1.748738098189631 6 
0011 0011 1666773184908755 26.0 -52.5 6.191146459906448 6 
0011 0013 1666773184910171 0.0 -61.5 0.21475731030398976 6 
0011 0012 1666773184911327 -4.0625 -51.5 0.521553467881118 6 
0011 0014 1666773184912200 550.875 -72.5 0.1349903093339364 6 
0011 0008 1666773184913305 -26.0 -65.0 0.380427235395639 6 
0011 0005 1666773184916369 -17.0625 -64.0 0.8283496254582462 6 
0011 0015 1666773184920925 -65.0625 -63.5 0.6320000846088841 6 
0011 0010 1666773184922317 -30.0625 -62.0 5.50392306693368 6 
0011 0014 1666773184945067 -14.625 -75.0 0.7547185476397354 6 
0011 0009 1666773185076216 -36.5625 -78.0 1.1903690913992575 6 
0011 0011 1666773185125805 -8.9375 -52.5 6.0991076126333095 6 
0011 0015 1666773185127074 -48.0 -64.5 0.4540583132141498 6 
0011 0012 1666773185128070 13.0 -51.0 0.3313398501832985 6 
0011 0007 1666773185130560 34.9375 -60.0 1.4603497100671303 6 
0011 0008 1666773185131457 -56.125 -64.5 0.1902136176978195 6 
0011 0005 1666773185132550 78.0625 -64.0 0.2699806186678728 6 
0011 0013 1666773185133689 39.0 -61.5 0.11658253987930872 6 
0011 0004 1666773185134571 -17.0625 -57.5 5.553010452146021 6 
0011 0010 1666773185135808 39.0 -63.5 5.135767677841127 6 
0011 0014 1666773185166466 21.1875 -75.5 0.4049709280018093 6 
0011 0009 1666773185198483 24.375 -77.5 3.730641276137879 6 
0011 0015 1666773185248844 87.0625 -64.5 0.30066023442558565 6 
0011 0004 1666773185250595 -52.0625 -57.5 5.565282298449106 6 
0011 0008 1666773185251492 34.9375 -65.0 0.018407769454627694 6 
0011 0013 1666773185252432 -17.0625 -61.5 0.21475731030398976 6 
0011 0012 1666773185254064 -13.0 -51.5 0.18407769454627693 6 
0011 0005 1666773185254976 130.1875 -65.0 6.209554229361076 6 
0011 0007 1666773185256627 52.0625 -59.5 1.1290098598838318 6 
0011 0010 1666773185257522 -108.1875 -63.0 5.209398755659637 6 
0011 0011 1666773185258419 17.0625 -52.0 5.8659425328746915 6 
0011 0014 1666773185276578 -1.625 -75.5 0.25770877236478773 6 
0011 0007 1666773185422926 -13.0 -60.0 0.9326603190344698 6 
0011 0010 1666773185424421 -69.125 -63.5 4.957825906446392 6 
0011 0015 1666773185425358 8.9375 -64.0 0.2761165418194154 6 
0011 0004 1666773185426286 -17.0625 -58.0 5.460971604872882 6 
0011 0012 1666773185427213 -26.0 -51.5 0.02454369260617026 6 
0011 0008 1666773185428167 48.0 -64.0 6.258641614573416 6 
0011 0013 1666773185429090 -17.0625 -62.0 0.06135923151542565 6 
0011 0011 1666773185430229 -43.125 -52.0 5.66959299202533 6 
0011 0005 1666773185431537 34.9375 -66.5 6.043884304269426 6 
0011 0014 1666773185483981 0.4375 -76.0 0.09203884727313846 6 
0011 0015 1666773185539030 -39.0 -64.0 0.36815538909255385 6 
0011 0004 1666773185539913 -26.0 -57.5 5.387340527054372 6 
0011 0013 1666773185540838 -17.0625 -61.5 6.234097921967246 6 
0011 0011 1666773185542003 -8.9375 -52.0 5.522330836388308 6 
0011 0007 1666773185544406 13.0 -59.5 0.8222137023067037 6 
0011 0012 1666773185545273 8.9375 -51.0 6.2034183062095325 6 
0011 0010 1666773185546227 8.9375 -63.5 4.6448938257177215 6 
0011 0008 1666773185550854 4.0625 -62.5 0.0 6 
0011 0005 1666773185554045 139.125 -66.0 5.749359992995383 6 
0011 0014 1666773185597604 -4.0625 -76.0 0.2086213871524472 6 
0011 0004 1666773185678142 -4.0625 -57.5 5.289165756629691 6 
0011 0005 1666773185679537 -52.0625 -66.0 5.9518454569962875 6 
0011 0013 1666773185680686 4.0625 -62.0 6.117515382087937 6 
0011 0011 1666773185681855 -43.125 -52.0 5.448699758569798 6 
0011 0007 1666773185684354 4.0625 -59.5 0.7915340865489908 6 
0011 0012 1666773185685212 -52.0625 -50.5 6.154330920997192 6 
0011 0015 1666773185686348 -43.125 -64.0 0.32520392703175593 6 
0011 0010 1666773185687498 61.0 -63.0 4.479223900626073 6 
0011 0008 1666773185689656 -74.0 -63.0 0.0859029241215959 6 
0011 0014 1666773185758424 -0.4375 -76.0 0.11658253987930872 6 
0011 0013 1666773185808839 13.0 -62.0 6.074563920027139 6 
0011 0007 1666773185809766 21.9375 -60.0 0.760854470791278 6 
0011 0011 1666773185810899 0.0 -51.5 5.313709449235861 6 
0011 0012 1666773185812283 -13.0 -51.0 6.050020227420969 6 
0011 0010 1666773185813887 4.0625 -64.0 4.454680208019902 6 
0011 0004 1666773185816905 0.0 -57.5 5.197126909356553 6 
0011 0005 1666773185818949 -4.0625 -66.0 5.798447378207723 6 
0011 0015 1666773185819848 74.0 -64.5 0.11658253987930872 6 
0011 0008 1666773185821295 34.9375 -62.5 6.092971689481767 6 
0011 0003 1666773185869793 15.8125 -80.5 1.4787574795217582 6 
0011 0014 1666773185953644 4.625 -75.5 0.01227184630308513 6 
0011 0009 1666773185959698 1.25 -77.5 5.8659425328746915 6 
0011 0011 1666773185966420 -26.0 -51.5 5.258486140871978 6 
0011 0012 1666773185968636 -8.9375 -50.5 5.988660995905543 6 
0011 0008 1666773185969535 -26.0 -62.5 6.050020227420969 6 
0011 0004 1666773185970699 4.0625 -57.5 5.111223985234957 6 
0011 0010 1666773185972373 -17.0625 -63.0 4.442408361716817 6 
0011 0005 1666773185973495 17.0625 -66.0 5.767767762450011 6 
0011 0007 1666773185974636 -65.0625 -60.0 0.8099418560036186 6 
0011 0015 1666773185976057 39.0 -65.0 0.14726215563702155 6 
0011 0013 1666773185977579 34.9375 -62.0 6.117515382087937 6 
