0011 0006 1666774015004498 -221.3125 -69.0 1.859184714917397 7 
0011 0014 1666774015104389 -4.375 -73.5 2.2518837966161214 7 
0011 0013 1666774015111281 -34.9375 -60.0 0.28225246497095796 7 
0011 0004 1666774015112434 100.0625 -69.5 0.01227184630308513 7 
0011 0005 1666774015113570 -82.1875 -63.0 4.166291819897402 7 
0011 0014 1666774015114440 91.125 -68.5 2.141437179888355 7 
0011 0010 1666774015169562 4.25 -73.5 5.424156065963627 7 
0011 0005 1666774015223860 -34.9375 -61.5 0.1595340019401067 7 
0011 0014 1666774015224986 134.25 -69.0 0.9265243958829272 7 
0011 0004 1666774015226210 -17.0625 -67.0 5.853670686571607 7 
0011 0010 1666774015227617 -13.0 -65.5 6.019340611663256 7 
0011 0013 1666774015228967 -4.0625 -57.0 1.4419419406125027 7 
0011 0014 1666774015329952 -21.9375 -67.5 0.521553467881118 7 
0011 0010 1666774015331376 95.1875 -68.5 0.37429131224409645 7 
0011 0004 1666774015333888 34.9375 -66.5 4.362641360746763 7 
0011 0013 1666774015335185 43.125 -56.0 1.7855536370988863 7 
0011 0006 1666774015336295 13.0 -66.0 1.1228739367322893 7 
0011 0015 1666774015440827 0.875 -72.5 5.64504929941916 7 
0011 0009 1666774015449249 -0.8125 -75.5 4.847379289718626 7 
0011 0006 1666774015467068 -30.0625 -64.5 1.3437671701878218 7 
0011 0013 1666774015469682 56.125 -62.0 2.2518837966161214 7 
0011 0010 1666774015471101 30.0625 -69.0 1.5830681730979816 7 
0011 0015 1666774015472069 30.0625 -67.0 2.6384469551633027 7 
0011 0014 1666774015472968 65.0625 -70.0 4.086524818927348 7 
0011 0009 1666774015512345 8.0625 -76.0 4.988505522204105 7 
0011 0010 1666774015574291 52.0625 -68.5 2.8961557275280905 7 
0011 0013 1666774015577085 21.9375 -61.0 2.890019804376548 7 
0011 0005 1666774015578648 17.0625 -70.0 2.675262494072558 7 
0011 0006 1666774015582193 -78.0625 -66.5 0.8222137023067037 7 
0011 0015 1666774015583074 61.0 -68.0 3.56497135104623 7 
0011 0014 1666774015592061 3.25 -71.5 0.8927768185494431 7 
0011 0009 1666774015663518 -7.1875 -77.0 5.767767762450011 7 
0011 0015 1666774015691700 13.0 -68.0 3.5588354278946874 7 
0011 0013 1666774015692924 -30.0625 -62.0 3.890175278077986 7 
0011 0014 1666774015693808 -100.0625 -64.5 5.080544369477243 7 
0011 0010 1666774015697368 39.0 -64.0 4.448544284868359 7 
0011 0005 1666774015698291 -17.0625 -65.0 2.6261751088602177 7 
0011 0004 1666774015708376 11.75 -69.5 0.619728238305799 7 
0011 0014 1666774015796101 48.0 -66.5 5.743224069843841 7 
0011 0005 1666774015797222 52.0625 -64.5 2.8532042654672924 7 
0011 0010 1666774015798731 69.125 -67.5 5.890486225480862 7 
0011 0013 1666774015799908 -8.9375 -65.5 5.270757987175063 7 
0011 0015 1666774015801757 -126.125 -68.5 3.859495662320273 7 
0011 0004 1666774015803208 -34.9375 -60.0 2.564815877344792 7 
0011 0005 1666774015906070 -8.9375 -63.5 3.6017868899554855 7 
0011 0010 1666774015906958 -65.0625 -65.5 2.0923497946760143 7 
0011 0014 1666774015907899 -113.0625 -67.0 5.927301764390117 7 
0011 0015 1666774015908821 -8.9375 -64.0 5.565282298449106 7 
0011 0013 1666774015909719 -17.0625 -58.5 2.742757648739526 7 
0011 0004 1666774016005898 7.0625 -73.0 5.749359992995383 7 
0011 0015 1666774016101580 -277.4375 -69.0 0.607456392002714 7 
0011 0005 1666774016102970 -95.1875 -65.5 3.6263305825616556 7 
0011 0004 1666774016107185 95.1875 -60.5 4.528311285838413 7 
0011 0014 1666774016108112 -95.1875 -70.0 0.09817477042468103 7 
0011 0011 1666774016110614 -39.0 -65.0 5.227806525114265 7 
0011 0014 1666774016208025 269.3125 -71.0 5.706408530934585 7 
0011 0015 1666774016209684 34.9375 -66.5 1.6382914814618648 7 
0011 0011 1666774016211405 -69.125 -64.0 6.270913460876501 7 
0011 0004 1666774016213127 30.0625 -65.5 5.6143696836614465 7 
0011 0005 1666774016214061 0.0 -66.5 2.773437264497239 7 
0011 0006 1666774016226018 20.75 -70.5 2.8716120349219203 7 
0011 0012 1666774016268706 -4.6875 -71.5 4.890330751779424 7 
0011 0012 1666774016320467 -8.9375 -66.0 2.184388641949153 7 
0011 0006 1666774016321409 -56.125 -61.0 0.4479223900626072 7 
0011 0015 1666774016322815 4.0625 -64.5 1.9819031779482483 7 
0011 0011 1666774016323941 17.0625 -61.0 0.14112623248547898 7 
0011 0010 1666774016324852 -13.0 -69.5 2.1905245651006955 7 
0011 0005 1666774016326374 134.25 -66.5 2.3930100291016 7 
0011 0014 1666774016370444 -1.9375 -74.5 0.3620194659410113 7 
0011 0011 1666774016426281 -48.0 -60.0 0.6013204688511713 7 
0011 0006 1666774016430700 -13.0 -61.0 1.1044661672776617 7 
0011 0015 1666774016432991 -34.9375 -66.5 3.3195344249845276 7 
0011 0005 1666774016436836 108.1875 -68.0 2.509592568980909 7 
0011 0012 1666774016437974 34.9375 -62.5 3.141592653589793 7 
0011 0010 1666774016456695 4.875 -72.5 6.2034183062095325 7 
0011 0011 1666774016541767 -13.0 -61.5 1.3867186322486196 7 
0011 0015 1666774016543088 -95.1875 -65.5 4.491495746929157 7 
0011 0010 1666774016544000 -39.0 -69.5 4.01902966426038 7 
0011 0012 1666774016545123 30.0625 -64.0 3.9453985864418692 7 
0011 0006 1666774016546008 100.0625 -62.0 1.607611865704152 7 
0011 0007 1666774016638310 2.9375 -74.5 4.454680208019902 7 
0011 0006 1666774016659331 48.0 -64.0 2.2027964114037806 7 
0011 0010 1666774016662764 -34.9375 -68.0 4.749204519293945 7 
0011 0011 1666774016664486 -43.125 -67.0 3.1354567304382504 7 
0011 0007 1666774016666278 48.0 -71.0 1.8285050991596843 7 
0011 0012 1666774016667657 4.0625 -64.0 3.6079228131070282 7 
0011 0013 1666774016767731 -21.9375 -70.5 4.871922982324796 7 
0011 0012 1666774016768899 56.125 -65.0 4.104932588381976 7 
0011 0011 1666774016770409 -113.0625 -68.0 6.154330920997192 7 
0011 0005 1666774016771785 65.0625 -61.0 3.098641191528995 7 
0011 0010 1666774016806732 18.75 -73.5 5.583690067903734 7 
0011 0004 1666774016860928 -2.6875 -75.0 0.1349903093339364 7 
0011 0007 1666774016878917 7.5 -74.0 0.5951845456996288 7 
0011 0004 1666774016894480 -121.25 -69.5 0.19634954084936207 7 
0011 0005 1666774016896000 -13.0 -61.5 5.135767677841127 7 
0011 0012 1666774016897141 26.0 -69.5 6.252505691421874 7 
0011 0011 1666774016905493 -4.0625 -63.5 1.8530487917658545 7 
0011 0013 1666774016906435 -69.125 -60.0 5.240078371417351 7 
0011 0003 1666774016958121 -4.875 -78.0 0.760854470791278 7 
0011 0010 1666774016961807 5.9375 -74.5 3.4913402732277192 7 
0011 0005 1666774017014693 -52.0625 -65.5 3.902447124381071 7 
0011 0011 1666774017015561 -65.0625 -62.5 3.8533597391687304 7 
0011 0013 1666774017018348 -17.0625 -60.0 6.252505691421874 7 
0011 0010 1666774017020984 69.125 -65.5 3.890175278077986 7 
0011 0004 1666774017023018 104.125 -68.0 4.614214209960009 7 
0011 0009 1666774017045963 0.0 -77.0 5.436427912266712 7 
0011 0008 1666774017079122 -0.4375 -78.0 1.0615147052168636 7 
0011 0006 1666774017101679 1.75 -70.0 4.362641360746763 7 
0011 0014 1666774017125864 -2.625 -70.5 5.332117218690489 7 
0011 0013 1666774017140419 -13.0 -56.5 0.7424467013366504 7 
0011 0005 1666774017142622 -61.0 -66.0 1.3008157081270237 7 
0011 0006 1666774017144280 8.9375 -65.5 1.012427320004523 7 
0011 0014 1666774017145436 -117.125 -66.0 5.350524988145116 7 
0011 0011 1666774017146602 -39.0 -61.0 5.056000676871073 7 
0011 0010 1666774017147756 34.9375 -65.0 4.675573441475434 7 
0011 0004 1666774017148924 34.9375 -65.5 3.3624858870453256 7 
0011 0008 1666774017177771 53.25 -75.0 5.442563835418255 7 
0011 0009 1666774017194078 7.3125 -76.0 1.337631247036279 7 
0011 0009 1666774017266845 -308.375 -73.5 5.4671075280244255 7 
0011 0005 1666774017269624 -21.9375 -66.5 6.154330920997192 7 
0011 0008 1666774017270480 13.0 -70.0 1.086058397823034 7 
0011 0004 1666774017271392 17.0625 -67.0 2.8286605728611223 7 
0011 0011 1666774017273058 69.125 -64.5 5.638913376267617 7 
0011 0010 1666774017273969 -82.1875 -65.0 6.178874613603362 7 
0011 0015 1666774017274881 -78.0625 -71.0 0.11044661672776616 7 
0011 0013 1666774017276274 -61.0 -57.5 1.8100973297050567 7 
0011 0014 1666774017278821 156.1875 -68.5 1.0983302441261191 7 
0011 0004 1666774017377289 34.9375 -65.0 3.172272269347506 7 
0011 0014 1666774017378261 -290.5 -73.0 0.07363107781851078 7 
0011 0015 1666774017379593 -34.9375 -67.5 0.5276893910326605 7 
0011 0013 1666774017380760 17.0625 -61.0 2.2089323345553233 7 
0011 0010 1666774017381943 -186.3125 -66.0 0.7792622402459057 7 
0011 0008 1666774017383547 34.9375 -64.0 3.0127382674073995 7 
0011 0005 1666774017385509 82.1875 -66.5 0.3313398501832985 7 
0011 0011 1666774017386575 -4.0625 -68.0 0.8958447801252144 7 
0011 0005 1666774017492849 -65.0625 -69.5 1.055378782065321 7 
0011 0006 1666774017493734 -26.0 -66.5 0.2270291566070749 7 
0011 0004 1666774017494913 -21.9375 -61.0 4.23378697456437 7 
0011 0010 1666774017496776 113.0625 -69.5 2.2396119503130363 7 
0011 0014 1666774017499755 -8.9375 -65.5 2.0923497946760143 7 
0011 0008 1666774017501281 -34.9375 -66.0 3.9208548938356986 7 
0011 0013 1666774017504328 61.0 -64.0 2.6875343403756435 7 
0011 0011 1666774017505354 65.0625 -68.5 2.5157284921324514 7 
0011 0012 1666774017580510 8.0 -76.5 1.1965050145508 7 
0011 0010 1666774017607367 -56.125 -64.0 4.571262747899211 7 
0011 0013 1666774017609668 30.0625 -62.0 4.442408361716817 7 
0011 0011 1666774017610569 -134.25 -69.0 3.6386024288647407 7 
0011 0014 1666774017612897 30.0625 -65.5 3.411573272257666 7 
0011 0012 1666774017615591 -21.9375 -67.5 4.417864669110647 7 
0011 0008 1666774017619435 95.1875 -72.5 4.147884050442774 7 
0011 0006 1666774017663845 1.625 -71.5 0.07976700097005335 7 
0011 0005 1666774017699720 1.9375 -71.5 2.5770877236478773 7 
0011 0004 1666774017718050 -3.1875 -70.5 5.853670686571607 7 
0011 0004 1666774017731479 -52.0625 -67.5 6.117515382087937 7 
0011 0014 1666774017732644 21.9375 -68.0 5.080544369477243 7 
0011 0010 1666774017733556 30.0625 -62.5 0.3865631585471816 7 
0011 0013 1666774017734554 -65.0625 -58.5 5.595961914206819 7 
0011 0005 1666774017736188 -39.0 -64.5 6.074563920027139 7 
0011 0011 1666774017737797 195.25 -71.5 4.3503695144436785 7 
0011 0008 1666774017784729 3.8125 -79.5 0.705631162427395 7 
0011 0006 1666774017791143 4.0625 -71.0 0.2761165418194154 7 
0011 0004 1666774017850023 -121.25 -69.0 2.1353012567368124 7 
0011 0006 1666774017851575 -26.0 -69.5 5.086680292628786 7 
0011 0013 1666774017852739 4.0625 -57.0 1.846912868614312 7 
0011 0014 1666774017853655 -230.25 -69.0 4.9823695990525625 7 
0011 0010 1666774017858309 56.125 -61.0 2.693670263527186 7 
0011 0005 1666774017859200 -8.9375 -60.0 0.36815538909255385 7 
0011 0008 1666774017877395 -12.9375 -77.5 2.1230294104337273 7 
0011 0011 1666774017933486 2.1875 -72.5 2.454369260617026 7 
0011 0005 1666774017965223 -147.25 -66.0 6.234097921967246 7 
0011 0012 1666774017966513 65.0625 -61.5 5.6143696836614465 7 
0011 0015 1666774017968518 -78.0625 -61.0 0.9817477042468103 7 
0011 0011 1666774017969684 74.0 -67.5 3.0372819600135696 7 
0011 0010 1666774017971332 130.1875 -67.0 3.6447383520162835 7 
0011 0008 1666774018004176 -13.875 -76.5 0.521553467881118 7 
0011 0006 1666774018035376 3.1875 -67.5 5.724816300389213 7 
0011 0004 1666774018093631 0.625 -72.0 0.9019807032767571 7 
0011 0010 1666774018100164 17.0625 -64.0 5.086680292628786 7 
0011 0011 1666774018102041 -13.0 -63.0 4.565126824747668 7 
0011 0004 1666774018103239 178.1875 -70.5 0.9878836273983529 7 
0011 0008 1666774018105526 -91.125 -72.0 5.724816300389213 7 
0011 0012 1666774018106480 17.0625 -56.0 0.46019423636569234 7 
0011 0015 1666774018108356 34.9375 -68.5 0.5767767762450011 7 
0011 0005 1666774018109775 -26.0 -60.5 3.5158839658338894 7 
0011 0006 1666774018112023 -56.125 -66.0 0.8528933180644165 7 
0011 0005 1666774018210066 17.0625 -59.0 3.018874190558942 7 
0011 0012 1666774018215525 -61.0 -56.0 0.9633399347921826 7 
0011 0011 1666774018216673 0.0 -62.5 5.123495831538041 7 
0011 0010 1666774018218212 -52.0625 -63.5 0.11658253987930872 7 
0011 0015 1666774018219251 113.0625 -63.0 5.21553467881118 7 
0011 0008 1666774018229016 59.8125 -74.5 0.8191457407309324 7 
0011 0006 1666774018263211 -0.75 -72.5 5.4671075280244255 7 
0011 0014 1666774018320640 6.375 -73.0 4.399456899656019 7 
0011 0006 1666774018328168 -30.0625 -65.5 2.411417798556228 7 
0011 0012 1666774018329718 -13.0 -57.0 1.3314953238847365 7 
0011 0011 1666774018331457 -52.0625 -62.0 5.700272607783043 7 
0011 0005 1666774018333768 0.0 -60.0 2.7979809571034093 7 
0011 0010 1666774018335149 30.0625 -67.5 0.21475731030398976 7 
0011 0008 1666774018336768 139.125 -69.5 2.60776733940559 7 
0011 0008 1666774018435354 -26.0 -68.0 4.227651051412827 7 
0011 0005 1666774018436776 -156.1875 -64.0 3.442252888015379 7 
0011 0011 1666774018438809 -17.0625 -64.5 0.5092816215780329 7 
0011 0012 1666774018439708 -43.125 -56.5 1.8530487917658545 7 
0011 0006 1666774018442707 39.0 -66.0 2.8777479580734626 7 
0011 0010 1666774018444839 -100.0625 -70.5 1.2578642460662257 7 
0011 0009 1666774018483483 6.0625 -75.0 1.6996507129772904 7 
0011 0004 1666774018537953 4.625 -74.5 1.030835089459151 7 
0011 0012 1666774018554531 26.0 -55.5 2.1598449493429825 7 
0011 0011 1666774018556280 74.0 -69.5 2.6323110320117604 7 
0011 0008 1666774018558849 329.5625 -70.5 4.816699673960914 7 
0011 0006 1666774018560442 34.9375 -69.0 2.454369260617026 7 
0011 0010 1666774018561751 65.0625 -71.0 2.6261751088602177 7 
0011 0004 1666774018562651 199.375 -70.5 1.1719613219446299 7 
0011 0005 1666774018585588 1.625 -70.5 2.0064468705544187 7 
0011 0015 1666774018614224 3.0 -73.5 4.798291904506286 7 
0011 0004 1666774018668015 0.0 -68.5 1.846912868614312 7 
0011 0013 1666774018668962 121.25 -69.5 2.9391071895888885 7 
0011 0012 1666774018669870 -8.9375 -56.0 2.859340188618835 7 
0011 0006 1666774018671041 61.0 -67.0 1.6137477888556946 7 
0011 0008 1666774018673431 -13.0 -73.0 0.1227184630308513 7 
0011 0011 1666774018675550 30.0625 -62.5 5.546874528994478 7 
0011 0005 1666774018678271 0.0 -61.0 3.6876898140770815 7 
0011 0015 1666774018680265 -39.0 -65.0 5.166447293598839 7 
0011 0006 1666774018779334 91.125 -70.0 5.66959299202533 7 
0011 0011 1666774018780672 -117.125 -64.0 1.0737865515199487 7 
0011 0005 1666774018781837 -56.125 -66.0 0.6258641614573416 7 
0011 0012 1666774018783244 8.9375 -61.0 5.221670601962723 7 
0011 0013 1666774018784681 69.125 -65.0 2.8961557275280905 7 
0011 0015 1666774018785833 -69.125 -64.0 4.381049130201391 7 
0011 0004 1666774018843435 -1.625 -70.5 0.705631162427395 7 
0011 0008 1666774018875884 1.75 -77.5 0.7731263170943632 7 
0011 0015 1666774018903039 -34.9375 -64.0 4.675573441475434 7 
0011 0004 1666774018904434 -87.0625 -62.5 2.9145634969827183 7 
0011 0013 1666774018906707 -13.0 -60.5 4.608078286808466 7 
0011 0011 1666774018908725 21.9375 -67.0 3.2643111166206444 7 
0011 0005 1666774018911382 -4.0625 -57.0 4.71238898038469 7 
0011 0008 1666774018930029 -32.5 -75.0 4.706253057233147 7 
0011 0012 1666774018955616 25.0 -78.0 4.632621979414636 7 
0011 0014 1666774019017583 -1.125 -71.5 1.5462526341887264 7 
0011 0004 1666774019031971 87.0625 -63.0 0.9694758579437253 7 
0011 0013 1666774019033580 -65.0625 -62.0 5.688000761479957 7 
0011 0005 1666774019034986 143.1875 -70.5 4.503767593232243 7 
0011 0009 1666774019036169 52.0625 -73.0 5.559146375297564 7 
0011 0015 1666774019037307 -117.125 -66.0 5.460971604872882 7 
0011 0014 1666774019038402 43.125 -68.0 2.172116795646068 7 
0011 0008 1666774019041030 -13.0 -71.5 5.988660995905543 7 
0011 0014 1666774019138944 -65.0625 -62.5 5.626641529964532 7 
0011 0013 1666774019140381 48.0 -63.0 1.4051264017032472 7 
0011 0006 1666774019142131 100.0625 -64.5 4.6448938257177215 7 
0011 0015 1666774019143055 -39.0 -61.0 4.626486056263094 7 
0011 0008 1666774019146436 -173.3125 -69.5 2.0064468705544187 7 
0011 0005 1666774019147301 17.0625 -64.0 0.8958447801252144 7 
0011 0004 1666774019148244 -52.0625 -64.0 0.03681553890925539 7 
0011 0010 1666774019150085 87.0625 -70.0 0.35588354278946877 7 
0011 0009 1666774019157213 30.0625 -71.5 0.5399612373357456 7 
0011 0010 1666774019163807 17.4375 -71.5 3.5711072741977725 7 
0011 0011 1666774019281818 6.125 -74.0 2.018718716857504 7 
0011 0004 1666774019293440 4.0625 -65.5 0.9878836273983529 7 
0011 0006 1666774019294611 34.9375 -68.5 5.062136600022616 7 
0011 0013 1666774019296376 95.1875 -62.5 1.9082721001297376 7 
0011 0015 1666774019297740 -26.0 -60.0 5.178719139901925 7 
0011 0014 1666774019298668 195.25 -71.5 4.743068596142402 7 
0011 0010 1666774019299834 160.3125 -71.5 1.423534171157875 7 
0011 0008 1666774019302649 117.125 -69.0 3.706097583531709 7 
0011 0009 1666774019363466 -8.5 -76.5 5.534602682691394 7 
0011 0015 1666774019415032 78.0625 -63.0 5.71868037723767 7 
0011 0004 1666774019416514 26.0 -66.5 3.215223731408304 7 
0011 0013 1666774019417920 -52.0625 -65.0 4.01902966426038 7 
0011 0010 1666774019419272 -121.25 -71.5 3.54042765844006 7 
0011 0005 1666774019423769 61.0 -69.0 6.062292073724054 7 
0011 0006 1666774019432195 37.0 -70.0 6.224894037239932 7 
0011 0009 1666774019484127 -20.25 -76.5 0.6013204688511713 7 
0011 0014 1666774019506686 4.25 -68.0 3.9576704327449543 7 
0011 0008 1666774019570776 5.0625 -77.0 0.4908738521234052 7 
0011 0014 1666774019578065 43.125 -71.0 1.6935147898257479 7 
0011 0004 1666774019579814 -30.0625 -62.5 2.110757564130642 7 
0011 0010 1666774019581221 39.0 -70.0 5.994796919057086 7 
0011 0012 1666774019582985 178.1875 -72.0 5.246214294568893 7 
0011 0009 1666774019584140 -269.3125 -71.5 5.2339424482658075 7 
0011 0005 1666774019585290 4.0625 -64.0 0.30679615757712825 7 
0011 0013 1666774019586474 -21.9375 -62.0 3.988350048502667 7 
0011 0015 1666774019589329 147.25 -70.0 6.000932842208628 7 
0011 0008 1666774019613350 3.1875 -75.5 4.442408361716817 7 
0011 0010 1666774019689543 -21.9375 -66.5 0.7179030087304801 7 
0011 0015 1666774019692099 -95.1875 -69.0 2.055534255766759 7 
0011 0005 1666774019693093 -91.125 -60.5 5.896622148632405 7 
0011 0013 1666774019694021 -95.1875 -63.5 5.798447378207723 7 
0011 0012 1666774019695413 43.125 -67.0 5.148039524144211 7 
0011 0014 1666774019699504 204.25 -70.5 1.141281706186917 7 
0011 0009 1666774019707578 -169.25 -74.5 1.3069516312785663 7 
0011 0008 1666774019725111 55.3125 -73.5 2.6046993778298186 7 
0011 0004 1666774019741357 -11.4375 -73.0 6.234097921967246 7 
0011 0003 1666774019747013 24.375 -77.0 6.068427996875596 7 
0011 0007 1666774019777598 2.4375 -73.0 5.988660995905543 7 
0011 0004 1666774019826520 104.125 -71.5 5.982525072754001 7 
0011 0007 1666774019827743 108.1875 -66.0 2.7857091108003242 7 
0011 0015 1666774019831290 -34.9375 -62.5 5.4671075280244255 7 
0011 0012 1666774019832708 0.0 -54.0 2.12916533358527 7 
0011 0008 1666774019833596 39.0 -73.0 4.417864669110647 7 
0011 0005 1666774019834519 8.9375 -60.5 5.970253226450915 7 
0011 0011 1666774019836918 -17.0625 -61.5 4.0558452031696355 7 
0011 0009 1666774019838142 -26.0 -70.5 2.098485717827557 7 
0011 0010 1666774019922115 -1.125 -71.0 1.4358060174609601 7 
0011 0006 1666774019947025 2.9375 -73.0 0.6810874698212247 7 
0011 0012 1666774019953434 -13.0 -55.5 2.7120780329818137 7 
0011 0006 1666774019955910 139.125 -67.5 0.8958447801252144 7 
0011 0011 1666774019957091 -48.0 -61.5 5.264622064023521 7 
0011 0005 1666774019959349 87.0625 -64.5 5.5100589900852235 7 
0011 0007 1666774019960305 -26.0 -61.5 5.663457068873787 7 
0011 0004 1666774019961909 -4.0625 -63.5 5.418020142812084 7 
0011 0010 1666774019964421 -121.25 -68.0 5.043728830567988 7 
0011 0008 1666774019966296 -43.125 -69.0 0.4356505437595221 7 
0011 0009 1666774019968657 -286.4375 -74.0 4.362641360746763 7 
