0011 0014 1666774708463257 39.0 -66.5 0.8835729338221293 8 
0011 0013 1666774708464111 65.0625 -57.0 1.0676506283684062 8 
0011 0015 1666774708465804 -113.0625 -71.5 1.3867186322486196 8 
0011 0005 1666774708467209 -30.0625 -64.5 2.6016314162540475 8 
0011 0007 1666774708516244 7.3125 -78.0 5.123495831538041 8 
0011 0010 1666774708549244 -0.4375 -73.0 1.7916895602504288 8 
0011 0004 1666774708569578 -0.1875 -72.0 0.30066023442558565 8 
0011 0005 1666774708584303 4.0625 -66.0 0.7363107781851077 8 
0011 0015 1666774708585458 82.1875 -65.5 1.380582709097077 8 
0011 0014 1666774708588203 30.0625 -62.5 1.2640001692177683 8 
0011 0013 1666774708589938 -26.0 -59.5 2.82252464970958 8 
0011 0010 1666774708591205 195.25 -71.0 2.552544031041707 8 
0011 0004 1666774708592187 4.0625 -66.0 3.749049045592507 8 
0011 0010 1666774708601237 32.5 -71.5 5.887418263905091 8 
0011 0006 1666774708620485 1.625 -70.0 5.743224069843841 8 
0011 0010 1666774708692176 -126.125 -69.0 4.7860200582032 8 
0011 0015 1666774708693427 -13.0 -62.5 2.0800779483729293 8 
0011 0014 1666774708694579 61.0 -60.5 1.325359400733194 8 
0011 0005 1666774708695487 -4.0625 -57.0 2.055534255766759 8 
0011 0013 1666774708696884 195.25 -69.5 4.534447208989955 8 
0011 0004 1666774708699028 -34.9375 -59.5 5.491651220630596 8 
0011 0006 1666774708699926 78.0625 -67.0 5.21553467881118 8 
0011 0012 1666774708722960 27.5625 -72.0 0.8713010875190442 8 
0011 0004 1666774708804067 8.9375 -61.5 1.4603497100671303 8 
0011 0014 1666774708805308 34.9375 -62.5 1.3008157081270237 8 
0011 0012 1666774708807380 -113.0625 -64.5 5.117359908386499 8 
0011 0006 1666774708810517 43.125 -70.5 4.3933209765044765 8 
0011 0005 1666774708811439 26.0 -57.0 2.705942109830271 8 
0011 0015 1666774708902867 6.625 -73.0 6.22182607566416 8 
0011 0013 1666774708915218 2.5 -74.5 0.380427235395639 8 
0011 0005 1666774708923864 56.125 -59.0 3.3870295796514958 8 
0011 0011 1666774708928492 -8.9375 -65.5 4.945554060143307 8 
0011 0014 1666774708930525 -21.9375 -59.5 1.214912784005428 8 
0011 0015 1666774708931550 8.9375 -63.5 3.822680123411018 8 
0011 0013 1666774708933880 126.125 -71.5 1.184233168247715 8 
0011 0012 1666774708935156 0.0 -69.0 5.810719224510809 8 
0011 0010 1666774708941857 4.4375 -72.0 5.6573211457222445 8 
0011 0004 1666774708986102 6.8125 -70.5 3.834951969714103 8 
0011 0009 1666774709020811 3.375 -74.5 6.1850105367549055 8 
0011 0006 1666774709032901 1.25 -71.0 6.1420590746941075 8 
0011 0010 1666774709048487 286.4375 -71.5 5.332117218690489 8 
0011 0009 1666774709049610 -34.9375 -69.0 3.749049045592507 8 
0011 0014 1666774709052714 -69.125 -60.5 2.2580197197676637 8 
0011 0004 1666774709054023 -8.9375 -58.0 1.7794177139473437 8 
0011 0006 1666774709055732 -13.0 -67.0 0.04295146206079795 8 
0011 0005 1666774709056627 26.0 -61.5 3.663146121470911 8 
0011 0013 1666774709082088 -18.75 -75.5 1.0983302441261191 8 
0011 0012 1666774709139218 -0.1875 -74.0 0.19634954084936207 8 
0011 0011 1666774709161691 91.125 -71.0 0.8651651643675016 8 
0011 0004 1666774709162588 -13.0 -64.0 3.7551849687440497 8 
0011 0009 1666774709167078 -186.3125 -71.0 6.043884304269426 8 
0011 0014 1666774709167976 61.0 -62.0 2.043262409463674 8 
0011 0005 1666774709169534 21.9375 -63.0 3.9208548938356986 8 
0011 0012 1666774709173442 69.125 -72.0 3.736777199289422 8 
0011 0010 1666774709229997 0.0 -75.5 2.405281875404685 8 
0011 0001 1666774709234345 -2.125 -74.0 6.234097921967246 8 
0011 0012 1666774709282702 -178.1875 -68.0 5.71868037723767 8 
0011 0015 1666774709284722 139.125 -69.0 4.06811704947272 8 
0011 0004 1666774709287667 78.0625 -67.0 3.436116964863836 8 
0011 0011 1666774709288808 -65.0625 -69.5 3.2213596545598464 8 
0011 0005 1666774709290015 -134.25 -66.5 4.491495746929157 8 
0011 0014 1666774709290914 -30.0625 -63.5 2.5280003384355365 8 
0011 0009 1666774709294728 21.9375 -72.0 2.2027964114037806 8 
0011 0010 1666774709296011 113.0625 -73.0 3.356349963893783 8 
0011 0001 1666774709311690 -16.3125 -72.5 4.2092432819582 8 
0011 0011 1666774709395847 -87.0625 -68.0 5.896622148632405 8 
0011 0009 1666774709399312 82.1875 -73.5 4.7860200582032 8 
0011 0004 1666774709400204 0.0 -62.0 4.9823695990525625 8 
0011 0012 1666774709401121 -61.0 -71.0 2.1598449493429825 8 
0011 0013 1666774709411060 50.0 -73.0 4.647961787293493 8 
0011 0005 1666774709454012 -3.1875 -72.0 2.650718801466388 8 
0011 0008 1666774709491939 -7.5 -77.5 1.055378782065321 8 
0011 0010 1666774709506387 5.3125 -75.0 0.07976700097005335 8 
0011 0011 1666774709515839 -108.1875 -64.0 2.834796496012665 8 
0011 0005 1666774709516803 -8.9375 -63.5 0.06135923151542565 8 
0011 0013 1666774709517731 -17.0625 -61.5 0.12885438618239387 8 
0011 0004 1666774709519648 -113.0625 -65.0 6.22182607566416 8 
0011 0010 1666774709520644 -108.1875 -72.5 4.000621894805752 8 
0011 0009 1666774709521559 -104.125 -71.5 1.662835174068035 8 
0011 0010 1666774709616056 74.0 -66.0 5.902758071783947 8 
0011 0004 1666774709618289 -225.375 -69.5 0.4540583132141498 8 
0011 0013 1666774709619823 -13.0 -61.5 0.5522330836388308 8 
0011 0011 1666774709620977 -74.0 -63.5 4.743068596142402 8 
0011 0014 1666774709621932 -43.125 -70.0 2.1905245651006955 8 
0011 0009 1666774709624181 -195.25 -73.0 2.9575149590435164 8 
0011 0005 1666774709668344 -0.4375 -70.5 6.019340611663256 8 
0011 0006 1666774709674740 -0.4375 -71.5 0.30066023442558565 8 
0011 0001 1666774709721129 -1.9375 -74.5 4.190835512503572 8 
0011 0009 1666774709736083 -21.9375 -72.0 4.816699673960914 8 
0011 0005 1666774709737024 104.125 -61.0 1.1903690913992575 8 
0011 0011 1666774709740124 -230.25 -66.0 0.4663301595172349 8 
0011 0006 1666774709741079 -104.125 -70.0 2.718213956133356 8 
0011 0004 1666774709742489 74.0 -69.0 6.2463697682703305 8 
0011 0013 1666774709743630 -34.9375 -59.0 0.944932165337555 8 
0011 0010 1666774709744570 21.9375 -58.5 1.0246991663076084 8 
0011 0014 1666774709747692 65.0625 -69.0 1.0983302441261191 8 
0011 0001 1666774709772399 1.625 -72.5 1.214912784005428 8 
0011 0010 1666774709846344 -26.0 -60.5 2.4605051837685683 8 
0011 0013 1666774709849553 8.9375 -56.5 2.0064468705544187 8 
0011 0014 1666774709850823 104.125 -66.5 4.865787059173254 8 
0011 0011 1666774709852897 -43.125 -66.0 1.705786636128833 8 
0011 0008 1666774709861669 30.0625 -72.5 2.1782527187976104 8 
0011 0005 1666774709896532 1.1875 -69.0 1.7548740213411735 8 
0011 0014 1666774709960855 -34.9375 -60.5 2.184388641949153 8 
0011 0013 1666774709961810 39.0 -60.5 3.6324665057131984 8 
0011 0005 1666774709964961 -26.0 -62.0 2.9145634969827183 8 
0011 0010 1666774709967097 61.0 -63.5 4.724660826687775 8 
0011 0011 1666774709970045 65.0625 -66.5 3.8533597391687304 8 
0011 0008 1666774709971864 -65.0625 -70.5 4.509903516383785 8 
0011 0012 1666774709973439 52.0625 -72.5 1.0921943209745766 8 
0011 0011 1666774710069694 -61.0 -65.5 5.93343768754166 8 
0011 0013 1666774710071780 -121.25 -63.5 5.553010452146021 8 
0011 0010 1666774710073018 -26.0 -63.0 0.35588354278946877 8 
0011 0005 1666774710074222 8.9375 -64.0 5.47937937432751 8 
0011 0014 1666774710077872 8.9375 -70.5 5.43029198911517 8 
0011 0007 1666774710082785 303.5 -72.5 3.184544115650591 8 
0011 0004 1666774710107853 2.4375 -69.0 1.8285050991596843 8 
0011 0001 1666774710111253 -7.3125 -71.5 5.50392306693368 8 
0011 0008 1666774710186071 10.4375 -77.5 5.835262917116979 8 
0011 0004 1666774710199755 -4.0625 -60.5 0.17794177139473438 8 
0011 0011 1666774710202030 -121.25 -67.5 2.380738182798515 8 
0011 0010 1666774710203524 -21.9375 -64.5 2.767301341345697 8 
0011 0005 1666774710205310 4.0625 -58.0 2.0493983326152168 8 
0011 0013 1666774710207988 30.0625 -61.5 2.3930100291016 8 
0011 0008 1666774710240297 23.625 -76.5 4.289010282928253 8 
0011 0010 1666774710320853 -52.0625 -66.0 5.013049214810275 8 
0011 0014 1666774710322260 -13.0 -67.0 5.632777453116074 8 
0011 0004 1666774710323189 169.25 -65.0 2.8716120349219203 8 
0011 0015 1666774710324414 -34.9375 -66.0 1.576932249946439 8 
0011 0011 1666774710325355 -30.0625 -66.5 5.522330836388308 8 
0011 0005 1666774710326731 39.0 -57.5 3.429981041712294 8 
0011 0013 1666774710328142 -26.0 -70.0 4.405592822807561 8 
0011 0012 1666774710331521 30.0625 -63.0 0.7792622402459057 8 
0011 0008 1666774710338656 199.375 -74.0 6.0991076126333095 8 
0011 0006 1666774710371233 2.4375 -70.5 0.4049709280018093 8 
0011 0014 1666774710436722 -186.3125 -67.5 5.448699758569798 8 
0011 0010 1666774710437687 0.0 -64.0 0.521553467881118 8 
0011 0012 1666774710439733 0.0 -59.5 0.9510680884890975 8 
0011 0011 1666774710440650 -26.0 -68.0 2.509592568980909 8 
0011 0006 1666774710443885 -56.125 -69.5 4.921010367537137 8 
0011 0004 1666774710446810 34.9375 -56.0 2.1598449493429825 8 
0011 0008 1666774710448332 43.125 -72.0 1.4173982480063325 8 
0011 0005 1666774710449284 -13.0 -60.0 4.577398671050753 8 
0011 0015 1666774710496585 5.0 -70.0 5.565282298449106 8 
0011 0005 1666774710548251 -17.0625 -59.5 4.399456899656019 8 
0011 0015 1666774710550467 17.0625 -67.0 2.9575149590435164 8 
0011 0010 1666774710551408 65.0625 -65.5 2.9513790358919736 8 
0011 0011 1666774710552547 61.0 -62.5 3.5465635815916023 8 
0011 0012 1666774710553921 0.0 -58.5 2.067806102069844 8 
0011 0014 1666774710555581 -108.1875 -65.0 6.277049384028044 8 
0011 0004 1666774710556478 -43.125 -59.5 5.9088939949354895 8 
0011 0008 1666774710560534 13.0 -74.0 3.043417883165112 8 
0011 0009 1666774710600262 17.8125 -75.0 0.619728238305799 8 
0011 0011 1666774710658999 30.0625 -68.5 4.221515128261284 8 
0011 0005 1666774710660462 -34.9375 -61.0 4.3933209765044765 8 
0011 0010 1666774710662455 212.375 -70.0 3.847223816017188 8 
0011 0004 1666774710663394 -21.9375 -67.5 4.6878452877785195 8 
0011 0012 1666774710664292 21.9375 -60.0 3.77972866135022 8 
0011 0015 1666774710666125 87.0625 -68.0 1.4971652489763858 8 
0011 0009 1666774710667038 26.0 -67.5 6.129787228391022 8 
0011 0008 1666774710667909 -156.1875 -67.0 0.006135923151542565 8 
0011 0008 1666774710767724 -61.0 -67.5 1.6444274046134073 8 
0011 0004 1666774710768635 -61.0 -60.0 2.5034566458293663 8 
0011 0006 1666774710771816 130.1875 -67.5 1.4296700943094176 8 
0011 0012 1666774710773831 8.9375 -63.0 4.246058820867455 8 
0011 0005 1666774710775898 -48.0 -63.0 4.76147636559703 8 
0011 0010 1666774710776908 -17.0625 -67.0 5.7616318392984684 8 
0011 0001 1666774710791066 -1.1875 -72.0 0.42337869745643697 8 
0011 0011 1666774710801314 26.0625 -73.0 6.086835766330224 8 
0011 0015 1666774710862798 2.1875 -69.0 5.190990986205009 8 
0011 0005 1666774710885746 26.0 -65.5 5.7616318392984684 8 
0011 0006 1666774710886703 -61.0 -66.0 4.129476280988146 8 
0011 0012 1666774710887644 -39.0 -61.0 5.878214379177777 8 
0011 0004 1666774710888795 21.9375 -60.5 3.9453985864418692 8 
0011 0008 1666774710892786 -61.0 -69.5 3.9392626632903265 8 
0011 0010 1666774710894325 152.125 -70.0 1.325359400733194 8 
0011 0001 1666774710896367 -39.0 -69.5 4.853515212870168 8 
0011 0015 1666774710897504 -52.0625 -63.5 2.3623304133438876 8 
0011 0014 1666774710968150 5.0625 -74.5 0.760854470791278 8 
0011 0008 1666774710998874 -208.3125 -72.5 5.6143696836614465 8 
0011 0006 1666774711000850 -147.25 -67.0 5.927301764390117 8 
0011 0012 1666774711002243 30.0625 -60.0 1.8960002538266525 8 
0011 0014 1666774711003696 -108.1875 -67.5 1.2885438618239387 8 
0011 0005 1666774711005042 -74.0 -69.0 4.853515212870168 8 
0011 0004 1666774711008646 178.1875 -69.5 5.884350302329319 8 
0011 0015 1666774711009809 4.0625 -70.0 2.073942025221387 8 
0011 0009 1666774711010738 95.1875 -72.0 0.47860200582032003 8 
0011 0004 1666774711104904 65.0625 -70.0 1.4542137869155878 8 
0011 0009 1666774711107473 0.0 -69.5 2.4850488763747385 8 
0011 0012 1666774711108435 -221.3125 -68.0 4.871922982324796 8 
0011 0014 1666774711111361 69.125 -68.0 2.4605051837685683 8 
0011 0005 1666774711112819 -4.0625 -65.5 0.6688156235181395 8 
0011 0013 1666774711114077 108.1875 -71.0 0.3313398501832985 8 
0011 0015 1666774711161510 7.625 -73.0 6.068427996875596 8 
0011 0010 1666774711212501 -212.375 -70.5 5.884350302329319 8 
0011 0009 1666774711213428 -100.0625 -71.0 4.178563666200486 8 
0011 0011 1666774711215063 61.0 -69.0 4.97623367590102 8 
0011 0015 1666774711215973 34.9375 -68.5 3.822680123411018 8 
0011 0001 1666774711218132 -95.1875 -71.5 4.902602598082509 8 
0011 0013 1666774711219327 -8.9375 -64.5 0.3865631585471816 8 
0011 0004 1666774711223721 -204.25 -69.5 1.2701360923693108 8 
0011 0005 1666774711225490 -8.9375 -61.5 6.209554229361076 8 
0011 0014 1666774711244683 17.8125 -73.5 2.1537090261914402 8 
0011 0000 1666774711334256 8.8125 -77.5 0.3374757733348411 8 
0011 0005 1666774711344230 -39.0 -67.5 3.08636934522591 8 
0011 0011 1666774711345638 -21.9375 -69.5 1.9512235621905356 8 
0011 0010 1666774711346536 87.0625 -63.0 1.521708941582556 8 
0011 0009 1666774711348184 -52.0625 -69.5 0.607456392002714 8 
0011 0013 1666774711349095 100.0625 -69.5 1.012427320004523 8 
0011 0004 1666774711350717 -91.125 -63.5 5.6573211457222445 8 
0011 0014 1666774711355044 160.3125 -70.0 1.7978254834019713 8 
0011 0006 1666774711365759 48.8125 -70.0 4.451612246444131 8 
0011 0008 1666774711380014 -25.125 -75.0 4.871922982324796 8 
0011 0000 1666774711389253 2.4375 -77.0 1.41126232485479 8 
0011 0015 1666774711436926 5.5625 -72.0 2.2396119503130363 8 
0011 0004 1666774711470799 277.4375 -67.0 4.908738521234052 8 
0011 0015 1666774711471694 178.1875 -68.5 5.872078456026235 8 
0011 0010 1666774711474220 56.125 -62.5 2.8777479580734626 8 
0011 0005 1666774711476308 -87.0625 -65.0 1.9757672547967058 8 
0011 0006 1666774711477194 -43.125 -67.0 1.3008157081270237 8 
0011 0009 1666774711479209 43.125 -71.5 2.2948352586769194 8 
0011 0011 1666774711480095 -91.125 -70.0 3.5588354278946874 8 
0011 0008 1666774711484616 8.9375 -72.0 4.184699589352029 8 
0011 0014 1666774711491833 9.75 -71.5 4.589670517353839 8 
0011 0012 1666774711570934 5.5625 -74.5 5.945709533844745 8 
0011 0006 1666774711589138 -108.1875 -66.0 1.3499030933393643 8 
0011 0004 1666774711590278 117.125 -68.5 6.019340611663256 8 
0011 0005 1666774711592023 -34.9375 -63.0 0.15339807878856412 8 
0011 0014 1666774711593185 -4.0625 -59.5 4.006757817957295 8 
0011 0010 1666774711594083 78.0625 -63.0 4.577398671050753 8 
0011 0009 1666774711595011 130.1875 -72.0 3.749049045592507 8 
0011 0011 1666774711596474 100.0625 -68.5 5.117359908386499 8 
0011 0012 1666774711597516 -26.0 -67.5 3.718369429834794 8 
0011 0008 1666774711602295 -65.0625 -73.0 0.3988350048502667 8 
0011 0015 1666774711695258 5.3125 -74.5 0.37429131224409645 8 
0011 0014 1666774711701942 -43.125 -64.0 0.619728238305799 8 
0011 0004 1666774711703945 -74.0 -65.5 1.7241944055834606 8 
0011 0006 1666774711705578 -48.0 -61.5 1.043106935762236 8 
0011 0005 1666774711706939 -8.9375 -58.5 1.8837284075235674 8 
0011 0011 1666774711707856 117.125 -69.5 0.4663301595172349 8 
0011 0010 1666774711708739 -139.125 -65.5 6.111379458936394 8 
0011 0013 1666774711710346 121.25 -66.0 0.5031456984264903 8 
0011 0012 1666774711715136 -65.0625 -69.0 3.767456815047135 8 
0011 0009 1666774711716078 -390.5625 -71.0 6.258641614573416 8 
0011 0008 1666774711717172 -34.9375 -71.5 2.2641556429192065 8 
0011 0015 1666774711723028 68.3125 -72.0 3.715301468259023 8 
0011 0013 1666774711813174 30.0625 -64.0 1.337631247036279 8 
0011 0014 1666774711814342 61.0 -65.0 6.062292073724054 8 
0011 0009 1666774711815184 82.1875 -72.5 1.576932249946439 8 
0011 0005 1666774711816845 52.0625 -63.5 3.8410878928656453 8 
0011 0010 1666774711818452 34.9375 -65.5 2.061670178918302 8 
0011 0012 1666774711823268 0.0 -60.0 0.4724660826687775 8 
0011 0015 1666774711824565 -13.0 -68.0 1.5155730184310134 8 
0011 0004 1666774711825436 -48.0 -65.5 4.994641445355648 8 
0011 0011 1666774711826930 -56.125 -67.5 2.816388726558037 8 
0011 0008 1666774711828465 -546.8125 -70.0 4.97623367590102 8 
0011 0006 1666774711834802 -7.6875 -71.5 3.2735150013479584 8 
0011 0011 1666774711926469 48.0 -64.5 4.76147636559703 8 
0011 0005 1666774711928582 -17.0625 -59.5 5.534602682691394 8 
0011 0010 1666774711929887 -26.0 -61.5 4.595806440505381 8 
0011 0012 1666774711931903 -39.0 -57.5 1.9880391010997909 8 
0011 0002 1666774711933223 61.0 -72.0 2.4850488763747385 8 
0011 0008 1666774711935477 -108.1875 -68.5 0.03681553890925539 8 
0011 0014 1666774711937679 -34.9375 -65.0 0.3436116964863836 8 
0011 0004 1666774711938605 39.0 -64.5 4.264466590322082 8 
0011 0006 1666774711944040 -20.75 -70.5 0.803805932852076 8 
0011 0003 1666774711962926 9.0 -76.0 1.1965050145508 8 
0011 0009 1666774711982087 5.3125 -75.0 5.522330836388308 8 
0011 0010 1666774712044637 8.9375 -58.0 6.166602767300278 8 
0011 0006 1666774712045653 -156.1875 -68.5 2.60776733940559 8 
0011 0004 1666774712046550 26.0 -55.5 1.3008157081270237 8 
0011 0009 1666774712048264 -269.3125 -71.5 6.2463697682703305 8 
0011 0012 1666774712049159 -8.9375 -54.0 3.4606606574700063 8 
0011 0011 1666774712050356 8.9375 -62.5 2.1353012567368124 8 
0011 0005 1666774712051989 -30.0625 -61.0 5.878214379177777 8 
0011 0008 1666774712054303 -104.125 -69.0 1.6689710972195777 8 
0011 0014 1666774712055572 -108.1875 -66.5 6.227961998815704 8 
0011 0003 1666774712057593 121.25 -71.0 2.7857091108003242 8 
0011 0006 1666774712151525 26.0 -66.0 5.915029918087033 8 
0011 0004 1666774712153971 13.0 -60.5 5.111223985234957 8 
0011 0011 1666774712154912 -39.0 -59.0 2.497320722677824 8 
0011 0008 1666774712155838 -204.25 -71.0 3.0495538063166547 8 
0011 0010 1666774712164173 -69.125 -63.0 2.6016314162540475 8 
0011 0005 1666774712165025 -34.9375 -64.0 5.381204603902829 8 
0011 0014 1666774712166659 8.9375 -66.0 0.28838838812250056 8 
0011 0012 1666774712167572 -13.0 -55.5 4.074252972624263 8 
0011 0007 1666774712168857 39.0 -65.5 6.111379458936394 8 
0011 0009 1666774712169999 199.375 -68.5 0.9203884727313847 8 
0011 0001 1666774712220537 -1.1875 -74.0 5.540738605842936 8 
0011 0001 1666774712269564 -43.125 -70.0 0.37429131224409645 8 
0011 0012 1666774712271527 -52.0625 -57.0 5.436427912266712 8 
0011 0007 1666774712272467 -74.0 -68.5 4.9823695990525625 8 
0011 0011 1666774712273890 34.9375 -61.5 3.6140587362585705 8 
0011 0009 1666774712275496 -39.0 -67.0 3.442252888015379 8 
0011 0005 1666774712276676 -165.1875 -68.0 5.1725832167503825 8 
0011 0008 1666774712277574 -65.0625 -70.0 5.301437602932776 8 
0011 0006 1666774712278430 -26.0 -65.0 3.2520392703175593 8 
0011 0010 1666774712280486 -4.0625 -63.0 3.9699422790480394 8 
0011 0004 1666774712281367 -8.9375 -57.5 4.411728745959104 8 
0011 0014 1666774712338683 -5.625 -73.5 5.056000676871073 8 
0011 0011 1666774712389832 -4.0625 -61.0 5.589825991055276 8 
0011 0008 1666774712391183 4.0625 -68.0 1.1719613219446299 8 
0011 0010 1666774712393215 -91.125 -63.0 5.356660911296659 8 
0011 0006 1666774712394084 -8.9375 -62.0 5.982525072754001 8 
0011 0012 1666774712395564 48.0 -60.5 6.062292073724054 8 
0011 0004 1666774712396716 8.9375 -59.0 0.9694758579437253 8 
0011 0001 1666774712398279 -34.9375 -69.5 2.350058567040802 8 
0011 0007 1666774712401016 0.0 -68.5 5.246214294568893 8 
0011 0009 1666774712401936 199.375 -67.5 5.945709533844745 8 
0011 0005 1666774712404425 78.0625 -70.0 1.1167380135807468 8 
0011 0014 1666774712424079 -1.625 -73.0 5.056000676871073 8 
0011 0002 1666774712434528 7.3125 -77.0 0.8897088569736719 8 
0011 0000 1666774712502775 -5.5625 -77.5 5.049864753719531 8 
0011 0006 1666774712516223 17.0625 -61.0 1.576932249946439 8 
0011 0010 1666774712517138 -78.0625 -65.0 1.227184630308513 8 
0011 0005 1666774712518005 -39.0 -60.5 3.423845118560751 8 
0011 0011 1666774712519649 -17.0625 -60.5 1.5585244804918115 8 
0011 0007 1666774712521583 -4.0625 -67.0 1.2455923997631406 8 
0011 0009 1666774712523772 -17.0625 -66.0 2.061670178918302 8 
0011 0004 1666774712524926 56.125 -61.0 3.3072625786814425 8 
0011 0012 1666774712527069 -87.0625 -62.5 1.9512235621905356 8 
0011 0001 1666774712529199 -26.0 -72.0 5.3198453723874035 8 
0011 0008 1666774712531853 -39.0 -71.5 3.442252888015379 8 
0011 0000 1666774712575575 5.625 -77.0 0.16566992509164924 8 
0011 0002 1666774712598701 19.5 -79.0 3.6324665057131984 8 
0011 0005 1666774712662998 0.0 -60.0 2.0923497946760143 8 
0011 0004 1666774712664553 8.9375 -61.5 3.706097583531709 8 
0011 0007 1666774712665481 -17.0625 -68.0 1.705786636128833 8 
0011 0009 1666774712666874 -8.9375 -66.0 5.166447293598839 8 
0011 0010 1666774712668027 -82.1875 -65.5 5.056000676871073 8 
0011 0012 1666774712668938 13.0 -68.5 4.558990901596125 8 
0011 0011 1666774712669881 -74.0 -63.0 5.166447293598839 8 
0011 0013 1666774712670836 -78.0625 -62.0 0.9510680884890975 8 
0011 0014 1666774712672698 52.0625 -68.5 4.25833066717054 8 
0011 0008 1666774712674915 165.1875 -72.5 1.1474176293384597 8 
0011 0000 1666774712698491 100.875 -75.5 5.6665250304495585 8 
0011 0003 1666774712716166 24.375 -75.5 6.258641614573416 8 
0011 0002 1666774712719735 54.4375 -77.5 6.135923151542564 8 
0011 0006 1666774712777802 2.875 -72.0 0.8283496254582462 8 
0011 0006 1666774712800684 17.0625 -68.5 0.04908738521234052 8 
0011 0005 1666774712802204 30.0625 -59.0 0.11658253987930872 8 
0011 0004 1666774712803327 13.0 -57.0 2.742757648739526 8 
0011 0010 1666774712804209 -21.9375 -56.5 1.0921943209745766 8 
0011 0013 1666774712806136 8.9375 -58.0 2.12916533358527 8 
0011 0003 1666774712807728 13.0 -71.0 5.632777453116074 8 
0011 0007 1666774712808616 -195.25 -66.5 2.662990647769473 8 
0011 0011 1666774712809555 -34.9375 -63.5 3.2827188860752723 8 
0011 0000 1666774712812918 -56.125 -74.0 4.638757902566179 8 
0011 0009 1666774712814479 4.0625 -68.0 2.067806102069844 8 
0011 0008 1666774712816372 -182.25 -71.0 4.295146206079795 8 
0011 0002 1666774712840299 36.5625 -78.0 1.4603497100671303 8 
0011 0010 1666774712916027 -13.0 -54.0 3.5588354278946874 8 
0011 0013 1666774712917536 -13.0 -58.0 2.6016314162540475 8 
0011 0004 1666774712919694 -82.1875 -57.5 2.1659808724945253 8 
0011 0015 1666774712920561 -95.1875 -67.5 0.5031456984264903 8 
0011 0011 1666774712921505 130.1875 -68.5 4.344233591292136 8 
0011 0005 1666774712922440 -17.0625 -53.0 4.381049130201391 8 
0011 0008 1666774712923593 -126.125 -71.5 0.03681553890925539 8 
0011 0009 1666774712924492 -104.125 -66.5 4.344233591292136 8 
0011 0003 1666774712926130 143.1875 -71.5 1.9205439464328227 8 
0011 0006 1666774712927086 -108.1875 -64.5 2.6998061866787286 8 
0011 0001 1666774712939968 -35.75 -71.0 3.2980586939541285 8 
0011 0014 1666774712941548 -17.4375 -70.0 0.880504972246358 8 
0011 0000 1666774712946932 14.625 -76.0 1.2026409377023426 8 
0011 0006 1666774713034396 108.1875 -66.5 1.3867186322486196 8 
0011 0005 1666774713035317 -21.9375 -53.5 2.6323110320117604 8 
0011 0004 1666774713036726 -143.1875 -62.5 2.3009711818284617 8 
0011 0013 1666774713038118 -21.9375 -57.5 3.4177091954092087 8 
0011 0014 1666774713039257 21.9375 -67.5 3.6263305825616556 8 
0011 0010 1666774713040694 -26.0 -60.5 5.3198453723874035 8 
0011 0011 1666774713041606 -4.0625 -67.5 4.92714629068868 8 
0011 0015 1666774713046172 74.0 -69.0 5.602097837358362 8 
0011 0001 1666774713048260 -43.125 -67.0 5.338253141842031 8 
0011 0009 1666774713050377 134.25 -70.0 5.2339424482658075 8 
0011 0008 1666774713052391 26.0 -69.0 2.386874105950058 8 
0011 0003 1666774713053759 -17.0625 -71.5 4.405592822807561 8 
0011 0000 1666774713069252 -2.4375 -76.0 4.289010282928253 8 
0011 0012 1666774713141075 1.125 -76.5 4.9823695990525625 8 
0011 0010 1666774713158050 -8.9375 -60.5 0.01227184630308513 8 
0011 0015 1666774713158963 26.0 -66.5 1.2517283229146832 8 
0011 0013 1666774713160354 17.0625 -58.5 3.877903431774901 8 
0011 0008 1666774713163595 -208.3125 -68.5 4.620350133111551 8 
0011 0005 1666774713164728 -39.0 -52.0 5.387340527054372 8 
0011 0009 1666774713165667 -21.9375 -69.5 0.06135923151542565 8 
0011 0006 1666774713167771 30.0625 -65.5 2.386874105950058 8 
0011 0004 1666774713168949 -4.0625 -62.0 3.1906800388021335 8 
0011 0014 1666774713169918 8.9375 -57.0 1.1351457830353744 8 
0011 0001 1666774713170816 -48.0 -68.5 1.325359400733194 8 
0011 0011 1666774713173237 0.0 -64.0 0.4295146206079795 8 
0011 0012 1666774713176463 -130.1875 -71.5 2.5341362615870793 8 
0011 0003 1666774713179806 91.125 -73.0 0.1043106935762236 8 
0011 0000 1666774713206349 11.4375 -77.0 5.93343768754166 8 
0011 0014 1666774713280916 52.0625 -63.0 2.9943304979527716 8 
0011 0005 1666774713282318 -4.0625 -51.5 1.2087768608538851 8 
0011 0001 1666774713284308 -100.0625 -67.0 2.859340188618835 8 
0011 0006 1666774713285476 -52.0625 -64.5 4.23378697456437 8 
0011 0010 1666774713287464 -8.9375 -61.5 1.521708941582556 8 
0011 0004 1666774713288646 -130.1875 -61.5 5.154175447295755 8 
0011 0013 1666774713289798 -21.9375 -58.5 4.865787059173254 8 
0011 0011 1666774713290948 0.0 -64.0 1.8223691760081417 8 
0011 0009 1666774713291865 -56.125 -67.0 1.9941750242513334 8 
0011 0015 1666774713292875 21.9375 -66.0 1.055378782065321 8 
0011 0008 1666774713295396 21.9375 -70.5 6.191146459906448 8 
0011 0012 1666774713296536 43.125 -72.0 0.6994952392758523 8 
0011 0003 1666774713305256 -9.75 -75.0 5.424156065963627 8 
0011 0000 1666774713319539 34.9375 -77.5 1.736466251886546 8 
