0011 0012 1666777081205513 13.0 -58.0 0.1349903093339364 11 
0011 0009 1666777081206741 -74.0 -61.0 6.019340611663256 11 
0011 0006 1666777081207892 -4.0625 -58.0 0.1718058482431918 11 
0011 0011 1666777081209300 -8.9375 -58.5 4.509903516383785 11 
0011 0015 1666777081210383 78.0625 -72.0 1.5830681730979816 11 
0011 0010 1666777081211320 -13.0 -62.0 4.638757902566179 11 
0011 0008 1666777081212532 -17.0625 -70.0 0.0 11 
0011 0004 1666777081214395 52.0625 -61.0 1.4542137869155878 11 
0011 0007 1666777081216796 -178.1875 -69.0 4.933282213840222 11 
0011 0001 1666777081241372 -13.875 -73.5 0.25770877236478773 11 
0011 0005 1666777081298666 0.4375 -72.0 3.380893656499953 11 
0011 0007 1666777081330653 -26.0 -70.0 6.000932842208628 11 
0011 0009 1666777081331938 -82.1875 -64.0 5.8045833013592665 11 
0011 0006 1666777081334516 -39.0 -60.5 5.098952138931871 11 
0011 0012 1666777081336052 13.0 -60.0 0.5645049299419159 11 
0011 0011 1666777081337229 -13.0 -58.5 5.737088146692298 11 
0011 0014 1666777081338272 260.375 -70.5 3.129320807286708 11 
0011 0010 1666777081339422 -117.125 -64.5 5.209398755659637 11 
0011 0004 1666777081340769 34.9375 -60.0 0.859029241215959 11 
0011 0005 1666777081342562 61.0 -64.0 0.7853981633974483 11 
0011 0008 1666777081352861 -212.375 -73.0 0.6933593161243098 11 
0011 0002 1666777081369747 -4.875 -77.0 4.651029748869264 11 
0011 0001 1666777081376386 2.4375 -73.5 0.9878836273983529 11 
0011 0015 1666777081380540 1.625 -73.0 4.73693267299086 11 
0011 0013 1666777081401367 4.375 -74.0 4.362641360746763 11 
0011 0003 1666777081455081 2.5 -77.5 1.055378782065321 11 
0011 0004 1666777081468240 4.0625 -60.5 6.258641614573416 11 
0011 0008 1666777081469127 256.3125 -72.0 0.521553467881118 11 
0011 0015 1666777081471695 243.3125 -69.5 2.60776733940559 11 
0011 0014 1666777081472875 -117.125 -67.5 3.865631585471816 11 
0011 0006 1666777081473745 -52.0625 -67.0 3.5281558121369745 11 
0011 0013 1666777081474686 -87.0625 -71.0 0.859029241215959 11 
0011 0010 1666777081475764 8.9375 -55.0 5.835262917116979 11 
0011 0007 1666777081477943 -147.25 -71.0 4.086524818927348 11 
0011 0005 1666777081481062 21.9375 -58.5 1.9266798695843652 11 
0011 0011 1666777081482029 8.9375 -54.5 0.46019423636569234 11 
0011 0003 1666777081488489 130.1875 -71.5 1.239456476611598 11 
0011 0001 1666777081511682 -4.875 -72.5 4.663301595172349 11 
0011 0010 1666777081591912 -34.9375 -54.0 5.565282298449106 11 
0011 0015 1666777081593901 -30.0625 -69.5 1.4664856332186729 11 
0011 0005 1666777081596042 -34.9375 -60.0 4.086524818927348 11 
0011 0009 1666777081597212 -121.25 -67.5 0.7117670855789375 11 
0011 0007 1666777081598125 -147.25 -71.0 5.111223985234957 11 
0011 0011 1666777081599230 -4.0625 -63.0 6.258641614573416 11 
0011 0003 1666777081600193 -152.125 -74.5 2.3316507975861747 11 
0011 0006 1666777081602267 21.9375 -70.0 2.6813984172241008 11 
0011 0004 1666777081603166 -61.0 -64.5 4.166291819897402 11 
0011 0008 1666777081608324 -82.1875 -69.5 1.0676506283684062 11 
0011 0001 1666777081609233 -21.9375 -69.5 4.8351074434155406 11 
0011 0013 1666777081617209 -15.0 -71.0 1.5800002115222105 11 
0011 0014 1666777081627386 13.875 -71.5 2.055534255766759 11 
0011 0010 1666777081711021 -17.0625 -59.0 0.018407769454627694 11 
0011 0011 1666777081713281 -21.9375 -63.0 5.675728915176872 11 
0011 0004 1666777081714194 61.0 -63.5 2.7120780329818137 11 
0011 0005 1666777081715075 -48.0 -57.0 5.270757987175063 11 
0011 0015 1666777081715985 74.0 -64.5 1.3867186322486196 11 
0011 0013 1666777081716896 -8.9375 -60.0 4.706253057233147 11 
0011 0014 1666777081717797 -126.125 -62.5 5.872078456026235 11 
0011 0001 1666777081719300 52.0625 -68.5 4.95168998329485 11 
0011 0007 1666777081720239 -91.125 -70.0 1.6198837120072371 11 
0011 0006 1666777081721281 -117.125 -71.5 6.000932842208628 11 
0011 0008 1666777081722206 34.9375 -70.0 1.5830681730979816 11 
0011 0001 1666777081818219 -61.0 -67.5 5.2768939103266055 11 
0011 0005 1666777081819950 -4.0625 -54.0 5.841398840268521 11 
0011 0011 1666777081820821 -87.0625 -61.0 5.93343768754166 11 
0011 0015 1666777081821996 0.0 -65.0 1.5401167110371838 11 
0011 0004 1666777081823383 -78.0625 -63.5 2.7550294950426117 11 
0011 0008 1666777081824321 -56.125 -69.5 1.8530487917658545 11 
0011 0013 1666777081825530 -52.0625 -58.5 4.994641445355648 11 
0011 0010 1666777081826667 -34.9375 -60.0 0.15339807878856412 11 
0011 0006 1666777081828617 152.125 -72.5 5.755495916146925 11 
0011 0014 1666777081830323 -43.125 -63.0 5.681864838328415 11 
0011 0007 1666777081852593 -0.75 -75.0 0.25770877236478773 11 
0011 0007 1666777081931713 -191.1875 -72.0 2.399145952253143 11 
0011 0005 1666777081932634 -13.0 -53.5 5.6941366846315 11 
0011 0001 1666777081933546 -243.3125 -68.5 5.117359908386499 11 
0011 0013 1666777081935659 -87.0625 -59.0 5.724816300389213 11 
0011 0011 1666777081936643 56.125 -65.0 6.178874613603362 11 
0011 0004 1666777081937852 13.0 -63.5 4.190835512503572 11 
0011 0008 1666777081940310 -69.125 -70.5 2.1966604882522383 11 
0011 0010 1666777081941844 17.0625 -56.5 0.44178646691106466 11 
0011 0012 1666777081944606 -61.0 -71.0 3.1354567304382504 11 
0011 0006 1666777081954822 52.0625 -73.0 6.19728238305799 11 
0011 0014 1666777081998256 7.625 -69.5 0.9326603190344698 11 
0011 0010 1666777082047224 13.0 -58.0 0.09817477042468103 11 
0011 0004 1666777082048616 13.0 -60.0 0.22089323345553233 11 
0011 0009 1666777082050699 -13.0 -68.5 1.4910293258248433 11 
0011 0011 1666777082052904 34.9375 -64.0 1.325359400733194 11 
0011 0012 1666777082054339 -39.0 -72.0 4.528311285838413 11 
0011 0007 1666777082055294 -43.125 -71.0 4.589670517353839 11 
0011 0005 1666777082058031 13.0 -57.5 4.466952054322987 11 
0011 0013 1666777082059384 -69.125 -65.5 5.111223985234957 11 
0011 0008 1666777082063450 -82.1875 -71.0 1.5585244804918115 11 
0011 0001 1666777082065620 182.25 -70.0 4.724660826687775 11 
0011 0006 1666777082079977 42.3125 -71.5 6.169670728876048 11 
0011 0015 1666777082086941 -50.0 -73.0 0.260776733940559 11 
0011 0003 1666777082098845 39.0625 -75.5 4.933282213840222 11 
0011 0014 1666777082133545 4.25 -76.0 0.5890486225480862 11 
0011 0011 1666777082183539 -4.0625 -57.5 0.1349903093339364 11 
0011 0010 1666777082184721 -43.125 -61.5 5.988660995905543 11 
0011 0005 1666777082186789 -13.0 -57.5 1.8960002538266525 11 
0011 0009 1666777082188170 -17.0625 -62.5 6.092971689481767 11 
0011 0006 1666777082189112 -48.0 -63.5 5.197126909356553 11 
0011 0004 1666777082190533 4.0625 -66.5 1.9512235621905356 11 
0011 0012 1666777082191943 21.9375 -70.0 5.0253210611133605 11 
0011 0007 1666777082194687 100.0625 -69.5 2.6200391857086753 11 
0011 0008 1666777082196251 316.5 -73.0 0.7547185476397354 11 
0011 0015 1666777082198645 69.125 -70.0 4.884194828627882 11 
0011 0014 1666777082202938 -8.9375 -72.0 4.215379205109742 11 
0011 0001 1666777082258996 -10.1875 -74.0 1.6198837120072371 11 
0011 0008 1666777082310604 -130.1875 -67.5 1.4358060174609601 11 
0011 0006 1666777082311852 39.0 -60.5 1.5892040962495242 11 
0011 0015 1666777082312763 95.1875 -70.0 1.6751070203711202 11 
0011 0005 1666777082313702 21.9375 -64.5 1.184233168247715 11 
0011 0004 1666777082314858 48.0 -67.5 3.5281558121369745 11 
0011 0009 1666777082316267 8.9375 -63.0 0.8774370106705868 11 
0011 0010 1666777082317647 -30.0625 -61.0 5.688000761479957 11 
0011 0007 1666777082318775 130.1875 -72.0 4.147884050442774 11 
0011 0014 1666777082320567 139.125 -71.5 4.0558452031696355 11 
0011 0011 1666777082321549 -69.125 -59.0 5.712544454086128 11 
0011 0012 1666777082322644 -4.0625 -62.5 5.896622148632405 11 
0011 0001 1666777082323556 34.9375 -70.5 4.767612288748572 11 
0011 0013 1666777082409932 0.1875 -78.0 5.608233760509904 11 
0011 0006 1666777082427177 39.0 -61.0 1.8285050991596843 11 
0011 0010 1666777082428341 74.0 -62.0 5.71868037723767 11 
0011 0001 1666777082429253 -121.25 -70.5 4.95168998329485 11 
0011 0012 1666777082432503 -160.3125 -64.5 6.117515382087937 11 
0011 0009 1666777082433431 -52.0625 -65.5 0.9633399347921826 11 
0011 0005 1666777082434382 78.0625 -68.0 0.9756117810952678 11 
0011 0008 1666777082435323 -113.0625 -72.0 1.0492428589137786 11 
0011 0014 1666777082436207 34.9375 -72.0 3.9453985864418692 11 
0011 0004 1666777082437148 8.9375 -66.5 3.54042765844006 11 
0011 0011 1666777082438542 -21.9375 -59.5 6.264777537724958 11 
0011 0007 1666777082440748 34.9375 -72.0 3.6017868899554855 11 
0011 0013 1666777082465839 -1.625 -74.5 5.2339424482658075 11 
0011 0015 1666777082497475 2.125 -73.5 4.669437518323892 11 
0011 0015 1666777082550921 61.0 -69.0 5.289165756629691 11 
0011 0011 1666777082552132 -26.0 -57.0 0.8897088569736719 11 
0011 0005 1666777082553480 -56.125 -58.5 1.6382914814618648 11 
0011 0004 1666777082554362 -13.0 -63.0 2.662990647769473 11 
0011 0010 1666777082555557 34.9375 -65.0 0.36815538909255385 11 
0011 0006 1666777082556966 69.125 -61.5 5.810719224510809 11 
0011 0008 1666777082558157 0.0 -71.5 1.4051264017032472 11 
0011 0013 1666777082559088 95.1875 -70.0 1.3621749396424494 11 
0011 0009 1666777082562424 82.1875 -65.5 0.5092816215780329 11 
0011 0012 1666777082564040 -13.0 -66.5 5.700272607783043 11 
0011 0014 1666777082565591 221.3125 -68.5 3.9453985864418692 11 
0011 0007 1666777082569104 290.5 -73.0 0.2761165418194154 11 
0011 0001 1666777082585336 -24.375 -73.5 5.516194913236766 11 
0011 0010 1666777082668599 0.0 -55.5 0.6258641614573416 11 
0011 0013 1666777082669971 -165.1875 -66.5 0.9387962421860124 11 
0011 0015 1666777082671065 -39.0 -69.5 3.3747577333484107 11 
0011 0001 1666777082672187 48.0 -70.5 5.356660911296659 11 
0011 0011 1666777082674873 87.0625 -62.5 0.9387962421860124 11 
0011 0005 1666777082675782 -8.9375 -63.0 3.6324665057131984 11 
0011 0004 1666777082677390 52.0625 -63.5 0.6135923151542565 11 
0011 0014 1666777082678300 -39.0 -68.5 4.154019973594316 11 
0011 0006 1666777082680929 152.125 -69.0 4.221515128261284 11 
0011 0008 1666777082682507 -56.125 -72.0 2.024854640009046 11 
0011 0009 1666777082685239 -52.0625 -69.0 1.1535535524900022 11 
0011 0003 1666777082692674 -71.5625 -75.5 5.734020185116527 11 
0011 0007 1666777082739246 5.625 -75.5 4.270602513473625 11 
0011 0008 1666777082788374 87.0625 -69.5 1.9880391010997909 11 
0011 0007 1666777082789272 -65.0625 -71.0 0.21475731030398976 11 
0011 0004 1666777082791795 4.0625 -62.5 5.424156065963627 11 
0011 0001 1666777082792750 95.1875 -69.0 5.608233760509904 11 
0011 0010 1666777082793882 0.0 -55.5 0.17794177139473438 11 
0011 0013 1666777082794799 74.0 -67.0 0.21475731030398976 11 
0011 0005 1666777082795708 26.0 -56.5 6.111379458936394 11 
0011 0011 1666777082798316 0.0 -64.5 6.12365130523948 11 
0011 0006 1666777082799351 -169.25 -68.5 3.8717675086233583 11 
0011 0009 1666777082800519 17.0625 -69.0 1.6014759425526093 11 
0011 0015 1666777082802182 34.9375 -71.5 2.098485717827557 11 
0011 0014 1666777082857065 -3.8125 -70.0 5.939573610693203 11 
0011 0013 1666777082912441 30.0625 -61.0 6.22182607566416 11 
0011 0005 1666777082913362 -8.9375 -56.0 0.4970097752749477 11 
0011 0011 1666777082914299 0.0 -60.0 5.964117303299373 11 
0011 0004 1666777082917175 -121.25 -61.0 4.196971435655114 11 
0011 0001 1666777082919449 -104.125 -67.5 6.227961998815704 11 
0011 0008 1666777082920884 -74.0 -71.0 2.730485802436441 11 
0011 0010 1666777082922322 -52.0625 -59.5 0.5645049299419159 11 
0011 0014 1666777082925071 -13.0 -65.0 5.964117303299373 11 
0011 0015 1666777082927567 65.0625 -65.0 1.9266798695843652 11 
0011 0009 1666777082950603 16.3125 -73.5 0.7547185476397354 11 
0011 0007 1666777083015075 6.0625 -76.0 5.700272607783043 11 
0011 0004 1666777083064049 -30.0625 -63.0 4.651029748869264 11 
0011 0007 1666777083065686 -264.4375 -75.0 5.5100589900852235 11 
0011 0005 1666777083067672 13.0 -56.0 0.6565437772150544 11 
0011 0013 1666777083068768 21.9375 -58.5 0.705631162427395 11 
0011 0011 1666777083069905 -4.0625 -59.0 0.22089323345553233 11 
0011 0001 1666777083072434 78.0625 -69.0 5.608233760509904 11 
0011 0010 1666777083074034 -8.9375 -57.5 0.7117670855789375 11 
0011 0008 1666777083074948 -65.0625 -71.0 2.804116880254952 11 
0011 0014 1666777083078831 -121.25 -68.0 5.780039608753096 11 
0011 0007 1666777083088341 -10.9375 -73.5 5.169515255174611 11 
0011 0006 1666777083091106 40.25 -71.0 0.5829126993965437 11 
0011 0009 1666777083105295 -24.375 -73.5 4.485359823777615 11 
0011 0015 1666777083135615 9.75 -75.0 6.277049384028044 11 
0011 0014 1666777083188856 -8.9375 -70.0 4.06811704947272 11 
0011 0008 1666777083190237 100.0625 -72.0 2.0923497946760143 11 
0011 0011 1666777083191118 -8.9375 -60.0 0.8222137023067037 11 
0011 0010 1666777083192795 -17.0625 -57.5 0.7424467013366504 11 
0011 0013 1666777083196781 -143.1875 -67.0 1.41126232485479 11 
0011 0005 1666777083199861 4.0625 -55.5 5.970253226450915 11 
0011 0004 1666777083200762 -26.0 -63.5 0.3313398501832985 11 
0011 0009 1666777083208393 186.3125 -71.5 1.4296700943094176 11 
0011 0001 1666777083210647 -147.25 -69.5 5.074408446325701 11 
0011 0012 1666777083212313 -403.625 -73.0 4.706253057233147 11 
0011 0006 1666777083220008 10.9375 -69.5 1.1106020904292042 11 
0011 0007 1666777083235127 -12.1875 -76.5 6.258641614573416 11 
0011 0015 1666777083255017 0.0 -73.5 0.9878836273983529 11 
0011 0012 1666777083319911 -186.3125 -69.0 0.18407769454627693 11 
0011 0007 1666777083321103 43.125 -72.0 1.4051264017032472 11 
0011 0006 1666777083323708 48.0 -59.5 5.780039608753096 11 
0011 0005 1666777083324619 52.0625 -62.5 3.6201946594101133 11 
0011 0004 1666777083326482 -147.25 -69.5 2.399145952253143 11 
0011 0011 1666777083327419 4.0625 -54.5 0.7547185476397354 11 
0011 0003 1666777083328381 199.375 -72.0 2.2886993355253766 11 
0011 0009 1666777083329320 -8.9375 -63.0 5.71868037723767 11 
0011 0015 1666777083330244 -8.9375 -64.0 5.098952138931871 11 
0011 0010 1666777083331184 43.125 -64.0 0.18407769454627693 11 
0011 0008 1666777083333044 -234.3125 -72.0 1.4664856332186729 11 
0011 0001 1666777083386140 1.1875 -73.5 1.1596894756415448 11 
0011 0014 1666777083453360 -1.5 -74.5 4.595806440505381 11 
0011 0010 1666777083468739 0.0 -61.5 5.522330836388308 11 
0011 0006 1666777083470183 -52.0625 -65.0 4.522175362686871 11 
0011 0012 1666777083471903 -21.9375 -62.5 0.23930100291016002 11 
0011 0011 1666777083473311 -78.0625 -61.5 6.013204688511713 11 
0011 0005 1666777083474220 43.125 -59.5 1.1719613219446299 11 
0011 0001 1666777083475429 -117.125 -70.5 4.853515212870168 11 
0011 0007 1666777083476781 -121.25 -71.5 5.688000761479957 11 
0011 0009 1666777083478400 17.0625 -67.5 0.42337869745643697 11 
0011 0008 1666777083480460 -39.0 -68.5 1.1780972450961724 11 
0011 0014 1666777083566324 0.0 -75.5 1.3499030933393643 11 
0011 0005 1666777083590722 65.0625 -63.0 1.012427320004523 11 
0011 0007 1666777083592139 0.0 -72.5 4.264466590322082 11 
0011 0011 1666777083593549 78.0625 -62.5 6.135923151542564 11 
0011 0006 1666777083595156 -264.4375 -65.0 5.626641529964532 11 
0011 0010 1666777083596587 -4.0625 -62.0 5.780039608753096 11 
0011 0001 1666777083597543 -87.0625 -70.0 4.798291904506286 11 
0011 0009 1666777083598814 -108.1875 -67.0 0.7669903939428205 11 
0011 0012 1666777083599981 -48.0 -61.5 0.5338253141842031 11 
0011 0008 1666777083601374 126.125 -68.5 1.2701360923693108 11 
0011 0014 1666777083630832 -1.625 -74.5 0.8406214717613314 11 
0011 0002 1666777083650171 -1.625 -79.5 5.792311455056181 11 
0011 0013 1666777083685281 -1.875 -75.5 6.252505691421874 11 
0011 0003 1666777083716216 4.1875 -79.0 5.0682725231741586 11 
0011 0006 1666777083723055 8.9375 -58.5 1.6751070203711202 11 
0011 0011 1666777083724505 17.0625 -56.0 0.6872233929727672 11 
0011 0012 1666777083725729 -13.0 -67.5 5.755495916146925 11 
0011 0009 1666777083726928 104.125 -66.0 0.46019423636569234 11 
0011 0004 1666777083727811 139.125 -69.5 2.82252464970958 11 
0011 0010 1666777083728777 82.1875 -65.0 0.0674951546669682 11 
0011 0013 1666777083735473 -21.9375 -70.0 1.4480778637640452 11 
0011 0005 1666777083736621 -21.9375 -58.0 2.061670178918302 11 
0011 0015 1666777083739363 -169.25 -68.5 4.289010282928253 11 
0011 0001 1666777083740274 -299.4375 -71.5 4.73693267299086 11 
0011 0008 1666777083742641 17.0625 -70.5 1.1780972450961724 11 
0011 0007 1666777083743766 -34.9375 -71.5 2.227340104009951 11 
0011 0003 1666777083764676 42.3125 -74.0 5.408816258084771 11 
0011 0001 1666777083771277 -8.0625 -73.0 1.6014759425526093 11 
0011 0014 1666777083780109 -19.5 -74.5 1.4910293258248433 11 
0011 0002 1666777083786571 -46.375 -78.0 5.773903685601553 11 
0011 0011 1666777083860199 82.1875 -63.5 0.8651651643675016 11 
0011 0013 1666777083861140 156.1875 -66.0 0.2699806186678728 11 
0011 0006 1666777083862265 39.0 -66.0 0.3865631585471816 11 
0011 0008 1666777083864990 74.0 -68.5 1.6444274046134073 11 
0011 0004 1666777083866982 -34.9375 -64.0 0.4908738521234052 11 
0011 0015 1666777083867909 39.0 -71.0 3.129320807286708 11 
0011 0010 1666777083869032 26.0 -53.5 0.3988350048502667 11 
0011 0005 1666777083870450 -8.9375 -60.0 4.871922982324796 11 
0011 0009 1666777083872020 165.1875 -68.5 0.19634954084936207 11 
0011 0001 1666777083874257 225.375 -69.0 5.258486140871978 11 
0011 0003 1666777083887242 41.0625 -74.5 5.924233802814347 11 
0011 0007 1666777083895539 30.0 -75.0 5.086680292628786 11 
0011 0001 1666777083977649 8.9375 -66.5 5.141903600992669 11 
0011 0011 1666777083979212 -30.0625 -63.0 5.878214379177777 11 
0011 0004 1666777083981171 8.9375 -59.5 5.338253141842031 11 
0011 0013 1666777083982094 0.0 -62.0 5.767767762450011 11 
0011 0010 1666777083983744 8.9375 -55.5 6.234097921967246 11 
0011 0005 1666777083984924 -13.0 -55.5 6.031612457966341 11 
0011 0006 1666777083985981 -65.0625 -68.5 4.037437433715008 11 
0011 0007 1666777083988472 -4.0625 -72.5 1.6260196351587797 11 
0011 0015 1666777083989356 17.0625 -67.5 1.9144080232812801 11 
0011 0008 1666777083990934 13.0 -70.0 1.945087639038993 11 
0011 0009 1666777083993189 -152.125 -70.5 1.1780972450961724 11 
0011 0008 1666777084089694 360.5 -71.0 1.8407769454627694 11 
0011 0011 1666777084091661 -13.0 -60.5 5.767767762450011 11 
0011 0010 1666777084092555 8.9375 -59.5 0.380427235395639 11 
0011 0013 1666777084093441 -43.125 -57.5 5.853670686571607 11 
0011 0005 1666777084094832 8.9375 -53.5 0.1595340019401067 11 
0011 0004 1666777084095747 30.0625 -61.5 3.3379421944391554 11 
0011 0001 1666777084098282 -82.1875 -66.0 5.424156065963627 11 
0011 0015 1666777084100181 4.0625 -64.0 1.8960002538266525 11 
0011 0014 1666777084101690 13.0 -64.0 5.688000761479957 11 
0011 0006 1666777084125579 15.375 -73.5 6.0991076126333095 11 
0011 0009 1666777084129106 -3.1875 -73.5 0.6013204688511713 11 
0011 0010 1666777084205447 -43.125 -59.5 0.4295146206079795 11 
0011 0005 1666777084207025 8.9375 -53.5 0.03681553890925539 11 
0011 0015 1666777084208179 121.25 -67.0 1.8714565612204823 11 
0011 0011 1666777084209352 -17.0625 -62.5 6.0991076126333095 11 
0011 0004 1666777084210946 -104.125 -64.5 3.2459033471660166 11 
0011 0013 1666777084212874 13.0 -58.5 6.135923151542564 11 
0011 0008 1666777084214475 -61.0 -69.5 2.2150682577068657 11 
0011 0001 1666777084215980 21.9375 -66.5 5.135767677841127 11 
0011 0014 1666777084216822 61.0 -68.5 5.620505606812989 11 
0011 0006 1666777084218332 -26.0 -70.5 5.915029918087033 11 
0011 0009 1666777084248423 1.625 -73.5 0.8528933180644165 11 
0011 0009 1666777084323713 -13.0 -68.5 1.423534171157875 11 
0011 0004 1666777084324599 56.125 -63.0 4.798291904506286 11 
0011 0005 1666777084325521 -4.0625 -55.0 5.675728915176872 11 
0011 0010 1666777084326448 -17.0625 -54.0 0.2638446955163303 11 
0011 0007 1666777084327601 74.0 -71.5 0.1718058482431918 11 
0011 0013 1666777084328467 4.0625 -57.5 0.5338253141842031 11 
0011 0001 1666777084329365 -43.125 -68.0 5.006913291658733 11 
0011 0011 1666777084331249 13.0 -65.0 0.39269908169872414 11 
0011 0014 1666777084332148 -13.0 -66.5 4.657165672020807 11 
0011 0015 1666777084333657 -17.0625 -70.5 2.6568547246179306 11 
0011 0008 1666777084335208 13.0 -70.0 1.7426021750380885 11 
0011 0012 1666777084336334 -130.1875 -67.0 0.4049709280018093 11 
0011 0006 1666777084342162 30.5 -70.0 0.45712627478992107 11 
0011 0003 1666777084358510 5.625 -75.5 2.521864415283994 11 
0011 0012 1666777084439789 -104.125 -70.0 5.5714182216006485 11 
0011 0011 1666777084441310 34.9375 -57.0 1.2333205534600555 11 
0011 0001 1666777084442220 95.1875 -69.0 4.558990901596125 11 
0011 0009 1666777084443134 186.3125 -69.0 0.018407769454627694 11 
0011 0008 1666777084444087 100.0625 -69.5 1.3744467859455345 11 
0011 0013 1666777084445692 -17.0625 -69.0 0.11044661672776616 11 
0011 0006 1666777084446607 -52.0625 -68.5 4.2092432819582 11 
0011 0003 1666777084447761 -165.1875 -74.0 2.5341362615870793 11 
0011 0004 1666777084449181 -30.0625 -62.5 0.3129320807286708 11 
0011 0007 1666777084450946 43.125 -73.5 5.9518454569962875 11 
0011 0015 1666777084451814 -82.1875 -68.5 4.025165587411922 11 
0011 0010 1666777084452679 -8.9375 -59.0 6.215690152512618 11 
0011 0005 1666777084453605 17.0625 -61.0 3.0372819600135696 11 
0011 0014 1666777084524575 -0.625 -75.0 1.3621749396424494 11 
0011 0005 1666777084557499 17.0625 -58.0 1.6689710972195777 11 
0011 0010 1666777084558652 -48.0 -63.0 5.675728915176872 11 
0011 0006 1666777084560087 39.0 -58.0 6.080699843178682 11 
0011 0004 1666777084562828 173.3125 -71.5 1.7119225592803755 11 
0011 0014 1666777084563751 -8.9375 -71.5 4.92714629068868 11 
0011 0015 1666777084564933 21.9375 -71.0 5.436427912266712 11 
0011 0011 1666777084565845 -82.1875 -61.0 5.767767762450011 11 
0011 0012 1666777084567465 -13.0 -66.0 6.277049384028044 11 
0011 0009 1666777084569122 -26.0 -62.0 6.135923151542564 11 
0011 0007 1666777084572851 -65.0625 -71.0 6.019340611663256 11 
0011 0008 1666777084579885 52.0625 -69.0 0.9081166264282996 11 
0011 0001 1666777084584540 19.5 -72.0 4.2031073588066565 11 
0011 0006 1666777084678629 -61.0 -63.5 2.6261751088602177 11 
0011 0011 1666777084679481 4.0625 -60.0 5.5100589900852235 11 
0011 0001 1666777084680365 91.125 -69.0 4.4362724385652745 11 
0011 0005 1666777084681997 -95.1875 -67.5 0.8099418560036186 11 
0011 0012 1666777084683404 -4.0625 -61.5 0.23316507975861744 11 
0011 0010 1666777084684840 21.9375 -61.0 5.381204603902829 11 
0011 0009 1666777084686277 17.0625 -65.5 0.6381360077604268 11 
0011 0014 1666777084691530 78.0625 -72.0 4.988505522204105 11 
0011 0008 1666777084692936 8.9375 -67.5 1.2455923997631406 11 
0011 0007 1666777084693838 108.1875 -72.0 3.749049045592507 11 
0011 0009 1666777084801707 69.125 -66.5 0.30066023442558565 11 
0011 0014 1666777084802649 -121.25 -70.5 4.724660826687775 11 
0011 0005 1666777084803824 -8.9375 -62.5 1.0737865515199487 11 
0011 0012 1666777084804680 8.9375 -61.5 1.0737865515199487 11 
0011 0011 1666777084807078 8.9375 -59.0 0.2454369260617026 11 
0011 0010 1666777084807992 52.0625 -62.5 5.491651220630596 11 
0011 0006 1666777084809132 165.1875 -63.5 2.6691265709210157 11 
0011 0007 1666777084810414 -78.0625 -72.5 5.049864753719531 11 
0011 0008 1666777084811311 87.0625 -70.0 0.9387962421860124 11 
0011 0001 1666777084812221 26.0 -68.5 4.485359823777615 11 
0011 0013 1666777084904727 8.0625 -75.5 5.436427912266712 11 
0011 0003 1666777084912489 -5.0625 -78.0 1.6321555583103222 11 
0011 0011 1666777084922398 4.0625 -53.5 0.9387962421860124 11 
0011 0005 1666777084923522 -26.0 -57.5 2.1905245651006955 11 
0011 0001 1666777084924460 -17.0625 -71.5 4.773748211900116 11 
0011 0006 1666777084926087 0.0 -58.0 0.12885438618239387 11 
0011 0012 1666777084928435 -74.0 -68.0 0.11658253987930872 11 
0011 0008 1666777084929621 208.3125 -71.5 1.055378782065321 11 
0011 0010 1666777084930769 4.0625 -64.0 0.4295146206079795 11 
0011 0009 1666777084932179 -26.0 -64.5 0.09203884727313846 11 
0011 0013 1666777084935320 -78.0625 -71.0 1.1965050145508 11 
0011 0014 1666777084937651 91.125 -68.5 4.7307967498393175 11 
0011 0015 1666777084938591 -69.125 -69.5 4.1601558967458585 11 
0011 0004 1666777084940278 -39.0 -64.5 2.0493983326152168 11 
0011 0007 1666777084945496 -126.125 -73.5 3.718369429834794 11 
0011 0003 1666777084959482 93.125 -75.0 5.00077736850719 11 
0011 0011 1666777085047161 8.9375 -64.5 1.4971652489763858 11 
0011 0009 1666777085049056 34.9375 -67.0 0.9265243958829272 11 
0011 0005 1666777085050175 -17.0625 -59.5 4.908738521234052 11 
0011 0014 1666777085052178 4.0625 -69.0 3.847223816017188 11 
0011 0008 1666777085053348 186.3125 -69.5 1.4603497100671303 11 
0011 0004 1666777085054499 13.0 -64.0 0.19634954084936207 11 
0011 0010 1666777085056174 -8.9375 -53.0 0.2945243112740431 11 
0011 0006 1666777085057118 178.1875 -71.5 5.283029833478148 11 
0011 0001 1666777085058013 21.9375 -68.5 5.2768939103266055 11 
0011 0013 1666777085060553 34.9375 -63.0 6.019340611663256 11 
0011 0015 1666777085063872 -238.4375 -72.0 3.000466421104314 11 
0011 0007 1666777085076688 0.0 -73.5 5.243146332993121 11 
0011 0005 1666777085165564 39.0 -54.5 6.056156150572511 11 
0011 0008 1666777085166844 169.25 -70.0 1.8960002538266525 11 
0011 0010 1666777085168020 -8.9375 -56.0 0.37429131224409645 11 
0011 0006 1666777085168990 -8.9375 -69.0 4.166291819897402 11 
0011 0001 1666777085169888 -74.0 -66.5 5.448699758569798 11 
0011 0014 1666777085171027 87.0625 -70.0 0.16566992509164924 11 
0011 0015 1666777085172178 17.0625 -66.5 1.748738098189631 11 
0011 0004 1666777085173093 -100.0625 -59.5 5.0682725231741586 11 
0011 0013 1666777085174442 -17.0625 -62.5 5.700272607783043 11 
0011 0011 1666777085175341 -152.125 -64.0 6.258641614573416 11 
0011 0009 1666777085176866 -65.0625 -73.0 1.3192234775816514 11 
0011 0014 1666777085277484 30.0625 -63.5 0.46019423636569234 11 
0011 0011 1666777085279386 21.9375 -62.0 0.0674951546669682 11 
0011 0015 1666777085281887 26.0 -64.0 1.9757672547967058 11 
0011 0013 1666777085283607 -43.125 -59.0 6.178874613603362 11 
0011 0004 1666777085284647 -8.9375 -61.5 3.6876898140770815 11 
0011 0005 1666777085286758 21.9375 -52.5 0.2761165418194154 11 
0011 0010 1666777085287681 8.9375 -60.5 0.9265243958829272 11 
0011 0001 1666777085289247 -147.25 -66.0 5.8475347634200645 11 
0011 0008 1666777085290500 -204.25 -71.0 2.6691265709210157 11 
0011 0009 1666777085304665 17.0625 -74.0 3.8717675086233583 11 
0011 0003 1666777085384476 -6.375 -77.5 6.264777537724958 11 
0011 0004 1666777085399453 -52.0625 -63.0 3.902447124381071 11 
0011 0001 1666777085400361 -43.125 -67.0 5.5714182216006485 11 
0011 0011 1666777085402565 30.0625 -64.5 0.5460971604872883 11 
0011 0008 1666777085403733 -65.0625 -71.0 2.6998061866787286 11 
0011 0005 1666777085405956 8.9375 -53.0 0.030679615757712823 11 
0011 0014 1666777085407337 48.0 -65.5 6.209554229361076 11 
0011 0015 1666777085408205 113.0625 -69.5 2.030990563160589 11 
0011 0010 1666777085409144 26.0 -57.5 1.0369710126106935 11 
0011 0013 1666777085410040 -21.9375 -58.5 0.2945243112740431 11 
0011 0009 1666777085411521 17.0625 -71.5 1.3192234775816514 11 
0011 0003 1666777085454136 4.0625 -76.0 0.16566992509164924 11 
0011 0013 1666777085518370 43.125 -58.0 0.8835729338221293 11 
0011 0005 1666777085520119 -26.0 -55.5 5.829126993965437 11 
0011 0008 1666777085521104 -113.0625 -70.0 2.4850488763747385 11 
0011 0001 1666777085522290 0.0 -70.5 5.638913376267617 11 
0011 0004 1666777085523192 -17.0625 -60.5 6.080699843178682 11 
0011 0006 1666777085524077 87.0625 -69.0 4.95168998329485 11 
0011 0011 1666777085524990 -74.0 -66.0 1.8714565612204823 11 
0011 0010 1666777085525900 34.9375 -56.0 1.2885438618239387 11 
0011 0012 1666777085527009 56.125 -71.5 6.086835766330224 11 
0011 0014 1666777085528150 212.375 -68.0 4.09266074207889 11 
0011 0009 1666777085529047 169.25 -66.0 1.6689710972195777 11 
0011 0007 1666777085530839 290.5 -71.0 4.503767593232243 11 
0011 0003 1666777085543009 31.3125 -73.5 0.06442719309119693 11 
0011 0015 1666777085561449 0.75 -74.0 0.2761165418194154 11 
0011 0009 1666777085637124 -30.0625 -68.5 0.20248546400090464 11 
0011 0012 1666777085638008 26.0 -70.5 6.1850105367549055 11 
0011 0005 1666777085638948 -104.125 -62.0 3.865631585471816 11 
0011 0001 1666777085640114 -247.375 -70.5 5.780039608753096 11 
0011 0010 1666777085641050 -13.0 -58.5 1.1351457830353744 11 
0011 0004 1666777085642187 4.0625 -64.0 1.0492428589137786 11 
0011 0006 1666777085646517 -52.0625 -68.0 3.2213596545598464 11 
0011 0011 1666777085647456 -26.0 -58.0 1.5585244804918115 11 
0011 0008 1666777085648836 91.125 -70.5 2.227340104009951 11 
0011 0007 1666777085652952 -21.9375 -70.0 4.71238898038469 11 
0011 0015 1666777085654008 -147.25 -67.0 4.749204519293945 11 
0011 0003 1666777085655746 8.9375 -71.0 3.3072625786814425 11 
0011 0014 1666777085736318 -1.25 -74.5 4.749204519293945 11 
0011 0013 1666777085761294 12.25 -76.0 1.576932249946439 11 
0011 0008 1666777085774668 -204.25 -68.5 2.0923497946760143 11 
0011 0005 1666777085775558 0.0 -59.5 1.8039614065535141 11 
0011 0009 1666777085777833 4.0625 -63.5 0.6320000846088841 11 
0011 0007 1666777085778961 82.1875 -70.5 0.35588354278946877 11 
0011 0006 1666777085780128 69.125 -61.0 2.12916533358527 11 
0011 0011 1666777085781251 21.9375 -60.5 0.380427235395639 11 
0011 0010 1666777085782186 0.0 -63.0 0.018407769454627694 11 
0011 0014 1666777085786700 -100.0625 -70.5 4.841243366567084 11 
0011 0012 1666777085787613 34.9375 -64.5 0.8467573949128739 11 
0011 0001 1666777085805580 -21.9375 -72.5 5.64504929941916 11 
0011 0011 1666777085891934 4.0625 -59.5 0.380427235395639 11 
0011 0012 1666777085893625 143.1875 -62.5 0.8958447801252144 11 
0011 0005 1666777085895356 39.0 -61.5 1.6260196351587797 11 
0011 0010 1666777085896522 43.125 -62.5 0.0859029241215959 11 
0011 0008 1666777085897419 -61.0 -67.0 2.399145952253143 11 
0011 0009 1666777085898318 61.0 -63.5 1.3621749396424494 11 
0011 0006 1666777085899272 21.9375 -64.0 5.006913291658733 11 
0011 0001 1666777085900393 4.0625 -69.5 5.700272607783043 11 
0011 0007 1666777085901394 -65.0625 -72.0 5.577554144752192 11 
0011 0014 1666777085902281 -308.375 -71.5 5.418020142812084 11 
0011 0011 1666777085999591 43.125 -57.5 1.2946797849754812 11 
0011 0009 1666777086002524 0.0 -64.0 1.2578642460662257 11 
0011 0008 1666777086003712 -78.0625 -71.0 2.313243028131547 11 
0011 0014 1666777086004612 243.3125 -70.0 4.0987966652304335 11 
0011 0007 1666777086005977 -208.3125 -72.0 1.0246991663076084 11 
0011 0005 1666777086006913 39.0 -59.0 1.9389517158874505 11 
0011 0012 1666777086008097 -52.0625 -63.5 1.6382914814618648 11 
0011 0006 1666777086009250 -26.0 -62.0 2.5034566458293663 11 
0011 0010 1666777086010177 126.125 -64.0 0.3436116964863836 11 
0011 0013 1666777086011570 -17.0625 -71.0 5.71868037723767 11 
0011 0015 1666777086013729 34.9375 -69.0 5.313709449235861 11 
0011 0003 1666777086056275 0.0 -79.5 5.988660995905543 11 
0011 0001 1666777086065462 0.875 -74.0 0.4049709280018093 11 
0011 0004 1666777086077552 -9.0 -75.5 5.896622148632405 11 
0011 0001 1666777086128595 143.1875 -70.5 0.19634954084936207 11 
0011 0015 1666777086130866 -178.1875 -65.0 5.098952138931871 11 
0011 0013 1666777086131805 13.0 -66.5 1.3130875544301088 11 
0011 0010 1666777086132758 13.0 -59.0 2.2764274892222915 11 
0011 0005 1666777086133997 -65.0625 -63.0 4.424000592262189 11 
0011 0011 1666777086134892 4.0625 -56.0 2.0064468705544187 11 
0011 0006 1666777086136162 -48.0 -64.5 4.552854978444583 11 
0011 0004 1666777086137032 30.0625 -66.5 2.086213871524472 11 
0011 0009 1666777086137973 61.0 -66.0 0.6258641614573416 11 
0011 0008 1666777086140832 -208.3125 -71.0 3.423845118560751 11 
0011 0014 1666777086144878 91.125 -71.5 4.73693267299086 11 
0011 0003 1666777086159048 -82.1875 -71.5 4.0987966652304335 11 
