0011 0001 1666777999099481 -0.4375 -76.0 6.105243535784852 14 
0011 0007 1666777999116384 126.125 -71.5 0.944932165337555 14 
0011 0015 1666777999119723 56.125 -71.0 1.3560390164909069 14 
0011 0004 1666777999120623 -78.0625 -66.5 5.706408530934585 14 
0011 0008 1666777999121533 -39.0 -59.5 0.28225246497095796 14 
0011 0005 1666777999123203 -17.0625 -70.0 0.21475731030398976 14 
0011 0010 1666777999124244 -65.0625 -65.0 6.1850105367549055 14 
0011 0011 1666777999125651 -26.0 -65.0 3.1906800388021335 14 
0011 0001 1666777999228156 0.875 -76.0 6.068427996875596 14 
0011 0008 1666777999244371 -17.0625 -60.0 0.2638446955163303 14 
0011 0015 1666777999246573 -56.125 -69.5 1.564660403643354 14 
0011 0010 1666777999248376 -26.0 -65.5 6.068427996875596 14 
0011 0004 1666777999249290 130.1875 -66.5 5.448699758569798 14 
0011 0005 1666777999250606 -99.25 -71.0 0.32520392703175593 14 
0011 0011 1666777999251505 -52.0625 -65.5 3.141592653589793 14 
0011 0007 1666777999252966 17.0625 -71.0 0.9265243958829272 14 
0011 0001 1666777999345635 -1.5 -76.0 6.068427996875596 14 
0011 0011 1666777999359587 43.125 -65.5 3.08636934522591 14 
0011 0008 1666777999360569 -21.9375 -59.5 0.30066023442558565 14 
0011 0010 1666777999361709 113.0625 -66.0 5.915029918087033 14 
0011 0004 1666777999364117 -121.25 -67.0 5.626641529964532 14 
0011 0007 1666777999365072 -130.1875 -70.5 1.2517283229146832 14 
0011 0005 1666777999366778 295.375 -71.5 6.191146459906448 14 
0011 0015 1666777999369421 52.0625 -69.5 1.4603497100671303 14 
0011 0010 1666777999477621 -43.125 -65.5 6.166602767300278 14 
0011 0005 1666777999478845 -130.1875 -69.5 0.3620194659410113 14 
0011 0007 1666777999481063 -43.125 -70.5 0.9878836273983529 14 
0011 0008 1666777999482013 0.0 -60.0 0.25157284921324513 14 
0011 0011 1666777999482945 -104.125 -65.0 3.2765829629237295 14 
0011 0015 1666777999485501 208.3125 -69.5 1.1596894756415448 14 
0011 0004 1666777999487811 -43.125 -66.5 5.553010452146021 14 
0011 0002 1666777999557992 17.0625 -79.0 0.6810874698212247 14 
0011 0011 1666777999606358 -17.0625 -65.5 3.0802334220743677 14 
0011 0015 1666777999609925 -178.1875 -70.0 1.3989904785517047 14 
0011 0004 1666777999611077 -82.1875 -66.0 5.620505606812989 14 
0011 0007 1666777999612835 -282.375 -71.0 1.368310862793992 14 
0011 0008 1666777999613744 -17.0625 -59.5 0.25770877236478773 14 
0011 0005 1666777999614911 -78.0625 -70.5 0.28838838812250056 14 
0011 0010 1666777999616174 8.9375 -66.0 6.068427996875596 14 
0011 0001 1666777999903650 5.75 -75.5 5.927301764390117 14 
0011 0004 1666777999932640 21.9375 -66.5 5.64504929941916 14 
0011 0007 1666777999934009 82.1875 -71.0 0.8958447801252144 14 
0011 0011 1666777999936288 87.0625 -65.0 2.9636508821950587 14 
0011 0008 1666777999938304 34.9375 -59.5 0.14726215563702155 14 
0011 0010 1666777999940334 17.0625 -66.0 6.092971689481767 14 
0011 0015 1666777999943059 -48.0 -70.0 1.4296700943094176 14 
0011 0005 1666777999955110 31.3125 -71.5 6.2555736529976445 14 
0011 0001 1666778000030543 4.875 -76.0 5.8659425328746915 14 
0011 0010 1666778000053076 -100.0625 -65.5 6.234097921967246 14 
0011 0008 1666778000056271 17.0625 -59.5 0.16566992509164924 14 
0011 0011 1666778000057327 61.0 -66.0 3.104777114680538 14 
0011 0005 1666778000058465 30.0625 -71.0 6.117515382087937 14 
0011 0004 1666778000061981 117.125 -67.5 5.516194913236766 14 
0011 0007 1666778000063247 204.25 -69.5 0.9572040116406401 14 
0011 0015 1666778000064766 -13.0 -70.0 1.2333205534600555 14 
0011 0001 1666778000141202 9.25 -76.0 5.890486225480862 14 
0011 0008 1666778000173054 -4.0625 -59.0 0.2270291566070749 14 
0011 0011 1666778000173998 173.3125 -65.0 2.945243112740431 14 
0011 0005 1666778000176002 256.3125 -70.5 6.111379458936394 14 
0011 0010 1666778000176885 113.0625 -66.5 5.982525072754001 14 
0011 0004 1666778000177808 -4.0625 -67.0 5.5100589900852235 14 
0011 0015 1666778000179417 121.25 -70.0 1.3560390164909069 14 
0011 0007 1666778000180301 -117.125 -70.5 1.1535535524900022 14 
0011 0001 1666778000243824 1.5 -76.0 6.050020227420969 14 
0011 0008 1666778000288430 -21.9375 -59.5 0.2699806186678728 14 
0011 0005 1666778000289822 87.0625 -69.0 0.14726215563702155 14 
0011 0010 1666778000290720 87.0625 -65.5 5.915029918087033 14 
0011 0015 1666778000292383 143.1875 -69.5 1.3621749396424494 14 
0011 0011 1666778000295367 -91.125 -65.0 3.184544115650591 14 
0011 0004 1666778000298830 -108.1875 -67.0 5.6941366846315 14 
0011 0007 1666778000300261 -17.0625 -69.5 0.9633399347921826 14 
0011 0001 1666778000396986 -3.3125 -76.0 6.227961998815704 14 
0011 0010 1666778000426856 -26.0 -65.5 6.037748381117884 14 
0011 0008 1666778000429992 48.0 -59.5 0.2270291566070749 14 
0011 0015 1666778000431019 -43.125 -70.0 1.423534171157875 14 
0011 0007 1666778000434131 52.0625 -71.0 1.0676506283684062 14 
0011 0011 1666778000435548 26.0 -65.0 3.031146036862027 14 
0011 0004 1666778000436601 -4.0625 -66.0 5.589825991055276 14 
0011 0005 1666778000438473 78.0625 -69.5 0.07976700097005335 14 
0011 0010 1666778000537457 21.9375 -65.5 5.964117303299373 14 
0011 0007 1666778000538357 -56.125 -70.0 1.012427320004523 14 
0011 0011 1666778000540889 -17.0625 -65.5 3.184544115650591 14 
0011 0008 1666778000541900 21.9375 -59.0 0.2945243112740431 14 
0011 0015 1666778000542827 243.3125 -70.0 1.3069516312785663 14 
0011 0005 1666778000543707 -34.9375 -71.0 0.32520392703175593 14 
0011 0004 1666778000545400 -78.0625 -66.0 5.706408530934585 14 
0011 0004 1666778000700649 -52.0625 -66.0 5.681864838328415 14 
0011 0015 1666778000701588 130.1875 -72.0 1.2640001692177683 14 
0011 0008 1666778000704045 -13.0 -59.5 0.3436116964863836 14 
0011 0010 1666778000705171 104.125 -65.5 5.7616318392984684 14 
0011 0011 1666778000706522 95.1875 -65.0 2.9943304979527716 14 
0011 0005 1666778000707447 -65.0625 -69.5 0.39269908169872414 14 
0011 0007 1666778000710359 100.0625 -70.5 1.0676506283684062 14 
0011 0015 1666778000808944 152.125 -72.0 1.337631247036279 14 
0011 0005 1666778000810108 -48.0 -69.0 0.30679615757712825 14 
0011 0007 1666778000812598 13.0 -69.5 0.9387962421860124 14 
0011 0010 1666778000813524 -69.125 -66.0 6.129787228391022 14 
0011 0004 1666778000814438 -104.125 -66.0 5.786175531904639 14 
0011 0008 1666778000816070 39.0 -59.0 0.2945243112740431 14 
0011 0011 1666778000817903 -34.9375 -65.5 3.227495577711389 14 
0011 0002 1666778000899690 12.9375 -80.0 3.9760782021995817 14 
0011 0004 1666778000950065 -100.0625 -66.5 5.71868037723767 14 
0011 0008 1666778000951487 -17.0625 -60.0 0.380427235395639 14 
0011 0010 1666778000953491 -69.125 -65.0 6.043884304269426 14 
0011 0005 1666778000954701 139.125 -69.0 0.16566992509164924 14 
0011 0007 1666778000955670 -100.0625 -70.5 1.1535535524900022 14 
0011 0011 1666778000956595 13.0 -66.0 3.153864499892878 14 
0011 0015 1666778000959090 -13.0 -70.0 1.3867186322486196 14 
0011 0001 1666778001054562 -0.875 -76.0 0.0859029241215959 14 
0011 0008 1666778001071335 17.0625 -59.0 0.3129320807286708 14 
0011 0004 1666778001072631 -21.9375 -66.0 5.559146375297564 14 
0011 0010 1666778001073541 -8.9375 -65.0 6.013204688511713 14 
0011 0011 1666778001075165 -113.0625 -65.0 3.313398501832985 14 
0011 0005 1666778001076460 113.0625 -67.5 0.006135923151542565 14 
0011 0015 1666778001077865 -386.5 -71.0 2.030990563160589 14 
0011 0007 1666778001079172 91.125 -70.0 0.8467573949128739 14 
0011 0001 1666778001153799 6.625 -76.0 0.11044661672776616 14 
0011 0010 1666778001186684 -4.0625 -65.0 5.93343768754166 14 
0011 0007 1666778001188054 -56.125 -70.5 0.9142525495798421 14 
0011 0004 1666778001189489 -113.0625 -66.5 5.730952223540755 14 
0011 0015 1666778001190442 113.0625 -70.0 1.3928545554001621 14 
0011 0005 1666778001191651 -173.3125 -68.5 0.0859029241215959 14 
0011 0011 1666778001192563 52.0625 -65.0 2.9575149590435164 14 
0011 0008 1666778001194238 -4.0625 -58.5 0.35588354278946877 14 
0011 0008 1666778001322322 8.9375 -59.0 0.2638446955163303 14 
0011 0011 1666778001324344 -165.1875 -65.5 3.2888548092268146 14 
0011 0007 1666778001325852 -69.125 -72.0 1.0737865515199487 14 
0011 0004 1666778001327047 -13.0 -66.5 5.681864838328415 14 
0011 0015 1666778001327974 -56.125 -70.5 1.4358060174609601 14 
0011 0010 1666778001330259 -69.125 -66.5 6.000932842208628 14 
0011 0005 1666778001332019 -34.9375 -71.0 0.3129320807286708 14 
0011 0008 1666778001436093 -26.0 -59.0 0.2945243112740431 14 
0011 0011 1666778001437005 17.0625 -65.5 3.160000423044421 14 
0011 0005 1666778001440076 195.25 -68.5 6.264777537724958 14 
0011 0010 1666778001442151 91.125 -65.0 5.878214379177777 14 
0011 0004 1666778001443077 -69.125 -66.5 5.6941366846315 14 
0011 0015 1666778001446571 156.1875 -69.5 0.9878836273983529 14 
0011 0007 1666778001447854 -169.25 -71.5 1.227184630308513 14 
0011 0001 1666778001612934 2.4375 -76.0 6.086835766330224 14 
0011 0007 1666778001635224 299.4375 -71.0 0.6872233929727672 14 
0011 0008 1666778001636401 4.0625 -58.5 0.30066023442558565 14 
0011 0011 1666778001638425 -52.0625 -65.0 3.160000423044421 14 
0011 0004 1666778001639367 -182.25 -67.0 5.749359992995383 14 
0011 0010 1666778001643810 -48.0 -64.5 6.0991076126333095 14 
0011 0015 1666778001645483 -147.25 -71.5 1.4910293258248433 14 
0011 0005 1666778001646392 -61.0 -68.5 0.01227184630308513 14 
0011 0004 1666778001747950 26.0 -67.0 5.5714182216006485 14 
0011 0005 1666778001750721 126.125 -70.5 6.1420590746941075 14 
0011 0007 1666778001751987 17.0625 -71.5 0.9326603190344698 14 
0011 0011 1666778001753155 13.0 -65.0 3.08636934522591 14 
0011 0008 1666778001754591 17.0625 -59.0 0.25770877236478773 14 
0011 0010 1666778001755487 8.9375 -67.0 6.025476534814799 14 
0011 0015 1666778001756343 108.1875 -71.0 1.509437095279471 14 
0011 0002 1666778001831501 7.75 -79.5 0.803805932852076 14 
0011 0015 1666778001880971 117.125 -70.5 1.4419419406125027 14 
0011 0010 1666778001883486 39.0 -65.5 5.9088939949354895 14 
0011 0004 1666778001884356 -56.125 -66.5 5.712544454086128 14 
0011 0007 1666778001885298 -65.0625 -71.5 1.0615147052168636 14 
0011 0011 1666778001887047 30.0625 -65.0 3.055689729468197 14 
0011 0008 1666778001888455 -56.125 -58.5 0.30066023442558565 14 
0011 0005 1666778001891258 48.0 -71.0 0.0 14 
0011 0005 1666778002004804 48.0 -70.0 0.11658253987930872 14 
0011 0010 1666778002006778 -8.9375 -65.5 6.111379458936394 14 
0011 0011 1666778002007720 -91.125 -64.0 3.160000423044421 14 
0011 0004 1666778002008901 -104.125 -67.0 5.66959299202533 14 
0011 0015 1666778002011331 113.0625 -70.0 1.3069516312785663 14 
0011 0008 1666778002013149 -17.0625 -59.5 0.2454369260617026 14 
0011 0007 1666778002014351 104.125 -71.0 1.000155473701438 14 
0011 0011 1666778002113322 -74.0 -64.5 3.1354567304382504 14 
0011 0005 1666778002115531 0.0 -70.5 0.06135923151542565 14 
0011 0010 1666778002116433 -74.0 -65.5 6.0991076126333095 14 
0011 0004 1666778002117349 316.5 -67.0 5.246214294568893 14 
0011 0008 1666778002118515 -21.9375 -59.0 0.22089323345553233 14 
0011 0007 1666778002122738 152.125 -71.5 0.705631162427395 14 
0011 0015 1666778002123689 -4.0625 -71.0 1.2946797849754812 14 
0011 0010 1666778002235505 74.0 -65.5 5.945709533844745 14 
0011 0011 1666778002239193 -117.125 -64.5 3.2090878082567613 14 
0011 0004 1666778002240149 -39.0 -67.5 5.6143696836614465 14 
0011 0015 1666778002241330 -34.9375 -69.5 1.3744467859455345 14 
0011 0008 1666778002242425 39.0 -59.0 0.15339807878856412 14 
0011 0005 1666778002244568 48.0 -71.5 6.270913460876501 14 
0011 0007 1666778002246398 -39.0 -71.0 1.1167380135807468 14 
0011 0004 1666778002345539 78.0625 -67.5 5.491651220630596 14 
0011 0010 1666778002346450 -26.0 -65.0 6.007068765360171 14 
0011 0005 1666778002348055 -169.25 -70.0 0.3190680038802134 14 
0011 0008 1666778002348964 4.0625 -59.0 0.18407769454627693 14 
0011 0011 1666778002350131 8.9375 -65.5 3.098641191528995 14 
0011 0015 1666778002352313 82.1875 -70.5 1.4787574795217582 14 
0011 0007 1666778002355271 -34.9375 -69.5 1.0983302441261191 14 
0011 0005 1666778002484254 -108.1875 -72.0 0.1227184630308513 14 
0011 0015 1666778002485489 -8.9375 -70.0 1.5462526341887264 14 
0011 0008 1666778002487210 4.0625 -59.0 0.1718058482431918 14 
0011 0010 1666778002488634 -87.0625 -65.5 6.191146459906448 14 
0011 0011 1666778002489546 17.0625 -65.0 3.06182565261974 14 
0011 0004 1666778002490969 -87.0625 -67.0 5.595961914206819 14 
0011 0007 1666778002493091 130.1875 -71.5 0.7915340865489908 14 
0011 0010 1666778002589921 0.0 -66.5 6.025476534814799 14 
0011 0008 1666778002591647 34.9375 -59.5 0.1595340019401067 14 
0011 0005 1666778002593310 160.3125 -71.5 6.234097921967246 14 
0011 0004 1666778002594734 -225.375 -66.5 5.822991070813893 14 
0011 0015 1666778002596721 65.0625 -70.0 1.4542137869155878 14 
0011 0011 1666778002597930 -95.1875 -64.5 3.172272269347506 14 
0011 0007 1666778002600686 143.1875 -70.5 0.5951845456996288 14 
0011 0002 1666778002659639 -21.1875 -79.5 0.9081166264282996 14 
0011 0004 1666778002737026 4.0625 -66.5 5.620505606812989 14 
0011 0007 1666778002739007 117.125 -70.5 0.7853981633974483 14 
0011 0008 1666778002740143 -13.0 -59.0 0.14726215563702155 14 
0011 0011 1666778002741101 -199.375 -64.5 3.1968159619536762 14 
0011 0010 1666778002741983 48.0 -66.0 5.964117303299373 14 
0011 0015 1666778002743348 48.0 -69.0 1.3069516312785663 14 
0011 0005 1666778002744837 -17.0625 -70.0 0.0 14 
0011 0002 1666778002781045 -12.625 -80.0 1.1106020904292042 14 
0011 0011 1666778002848880 -26.0 -65.0 3.067961575771282 14 
0011 0007 1666778002850248 -113.0625 -70.0 1.0185632431560658 14 
0011 0004 1666778002852041 126.125 -67.0 5.448699758569798 14 
0011 0008 1666778002854326 34.9375 -59.0 0.07363107781851078 14 
0011 0010 1666778002855863 -65.0625 -65.5 6.031612457966341 14 
0011 0015 1666778002858449 65.0625 -70.0 1.552388557340269 14 
0011 0005 1666778002860050 -104.125 -71.0 0.16566992509164924 14 
0011 0002 1666778002918564 -37.375 -79.5 0.9817477042468103 14 
0011 0001 1666778002959198 3.9375 -76.5 6.129787228391022 14 
0011 0005 1666778002983057 43.125 -69.0 6.154330920997192 14 
0011 0010 1666778002984792 56.125 -66.0 5.9088939949354895 14 
0011 0008 1666778002985915 -48.0 -59.0 0.18407769454627693 14 
0011 0004 1666778002988250 -78.0625 -67.5 5.540738605842936 14 
0011 0011 1666778002989219 -91.125 -64.0 3.141592653589793 14 
0011 0015 1666778002991599 87.0625 -70.0 1.41126232485479 14 
0011 0007 1666778002992497 -30.0625 -71.5 0.8528933180644165 14 
0011 0001 1666778003096192 -3.6875 -76.5 6.19728238305799 14 
0011 0004 1666778003113417 113.0625 -66.5 5.602097837358362 14 
0011 0010 1666778003114428 -30.0625 -65.5 6.086835766330224 14 
0011 0008 1666778003115354 -78.0625 -58.5 0.23316507975861744 14 
0011 0007 1666778003117230 69.125 -70.5 0.8160777791551611 14 
0011 0011 1666778003118398 -26.0 -65.5 3.0372819600135696 14 
0011 0015 1666778003120047 100.0625 -70.0 1.4173982480063325 14 
0011 0005 1666778003123483 43.125 -71.0 6.129787228391022 14 
0011 0001 1666778003218861 -11.9375 -76.5 0.16566992509164924 14 
0011 0005 1666778003227534 117.125 -71.0 6.160466844148735 14 
0011 0007 1666778003228471 0.0 -70.5 0.7915340865489908 14 
0011 0015 1666778003230123 13.0 -71.0 1.4419419406125027 14 
0011 0008 1666778003234475 -87.0625 -59.0 0.19634954084936207 14 
0011 0004 1666778003236025 52.0625 -67.0 5.418020142812084 14 
0011 0011 1666778003237322 -39.0 -64.5 3.0495538063166547 14 
0011 0010 1666778003238221 -87.0625 -65.5 6.092971689481767 14 
0011 0001 1666778003358774 -0.875 -76.5 6.234097921967246 14 
0011 0011 1666778003366738 -21.9375 -64.5 3.3502140407422405 14 
0011 0007 1666778003368358 186.3125 -72.5 0.5706408530934585 14 
0011 0015 1666778003369735 117.125 -69.5 1.4358060174609601 14 
0011 0004 1666778003371113 65.0625 -66.5 5.485515297479052 14 
0011 0008 1666778003372039 -17.0625 -59.0 0.0859029241215959 14 
0011 0010 1666778003373164 17.0625 -66.0 6.025476534814799 14 
0011 0005 1666778003375407 21.9375 -71.0 6.270913460876501 14 
0011 0001 1666778003452744 14.875 -76.0 6.000932842208628 14 
0011 0010 1666778003481669 4.0625 -65.0 6.105243535784852 14 
0011 0004 1666778003482767 -82.1875 -67.0 5.620505606812989 14 
0011 0008 1666778003483665 -30.0625 -59.0 0.1349903093339364 14 
0011 0007 1666778003485047 -82.1875 -69.5 0.7915340865489908 14 
0011 0005 1666778003486708 56.125 -69.5 6.1420590746941075 14 
0011 0011 1666778003489248 82.1875 -64.5 3.2520392703175593 14 
0011 0015 1666778003494674 74.0 -70.5 1.2333205534600555 14 
0011 0001 1666778003598497 3.9375 -76.0 6.025476534814799 14 
0011 0008 1666778003617397 -13.0 -59.0 0.14112623248547898 14 
0011 0015 1666778003618533 -108.1875 -70.0 1.5462526341887264 14 
0011 0011 1666778003619701 48.0 -65.5 3.32567034813607 14 
0011 0004 1666778003620629 -134.25 -66.5 5.749359992995383 14 
0011 0010 1666778003621549 0.0 -65.5 5.994796919057086 14 
0011 0005 1666778003623077 -221.3125 -69.5 0.18407769454627693 14 
0011 0007 1666778003624862 26.0 -70.0 0.8344855486097889 14 
0011 0011 1666778003746421 121.25 -65.5 3.2765829629237295 14 
0011 0008 1666778003747317 21.9375 -59.0 0.09817477042468103 14 
0011 0004 1666778003748966 -34.9375 -66.5 5.632777453116074 14 
0011 0007 1666778003750106 52.0625 -70.0 0.944932165337555 14 
0011 0015 1666778003751686 208.3125 -70.0 1.2210487071569704 14 
0011 0010 1666778003753655 -48.0 -66.0 6.080699843178682 14 
0011 0005 1666778003755116 -56.125 -70.0 6.14819499784565 14 
0011 0002 1666778003793728 3.1875 -79.5 0.9203884727313847 14 
0011 0005 1666778003860369 -147.25 -70.0 0.07363107781851078 14 
0011 0011 1666778003861549 -52.0625 -64.5 3.466796580621549 14 
0011 0010 1666778003863565 -56.125 -66.0 6.037748381117884 14 
0011 0007 1666778003865003 113.0625 -70.0 0.9081166264282996 14 
0011 0015 1666778003867007 117.125 -70.0 1.2762720155208536 14 
0011 0008 1666778003867974 26.0 -59.0 0.1043106935762236 14 
0011 0004 1666778003869354 -95.1875 -66.5 5.681864838328415 14 
0011 0002 1666778003906158 -19.5 -79.0 0.9265243958829272 14 
