0011 0005 1666778019446764 -82.1875 -69.5 6.056156150572511 14 
0011 0015 1666778019447688 17.0625 -70.5 1.4296700943094176 14 
0011 0004 1666778019449836 147.25 -66.5 5.332117218690489 14 
0011 0007 1666778019450761 21.9375 -73.0 1.3744467859455345 14 
0011 0008 1666778019454865 34.9375 -59.0 6.166602767300278 14 
0011 0011 1666778019456030 87.0625 -65.0 3.184544115650591 14 
0011 0010 1666778019457947 -43.125 -65.5 5.970253226450915 14 
0011 0001 1666778019527948 -9.75 -76.5 0.006135923151542565 14 
0011 0015 1666778019562796 104.125 -70.5 1.4910293258248433 14 
0011 0011 1666778019566669 21.9375 -64.0 3.2888548092268146 14 
0011 0008 1666778019567938 -17.0625 -59.0 6.258641614573416 14 
0011 0010 1666778019570010 -113.0625 -65.5 5.902758071783947 14 
0011 0004 1666778019571093 43.125 -67.0 5.246214294568893 14 
0011 0005 1666778019574227 -264.4375 -69.5 6.111379458936394 14 
0011 0007 1666778019575973 82.1875 -70.0 1.2210487071569704 14 
0011 0001 1666778019633693 -11.6875 -76.5 6.209554229361076 14 
0011 0015 1666778019678965 91.125 -69.5 1.3621749396424494 14 
0011 0004 1666778019683017 26.0 -67.0 5.448699758569798 14 
0011 0011 1666778019684762 0.0 -65.0 3.2704470397721868 14 
0011 0008 1666778019685964 -52.0625 -59.0 6.2463697682703305 14 
0011 0005 1666778019686886 82.1875 -69.5 5.853670686571607 14 
0011 0007 1666778019689145 8.9375 -71.0 1.41126232485479 14 
0011 0010 1666778019690088 48.0 -65.5 5.835262917116979 14 
0011 0011 1666778019841763 -113.0625 -64.5 3.3318062712876126 14 
0011 0008 1666778019842700 -4.0625 -59.0 6.234097921967246 14 
0011 0010 1666778019843615 -30.0625 -66.0 5.9088939949354895 14 
0011 0004 1666778019844570 -126.125 -67.0 5.577554144752192 14 
0011 0005 1666778019845478 -199.375 -71.0 6.14819499784565 14 
0011 0007 1666778019846718 21.9375 -71.5 1.4848934026733007 14 
0011 0015 1666778019848098 191.1875 -71.0 1.3989904785517047 14 
0011 0004 1666778019945063 -69.125 -66.5 5.546874528994478 14 
0011 0005 1666778019947820 -26.0 -69.5 6.007068765360171 14 
0011 0010 1666778019950232 -4.0625 -67.0 5.872078456026235 14 
0011 0007 1666778019951149 204.25 -71.0 1.1719613219446299 14 
0011 0008 1666778019952045 -26.0 -59.0 6.258641614573416 14 
0011 0011 1666778019952958 34.9375 -65.0 3.2765829629237295 14 
0011 0015 1666778019954237 143.1875 -71.0 1.3437671701878218 14 
0011 0011 1666778020049384 -8.9375 -64.5 3.313398501832985 14 
0011 0004 1666778020050526 52.0625 -67.0 5.436427912266712 14 
0011 0010 1666778020053790 13.0 -66.0 5.939573610693203 14 
0011 0008 1666778020055127 -4.0625 -58.5 6.234097921967246 14 
0011 0007 1666778020056042 -61.0 -70.5 1.380582709097077 14 
0011 0015 1666778020058310 82.1875 -71.0 1.521708941582556 14 
0011 0005 1666778020061892 100.0625 -71.0 5.859806609723149 14 
0011 0004 1666778020158940 178.1875 -67.0 5.295301679781233 14 
0011 0011 1666778020160918 -91.125 -65.0 3.3747577333484107 14 
0011 0008 1666778020162238 13.0 -59.0 6.252505691421874 14 
0011 0015 1666778020163577 -373.5 -70.5 1.9266798695843652 14 
0011 0007 1666778020165263 156.1875 -70.5 1.282407938672396 14 
0011 0010 1666778020166288 182.25 -65.0 5.71868037723767 14 
0011 0005 1666778020168006 56.125 -70.5 5.859806609723149 14 
0011 0015 1666778020263709 -108.1875 -71.0 1.6812429435226628 14 
0011 0008 1666778020265088 -52.0625 -58.5 0.018407769454627694 14 
0011 0010 1666778020267075 156.1875 -66.5 5.724816300389213 14 
0011 0007 1666778020269353 230.25 -70.0 1.1658253987930873 14 
0011 0005 1666778020271056 74.0 -69.5 5.9518454569962875 14 
0011 0004 1666778020271970 26.0 -66.5 5.436427912266712 14 
0011 0011 1666778020272855 -52.0625 -64.5 3.3318062712876126 14 
0011 0007 1666778020371654 -134.25 -71.5 1.368310862793992 14 
0011 0008 1666778020373199 -17.0625 -59.0 0.018407769454627694 14 
0011 0011 1666778020374310 -82.1875 -64.0 3.393165502803038 14 
0011 0005 1666778020375494 -416.625 -69.0 0.14112623248547898 14 
0011 0004 1666778020376391 -113.0625 -66.5 5.577554144752192 14 
0011 0010 1666778020377301 -61.0 -66.5 6.019340611663256 14 
0011 0015 1666778020378226 21.9375 -71.5 1.4419419406125027 14 
0011 0007 1666778020477813 -121.25 -70.5 1.5830681730979816 14 
0011 0011 1666778020478978 82.1875 -64.5 3.227495577711389 14 
0011 0008 1666778020480172 -4.0625 -59.0 6.252505691421874 14 
0011 0010 1666778020481328 52.0625 -67.0 5.8475347634200645 14 
0011 0004 1666778020483977 -34.9375 -67.0 5.595961914206819 14 
0011 0005 1666778020485266 -48.0 -69.5 6.227961998815704 14 
0011 0015 1666778020486598 48.0 -71.5 1.5033011721279284 14 
0011 0007 1666778020586696 126.125 -70.0 1.1780972450961724 14 
0011 0005 1666778020588953 -13.0 -70.0 6.0991076126333095 14 
0011 0008 1666778020590091 8.9375 -59.0 6.258641614573416 14 
0011 0011 1666778020590993 -117.125 -64.0 3.429981041712294 14 
0011 0010 1666778020594891 13.0 -66.0 5.890486225480862 14 
0011 0004 1666778020595777 108.1875 -67.5 5.436427912266712 14 
0011 0015 1666778020597468 74.0 -71.5 1.4603497100671303 14 
0011 0015 1666778020692949 -217.25 -72.0 1.7732817907958012 14 
0011 0010 1666778020695662 -26.0 -66.5 6.007068765360171 14 
0011 0007 1666778020696591 -100.0625 -70.0 1.4296700943094176 14 
0011 0005 1666778020698327 -113.0625 -70.5 6.129787228391022 14 
0011 0004 1666778020699706 -8.9375 -66.5 5.485515297479052 14 
0011 0011 1666778020701105 -65.0625 -64.5 3.3072625786814425 14 
0011 0008 1666778020702017 -74.0 -59.0 0.06135923151542565 14 
0011 0007 1666778020802542 -386.5 -70.5 1.8837284075235674 14 
0011 0004 1666778020803538 56.125 -66.5 5.375068680751287 14 
0011 0015 1666778020804931 -52.0625 -70.0 1.5278448647340985 14 
0011 0005 1666778020806053 52.0625 -70.5 5.9518454569962875 14 
0011 0010 1666778020807504 -117.125 -65.5 5.939573610693203 14 
0011 0011 1666778020808654 17.0625 -64.0 3.313398501832985 14 
0011 0008 1666778020809551 8.9375 -59.0 6.252505691421874 14 
0011 0004 1666778020908305 130.1875 -67.5 5.350524988145116 14 
0011 0011 1666778020909247 -104.125 -65.0 3.436116964863836 14 
0011 0008 1666778020910371 -82.1875 -59.0 0.05522330836388308 14 
0011 0007 1666778020911753 -82.1875 -71.0 1.4910293258248433 14 
0011 0010 1666778020913219 -91.125 -66.5 6.080699843178682 14 
0011 0015 1666778020914129 -100.0625 -71.5 1.5401167110371838 14 
0011 0005 1666778020916735 -178.1875 -71.0 6.19728238305799 14 
0011 0011 1666778021015431 -74.0 -64.0 3.4054373491061236 14 
0011 0015 1666778021016442 -65.0625 -69.5 1.5155730184310134 14 
0011 0004 1666778021018193 -160.3125 -66.5 5.64504929941916 14 
0011 0007 1666778021019105 -100.0625 -71.0 1.509437095279471 14 
0011 0008 1666778021020000 8.9375 -59.0 6.252505691421874 14 
0011 0010 1666778021021931 13.0 -65.5 5.939573610693203 14 
0011 0005 1666778021022986 -52.0625 -69.5 6.025476534814799 14 
0011 0007 1666778021120581 -117.125 -70.5 1.3192234775816514 14 
0011 0008 1666778021122401 -17.0625 -59.0 6.270913460876501 14 
0011 0004 1666778021123273 -74.0 -67.5 5.540738605842936 14 
0011 0010 1666778021124398 -169.25 -66.0 6.191146459906448 14 
0011 0011 1666778021125293 13.0 -64.5 3.2397674240144743 14 
0011 0005 1666778021127039 -61.0 -70.5 5.939573610693203 14 
0011 0015 1666778021128803 -178.1875 -70.5 1.6260196351587797 14 
0011 0011 1666778021226127 100.0625 -64.0 3.2213596545598464 14 
0011 0010 1666778021227576 61.0 -66.5 5.970253226450915 14 
0011 0005 1666778021229577 52.0625 -70.0 5.9088939949354895 14 
0011 0007 1666778021231101 -52.0625 -70.5 1.380582709097077 14 
0011 0004 1666778021232267 -117.125 -67.0 5.5714182216006485 14 
0011 0008 1666778021233178 -30.0625 -59.0 6.258641614573416 14 
0011 0015 1666778021234188 -26.0 -71.0 1.4910293258248433 14 
0011 0001 1666778021338386 12.625 -76.5 6.031612457966341 14 
0011 0007 1666778021516513 -13.0 -71.0 0.8406214717613314 14 
0011 0011 1666778021518274 8.9375 -64.5 3.313398501832985 14 
0011 0010 1666778021519214 8.9375 -66.0 5.859806609723149 14 
0011 0005 1666778021521149 147.25 -70.5 5.724816300389213 14 
0011 0008 1666778021522087 13.0 -59.0 6.2034183062095325 14 
0011 0015 1666778021523269 143.1875 -70.5 1.4664856332186729 14 
0011 0004 1666778021524224 -100.0625 -67.0 5.565282298449106 14 
0011 0001 1666778021598293 14.1875 -76.5 6.178874613603362 14 
0011 0010 1666778021629800 43.125 -66.5 5.835262917116979 14 
0011 0004 1666778021630739 100.0625 -66.0 5.405748296509 14 
0011 0008 1666778021631637 43.125 -58.5 6.160466844148735 14 
0011 0011 1666778021635528 17.0625 -65.0 3.2765829629237295 14 
0011 0007 1666778021636473 -52.0625 -70.5 0.9203884727313847 14 
0011 0005 1666778021637636 -117.125 -70.5 5.970253226450915 14 
0011 0015 1666778021639639 43.125 -69.5 1.4542137869155878 14 
0011 0007 1666778021737544 13.0 -70.0 0.9878836273983529 14 
0011 0010 1666778021738939 -143.1875 -66.0 6.031612457966341 14 
0011 0008 1666778021742316 -65.0625 -59.0 6.258641614573416 14 
0011 0005 1666778021743267 82.1875 -72.0 5.921165841238575 14 
0011 0004 1666778021745171 -4.0625 -66.5 5.497787143782138 14 
0011 0011 1666778021746072 -143.1875 -65.0 3.393165502803038 14 
0011 0015 1666778021747593 156.1875 -70.5 1.576932249946439 14 
0011 0010 1666778021845969 8.9375 -66.0 5.872078456026235 14 
0011 0007 1666778021848701 -65.0625 -71.5 0.8897088569736719 14 
0011 0011 1666778021849968 13.0 -64.0 3.2827188860752723 14 
0011 0015 1666778021851363 108.1875 -70.5 1.3867186322486196 14 
0011 0004 1666778021852303 39.0 -67.0 5.418020142812084 14 
0011 0008 1666778021853172 -74.0 -59.0 6.252505691421874 14 
0011 0005 1666778021855178 -221.3125 -70.0 5.939573610693203 14 
0011 0001 1666778021944386 -8.0 -76.5 6.062292073724054 14 
0011 0014 1666778022009309 -3.125 -75.0 0.8099418560036186 14 
0011 0004 1666778022018617 13.0 -68.0 5.399612373357457 14 
0011 0008 1666778022021286 -61.0 -58.5 6.227961998815704 14 
0011 0007 1666778022022875 -21.9375 -71.5 1.012427320004523 14 
0011 0010 1666778022024027 -82.1875 -65.5 6.000932842208628 14 
0011 0011 1666778022024928 -52.0625 -64.0 3.3870295796514958 14 
0011 0015 1666778022025909 17.0625 -71.5 1.5707963267948966 14 
0011 0005 1666778022027090 -104.125 -70.0 6.056156150572511 14 
0011 0001 1666778022123842 -1.5 -76.5 6.086835766330224 14 
0011 0008 1666778022151545 -87.0625 -58.5 6.264777537724958 14 
0011 0004 1666778022152741 -48.0 -66.0 5.393476450205914 14 
0011 0015 1666778022153906 160.3125 -70.5 1.3621749396424494 14 
0011 0010 1666778022156405 -91.125 -66.0 6.007068765360171 14 
0011 0011 1666778022157317 -65.0625 -64.5 3.3379421944391554 14 
0011 0005 1666778022159164 -221.3125 -70.0 6.086835766330224 14 
0011 0007 1666778022160204 69.125 -70.5 0.9940195505498954 14 
0011 0001 1666778022253651 -9.9375 -76.0 6.264777537724958 14 
0011 0007 1666778022267532 -52.0625 -70.0 1.0062913968529805 14 
0011 0008 1666778022269521 -61.0 -58.5 6.191146459906448 14 
0011 0005 1666778022272812 -186.3125 -70.5 6.086835766330224 14 
0011 0010 1666778022273809 -113.0625 -66.0 6.025476534814799 14 
0011 0004 1666778022274774 4.0625 -66.0 5.332117218690489 14 
0011 0011 1666778022275645 39.0 -64.5 3.2643111166206444 14 
0011 0015 1666778022277153 195.25 -69.5 1.368310862793992 14 
0011 0001 1666778022400766 6.8125 -76.5 6.007068765360171 14 
0011 0011 1666778022432860 95.1875 -64.5 3.1906800388021335 14 
0011 0004 1666778022433844 74.0 -66.5 5.2768939103266055 14 
0011 0005 1666778022434967 -269.3125 -70.5 6.264777537724958 14 
0011 0010 1666778022436089 -113.0625 -65.5 6.086835766330224 14 
0011 0008 1666778022437000 -87.0625 -58.5 6.264777537724958 14 
0011 0007 1666778022438622 43.125 -70.5 0.8835729338221293 14 
0011 0015 1666778022442184 17.0625 -71.0 1.564660403643354 14 
0011 0001 1666778022544315 -1.125 -76.5 3.172272269347506 14 
0011 0005 1666778022551229 -52.0625 -70.0 5.970253226450915 14 
0011 0010 1666778022553534 -134.25 -66.0 6.105243535784852 14 
0011 0004 1666778022555310 -204.25 -67.0 5.638913376267617 14 
0011 0008 1666778022556503 21.9375 -58.5 6.1420590746941075 14 
0011 0011 1666778022557678 17.0625 -64.0 3.2090878082567613 14 
0011 0015 1666778022558619 147.25 -71.0 1.2455923997631406 14 
0011 0007 1666778022561486 -95.1875 -71.5 0.8897088569736719 14 
0011 0001 1666778022645788 -0.1875 -76.5 6.000932842208628 14 
0011 0005 1666778022662186 -225.375 -71.0 0.03681553890925539 14 
0011 0007 1666778022664488 -139.125 -70.0 1.030835089459151 14 
0011 0008 1666778022665364 0.0 -59.0 6.160466844148735 14 
0011 0011 1666778022666985 0.0 -64.5 3.2949907323783574 14 
0011 0015 1666778022668144 -143.1875 -70.5 1.6137477888556946 14 
0011 0004 1666778022670659 56.125 -66.0 5.3198453723874035 14 
0011 0010 1666778022672389 26.0 -66.0 5.988660995905543 14 
0011 0001 1666778022789882 1.9375 -76.5 6.17273869045182 14 
0011 0010 1666778022796291 -130.1875 -66.0 6.14819499784565 14 
0011 0015 1666778022797912 -277.4375 -72.0 1.7855536370988863 14 
0011 0011 1666778022799943 8.9375 -64.5 3.3011266555298997 14 
0011 0007 1666778022801129 61.0 -70.0 0.662679700366597 14 
0011 0008 1666778022802304 0.0 -58.5 6.17273869045182 14 
0011 0004 1666778022805889 -95.1875 -66.5 5.473243451175968 14 
0011 0005 1666778022807283 48.0 -70.0 5.9088939949354895 14 
0011 0001 1666778022911327 2.1875 -76.0 0.04908738521234052 14 
0011 0004 1666778022928505 4.0625 -66.5 5.473243451175968 14 
0011 0005 1666778022930395 -95.1875 -70.0 6.013204688511713 14 
0011 0011 1666778022931561 13.0 -64.5 3.2397674240144743 14 
0011 0007 1666778022932704 -39.0 -71.0 1.0921943209745766 14 
0011 0010 1666778022936525 -82.1875 -66.0 6.031612457966341 14 
0011 0008 1666778022939224 -39.0 -58.5 6.240233845118788 14 
0011 0015 1666778022940179 121.25 -70.5 1.533980787885641 14 
0011 0001 1666778023038405 -2.1875 -76.0 6.14819499784565 14 
0011 0004 1666778023044812 52.0625 -66.0 5.332117218690489 14 
0011 0015 1666778023046234 -160.3125 -70.5 1.748738098189631 14 
0011 0007 1666778023048183 26.0 -70.0 0.8897088569736719 14 
0011 0010 1666778023049335 -34.9375 -65.5 5.9088939949354895 14 
0011 0008 1666778023050714 -34.9375 -59.0 6.2463697682703305 14 
0011 0011 1666778023052562 69.125 -65.0 3.2581751934691017 14 
0011 0005 1666778023053729 -134.25 -70.5 6.013204688511713 14 
0011 0001 1666778023160482 -2.875 -76.5 0.01227184630308513 14 
0011 0010 1666778023194749 191.1875 -66.0 5.71868037723767 14 
0011 0011 1666778023196339 8.9375 -64.5 3.2949907323783574 14 
0011 0015 1666778023199182 -117.125 -70.5 1.8346410223112268 14 
0011 0008 1666778023200307 -39.0 -59.0 6.209554229361076 14 
0011 0005 1666778023201231 108.1875 -69.5 5.749359992995383 14 
0011 0004 1666778023202385 61.0 -67.0 5.301437602932776 14 
0011 0007 1666778023203513 134.25 -69.5 0.7179030087304801 14 
0011 0005 1666778023321287 4.0625 -70.5 6.025476534814799 14 
0011 0004 1666778023322456 -21.9375 -67.5 5.442563835418255 14 
0011 0008 1666778023325808 -13.0 -59.0 6.22182607566416 14 
0011 0010 1666778023326946 -26.0 -65.5 6.000932842208628 14 
0011 0015 1666778023328070 78.0625 -71.5 1.1965050145508 14 
0011 0011 1666778023329607 -21.9375 -65.0 3.4054373491061236 14 
0011 0007 1666778023330757 13.0 -70.5 0.7669903939428205 14 
0011 0015 1666778023456301 4.0625 -70.0 1.662835174068035 14 
0011 0011 1666778023457471 87.0625 -65.0 3.215223731408304 14 
0011 0008 1666778023460226 -34.9375 -59.0 6.234097921967246 14 
0011 0007 1666778023461197 87.0625 -69.5 0.6933593161243098 14 
0011 0004 1666778023464310 13.0 -66.5 5.436427912266712 14 
0011 0010 1666778023465167 -78.0625 -66.5 5.945709533844745 14 
0011 0005 1666778023466005 -108.1875 -71.5 5.816855147662351 14 
0011 0010 1666778023589929 -48.0 -65.5 5.976389149602458 14 
0011 0008 1666778023591066 -17.0625 -59.0 6.2463697682703305 14 
0011 0011 1666778023592222 -160.3125 -64.5 3.442252888015379 14 
0011 0015 1666778023595189 -160.3125 -71.0 1.8100973297050567 14 
0011 0004 1666778023597732 -13.0 -67.0 5.393476450205914 14 
0011 0007 1666778023599655 -225.375 -70.0 1.282407938672396 14 
0011 0005 1666778023602536 56.125 -70.5 5.93343768754166 14 
0011 0014 1666778023689087 -3.5625 -75.0 0.662679700366597 14 
0011 0011 1666778023707316 -21.9375 -64.5 3.3379421944391554 14 
0011 0005 1666778023708823 -61.0 -71.5 6.068427996875596 14 
0011 0004 1666778023710345 -8.9375 -67.0 5.411884219660542 14 
0011 0008 1666778023712617 8.9375 -59.0 6.252505691421874 14 
0011 0010 1666778023714154 65.0625 -65.5 5.859806609723149 14 
0011 0015 1666778023716312 -17.0625 -70.5 1.607611865704152 14 
0011 0007 1666778023717797 173.3125 -70.0 0.619728238305799 14 
0011 0014 1666778023794820 -6.625 -75.0 0.6810874698212247 14 
0011 0010 1666778023834598 -8.9375 -65.5 5.8659425328746915 14 
0011 0005 1666778023835641 247.375 -71.0 5.810719224510809 14 
0011 0004 1666778023837419 -61.0 -66.5 5.638913376267617 14 
0011 0011 1666778023838626 4.0625 -65.0 3.2581751934691017 14 
0011 0008 1666778023839595 -8.9375 -59.0 6.252505691421874 14 
0011 0007 1666778023840922 -95.1875 -71.0 1.0246991663076084 14 
0011 0015 1666778023843280 26.0 -71.0 1.6505633277649499 14 
0011 0010 1666778023950217 -8.9375 -66.0 5.835262917116979 14 
0011 0007 1666778023952721 104.125 -69.5 0.760854470791278 14 
0011 0011 1666778023953831 74.0 -64.5 3.1968159619536762 14 
0011 0015 1666778023955241 329.5625 -70.5 1.227184630308513 14 
0011 0008 1666778023956418 4.0625 -59.0 6.240233845118788 14 
0011 0005 1666778023957798 -173.3125 -70.5 6.129787228391022 14 
0011 0004 1666778023958708 -21.9375 -66.5 5.45483568172134 14 
0011 0001 1666778024050748 6.625 -76.5 6.086835766330224 14 
0011 0007 1666778024068005 208.3125 -70.5 0.7731263170943632 14 
0011 0011 1666778024069166 0.0 -65.0 3.2888548092268146 14 
0011 0015 1666778024070693 52.0625 -70.0 1.564660403643354 14 
0011 0004 1666778024072310 -104.125 -67.0 5.50392306693368 14 
0011 0008 1666778024073462 26.0 -59.0 6.191146459906448 14 
0011 0005 1666778024075320 -82.1875 -69.0 6.12365130523948 14 
0011 0010 1666778024076414 -17.0625 -65.5 5.964117303299373 14 
0011 0008 1666778024189817 26.0 -59.5 6.160466844148735 14 
0011 0007 1666778024191156 243.3125 -69.5 0.7179030087304801 14 
0011 0005 1666778024192035 56.125 -70.0 5.964117303299373 14 
0011 0010 1666778024194735 -26.0 -66.0 5.915029918087033 14 
0011 0004 1666778024195690 -21.9375 -67.0 5.45483568172134 14 
0011 0011 1666778024197111 -65.0625 -64.0 3.380893656499953 14 
0011 0015 1666778024199231 -312.4375 -70.5 1.8775924843720249 14 
0011 0010 1666778024295762 -52.0625 -65.0 6.019340611663256 14 
0011 0005 1666778024297194 -204.25 -70.5 6.129787228391022 14 
0011 0008 1666778024298541 -17.0625 -59.0 6.215690152512618 14 
0011 0011 1666778024299426 -91.125 -64.5 3.368621810196868 14 
0011 0015 1666778024303203 -61.0 -70.0 1.718058482431918 14 
0011 0004 1666778024304766 -48.0 -66.5 5.436427912266712 14 
0011 0007 1666778024308473 -212.375 -70.0 1.1044661672776617 14 
