0011 0015 1666779323379529 134.25 -69.0 5.780039608753096 16 
0011 0002 1666779323480446 -4.875 -76.5 4.123340357836604 16 
0011 0008 1666779323487511 -74.0 -63.5 5.344389064993574 16 
0011 0015 1666779323491380 95.1875 -69.5 5.71868037723767 16 
0011 0010 1666779323492377 91.125 -61.5 1.380582709097077 16 
0011 0007 1666779323494453 -61.0 -71.0 2.816388726558037 16 
0011 0006 1666779323495369 -290.5 -70.5 5.516194913236766 16 
0011 0000 1666779323496943 -30.0625 -60.5 5.301437602932776 16 
0011 0001 1666779323498505 -69.125 -65.5 1.576932249946439 16 
0011 0004 1666779323499389 21.9375 -68.0 0.7240389318820226 16 
0011 0005 1666779323500587 -208.3125 -70.5 2.423689644859313 16 
0011 0005 1666779323508545 14.1875 -72.0 2.313243028131547 16 
0011 0011 1666779323518181 -1.625 -72.0 3.32567034813607 16 
0011 0002 1666779323605474 4.375 -76.5 4.006757817957295 16 
0011 0000 1666779323611913 -17.0625 -60.5 5.325981295538946 16 
0011 0008 1666779323615317 -13.0 -63.5 5.21553467881118 16 
0011 0001 1666779323616266 0.0 -65.0 1.4173982480063325 16 
0011 0015 1666779323617154 -74.0 -68.0 5.890486225480862 16 
0011 0006 1666779323618551 -117.125 -70.5 5.313709449235861 16 
0011 0004 1666779323621539 17.0625 -68.5 0.705631162427395 16 
0011 0005 1666779323622494 113.0625 -71.5 2.061670178918302 16 
0011 0010 1666779323623418 56.125 -61.5 1.4296700943094176 16 
0011 0007 1666779323625996 -169.25 -69.0 2.9268353432858034 16 
0011 0005 1666779323647963 0.75 -72.0 2.2764274892222915 16 
0011 0011 1666779323654764 -5.625 -72.0 0.3190680038802134 16 
0011 0002 1666779323710977 7.0625 -76.0 3.9453985864418692 16 
0011 0007 1666779323738496 91.125 -69.5 2.6384469551633027 16 
0011 0001 1666779323739647 87.0625 -65.0 1.3314953238847365 16 
0011 0004 1666779323741624 108.1875 -68.5 0.7424467013366504 16 
0011 0008 1666779323743671 4.0625 -63.5 5.21553467881118 16 
0011 0000 1666779323745466 -48.0 -60.5 5.356660911296659 16 
0011 0015 1666779323746378 182.25 -68.0 5.773903685601553 16 
0011 0010 1666779323747303 87.0625 -61.0 1.3621749396424494 16 
0011 0011 1666779323748301 43.125 -71.0 0.1043106935762236 16 
0011 0006 1666779323750203 195.25 -70.5 4.988505522204105 16 
0011 0005 1666779323752176 -208.3125 -71.5 2.4605051837685683 16 
0011 0005 1666779323766765 24.375 -72.0 2.073942025221387 16 
0011 0002 1666779323844921 12.375 -76.5 3.7981364308048478 16 
0011 0006 1666779323863329 -48.0 -70.5 5.160311370447297 16 
0011 0010 1666779323865681 -34.9375 -61.5 1.5707963267948966 16 
0011 0015 1666779323867518 74.0 -68.5 5.724816300389213 16 
0011 0011 1666779323868418 238.4375 -71.5 0.006135923151542565 16 
0011 0004 1666779323869582 -21.9375 -68.0 0.8467573949128739 16 
0011 0000 1666779323871290 -69.125 -61.0 5.350524988145116 16 
0011 0001 1666779323872271 -34.9375 -65.0 1.5278448647340985 16 
0011 0008 1666779323873454 -113.0625 -63.0 5.332117218690489 16 
0011 0007 1666779323874368 195.25 -70.5 2.3009711818284617 16 
0011 0005 1666779323895713 -2.4375 -72.0 2.2580197197676637 16 
0011 0002 1666779323978251 1.75 -76.0 0.7792622402459057 16 
0011 0008 1666779323992956 8.9375 -63.0 5.2339424482658075 16 
0011 0004 1666779323993872 204.25 -69.0 0.4479223900626072 16 
0011 0007 1666779323995552 -234.3125 -69.5 2.9268353432858034 16 
0011 0000 1666779323997215 43.125 -60.5 5.258486140871978 16 
0011 0010 1666779323998365 4.0625 -61.0 1.4603497100671303 16 
0011 0001 1666779323999321 139.125 -65.5 1.3867186322486196 16 
0011 0006 1666779324001682 -208.3125 -70.5 5.473243451175968 16 
0011 0015 1666779324004203 -191.1875 -68.5 5.957981380147831 16 
0011 0011 1666779324005626 -34.9375 -69.0 0.14726215563702155 16 
0011 0005 1666779324035164 14.625 -72.0 2.227340104009951 16 
0011 0002 1666779324166850 3.5625 -76.0 4.09266074207889 16 
0011 0007 1666779324174657 -13.0 -69.5 2.8777479580734626 16 
0011 0001 1666779324176403 4.0625 -65.5 1.4910293258248433 16 
0011 0000 1666779324177305 65.0625 -60.5 5.209398755659637 16 
0011 0015 1666779324178201 134.25 -69.0 5.638913376267617 16 
0011 0008 1666779324179112 -4.0625 -63.0 5.227806525114265 16 
0011 0010 1666779324181919 -52.0625 -61.0 1.552388557340269 16 
0011 0006 1666779324183538 -217.25 -71.0 5.344389064993574 16 
0011 0004 1666779324186165 -39.0 -68.0 0.6933593161243098 16 
0011 0011 1666779324187093 -134.25 -70.0 0.3620194659410113 16 
0011 0005 1666779324207640 20.25 -72.5 5.399612373357457 16 
0011 0010 1666779324408976 -4.0625 -61.0 1.4664856332186729 16 
0011 0000 1666779324415975 4.0625 -61.0 5.270757987175063 16 
0011 0004 1666779324418474 -17.0625 -69.0 0.7363107781851077 16 
0011 0006 1666779324420011 117.125 -70.5 4.97623367590102 16 
0011 0001 1666779324421132 134.25 -65.0 1.2885438618239387 16 
0011 0008 1666779324421987 -113.0625 -63.0 5.301437602932776 16 
0011 0015 1666779324424343 -173.3125 -68.5 5.939573610693203 16 
0011 0011 1666779324426264 -61.0 -70.5 0.19634954084936207 16 
0011 0007 1666779324427235 -56.125 -70.0 2.8409324191642074 16 
0011 0005 1666779324442569 6.5 -72.0 2.2518837966161214 16 
0011 0008 1666779324530583 8.9375 -63.0 5.154175447295755 16 
0011 0000 1666779324531512 -13.0 -60.5 5.289165756629691 16 
0011 0010 1666779324532509 87.0625 -61.0 1.3867186322486196 16 
0011 0007 1666779324533408 108.1875 -70.0 2.4727770300716534 16 
0011 0001 1666779324534600 56.125 -65.5 1.41126232485479 16 
0011 0004 1666779324536505 117.125 -69.0 0.5522330836388308 16 
0011 0015 1666779324537372 56.125 -69.0 5.6143696836614465 16 
0011 0006 1666779324540579 108.1875 -70.5 5.0253210611133605 16 
0011 0011 1666779324541927 52.0625 -71.0 0.14726215563702155 16 
0011 0005 1666779324565442 0.0 -72.0 5.43029198911517 16 
0011 0000 1666779324644504 -82.1875 -60.5 5.405748296509 16 
0011 0008 1666779324647032 -43.125 -63.0 5.209398755659637 16 
0011 0005 1666779324649081 256.3125 -70.5 2.1353012567368124 16 
0011 0015 1666779324650047 48.0 -68.5 5.786175531904639 16 
0011 0010 1666779324651155 56.125 -61.0 1.4726215563702154 16 
0011 0007 1666779324652596 160.3125 -69.0 2.4911847995262812 16 
0011 0004 1666779324653622 78.0625 -68.0 0.6688156235181395 16 
0011 0006 1666779324654791 -342.5625 -71.0 5.45483568172134 16 
0011 0001 1666779324655680 0.0 -66.0 1.3928545554001621 16 
0011 0005 1666779324663946 -28.0625 -72.0 2.291767297101148 16 
0011 0011 1666779324681747 -12.1875 -72.5 0.23930100291016002 16 
0011 0001 1666779324759865 4.0625 -65.5 1.3928545554001621 16 
0011 0015 1666779324764653 -13.0 -69.0 5.749359992995383 16 
0011 0007 1666779324766209 -182.25 -70.0 2.8102528034064944 16 
0011 0000 1666779324767150 -17.0625 -60.5 5.307573526084319 16 
0011 0006 1666779324768065 113.0625 -70.0 5.264622064023521 16 
0011 0008 1666779324769626 100.0625 -63.5 5.074408446325701 16 
0011 0010 1666779324771148 43.125 -61.5 1.4358060174609601 16 
0011 0005 1666779324772047 -143.1875 -70.5 2.3316507975861747 16 
0011 0004 1666779324773840 182.25 -68.0 0.6135923151542565 16 
0011 0011 1666779324794169 -1.625 -72.0 0.2761165418194154 16 
0011 0015 1666779324873379 -43.125 -68.5 5.9518454569962875 16 
0011 0006 1666779324874322 165.1875 -70.0 4.8351074434155406 16 
0011 0000 1666779324879005 126.125 -60.5 5.148039524144211 16 
0011 0001 1666779324880518 -4.0625 -66.0 1.4971652489763858 16 
0011 0007 1666779324881435 -165.1875 -69.5 2.9759227284981438 16 
0011 0010 1666779324883974 4.0625 -61.0 1.4419419406125027 16 
0011 0008 1666779324884888 -100.0625 -63.0 5.332117218690489 16 
0011 0004 1666779324885958 -61.0 -68.5 0.8222137023067037 16 
0011 0011 1666779324886843 269.3125 -71.0 0.20248546400090464 16 
0011 0005 1666779324898493 50.0 -72.0 2.162912910918754 16 
0011 0011 1666779324907675 13.875 -72.0 0.22089323345553233 16 
0011 0007 1666779324989091 69.125 -71.0 2.6323110320117604 16 
0011 0004 1666779324989989 4.0625 -69.0 0.7669903939428205 16 
0011 0010 1666779324992508 -48.0 -61.0 1.4971652489763858 16 
0011 0000 1666779324993451 -39.0 -60.0 5.350524988145116 16 
0011 0008 1666779324995357 -48.0 -63.0 5.246214294568893 16 
0011 0001 1666779324998203 121.25 -65.5 1.3437671701878218 16 
0011 0015 1666779324999536 69.125 -70.0 5.792311455056181 16 
0011 0006 1666779325001366 8.9375 -69.5 5.135767677841127 16 
0011 0005 1666779325002279 69.125 -70.0 2.1782527187976104 16 
0011 0011 1666779325017285 -14.1875 -71.0 0.28532042654672923 16 
0011 0001 1666779325154630 -4.0625 -65.0 1.5033011721279284 16 
0011 0007 1666779325156154 -17.0625 -70.0 2.791845033951867 16 
0011 0004 1666779325157607 -87.0625 -68.0 0.8406214717613314 16 
0011 0000 1666779325158731 -17.0625 -60.5 5.344389064993574 16 
0011 0006 1666779325159618 -91.125 -70.0 5.111223985234957 16 
0011 0010 1666779325160785 52.0625 -61.0 1.4051264017032472 16 
0011 0011 1666779325161668 -108.1875 -69.5 0.2761165418194154 16 
0011 0005 1666779325162565 56.125 -71.0 2.172116795646068 16 
0011 0008 1666779325163478 -117.125 -63.0 5.0682725231741586 16 
0011 0015 1666779325164446 -165.1875 -68.5 5.927301764390117 16 
0011 0011 1666779325264708 -104.125 -70.5 0.4049709280018093 16 
0011 0008 1666779325265831 -17.0625 -63.0 5.013049214810275 16 
0011 0015 1666779325267463 8.9375 -70.0 5.816855147662351 16 
0011 0001 1666779325268602 100.0625 -65.5 1.3499030933393643 16 
0011 0004 1666779325270508 -108.1875 -69.0 0.8774370106705868 16 
0011 0005 1666779325271929 130.1875 -71.0 2.116893487282185 16 
0011 0006 1666779325273366 34.9375 -71.0 5.184855063053467 16 
0011 0007 1666779325274284 108.1875 -70.0 2.5464081078901644 16 
0011 0010 1666779325275420 39.0 -61.5 1.4296700943094176 16 
0011 0000 1666779325277834 34.9375 -60.5 5.270757987175063 16 
0011 0006 1666779325388397 43.125 -70.0 5.129631754689584 16 
0011 0001 1666779325390143 -117.125 -66.0 1.6566992509164924 16 
0011 0015 1666779325392103 -69.125 -68.5 6.013204688511713 16 
0011 0010 1666779325393056 -100.0625 -61.5 1.521708941582556 16 
0011 0008 1666779325394762 -69.125 -63.0 5.0253210611133605 16 
0011 0000 1666779325395958 -30.0625 -60.5 5.3198453723874035 16 
0011 0004 1666779325397003 217.25 -68.0 0.6013204688511713 16 
0011 0005 1666779325397884 26.0 -70.5 2.1966604882522383 16 
0011 0007 1666779325399704 -39.0 -70.5 2.564815877344792 16 
0011 0011 1666779325400730 -17.0625 -71.5 0.19634954084936207 16 
0011 0001 1666779325498511 65.0625 -64.5 1.4296700943094176 16 
0011 0004 1666779325499986 0.0 -68.0 0.7424467013366504 16 
0011 0008 1666779325501158 26.0 -63.0 4.853515212870168 16 
0011 0000 1666779325502764 21.9375 -60.5 5.258486140871978 16 
0011 0007 1666779325503892 -121.25 -70.5 2.761165418194154 16 
0011 0010 1666779325505071 48.0 -61.0 1.3989904785517047 16 
0011 0005 1666779325506691 260.375 -71.0 2.018718716857504 16 
0011 0015 1666779325509320 -160.3125 -68.5 6.086835766330224 16 
0011 0011 1666779325510246 91.125 -70.5 0.1902136176978195 16 
0011 0006 1666779325511188 130.1875 -70.0 5.062136600022616 16 
0011 0008 1666779325609588 -43.125 -63.5 4.908738521234052 16 
0011 0007 1666779325610473 -56.125 -69.0 2.724349879284899 16 
0011 0000 1666779325612466 -43.125 -60.5 5.350524988145116 16 
0011 0001 1666779325613346 13.0 -65.5 1.4542137869155878 16 
0011 0006 1666779325614546 -39.0 -70.0 5.209398755659637 16 
0011 0004 1666779325615499 -8.9375 -69.0 0.7240389318820226 16 
0011 0010 1666779325616624 26.0 -61.0 1.4542137869155878 16 
0011 0011 1666779325618914 -303.5 -71.5 0.5092816215780329 16 
0011 0005 1666779325620190 -61.0 -70.0 2.3316507975861747 16 
0011 0015 1666779325622222 34.9375 -68.5 5.8045833013592665 16 
0011 0008 1666779325720673 -87.0625 -63.0 5.013049214810275 16 
0011 0006 1666779325722112 -295.375 -69.5 5.6143696836614465 16 
0011 0001 1666779325723022 134.25 -65.0 1.4173982480063325 16 
0011 0004 1666779325723948 30.0625 -70.5 0.705631162427395 16 
0011 0015 1666779325726874 -117.125 -68.0 5.976389149602458 16 
0011 0000 1666779325727758 -69.125 -60.5 5.356660911296659 16 
0011 0005 1666779325729604 -91.125 -70.5 2.2580197197676637 16 
0011 0010 1666779325733588 -17.0625 -61.5 1.509437095279471 16 
0011 0007 1666779325734857 -43.125 -68.5 2.82252464970958 16 
0011 0011 1666779325738886 165.1875 -71.0 6.2463697682703305 16 
0011 0010 1666779325837364 39.0 -61.0 1.423534171157875 16 
0011 0005 1666779325838262 191.1875 -71.0 1.9880391010997909 16 
0011 0000 1666779325840509 61.0 -60.5 5.221670601962723 16 
0011 0001 1666779325842805 -61.0 -66.0 1.564660403643354 16 
0011 0006 1666779325843747 -121.25 -70.5 5.368932757599744 16 
0011 0004 1666779325844673 100.0625 -68.0 0.6504078540635119 16 
0011 0008 1666779325845825 26.0 -63.0 4.828971520263998 16 
0011 0011 1666779325847884 -182.25 -69.5 0.5092816215780329 16 
0011 0007 1666779325849153 -108.1875 -70.0 2.8532042654672924 16 
0011 0015 1666779325851050 4.0625 -68.5 5.841398840268521 16 
0011 0007 1666779325949319 -48.0 -69.0 2.7550294950426117 16 
0011 0015 1666779325950458 134.25 -69.5 5.743224069843841 16 
0011 0001 1666779325951833 39.0 -66.0 1.4848934026733007 16 
0011 0011 1666779325954290 -121.25 -71.5 0.4111068511533518 16 
0011 0006 1666779325955897 -61.0 -70.0 5.405748296509 16 
0011 0000 1666779325958722 0.0 -60.0 5.270757987175063 16 
0011 0010 1666779325959667 39.0 -61.5 1.423534171157875 16 
0011 0008 1666779325961522 26.0 -63.0 4.884194828627882 16 
0011 0005 1666779325962547 82.1875 -71.0 2.116893487282185 16 
0011 0004 1666779325963956 78.0625 -69.0 0.6504078540635119 16 
0011 0008 1666779326060029 -4.0625 -63.0 4.896466674930966 16 
0011 0000 1666779326061967 -134.25 -60.5 5.4671075280244255 16 
0011 0001 1666779326063625 -4.0625 -65.0 1.5033011721279284 16 
0011 0006 1666779326064470 -87.0625 -69.5 5.325981295538946 16 
0011 0010 1666779326066954 -34.9375 -61.5 1.5033011721279284 16 
0011 0005 1666779326069094 117.125 -70.5 2.12916533358527 16 
0011 0011 1666779326070231 65.0625 -71.5 0.28838838812250056 16 
0011 0015 1666779326073636 -160.3125 -69.0 6.050020227420969 16 
0011 0007 1666779326074562 -56.125 -69.5 2.773437264497239 16 
0011 0004 1666779326075503 61.0 -69.0 0.7547185476397354 16 
0011 0000 1666779326176466 -8.9375 -60.0 5.283029833478148 16 
0011 0008 1666779326177551 -52.0625 -63.5 4.957825906446392 16 
0011 0006 1666779326178931 251.4375 -70.5 4.92714629068868 16 
0011 0010 1666779326181582 39.0 -61.0 1.3560390164909069 16 
0011 0001 1666779326182944 -8.9375 -66.0 1.552388557340269 16 
0011 0011 1666779326183846 -243.3125 -71.5 0.5092816215780329 16 
0011 0007 1666779326185954 -8.9375 -69.5 2.5832236467994196 16 
0011 0004 1666779326187178 -4.0625 -68.5 0.803805932852076 16 
0011 0005 1666779326189333 -182.25 -70.5 2.650718801466388 16 
0011 0015 1666779326190241 17.0625 -69.5 5.743224069843841 16 
0011 0001 1666779326285236 -43.125 -66.0 1.564660403643354 16 
0011 0007 1666779326286146 8.9375 -69.0 2.650718801466388 16 
0011 0015 1666779326287525 108.1875 -69.0 5.755495916146925 16 
0011 0006 1666779326288453 134.25 -70.0 5.129631754689584 16 
0011 0008 1666779326290314 34.9375 -63.0 4.841243366567084 16 
0011 0004 1666779326291255 74.0 -69.0 0.7669903939428205 16 
0011 0005 1666779326292195 -130.1875 -70.5 2.509592568980909 16 
0011 0000 1666779326293318 -4.0625 -60.5 5.307573526084319 16 
0011 0010 1666779326297079 -17.0625 -61.0 1.509437095279471 16 
0011 0011 1666779326301769 -312.4375 -69.5 0.47860200582032003 16 
0011 0011 1666779326401177 -56.125 -70.5 0.25770877236478773 16 
0011 0007 1666779326402119 -39.0 -69.5 2.82252464970958 16 
0011 0004 1666779326403272 -48.0 -68.5 0.9510680884890975 16 
0011 0001 1666779326404622 43.125 -65.5 1.4480778637640452 16 
0011 0008 1666779326405790 -126.125 -63.5 5.056000676871073 16 
0011 0010 1666779326406701 52.0625 -60.5 1.3928545554001621 16 
0011 0006 1666779326408347 -13.0 -69.5 5.203262832508095 16 
0011 0000 1666779326409331 4.0625 -60.0 5.313709449235861 16 
0011 0015 1666779326411962 -61.0 -69.0 5.8475347634200645 16 
0011 0005 1666779326412901 56.125 -70.5 2.2027964114037806 16 
0011 0015 1666779326509418 26.0 -70.0 5.890486225480862 16 
0011 0000 1666779326510330 -17.0625 -60.0 5.289165756629691 16 
0011 0010 1666779326512104 0.0 -61.0 1.4664856332186729 16 
0011 0001 1666779326513568 -4.0625 -64.5 1.5033011721279284 16 
0011 0004 1666779326514965 169.25 -68.5 0.607456392002714 16 
0011 0005 1666779326515860 69.125 -71.0 2.1353012567368124 16 
0011 0006 1666779326517483 -238.4375 -70.0 5.516194913236766 16 
0011 0008 1666779326518394 -117.125 -62.5 5.086680292628786 16 
0011 0007 1666779326520342 -134.25 -69.0 2.9391071895888885 16 
0011 0011 1666779326522391 182.25 -72.0 0.14112623248547898 16 
0011 0001 1666779326621579 39.0 -65.5 1.4603497100671303 16 
0011 0008 1666779326623359 -195.25 -62.5 5.148039524144211 16 
0011 0015 1666779326624610 -21.9375 -69.0 5.841398840268521 16 
0011 0000 1666779326626695 -74.0 -60.0 5.356660911296659 16 
0011 0010 1666779326627819 91.125 -61.0 1.3989904785517047 16 
0011 0006 1666779326628833 56.125 -70.0 5.154175447295755 16 
0011 0005 1666779326630451 230.25 -70.0 1.9205439464328227 16 
0011 0011 1666779326631361 -143.1875 -71.0 0.4970097752749477 16 
0011 0004 1666779326632273 -82.1875 -69.5 0.8897088569736719 16 
0011 0007 1666779326633301 139.125 -71.0 2.435961491162398 16 
0011 0000 1666779326729456 4.0625 -60.0 5.240078371417351 16 
0011 0008 1666779326730455 -39.0 -63.0 4.97623367590102 16 
0011 0010 1666779326731575 -21.9375 -61.0 1.521708941582556 16 
0011 0006 1666779326732686 -39.0 -70.0 5.160311370447297 16 
0011 0005 1666779326735094 43.125 -69.5 2.1353012567368124 16 
0011 0007 1666779326736292 -334.4375 -68.5 3.141592653589793 16 
0011 0015 1666779326738052 52.0625 -69.0 5.688000761479957 16 
0011 0004 1666779326739233 121.25 -68.5 0.662679700366597 16 
0011 0001 1666779326740610 -61.0 -65.5 1.533980787885641 16 
0011 0011 1666779326741492 -4.0625 -71.5 0.30679615757712825 16 
0011 0007 1666779326841440 100.0625 -69.5 2.748893571891069 16 
0011 0008 1666779326842337 4.0625 -63.0 4.865787059173254 16 
0011 0001 1666779326843717 182.25 -65.0 1.2517283229146832 16 
0011 0004 1666779326846951 4.0625 -68.5 0.7301748550335652 16 
0011 0006 1666779326848796 234.3125 -70.0 4.95168998329485 16 
0011 0015 1666779326849690 30.0625 -69.5 5.737088146692298 16 
0011 0005 1666779326850687 -39.0 -70.0 2.2580197197676637 16 
0011 0000 1666779326851993 -21.9375 -60.0 5.258486140871978 16 
0011 0010 1666779326852948 -26.0 -61.0 1.4848934026733007 16 
0011 0011 1666779326854728 34.9375 -70.5 0.17794177139473438 16 
0011 0015 1666779326956389 -221.3125 -69.0 5.853670686571607 16 
0011 0007 1666779326957806 0.0 -69.5 2.6691265709210157 16 
0011 0008 1666779326958680 -61.0 -63.0 4.970097752749477 16 
0011 0005 1666779326959832 -152.125 -69.5 2.36846633649543 16 
0011 0001 1666779326961208 30.0625 -65.5 1.41126232485479 16 
0011 0000 1666779326962194 30.0625 -60.0 5.240078371417351 16 
0011 0006 1666779326963575 -165.1875 -69.0 5.43029198911517 16 
0011 0004 1666779326965521 156.1875 -67.5 0.607456392002714 16 
0011 0010 1666779326966728 17.0625 -61.5 1.4358060174609601 16 
0011 0011 1666779326969135 -39.0 -70.0 0.30679615757712825 16 
0011 0006 1666779327071032 126.125 -70.5 5.111223985234957 16 
0011 0004 1666779327073251 -238.4375 -68.5 0.9572040116406401 16 
0011 0005 1666779327074357 43.125 -70.5 2.0800779483729293 16 
0011 0007 1666779327075471 182.25 -69.5 2.6261751088602177 16 
0011 0010 1666779327077117 39.0 -60.5 1.4173982480063325 16 
0011 0000 1666779327078314 8.9375 -60.0 5.252350217720435 16 
0011 0008 1666779327079157 26.0 -63.0 4.963961829597935 16 
0011 0015 1666779327080348 -74.0 -68.5 6.043884304269426 16 
0011 0001 1666779327081499 17.0625 -65.5 1.4848934026733007 16 
0011 0011 1666779327083052 -82.1875 -69.0 0.3988350048502667 16 
0011 0010 1666779327182350 -56.125 -61.0 1.5401167110371838 16 
0011 0004 1666779327183276 -17.0625 -68.0 0.9940195505498954 16 
0011 0007 1666779327184661 -282.375 -70.0 2.9022916506796332 16 
0011 0015 1666779327186251 -191.1875 -68.5 6.050020227420969 16 
0011 0005 1666779327187400 -74.0 -70.5 2.356194490192345 16 
0011 0000 1666779327188767 -39.0 -60.0 5.2768939103266055 16 
0011 0008 1666779327189607 -74.0 -63.0 5.019185137961818 16 
0011 0006 1666779327190537 -243.3125 -71.0 5.50392306693368 16 
0011 0001 1666779327193003 30.0625 -66.0 1.4664856332186729 16 
0011 0011 1666779327194156 17.0625 -70.0 0.30679615757712825 16 
0011 0006 1666779327291819 -69.125 -70.5 5.344389064993574 16 
0011 0007 1666779327292970 -4.0625 -69.0 2.767301341345697 16 
0011 0001 1666779327296139 152.125 -66.0 1.2701360923693108 16 
0011 0010 1666779327297660 -78.0625 -61.0 1.5462526341887264 16 
0011 0005 1666779327298913 52.0625 -70.0 2.1966604882522383 16 
0011 0015 1666779327299794 78.0625 -69.0 5.66959299202533 16 
0011 0000 1666779327300706 4.0625 -60.0 5.264622064023521 16 
0011 0008 1666779327301644 0.0 -63.0 4.945554060143307 16 
0011 0004 1666779327303315 -104.125 -69.0 0.944932165337555 16 
0011 0011 1666779327304385 152.125 -70.0 0.06135923151542565 16 
0011 0008 1666779327600613 -8.9375 -63.0 4.92714629068868 16 
0011 0006 1666779327601756 -273.375 -70.5 5.387340527054372 16 
0011 0001 1666779327603757 61.0 -65.5 1.423534171157875 16 
0011 0000 1666779327604897 -52.0625 -60.0 5.270757987175063 16 
0011 0010 1666779327606288 17.0625 -61.0 1.4419419406125027 16 
0011 0015 1666779327607735 -13.0 -68.5 5.822991070813893 16 
0011 0011 1666779327609907 13.0 -71.5 0.25770877236478773 16 
0011 0005 1666779327611412 34.9375 -70.5 2.184388641949153 16 
0011 0004 1666779327612652 -43.125 -69.5 0.7669903939428205 16 
0011 0007 1666779327614432 -56.125 -70.5 2.8286605728611223 16 
0011 0000 1666779327711712 17.0625 -60.0 5.240078371417351 16 
0011 0005 1666779327713135 -130.1875 -70.0 2.509592568980909 16 
0011 0015 1666779327714513 -204.25 -69.0 5.8475347634200645 16 
0011 0001 1666779327719573 56.125 -65.5 1.3314953238847365 16 
0011 0008 1666779327720499 -39.0 -63.0 5.00077736850719 16 
0011 0010 1666779327721438 -30.0625 -61.0 1.521708941582556 16 
0011 0007 1666779327722335 8.9375 -70.0 2.7857091108003242 16 
0011 0004 1666779327723829 -43.125 -68.5 0.7240389318820226 16 
0011 0006 1666779327725977 -108.1875 -70.5 5.184855063053467 16 
0011 0011 1666779327726991 286.4375 -71.0 6.160466844148735 16 
0011 0006 1666779327821566 -165.1875 -71.0 5.307573526084319 16 
0011 0007 1666779327822962 282.375 -69.5 2.3930100291016 16 
0011 0001 1666779327826552 -143.1875 -65.0 1.6505633277649499 16 
0011 0004 1666779327827676 -17.0625 -68.5 0.7731263170943632 16 
0011 0010 1666779327828628 -8.9375 -61.0 1.5401167110371838 16 
0011 0000 1666779327829542 21.9375 -60.0 5.221670601962723 16 
0011 0008 1666779327830428 -52.0625 -63.0 5.0253210611133605 16 
0011 0011 1666779327831710 43.125 -70.5 0.2761165418194154 16 
0011 0015 1666779327833447 -147.25 -69.0 5.93343768754166 16 
0011 0005 1666779327834372 -325.5 -71.5 2.724349879284899 16 
0011 0005 1666779327931292 26.0 -70.0 2.2641556429192065 16 
0011 0010 1666779327932683 4.0625 -60.5 1.4787574795217582 16 
0011 0004 1666779327935197 39.0 -69.5 0.7792622402459057 16 
0011 0000 1666779327936125 -34.9375 -60.0 5.338253141842031 16 
0011 0008 1666779327937034 -4.0625 -62.5 4.9394181369917645 16 
0011 0001 1666779327939762 -13.0 -65.5 1.4971652489763858 16 
0011 0006 1666779327940662 -113.0625 -70.5 5.246214294568893 16 
0011 0011 1666779327943416 -121.25 -69.0 0.380427235395639 16 
0011 0015 1666779327944924 -117.125 -68.0 5.957981380147831 16 
0011 0007 1666779327945792 -34.9375 -69.0 2.7857091108003242 16 
0011 0004 1666779328142084 -74.0 -69.5 0.760854470791278 16 
0011 0001 1666779328143222 126.125 -65.5 1.325359400733194 16 
0011 0010 1666779328144343 -17.0625 -61.0 1.5155730184310134 16 
0011 0006 1666779328145514 -234.3125 -71.0 5.405748296509 16 
0011 0007 1666779328146425 -52.0625 -69.0 2.6875343403756435 16 
0011 0011 1666779328148852 139.125 -70.0 0.030679615757712823 16 
0011 0008 1666779328150971 95.1875 -63.5 4.798291904506286 16 
0011 0000 1666779328151916 52.0625 -60.0 5.203262832508095 16 
0011 0015 1666779328153178 -82.1875 -68.5 5.884350302329319 16 
0011 0005 1666779328180409 10.5 -72.0 5.387340527054372 16 
0011 0005 1666779328258502 -147.25 -71.0 2.2641556429192065 16 
0011 0008 1666779328259654 -21.9375 -63.0 5.013049214810275 16 
0011 0004 1666779328261044 0.0 -68.5 0.8344855486097889 16 
0011 0000 1666779328263748 8.9375 -60.0 5.307573526084319 16 
0011 0006 1666779328265474 108.1875 -70.0 5.141903600992669 16 
0011 0007 1666779328266598 8.9375 -69.5 2.705942109830271 16 
0011 0010 1666779328268545 -52.0625 -61.5 1.5585244804918115 16 
0011 0001 1666779328269794 -91.125 -65.5 1.564660403643354 16 
0011 0011 1666779328270766 48.0 -70.0 0.14726215563702155 16 
0011 0015 1666779328271694 212.375 -68.0 5.595961914206819 16 
0011 0005 1666779328278783 -5.25 -71.5 5.418020142812084 16 
