0011 0014 1666780032098800 -4.875 -73.5 4.1601558967458585 18 
0011 0010 1666780032182304 52.0625 -63.0 4.638757902566179 18 
0011 0004 1666780032183712 -56.125 -64.5 2.466641106920111 18 
0011 0007 1666780032184655 134.25 -63.5 4.933282213840222 18 
0011 0008 1666780032186500 87.0625 -65.0 2.693670263527186 18 
0011 0011 1666780032188390 -147.25 -69.5 5.227806525114265 18 
0011 0015 1666780032190791 30.0625 -64.5 4.049709280018092 18 
0011 0009 1666780032192340 0.0 -64.0 4.28287435977671 18 
0011 0005 1666780032193228 108.1875 -68.0 1.0615147052168636 18 
0011 0014 1666780032213832 -1.625 -73.5 0.9940195505498954 18 
0011 0008 1666780032296234 -65.0625 -65.5 2.8102528034064944 18 
0011 0004 1666780032298255 126.125 -65.0 2.2212041808584084 18 
0011 0007 1666780032299394 -56.125 -63.5 5.123495831538041 18 
0011 0011 1666780032300531 -178.1875 -69.5 5.301437602932776 18 
0011 0015 1666780032301450 0.0 -65.5 4.1417481272912315 18 
0011 0010 1666780032303586 -82.1875 -63.5 4.828971520263998 18 
0011 0005 1666780032305363 65.0625 -67.5 1.0615147052168636 18 
0011 0009 1666780032308017 -21.9375 -63.5 4.252194744018997 18 
0011 0014 1666780032325965 -9.0 -73.5 0.9510680884890975 18 
0011 0007 1666780032410014 -52.0625 -63.5 5.197126909356553 18 
0011 0004 1666780032411137 61.0 -64.5 2.3193789512830896 18 
0011 0015 1666780032412062 34.9375 -66.0 4.01902966426038 18 
0011 0010 1666780032416471 13.0 -63.5 4.663301595172349 18 
0011 0008 1666780032418392 108.1875 -65.5 2.6568547246179306 18 
0011 0009 1666780032419320 52.0625 -63.0 4.196971435655114 18 
0011 0005 1666780032420780 69.125 -69.5 1.0921943209745766 18 
0011 0011 1666780032421639 -399.5625 -69.5 5.418020142812084 18 
0011 0014 1666780032436223 1.625 -73.5 4.178563666200486 18 
0011 0011 1666780032521407 -234.3125 -70.0 5.270757987175063 18 
0011 0015 1666780032523988 -69.125 -65.5 4.166291819897402 18 
0011 0004 1666780032524900 78.0625 -64.5 2.2580197197676637 18 
0011 0008 1666780032526294 -26.0 -65.5 2.8838838812250054 18 
0011 0009 1666780032527705 -39.0 -63.5 4.289010282928253 18 
0011 0005 1666780032528588 -91.125 -68.5 1.1351457830353744 18 
0011 0010 1666780032532554 17.0625 -63.5 4.669437518323892 18 
0011 0007 1666780032533852 -43.125 -63.0 5.080544369477243 18 
0011 0014 1666780032554434 16.3125 -73.5 0.9142525495798421 18 
0011 0007 1666780032634417 -152.125 -63.5 5.283029833478148 18 
0011 0009 1666780032636095 48.0 -63.0 4.184699589352029 18 
0011 0005 1666780032639031 256.3125 -68.0 0.8222137023067037 18 
0011 0010 1666780032639924 4.0625 -64.0 4.816699673960914 18 
0011 0008 1666780032640823 17.0625 -66.5 2.767301341345697 18 
0011 0011 1666780032642499 -351.5 -70.5 5.460971604872882 18 
0011 0015 1666780032644088 -30.0625 -65.5 4.049709280018092 18 
0011 0004 1666780032645014 -8.9375 -65.0 2.386874105950058 18 
0011 0014 1666780032663704 12.1875 -73.5 4.147884050442774 18 
0011 0005 1666780032747986 -61.0 -68.5 1.2762720155208536 18 
0011 0009 1666780032749211 52.0625 -63.5 4.215379205109742 18 
0011 0007 1666780032750392 -43.125 -63.0 5.178719139901925 18 
0011 0004 1666780032751305 65.0625 -65.0 2.350058567040802 18 
0011 0010 1666780032753000 -26.0 -64.0 4.73693267299086 18 
0011 0011 1666780032754620 -39.0 -70.0 5.117359908386499 18 
0011 0015 1666780032759232 -34.9375 -65.0 4.1417481272912315 18 
0011 0008 1666780032760144 48.0 -66.0 2.705942109830271 18 
0011 0014 1666780032785988 0.75 -73.5 1.000155473701438 18 
0011 0009 1666780032865168 -30.0625 -63.5 4.289010282928253 18 
0011 0007 1666780032866038 8.9375 -63.5 4.957825906446392 18 
0011 0005 1666780032868120 95.1875 -67.5 1.0062913968529805 18 
0011 0008 1666780032869331 -48.0 -65.5 2.773437264497239 18 
0011 0011 1666780032870172 69.125 -70.5 5.056000676871073 18 
0011 0010 1666780032871325 65.0625 -63.5 4.632621979414636 18 
0011 0004 1666780032872449 34.9375 -65.0 2.5157284921324514 18 
0011 0015 1666780032873941 -30.0625 -65.5 4.080388895775806 18 
0011 0014 1666780032890800 -1.625 -74.0 4.1172044346850605 18 
0011 0008 1666780032975970 69.125 -65.5 2.6384469551633027 18 
0011 0015 1666780032979156 0.0 -65.5 4.06811704947272 18 
0011 0010 1666780032980823 43.125 -63.5 4.638757902566179 18 
0011 0009 1666780032982561 34.9375 -63.0 4.239922897715912 18 
0011 0011 1666780032983488 -30.0625 -70.5 5.037592907416445 18 
0011 0005 1666780032984935 21.9375 -68.0 1.141281706186917 18 
0011 0007 1666780032985848 -8.9375 -63.0 5.043728830567988 18 
0011 0004 1666780032986762 91.125 -65.0 2.3439226438892597 18 
0011 0014 1666780033012427 11.4375 -73.0 4.135612204139688 18 
0011 0008 1666780033092933 -152.125 -65.5 2.9391071895888885 18 
0011 0015 1666780033094482 -48.0 -65.0 4.037437433715008 18 
0011 0010 1666780033095351 13.0 -63.5 4.718524903536232 18 
0011 0009 1666780033096748 -34.9375 -63.5 4.270602513473625 18 
0011 0011 1666780033098848 -191.1875 -70.0 5.197126909356553 18 
0011 0005 1666780033100026 178.1875 -70.0 1.0369710126106935 18 
0011 0007 1666780033100880 -21.9375 -63.0 5.049864753719531 18 
0011 0004 1666780033101822 39.0 -64.5 2.442097414313941 18 
0011 0014 1666780033126137 -3.1875 -73.5 4.0987966652304335 18 
0011 0015 1666780033205466 -95.1875 -66.0 4.086524818927348 18 
0011 0010 1666780033206973 -39.0 -63.5 4.669437518323892 18 
0011 0004 1666780033207815 147.25 -64.5 2.2886993355253766 18 
0011 0009 1666780033208757 43.125 -63.0 4.2031073588066565 18 
0011 0007 1666780033210437 -65.0625 -63.5 5.141903600992669 18 
0011 0011 1666780033213884 -17.0625 -70.5 5.154175447295755 18 
0011 0008 1666780033217568 -17.0625 -66.0 2.7857091108003242 18 
0011 0005 1666780033218619 -13.0 -68.5 1.1535535524900022 18 
0011 0014 1666780033234305 -6.5 -73.0 1.0799224746714913 18 
0011 0005 1666780033318596 -82.1875 -70.0 1.3008157081270237 18 
0011 0010 1666780033320232 -100.0625 -63.5 4.828971520263998 18 
0011 0009 1666780033321131 -30.0625 -63.5 4.289010282928253 18 
0011 0015 1666780033322297 52.0625 -65.0 3.9638063558964967 18 
0011 0007 1666780033323419 8.9375 -63.0 4.994641445355648 18 
0011 0004 1666780033324331 8.9375 -65.0 2.4605051837685683 18 
0011 0008 1666780033327380 78.0625 -66.5 2.6200391857086753 18 
0011 0011 1666780033330456 104.125 -69.5 5.049864753719531 18 
0011 0014 1666780033354202 -15.375 -73.5 4.2031073588066565 18 
0011 0004 1666780033434802 34.9375 -64.5 2.3746022596469727 18 
0011 0009 1666780033436182 -26.0 -63.5 4.313553975534423 18 
0011 0011 1666780033438146 126.125 -70.0 5.074408446325701 18 
0011 0015 1666780033440682 -56.125 -64.5 4.031301510563465 18 
0011 0007 1666780033441626 65.0625 -64.0 4.994641445355648 18 
0011 0008 1666780033442611 -52.0625 -66.0 2.761165418194154 18 
0011 0010 1666780033445495 52.0625 -63.0 4.632621979414636 18 
0011 0005 1666780033447252 -8.9375 -69.5 1.1780972450961724 18 
0011 0014 1666780033463351 5.625 -73.5 0.9387962421860124 18 
0011 0008 1666780033548270 39.0 -65.5 2.5709518004963345 18 
0011 0009 1666780033550275 -82.1875 -63.0 4.344233591292136 18 
0011 0010 1666780033551399 -13.0 -63.0 4.675573441475434 18 
0011 0015 1666780033552807 -87.0625 -65.0 4.06811704947272 18 
0011 0005 1666780033554919 -113.0625 -70.0 1.239456476611598 18 
0011 0004 1666780033556496 56.125 -65.0 2.4605051837685683 18 
0011 0007 1666780033557665 199.375 -63.0 4.700117134081604 18 
0011 0011 1666780033560241 -212.375 -70.5 5.166447293598839 18 
0011 0014 1666780033582598 0.0 -73.5 0.9326603190344698 18 
0011 0010 1666780033661104 -39.0 -63.0 4.71238898038469 18 
0011 0004 1666780033662840 13.0 -65.0 2.411417798556228 18 
0011 0005 1666780033663995 -256.3125 -69.5 1.3437671701878218 18 
0011 0007 1666780033664921 56.125 -63.5 4.957825906446392 18 
0011 0008 1666780033668836 -87.0625 -66.0 2.6200391857086753 18 
0011 0009 1666780033669719 4.0625 -63.0 4.270602513473625 18 
0011 0015 1666780033670646 -30.0625 -65.0 3.988350048502667 18 
0011 0011 1666780033671572 139.125 -69.5 4.859651136021712 18 
0011 0014 1666780033691281 -5.625 -73.0 1.030835089459151 18 
0011 0008 1666780033773093 -4.0625 -67.0 2.5402721847386216 18 
0011 0005 1666780033774712 61.0 -70.0 1.0246991663076084 18 
0011 0010 1666780033776193 -69.125 -63.5 4.779884135051658 18 
0011 0007 1666780033777669 -95.1875 -63.0 5.0253210611133605 18 
0011 0009 1666780033778626 -43.125 -63.5 4.295146206079795 18 
0011 0015 1666780033779564 17.0625 -65.0 3.9760782021995817 18 
0011 0011 1666780033781427 -113.0625 -70.5 5.00077736850719 18 
0011 0004 1666780033782338 39.0 -65.5 2.386874105950058 18 
0011 0014 1666780033812628 -12.9375 -73.5 4.2031073588066565 18 
0011 0004 1666780033887497 -61.0 -64.5 2.4727770300716534 18 
0011 0008 1666780033888904 -26.0 -66.5 2.650718801466388 18 
0011 0009 1666780033891433 -74.0 -63.0 4.313553975534423 18 
0011 0011 1666780033894130 -91.125 -70.5 5.086680292628786 18 
0011 0007 1666780033896429 34.9375 -63.0 4.95168998329485 18 
0011 0005 1666780033898047 -39.0 -69.0 1.227184630308513 18 
0011 0015 1666780033900362 87.0625 -65.0 3.9515345095934116 18 
0011 0010 1666780033901303 -30.0625 -63.5 4.675573441475434 18 
0011 0014 1666780033922547 -15.375 -73.5 4.154019973594316 18 
0011 0004 1666780034019115 -26.0 -64.5 2.5034566458293663 18 
0011 0011 1666780034020255 -156.1875 -70.0 5.45483568172134 18 
0011 0010 1666780034021943 -4.0625 -63.5 4.663301595172349 18 
0011 0008 1666780034023070 56.125 -66.5 2.3071071049800045 18 
0011 0009 1666780034024977 34.9375 -63.5 4.000621894805752 18 
0011 0015 1666780034025930 -30.0625 -65.0 4.000621894805752 18 
0011 0007 1666780034028119 -78.0625 -63.5 5.080544369477243 18 
0011 0005 1666780034032988 8.9375 -67.0 1.055378782065321 18 
0011 0014 1666780034057788 -1.625 -73.5 0.9387962421860124 18 
0011 0009 1666780034138725 -39.0 -63.5 3.9699422790480394 18 
0011 0004 1666780034139651 -39.0 -64.5 2.5464081078901644 18 
0011 0010 1666780034142745 -126.125 -63.0 4.816699673960914 18 
0011 0007 1666780034143898 -17.0625 -63.0 5.062136600022616 18 
0011 0008 1666780034145548 39.0 -66.0 2.3746022596469727 18 
0011 0011 1666780034146462 -312.4375 -70.5 5.730952223540755 18 
0011 0015 1666780034147770 -121.25 -65.0 4.04357335686655 18 
0011 0005 1666780034148906 -30.0625 -68.0 1.0799224746714913 18 
0011 0014 1666780034173929 0.0 -73.0 4.154019973594316 18 
0011 0011 1666780034251348 -113.0625 -70.0 5.559146375297564 18 
0011 0009 1666780034254804 -8.9375 -63.5 3.9944859716542096 18 
0011 0007 1666780034256612 13.0 -63.0 4.896466674930966 18 
0011 0004 1666780034257763 -8.9375 -65.0 2.5034566458293663 18 
0011 0015 1666780034259172 48.0 -65.5 4.01902966426038 18 
0011 0010 1666780034260706 -21.9375 -63.0 4.6878452877785195 18 
0011 0008 1666780034261605 82.1875 -66.0 2.3193789512830896 18 
0011 0005 1666780034263142 -126.125 -69.0 1.239456476611598 18 
0011 0014 1666780034284870 -1.625 -73.0 0.9387962421860124 18 
0011 0011 1666780034366298 -225.375 -70.5 5.638913376267617 18 
0011 0008 1666780034368047 -100.0625 -65.5 2.4911847995262812 18 
0011 0004 1666780034368973 -87.0625 -65.0 2.6200391857086753 18 
0011 0007 1666780034372569 34.9375 -63.0 4.908738521234052 18 
0011 0015 1666780034373953 0.0 -65.0 3.9453985864418692 18 
0011 0005 1666780034375295 30.0625 -69.0 0.8897088569736719 18 
0011 0010 1666780034376350 48.0 -63.5 4.651029748869264 18 
0011 0009 1666780034377518 -4.0625 -63.5 3.9576704327449543 18 
0011 0014 1666780034393604 13.875 -73.0 4.0558452031696355 18 
0011 0011 1666780034479876 -204.25 -70.0 5.6941366846315 18 
0011 0010 1666780034481384 82.1875 -63.0 4.571262747899211 18 
0011 0009 1666780034482538 -56.125 -63.5 4.025165587411922 18 
0011 0007 1666780034486215 -56.125 -63.0 4.97623367590102 18 
0011 0004 1666780034487484 -34.9375 -65.0 2.423689644859313 18 
0011 0008 1666780034488636 26.0 -66.0 2.3746022596469727 18 
0011 0015 1666780034489575 39.0 -65.5 4.000621894805752 18 
0011 0005 1666780034490557 191.1875 -69.0 0.803805932852076 18 
0011 0014 1666780034509242 15.375 -72.5 4.031301510563465 18 
0011 0010 1666780034593473 -48.0 -63.0 4.71238898038469 18 
0011 0004 1666780034594593 0.0 -64.5 2.4175537217077703 18 
0011 0007 1666780034595467 -17.0625 -63.5 4.963961829597935 18 
0011 0015 1666780034596899 8.9375 -65.5 3.9515345095934116 18 
0011 0008 1666780034600444 -108.1875 -65.0 2.5280003384355365 18 
0011 0011 1666780034601954 -308.375 -70.0 5.626641529964532 18 
0011 0009 1666780034603050 -65.0625 -63.5 4.074252972624263 18 
0011 0005 1666780034604682 -65.0625 -68.0 1.1228739367322893 18 
0011 0014 1666780034628824 -4.0625 -73.0 0.9142525495798421 18 
0011 0015 1666780034708068 -30.0625 -65.0 3.9822141253511245 18 
0011 0005 1666780034709578 199.375 -68.5 0.9633399347921826 18 
0011 0011 1666780034710502 -4.0625 -70.0 5.203262832508095 18 
0011 0004 1666780034711402 121.25 -65.0 2.564815877344792 18 
0011 0007 1666780034712329 -87.0625 -62.5 5.056000676871073 18 
0011 0008 1666780034713270 100.0625 -66.5 2.3623304133438876 18 
0011 0009 1666780034714169 -26.0 -64.0 4.1417481272912315 18 
0011 0010 1666780034716017 -56.125 -63.0 4.706253057233147 18 
0011 0014 1666780034747096 5.625 -73.0 3.7429131224409646 18 
0011 0007 1666780034822737 -13.0 -63.0 5.111223985234957 18 
0011 0009 1666780034823707 -56.125 -63.5 4.338097668140593 18 
0011 0008 1666780034825698 -34.9375 -67.5 2.8777479580734626 18 
0011 0010 1666780034827104 -48.0 -63.0 4.6878452877785195 18 
0011 0004 1666780034830802 -69.125 -64.5 3.0802334220743677 18 
0011 0015 1666780034833648 -104.125 -65.5 4.196971435655114 18 
0011 0011 1666780034834787 -169.25 -71.0 5.387340527054372 18 
0011 0014 1666780034856562 0.0 -73.0 3.7981364308048478 18 
0011 0015 1666780034937169 -21.9375 -65.5 3.9699422790480394 18 
0011 0004 1666780034938651 -104.125 -66.5 3.767456815047135 18 
0011 0009 1666780034942013 -4.0625 -63.0 4.632621979414636 18 
0011 0007 1666780034942955 -17.0625 -62.5 5.516194913236766 18 
0011 0008 1666780034947153 -52.0625 -66.5 4.2031073588066565 18 
0011 0014 1666780034948278 169.25 -71.0 0.380427235395639 18 
0011 0010 1666780034949202 -43.125 -64.5 4.755340442445488 18 
0011 0011 1666780034975965 -5.625 -73.0 1.8346410223112268 18 
0011 0001 1666780035004086 11.4375 -75.5 0.6504078540635119 18 
0011 0005 1666780035044585 1.9375 -73.5 0.4540583132141498 18 
0011 0009 1666780035067013 -17.0625 -63.5 5.105088062083414 18 
0011 0005 1666780035069000 74.0 -69.5 0.8283496254582462 18 
0011 0007 1666780035069928 -21.9375 -61.5 0.006135923151542565 18 
0011 0015 1666780035070868 100.0625 -66.0 3.749049045592507 18 
0011 0004 1666780035072318 -17.0625 -70.0 5.350524988145116 18 
0011 0008 1666780035073487 -169.25 -67.5 0.030679615757712823 18 
0011 0014 1666780035074501 -217.25 -72.0 0.7976700097005334 18 
0011 0010 1666780035076852 -91.125 -66.5 5.325981295538946 18 
0011 0001 1666780035176456 -2.4375 -74.0 4.681709364626977 18 
0011 0004 1666780035183106 186.3125 -70.0 2.2396119503130363 18 
0011 0015 1666780035185094 69.125 -65.0 3.877903431774901 18 
0011 0007 1666780035186516 -13.0 -59.0 1.030835089459151 18 
0011 0008 1666780035187444 -95.1875 -67.0 2.3930100291016 18 
0011 0001 1666780035188851 108.1875 -70.5 1.325359400733194 18 
0011 0009 1666780035191221 -4.0625 -64.0 6.258641614573416 18 
0011 0005 1666780035192145 8.9375 -63.5 2.4911847995262812 18 
0011 0014 1666780035194250 -100.0625 -71.0 1.086058397823034 18 
0011 0011 1666780035297358 -2.625 -73.5 2.184388641949153 18 
0011 0008 1666780035303826 -34.9375 -68.5 4.3074180523828804 18 
0011 0015 1666780035306059 -78.0625 -65.5 4.546719055293041 18 
0011 0007 1666780035308049 26.0 -62.0 2.9145634969827183 18 
0011 0001 1666780035308975 -126.125 -69.5 3.141592653589793 18 
0011 0009 1666780035309904 143.1875 -64.0 2.429825568010856 18 
0011 0004 1666780035312273 52.0625 -59.5 5.049864753719531 18 
0011 0005 1666780035315613 0.0 -65.0 3.933126740138784 18 
0011 0011 1666780035322277 10.9375 -71.5 5.764699800874239 18 
0011 0006 1666780035333665 -9.0 -74.0 5.252350217720435 18 
0011 0005 1666780035416369 -8.9375 -68.0 5.006913291658733 18 
0011 0009 1666780035418393 -82.1875 -68.0 1.6014759425526093 18 
0011 0001 1666780035419502 186.3125 -70.0 4.184699589352029 18 
0011 0004 1666780035422226 4.0625 -62.5 0.3988350048502667 18 
0011 0014 1666780035424117 13.0 -68.5 1.3928545554001621 18 
0011 0015 1666780035425893 -139.125 -66.5 4.540583132141498 18 
0011 0006 1666780035426820 -43.125 -65.0 0.30066023442558565 18 
0011 0007 1666780035428302 -95.1875 -66.0 1.6382914814618648 18 
0011 0008 1666780035467236 -1.625 -74.0 6.178874613603362 18 
0011 0011 1666780035481121 2.4375 -71.0 0.944932165337555 18 
0011 0010 1666780035487646 2.5625 -74.5 5.154175447295755 18 
0011 0008 1666780035536739 -4.0625 -67.0 3.9208548938356986 18 
0011 0011 1666780035538756 -13.0 -60.0 5.21553467881118 18 
0011 0014 1666780035539624 -17.0625 -72.0 0.619728238305799 18 
0011 0004 1666780035541603 -130.1875 -66.0 5.092816215780329 18 
0011 0007 1666780035542770 13.0 -59.0 4.01902966426038 18 
0011 0009 1666780035543642 -78.0625 -62.0 4.675573441475434 18 
0011 0010 1666780035545312 0.0 -61.5 4.706253057233147 18 
0011 0015 1666780035546552 4.0625 -67.5 3.3072625786814425 18 
0011 0005 1666780035568335 2.4375 -73.0 0.7669903939428205 18 
0011 0007 1666780035646655 -186.3125 -65.5 0.23316507975861744 18 
0011 0011 1666780035650143 34.9375 -66.5 6.215690152512618 18 
0011 0015 1666780035653289 78.0625 -64.0 1.5401167110371838 18 
0011 0010 1666780035654312 8.9375 -57.0 1.6014759425526093 18 
0011 0012 1666780035655522 -21.9375 -61.5 4.381049130201391 18 
0011 0004 1666780035656842 -39.0 -59.5 5.086680292628786 18 
0011 0005 1666780035657712 121.25 -64.5 4.632621979414636 18 
0011 0008 1666780035658739 -290.5 -71.0 4.522175362686871 18 
0011 0001 1666780035681988 -5.625 -74.0 3.80427235395639 18 
0011 0014 1666780035705495 1.1875 -73.5 4.301282129231338 18 
0011 0004 1666780035763071 -52.0625 -60.0 5.350524988145116 18 
0011 0012 1666780035766606 -4.0625 -63.0 4.0558452031696355 18 
0011 0007 1666780035768358 134.25 -64.5 2.5157284921324514 18 
0011 0005 1666780035769310 -39.0 -61.5 5.043728830567988 18 
0011 0015 1666780035770941 48.0 -62.5 1.2701360923693108 18 
0011 0010 1666780035771852 43.125 -60.5 3.718369429834794 18 
0011 0014 1666780035777023 121.25 -69.0 3.8717675086233583 18 
0011 0001 1666780035777894 -221.3125 -71.0 3.810408277107933 18 
0011 0012 1666780035882519 -8.9375 -59.0 4.2031073588066565 18 
0011 0004 1666780035883563 -65.0625 -60.0 5.780039608753096 18 
0011 0007 1666780035884431 -17.0625 -62.5 3.5158839658338894 18 
0011 0005 1666780035887170 21.9375 -60.0 5.129631754689584 18 
0011 0010 1666780035888068 -43.125 -63.5 4.767612288748572 18 
0011 0015 1666780035888979 39.0 -62.0 1.0676506283684062 18 
0011 0001 1666780035890401 91.125 -69.5 3.356349963893783 18 
0011 0014 1666780035892578 -104.125 -70.5 4.111068511533518 18 
0011 0004 1666780035989810 52.0625 -60.5 5.964117303299373 18 
0011 0015 1666780035992822 34.9375 -62.5 1.141281706186917 18 
0011 0005 1666780035994130 -56.125 -60.0 5.442563835418255 18 
0011 0010 1666780035995652 -78.0625 -64.5 5.283029833478148 18 
0011 0007 1666780035996592 -56.125 -63.0 4.06811704947272 18 
0011 0014 1666780035997460 4.0625 -69.0 4.221515128261284 18 
0011 0012 1666780035998318 -52.0625 -58.0 4.632621979414636 18 
0011 0001 1666780035999313 121.25 -70.0 3.442252888015379 18 
0011 0010 1666780036096663 -121.25 -65.0 5.583690067903734 18 
0011 0004 1666780036098441 -43.125 -61.0 0.1043106935762236 18 
0011 0007 1666780036099851 -39.0 -63.0 4.325825821837508 18 
0011 0012 1666780036101601 -13.0 -57.0 4.73693267299086 18 
0011 0015 1666780036102468 -8.9375 -62.5 1.2517283229146832 18 
0011 0005 1666780036103593 -43.125 -60.0 5.6143696836614465 18 
0011 0001 1666780036107832 -178.1875 -70.5 3.859495662320273 18 
0011 0014 1666780036109978 65.0625 -70.5 4.09266074207889 18 
0011 0013 1666780036205304 3.375 -73.0 5.945709533844745 18 
0011 0001 1666780036211882 -104.125 -69.5 3.877903431774901 18 
0011 0007 1666780036215104 26.0 -64.0 4.424000592262189 18 
0011 0010 1666780036216809 43.125 -66.5 5.66959299202533 18 
0011 0004 1666780036217722 52.0625 -61.0 0.3129320807286708 18 
0011 0005 1666780036218640 0.0 -59.5 5.663457068873787 18 
0011 0015 1666780036219767 13.0 -63.0 1.2946797849754812 18 
0011 0012 1666780036220653 -48.0 -56.5 4.804427827657828 18 
0011 0014 1666780036223001 -30.0625 -71.5 4.264466590322082 18 
0011 0013 1666780036245688 5.625 -72.5 6.031612457966341 18 
0011 0004 1666780036324631 17.0625 -61.0 0.619728238305799 18 
0011 0007 1666780036326421 0.0 -64.5 4.724660826687775 18 
0011 0015 1666780036327589 8.9375 -63.0 1.2762720155208536 18 
0011 0012 1666780036328772 -43.125 -56.0 4.902602598082509 18 
0011 0001 1666780036329714 -251.4375 -69.0 4.252194744018997 18 
0011 0010 1666780036331698 -169.25 -66.0 6.135923151542564 18 
0011 0014 1666780036333646 238.4375 -70.5 4.104932588381976 18 
0011 0005 1666780036334582 -74.0 -59.0 5.878214379177777 18 
0011 0013 1666780036337129 -130.1875 -70.5 6.1420590746941075 18 
0011 0009 1666780036388180 1.625 -76.0 2.7979809571034093 18 
0011 0012 1666780036441219 -43.125 -55.5 4.97623367590102 18 
0011 0013 1666780036442615 74.0 -70.5 6.007068765360171 18 
0011 0004 1666780036444420 -30.0625 -60.5 0.9142525495798421 18 
0011 0015 1666780036446140 -39.0 -63.0 1.3744467859455345 18 
0011 0005 1666780036447034 -13.0 -59.5 5.921165841238575 18 
0011 0007 1666780036449317 17.0625 -64.5 4.847379289718626 18 
0011 0010 1666780036451145 21.9375 -67.5 6.270913460876501 18 
0011 0001 1666780036452058 -65.0625 -71.0 3.9208548938356986 18 
0011 0014 1666780036453239 -78.0625 -70.0 4.424000592262189 18 
0011 0009 1666780036475682 -3.1875 -75.0 5.982525072754001 18 
0011 0015 1666780036552633 -13.0 -64.0 1.4296700943094176 18 
0011 0010 1666780036553503 -8.9375 -67.5 0.28225246497095796 18 
0011 0012 1666780036555394 13.0 -55.5 5.00077736850719 18 
0011 0005 1666780036557296 -13.0 -60.0 5.976389149602458 18 
0011 0001 1666780036561894 208.3125 -70.0 3.7981364308048478 18 
0011 0004 1666780036563387 -87.0625 -60.0 1.0737865515199487 18 
0011 0013 1666780036564288 82.1875 -68.5 6.062292073724054 18 
0011 0007 1666780036565217 -43.125 -65.5 5.092816215780329 18 
0011 0014 1666780036568496 221.3125 -71.0 4.276738436625168 18 
0011 0009 1666780036586654 -1.625 -75.0 6.191146459906448 18 
0011 0005 1666780036672022 -4.0625 -60.0 6.031612457966341 18 
0011 0012 1666780036673855 -21.9375 -55.0 5.092816215780329 18 
0011 0013 1666780036675879 17.0625 -67.0 6.2463697682703305 18 
0011 0010 1666780036677073 100.0625 -68.0 0.36815538909255385 18 
0011 0015 1666780036678196 186.3125 -63.5 1.2455923997631406 18 
0011 0007 1666780036679108 -48.0 -66.0 5.135767677841127 18 
0011 0014 1666780036680430 -191.1875 -71.0 4.620350133111551 18 
0011 0001 1666780036681327 -169.25 -70.5 4.246058820867455 18 
0011 0009 1666780036682209 82.1875 -74.0 5.964117303299373 18 
0011 0004 1666780036683120 -17.0625 -60.0 1.1658253987930873 18 
0011 0005 1666780036781353 -74.0 -60.0 6.111379458936394 18 
0011 0004 1666780036782648 -43.125 -60.0 1.325359400733194 18 
0011 0013 1666780036783812 0.0 -68.0 6.14819499784565 18 
0011 0015 1666780036784997 52.0625 -63.5 1.4787574795217582 18 
0011 0007 1666780036785937 -69.125 -66.5 5.295301679781233 18 
0011 0014 1666780036786866 -134.25 -70.5 4.442408361716817 18 
0011 0001 1666780036787732 52.0625 -69.5 4.09266074207889 18 
0011 0012 1666780036789620 -34.9375 -55.0 5.129631754689584 18 
0011 0010 1666780036792743 -4.0625 -68.0 0.5583690067903734 18 
0011 0009 1666780036793971 82.1875 -73.5 0.02454369260617026 18 
0011 0010 1666780036891970 -21.9375 -68.0 0.662679700366597 18 
0011 0012 1666780036893437 -34.9375 -55.0 5.178719139901925 18 
0011 0015 1666780036894332 26.0 -64.0 1.4664856332186729 18 
0011 0007 1666780036895248 -143.1875 -66.0 5.411884219660542 18 
0011 0004 1666780036896383 -13.0 -60.5 1.380582709097077 18 
0011 0013 1666780036897753 165.1875 -67.5 5.994796919057086 18 
0011 0005 1666780036900349 48.0 -60.0 6.056156150572511 18 
0011 0001 1666780036903003 -61.0 -70.0 4.129476280988146 18 
0011 0014 1666780036903888 -360.5 -70.5 4.859651136021712 18 
0011 0009 1666780036905578 -95.1875 -73.0 0.2945243112740431 18 
0011 0005 1666780037003123 -26.0 -60.0 6.068427996875596 18 
0011 0004 1666780037004660 -4.0625 -60.5 1.3928545554001621 18 
0011 0015 1666780037005584 -8.9375 -64.0 1.533980787885641 18 
0011 0001 1666780037007404 -243.3125 -70.5 4.534447208989955 18 
0011 0007 1666780037008641 -78.0625 -66.0 5.344389064993574 18 
0011 0012 1666780037010275 -30.0625 -55.0 5.154175447295755 18 
0011 0013 1666780037012993 -21.9375 -67.0 6.234097921967246 18 
0011 0009 1666780037014120 -100.0625 -73.0 0.09203884727313846 18 
0011 0010 1666780037015033 173.3125 -68.5 0.5154175447295755 18 
0011 0014 1666780037016740 -30.0625 -70.5 4.454680208019902 18 
