0011 0004 1666770597174624 17.0625 -64.0 6.227961998815704 1 
0011 0012 1666770597177591 4.0625 -53.0 3.2459033471660166 1 
0011 0014 1666770597178915 52.0625 -66.0 0.05522330836388308 1 
0011 0013 1666770597179783 -91.125 -63.0 4.779884135051658 1 
0011 0009 1666770597181727 178.1875 -68.5 0.21475731030398976 1 
0011 0005 1666770597182648 4.0625 -59.0 1.4603497100671303 1 
0011 0006 1666770597184866 108.1875 -70.5 2.3009711818284617 1 
0011 0008 1666770597203587 13.0 -74.5 1.8315730607354554 1 
0011 0001 1666770597217099 -6.5 -75.0 5.5714182216006485 1 
0011 0005 1666770597292920 -56.125 -59.5 1.5585244804918115 1 
0011 0006 1666770597294106 -238.4375 -70.0 2.804116880254952 1 
0011 0004 1666770597295258 -26.0 -64.5 0.14112623248547898 1 
0011 0012 1666770597296171 -39.0 -53.0 3.3072625786814425 1 
0011 0008 1666770597298304 217.25 -73.5 1.3989904785517047 1 
0011 0011 1666770597299953 -143.1875 -69.0 0.1349903093339364 1 
0011 0009 1666770597303873 87.0625 -67.0 0.4172427743048944 1 
0011 0014 1666770597304914 48.0 -66.5 0.06135923151542565 1 
0011 0013 1666770597305996 -91.125 -63.0 4.693981210930062 1 
0011 0015 1666770597309504 8.9375 -72.5 6.14819499784565 1 
0011 0001 1666770597330771 -9.75 -75.0 5.822991070813893 1 
0011 0009 1666770597413001 30.0625 -67.5 0.44178646691106466 1 
0011 0004 1666770597415514 -30.0625 -64.0 0.25770877236478773 1 
0011 0005 1666770597416659 0.0 -59.5 1.5033011721279284 1 
0011 0012 1666770597417784 0.0 -53.0 3.2397674240144743 1 
0011 0011 1666770597418688 -26.0 -68.5 0.0 1 
0011 0013 1666770597420124 -130.1875 -63.5 4.73693267299086 1 
0011 0006 1666770597421052 -221.3125 -71.5 2.8777479580734626 1 
0011 0015 1666770597423360 4.0625 -72.0 6.215690152512618 1 
0011 0014 1666770597424515 173.3125 -65.5 6.1850105367549055 1 
0011 0008 1666770597426784 34.9375 -72.5 2.1046216409791 1 
0011 0001 1666770597476142 -8.5 -76.0 5.915029918087033 1 
0011 0014 1666770597532386 -4.0625 -66.0 0.0859029241215959 1 
0011 0005 1666770597534135 -48.0 -59.5 1.576932249946439 1 
0011 0012 1666770597535820 -30.0625 -53.0 3.2765829629237295 1 
0011 0015 1666770597537611 -95.1875 -73.0 0.14726215563702155 1 
0011 0013 1666770597538524 -30.0625 -64.0 4.651029748869264 1 
0011 0004 1666770597539633 4.0625 -63.5 0.25157284921324513 1 
0011 0006 1666770597542342 173.3125 -70.5 2.466641106920111 1 
0011 0009 1666770597545248 -126.125 -68.0 0.5890486225480862 1 
0011 0011 1666770597546174 43.125 -67.5 6.105243535784852 1 
0011 0008 1666770597547215 52.0625 -72.0 2.012582793705961 1 
0011 0001 1666770597598482 3.0 -75.5 5.988660995905543 1 
0011 0012 1666770597654662 -4.0625 -52.5 3.2336315008629315 1 
0011 0014 1666770597655546 -17.0625 -66.0 0.1349903093339364 1 
0011 0006 1666770597656659 312.4375 -70.5 2.380738182798515 1 
0011 0009 1666770597657810 17.0625 -66.5 0.3620194659410113 1 
0011 0008 1666770597658722 -91.125 -73.0 2.1230294104337273 1 
0011 0011 1666770597660344 -100.0625 -67.5 0.01227184630308513 1 
0011 0004 1666770597661763 -26.0 -64.0 0.2638446955163303 1 
0011 0005 1666770597663001 48.0 -60.0 1.4726215563702154 1 
0011 0013 1666770597664126 -130.1875 -63.5 4.71238898038469 1 
0011 0015 1666770597667447 48.0 -73.5 6.117515382087937 1 
0011 0001 1666770597710416 8.0625 -75.5 5.9088939949354895 1 
0011 0014 1666770597770846 56.125 -66.5 0.03681553890925539 1 
0011 0008 1666770597772354 -26.0 -71.0 2.1598449493429825 1 
0011 0011 1666770597775204 113.0625 -68.5 0.0 1 
0011 0012 1666770597776355 21.9375 -52.5 3.2029518851052186 1 
0011 0005 1666770597777278 17.0625 -60.0 1.4971652489763858 1 
0011 0013 1666770597778686 -13.0 -63.5 4.626486056263094 1 
0011 0009 1666770597779685 -17.0625 -67.5 0.2945243112740431 1 
0011 0015 1666770597780822 -69.125 -72.5 6.258641614573416 1 
0011 0004 1666770597781747 -17.0625 -63.5 0.30066023442558565 1 
0011 0006 1666770597786082 -61.0 -70.5 2.9022916506796332 1 
0011 0001 1666770597807390 -15.375 -75.5 6.007068765360171 1 
0011 0012 1666770597891971 -4.0625 -52.5 3.2336315008629315 1 
0011 0011 1666770597893151 -87.0625 -68.0 0.16566992509164924 1 
0011 0004 1666770597894008 -147.25 -64.0 0.6135923151542565 1 
0011 0006 1666770597895218 204.25 -71.0 2.4727770300716534 1 
0011 0014 1666770597896613 -74.0 -65.0 0.20248546400090464 1 
0011 0013 1666770597897794 17.0625 -64.0 4.552854978444583 1 
0011 0009 1666770597898878 87.0625 -69.0 0.1902136176978195 1 
0011 0005 1666770597900093 0.0 -60.0 1.564660403643354 1 
0011 0008 1666770597904757 -290.5 -71.0 2.6998061866787286 1 
0011 0015 1666770597905809 195.25 -72.5 6.12365130523948 1 
0011 0001 1666770597928708 4.0625 -75.0 5.939573610693203 1 
0011 0009 1666770598004493 -139.125 -69.5 0.2761165418194154 1 
0011 0011 1666770598005887 -95.1875 -68.5 0.04908738521234052 1 
0011 0006 1666770598007070 8.9375 -71.5 2.779573187648782 1 
0011 0012 1666770598007982 -13.0 -52.5 3.2213596545598464 1 
0011 0014 1666770598009931 34.9375 -66.0 0.04295146206079795 1 
0011 0008 1666770598012078 -195.25 -70.0 2.767301341345697 1 
0011 0013 1666770598013457 -134.25 -63.0 4.792155981354743 1 
0011 0004 1666770598014822 -26.0 -64.0 0.48473792897186263 1 
0011 0015 1666770598015773 -13.0 -73.0 0.018407769454627694 1 
0011 0005 1666770598017391 -30.0625 -60.5 1.5892040962495242 1 
0011 0001 1666770598035313 5.625 -75.0 2.8286605728611223 1 
0011 0009 1666770598133555 108.1875 -68.5 0.07976700097005335 1 
0011 0013 1666770598134497 -87.0625 -63.5 4.749204519293945 1 
0011 0008 1666770598135398 217.25 -71.5 2.313243028131547 1 
0011 0005 1666770598136319 8.9375 -60.5 1.5830681730979816 1 
0011 0012 1666770598137459 -8.9375 -52.5 3.2459033471660166 1 
0011 0004 1666770598138374 52.0625 -64.0 0.4172427743048944 1 
0011 0014 1666770598140038 117.125 -66.0 0.05522330836388308 1 
0011 0011 1666770598142014 -87.0625 -68.5 0.2638446955163303 1 
0011 0015 1666770598145351 117.125 -73.0 5.921165841238575 1 
0011 0001 1666770598159613 -1.625 -75.5 5.93343768754166 1 
0011 0011 1666770598244973 -4.0625 -67.0 0.0859029241215959 1 
0011 0009 1666770598246131 160.3125 -70.0 6.227961998815704 1 
0011 0013 1666770598247284 74.0 -63.5 4.528311285838413 1 
0011 0006 1666770598248382 -100.0625 -71.5 3.055689729468197 1 
0011 0015 1666770598252212 43.125 -72.5 5.945709533844745 1 
0011 0004 1666770598253166 8.9375 -64.5 0.47860200582032003 1 
0011 0005 1666770598254827 -21.9375 -60.5 1.6137477888556946 1 
0011 0012 1666770598255938 -21.9375 -53.0 3.2643111166206444 1 
0011 0008 1666770598258973 277.4375 -69.0 2.2212041808584084 1 
0011 0014 1666770598259856 -30.0625 -66.5 0.11658253987930872 1 
0011 0001 1666770598285971 12.1875 -75.0 5.964117303299373 1 
0011 0009 1666770598362503 0.0 -70.5 0.04908738521234052 1 
0011 0012 1666770598364281 0.0 -52.5 3.2520392703175593 1 
0011 0011 1666770598365693 30.0625 -67.0 0.06135923151542565 1 
0011 0014 1666770598367184 -39.0 -66.0 0.12885438618239387 1 
0011 0005 1666770598368092 8.9375 -60.0 1.5830681730979816 1 
0011 0004 1666770598369005 -4.0625 -63.5 0.5706408530934585 1 
0011 0013 1666770598370671 -74.0 -64.0 4.706253057233147 1 
0011 0008 1666770598372422 186.3125 -70.0 2.2150682577068657 1 
0011 0006 1666770598381991 290.5 -71.5 2.675262494072558 1 
0011 0015 1666770598382871 95.1875 -73.0 6.117515382087937 1 
0011 0001 1666770598398724 -0.75 -75.0 2.724349879284899 1 
0011 0004 1666770598480786 56.125 -64.0 0.5092816215780329 1 
0011 0011 1666770598483553 -39.0 -67.5 0.15339807878856412 1 
0011 0014 1666770598484410 61.0 -65.5 0.1349903093339364 1 
0011 0012 1666770598485278 -30.0625 -52.5 3.2827188860752723 1 
0011 0013 1666770598487648 -48.0 -64.5 4.73693267299086 1 
0011 0005 1666770598488569 4.0625 -60.0 1.6198837120072371 1 
0011 0009 1666770598490715 34.9375 -68.5 0.09203884727313846 1 
0011 0008 1666770598492888 -30.0625 -70.5 2.429825568010856 1 
0011 0006 1666770598494042 34.9375 -71.5 3.055689729468197 1 
0011 0015 1666770598495978 -191.1875 -73.0 0.21475731030398976 1 
0011 0001 1666770598515871 -11.4375 -75.0 5.767767762450011 1 
0011 0005 1666770598595049 4.0625 -60.0 1.5830681730979816 1 
0011 0009 1666770598597044 48.0 -69.0 0.006135923151542565 1 
0011 0008 1666770598599709 95.1875 -70.0 2.2764274892222915 1 
0011 0012 1666770598600648 8.9375 -52.5 3.2459033471660166 1 
0011 0013 1666770598601816 34.9375 -64.0 4.546719055293041 1 
0011 0004 1666770598603837 -48.0 -63.5 0.6258641614573416 1 
0011 0006 1666770598604750 -13.0 -72.0 3.2765829629237295 1 
0011 0014 1666770598606328 61.0 -66.0 0.030679615757712823 1 
0011 0011 1666770598607183 -48.0 -69.0 0.2270291566070749 1 
0011 0015 1666770598609392 -39.0 -72.5 0.0859029241215959 1 
0011 0001 1666770598627122 2.4375 -75.0 5.749359992995383 1 
0011 0005 1666770598707341 -34.9375 -60.0 1.607611865704152 1 
0011 0013 1666770598708716 0.0 -63.5 4.632621979414636 1 
0011 0014 1666770598712749 -130.1875 -65.5 0.28838838812250056 1 
0011 0011 1666770598713662 39.0 -68.5 0.04908738521234052 1 
0011 0012 1666770598714603 -8.9375 -53.0 3.2520392703175593 1 
0011 0004 1666770598717608 -17.0625 -64.0 0.5951845456996288 1 
0011 0008 1666770598719468 78.0625 -71.5 2.3071071049800045 1 
0011 0009 1666770598720353 -34.9375 -69.5 0.07363107781851078 1 
0011 0015 1666770598723302 -87.0625 -73.5 0.28225246497095796 1 
0011 0006 1666770598725132 -373.5 -73.0 3.3624858870453256 1 
0011 0001 1666770598774251 -9.75 -75.5 5.988660995905543 1 
0011 0009 1666770598830673 21.9375 -68.5 0.04908738521234052 1 
0011 0005 1666770598831793 17.0625 -60.0 1.509437095279471 1 
0011 0012 1666770598834792 -34.9375 -52.5 3.2888548092268146 1 
0011 0004 1666770598836366 56.125 -63.0 0.5092816215780329 1 
0011 0013 1666770598838482 -48.0 -64.0 4.632621979414636 1 
0011 0014 1666770598839347 0.0 -66.0 0.11658253987930872 1 
0011 0011 1666770598840466 156.1875 -68.0 6.092971689481767 1 
0011 0006 1666770598842052 -82.1875 -72.0 3.067961575771282 1 
0011 0008 1666770598842951 -134.25 -72.0 2.5034566458293663 1 
0011 0015 1666770598846494 -65.0625 -73.5 6.252505691421874 1 
0011 0001 1666770598902333 -9.75 -76.0 5.988660995905543 1 
0011 0009 1666770598952952 -147.25 -69.0 0.20248546400090464 1 
0011 0011 1666770598954502 34.9375 -68.0 6.258641614573416 1 
0011 0014 1666770598955682 -8.9375 -66.5 0.12885438618239387 1 
0011 0005 1666770598956578 -39.0 -60.0 1.6014759425526093 1 
0011 0004 1666770598961411 13.0 -63.5 0.4724660826687775 1 
0011 0006 1666770598962341 -351.5 -71.0 3.368621810196868 1 
0011 0012 1666770598963251 -26.0 -52.5 3.2827188860752723 1 
0011 0013 1666770598964149 -48.0 -64.0 4.71238898038469 1 
0011 0008 1666770598968020 74.0 -70.0 2.2396119503130363 1 
0011 0015 1666770598969044 195.25 -73.5 5.982525072754001 1 
0011 0001 1666770598990533 4.875 -75.0 5.945709533844745 1 
0011 0006 1666770599065772 91.125 -71.0 2.761165418194154 1 
0011 0004 1666770599074773 169.25 -63.5 0.2454369260617026 1 
0011 0005 1666770599076801 -34.9375 -60.0 1.5401167110371838 1 
0011 0012 1666770599078251 -13.0 -52.5 3.2459033471660166 1 
0011 0015 1666770599079659 8.9375 -72.0 6.215690152512618 1 
0011 0011 1666770599080798 8.9375 -69.0 6.234097921967246 1 
0011 0008 1666770599082689 117.125 -70.0 1.9819031779482483 1 
0011 0013 1666770599083601 -48.0 -64.0 4.638757902566179 1 
0011 0014 1666770599084499 13.0 -65.5 0.11044661672776616 1 
0011 0009 1666770599086636 -147.25 -69.5 0.3190680038802134 1 
0011 0001 1666770599109876 -1.625 -75.5 5.988660995905543 1 
0011 0012 1666770599186224 -30.0625 -52.5 3.2704470397721868 1 
0011 0008 1666770599188241 -39.0 -71.0 2.116893487282185 1 
0011 0013 1666770599190233 -61.0 -63.5 4.626486056263094 1 
0011 0006 1666770599191388 147.25 -71.5 2.662990647769473 1 
0011 0004 1666770599192270 17.0625 -63.0 0.4663301595172349 1 
0011 0014 1666770599193695 -74.0 -67.0 0.18407769454627693 1 
0011 0005 1666770599194577 -69.125 -60.0 1.5830681730979816 1 
0011 0011 1666770599199538 78.0625 -68.0 6.227961998815704 1 
0011 0009 1666770599202678 48.0 -69.0 6.2463697682703305 1 
0011 0015 1666770599204111 26.0 -72.0 6.227961998815704 1 
0011 0001 1666770599241563 1.1875 -76.0 6.050020227420969 1 
0011 0007 1666770599344952 -6.125 -75.0 2.36846633649543 1 
0011 0012 1666770599351569 -17.0625 -52.5 3.2581751934691017 1 
0011 0008 1666770599352680 -30.0625 -71.0 2.270291566070749 1 
0011 0005 1666770599354328 21.9375 -59.5 1.4726215563702154 1 
0011 0013 1666770599355271 -39.0 -64.0 4.638757902566179 1 
0011 0009 1666770599359550 -186.3125 -69.0 0.2945243112740431 1 
0011 0011 1666770599360449 139.125 -68.0 6.160466844148735 1 
0011 0006 1666770599362338 95.1875 -71.5 2.9575149590435164 1 
0011 0014 1666770599363944 -234.3125 -66.0 0.32520392703175593 1 
0011 0004 1666770599365108 78.0625 -63.5 0.5460971604872883 1 
0011 0015 1666770599371955 74.0 -72.0 6.135923151542564 1 
0011 0001 1666770599415877 -11.4375 -76.0 6.105243535784852 1 
0011 0012 1666770599494168 4.0625 -52.5 3.2459033471660166 1 
0011 0004 1666770599495465 -4.0625 -62.5 0.6135923151542565 1 
0011 0013 1666770599496337 -56.125 -63.5 4.651029748869264 1 
0011 0014 1666770599497981 -13.0 -66.5 0.04295146206079795 1 
0011 0005 1666770599498863 30.0625 -59.5 1.4173982480063325 1 
0011 0006 1666770599500148 100.0625 -71.5 2.8532042654672924 1 
0011 0011 1666770599502273 -165.1875 -67.5 0.030679615757712823 1 
0011 0008 1666770599503781 -121.25 -71.0 2.1659808724945253 1 
0011 0009 1666770599504694 13.0 -69.0 0.22089323345553233 1 
0011 0015 1666770599507438 -334.4375 -76.0 0.380427235395639 1 
0011 0001 1666770599583745 0.875 -76.0 6.092971689481767 1 
0011 0008 1666770599620878 69.125 -70.5 2.0923497946760143 1 
0011 0014 1666770599622841 126.125 -66.5 0.05522330836388308 1 
0011 0013 1666770599623797 -26.0 -63.5 4.675573441475434 1 
0011 0006 1666770599624709 -34.9375 -72.0 2.9820586516496865 1 
0011 0009 1666770599625652 52.0625 -70.0 6.234097921967246 1 
0011 0004 1666770599626873 -91.125 -62.5 0.6933593161243098 1 
0011 0012 1666770599627726 13.0 -52.5 3.2765829629237295 1 
0011 0005 1666770599628607 8.9375 -59.5 1.423534171157875 1 
0011 0011 1666770599632222 100.0625 -68.0 6.160466844148735 1 
0011 0015 1666770599633162 -48.0 -72.5 0.06135923151542565 1 
0011 0001 1666770599709397 1.25 -76.0 6.215690152512618 1 
0011 0012 1666770599756437 -13.0 -52.5 3.3870295796514958 1 
0011 0011 1666770599758240 -147.25 -68.5 6.129787228391022 1 
0011 0015 1666770599759137 312.4375 -74.5 6.135923151542564 1 
0011 0004 1666770599760062 -87.0625 -62.5 0.8283496254582462 1 
0011 0014 1666770599761213 -43.125 -65.5 0.2086213871524472 1 
0011 0005 1666770599762078 8.9375 -60.0 1.423534171157875 1 
0011 0013 1666770599763246 4.0625 -64.5 4.73693267299086 1 
0011 0008 1666770599764827 -52.0625 -71.0 2.2334760271614935 1 
0011 0009 1666770599766644 -134.25 -69.5 6.178874613603362 1 
0011 0006 1666770599770127 134.25 -71.0 2.773437264497239 1 
0011 0010 1666770599798389 -27.5625 -71.5 5.1725832167503825 1 
0011 0013 1666770599885846 -34.9375 -65.0 4.994641445355648 1 
0011 0015 1666770599886802 104.125 -71.5 6.215690152512618 1 
0011 0004 1666770599890394 -17.0625 -63.0 0.9756117810952678 1 
0011 0014 1666770599891316 0.0 -64.5 0.22089323345553233 1 
0011 0012 1666770599893617 4.0625 -52.5 3.472932503773092 1 
0011 0005 1666770599894527 -13.0 -60.0 1.5401167110371838 1 
0011 0009 1666770599895456 -87.0625 -68.0 6.007068765360171 1 
0011 0011 1666770599896357 -273.375 -69.0 5.822991070813893 1 
0011 0006 1666770599897652 -78.0625 -72.5 3.2704470397721868 1 
0011 0010 1666770599898830 17.0625 -70.0 4.902602598082509 1 
0011 0008 1666770599900158 -299.4375 -72.5 2.718213956133356 1 
0011 0007 1666770599950376 0.75 -74.5 1.8837284075235674 1 
0011 0015 1666770600005248 -95.1875 -72.5 5.6143696836614465 1 
0011 0011 1666770600007732 -21.9375 -70.0 4.3503695144436785 1 
0011 0008 1666770600008676 -69.125 -72.0 3.018874190558942 1 
0011 0012 1666770600010039 -8.9375 -56.0 3.479068426924634 1 
0011 0006 1666770600010952 -17.0625 -71.0 3.810408277107933 1 
0011 0005 1666770600011789 8.9375 -61.0 1.748738098189631 1 
0011 0009 1666770600012674 -30.0625 -63.5 5.71868037723767 1 
0011 0014 1666770600014593 30.0625 -63.5 0.8958447801252144 1 
0011 0004 1666770600016969 74.0 -64.0 1.055378782065321 1 
0011 0013 1666770600018511 269.3125 -71.5 0.6933593161243098 1 
0011 0010 1666770600037504 -18.75 -72.0 1.6751070203711202 1 
0011 0013 1666770600044346 20.25 -73.5 1.4358060174609601 1 
0011 0000 1666770600061478 7.3125 -74.0 6.19728238305799 1 
0011 0005 1666770600135229 43.125 -59.0 1.9266798695843652 1 
0011 0004 1666770600136124 -8.9375 -61.0 0.01227184630308513 1 
0011 0008 1666770600139095 -195.25 -70.5 1.012427320004523 1 
0011 0000 1666770600141161 43.125 -72.0 4.460816131171445 1 
0011 0010 1666770600142708 21.9375 -62.5 0.2761165418194154 1 
0011 0014 1666770600144301 -21.9375 -64.5 1.7303303287350031 1 
0011 0006 1666770600145583 26.0 -64.5 2.7120780329818137 1 
0011 0011 1666770600146511 34.9375 -62.0 0.9756117810952678 1 
0011 0009 1666770600148434 238.4375 -69.0 3.3011266555298997 1 
0011 0015 1666770600164421 24.0 -74.0 0.16260196351587797 1 
0011 0008 1666770600251615 -21.9375 -67.0 0.7547185476397354 1 
0011 0009 1666770600252500 -4.0625 -62.5 5.927301764390117 1 
0011 0014 1666770600254733 -160.3125 -67.5 2.9575149590435164 1 
0011 0006 1666770600255588 -78.0625 -69.5 0.3313398501832985 1 
0011 0010 1666770600256968 117.125 -68.5 4.6448938257177215 1 
0011 0001 1666770600257877 -8.9375 -71.0 5.368932757599744 1 
0011 0004 1666770600259495 0.0 -65.0 4.4976316700806995 1 
0011 0005 1666770600261430 48.0 -62.5 6.178874613603362 1 
0011 0011 1666770600366737 -2.625 -67.5 0.36815538909255385 1 
0011 0006 1666770600373738 -52.0625 -69.5 4.816699673960914 1 
0011 0011 1666770600376209 4.0625 -66.0 3.0066023442558567 1 
0011 0001 1666770600377177 -8.9375 -65.0 5.043728830567988 1 
0011 0005 1666770600378895 17.0625 -62.5 5.7616318392984684 1 
0011 0004 1666770600380275 13.0 -58.0 2.9022916506796332 1 
0011 0009 1666770600381147 -52.0625 -60.5 0.48473792897186263 1 
0011 0008 1666770600382055 4.0625 -62.0 2.9697868053466014 1 
0011 0013 1666770600408753 -0.75 -75.5 5.0682725231741586 1 
0011 0014 1666770600437735 4.875 -66.5 0.5522330836388308 1 
0011 0005 1666770600487423 30.0625 -63.5 2.2948352586769194 1 
0011 0009 1666770600489117 43.125 -60.5 5.921165841238575 1 
0011 0004 1666770600491121 48.0 -62.5 0.5031456984264903 1 
0011 0013 1666770600492179 -295.375 -69.5 5.878214379177777 1 
0011 0008 1666770600493585 61.0 -65.5 6.013204688511713 1 
0011 0014 1666770600496447 -8.9375 -61.0 4.25833066717054 1 
0011 0006 1666770600497630 48.0 -61.5 1.2333205534600555 1 
0011 0000 1666770600498730 48.0 -72.0 5.608233760509904 1 
0011 0015 1666770600516403 6.5 -73.0 0.22089323345553233 1 
0011 0001 1666770600552403 -4.25 -73.0 5.9518454569962875 1 
0011 0014 1666770600601878 69.125 -59.0 4.190835512503572 1 
0011 0006 1666770600605049 87.0625 -65.0 0.8467573949128739 1 
0011 0001 1666770600606013 0.0 -69.0 2.2334760271614935 1 
0011 0004 1666770600606919 121.25 -60.5 5.221670601962723 1 
0011 0005 1666770600607843 -91.125 -63.5 2.0923497946760143 1 
0011 0008 1666770600608698 -48.0 -61.5 5.252350217720435 1 
0011 0009 1666770600609879 82.1875 -68.5 2.509592568980909 1 
0011 0013 1666770600612081 -91.125 -75.5 5.737088146692298 1 
0011 0004 1666770600713089 34.9375 -61.5 5.712544454086128 1 
0011 0014 1666770600714028 13.0 -59.5 4.473087977474529 1 
0011 0005 1666770600716048 -34.9375 -64.5 2.650718801466388 1 
0011 0008 1666770600717216 -65.0625 -62.0 5.5284667595398505 1 
0011 0009 1666770600718156 -69.125 -67.5 2.791845033951867 1 
0011 0001 1666770600720271 30.0625 -69.0 2.024854640009046 1 
0011 0006 1666770600721652 61.0 -68.0 1.1596894756415448 1 
0011 0001 1666770600819791 -56.125 -70.0 2.1659808724945253 1 
0011 0005 1666770600823325 26.0 -60.0 2.736621725587984 1 
0011 0008 1666770600824591 -8.9375 -62.0 5.632777453116074 1 
0011 0009 1666770600826437 95.1875 -65.0 3.77972866135022 1 
0011 0014 1666770600827799 -30.0625 -59.0 4.454680208019902 1 
0011 0004 1666770600828738 4.0625 -62.5 0.6933593161243098 1 
0011 0006 1666770600829880 -100.0625 -66.5 2.1659808724945253 1 
0011 0014 1666770600926629 -21.9375 -59.0 4.387185053352934 1 
0011 0001 1666770600927539 -4.0625 -70.5 2.313243028131547 1 
0011 0004 1666770600929178 -113.0625 -61.5 1.2026409377023426 1 
0011 0005 1666770600931067 65.0625 -61.0 2.454369260617026 1 
0011 0006 1666770600933359 26.0 -67.0 2.116893487282185 1 
0011 0008 1666770600935549 -65.0625 -62.5 5.602097837358362 1 
0011 0009 1666770600936448 -52.0625 -64.5 4.196971435655114 1 
0011 0015 1666770600956377 14.625 -73.5 0.1349903093339364 1 
0011 0008 1666770601043280 -56.125 -62.5 5.749359992995383 1 
0011 0005 1666770601044374 -34.9375 -64.5 1.8285050991596843 1 
0011 0009 1666770601047109 -13.0 -65.5 3.6815538909255388 1 
0011 0006 1666770601048252 -152.125 -68.0 2.448233337465483 1 
0011 0004 1666770601050291 4.0625 -62.0 0.9387962421860124 1 
0011 0014 1666770601051787 -48.0 -58.5 4.516039439535327 1 
0011 0001 1666770601052696 -26.0 -68.0 1.662835174068035 1 
0011 0008 1666770601150584 -26.0 -63.0 5.534602682691394 1 
0011 0004 1666770601151526 -30.0625 -62.5 0.803805932852076 1 
0011 0014 1666770601152410 -61.0 -60.0 4.522175362686871 1 
0011 0001 1666770601153334 -117.125 -68.5 1.8285050991596843 1 
0011 0005 1666770601154968 -52.0625 -67.0 1.509437095279471 1 
0011 0009 1666770601156603 -82.1875 -65.5 3.466796580621549 1 
0011 0006 1666770601157922 0.0 -68.0 1.9880391010997909 1 
0011 0001 1666770601256906 26.0 -68.0 1.4664856332186729 1 
0011 0004 1666770601257832 17.0625 -63.0 0.7424467013366504 1 
0011 0014 1666770601258956 -26.0 -59.5 4.4976316700806995 1 
0011 0006 1666770601262736 -100.0625 -67.5 2.0800779483729293 1 
0011 0009 1666770601263619 61.0 -65.5 3.393165502803038 1 
0011 0005 1666770601264970 191.1875 -65.0 1.6689710972195777 1 
0011 0008 1666770601265896 34.9375 -62.5 5.565282298449106 1 
0011 0001 1666770601363593 74.0 -69.0 1.5892040962495242 1 
0011 0005 1666770601364761 -78.0625 -64.0 2.141437179888355 1 
0011 0008 1666770601367659 -52.0625 -62.0 5.632777453116074 1 
0011 0004 1666770601368811 -48.0 -63.0 0.6933593161243098 1 
0011 0006 1666770601369962 4.0625 -67.5 1.8223691760081417 1 
0011 0009 1666770601370921 -82.1875 -66.0 3.8717675086233583 1 
0011 0014 1666770601373341 39.0 -59.0 4.313553975534423 1 
0011 0015 1666770601415634 7.125 -74.5 0.2270291566070749 1 
0011 0006 1666770601476342 -52.0625 -66.5 1.932815792735908 1 
0011 0005 1666770601478016 43.125 -64.5 1.932815792735908 1 
0011 0014 1666770601480077 -39.0 -59.5 4.399456899656019 1 
0011 0008 1666770601481046 -21.9375 -62.0 5.589825991055276 1 
0011 0001 1666770601482212 -74.0 -69.5 2.030990563160589 1 
0011 0004 1666770601483152 26.0 -63.5 0.4724660826687775 1 
0011 0009 1666770601486020 -8.9375 -65.5 3.7551849687440497 1 
0011 0004 1666770601587528 17.0625 -63.0 0.2454369260617026 1 
0011 0001 1666770601589773 -143.1875 -67.5 1.9144080232812801 1 
0011 0005 1666770601591491 48.0 -67.5 1.576932249946439 1 
0011 0008 1666770601593256 -95.1875 -62.0 5.473243451175968 1 
0011 0014 1666770601594167 -30.0625 -59.0 4.3933209765044765 1 
0011 0009 1666770601595022 -13.0 -67.0 3.6140587362585705 1 
0011 0006 1666770601596520 143.1875 -67.0 1.4296700943094176 1 
0011 0006 1666770601693314 91.125 -68.5 1.5155730184310134 1 
0011 0014 1666770601694451 17.0625 -60.0 4.399456899656019 1 
0011 0009 1666770601695933 -91.125 -66.5 3.6692820446224537 1 
0011 0004 1666770601697597 34.9375 -63.0 0.12885438618239387 1 
0011 0008 1666770601698764 65.0625 -62.5 5.246214294568893 1 
0011 0001 1666770601699703 95.1875 -68.0 1.6444274046134073 1 
0011 0005 1666770601702304 -247.375 -67.0 1.945087639038993 1 
0011 0004 1666770601799091 -48.0 -64.0 0.2945243112740431 1 
0011 0006 1666770601800755 -152.125 -68.5 1.736466251886546 1 
0011 0001 1666770601802766 0.0 -68.5 1.6566992509164924 1 
0011 0005 1666770601804178 -87.0625 -65.5 1.9512235621905356 1 
0011 0014 1666770601805045 4.0625 -59.5 4.356505437595221 1 
0011 0009 1666770601806484 -21.9375 -67.0 3.730641276137879 1 
0011 0008 1666770601809965 -82.1875 -62.5 5.43029198911517 1 
0011 0004 1666770601907429 -8.9375 -64.0 0.18407769454627693 1 
0011 0001 1666770601909209 143.1875 -68.0 1.521708941582556 1 
0011 0014 1666770601910585 4.0625 -59.5 4.405592822807561 1 
0011 0006 1666770601911799 -61.0 -68.0 1.718058482431918 1 
0011 0005 1666770601912755 52.0625 -65.5 1.8837284075235674 1 
0011 0009 1666770601913922 -30.0625 -66.0 3.6815538909255388 1 
0011 0008 1666770601915842 -4.0625 -62.5 5.393476450205914 1 
0011 0004 1666770602015154 39.0 -63.5 0.09817477042468103 1 
0011 0001 1666770602017228 -82.1875 -68.5 1.7671458676442586 1 
0011 0005 1666770602018737 -74.0 -65.5 2.024854640009046 1 
0011 0008 1666770602019649 -4.0625 -62.5 5.289165756629691 1 
0011 0014 1666770602021241 -17.0625 -59.0 4.362641360746763 1 
0011 0009 1666770602022153 -8.9375 -66.5 3.5588354278946874 1 
0011 0006 1666770602024302 -21.9375 -68.0 1.6566992509164924 1 
0011 0014 1666770602119931 17.0625 -59.5 4.356505437595221 1 
0011 0006 1666770602122653 -113.0625 -68.0 1.705786636128833 1 
0011 0009 1666770602123565 69.125 -66.5 3.497476196379262 1 
0011 0001 1666770602125837 -8.9375 -69.0 1.705786636128833 1 
0011 0008 1666770602126793 -39.0 -62.5 5.399612373357457 1 
0011 0004 1666770602128415 -21.9375 -65.0 0.22089323345553233 1 
0011 0005 1666770602129683 -13.0 -65.5 1.945087639038993 1 
