0002 0004 1655804037415153 79.75 -63.0 4.865787059173254 5 
0002 0015 1655804037416924 -17.0625 -64.0 1.282407938672396 5 
0002 0009 1655804037417874 -16.25 -50.5 4.6878452877785195 5 
0002 0001 1655804037419053 -136.6875 -65.5 1.4542137869155878 5 
0002 0013 1655804037420741 -149.6875 -67.0 5.123495831538041 5 
0002 0005 1655804037421931 -139.9375 -66.5 5.939573610693203 5 
0002 0008 1655804037424103 39.0 -61.5 3.454524734318464 5 
0002 0010 1655804037428161 13.0 -65.0 3.54042765844006 5 
0002 0004 1655804037521385 34.9375 -63.0 4.945554060143307 5 
0002 0008 1655804037522807 -58.5625 -60.5 3.6263305825616556 5 
0002 0005 1655804037524011 117.125 -65.0 5.559146375297564 5 
0002 0013 1655804037525938 -120.4375 -67.0 5.129631754689584 5 
0002 0001 1655804037528768 149.6875 -65.5 1.1167380135807468 5 
0002 0015 1655804037530794 48.8125 -64.0 1.184233168247715 5 
0002 0010 1655804037532173 -273.375 -65.5 3.859495662320273 5 
0002 0009 1655804037533319 -3.25 -50.5 4.7307967498393175 5 
0002 0008 1655804037639636 68.3125 -60.5 3.5711072741977725 5 
0002 0004 1655804037640897 45.5625 -62.5 4.994641445355648 5 
0002 0013 1655804037642033 231.0625 -66.5 4.601942363656923 5 
0002 0001 1655804037642952 29.25 -66.0 1.4358060174609601 5 
0002 0009 1655804037643886 9.75 -50.5 4.743068596142402 5 
0002 0010 1655804037644838 100.875 -66.5 3.6692820446224537 5 
0002 0015 1655804037646412 -97.625 -64.0 1.5462526341887264 5 
0002 0005 1655804037650183 -13.0 -65.5 5.8659425328746915 5 
0002 0004 1655804037748255 34.9375 -63.0 5.049864753719531 5 
0002 0010 1655804037750083 39.0 -65.5 3.6876898140770815 5 
0002 0001 1655804037751048 -87.875 -65.5 1.607611865704152 5 
0002 0005 1655804037752210 -45.5625 -65.0 5.994796919057086 5 
0002 0008 1655804037753404 22.75 -60.0 3.7122335066832517 5 
0002 0009 1655804037754640 -35.75 -50.5 4.847379289718626 5 
0002 0015 1655804037759772 -87.0625 -64.5 1.564660403643354 5 
0002 0010 1655804037861115 61.8125 -65.5 3.6570101983193686 5 
0002 0013 1655804037862407 107.375 -65.5 4.970097752749477 5 
0002 0001 1655804037863611 -22.75 -65.0 1.5892040962495242 5 
0002 0009 1655804037864561 19.5 -50.5 4.81056375080937 5 
0002 0004 1655804037865479 62.625 -63.0 5.043728830567988 5 
0002 0015 1655804037866457 -225.375 -64.0 1.6996507129772904 5 
0002 0008 1655804037868973 -110.625 -60.5 3.865631585471816 5 
0002 0005 1655804037870908 3.25 -65.0 5.945709533844745 5 
0002 0015 1655804037970770 -17.0625 -65.0 1.2885438618239387 5 
0002 0008 1655804037972603 58.5625 -61.0 3.7122335066832517 5 
0002 0004 1655804037975267 -111.4375 -63.0 5.289165756629691 5 
0002 0001 1655804037976483 58.5625 -66.0 1.5401167110371838 5 
0002 0009 1655804037977462 -19.5 -50.5 4.908738521234052 5 
0002 0013 1655804037979956 13.0 -67.5 5.019185137961818 5 
0002 0010 1655804037981557 26.0 -65.5 3.724505352986337 5 
0002 0005 1655804037982928 -81.375 -65.0 6.14819499784565 5 
0002 0005 1655804038081313 78.0625 -64.5 5.915029918087033 5 
0002 0010 1655804038082206 120.4375 -67.0 3.730641276137879 5 
0002 0015 1655804038083182 90.3125 -64.0 1.2087768608538851 5 
0002 0008 1655804038085596 61.8125 -60.5 3.736777199289422 5 
0002 0009 1655804038087879 -9.75 -50.5 4.902602598082509 5 
0002 0013 1655804038091256 78.0625 -65.5 4.755340442445488 5 
0002 0001 1655804038092220 182.25 -65.5 1.2455923997631406 5 
0002 0004 1655804038093138 -159.5 -63.5 5.460971604872882 5 
0002 0008 1655804038191321 9.75 -60.0 3.865631585471816 5 
0002 0013 1655804038192768 -19.5 -65.0 4.933282213840222 5 
0002 0004 1655804038194253 21.125 -63.5 5.098952138931871 5 
0002 0009 1655804038197311 -13.0 -50.5 4.896466674930966 5 
0002 0015 1655804038198698 -79.75 -64.5 1.521708941582556 5 
0002 0010 1655804038199619 -26.0 -65.0 3.9208548938356986 5 
0002 0005 1655804038206455 -3.25 -66.0 6.074563920027139 5 
0002 0001 1655804038207367 266.875 -66.5 1.1474176293384597 5 
0002 0013 1655804038314671 299.4375 -65.5 4.601942363656923 5 
0002 0015 1655804038315630 -3.25 -64.0 1.4480778637640452 5 
0002 0005 1655804038318728 52.0625 -64.0 6.074563920027139 5 
0002 0010 1655804038319665 -91.125 -66.5 4.196971435655114 5 
0002 0008 1655804038321129 45.5625 -60.5 3.773592738198677 5 
0002 0004 1655804038322318 -121.25 -64.0 5.375068680751287 5 
0002 0009 1655804038323308 -9.75 -50.5 4.890330751779424 5 
0002 0001 1655804038325311 -61.8125 -67.0 1.8837284075235674 5 
0002 0004 1655804038441946 -13.0 -63.5 5.166447293598839 5 
0002 0009 1655804038443764 -45.5625 -50.5 4.902602598082509 5 
0002 0013 1655804038445635 22.75 -66.0 4.97623367590102 5 
0002 0015 1655804038446570 58.5625 -64.5 1.1474176293384597 5 
0002 0008 1655804038447552 -97.625 -60.5 4.025165587411922 5 
0002 0005 1655804038448515 -162.75 -63.5 0.06135923151542565 5 
0002 0010 1655804038450062 26.0 -65.5 3.7122335066832517 5 
0002 0001 1655804038451181 -130.1875 -65.5 1.8407769454627694 5 
0002 0001 1655804038550219 286.4375 -65.5 1.1290098598838318 5 
0002 0015 1655804038552267 -21.125 -64.0 1.3499030933393643 5 
0002 0004 1655804038553457 -73.1875 -63.0 5.344389064993574 5 
0002 0005 1655804038554876 -84.625 -65.0 6.1850105367549055 5 
0002 0009 1655804038556093 -9.75 -50.5 4.828971520263998 5 
0002 0008 1655804038557020 58.5625 -61.0 3.693825737228624 5 
0002 0010 1655804038558696 296.1875 -63.5 3.2704470397721868 5 
0002 0013 1655804038560525 -104.125 -66.5 5.0253210611133605 5 
0002 0004 1655804038660227 -35.75 -63.0 5.258486140871978 5 
0002 0001 1655804038661307 211.5625 -65.5 1.282407938672396 5 
0002 0008 1655804038662500 26.0 -60.5 3.822680123411018 5 
0002 0005 1655804038664755 -16.25 -65.5 6.062292073724054 5 
0002 0009 1655804038665705 19.5 -50.5 4.749204519293945 5 
0002 0015 1655804038666939 104.125 -64.5 1.1719613219446299 5 
0002 0013 1655804038668953 -159.5 -66.5 5.289165756629691 5 
0002 0010 1655804038672282 -65.0625 -65.5 3.9392626632903265 5 
0002 0008 1655804038770198 29.25 -60.5 3.730641276137879 5 
0002 0013 1655804038773434 -113.875 -65.0 4.914874444385594 5 
0002 0009 1655804038774381 -3.25 -50.5 4.792155981354743 5 
0002 0015 1655804038776975 215.625 -64.5 1.055378782065321 5 
0002 0005 1655804038777949 3.25 -64.5 6.080699843178682 5 
0002 0001 1655804038780373 -195.25 -67.0 1.9941750242513334 5 
0002 0004 1655804038782859 27.625 -63.5 5.221670601962723 5 
0002 0010 1655804038783928 110.625 -66.0 3.859495662320273 5 
0002 0013 1655804038880555 61.8125 -65.5 4.914874444385594 5 
0002 0015 1655804038882868 120.4375 -63.5 1.2210487071569704 5 
0002 0004 1655804038884188 -123.6875 -64.0 5.295301679781233 5 
0002 0009 1655804038885629 9.75 -50.5 4.755340442445488 5 
0002 0001 1655804038887021 -152.9375 -66.0 1.6137477888556946 5 
0002 0008 1655804038888881 -26.0 -60.0 3.810408277107933 5 
0002 0010 1655804038890216 94.375 -65.5 3.749049045592507 5 
0002 0005 1655804038891136 68.3125 -64.5 5.945709533844745 5 
0002 0013 1655804038988121 -123.6875 -66.5 5.062136600022616 5 
0002 0015 1655804038990133 73.1875 -65.5 1.1658253987930873 5 
0002 0001 1655804038991367 -29.25 -65.5 1.5401167110371838 5 
0002 0009 1655804038992800 45.5625 -50.5 4.681709364626977 5 
0002 0010 1655804038994275 97.625 -65.0 3.5036121195308043 5 
0002 0008 1655804038995213 6.5 -61.0 3.7122335066832517 5 
0002 0004 1655804038997733 93.5625 -63.5 5.056000676871073 5 
0002 0005 1655804038999959 29.25 -64.5 5.93343768754166 5 
0002 0001 1655804039097769 -13.0 -67.0 1.5155730184310134 5 
0002 0015 1655804039099209 10.5625 -63.5 1.3928545554001621 5 
0002 0004 1655804039101777 166.8125 -63.0 5.00077736850719 5 
0002 0008 1655804039102701 87.875 -59.5 3.5895150436524004 5 
0002 0013 1655804039105537 52.0625 -67.0 4.847379289718626 5 
0002 0009 1655804039106612 -9.75 -50.5 4.767612288748572 5 
0002 0005 1655804039110832 -19.5 -65.0 5.964117303299373 5 
0002 0015 1655804039208531 3.25 -63.5 1.3989904785517047 5 
0002 0013 1655804039210191 -13.0 -65.5 4.871922982324796 5 
0002 0008 1655804039213371 9.75 -59.0 3.5711072741977725 5 
0002 0005 1655804039214617 39.0 -65.5 5.724816300389213 5 
0002 0009 1655804039216059 9.75 -50.5 4.6878452877785195 5 
0002 0004 1655804039217336 -69.125 -63.0 5.141903600992669 5 
0002 0001 1655804039221582 -146.4375 -65.5 1.5401167110371838 5 
0002 0005 1655804039319993 156.1875 -65.0 5.45483568172134 5 
0002 0008 1655804039321897 55.3125 -61.0 3.466796580621549 5 
0002 0013 1655804039323464 -100.875 -66.0 4.957825906446392 5 
0002 0001 1655804039326043 74.8125 -66.5 1.1044661672776617 5 
0002 0015 1655804039327332 39.0 -64.0 1.1535535524900022 5 
0002 0004 1655804039328575 -104.125 -63.0 5.123495831538041 5 
0002 0009 1655804039329552 -42.3125 -50.5 4.71238898038469 5 
0002 0010 1655804039335151 -136.6875 -64.5 3.785864584501762 5 
0002 0005 1655804039434183 130.1875 -65.5 5.730952223540755 5 
0002 0004 1655804039436477 -113.875 -63.0 5.295301679781233 5 
0002 0009 1655804039437524 19.5 -50.5 4.626486056263094 5 
0002 0008 1655804039438732 -13.0 -61.0 3.56497135104623 5 
0002 0001 1655804039439925 -231.0625 -66.0 1.4480778637640452 5 
0002 0013 1655804039441293 -104.125 -65.5 4.963961829597935 5 
0002 0010 1655804039443262 71.5625 -65.5 3.54042765844006 5 
0002 0015 1655804039444207 -7.3125 -64.5 1.1965050145508 5 
0002 0004 1655804039540098 97.625 -63.0 4.841243366567084 5 
0002 0008 1655804039542387 -136.6875 -61.0 3.693825737228624 5 
0002 0005 1655804039544159 71.5625 -66.0 5.6143696836614465 5 
0002 0001 1655804039545079 -45.5625 -66.5 1.1167380135807468 5 
0002 0009 1655804039547221 29.25 -50.5 4.595806440505381 5 
0002 0010 1655804039549861 -133.4375 -65.5 3.663146121470911 5 
0002 0013 1655804039551704 9.75 -66.5 4.878058905476339 5 
0002 0015 1655804039552685 48.8125 -64.0 1.3008157081270237 5 
0002 0004 1655804039649871 125.3125 -63.0 4.743068596142402 5 
0002 0008 1655804039652199 -13.0 -60.0 3.485204350076177 5 
0002 0015 1655804039653404 125.3125 -64.5 1.1719613219446299 5 
0002 0009 1655804039655446 -13.0 -50.5 4.6448938257177215 5 
0002 0005 1655804039658345 -29.25 -65.0 5.743224069843841 5 
0002 0013 1655804039663123 -126.9375 -65.5 4.822835597112456 5 
0002 0010 1655804039665642 -257.125 -65.5 3.761320891895592 5 
0002 0001 1655804039668504 -214.8125 -64.5 1.4419419406125027 5 
0002 0010 1655804039767068 -65.0625 -66.0 3.5956509668039427 5 
0002 0009 1655804039768599 35.75 -50.5 4.565126824747668 5 
0002 0015 1655804039771153 195.25 -64.5 1.0246991663076084 5 
0002 0013 1655804039772483 -3.25 -66.5 4.749204519293945 5 
0002 0008 1655804039774355 3.25 -60.5 3.4606606574700063 5 
0002 0004 1655804039776296 -131.8125 -60.5 5.080544369477243 5 
0002 0005 1655804039780469 22.75 -65.0 5.553010452146021 5 
0002 0001 1655804039782214 -380.8125 -65.5 1.8530487917658545 5 
0002 0001 1655804039877954 -35.75 -65.5 1.2517283229146832 5 
0002 0015 1655804039882102 -3.25 -63.5 1.2701360923693108 5 
0002 0008 1655804039884187 -6.5 -61.0 3.454524734318464 5 
0002 0013 1655804039885805 -68.3125 -67.5 5.056000676871073 5 
0002 0009 1655804039887323 -22.75 -50.5 4.657165672020807 5 
0002 0010 1655804039888306 -224.5625 -66.5 3.767456815047135 5 
0002 0004 1655804039889249 -13.8125 -63.5 4.988505522204105 5 
0002 0005 1655804039890854 162.75 -65.5 5.45483568172134 5 
0002 0008 1655804039986833 -32.5 -61.0 3.5036121195308043 5 
0002 0004 1655804039988887 -111.4375 -63.0 5.148039524144211 5 
0002 0009 1655804039990389 -22.75 -50.5 4.626486056263094 5 
0002 0001 1655804039991584 257.125 -64.5 0.7853981633974483 5 
0002 0013 1655804039994241 48.8125 -67.5 4.933282213840222 5 
0002 0015 1655804039995386 58.5625 -64.0 1.1535535524900022 5 
0002 0010 1655804039998906 26.0 -65.0 3.6447383520162835 5 
0002 0005 1655804039999999 -94.375 -65.5 5.681864838328415 5 
0002 0010 1655804040110579 0.0 -65.5 3.7429131224409646 5 
0002 0009 1655804040112215 29.25 -50.5 4.595806440505381 5 
0002 0005 1655804040113362 48.8125 -65.5 5.7616318392984684 5 
0002 0004 1655804040115017 100.875 -63.5 4.865787059173254 5 
0002 0015 1655804040116716 97.625 -64.0 1.1290098598838318 5 
0002 0008 1655804040118647 -6.5 -61.5 3.436116964863836 5 
0002 0001 1655804040122265 -78.0625 -66.5 1.2333205534600555 5 
0002 0013 1655804040124323 -139.9375 -67.5 5.123495831538041 5 
0002 0004 1655804040222058 30.875 -63.5 4.902602598082509 5 
0002 0013 1655804040223119 -3.25 -66.0 4.651029748869264 5 
0002 0009 1655804040224113 -29.25 -50.5 4.669437518323892 5 
0002 0008 1655804040229371 -6.5 -59.5 3.4913402732277192 5 
0002 0015 1655804040234502 -90.3125 -63.5 1.4664856332186729 5 
0002 0001 1655804040236306 -58.5625 -66.5 1.2701360923693108 5 
0002 0010 1655804040237523 126.9375 -64.5 3.497476196379262 5 
0002 0005 1655804040239899 32.5 -65.5 5.737088146692298 5 
0002 0001 1655804040345565 -136.6875 -66.0 1.368310862793992 5 
0002 0013 1655804040346485 84.625 -66.0 4.792155981354743 5 
0002 0005 1655804040349832 100.875 -65.0 5.6573211457222445 5 
0002 0004 1655804040350751 114.6875 -63.0 4.914874444385594 5 
0002 0009 1655804040352679 -48.8125 -50.5 4.693981210930062 5 
0002 0008 1655804040353717 -13.0 -60.5 3.5588354278946874 5 
0002 0015 1655804040354650 24.375 -64.0 1.2701360923693108 5 
0002 0010 1655804040356465 3.25 -65.0 3.5772431973493153 5 
0002 0004 1655804040452912 -3.25 -62.5 4.890330751779424 5 
0002 0015 1655804040453875 55.3125 -64.0 1.2701360923693108 5 
0002 0010 1655804040454815 266.875 -66.0 3.172272269347506 5 
0002 0005 1655804040455746 -3.25 -65.0 5.700272607783043 5 
0002 0001 1655804040456660 214.8125 -66.5 0.8774370106705868 5 
0002 0009 1655804040459842 -19.5 -50.5 4.718524903536232 5 
0002 0008 1655804040462241 48.8125 -59.5 3.4177091954092087 5 
0002 0013 1655804040464524 -61.8125 -67.0 5.111223985234957 5 
0002 0004 1655804040566875 -10.5625 -63.5 4.994641445355648 5 
0002 0015 1655804040569598 -87.0625 -65.0 1.509437095279471 5 
0002 0001 1655804040571430 166.0 -67.0 1.030835089459151 5 
0002 0008 1655804040572369 65.0625 -60.5 3.454524734318464 5 
0002 0009 1655804040573332 16.25 -50.5 4.620350133111551 5 
0002 0005 1655804040574325 -91.125 -68.0 5.939573610693203 5 
0002 0013 1655804040575557 74.8125 -66.5 4.577398671050753 5 
0002 0010 1655804040577147 -149.6875 -65.5 3.8963112012295285 5 
0002 0015 1655804040674022 21.125 -64.0 1.2640001692177683 5 
0002 0008 1655804040674993 45.5625 -60.0 3.479068426924634 5 
0002 0001 1655804040679109 -68.3125 -65.5 1.2946797849754812 5 
0002 0010 1655804040680060 61.8125 -66.0 3.6447383520162835 5 
0002 0004 1655804040681036 -3.25 -62.5 5.0253210611133605 5 
0002 0009 1655804040681972 3.25 -50.5 4.651029748869264 5 
0002 0013 1655804040683177 -74.8125 -66.5 5.006913291658733 5 
0002 0005 1655804040685319 35.75 -65.0 5.724816300389213 5 
0002 0008 1655804040783001 -39.0 -60.5 3.6386024288647407 5 
0002 0015 1655804040783919 -21.125 -64.5 1.3192234775816514 5 
0002 0004 1655804040785590 -65.875 -64.0 5.049864753719531 5 
0002 0009 1655804040789770 -13.0 -50.5 4.706253057233147 5 
0002 0013 1655804040792278 19.5 -66.0 4.706253057233147 5 
0002 0010 1655804040794569 -13.0 -65.0 3.810408277107933 5 
0002 0001 1655804040796459 -81.375 -67.0 1.5830681730979816 5 
0002 0005 1655804040799669 -35.75 -65.0 5.945709533844745 5 
0002 0004 1655804040896442 -7.3125 -63.5 5.056000676871073 5 
0002 0009 1655804040897989 -13.0 -50.5 4.743068596142402 5 
0002 0015 1655804040898909 -90.3125 -64.5 1.380582709097077 5 
0002 0013 1655804040899887 -39.0 -65.5 5.295301679781233 5 
0002 0008 1655804040901577 -52.0625 -60.0 3.5711072741977725 5 
0002 0001 1655804040905726 0.0 -67.0 1.2885438618239387 5 
0002 0005 1655804040907825 97.625 -63.5 5.890486225480862 5 
0002 0010 1655804040909200 156.1875 -66.0 3.552699504743145 5 
0002 0013 1655804041006518 -39.0 -66.0 5.006913291658733 5 
0002 0008 1655804041008592 68.3125 -60.5 3.509748042682347 5 
0002 0001 1655804041011484 166.0 -66.0 1.0062913968529805 5 
0002 0004 1655804041012400 -91.125 -63.0 5.258486140871978 5 
0002 0009 1655804041013377 -6.5 -50.5 4.76147636559703 5 
0002 0010 1655804041015292 -218.0625 -65.5 4.147884050442774 5 
0002 0015 1655804041016624 173.3125 -63.0 1.086058397823034 5 
0002 0005 1655804041019849 71.5625 -65.0 5.8475347634200645 5 
0002 0001 1655804041117745 159.5 -66.5 1.1044661672776617 5 
0002 0010 1655804041120854 -97.625 -65.0 3.890175278077986 5 
0002 0015 1655804041121803 -55.3125 -64.0 1.4787574795217582 5 
0002 0009 1655804041123024 -58.5625 -50.5 4.828971520263998 5 
0002 0013 1655804041123916 -65.0625 -66.0 4.914874444385594 5 
0002 0004 1655804041124860 -90.3125 -63.5 5.086680292628786 5 
0002 0008 1655804041126140 -13.0 -60.0 3.650874275167826 5 
0002 0005 1655804041130337 9.75 -64.5 5.853670686571607 5 
0002 0004 1655804041228488 117.125 -64.0 4.828971520263998 5 
0002 0013 1655804041230261 -22.75 -65.5 4.828971520263998 5 
0002 0009 1655804041231168 -35.75 -50.5 4.816699673960914 5 
0002 0005 1655804041232127 -3.25 -65.0 5.822991070813893 5 
0002 0001 1655804041233309 -380.8125 -66.0 1.8285050991596843 5 
0002 0015 1655804041235172 30.875 -64.5 1.3192234775816514 5 
0002 0010 1655804041236066 -136.6875 -67.0 3.877903431774901 5 
0002 0008 1655804041237214 13.0 -60.5 3.6754179677739964 5 
0002 0005 1655804041335616 22.75 -65.5 5.9088939949354895 5 
0002 0001 1655804041336948 -26.0 -66.5 1.5585244804918115 5 
0002 0015 1655804041337881 3.25 -64.0 1.423534171157875 5 
0002 0009 1655804041339257 -19.5 -50.5 4.816699673960914 5 
0002 0008 1655804041340707 29.25 -60.5 3.650874275167826 5 
0002 0013 1655804041342906 240.875 -66.5 4.430136515413731 5 
0002 0004 1655804041345068 69.125 -63.0 4.95168998329485 5 
0002 0010 1655804041347304 94.375 -65.0 3.767456815047135 5 
0002 0015 1655804041447417 90.3125 -64.5 1.1658253987930873 5 
0002 0009 1655804041448763 6.5 -50.5 4.7860200582032 5 
0002 0008 1655804041451093 -16.25 -60.5 3.773592738198677 5 
0002 0004 1655804041452425 -73.1875 -62.5 5.184855063053467 5 
0002 0013 1655804041453927 39.0 -66.5 4.700117134081604 5 
0002 0001 1655804041456133 74.8125 -65.5 1.043106935762236 5 
0002 0010 1655804041457070 -52.0625 -65.0 3.9085830475326135 5 
0002 0005 1655804041459512 -39.0 -65.0 5.8475347634200645 5 
0002 0008 1655804041557173 32.5 -60.5 3.749049045592507 5 
0002 0004 1655804041559398 121.25 -63.0 4.92714629068868 5 
0002 0009 1655804041562010 6.5 -50.5 4.76147636559703 5 
0002 0001 1655804041563218 104.125 -65.0 1.3989904785517047 5 
0002 0005 1655804041564968 -26.0 -64.0 5.878214379177777 5 
0002 0013 1655804041566586 -35.75 -65.5 4.97623367590102 5 
0002 0015 1655804041568114 7.3125 -63.5 1.3192234775816514 5 
0002 0010 1655804041569081 -113.875 -64.5 3.9699422790480394 5 
0002 0008 1655804041666960 22.75 -61.0 3.6692820446224537 5 
0002 0010 1655804041668722 100.875 -67.0 3.5772431973493153 5 
0002 0013 1655804041669615 -136.6875 -66.0 5.0682725231741586 5 
0002 0009 1655804041671539 -6.5 -50.5 4.81056375080937 5 
0002 0015 1655804041672474 135.0625 -64.0 1.1228739367322893 5 
0002 0001 1655804041674437 16.25 -66.0 1.4419419406125027 5 
0002 0004 1655804041675384 22.75 -63.5 5.154175447295755 5 
0002 0005 1655804041680058 68.3125 -63.5 5.816855147662351 5 
0002 0013 1655804041777920 45.5625 -67.0 4.994641445355648 5 
0002 0009 1655804041778897 6.5 -50.5 4.779884135051658 5 
0002 0004 1655804041781747 87.0625 -63.0 4.890330751779424 5 
0002 0008 1655804041783009 9.75 -60.0 3.693825737228624 5 
0002 0005 1655804041784470 6.5 -65.0 5.927301764390117 5 
0002 0015 1655804041786285 -21.125 -65.0 1.4542137869155878 5 
0002 0010 1655804041787280 -19.5 -65.5 3.6815538909255388 5 
0002 0001 1655804041788906 9.75 -66.5 1.4173982480063325 5 
0002 0008 1655804041889941 -139.9375 -60.0 3.9699422790480394 5 
0002 0001 1655804041891766 -97.625 -66.5 1.6260196351587797 5 
0002 0004 1655804041892701 159.5 -63.5 4.902602598082509 5 
0002 0010 1655804041894684 -22.75 -65.0 3.810408277107933 5 
0002 0015 1655804041897541 24.375 -63.5 1.3314953238847365 5 
0002 0009 1655804041899962 3.25 -50.5 4.816699673960914 5 
0002 0013 1655804041901567 185.5 -67.0 4.583534594202296 5 
0002 0005 1655804041904074 -74.8125 -65.0 6.037748381117884 5 
0002 0001 1655804042008682 -22.75 -66.5 1.380582709097077 5 
0002 0004 1655804042010481 -93.5625 -63.0 5.283029833478148 5 
0002 0008 1655804042012825 -3.25 -61.0 3.6140587362585705 5 
0002 0005 1655804042014162 39.0 -64.5 5.994796919057086 5 
0002 0009 1655804042015625 -42.3125 -50.5 4.841243366567084 5 
0002 0010 1655804042016714 0.0 -66.0 3.706097583531709 5 
0002 0015 1655804042019252 146.4375 -64.0 1.0799224746714913 5 
0002 0013 1655804042020373 81.375 -65.5 4.822835597112456 5 
0002 0005 1655804042120122 -94.375 -63.5 6.2034183062095325 5 
0002 0009 1655804042121698 -48.8125 -50.5 4.865787059173254 5 
0002 0008 1655804042122651 74.8125 -60.5 3.5956509668039427 5 
0002 0004 1655804042123811 -16.25 -63.5 5.203262832508095 5 
0002 0013 1655804042125018 283.1875 -67.0 4.417864669110647 5 
0002 0015 1655804042128305 187.125 -64.0 1.1106020904292042 5 
0002 0001 1655804042129239 -133.4375 -66.5 1.5830681730979816 5 
0002 0010 1655804042130235 117.125 -67.0 3.6815538909255388 5 
0002 0001 1655804042242140 -224.5625 -66.0 1.8714565612204823 5 
0002 0010 1655804042243570 159.5 -65.5 3.650874275167826 5 
0002 0009 1655804042245451 3.25 -50.5 4.779884135051658 5 
0002 0004 1655804042248679 -17.0625 -63.5 5.190990986205009 5 
0002 0005 1655804042250829 -3.25 -66.0 6.258641614573416 5 
0002 0013 1655804042252379 -55.3125 -65.0 5.031456984264903 5 
0002 0008 1655804042253332 -29.25 -60.0 3.77972866135022 5 
0002 0015 1655804042254454 -38.1875 -64.0 1.3867186322486196 5 
0002 0004 1655804042356970 -26.0 -63.5 5.123495831538041 5 
0002 0015 1655804042358219 -149.6875 -62.0 1.6689710972195777 5 
0002 0001 1655804042359676 -107.375 -65.5 1.6198837120072371 5 
0002 0009 1655804042361406 -71.5625 -50.5 4.847379289718626 5 
0002 0008 1655804042362897 55.3125 -59.5 3.6447383520162835 5 
0002 0005 1655804042364243 45.5625 -65.5 6.129787228391022 5 
0002 0010 1655804042367058 -29.25 -66.0 3.7981364308048478 5 
