0002 0009 1655951638206308 1.1875 -73.5 0.04295146206079795 10 
0002 0009 1655951638290428 48.8125 -68.5 0.9019807032767571 10 
0002 0013 1655951638293750 -22.75 -68.5 3.5036121195308043 10 
0002 0004 1655951638294725 -17.0625 -66.5 0.19634954084936207 10 
0002 0011 1655951638330778 20.75 -77.0 6.160466844148735 10 
0002 0009 1655951638404332 78.0625 -63.5 1.9512235621905356 10 
0002 0013 1655951638405762 9.75 -63.5 4.031301510563465 10 
0002 0004 1655951638408073 107.375 -67.5 1.5892040962495242 10 
0002 0011 1655951638431524 26.8125 -73.5 0.880504972246358 10 
0002 0009 1655951638518941 -13.0 -63.0 2.8532042654672924 10 
0002 0004 1655951638520102 48.8125 -66.0 2.742757648739526 10 
0002 0013 1655951638521545 6.5 -61.5 4.638757902566179 10 
0002 0011 1655951638526490 426.375 -72.5 3.9822141253511245 10 
0002 0013 1655951638620411 16.25 -62.5 4.921010367537137 10 
0002 0004 1655951638623771 41.5 -65.5 3.522019888985432 10 
0002 0009 1655951638625814 -6.5 -62.0 3.4054373491061236 10 
0002 0011 1655951638626780 -201.8125 -71.0 5.4671075280244255 10 
0002 0013 1655951638721785 61.8125 -63.0 4.988505522204105 10 
0002 0011 1655951638724564 -195.25 -72.5 6.019340611663256 10 
0002 0009 1655951638726102 -22.75 -61.0 4.1172044346850605 10 
0002 0004 1655951638727872 21.125 -65.0 4.135612204139688 10 
0002 0003 1655951638820860 7.0625 -76.0 1.184233168247715 10 
0002 0001 1655951638830116 -13.625 -78.0 0.8099418560036186 10 
0002 0004 1655951638837099 -34.9375 -64.5 4.7860200582032 10 
0002 0013 1655951638839443 22.75 -65.5 5.240078371417351 10 
0002 0009 1655951638841999 42.3125 -60.5 4.657165672020807 10 
0002 0011 1655951638865993 -48.8125 -73.5 0.09203884727313846 10 
0002 0003 1655951638882277 17.0625 -76.5 1.748738098189631 10 
0002 0001 1655951638903002 9.75 -78.5 4.319689898685965 10 
0002 0004 1655951638963897 48.8125 -63.5 5.325981295538946 10 
0002 0013 1655951638966234 22.75 -65.5 5.577554144752192 10 
0002 0009 1655951638968675 13.0 -60.0 5.675728915176872 10 
0002 0011 1655951638981998 -6.5 -71.5 0.9326603190344698 10 
0002 0001 1655951639007493 15.8125 -77.0 5.037592907416445 10 
0002 0013 1655951639083181 123.6875 -66.0 0.44178646691106466 10 
0002 0004 1655951639084099 -27.625 -67.5 0.15339807878856412 10 
0002 0009 1655951639087016 0.0 -61.0 1.0062913968529805 10 
0002 0011 1655951639091057 6.5 -72.0 1.8653206380689396 10 
0002 0013 1655951639185529 -61.8125 -66.5 1.761009944492716 10 
0002 0004 1655951639187599 -135.0625 -69.5 2.442097414313941 10 
0002 0009 1655951639189385 -13.0 -61.0 2.386874105950058 10 
0002 0011 1655951639219811 12.8125 -76.0 4.338097668140593 10 
0002 0003 1655951639237671 8.1875 -76.5 6.12365130523948 10 
0002 0005 1655951639267641 7.625 -72.0 5.307573526084319 10 
0002 0004 1655951639318991 -3.25 -64.0 4.319689898685965 10 
0002 0009 1655951639320482 19.5 -62.0 4.405592822807561 10 
0002 0003 1655951639323755 -81.375 -72.0 0.8835729338221293 10 
0002 0011 1655951639371439 5.4375 -74.5 0.5706408530934585 10 
0002 0001 1655951639395988 9.4375 -79.0 0.46019423636569234 10 
0002 0004 1655951639454728 -41.5 -66.0 5.325981295538946 10 
0002 0009 1655951639456115 -9.75 -62.5 5.859806609723149 10 
0002 0003 1655951639457256 302.6875 -70.5 1.3928545554001621 10 
0002 0001 1655951639479705 17.0625 -76.0 1.1965050145508 10 
0002 0011 1655951639484012 9.75 -76.5 1.576932249946439 10 
0002 0015 1655951639506646 -3.625 -79.0 5.890486225480862 10 
0002 0003 1655951639564277 -61.8125 -70.5 2.4175537217077703 10 
0002 0009 1655951639567906 -61.8125 -64.0 0.6565437772150544 10 
0002 0001 1655951639583061 17.6875 -76.5 5.135767677841127 10 
0002 0015 1655951639589124 -1.1875 -75.5 4.589670517353839 10 
0002 0009 1655951639672322 16.25 -64.0 1.380582709097077 10 
0002 0003 1655951639679699 13.0 -72.5 3.56497135104623 10 
0002 0015 1655951639698672 81.375 -73.5 0.401902966426038 10 
0002 0009 1655951639788187 45.5625 -65.0 2.1230294104337273 10 
0002 0004 1655951639794496 2.4375 -71.0 0.0030679615757712823 10 
0002 0003 1655951639817258 4.875 -74.5 5.6143696836614465 10 
0002 0004 1655951639904401 -39.0 -66.0 4.0128937411088375 10 
0002 0009 1655951639905338 35.75 -65.5 3.215223731408304 10 
0002 0001 1655951639976175 -10.625 -77.5 2.227340104009951 10 
0002 0004 1655951640025798 -84.625 -68.0 5.074408446325701 10 
0002 0009 1655951640026992 -110.625 -66.0 4.865787059173254 10 
0002 0003 1655951640029461 166.0 -73.0 1.607611865704152 10 
0002 0001 1655951640093195 4.875 -75.0 6.129787228391022 10 
0002 0013 1655951640117608 14.0 -77.5 5.589825991055276 10 
0002 0009 1655951640193920 13.0 -67.5 1.325359400733194 10 
0002 0001 1655951640217578 9.125 -76.5 1.1903690913992575 10 
0002 0013 1655951640226405 4.875 -76.0 0.5092816215780329 10 
0002 0011 1655951640250313 0.25 -78.5 4.957825906446392 10 
0002 0004 1655951640256529 2.125 -71.5 4.172427743048944 10 
0002 0005 1655951640295409 -1.75 -70.5 0.9019807032767571 10 
0002 0009 1655951640313577 -13.0 -69.0 3.2520392703175593 10 
0002 0005 1655951640318643 65.0625 -68.5 0.8344855486097889 10 
0002 0004 1655951640319563 111.4375 -65.5 4.6878452877785195 10 
0002 0013 1655951640326480 231.0625 -72.5 4.086524818927348 10 
0002 0011 1655951640327981 133.4375 -71.5 5.957981380147831 10 
0002 0005 1655951640421909 -126.9375 -67.0 1.8100973297050567 10 
0002 0004 1655951640424189 -30.875 -64.0 5.638913376267617 10 
0002 0013 1655951640429480 39.0 -66.5 5.700272607783043 10 
0002 0011 1655951640431548 126.9375 -71.5 1.141281706186917 10 
0002 0009 1655951640432498 -81.375 -68.5 4.933282213840222 10 
0002 0003 1655951640458419 0.5625 -75.0 1.9082721001297376 10 
0002 0015 1655951640529841 -4.5625 -77.5 5.325981295538946 10 
0002 0009 1655951640545786 -22.75 -65.5 5.970253226450915 10 
0002 0003 1655951640547362 289.6875 -72.0 2.4175537217077703 10 
0002 0004 1655951640550573 -149.6875 -67.5 0.5092816215780329 10 
0002 0011 1655951640554228 94.375 -70.0 2.0064468705544187 10 
0002 0013 1655951640556631 -104.125 -68.0 0.30679615757712825 10 
0002 0015 1655951640577711 -1.1875 -77.5 5.583690067903734 10 
0002 0001 1655951640585967 7.875 -75.0 0.0 10 
0002 0009 1655951640660324 3.25 -63.5 0.8160777791551611 10 
0002 0013 1655951640663689 39.0 -67.5 0.7301748550335652 10 
0002 0001 1655951640664763 3.25 -72.5 3.8963112012295285 10 
0002 0011 1655951640675065 319.0 -71.5 2.2334760271614935 10 
0002 0004 1655951640770299 -0.8125 -72.0 1.1106020904292042 10 
0002 0004 1655951640778988 65.875 -69.0 4.111068511533518 10 
0002 0009 1655951640780490 3.25 -60.5 1.7916895602504288 10 
0002 0013 1655951640781637 -9.75 -68.0 0.9878836273983529 10 
0002 0001 1655951640785132 292.9375 -71.0 4.442408361716817 10 
0002 0011 1655951640810739 6.5 -74.0 0.662679700366597 10 
0002 0004 1655951640897269 -27.625 -63.0 5.4671075280244255 10 
0002 0009 1655951640899295 -9.75 -61.0 3.215223731408304 10 
0002 0013 1655951640902724 22.75 -63.5 1.3499030933393643 10 
0002 0005 1655951640904349 -6.5 -68.0 0.5583690067903734 10 
0002 0001 1655951640940337 6.0625 -75.5 0.7117670855789375 10 
0002 0011 1655951640946430 16.4375 -76.0 4.921010367537137 10 
0002 0014 1655951640955420 21.9375 -77.5 0.9019807032767571 10 
0002 0004 1655951641026857 -34.9375 -61.5 0.12885438618239387 10 
0002 0013 1655951641028048 39.0 -62.5 1.9634954084936207 10 
0002 0005 1655951641032428 -48.8125 -65.5 1.6198837120072371 10 
0002 0009 1655951641033507 32.5 -61.0 5.3198453723874035 10 
0002 0001 1655951641056840 -19.5 -76.0 3.0802334220743677 10 
0002 0011 1655951641091623 12.625 -76.5 1.3437671701878218 10 
0002 0013 1655951641145841 192.0 -68.5 2.36846633649543 10 
0002 0011 1655951641146999 -39.0 -74.0 2.442097414313941 10 
0002 0004 1655951641148399 65.875 -66.5 2.435961491162398 10 
0002 0009 1655951641150430 -42.3125 -62.0 1.6935147898257479 10 
0002 0001 1655951641171688 24.375 -74.0 1.6321555583103222 10 
0002 0003 1655951641186721 6.0625 -76.5 5.583690067903734 10 
0002 0014 1655951641218700 4.375 -78.5 6.154330920997192 10 
0002 0005 1655951641258938 4.875 -71.0 5.902758071783947 10 
0002 0004 1655951641278082 52.0625 -61.0 5.086680292628786 10 
0002 0011 1655951641281030 -159.5 -74.0 4.92714629068868 10 
0002 0009 1655951641282333 61.8125 -59.0 4.270602513473625 10 
0002 0005 1655951641284444 58.5625 -68.0 0.2761165418194154 10 
0002 0001 1655951641285466 -84.625 -72.0 0.23930100291016002 10 
0002 0003 1655951641310204 -6.0625 -75.0 1.4051264017032472 10 
0002 0014 1655951641343693 1.8125 -78.0 0.39269908169872414 10 
0002 0009 1655951641395217 -13.0 -57.5 5.608233760509904 10 
0002 0005 1655951641396166 39.0 -65.0 1.2701360923693108 10 
0002 0004 1655951641397594 -34.9375 -60.0 6.22182607566416 10 
0002 0003 1655951641398517 110.625 -74.0 2.2457478734645786 10 
0002 0011 1655951641400370 81.375 -74.5 0.4724660826687775 10 
0002 0015 1655951641426468 5.75 -76.0 4.822835597112456 10 
0002 0004 1655951641504080 -10.5625 -60.0 1.043106935762236 10 
0002 0005 1655951641505059 58.5625 -66.0 1.846912868614312 10 
0002 0009 1655951641506272 -22.75 -56.5 0.3129320807286708 10 
0002 0015 1655951641542191 -72.375 -74.5 1.9420196774632217 10 
0002 0003 1655951641546882 -18.6875 -73.5 0.9295923574586985 10 
0002 0011 1655951641555897 2.4375 -75.5 5.583690067903734 10 
0002 0001 1655951641563463 3.0 -76.0 4.166291819897402 10 
0002 0004 1655951641639115 41.5 -61.0 2.5157284921324514 10 
0002 0009 1655951641640995 -3.25 -56.5 1.423534171157875 10 
0002 0003 1655951641651421 -52.0625 -70.0 5.485515297479052 10 
0002 0011 1655951641676003 52.0625 -74.0 3.3011266555298997 10 
0002 0015 1655951641681838 35.375 -78.0 5.006913291658733 10 
0002 0001 1655951641701349 4.875 -76.0 0.09817477042468103 10 
0002 0003 1655951641774980 81.375 -70.5 0.39269908169872414 10 
0002 0004 1655951641776648 -17.0625 -62.0 4.3933209765044765 10 
0002 0009 1655951641778118 -110.625 -58.5 2.761165418194154 10 
0002 0011 1655951641804786 24.375 -75.5 4.295146206079795 10 
0002 0001 1655951641811662 10.375 -76.0 4.97623367590102 10 
0002 0009 1655951641883791 -3.25 -58.5 3.724505352986337 10 
0002 0004 1655951641884991 3.25 -62.5 5.878214379177777 10 
0002 0003 1655951641889097 -78.0625 -71.5 1.6812429435226628 10 
0002 0001 1655951641938635 -1.5 -76.0 1.0615147052168636 10 
0002 0009 1655951642006989 -22.75 -58.0 5.608233760509904 10 
0002 0004 1655951642009552 55.3125 -62.5 1.368310862793992 10 
0002 0001 1655951642012008 149.6875 -72.0 4.933282213840222 10 
0002 0003 1655951642018371 -250.625 -72.5 4.3074180523828804 10 
0002 0009 1655951642112989 26.0 -57.0 1.1965050145508 10 
0002 0004 1655951642114787 121.25 -62.0 2.509592568980909 10 
0002 0003 1655951642124586 -87.875 -70.5 5.970253226450915 10 
0002 0001 1655951642136779 -11.375 -74.5 1.0983302441261191 10 
0002 0011 1655951642150903 4.875 -77.5 4.4976316700806995 10 
0002 0015 1655951642161663 0.5625 -77.0 3.988350048502667 10 
0002 0004 1655951642234312 -87.0625 -60.5 4.9823695990525625 10 
0002 0009 1655951642237955 26.0 -56.0 3.055689729468197 10 
0002 0001 1655951642238989 16.25 -73.0 2.411417798556228 10 
0002 0003 1655951642262204 -9.75 -73.0 4.580466632626525 10 
0002 0013 1655951642274823 38.4375 -75.5 4.577398671050753 10 
0002 0011 1655951642279102 -0.5625 -75.0 0.5767767762450011 10 
0002 0015 1655951642281482 -23.1875 -75.5 4.301282129231338 10 
0002 0004 1655951642359291 7.3125 -61.5 0.19634954084936207 10 
0002 0009 1655951642365535 16.25 -55.5 4.626486056263094 10 
0002 0001 1655951642366483 13.0 -71.5 3.6079228131070282 10 
0002 0011 1655951642368771 -156.1875 -72.0 1.6873788666742053 10 
0002 0015 1655951642377047 -104.125 -73.5 4.565126824747668 10 
0002 0003 1655951642397620 -2.4375 -74.5 3.5465635815916023 10 
0002 0009 1655951642479337 -32.5 -54.5 5.884350302329319 10 
0002 0001 1655951642481394 91.125 -70.5 4.755340442445488 10 
0002 0004 1655951642485837 79.75 -64.0 1.4542137869155878 10 
0002 0011 1655951642486773 -244.125 -72.0 2.9759227284981438 10 
0002 0003 1655951642488982 110.625 -73.0 4.706253057233147 10 
0002 0015 1655951642504134 -19.5 -74.5 4.417864669110647 10 
0002 0009 1655951642591228 6.5 -55.0 0.5767767762450011 10 
0002 0003 1655951642596214 6.5 -73.0 6.191146459906448 10 
0002 0013 1655951642597179 48.8125 -69.5 2.730485802436441 10 
0002 0004 1655951642601044 -21.125 -65.0 2.791845033951867 10 
0002 0001 1655951642611256 -205.0625 -72.5 0.14112623248547898 10 
0002 0011 1655951642616044 -214.8125 -72.5 3.6017868899554855 10 
0002 0005 1655951642691193 -1.25 -72.0 5.9518454569962875 10 
0002 0004 1655951642722752 38.1875 -62.0 4.374913207049849 10 
0002 0001 1655951642723701 55.3125 -72.0 1.3069516312785663 10 
0002 0009 1655951642725105 42.3125 -55.0 1.5953400194010667 10 
0002 0003 1655951642739080 201.8125 -73.0 0.6933593161243098 10 
0002 0011 1655951642756935 40.6875 -74.0 3.890175278077986 10 
0002 0005 1655951642772557 3.625 -70.5 0.4111068511533518 10 
0002 0004 1655951642845954 -30.875 -59.5 5.743224069843841 10 
0002 0005 1655951642848022 91.125 -67.5 0.9817477042468103 10 
0002 0009 1655951642849224 -19.5 -55.0 2.5034566458293663 10 
0002 0001 1655951642850695 58.5625 -69.5 2.423689644859313 10 
0002 0011 1655951642861661 179.0 -71.5 4.577398671050753 10 
0002 0003 1655951642862743 -133.4375 -72.5 2.7857091108003242 10 
0002 0008 1655951642906180 -9.4375 -80.0 1.736466251886546 10 
0002 0001 1655951642962581 -26.0 -70.5 3.877903431774901 10 
0002 0005 1655951642964027 78.0625 -66.0 2.024854640009046 10 
0002 0009 1655951642968313 -29.25 -55.5 3.902447124381071 10 
0002 0004 1655951642969497 7.3125 -59.5 0.705631162427395 10 
0002 0011 1655951642975111 61.8125 -73.0 5.890486225480862 10 
0002 0003 1655951642977269 -332.0 -71.5 4.871922982324796 10 
0002 0011 1655951643076595 -39.0 -71.5 0.8897088569736719 10 
0002 0004 1655951643077780 34.9375 -61.5 2.4175537217077703 10 
0002 0001 1655951643078955 97.625 -69.5 4.896466674930966 10 
0002 0005 1655951643079916 -9.75 -65.0 3.509748042682347 10 
0002 0009 1655951643081350 -19.5 -58.0 5.546874528994478 10 
0002 0003 1655951643083865 -162.75 -71.0 6.234097921967246 10 
0002 0009 1655951643179746 -9.75 -59.0 0.9878836273983529 10 
0002 0001 1655951643181435 35.75 -71.0 0.11044661672776616 10 
0002 0005 1655951643182383 39.0 -64.0 4.859651136021712 10 
0002 0003 1655951643185603 3.25 -72.5 0.9142525495798421 10 
0002 0004 1655951643188208 -7.3125 -59.0 4.4976316700806995 10 
0002 0011 1655951643191103 139.9375 -71.0 2.662990647769473 10 
