0002 0005 1655952624769567 6.5 -58.0 4.773748211900116 11 
0002 0006 1655952624793562 7.3125 -76.0 1.5892040962495242 11 
0002 0009 1655952624868638 -126.9375 -66.0 0.0859029241215959 11 
0002 0007 1655952624872091 -65.0625 -69.0 4.804427827657828 11 
0002 0005 1655952624873065 22.75 -61.0 4.270602513473625 11 
0002 0006 1655952624879625 -179.0 -73.0 5.829126993965437 11 
0002 0003 1655952624972753 2.0 -77.0 0.36815538909255385 11 
0002 0009 1655952624982781 -32.5 -68.5 6.22182607566416 11 
0002 0005 1655952624983972 -45.5625 -63.0 4.184699589352029 11 
0002 0007 1655952624985394 156.1875 -70.0 4.1601558967458585 11 
0002 0006 1655952625000904 64.25 -75.0 5.721748338813441 11 
0002 0009 1655952625093286 120.4375 -71.0 6.0991076126333095 11 
0002 0005 1655952625096179 19.5 -60.0 4.749204519293945 11 
0002 0007 1655952625097704 260.375 -69.5 5.411884219660542 11 
0002 0006 1655952625118934 -9.125 -76.5 4.657165672020807 11 
0002 0015 1655952625126629 10.375 -76.0 6.215690152512618 11 
0002 0012 1655952625175537 -1.9375 -75.5 2.6568547246179306 11 
0002 0015 1655952625211053 87.0625 -70.5 4.871922982324796 11 
0002 0007 1655952625216920 0.0 -69.5 3.423845118560751 11 
0002 0013 1655952625217847 -117.125 -65.5 3.7429131224409646 11 
0002 0009 1655952625262138 0.875 -72.0 0.5706408530934585 11 
0002 0003 1655952625318172 -87.875 -73.5 1.1903690913992575 11 
0002 0013 1655952625320454 22.75 -61.5 3.2704470397721868 11 
0002 0005 1655952625423676 3.25 -65.5 5.2339424482658075 11 
0002 0013 1655952625424569 -13.0 -62.0 3.706097583531709 11 
0002 0003 1655952625425735 126.9375 -72.5 1.8346410223112268 11 
0002 0001 1655952625546637 -4.1875 -77.0 0.5583690067903734 11 
0002 0005 1655952625556118 -48.8125 -65.0 5.270757987175063 11 
0002 0013 1655952625557891 -13.0 -64.0 3.730641276137879 11 
0002 0003 1655952625562432 58.5625 -72.5 2.6568547246179306 11 
0002 0009 1655952625676479 -1.25 -69.0 4.184699589352029 11 
0002 0013 1655952625683954 -19.5 -61.5 3.6692820446224537 11 
0002 0003 1655952625688235 65.0625 -71.5 2.172116795646068 11 
0002 0009 1655952625689202 71.5625 -65.5 0.8160777791551611 11 
0002 0005 1655952625690419 32.5 -66.0 5.178719139901925 11 
0002 0003 1655952625786280 -120.4375 -72.0 1.6935147898257479 11 
0002 0005 1655952625787826 -32.5 -65.5 5.197126909356553 11 
0002 0013 1655952625790308 -52.0625 -61.5 4.246058820867455 11 
0002 0009 1655952625791384 19.5 -60.0 1.1290098598838318 11 
0002 0015 1655952625792587 -59.375 -70.5 5.049864753719531 11 
0002 0007 1655952625880849 5.3125 -77.0 5.577554144752192 11 
0002 0015 1655952625906524 -55.3125 -70.5 5.902758071783947 11 
0002 0009 1655952625908115 29.25 -65.5 0.5154175447295755 11 
0002 0007 1655952625909944 -29.25 -70.0 5.50392306693368 11 
0002 0003 1655952625910883 -126.9375 -71.0 1.4296700943094176 11 
0002 0005 1655952625999364 -1.5625 -68.0 5.258486140871978 11 
0002 0007 1655952626018292 166.0 -67.5 1.8162332528565992 11 
0002 0005 1655952626020078 29.25 -62.5 4.9394181369917645 11 
0002 0009 1655952626021640 -22.75 -63.0 0.14726215563702155 11 
0002 0015 1655952626043580 -0.5625 -76.0 4.104932588381976 11 
0002 0006 1655952626051931 39.0625 -76.5 4.718524903536232 11 
0002 0003 1655952626115495 -2.5625 -77.0 4.485359823777615 11 
0002 0007 1655952626134520 -16.25 -69.5 4.546719055293041 11 
0002 0009 1655952626139123 -42.3125 -64.5 0.16566992509164924 11 
0002 0005 1655952626140043 -29.25 -62.0 4.522175362686871 11 
0002 0006 1655952626161606 8.125 -75.0 6.280117345603815 11 
0002 0003 1655952626241639 9.0625 -76.5 0.1043106935762236 11 
0002 0009 1655952626255533 -55.3125 -67.5 0.09203884727313846 11 
0002 0007 1655952626257901 -110.625 -69.5 4.239922897715912 11 
0002 0005 1655952626258849 -126.9375 -67.0 4.09266074207889 11 
0002 0006 1655952626281198 18.25 -74.5 0.06135923151542565 11 
0002 0003 1655952626299527 2.6875 -76.5 0.23316507975861744 11 
0002 0015 1655952626367536 5.0 -78.0 5.129631754689584 11 
0002 0005 1655952626376296 -13.0 -61.0 4.657165672020807 11 
0002 0007 1655952626377250 -84.625 -69.0 5.491651220630596 11 
0002 0009 1655952626393105 91.125 -69.5 0.15339807878856412 11 
0002 0013 1655952626416583 -15.8125 -74.5 0.380427235395639 11 
0002 0015 1655952626420850 1.1875 -76.0 0.2699806186678728 11 
0002 0012 1655952626496686 -4.6875 -76.5 1.6505633277649499 11 
0002 0015 1655952626504318 -38.1875 -70.5 5.197126909356553 11 
0002 0013 1655952626506373 74.8125 -66.5 3.7551849687440497 11 
0002 0006 1655952626508892 -29.25 -71.0 0.32520392703175593 11 
0002 0009 1655952626514275 -6.5 -68.5 0.42337869745643697 11 
0002 0013 1655952626626822 -58.5625 -60.0 3.5342917352885173 11 
0002 0003 1655952626650205 18.875 -75.5 0.6135923151542565 11 
0002 0015 1655952626660583 0.0 -77.0 4.534447208989955 11 
0002 0013 1655952626736203 6.5 -60.5 3.4054373491061236 11 
0002 0005 1655952626738500 -74.8125 -69.0 5.307573526084319 11 
0002 0003 1655952626740723 13.0 -74.0 0.9694758579437253 11 
0002 0003 1655952626836105 45.5625 -74.0 1.3867186322486196 11 
0002 0005 1655952626837904 9.75 -66.5 5.098952138931871 11 
0002 0013 1655952626840047 -32.5 -61.5 3.5281558121369745 11 
0002 0003 1655952626937435 185.5 -72.5 1.239456476611598 11 
0002 0005 1655952626939492 143.1875 -67.5 5.080544369477243 11 
0002 0013 1655952626941362 26.0 -60.0 3.393165502803038 11 
0002 0015 1655952626966153 -7.875 -75.5 4.71238898038469 11 
0002 0013 1655952627044867 -52.0625 -59.5 3.4913402732277192 11 
0002 0015 1655952627046840 149.6875 -72.0 4.147884050442774 11 
0002 0003 1655952627048288 -374.3125 -72.0 1.509437095279471 11 
0002 0009 1655952627072275 -1.1875 -71.5 0.39269908169872414 11 
0002 0009 1655952627148665 -26.0 -64.5 0.03681553890925539 11 
0002 0015 1655952627150692 -117.125 -71.0 5.043728830567988 11 
0002 0013 1655952627153189 224.5625 -71.0 1.9696313316451632 11 
0002 0012 1655952627160987 -188.75 -71.0 1.9819031779482483 11 
0002 0003 1655952627164127 -156.1875 -74.0 0.4111068511533518 11 
0002 0007 1655952627189514 7.3125 -73.5 0.5491651220630596 11 
0002 0004 1655952627219459 1.8125 -69.5 5.638913376267617 11 
0002 0009 1655952627283295 6.5 -60.0 5.957981380147831 11 
0002 0005 1655952627284814 -61.8125 -59.5 5.013049214810275 11 
0002 0015 1655952627286201 -197.6875 -70.5 2.791845033951867 11 
0002 0007 1655952627287664 -91.125 -68.0 1.4358060174609601 11 
0002 0003 1655952627313904 10.375 -75.5 3.785864584501762 11 
0002 0009 1655952627391577 -71.5625 -66.5 6.056156150572511 11 
0002 0007 1655952627393623 -139.9375 -68.5 4.724660826687775 11 
0002 0005 1655952627394588 -58.5625 -61.5 4.417864669110647 11 
0002 0006 1655952627396613 -143.1875 -71.5 5.338253141842031 11 
0002 0003 1655952627401999 3.25 -74.5 0.11658253987930872 11 
0002 0009 1655952627496357 -52.0625 -67.5 6.086835766330224 11 
0002 0005 1655952627498922 -74.8125 -64.0 4.2092432819582 11 
0002 0007 1655952627501609 -39.0 -69.5 3.822680123411018 11 
0002 0006 1655952627508645 107.375 -71.5 5.626641529964532 11 
0002 0003 1655952627536484 42.0625 -75.5 2.890019804376548 11 
0002 0009 1655952627613693 65.0625 -72.0 0.030679615757712823 11 
0002 0005 1655952627615336 -42.3125 -60.0 4.589670517353839 11 
0002 0007 1655952627619467 -9.75 -70.0 5.092816215780329 11 
0002 0006 1655952627621327 -221.3125 -73.0 4.963961829597935 11 
0002 0003 1655952627639434 -13.375 -75.0 0.2638446955163303 11 
0002 0015 1655952627670739 -4.6875 -78.5 0.30066023442558565 11 
0002 0012 1655952627724601 3.875 -74.5 1.7119225592803755 11 
0002 0007 1655952627740240 3.25 -70.0 2.36846633649543 11 
0002 0004 1655952627742071 -152.9375 -66.5 5.872078456026235 11 
0002 0005 1655952627743872 32.5 -63.5 5.111223985234957 11 
0002 0015 1655952627745429 -62.625 -70.0 5.111223985234957 11 
0002 0013 1655952627750299 198.5625 -72.5 3.509748042682347 11 
0002 0003 1655952627776786 18.25 -76.0 5.405748296509 11 
0002 0009 1655952627814261 6.375 -71.5 6.191146459906448 11 
0002 0009 1655952627879388 -84.625 -70.5 0.35588354278946877 11 
0002 0013 1655952627881188 42.3125 -61.0 2.411417798556228 11 
0002 0003 1655952627929376 18.875 -75.0 0.9081166264282996 11 
0002 0005 1655952628009049 3.375 -71.0 5.00077736850719 11 
0002 0005 1655952628028990 -97.625 -68.5 5.270757987175063 11 
0002 0009 1655952628029982 3.25 -67.0 4.847379289718626 11 
0002 0013 1655952628030914 0.0 -60.0 2.767301341345697 11 
0002 0003 1655952628037474 -29.25 -73.5 1.41126232485479 11 
0002 0009 1655952628134674 52.0625 -65.0 5.166447293598839 11 
0002 0005 1655952628137087 -136.6875 -67.0 5.2339424482658075 11 
0002 0013 1655952628138258 0.0 -61.0 2.767301341345697 11 
0002 0003 1655952628141584 9.75 -73.0 1.4173982480063325 11 
0002 0015 1655952628236629 -0.125 -75.5 1.2578642460662257 11 
0002 0003 1655952628243400 367.8125 -71.5 0.9387962421860124 11 
0002 0005 1655952628246731 -68.3125 -68.5 5.049864753719531 11 
0002 0013 1655952628247949 19.5 -61.0 3.08636934522591 11 
0002 0009 1655952628249607 74.8125 -64.5 5.5100589900852235 11 
0002 0015 1655952628271673 8.9375 -73.5 4.215379205109742 11 
0002 0013 1655952628360713 26.0 -62.5 3.0802334220743677 11 
0002 0015 1655952628362259 -26.0 -71.0 4.608078286808466 11 
0002 0009 1655952628364020 -113.875 -69.5 0.4908738521234052 11 
0002 0003 1655952628393508 6.0625 -76.0 0.5338253141842031 11 
0002 0007 1655952628427486 -3.3125 -79.5 0.8835729338221293 11 
0002 0009 1655952628478368 35.75 -64.0 5.491651220630596 11 
0002 0015 1655952628481033 -175.75 -70.5 6.080699843178682 11 
0002 0007 1655952628482704 110.625 -73.0 3.0925052683774528 11 
0002 0003 1655952628578910 1.25 -76.5 1.1044661672776617 11 
0002 0005 1655952628590210 58.5625 -58.5 4.816699673960914 11 
0002 0009 1655952628592416 16.25 -64.5 5.620505606812989 11 
0002 0007 1655952628599180 146.4375 -69.0 6.154330920997192 11 
0002 0006 1655952628601795 -126.9375 -72.5 4.828971520263998 11 
0002 0003 1655952628626528 -4.875 -76.0 3.6201946594101133 11 
0002 0009 1655952628707696 -45.5625 -67.0 5.565282298449106 11 
0002 0007 1655952628709302 -110.625 -68.5 3.718369429834794 11 
0002 0006 1655952628740294 -0.5625 -75.5 3.485204350076177 11 
0002 0007 1655952628816768 -29.25 -70.0 2.9759227284981438 11 
0002 0009 1655952628818923 -32.5 -67.5 5.540738605842936 11 
0002 0006 1655952628852934 4.875 -74.5 0.37429131224409645 11 
0002 0007 1655952628929450 -126.9375 -67.5 4.73693267299086 11 
0002 0005 1655952628933611 52.0625 -63.0 4.442408361716817 11 
0002 0009 1655952628935568 91.125 -71.0 5.810719224510809 11 
0002 0006 1655952628936911 -42.3125 -71.0 5.688000761479957 11 
0002 0013 1655952628950435 7.3125 -72.5 6.086835766330224 11 
0002 0009 1655952629041156 19.5 -67.5 5.982525072754001 11 
0002 0013 1655952629042064 -81.375 -65.5 2.9759227284981438 11 
0002 0005 1655952629045999 58.5625 -62.5 5.148039524144211 11 
0002 0015 1655952629047304 -117.9375 -70.5 4.552854978444583 11 
0002 0007 1655952629048285 172.5 -71.0 2.1046216409791 11 
0002 0004 1655952629056793 4.0625 -70.5 0.3712233506683252 11 
0002 0006 1655952629067750 5.4375 -71.0 0.6565437772150544 11 
0002 0003 1655952629099638 -5.4375 -75.5 5.994796919057086 11 
0002 0009 1655952629154807 3.25 -68.5 5.982525072754001 11 
0002 0013 1655952629158563 -42.3125 -59.5 2.9820586516496865 11 
0002 0015 1655952629190078 7.3125 -76.5 4.571262747899211 11 
0002 0003 1655952629193515 11.5625 -75.5 0.5706408530934585 11 
0002 0005 1655952629252037 2.25 -71.0 5.111223985234957 11 
0002 0013 1655952629275615 -19.5 -60.5 3.2765829629237295 11 
0002 0005 1655952629277914 -58.5625 -68.0 5.203262832508095 11 
0002 0009 1655952629279985 -68.3125 -68.5 5.2768939103266055 11 
0002 0003 1655952629316546 14.625 -75.5 1.3192234775816514 11 
0002 0013 1655952629391252 -32.5 -60.5 3.2459033471660166 11 
0002 0005 1655952629392855 123.6875 -67.5 5.006913291658733 11 
0002 0009 1655952629393792 -81.375 -67.0 5.675728915176872 11 
0002 0003 1655952629395227 -250.625 -75.0 2.36846633649543 11 
0002 0009 1655952629490064 -3.25 -61.0 5.927301764390117 11 
0002 0013 1655952629490973 74.8125 -60.5 3.06182565261974 11 
0002 0005 1655952629494432 -45.5625 -68.0 4.970097752749477 11 
0002 0003 1655952629496832 -166.0 -71.0 1.5953400194010667 11 
0002 0015 1655952629528442 -9.125 -74.5 4.3933209765044765 11 
0002 0009 1655952629609040 29.25 -63.0 5.872078456026235 11 
0002 0013 1655952629609989 -48.8125 -62.0 3.2704470397721868 11 
0002 0005 1655952629612003 -52.0625 -68.0 4.822835597112456 11 
0002 0015 1655952629614940 -55.3125 -71.0 4.767612288748572 11 
0002 0003 1655952629616787 361.3125 -71.0 0.4724660826687775 11 
0002 0007 1655952629660570 -6.0625 -77.5 5.387340527054372 11 
0002 0006 1655952629718538 3.6875 -76.5 5.859806609723149 11 
0002 0004 1655952629727267 1.75 -71.5 0.4908738521234052 11 
0002 0015 1655952629745626 -19.5 -70.0 0.7853981633974483 11 
0002 0007 1655952629749079 -107.375 -68.5 4.595806440505381 11 
0002 0003 1655952629750032 -175.75 -71.5 0.8528933180644165 11 
0002 0009 1655952629751674 3.25 -57.5 5.0682725231741586 11 
