0002 0008 1656469830116180 -39.0 -55.5 4.374913207049849 15 
0002 0005 1656469830122876 61.8125 -69.0 0.8651651643675016 15 
0002 0001 1656469830144351 19.5 -73.5 5.565282298449106 15 
0002 0014 1656469830159506 14.0 -75.0 0.9019807032767571 15 
0002 0000 1656469830260150 0.9375 -78.0 4.528311285838413 15 
0002 0009 1656469830267059 -110.625 -65.0 2.6568547246179306 15 
0002 0008 1656469830268875 -3.25 -56.0 4.25833066717054 15 
0002 0005 1656469830274820 130.1875 -70.0 0.9817477042468103 15 
0002 0001 1656469830277241 -156.1875 -70.5 3.098641191528995 15 
0002 0004 1656469830303653 -17.875 -74.0 5.476311412751739 15 
0002 0014 1656469830310288 4.25 -74.5 0.9694758579437253 15 
0002 0000 1656469830379129 7.75 -77.5 4.522175362686871 15 
0002 0008 1656469830397540 -13.0 -56.5 4.239922897715912 15 
0002 0009 1656469830399059 9.75 -65.0 2.386874105950058 15 
0002 0005 1656469830404384 -71.5625 -70.0 1.3499030933393643 15 
0002 0001 1656469830429831 -17.0625 -72.5 0.18714565612204823 15 
0002 0014 1656469830438214 14.625 -75.0 0.7547185476397354 15 
0002 0004 1656469830447920 0.5625 -76.0 5.313709449235861 15 
0002 0000 1656469830509517 3.5625 -77.5 4.988505522204105 15 
0002 0008 1656469830526193 22.75 -57.0 4.135612204139688 15 
0002 0009 1656469830527628 -110.625 -64.5 2.5034566458293663 15 
0002 0001 1656469830533420 -52.0625 -70.0 3.5465635815916023 15 
0002 0005 1656469830544172 55.3125 -70.5 1.1167380135807468 15 
0002 0004 1656469830576228 -2.5625 -77.0 5.418020142812084 15 
0002 0014 1656469830581592 14.625 -75.5 4.025165587411922 15 
0002 0000 1656469830694337 -0.8125 -78.0 5.209398755659637 15 
0002 0005 1656469830701647 -78.0625 -71.5 1.4419419406125027 15 
0002 0001 1656469830702965 -97.625 -70.5 4.129476280988146 15 
0002 0008 1656469830704725 19.5 -57.5 4.172427743048944 15 
0002 0009 1656469830706517 48.8125 -63.5 2.3439226438892597 15 
0002 0014 1656469830745153 7.3125 -75.5 3.9760782021995817 15 
0002 0008 1656469830838768 6.5 -58.0 4.190835512503572 15 
0002 0001 1656469830839989 -42.3125 -70.5 4.227651051412827 15 
0002 0009 1656469830840982 13.0 -64.0 2.3930100291016 15 
0002 0005 1656469830844247 257.125 -69.5 1.012427320004523 15 
0002 0014 1656469830866988 -3.625 -75.5 4.061981126321178 15 
0002 0008 1656469830937777 -3.25 -58.0 4.227651051412827 15 
0002 0001 1656469830941238 -19.5 -70.0 4.491495746929157 15 
0002 0005 1656469830942158 -130.1875 -70.5 1.6444274046134073 15 
0002 0009 1656469830943590 -61.8125 -64.0 2.6139032625571326 15 
0002 0014 1656469830977214 -17.6875 -75.0 4.0128937411088375 15 
0002 0001 1656469831062740 9.75 -70.5 4.718524903536232 15 
0002 0008 1656469831064052 -35.75 -59.0 4.270602513473625 15 
0002 0009 1656469831066097 58.5625 -64.5 2.4605051837685683 15 
0002 0005 1656469831066986 13.0 -70.5 1.5278448647340985 15 
0002 0014 1656469831094452 12.1875 -76.0 4.0128937411088375 15 
0002 0008 1656469831161991 -6.5 -59.0 4.301282129231338 15 
0002 0001 1656469831165679 -84.625 -70.5 4.933282213840222 15 
0002 0009 1656469831167229 -100.875 -63.5 2.6016314162540475 15 
0002 0005 1656469831171257 -39.0 -70.5 1.6996507129772904 15 
0002 0014 1656469831196449 -3.625 -75.5 3.9269908169872414 15 
0002 0000 1656469831313701 2.5625 -79.0 0.37429131224409645 15 
0002 0005 1656469831358103 87.875 -71.0 1.5462526341887264 15 
0002 0009 1656469831361453 -81.375 -63.0 2.804116880254952 15 
0002 0008 1656469831363258 -19.5 -59.0 4.374913207049849 15 
0002 0001 1656469831364207 45.5625 -70.0 5.098952138931871 15 
0002 0014 1656469831407435 12.1875 -75.0 4.000621894805752 15 
0002 0000 1656469831431178 -11.25 -78.0 0.4663301595172349 15 
0002 0008 1656469831481263 19.5 -59.0 4.3074180523828804 15 
0002 0009 1656469831485647 -13.0 -63.0 2.705942109830271 15 
0002 0005 1656469831487895 22.75 -69.5 1.533980787885641 15 
0002 0001 1656469831489229 -126.9375 -71.5 5.460971604872882 15 
0002 0014 1656469831522015 -3.625 -75.0 0.7485826244881929 15 
0002 0000 1656469831540811 -13.875 -78.5 0.6381360077604268 15 
0002 0005 1656469831593742 159.5 -70.0 1.4603497100671303 15 
0002 0008 1656469831598299 -52.0625 -59.5 4.411728745959104 15 
0002 0009 1656469831599250 32.5 -63.0 2.693670263527186 15 
0002 0001 1656469831601018 328.75 -71.0 5.006913291658733 15 
0002 0014 1656469831617747 -11.5625 -75.5 3.890175278077986 15 
0002 0000 1656469831647773 3.5 -78.5 0.44178646691106466 15 
0002 0008 1656469831701113 -22.75 -60.0 4.417864669110647 15 
0002 0009 1656469831704094 -19.5 -62.0 2.7857091108003242 15 
0002 0005 1656469831705171 -48.8125 -69.5 1.761009944492716 15 
0002 0001 1656469831707465 270.125 -71.5 5.141903600992669 15 
0002 0014 1656469831721310 12.8125 -75.5 3.859495662320273 15 
0002 0000 1656469831758539 -13.5625 -78.0 0.760854470791278 15 
0002 0008 1656469831815115 -13.0 -59.5 4.405592822807561 15 
0002 0009 1656469831818936 -39.0 -63.0 2.7979809571034093 15 
0002 0005 1656469831821123 250.625 -70.0 1.337631247036279 15 
0002 0014 1656469831841516 7.875 -75.5 0.803805932852076 15 
0002 0000 1656469831886692 -1.1875 -78.0 0.4908738521234052 15 
0002 0009 1656469831938098 35.75 -62.5 2.705942109830271 15 
0002 0001 1656469831940469 227.8125 -71.0 5.135767677841127 15 
0002 0008 1656469831942059 -9.75 -60.0 4.3933209765044765 15 
0002 0005 1656469831943503 -13.0 -70.5 1.8346410223112268 15 
0002 0014 1656469831981340 1.8125 -75.5 0.7424467013366504 15 
0002 0000 1656469832008948 11.875 -78.0 0.37429131224409645 15 
0002 0008 1656469832060031 -13.0 -60.5 3.9392626632903265 15 
0002 0009 1656469832063922 -13.0 -62.5 2.742757648739526 15 
0002 0005 1656469832065096 22.75 -70.5 1.6321555583103222 15 
0002 0001 1656469832067608 -16.25 -71.5 5.915029918087033 15 
0002 0014 1656469832097731 -9.125 -75.5 0.7731263170943632 15 
0002 0000 1656469832102404 -6.6875 -77.0 0.607456392002714 15 
0002 0005 1656469832174134 9.75 -69.5 1.7732817907958012 15 
0002 0008 1656469832175102 -9.75 -60.0 3.9576704327449543 15 
0002 0001 1656469832178278 -91.125 -71.0 5.638913376267617 15 
0002 0009 1656469832179458 -29.25 -62.5 2.748893571891069 15 
0002 0014 1656469832207234 8.5 -75.5 3.7551849687440497 15 
0002 0000 1656469832216368 5.4375 -76.5 0.5460971604872883 15 
0002 0001 1656469832284631 19.5 -72.0 5.5714182216006485 15 
0002 0008 1656469832285601 -52.0625 -59.5 4.000621894805752 15 
0002 0009 1656469832287782 -61.8125 -62.5 2.791845033951867 15 
0002 0005 1656469832292101 61.8125 -70.0 1.5033011721279284 15 
0002 0014 1656469832316923 -4.25 -75.5 3.9638063558964967 15 
0002 0000 1656469832345012 0.875 -77.5 0.4172427743048944 15 
0002 0009 1656469832400439 78.0625 -63.0 2.6813984172241008 15 
0002 0005 1656469832401583 -65.0625 -70.0 1.718058482431918 15 
0002 0008 1656469832403369 6.5 -60.0 3.9822141253511245 15 
0002 0001 1656469832407671 26.0 -71.5 5.651185222570702 15 
0002 0014 1656469832423856 70.75 -75.0 0.44485442848683593 15 
0002 0000 1656469832473238 -6.8125 -76.5 4.0987966652304335 15 
0002 0009 1656469832518445 -42.3125 -61.5 3.000466421104314 15 
0002 0008 1656469832520811 -48.8125 -60.0 4.221515128261284 15 
0002 0000 1656469832549321 -99.25 -74.5 4.6448938257177215 15 
0002 0014 1656469832564812 1.8125 -75.0 3.7429131224409646 15 
0002 0001 1656469832567281 -19.5 -74.5 0.8528933180644165 15 
0002 0005 1656469832570149 15.8125 -74.0 4.3503695144436785 15 
0002 0008 1656469832650922 -52.0625 -64.5 4.828971520263998 15 
0002 0000 1656469832655706 -302.6875 -72.5 2.055534255766759 15 
0002 0005 1656469832656992 -55.3125 -70.0 0.19634954084936207 15 
0002 0001 1656469832666727 2.4375 -73.5 5.424156065963627 15 
0002 0008 1656469832750941 -32.5 -61.0 5.835262917116979 15 
0002 0014 1656469832752995 -19.5 -71.5 0.6565437772150544 15 
0002 0000 1656469832757441 -91.125 -69.0 4.454680208019902 15 
0002 0001 1656469832759182 110.625 -72.0 3.730641276137879 15 
0002 0005 1656469832771975 -56.125 -75.0 5.5284667595398505 15 
0002 0000 1656469832853419 -35.75 -59.5 0.7792622402459057 15 
0002 0008 1656469832856791 -3.25 -60.0 1.6873788666742053 15 
0002 0014 1656469832858010 78.0625 -72.5 0.34974761963792617 15 
0002 0005 1656469832861786 -130.1875 -69.5 0.6872233929727672 15 
0002 0001 1656469832863172 -104.125 -69.0 0.8099418560036186 15 
0002 0002 1656469832885465 -10.9375 -76.0 4.0987966652304335 15 
0002 0008 1656469832958442 74.8125 -63.5 2.5832236467994196 15 
0002 0000 1656469832960269 -9.75 -53.5 2.6323110320117604 15 
0002 0001 1656469832961404 -6.5 -67.0 2.9145634969827183 15 
0002 0014 1656469832963209 -45.5625 -73.5 0.7731263170943632 15 
0002 0002 1656469833012806 3.8125 -79.0 0.1349903093339364 15 
0002 0001 1656469833067086 52.0625 -68.0 4.994641445355648 15 
0002 0000 1656469833069746 -9.75 -56.0 3.043417883165112 15 
0002 0014 1656469833114095 6.0625 -75.0 0.803805932852076 15 
0002 0000 1656469833189992 22.75 -58.0 2.509592568980909 15 
0002 0001 1656469833191381 -65.0625 -69.5 4.454680208019902 15 
0002 0014 1656469833215709 -2.4375 -76.0 0.6933593161243098 15 
0002 0000 1656469833285121 -26.0 -60.0 1.7548740213411735 15 
0002 0001 1656469833286640 84.625 -67.5 3.761320891895592 15 
0002 0008 1656469833287860 16.25 -68.0 4.086524818927348 15 
0002 0014 1656469833309414 -3.625 -76.0 3.7429131224409646 15 
0002 0000 1656469833388140 -9.75 -66.0 0.32520392703175593 15 
0002 0008 1656469833392807 -185.5 -68.5 4.6878452877785195 15 
0002 0014 1656469833408099 14.625 -75.0 3.7429131224409646 15 
0002 0005 1656469833450455 -6.8125 -79.0 1.4787574795217582 15 
0002 0002 1656469833471371 3.1875 -78.0 0.30679615757712825 15 
0002 0001 1656469833497972 -6.625 -76.5 5.411884219660542 15 
0002 0000 1656469833526529 -133.4375 -70.0 5.595961914206819 15 
0002 0008 1656469833530611 -100.875 -70.0 4.331961744989051 15 
0002 0001 1656469833532210 -19.5 -70.5 4.798291904506286 15 
0002 0014 1656469833552599 -11.5625 -75.0 0.6504078540635119 15 
0002 0005 1656469833556814 -6.0625 -76.5 1.4051264017032472 15 
0002 0002 1656469833572100 -18.25 -76.0 0.12885438618239387 15 
0002 0001 1656469833642853 -68.3125 -68.0 4.184699589352029 15 
0002 0005 1656469833674384 -13.375 -76.0 1.6198837120072371 15 
0002 0014 1656469833676811 12.1875 -76.0 0.4479223900626072 15 
0002 0000 1656469833679147 -14.625 -75.5 5.2339424482658075 15 
0002 0008 1656469833682061 14.0 -74.0 1.1658253987930873 15 
0002 0002 1656469833705658 6.0625 -76.5 6.277049384028044 15 
0002 0001 1656469833777455 55.3125 -67.5 3.724505352986337 15 
0002 0008 1656469833808951 0.0 -73.0 4.313553975534423 15 
0002 0005 1656469833814571 17.0625 -76.0 1.3499030933393643 15 
0002 0014 1656469833818905 9.125 -75.0 0.5645049299419159 15 
0002 0002 1656469833821198 -10.375 -76.5 0.04908738521234052 15 
0002 0000 1656469833883697 9.875 -77.5 4.896466674930966 15 
0002 0001 1656469833902172 -113.875 -66.5 3.7122335066832517 15 
0002 0002 1656469833958125 0.5625 -76.0 6.154330920997192 15 
0002 0005 1656469833960454 14.0 -75.5 1.2762720155208536 15 
0002 0014 1656469833983061 8.8125 -75.5 0.5890486225480862 15 
0002 0000 1656469834009758 -3.375 -77.5 5.375068680751287 15 
0002 0001 1656469834065216 19.5 -67.0 3.6079228131070282 15 
0002 0005 1656469834068637 -192.0 -73.5 1.1228739367322893 15 
0002 0014 1656469834093851 -0.5625 -75.5 3.6815538909255388 15 
0002 0002 1656469834105313 10.9375 -76.0 6.14819499784565 15 
0002 0001 1656469834234162 42.3125 -67.5 3.5895150436524004 15 
0002 0005 1656469834263492 2.4375 -76.5 1.4480778637640452 15 
0002 0014 1656469834276642 -3.625 -75.0 0.607456392002714 15 
0002 0002 1656469834285556 4.875 -75.0 0.030679615757712823 15 
0002 0001 1656469834357653 -84.625 -67.0 3.6201946594101133 15 
0002 0014 1656469834393701 4.25 -75.5 0.6135923151542565 15 
0002 0002 1656469834399967 -15.25 -75.5 0.12885438618239387 15 
0002 0005 1656469834405374 -6.0625 -76.0 1.41126232485479 15 
0002 0001 1656469834476170 -29.25 -67.0 3.6876898140770815 15 
0002 0002 1656469834500450 -3.0 -75.5 0.07976700097005335 15 
0002 0005 1656469834506660 2.4375 -76.5 1.41126232485479 15 
0002 0014 1656469834516338 9.125 -75.0 0.607456392002714 15 
0002 0001 1656469834590944 3.25 -67.0 3.5895150436524004 15 
0002 0014 1656469834615726 -3.625 -75.5 0.619728238305799 15 
0002 0002 1656469834625449 -5.4375 -75.5 0.2086213871524472 15 
0002 0005 1656469834627746 13.375 -76.0 1.576932249946439 15 
0002 0001 1656469834697834 -65.0625 -67.0 3.693825737228624 15 
0002 0005 1656469834732360 3.0 -75.5 1.4664856332186729 15 
0002 0014 1656469834737309 -6.0625 -75.0 0.6688156235181395 15 
0002 0002 1656469834744615 10.9375 -75.0 0.11658253987930872 15 
0002 0001 1656469834815874 -110.625 -66.5 3.6447383520162835 15 
0002 0002 1656469834844974 -0.5625 -75.0 0.2454369260617026 15 
0002 0005 1656469834857545 17.6875 -76.0 1.368310862793992 15 
0002 0014 1656469834861542 1.1875 -75.0 0.5276893910326605 15 
0002 0001 1656469834933679 9.75 -66.5 3.466796580621549 15 
0002 0005 1656469834961085 18.25 -76.0 1.2578642460662257 15 
0002 0002 1656469834964650 8.5 -75.5 0.2270291566070749 15 
0002 0014 1656469834968842 12.8125 -75.5 0.34974761963792617 15 
0002 0001 1656469835046004 -156.1875 -66.5 3.77972866135022 15 
0002 0014 1656469835085761 -14.0 -75.0 3.736777199289422 15 
0002 0005 1656469835088691 14.0 -75.5 1.3130875544301088 15 
0002 0002 1656469835090967 11.5625 -75.5 0.19634954084936207 15 
