0002 0001 1656470171461269 0.0 -67.0 3.77972866135022 16 
0002 0002 1656470171487773 -1.1875 -75.0 0.2699806186678728 16 
0002 0001 1656470171568562 -35.75 -67.0 3.8717675086233583 16 
0002 0002 1656470171571459 71.5625 -71.0 0.11658253987930872 16 
0002 0001 1656470171666480 -26.0 -68.0 3.7429131224409646 16 
0002 0002 1656470171678946 -78.9375 -73.5 0.25157284921324513 16 
0002 0001 1656470171770457 -117.125 -67.0 3.8717675086233583 16 
0002 0002 1656470171807030 12.1875 -75.0 0.07976700097005335 16 
0002 0001 1656470171883121 48.8125 -67.5 3.773592738198677 16 
0002 0002 1656470171899599 -4.875 -74.0 0.14112623248547898 16 
0002 0001 1656470171989382 -16.25 -67.5 3.80427235395639 16 
0002 0002 1656470172019451 -1.8125 -74.5 0.21475731030398976 16 
0002 0001 1656470172099256 -22.75 -66.5 3.730641276137879 16 
0002 0002 1656470172110483 23.5625 -75.0 0.1564660403643354 16 
0002 0001 1656470172203488 -71.5625 -67.0 3.761320891895592 16 
0002 0002 1656470172208177 94.375 -72.0 0.2699806186678728 16 
0002 0001 1656470172307686 120.4375 -66.5 3.5342917352885173 16 
0002 0002 1656470172328876 3.25 -74.5 0.02761165418194154 16 
0002 0001 1656470172417999 -22.75 -67.0 3.724505352986337 16 
0002 0002 1656470172437523 -30.875 -74.0 0.1349903093339364 16 
0002 0001 1656470172529235 -227.8125 -67.5 3.9822141253511245 16 
0002 0002 1656470172538883 -2.4375 -75.0 0.10737865515199488 16 
0002 0001 1656470172629993 -55.3125 -67.0 3.7981364308048478 16 
0002 0002 1656470172650380 48.8125 -74.0 0.039883500485026674 16 
0002 0001 1656470172740874 -35.75 -67.0 3.8288160465625602 16 
0002 0002 1656470172759461 5.4375 -75.0 0.1227184630308513 16 
0002 0001 1656470172846296 -22.75 -67.0 3.785864584501762 16 
0002 0002 1656470172879181 -1.8125 -75.5 0.22089323345553233 16 
0002 0001 1656470172967594 -19.5 -67.0 3.761320891895592 16 
0002 0002 1656470173003937 -19.5 -75.0 0.2270291566070749 16 
0002 0001 1656470173086221 -22.75 -66.5 3.77972866135022 16 
0002 0002 1656470173098137 9.75 -74.0 0.05829126993965436 16 
0002 0001 1656470173194234 9.75 -67.0 3.6815538909255388 16 
0002 0002 1656470173221264 4.25 -75.0 0.12885438618239387 16 
0002 0001 1656470173299863 -35.75 -67.0 3.7981364308048478 16 
0002 0002 1656470173323282 -15.4375 -74.0 0.0337475773334841 16 
0002 0001 1656470173412029 -52.0625 -67.5 3.767456815047135 16 
0002 0002 1656470173448077 76.5 -74.5 0.0030679615757712823 16 
0002 0001 1656470173539798 -6.5 -67.0 3.792000507653305 16 
0002 0002 1656470173569190 23.1875 -74.5 6.252505691421874 16 
0002 0001 1656470173651327 39.0 -67.0 3.730641276137879 16 
0002 0002 1656470173697766 -1.8125 -74.5 0.30066023442558565 16 
0002 0001 1656470173775808 22.75 -67.5 3.810408277107933 16 
0002 0002 1656470173779066 78.0625 -71.5 0.14726215563702155 16 
0002 0001 1656470173889825 16.25 -68.0 3.7551849687440497 16 
0002 0002 1656470173906260 -16.25 -74.0 0.23316507975861744 16 
0002 0001 1656470173996498 9.75 -67.5 3.785864584501762 16 
0002 0002 1656470174021787 -13.0 -73.5 3.448388811166921 16 
0002 0001 1656470174111578 48.8125 -67.5 3.6263305825616556 16 
0002 0002 1656470174146346 15.25 -74.5 0.006135923151542565 16 
0002 0001 1656470174222245 16.25 -67.5 3.730641276137879 16 
0002 0002 1656470174227759 296.1875 -73.0 6.154330920997192 16 
0002 0001 1656470174327815 -65.0625 -66.5 3.785864584501762 16 
0002 0002 1656470174355972 0.5625 -74.5 0.1043106935762236 16 
0002 0001 1656470174437179 84.625 -68.0 3.7551849687440497 16 
0002 0002 1656470174441552 -169.25 -72.0 0.4172427743048944 16 
0002 0001 1656470174538431 -52.0625 -66.5 3.9269908169872414 16 
0002 0002 1656470174567022 9.125 -74.5 6.270913460876501 16 
0002 0001 1656470174648291 22.75 -67.5 3.77972866135022 16 
0002 0002 1656470174663740 -5.6875 -74.0 0.07669903939428206 16 
0002 0001 1656470174751850 -13.0 -66.5 3.724505352986337 16 
0002 0002 1656470174768009 -30.875 -73.5 3.356349963893783 16 
0002 0001 1656470174860757 52.0625 -67.0 3.749049045592507 16 
0002 0002 1656470174874642 4.0625 -73.5 0.1380582709097077 16 
0002 0001 1656470174965997 6.5 -66.5 3.749049045592507 16 
0002 0002 1656470174981840 -25.1875 -75.0 0.20248546400090464 16 
0002 0001 1656470175075088 -48.8125 -68.0 3.7429131224409646 16 
0002 0002 1656470175096015 42.3125 -73.5 0.08897088569736719 16 
0002 0001 1656470175189114 -179.0 -67.5 4.0128937411088375 16 
0002 0002 1656470175201040 -50.4375 -74.0 0.2055534255766759 16 
0002 0001 1656470175300882 -61.8125 -67.5 3.9147189706841563 16 
0002 0002 1656470175335718 3.0 -75.0 0.07363107781851078 16 
0002 0001 1656470175417368 6.5 -67.0 3.6876898140770815 16 
0002 0002 1656470175431799 36.5625 -73.5 3.2581751934691017 16 
0002 0001 1656470175522343 -61.8125 -67.0 3.9699422790480394 16 
0002 0002 1656470175542638 56.9375 -74.0 0.0674951546669682 16 
0002 0001 1656470175634368 107.375 -67.0 3.6324665057131984 16 
0002 0002 1656470175660408 -14.625 -74.0 0.04295146206079795 16 
0002 0001 1656470175749081 -16.25 -67.0 3.736777199289422 16 
0002 0002 1656470175770272 104.125 -74.5 6.237165883543017 16 
0002 0001 1656470175862348 81.375 -67.0 3.749049045592507 16 
0002 0002 1656470175870839 20.3125 -74.5 6.258641614573416 16 
0002 0001 1656470175965105 -6.5 -67.5 3.693825737228624 16 
0002 0002 1656470175967531 136.6875 -72.5 0.11658253987930872 16 
0002 0001 1656470176064191 45.5625 -67.5 3.706097583531709 16 
0002 0002 1656470176093521 6.0625 -75.5 0.11044661672776616 16 
0002 0001 1656470176170279 -84.625 -67.5 3.9147189706841563 16 
0002 0002 1656470176180791 -41.5 -74.5 0.1718058482431918 16 
0002 0001 1656470176273753 -81.375 -68.0 3.9085830475326135 16 
0002 0002 1656470176301028 4.25 -75.0 0.1902136176978195 16 
