0002 0008 1656470785816087 19.5 -57.5 0.6381360077604268 18 
0002 0006 1656470785819237 42.3125 -60.5 2.6384469551633027 18 
0002 0004 1656470785820198 -69.125 -67.5 3.834951969714103 18 
0002 0009 1656470785821119 -13.0 -62.5 1.3192234775816514 18 
0002 0001 1656470785822592 91.125 -70.0 3.5588354278946874 18 
0002 0001 1656470785920431 -55.3125 -69.5 3.890175278077986 18 
0002 0006 1656470785923421 6.5 -60.5 2.773437264497239 18 
0002 0009 1656470785924329 -19.5 -62.0 1.3928545554001621 18 
0002 0008 1656470785927200 16.25 -57.5 0.705631162427395 18 
0002 0004 1656470785928999 69.125 -68.0 3.6079228131070282 18 
0002 0009 1656470786027561 0.0 -62.5 1.325359400733194 18 
0002 0008 1656470786030661 -6.5 -57.5 0.7915340865489908 18 
0002 0006 1656470786032277 81.375 -60.0 2.730485802436441 18 
0002 0004 1656470786036177 27.625 -68.5 3.663146121470911 18 
0002 0001 1656470786037127 65.0625 -70.0 3.988350048502667 18 
0002 0008 1656470786193703 19.5 -58.0 0.8713010875190442 18 
0002 0009 1656470786196243 3.25 -62.0 1.4480778637640452 18 
0002 0001 1656470786197295 -104.125 -69.5 4.2092432819582 18 
0002 0004 1656470786198425 69.125 -67.5 3.6876898140770815 18 
0002 0006 1656470786200325 13.0 -60.0 2.9391071895888885 18 
0002 0004 1656470786299536 7.3125 -66.5 3.6079228131070282 18 
0002 0006 1656470786300573 -26.0 -60.5 2.9820586516496865 18 
0002 0008 1656470786301935 13.0 -58.0 0.9265243958829272 18 
0002 0009 1656470786302914 6.5 -62.0 1.4603497100671303 18 
0002 0001 1656470786304360 -22.75 -70.0 4.000621894805752 18 
0002 0008 1656470786407628 0.0 -58.0 0.9878836273983529 18 
0002 0006 1656470786408553 3.25 -60.5 3.018874190558942 18 
0002 0004 1656470786410225 -24.375 -67.0 3.6692820446224537 18 
0002 0009 1656470786411730 -6.5 -61.5 1.5462526341887264 18 
0002 0001 1656470786415270 -100.875 -69.0 4.473087977474529 18 
0002 0004 1656470786513188 59.375 -66.0 3.5772431973493153 18 
0002 0006 1656470786514919 -22.75 -60.5 3.11091303783208 18 
0002 0008 1656470786516384 32.5 -58.5 1.012427320004523 18 
0002 0009 1656470786518099 -29.25 -61.5 1.6444274046134073 18 
0002 0001 1656470786522129 -136.6875 -69.0 4.331961744989051 18 
0002 0001 1656470786623641 -6.5 -70.0 4.080388895775806 18 
0002 0004 1656470786625924 -55.3125 -66.0 3.8410878928656453 18 
0002 0008 1656470786627712 -3.25 -58.5 1.1228739367322893 18 
0002 0009 1656470786629871 -3.25 -61.0 1.7241944055834606 18 
0002 0006 1656470786630837 -13.0 -60.5 3.172272269347506 18 
0002 0009 1656470786728137 29.25 -61.0 1.7303303287350031 18 
0002 0008 1656470786729476 -32.5 -58.5 1.184233168247715 18 
0002 0006 1656470786731518 9.75 -60.5 3.1968159619536762 18 
0002 0004 1656470786734237 -107.375 -65.5 3.9392626632903265 18 
0002 0001 1656470786736102 13.0 -69.0 4.227651051412827 18 
0002 0006 1656470786844299 -26.0 -60.5 3.32567034813607 18 
0002 0009 1656470786846809 19.5 -61.0 1.7732817907958012 18 
0002 0008 1656470786848612 0.0 -58.5 1.1535535524900022 18 
0002 0004 1656470786849607 45.5625 -65.5 3.816544200259475 18 
0002 0001 1656470786853319 81.375 -69.5 4.246058820867455 18 
0002 0009 1656470786950173 -45.5625 -60.0 1.8960002538266525 18 
0002 0006 1656470786953830 -19.5 -60.0 3.3747577333484107 18 
0002 0004 1656470786955148 -48.8125 -65.5 4.080388895775806 18 
0002 0001 1656470786956356 -351.5 -69.5 4.865787059173254 18 
0002 0008 1656470786957264 -32.5 -58.5 1.2333205534600555 18 
0002 0014 1656470786994018 -7.3125 -78.0 0.6688156235181395 18 
0002 0009 1656470787069662 -9.75 -60.0 1.8960002538266525 18 
0002 0008 1656470787070930 16.25 -58.0 1.1596894756415448 18 
0002 0004 1656470787072090 90.3125 -65.0 3.890175278077986 18 
0002 0006 1656470787073822 -26.0 -60.0 3.479068426924634 18 
0002 0001 1656470787074742 -32.5 -70.0 4.479223900626073 18 
0002 0014 1656470787132832 3.0 -78.0 0.662679700366597 18 
0002 0009 1656470787181532 58.5625 -60.0 1.8407769454627694 18 
0002 0008 1656470787183875 22.75 -58.5 1.0737865515199487 18 
0002 0006 1656470787185663 -19.5 -60.0 3.4606606574700063 18 
0002 0004 1656470787187586 -7.3125 -65.0 4.1172044346850605 18 
0002 0001 1656470787189707 172.5 -70.5 4.246058820867455 18 
0002 0014 1656470787217390 -10.375 -77.5 0.6320000846088841 18 
0002 0008 1656470787290960 -6.5 -58.5 1.1106020904292042 18 
0002 0009 1656470787292125 -9.75 -60.0 1.9266798695843652 18 
0002 0006 1656470787293317 -32.5 -59.5 3.485204350076177 18 
0002 0004 1656470787295256 94.375 -65.5 3.9515345095934116 18 
0002 0001 1656470787299172 -45.5625 -70.0 4.589670517353839 18 
0002 0014 1656470787325267 -19.5 -77.0 0.705631162427395 18 
0002 0006 1656470787405450 -9.75 -59.5 3.4606606574700063 18 
0002 0004 1656470787407477 21.125 -65.5 3.9147189706841563 18 
0002 0008 1656470787408829 -13.0 -59.0 1.0799224746714913 18 
0002 0009 1656470787411509 42.3125 -60.5 1.859184714917397 18 
0002 0001 1656470787412588 29.25 -69.0 4.466952054322987 18 
0002 0014 1656470787450370 11.25 -77.5 0.6013204688511713 18 
0002 0008 1656470787517414 9.75 -58.5 1.012427320004523 18 
0002 0001 1656470787518366 -45.5625 -69.5 4.571262747899211 18 
0002 0009 1656470787520025 16.25 -60.0 1.8960002538266525 18 
0002 0006 1656470787525002 9.75 -59.5 3.4177091954092087 18 
0002 0004 1656470787526208 52.0625 -65.0 3.9515345095934116 18 
0002 0014 1656470787559610 13.375 -77.0 3.80427235395639 18 
0002 0004 1656470787647811 10.5625 -65.0 4.01902966426038 18 
0002 0008 1656470787650213 -13.0 -59.0 1.0185632431560658 18 
0002 0009 1656470787651433 16.25 -60.5 1.5892040962495242 18 
0002 0006 1656470787652878 9.75 -59.5 3.454524734318464 18 
0002 0001 1656470787655603 -32.5 -69.5 4.608078286808466 18 
0002 0014 1656470787693771 9.125 -77.0 0.7669903939428205 18 
0002 0004 1656470787767646 27.625 -65.5 4.025165587411922 18 
0002 0009 1656470787768794 -6.5 -60.5 1.6198837120072371 18 
0002 0006 1656470787772486 -35.75 -59.0 3.5588354278946874 18 
0002 0001 1656470787774558 240.875 -69.0 4.546719055293041 18 
0002 0008 1656470787775561 0.0 -58.5 1.0062913968529805 18 
0002 0014 1656470787804467 -10.9375 -77.0 0.7547185476397354 18 
0002 0008 1656470787879245 45.5625 -58.5 0.944932165337555 18 
0002 0004 1656470787880219 13.8125 -66.0 4.006757817957295 18 
0002 0009 1656470787882773 22.75 -60.5 1.576932249946439 18 
0002 0006 1656470787883710 -29.25 -59.0 3.509748042682347 18 
0002 0001 1656470787884915 39.0 -69.0 4.933282213840222 18 
0002 0014 1656470787909295 -1.8125 -77.5 3.7551849687440497 18 
0002 0003 1656470787979651 -3.5625 -76.5 3.9944859716542096 18 
0002 0006 1656470787998809 19.5 -59.0 3.479068426924634 18 
0002 0009 1656470788000386 -29.25 -60.5 1.6260196351587797 18 
0002 0004 1656470788001303 13.8125 -65.0 4.01902966426038 18 
0002 0008 1656470788003261 -16.25 -58.0 1.000155473701438 18 
0002 0001 1656470788004611 -65.0625 -69.5 5.00077736850719 18 
0002 0014 1656470788032572 13.375 -77.5 3.8288160465625602 18 
0002 0003 1656470788088731 -4.875 -76.5 1.1474176293384597 18 
0002 0006 1656470788115382 16.25 -59.5 3.472932503773092 18 
0002 0004 1656470788117983 3.25 -65.5 3.9944859716542096 18 
0002 0008 1656470788119818 32.5 -58.0 0.9203884727313847 18 
0002 0009 1656470788120793 -6.5 -60.0 1.5585244804918115 18 
0002 0001 1656470788121887 19.5 -69.5 4.693981210930062 18 
0002 0014 1656470788140449 9.75 -77.0 0.6872233929727672 18 
0002 0009 1656470788264823 16.25 -60.5 1.521708941582556 18 
0002 0006 1656470788266013 -9.75 -59.0 3.466796580621549 18 
0002 0008 1656470788268523 16.25 -58.0 0.9142525495798421 18 
0002 0004 1656470788269456 -30.875 -65.5 4.129476280988146 18 
0002 0001 1656470788271156 -166.0 -70.0 4.970097752749477 18 
0002 0014 1656470788317094 16.4375 -77.0 0.4724660826687775 18 
0002 0006 1656470788391523 -9.75 -59.5 3.497476196379262 18 
0002 0009 1656470788393016 -39.0 -61.0 1.552388557340269 18 
0002 0004 1656470788393962 30.875 -65.5 4.000621894805752 18 
0002 0008 1656470788394941 -3.25 -57.5 0.9817477042468103 18 
0002 0001 1656470788398177 -74.8125 -69.5 4.724660826687775 18 
0002 0003 1656470788423835 -14.625 -76.5 0.7731263170943632 18 
0002 0014 1656470788427905 6.6875 -77.5 0.6933593161243098 18 
0002 0004 1656470788508418 -69.125 -68.5 5.203262832508095 18 
0002 0006 1656470788509496 -16.25 -58.5 4.111068511533518 18 
0002 0009 1656470788510449 52.0625 -63.0 0.5399612373357456 18 
0002 0008 1656470788511657 39.0 -60.5 1.012427320004523 18 
0002 0001 1656470788513868 198.5625 -72.5 4.779884135051658 18 
0002 0014 1656470788542117 -18.25 -77.5 3.877903431774901 18 
0002 0008 1656470788620879 -52.0625 -66.0 1.2885438618239387 18 
0002 0009 1656470788622545 -9.75 -61.0 0.23930100291016002 18 
0002 0006 1656470788623735 9.75 -58.0 5.0253210611133605 18 
0002 0001 1656470788626873 26.0 -71.0 1.423534171157875 18 
0002 0004 1656470788723303 -2.25 -74.5 5.798447378207723 18 
0002 0006 1656470788737397 -13.0 -60.0 6.160466844148735 18 
0002 0009 1656470788741463 -22.75 -62.5 0.8528933180644165 18 
0002 0001 1656470788742813 65.0625 -69.5 4.473087977474529 18 
0002 0004 1656470788769595 0.5625 -73.5 6.240233845118788 18 
0002 0008 1656470788798067 2.125 -73.5 1.6935147898257479 18 
0002 0006 1656470788852895 -22.75 -63.5 1.0983302441261191 18 
0002 0009 1656470788857350 9.75 -63.5 2.435961491162398 18 
0002 0008 1656470788858364 -55.3125 -71.0 2.454369260617026 18 
0002 0001 1656470788860202 61.8125 -69.5 2.1659808724945253 18 
0002 0002 1656470788890130 -2.4375 -77.5 0.8774370106705868 18 
0002 0006 1656470788975193 65.0625 -63.0 1.5707963267948966 18 
0002 0001 1656470788977968 -276.625 -68.5 0.6320000846088841 18 
0002 0006 1656470789079008 -3.25 -62.5 3.0802334220743677 18 
0002 0000 1656470789081094 -81.375 -65.5 1.533980787885641 18 
0002 0001 1656470789085618 61.8125 -68.0 3.0250101137104846 18 
0002 0004 1656470789097758 12.1875 -72.5 0.9510680884890975 18 
0002 0006 1656470789187101 42.3125 -62.5 4.4362724385652745 18 
0002 0008 1656470789188354 -68.3125 -60.5 2.8532042654672924 18 
0002 0000 1656470789191533 45.5625 -56.5 3.6324665057131984 18 
0002 0001 1656470789193573 -48.8125 -69.0 5.755495916146925 18 
0002 0004 1656470789195056 90.3125 -72.5 2.8102528034064944 18 
0002 0002 1656470789249618 0.5625 -78.5 6.025476534814799 18 
0002 0008 1656470789303607 45.5625 -55.0 5.252350217720435 18 
0002 0004 1656470789306081 -3.25 -68.0 0.8713010875190442 18 
0002 0000 1656470789307883 35.75 -61.5 4.669437518323892 18 
0002 0001 1656470789309229 68.3125 -69.0 2.5341362615870793 18 
0002 0015 1656470789335258 6.6875 -75.0 0.44178646691106466 18 
0002 0002 1656470789341547 6.0625 -74.5 1.1965050145508 18 
0002 0005 1656470789345251 7.3125 -75.5 1.736466251886546 18 
0002 0005 1656470789421322 -65.0625 -70.0 2.5157284921324514 18 
0002 0009 1656470789423593 -29.25 -59.0 3.129320807286708 18 
0002 0000 1656470789424754 -22.75 -62.0 1.3867186322486196 18 
0002 0008 1656470789426427 0.0 -51.0 2.2212041808584084 18 
0002 0004 1656470789427632 -24.375 -61.5 3.472932503773092 18 
0002 0001 1656470789429003 -3.25 -68.0 4.71238898038469 18 
0002 0002 1656470789465774 1.1875 -76.0 5.534602682691394 18 
0002 0000 1656470789580529 -22.75 -65.5 4.2092432819582 18 
0002 0001 1656470789582316 97.625 -65.5 5.608233760509904 18 
0002 0006 1656470789583504 -6.5 -56.0 4.049709280018092 18 
0002 0004 1656470789584651 48.8125 -56.5 1.932815792735908 18 
0002 0008 1656470789586085 26.0 -51.0 1.086058397823034 18 
0002 0009 1656470789588702 -6.5 -48.5 0.944932165337555 18 
0002 0010 1656470789618626 -21.3125 -77.0 6.050020227420969 18 
0002 0012 1656470789636263 0.5625 -78.5 0.3129320807286708 18 
0002 0007 1656470789694817 3.6875 -75.0 1.184233168247715 18 
0002 0005 1656470789705888 0.125 -69.5 5.927301764390117 18 
0002 0008 1656470789717829 6.5 -51.0 3.1661363461959633 18 
0002 0001 1656470789719107 -104.125 -68.5 4.681709364626977 18 
0002 0000 1656470789719968 -13.0 -67.0 6.2034183062095325 18 
0002 0009 1656470789721158 -3.25 -54.0 5.289165756629691 18 
0002 0004 1656470789723343 45.5625 -65.0 1.88986433067511 18 
0002 0006 1656470789725482 22.75 -63.5 5.786175531904639 18 
0002 0005 1656470789727321 0.0 -63.5 2.804116880254952 18 
0002 0007 1656470789737558 -49.625 -73.0 5.9518454569962875 18 
0002 0003 1656470789753967 -4.25 -74.0 0.23316507975861744 18 
0002 0012 1656470789768089 -0.5625 -78.0 0.9081166264282996 18 
0002 0009 1656470789850625 -6.5 -51.0 2.693670263527186 18 
0002 0006 1656470789852668 45.5625 -63.0 2.313243028131547 18 
0002 0003 1656470789853591 -26.0 -68.0 3.2459033471660166 18 
0002 0008 1656470789855538 78.0625 -68.0 4.196971435655114 18 
0002 0005 1656470789858328 -19.5 -57.0 3.822680123411018 18 
0002 0001 1656470789875114 55.3125 -73.0 5.918097879662803 18 
0002 0007 1656470789920352 -1.5 -72.5 5.418020142812084 18 
0002 0001 1656470789978917 -175.75 -72.0 2.5709518004963345 18 
0002 0005 1656470789980943 39.0 -58.0 4.552854978444583 18 
0002 0003 1656470789982277 55.3125 -67.0 3.2704470397721868 18 
0002 0009 1656470789983212 -9.75 -49.5 4.28287435977671 18 
0002 0007 1656470789984602 0.0 -67.5 3.129320807286708 18 
0002 0006 1656470789985529 -29.25 -62.0 3.3318062712876126 18 
0002 0001 1656470790083104 13.0 -72.0 1.718058482431918 18 
0002 0006 1656470790085871 -81.375 -67.0 3.9944859716542096 18 
0002 0003 1656470790087078 35.75 -67.0 3.160000423044421 18 
0002 0009 1656470790089332 3.25 -49.5 4.95168998329485 18 
0002 0007 1656470790090314 -22.75 -62.5 3.6324665057131984 18 
0002 0005 1656470790091958 -26.0 -57.0 4.853515212870168 18 
0002 0010 1656470790134175 4.875 -76.0 0.14112623248547898 18 
0002 0003 1656470790210107 149.6875 -66.0 3.215223731408304 18 
0002 0007 1656470790212778 -19.5 -60.0 3.8840393549264434 18 
0002 0009 1656470790214877 -9.75 -49.0 5.166447293598839 18 
0002 0005 1656470790215825 6.5 -55.5 4.779884135051658 18 
0002 0006 1656470790217204 55.3125 -68.0 4.448544284868359 18 
0002 0001 1656470790218506 -22.75 -72.0 1.607611865704152 18 
0002 0010 1656470790232673 -28.0625 -76.0 0.7915340865489908 18 
0002 0009 1656470790319152 -6.5 -49.0 5.436427912266712 18 
0002 0005 1656470790322213 -22.75 -55.0 4.945554060143307 18 
0002 0007 1656470790323803 -45.5625 -59.0 4.190835512503572 18 
0002 0003 1656470790325660 -71.5625 -66.0 3.423845118560751 18 
0002 0006 1656470790326670 -78.0625 -67.5 5.062136600022616 18 
0002 0001 1656470790329962 87.875 -70.0 1.5585244804918115 18 
0002 0010 1656470790344681 15.8125 -75.0 1.012427320004523 18 
0002 0003 1656470790431655 -45.5625 -66.0 3.442252888015379 18 
0002 0007 1656470790433713 -26.0 -60.0 4.3503695144436785 18 
0002 0009 1656470790435274 -32.5 -49.0 5.626641529964532 18 
0002 0006 1656470790437120 -162.75 -69.0 5.47937937432751 18 
0002 0005 1656470790438123 6.5 -55.5 5.00077736850719 18 
0002 0001 1656470790441648 81.375 -72.0 1.662835174068035 18 
0002 0010 1656470790469226 6.6875 -75.5 1.1044661672776617 18 
0002 0006 1656470790546636 52.0625 -68.5 5.227806525114265 18 
0002 0003 1656470790548396 -26.0 -65.5 3.479068426924634 18 
0002 0005 1656470790549613 -22.75 -55.5 5.086680292628786 18 
0002 0009 1656470790551058 -6.5 -49.0 5.749359992995383 18 
0002 0001 1656470790552010 -123.6875 -71.0 2.067806102069844 18 
0002 0007 1656470790553233 13.0 -60.0 4.289010282928253 18 
0002 0010 1656470790576473 13.375 -75.5 1.282407938672396 18 
0002 0006 1656470790664352 -19.5 -68.0 5.50392306693368 18 
0002 0003 1656470790666638 -61.8125 -65.0 3.5342917352885173 18 
0002 0009 1656470790667930 -13.0 -49.0 5.829126993965437 18 
0002 0005 1656470790668864 13.0 -55.5 4.945554060143307 18 
0002 0007 1656470790670031 26.0 -60.5 4.264466590322082 18 
0002 0001 1656470790682349 37.375 -73.5 5.390408488630143 18 
0002 0010 1656470790702025 -5.4375 -75.0 4.558990901596125 18 
