0002 0001 1656470908785656 10.9375 -75.0 0.8958447801252144 18 
0002 0003 1656470908815054 -2.4375 -76.5 5.841398840268521 18 
0002 0014 1656470908819266 7.625 -76.5 0.0674951546669682 18 
0002 0002 1656470908849925 -6.125 -75.0 5.154175447295755 18 
0002 0008 1656470908876078 68.3125 -61.5 5.964117303299373 18 
0002 0009 1656470908879211 -3.25 -62.0 1.214912784005428 18 
0002 0001 1656470908881588 0.0 -74.0 3.9085830475326135 18 
0002 0004 1656470908882665 -24.375 -70.5 5.313709449235861 18 
0002 0006 1656470908883870 16.25 -61.0 3.706097583531709 18 
0002 0003 1656470908912768 14.625 -76.0 5.706408530934585 18 
0002 0014 1656470908918853 -23.75 -76.0 0.15339807878856412 18 
0002 0002 1656470908972423 -5.1875 -75.0 5.037592907416445 18 
0002 0008 1656470909009100 0.0 -61.5 6.117515382087937 18 
0002 0006 1656470909010747 13.0 -61.0 3.693825737228624 18 
0002 0004 1656470909013641 -128.5625 -70.5 5.418020142812084 18 
0002 0009 1656470909014576 45.5625 -62.0 1.1719613219446299 18 
0002 0001 1656470909048623 15.4375 -74.5 0.8713010875190442 18 
0002 0014 1656470909065191 21.3125 -76.0 6.22182607566416 18 
0002 0003 1656470909067587 -6.0625 -76.0 5.7616318392984684 18 
0002 0002 1656470909133544 0.25 -74.5 5.0682725231741586 18 
0002 0006 1656470909154026 9.75 -60.5 3.693825737228624 18 
0002 0009 1656470909156211 -9.75 -62.0 1.2885438618239387 18 
0002 0008 1656470909158276 0.0 -61.5 6.074563920027139 18 
0002 0004 1656470909167506 156.1875 -71.0 4.957825906446392 18 
0002 0014 1656470909191624 -7.3125 -76.5 0.05522330836388308 18 
0002 0001 1656470909201862 21.9375 -74.5 0.7669903939428205 18 
0002 0003 1656470909207034 -23.75 -76.0 5.798447378207723 18 
0002 0002 1656470909258612 -5.3125 -75.0 4.963961829597935 18 
0002 0006 1656470909290067 26.0 -60.5 3.706097583531709 18 
0002 0008 1656470909291405 -65.0625 -62.0 6.154330920997192 18 
0002 0009 1656470909293019 26.0 -61.5 1.1658253987930873 18 
0002 0004 1656470909294219 17.0625 -71.0 5.031456984264903 18 
0002 0003 1656470909314479 -34.125 -76.5 5.816855147662351 18 
0002 0014 1656470909320862 -20.75 -76.5 0.22089323345553233 18 
0002 0001 1656470909325981 19.5 -74.0 0.7363107781851077 18 
0002 0002 1656470909369175 1.25 -75.0 4.884194828627882 18 
0002 0009 1656470909408227 -3.25 -61.0 1.2210487071569704 18 
0002 0004 1656470909411022 244.125 -70.5 5.123495831538041 18 
0002 0008 1656470909412212 19.5 -62.5 5.994796919057086 18 
0002 0006 1656470909414523 0.0 -60.5 3.7429131224409646 18 
0002 0003 1656470909455779 25.625 -76.0 5.583690067903734 18 
0002 0001 1656470909458256 8.5 -74.5 0.7792622402459057 18 
0002 0014 1656470909465732 8.5 -76.0 0.030679615757712823 18 
0002 0002 1656470909524083 -5.1875 -75.0 5.178719139901925 18 
0002 0004 1656470909548876 -3.25 -70.0 5.141903600992669 18 
0002 0009 1656470909549802 52.0625 -61.5 1.1596894756415448 18 
0002 0008 1656470909552950 -26.0 -63.0 5.982525072754001 18 
0002 0006 1656470909555071 6.5 -60.5 3.718369429834794 18 
0002 0001 1656470909586992 15.25 -74.5 0.7179030087304801 18 
0002 0014 1656470909598145 -16.4375 -77.0 0.2086213871524472 18 
0002 0003 1656470909601118 -12.8125 -75.5 5.878214379177777 18 
0002 0002 1656470909669159 0.9375 -75.0 5.092816215780329 18 
0002 0009 1656470909687360 52.0625 -61.0 1.1903690913992575 18 
0002 0006 1656470909689141 13.0 -60.5 3.724505352986337 18 
0002 0001 1656470909691105 -42.3125 -73.5 4.123340357836604 18 
0002 0008 1656470909693329 -35.75 -64.0 5.982525072754001 18 
0002 0004 1656470909696668 -7.3125 -70.5 5.301437602932776 18 
0002 0003 1656470909723193 1.8125 -75.5 2.779573187648782 18 
0002 0014 1656470909727297 -4.875 -76.5 6.270913460876501 18 
0002 0002 1656470909766743 -8.3125 -75.0 5.1725832167503825 18 
0002 0008 1656470909811605 -19.5 -64.0 5.957981380147831 18 
0002 0009 1656470909812785 55.3125 -61.0 1.2517283229146832 18 
0002 0004 1656470909816340 24.375 -69.5 5.270757987175063 18 
0002 0006 1656470909817503 19.5 -60.5 3.7429131224409646 18 
0002 0001 1656470909825442 97.625 -72.0 4.000621894805752 18 
0002 0003 1656470909846766 -13.375 -75.5 6.043884304269426 18 
0002 0014 1656470909853510 2.4375 -76.0 0.01227184630308513 18 
0002 0004 1656470909981556 -125.3125 -71.5 5.6143696836614465 18 
0002 0009 1656470909985327 -22.75 -62.0 1.533980787885641 18 
0002 0008 1656470909986282 -55.3125 -62.5 0.14726215563702155 18 
0002 0006 1656470909987272 -16.25 -61.5 3.8840393549264434 18 
0002 0001 1656470909991204 -3.25 -71.0 4.479223900626073 18 
0002 0014 1656470910016396 26.1875 -77.0 6.277049384028044 18 
0002 0001 1656470910101832 -87.875 -70.5 5.375068680751287 18 
0002 0006 1656470910103674 -42.3125 -61.5 4.76147636559703 18 
0002 0008 1656470910106358 16.25 -63.0 0.3374757733348411 18 
0002 0009 1656470910107618 9.75 -64.0 1.055378782065321 18 
0002 0014 1656470910145581 32.9375 -76.0 6.129787228391022 18 
0002 0004 1656470910172851 8.8125 -77.0 1.6014759425526093 18 
0002 0008 1656470910226171 29.25 -61.5 1.0492428589137786 18 
0002 0006 1656470910229535 16.25 -62.5 6.2463697682703305 18 
0002 0009 1656470910230530 55.3125 -65.0 1.1719613219446299 18 
0002 0001 1656470910231976 305.9375 -70.5 1.7855536370988863 18 
0002 0004 1656470910287737 -5.4375 -74.5 3.472932503773092 18 
0002 0014 1656470910295681 -20.125 -77.5 6.031612457966341 18 
0002 0008 1656470910371511 35.75 -64.0 1.6812429435226628 18 
0002 0006 1656470910373808 9.75 -62.0 1.5830681730979816 18 
0002 0009 1656470910375031 45.5625 -64.0 2.816388726558037 18 
0002 0001 1656470910394498 -41.5 -72.5 4.2123112435339705 18 
0002 0002 1656470910416724 20.75 -76.0 4.601942363656923 18 
0002 0014 1656470910449149 3.625 -78.5 6.086835766330224 18 
0002 0001 1656470910509484 -208.3125 -70.0 4.9394181369917645 18 
0002 0006 1656470910510787 -6.5 -64.5 2.466641106920111 18 
0002 0009 1656470910512095 -3.25 -69.0 4.963961829597935 18 
0002 0000 1656470910563859 10.0625 -78.0 5.387340527054372 18 
0002 0008 1656470910584610 -20.4375 -79.0 1.4296700943094176 18 
0002 0001 1656470910635562 143.1875 -71.0 2.761165418194154 18 
0002 0000 1656470910636624 -3.25 -63.5 1.8775924843720249 18 
0002 0006 1656470910639368 -39.0 -64.0 3.485204350076177 18 
0002 0008 1656470910640293 78.0625 -63.0 0.8958447801252144 18 
0002 0004 1656470910649828 21.125 -73.0 1.7241944055834606 18 
0002 0015 1656470910687247 -1.5 -79.5 5.583690067903734 18 
0002 0008 1656470910746453 -3.25 -57.5 4.04357335686655 18 
0002 0000 1656470910747943 -9.75 -61.5 3.8717675086233583 18 
0002 0004 1656470910752303 -69.125 -67.5 5.092816215780329 18 
0002 0006 1656470910754303 -16.25 -70.5 4.651029748869264 18 
0002 0001 1656470910766471 81.375 -71.0 0.9326603190344698 18 
0002 0002 1656470910782056 -42.3125 -73.0 0.11965050145508001 18 
0002 0015 1656470910787302 10.5625 -73.5 0.1227184630308513 18 
0002 0000 1656470910875377 -6.5 -66.5 1.055378782065321 18 
0002 0001 1656470910876301 32.5 -68.5 2.4605051837685683 18 
0002 0008 1656470910880404 26.0 -54.0 1.509437095279471 18 
0002 0009 1656470910881936 -104.125 -66.5 3.6263305825616556 18 
0002 0004 1656470910883389 -3.25 -59.5 2.736621725587984 18 
0002 0006 1656470910915797 6.6875 -69.5 4.957825906446392 18 
0002 0002 1656470910920164 6.0625 -74.0 5.0253210611133605 18 
0002 0015 1656470910923778 -4.5625 -75.5 0.1043106935762236 18 
0002 0007 1656470910999405 -84.625 -68.5 0.34974761963792617 18 
0002 0004 1656470911002407 17.0625 -60.0 0.6442719309119693 18 
0002 0009 1656470911003399 -9.75 -52.5 5.939573610693203 18 
0002 0001 1656470911004875 -45.5625 -68.0 4.552854978444583 18 
0002 0008 1656470911005840 16.25 -52.0 5.086680292628786 18 
0002 0000 1656470911006803 9.75 -62.5 2.718213956133356 18 
0002 0006 1656470911008308 9.75 -56.5 3.724505352986337 18 
0002 0002 1656470911013852 -244.125 -70.5 0.3988350048502667 18 
0002 0010 1656470911041348 72.0 -77.0 5.283029833478148 18 
0002 0015 1656470911046666 16.3125 -77.5 5.890486225480862 18 
0002 0008 1656470911121736 -6.5 -48.5 1.8775924843720249 18 
0002 0004 1656470911122966 27.625 -62.0 1.368310862793992 18 
0002 0009 1656470911123928 -6.5 -52.0 3.32567034813607 18 
0002 0006 1656470911126184 -22.75 -59.5 3.9760782021995817 18 
0002 0000 1656470911127631 -87.875 -68.5 0.30066023442558565 18 
0002 0001 1656470911130396 52.0625 -69.5 3.718369429834794 18 
0002 0007 1656470911131733 65.0625 -63.0 1.859184714917397 18 
0002 0012 1656470911177966 7.875 -77.5 0.19634954084936207 18 
0002 0013 1656470911243637 -5.6875 -77.0 1.5033011721279284 18 
0002 0007 1656470911250197 -16.25 -65.5 4.565126824747668 18 
0002 0005 1656470911251371 -3.25 -58.5 2.791845033951867 18 
0002 0008 1656470911256756 -19.5 -56.5 3.761320891895592 18 
0002 0006 1656470911257976 -16.25 -63.0 6.258641614573416 18 
0002 0009 1656470911259673 13.0 -54.0 1.2026409377023426 18 
0002 0001 1656470911271491 -26.0 -71.5 3.368621810196868 18 
0002 0000 1656470911295840 7.875 -76.5 6.14819499784565 18 
0002 0013 1656470911298132 -31.125 -77.0 1.5033011721279284 18 
0002 0012 1656470911305809 17.0625 -74.5 0.6749515466696822 18 
0002 0009 1656470911383211 -3.25 -53.0 3.7981364308048478 18 
0002 0007 1656470911384182 -87.875 -67.5 1.4358060174609601 18 
0002 0003 1656470911385332 -159.5 -69.5 2.1966604882522383 18 
0002 0005 1656470911387358 19.5 -57.5 3.3072625786814425 18 
0002 0006 1656470911388777 32.5 -61.5 2.6384469551633027 18 
0002 0001 1656470911391928 -312.4375 -73.0 2.9697868053466014 18 
0002 0012 1656470911394038 52.0625 -72.0 0.8344855486097889 18 
0002 0013 1656470911420190 3.0 -75.5 1.2701360923693108 18 
0002 0008 1656470911452628 3.625 -77.0 1.6751070203711202 18 
0002 0009 1656470911503419 -3.25 -52.0 4.884194828627882 18 
0002 0007 1656470911504334 45.5625 -64.0 2.736621725587984 18 
0002 0006 1656470911506672 13.0 -60.5 3.8717675086233583 18 
0002 0003 1656470911507625 87.875 -68.0 2.4850488763747385 18 
0002 0005 1656470911508614 16.25 -56.5 3.785864584501762 18 
0002 0013 1656470911511104 130.1875 -72.0 0.9817477042468103 18 
0002 0008 1656470911516323 -130.1875 -67.5 5.786175531904639 18 
0002 0001 1656470911518573 -247.375 -72.0 2.6568547246179306 18 
0002 0012 1656470911542485 -5.4375 -76.0 0.7179030087304801 18 
0002 0009 1656470911619016 29.25 -51.5 5.638913376267617 18 
0002 0007 1656470911621332 -29.25 -62.0 3.6263305825616556 18 
0002 0001 1656470911622309 156.1875 -72.5 2.399145952253143 18 
0002 0008 1656470911623742 55.3125 -68.0 5.810719224510809 18 
0002 0005 1656470911624957 6.5 -55.5 4.356505437595221 18 
0002 0003 1656470911625910 -22.75 -68.5 2.988194574801229 18 
0002 0006 1656470911627300 -42.3125 -63.5 4.792155981354743 18 
0002 0010 1656470911657328 16.4375 -75.5 0.662679700366597 18 
0002 0013 1656470911659651 7.3125 -75.5 4.681709364626977 18 
