0009 0006 1666422914555286 143.1875 -69.0 6.129787228391022 4 
0009 0008 1666422914558624 52.0625 -70.0 0.2454369260617026 4 
0009 0002 1666422914656750 -117.125 -69.5 3.773592738198677 4 
0009 0008 1666422914657673 -43.125 -69.0 0.32520392703175593 4 
0009 0006 1666422914659507 61.0 -69.5 0.0 4 
0009 0007 1666422914661131 -39.0 -62.5 4.767612288748572 4 
0009 0013 1666422914662526 165.1875 -70.5 2.061670178918302 4 
0009 0015 1666422914664358 -8.9375 -66.5 3.2090878082567613 4 
0009 0011 1666422914665257 65.0625 -57.5 4.804427827657828 4 
0009 0004 1666422914666438 56.125 -61.5 5.841398840268521 4 
0009 0005 1666422914668593 -82.1875 -68.0 5.767767762450011 4 
0009 0014 1666422914669463 -48.0 -59.0 2.3930100291016 4 
0009 0013 1666422914771105 74.0 -70.0 2.086213871524472 4 
0009 0006 1666422914772755 -56.125 -68.5 6.154330920997192 4 
0009 0004 1666422914773908 -69.125 -61.0 5.93343768754166 4 
0009 0014 1666422914775089 -21.9375 -59.0 2.423689644859313 4 
0009 0002 1666422914777788 -17.0625 -68.5 3.7981364308048478 4 
0009 0005 1666422914780323 52.0625 -68.0 5.589825991055276 4 
0009 0007 1666422914781236 -30.0625 -63.0 4.7307967498393175 4 
0009 0011 1666422914782359 17.0625 -57.5 4.865787059173254 4 
0009 0015 1666422914783499 -48.0 -67.5 3.313398501832985 4 
0009 0008 1666422914784781 -134.25 -70.5 0.5522330836388308 4 
0009 0007 1666422914883607 -26.0 -62.0 4.681709364626977 4 
0009 0008 1666422914885640 -61.0 -70.0 0.42337869745643697 4 
0009 0005 1666422914887633 -43.125 -68.0 5.6573211457222445 4 
0009 0004 1666422914888588 -56.125 -61.0 5.970253226450915 4 
0009 0014 1666422914889736 4.0625 -59.0 2.36846633649543 4 
0009 0006 1666422914890892 -221.3125 -69.0 0.2086213871524472 4 
0009 0011 1666422914891787 -26.0 -57.5 4.933282213840222 4 
0009 0013 1666422914893071 217.25 -69.5 2.1353012567368124 4 
0009 0002 1666422914895771 -34.9375 -69.5 3.767456815047135 4 
0009 0015 1666422914896698 -91.125 -66.0 3.3195344249845276 4 
0009 0004 1666422914994280 -95.1875 -61.0 6.037748381117884 4 
0009 0014 1666422914995148 17.0625 -59.0 2.3316507975861747 4 
0009 0005 1666422914996885 -43.125 -67.0 5.6941366846315 4 
0009 0011 1666422914999952 0.0 -57.5 4.878058905476339 4 
0009 0006 1666422915000887 173.3125 -70.0 6.17273869045182 4 
0009 0013 1666422915001768 -39.0 -70.0 2.2580197197676637 4 
0009 0008 1666422915002664 39.0 -69.5 0.23316507975861744 4 
0009 0007 1666422915003577 -17.0625 -62.5 4.706253057233147 4 
0009 0002 1666422915004502 -39.0 -70.5 3.693825737228624 4 
0009 0015 1666422915005513 -4.0625 -67.0 3.074097498922825 4 
0009 0005 1666422915105241 8.9375 -66.5 5.5284667595398505 4 
0009 0011 1666422915106983 -30.0625 -57.5 4.896466674930966 4 
0009 0014 1666422915108352 -69.125 -59.0 2.454369260617026 4 
0009 0007 1666422915109762 65.0625 -63.0 4.620350133111551 4 
0009 0004 1666422915111143 -95.1875 -61.0 6.025476534814799 4 
0009 0015 1666422915112017 117.125 -66.5 3.0372819600135696 4 
0009 0006 1666422915112957 -30.0625 -69.0 0.030679615757712823 4 
0009 0013 1666422915115684 95.1875 -70.0 2.1966604882522383 4 
0009 0008 1666422915118719 26.0 -68.5 0.21475731030398976 4 
0009 0002 1666422915119608 0.0 -68.0 3.6447383520162835 4 
0009 0006 1666422915217077 56.125 -69.0 6.129787228391022 4 
0009 0004 1666422915218471 -65.0625 -61.5 5.957981380147831 4 
0009 0014 1666422915221581 30.0625 -59.0 2.282563412373834 4 
0009 0007 1666422915222734 -100.0625 -63.5 4.743068596142402 4 
0009 0015 1666422915223661 -26.0 -65.5 3.1231848841351653 4 
0009 0008 1666422915224600 65.0625 -69.5 0.32520392703175593 4 
0009 0005 1666422915225514 65.0625 -68.0 5.45483568172134 4 
0009 0011 1666422915226427 -43.125 -58.0 4.902602598082509 4 
0009 0002 1666422915227945 4.0625 -69.5 3.693825737228624 4 
0009 0013 1666422915229043 117.125 -70.0 2.1659808724945253 4 
0009 0007 1666422915328726 -65.0625 -62.5 4.73693267299086 4 
0009 0004 1666422915329636 8.9375 -61.5 5.878214379177777 4 
0009 0014 1666422915330508 -30.0625 -58.5 2.380738182798515 4 
0009 0011 1666422915332610 30.0625 -57.5 4.841243366567084 4 
0009 0006 1666422915333794 -104.125 -69.5 0.006135923151542565 4 
0009 0002 1666422915334703 -26.0 -68.0 3.736777199289422 4 
0009 0015 1666422915337569 0.0 -66.0 3.2090878082567613 4 
0009 0005 1666422915338881 -56.125 -68.0 5.602097837358362 4 
0009 0008 1666422915339777 -30.0625 -71.0 0.19634954084936207 4 
0009 0013 1666422915340829 -8.9375 -70.0 2.3316507975861747 4 
0009 0002 1666422915438202 -290.5 -68.5 3.8717675086233583 4 
0009 0013 1666422915440200 -48.0 -70.0 2.2518837966161214 4 
0009 0011 1666422915442219 -39.0 -57.5 4.914874444385594 4 
0009 0005 1666422915443159 -95.1875 -67.5 5.608233760509904 4 
0009 0014 1666422915444284 -30.0625 -58.5 2.3746022596469727 4 
0009 0007 1666422915445463 13.0 -62.5 4.620350133111551 4 
0009 0004 1666422915446346 13.0 -61.5 5.872078456026235 4 
0009 0015 1666422915447312 0.0 -67.0 3.043417883165112 4 
0009 0006 1666422915448201 -113.0625 -68.5 0.0859029241215959 4 
0009 0008 1666422915450919 -43.125 -69.5 0.2638446955163303 4 
0009 0007 1666422915547723 -30.0625 -62.5 4.743068596142402 4 
0009 0004 1666422915548890 -26.0 -61.0 5.884350302329319 4 
0009 0005 1666422915549762 -65.0625 -67.5 5.6573211457222445 4 
0009 0002 1666422915552968 -39.0 -68.0 3.761320891895592 4 
0009 0014 1666422915554392 26.0 -58.5 2.3439226438892597 4 
0009 0008 1666422915555301 43.125 -69.0 0.3313398501832985 4 
0009 0011 1666422915556961 17.0625 -57.5 4.859651136021712 4 
0009 0013 1666422915558838 139.125 -70.0 2.2027964114037806 4 
0009 0006 1666422915560118 13.0 -69.0 6.17273869045182 4 
0009 0015 1666422915561019 48.0 -66.5 3.172272269347506 4 
0009 0014 1666422915661351 -8.9375 -59.0 2.356194490192345 4 
0009 0006 1666422915663601 199.375 -69.5 5.970253226450915 4 
0009 0008 1666422915664538 26.0 -70.0 0.3313398501832985 4 
0009 0015 1666422915665663 -30.0625 -66.5 3.2029518851052186 4 
0009 0007 1666422915666591 82.1875 -63.0 4.6448938257177215 4 
0009 0011 1666422915667502 -21.9375 -57.5 4.92714629068868 4 
0009 0002 1666422915668441 78.0625 -69.5 3.522019888985432 4 
0009 0005 1666422915669354 113.0625 -67.0 5.442563835418255 4 
0009 0004 1666422915670733 56.125 -61.0 5.8475347634200645 4 
0009 0013 1666422915673589 69.125 -70.0 2.2027964114037806 4 
0009 0008 1666422915772374 251.4375 -70.0 0.11658253987930872 4 
0009 0005 1666422915773270 -165.1875 -67.0 5.755495916146925 4 
0009 0007 1666422915775259 -17.0625 -62.5 4.71238898038469 4 
0009 0002 1666422915777009 61.0 -68.5 3.6017868899554855 4 
0009 0011 1666422915778148 34.9375 -58.0 4.859651136021712 4 
0009 0014 1666422915779059 -8.9375 -59.0 2.350058567040802 4 
0009 0004 1666422915779929 -34.9375 -61.0 5.976389149602458 4 
0009 0006 1666422915780856 -43.125 -69.0 6.252505691421874 4 
0009 0015 1666422915782410 -108.1875 -67.5 3.3318062712876126 4 
0009 0013 1666422915783744 69.125 -70.0 2.3071071049800045 4 
0009 0013 1666422915883051 17.0625 -71.5 2.282563412373834 4 
0009 0004 1666422915883965 48.0 -61.5 5.8045833013592665 4 
0009 0005 1666422915885119 -126.125 -67.5 5.810719224510809 4 
0009 0002 1666422915886054 0.0 -68.5 3.6999616603801666 4 
0009 0014 1666422915890527 -21.9375 -58.5 2.405281875404685 4 
0009 0007 1666422915891584 -30.0625 -62.5 4.6878452877785195 4 
0009 0011 1666422915892720 -4.0625 -57.5 4.878058905476339 4 
0009 0008 1666422915893618 -126.125 -69.5 0.3190680038802134 4 
0009 0015 1666422915894630 65.0625 -66.5 3.1231848841351653 4 
0009 0006 1666422915895571 -69.125 -68.5 0.01227184630308513 4 
0009 0007 1666422915995245 -13.0 -62.5 4.675573441475434 4 
0009 0015 1666422915996188 34.9375 -66.0 3.160000423044421 4 
0009 0005 1666422915997101 -74.0 -67.5 5.5714182216006485 4 
0009 0011 1666422915998009 -8.9375 -57.0 4.890330751779424 4 
0009 0004 1666422915999176 -21.9375 -61.0 5.902758071783947 4 
0009 0014 1666422916000120 -30.0625 -58.5 2.3623304133438876 4 
0009 0002 1666422916001032 -30.0625 -69.0 3.7429131224409646 4 
0009 0006 1666422916006492 4.0625 -69.5 6.234097921967246 4 
0009 0008 1666422916007419 -69.125 -70.0 0.3988350048502667 4 
0009 0013 1666422916008431 -69.125 -69.0 2.0800779483729293 4 
0009 0006 1666422916105464 -69.125 -69.5 0.05522330836388308 4 
0009 0007 1666422916106588 61.0 -62.0 4.675573441475434 4 
0009 0004 1666422916107516 -34.9375 -61.0 5.9088939949354895 4 
0009 0015 1666422916110502 143.1875 -67.0 3.098641191528995 4 
0009 0014 1666422916111641 -26.0 -59.0 2.3930100291016 4 
0009 0008 1666422916112993 61.0 -69.0 0.3129320807286708 4 
0009 0011 1666422916114143 -4.0625 -57.5 4.914874444385594 4 
0009 0005 1666422916116063 26.0 -67.0 5.632777453116074 4 
0009 0013 1666422916117215 -43.125 -70.0 2.227340104009951 4 
0009 0002 1666422916118497 -87.0625 -69.0 3.730641276137879 4 
0009 0007 1666422916217884 0.0 -63.0 4.693981210930062 4 
0009 0008 1666422916219283 290.5 -72.0 0.01227184630308513 4 
0009 0002 1666422916221283 61.0 -69.5 3.5588354278946874 4 
0009 0013 1666422916222807 -95.1875 -69.5 2.4175537217077703 4 
0009 0014 1666422916223911 0.0 -59.0 2.325514874434632 4 
0009 0011 1666422916224786 -26.0 -57.5 4.908738521234052 4 
0009 0005 1666422916225713 147.25 -67.5 5.534602682691394 4 
0009 0004 1666422916226879 134.25 -61.0 5.700272607783043 4 
0009 0015 1666422916228148 -69.125 -66.0 3.3440781175906977 4 
0009 0006 1666422916229046 -100.0625 -69.0 0.09817477042468103 4 
0009 0014 1666422916329497 -21.9375 -59.0 2.36846633649543 4 
0009 0015 1666422916330395 8.9375 -67.0 3.129320807286708 4 
0009 0005 1666422916331520 8.9375 -67.5 5.608233760509904 4 
0009 0002 1666422916332405 -108.1875 -69.5 3.6999616603801666 4 
0009 0004 1666422916333583 -8.9375 -60.5 5.945709533844745 4 
0009 0011 1666422916334498 -34.9375 -57.5 4.853515212870168 4 
0009 0007 1666422916335638 -74.0 -63.0 4.779884135051658 4 
0009 0013 1666422916340773 212.375 -69.5 2.0800779483729293 4 
0009 0008 1666422916344138 69.125 -69.5 0.3313398501832985 4 
0009 0006 1666422916345007 69.125 -69.0 6.270913460876501 4 
0009 0002 1666422916442328 139.125 -70.5 3.522019888985432 4 
0009 0013 1666422916443224 30.0625 -68.0 2.110757564130642 4 
0009 0008 1666422916444645 -182.25 -69.0 0.705631162427395 4 
0009 0004 1666422916446235 -13.0 -60.0 6.2034183062095325 4 
0009 0015 1666422916447217 0.0 -66.5 3.1906800388021335 4 
0009 0005 1666422916455921 -95.1875 -67.5 5.786175531904639 4 
0009 0007 1666422916457671 17.0625 -62.5 4.620350133111551 4 
0009 0011 1666422916460413 -30.0625 -57.0 4.921010367537137 4 
0009 0006 1666422916461922 52.0625 -68.5 6.178874613603362 4 
0009 0014 1666422916462804 -13.0 -59.0 2.386874105950058 4 
0009 0005 1666422916562451 -238.4375 -68.5 6.025476534814799 4 
0009 0002 1666422916563304 156.1875 -68.5 3.6324665057131984 4 
0009 0011 1666422916564215 -34.9375 -57.0 4.865787059173254 4 
0009 0014 1666422916565382 -43.125 -59.0 2.386874105950058 4 
0009 0004 1666422916567327 -8.9375 -59.0 0.030679615757712823 4 
0009 0008 1666422916568240 191.1875 -69.5 0.6504078540635119 4 
0009 0007 1666422916569139 -4.0625 -62.0 4.399456899656019 4 
0009 0006 1666422916572407 156.1875 -69.5 5.884350302329319 4 
0009 0013 1666422916573334 -108.1875 -66.5 2.1782527187976104 4 
0009 0015 1666422916574405 -52.0625 -65.0 3.141592653589793 4 
0009 0005 1666422916670918 -104.125 -70.5 6.12365130523948 4 
0009 0011 1666422916673417 13.0 -57.5 4.442408361716817 4 
0009 0015 1666422916674333 65.0625 -65.0 2.804116880254952 4 
0009 0008 1666422916675243 -56.125 -67.5 1.1228739367322893 4 
0009 0007 1666422916676667 13.0 -64.5 3.9822141253511245 4 
0009 0014 1666422916678062 -69.125 -58.5 2.3623304133438876 4 
0009 0002 1666422916678944 -113.0625 -70.5 4.663301595172349 4 
0009 0013 1666422916679869 -30.0625 -65.5 2.018718716857504 4 
0009 0004 1666422916681049 21.9375 -58.5 0.14112623248547898 4 
0009 0006 1666422916682233 -165.1875 -68.5 5.982525072754001 4 
0009 0012 1666422916790167 -3.5625 -75.5 0.9203884727313847 4 
0009 0011 1666422916797652 -39.0 -61.5 3.2888548092268146 4 
0009 0006 1666422916800536 -69.125 -70.5 5.325981295538946 4 
0009 0002 1666422916801671 -130.1875 -75.0 0.030679615757712823 4 
0009 0007 1666422916802805 0.0 -65.0 2.5586799541932495 4 
0009 0004 1666422916804626 -39.0 -59.0 0.18407769454627693 4 
0009 0014 1666422916805553 -39.0 -58.5 2.2580197197676637 4 
0009 0013 1666422916806855 -8.9375 -63.0 1.6444274046134073 4 
0009 0008 1666422916809775 -104.125 -65.5 1.9573594853420782 4 
0009 0015 1666422916810802 -74.0 -65.0 2.7120780329818137 4 
0009 0012 1666422916844706 -1.625 -75.0 0.6810874698212247 4 
0009 0013 1666422916912668 4.0625 -61.0 1.325359400733194 4 
0009 0014 1666422916914375 4.0625 -58.5 2.1475731030398975 4 
0009 0008 1666422916915285 -4.0625 -64.5 2.650718801466388 4 
0009 0007 1666422916917706 -4.0625 -62.5 0.9265243958829272 4 
0009 0004 1666422916918917 17.0625 -61.5 6.007068765360171 4 
0009 0015 1666422916920793 -34.9375 -64.5 2.411417798556228 4 
0009 0010 1666422916923107 139.125 -69.0 5.5714182216006485 4 
0009 0002 1666422916925067 559.875 -72.0 1.521708941582556 4 
0009 0011 1666422916931131 -39.0 -70.5 6.270913460876501 4 
0009 0006 1666422916932088 104.125 -71.5 3.792000507653305 4 
0009 0010 1666422917032150 -61.0 -63.0 3.663146121470911 4 
0009 0004 1666422917033956 78.0625 -65.5 4.908738521234052 4 
0009 0013 1666422917034866 13.0 -60.5 0.5645049299419159 4 
0009 0014 1666422917036218 -17.0625 -57.0 2.0064468705544187 4 
0009 0005 1666422917037387 104.125 -68.0 0.1043106935762236 4 
0009 0015 1666422917038342 61.0 -63.5 2.2518837966161214 4 
0009 0011 1666422917039239 8.9375 -72.0 3.141592653589793 4 
0009 0007 1666422917040157 -91.125 -61.5 5.491651220630596 4 
0009 0008 1666422917041367 17.0625 -65.5 0.44178646691106466 4 
0009 0002 1666422917069800 4.0625 -77.0 5.21553467881118 4 
0009 0008 1666422917147702 95.1875 -63.0 5.344389064993574 4 
0009 0010 1666422917149739 -52.0625 -62.5 2.061670178918302 4 
0009 0015 1666422917150934 52.0625 -64.5 2.564815877344792 4 
0009 0007 1666422917151860 -13.0 -63.5 4.6878452877785195 4 
0009 0014 1666422917153042 -43.125 -56.0 1.9634954084936207 4 
0009 0002 1666422917154196 -325.5 -73.0 2.7857091108003242 4 
0009 0004 1666422917155221 -56.125 -64.0 3.9576704327449543 4 
0009 0013 1666422917156102 48.0 -62.5 5.252350217720435 4 
0009 0012 1666422917157654 87.0625 -70.5 4.804427827657828 4 
0009 0011 1666422917158567 -69.125 -68.5 1.5892040962495242 4 
0009 0005 1666422917255673 -2.4375 -69.0 0.20248546400090464 4 
0009 0012 1666422917263785 78.0625 -68.0 4.104932588381976 4 
0009 0015 1666422917265408 134.25 -66.0 2.4605051837685683 4 
0009 0004 1666422917266627 -69.125 -64.0 3.141592653589793 4 
0009 0005 1666422917267524 13.0 -67.5 0.11658253987930872 4 
0009 0011 1666422917268410 191.1875 -68.5 6.19728238305799 4 
0009 0000 1666422917269342 199.375 -68.0 6.227961998815704 4 
0009 0007 1666422917270496 56.125 -66.5 4.399456899656019 4 
0009 0013 1666422917271604 -100.0625 -63.5 4.9823695990525625 4 
0009 0010 1666422917272528 -8.9375 -63.5 1.0369710126106935 4 
0009 0014 1666422917273483 -8.9375 -56.0 1.932815792735908 4 
0009 0008 1666422917275617 17.0625 -69.5 3.031146036862027 4 
0009 0011 1666422917374518 -61.0 -68.5 5.884350302329319 4 
0009 0005 1666422917375376 -108.1875 -64.0 5.976389149602458 4 
0009 0004 1666422917377621 -165.1875 -62.0 2.5341362615870793 4 
0009 0015 1666422917378903 21.9375 -66.5 2.5341362615870793 4 
0009 0010 1666422917379799 -13.0 -67.0 0.6994952392758523 4 
0009 0007 1666422917380731 -221.3125 -67.5 5.184855063053467 4 
0009 0012 1666422917381614 43.125 -67.0 3.6386024288647407 4 
0009 0013 1666422917382512 -143.1875 -64.5 4.73693267299086 4 
0009 0014 1666422917383634 -8.9375 -56.0 1.8714565612204823 4 
0009 0011 1666422917482121 199.375 -69.0 4.97623367590102 4 
0009 0005 1666422917483515 91.125 -64.0 5.209398755659637 4 
0009 0004 1666422917484663 0.0 -60.0 1.9512235621905356 4 
0009 0014 1666422917487165 13.0 -55.5 1.859184714917397 4 
0009 0015 1666422917488335 169.25 -67.5 2.184388641949153 4 
0009 0007 1666422917489970 -21.9375 -68.5 5.252350217720435 4 
0009 0012 1666422917491921 13.0 -67.5 3.552699504743145 4 
0009 0013 1666422917492875 17.0625 -67.0 4.503767593232243 4 
0009 0015 1666422917592978 -204.25 -66.5 2.5464081078901644 4 
0009 0005 1666422917594955 -43.125 -64.5 5.1725832167503825 4 
0009 0012 1666422917596107 -8.9375 -70.0 3.472932503773092 4 
0009 0004 1666422917597969 -8.9375 -59.0 1.7732817907958012 4 
0009 0011 1666422917599367 -134.25 -69.5 4.828971520263998 4 
0009 0007 1666422917600253 -82.1875 -69.5 5.393476450205914 4 
0009 0014 1666422917601362 -13.0 -56.0 1.9144080232812801 4 
0009 0013 1666422917602474 -78.0625 -68.0 4.485359823777615 4 
0009 0005 1666422917703091 -69.125 -65.5 5.264622064023521 4 
0009 0012 1666422917705342 178.1875 -69.0 3.08636934522591 4 
0009 0013 1666422917706353 -134.25 -67.0 4.558990901596125 4 
0009 0015 1666422917708397 -4.0625 -68.0 2.399145952253143 4 
0009 0007 1666422917709610 -238.4375 -69.0 5.632777453116074 4 
0009 0004 1666422917710635 -34.9375 -59.0 1.736466251886546 4 
0009 0014 1666422917711560 -8.9375 -56.0 1.8653206380689396 4 
0009 0011 1666422917712631 -87.0625 -71.0 4.890330751779424 4 
0009 0012 1666422917810415 269.3125 -70.0 3.1231848841351653 4 
0009 0004 1666422917811424 -21.9375 -59.5 1.748738098189631 4 
0009 0013 1666422917812324 165.1875 -66.5 4.1601558967458585 4 
0009 0005 1666422917813460 -69.125 -65.0 5.325981295538946 4 
0009 0015 1666422917814627 4.0625 -68.0 2.313243028131547 4 
0009 0014 1666422917815498 -34.9375 -56.0 1.9082721001297376 4 
0009 0007 1666422917816401 130.1875 -68.0 5.148039524144211 4 
0009 0011 1666422917821021 -26.0 -70.5 4.945554060143307 4 
0009 0012 1666422917919521 156.1875 -70.0 3.227495577711389 4 
0009 0011 1666422917921484 91.125 -70.0 4.853515212870168 4 
0009 0014 1666422917922992 -17.0625 -56.0 1.9082721001297376 4 
0009 0004 1666422917923906 30.0625 -59.5 1.6935147898257479 4 
0009 0005 1666422917925565 -4.0625 -64.5 5.332117218690489 4 
0009 0013 1666422917928223 104.125 -67.0 4.289010282928253 4 
0009 0015 1666422917929235 -78.0625 -67.0 2.448233337465483 4 
0009 0007 1666422917930614 13.0 -67.5 5.160311370447297 4 
0009 0014 1666422918029889 -21.9375 -56.0 1.9082721001297376 4 
0009 0004 1666422918031028 39.0 -59.0 1.7303303287350031 4 
0009 0007 1666422918032468 -100.0625 -68.0 5.301437602932776 4 
0009 0015 1666422918033353 39.0 -67.5 2.2396119503130363 4 
0009 0011 1666422918034250 17.0625 -71.0 4.9394181369917645 4 
0009 0012 1666422918035138 74.0 -68.5 3.448388811166921 4 
0009 0005 1666422918036307 43.125 -64.0 5.295301679781233 4 
0009 0013 1666422918037656 -26.0 -67.0 4.473087977474529 4 
0009 0014 1666422918138160 26.0 -56.0 1.8530487917658545 4 
0009 0005 1666422918139697 -43.125 -64.0 5.497787143782138 4 
0009 0004 1666422918141074 -4.0625 -59.5 1.7794177139473437 4 
0009 0007 1666422918142816 -204.25 -68.0 5.325981295538946 4 
0009 0013 1666422918144207 17.0625 -68.0 4.466952054322987 4 
0009 0015 1666422918145109 126.125 -68.0 2.2457478734645786 4 
0009 0011 1666422918146490 104.125 -70.0 4.908738521234052 4 
0009 0012 1666422918148082 -26.0 -67.5 3.472932503773092 4 
0009 0012 1666422918245908 -91.125 -68.0 3.4913402732277192 4 
0009 0014 1666422918248877 26.0 -56.0 1.846912868614312 4 
0009 0015 1666422918250387 26.0 -67.5 2.405281875404685 4 
0009 0013 1666422918251284 -30.0625 -66.0 4.399456899656019 4 
0009 0007 1666422918252962 -74.0 -67.5 5.252350217720435 4 
0009 0011 1666422918254004 69.125 -70.0 5.154175447295755 4 
0009 0005 1666422918254918 -238.4375 -63.5 5.755495916146925 4 
0009 0004 1666422918256069 -26.0 -59.0 1.7794177139473437 4 
0009 0005 1666422918365552 8.9375 -63.5 5.749359992995383 4 
0009 0011 1666422918367627 -117.125 -69.5 4.970097752749477 4 
0009 0014 1666422918369020 13.0 -56.0 1.8407769454627694 4 
0009 0004 1666422918369962 56.125 -59.5 1.6566992509164924 4 
0009 0015 1666422918371118 -26.0 -67.5 2.3746022596469727 4 
0009 0007 1666422918372994 21.9375 -68.0 4.804427827657828 4 
0009 0012 1666422918375042 8.9375 -69.0 3.4913402732277192 4 
0009 0013 1666422918376553 -39.0 -68.0 4.601942363656923 4 
0009 0005 1666422918474418 -30.0625 -63.0 5.816855147662351 4 
0009 0012 1666422918475304 39.0 -68.0 3.3624858870453256 4 
0009 0013 1666422918478725 -69.125 -66.5 4.626486056263094 4 
0009 0014 1666422918480530 -13.0 -56.0 1.88986433067511 4 
0009 0011 1666422918481473 -199.375 -69.5 4.963961829597935 4 
0009 0004 1666422918482410 -13.0 -59.5 1.7548740213411735 4 
0009 0007 1666422918483340 -152.125 -67.5 5.056000676871073 4 
0009 0015 1666422918484238 -13.0 -67.5 2.270291566070749 4 
0009 0013 1666422918581866 52.0625 -66.0 4.473087977474529 4 
0009 0011 1666422918582749 39.0 -69.5 4.81056375080937 4 
0009 0014 1666422918584172 -26.0 -56.0 1.88986433067511 4 
0009 0005 1666422918585098 -34.9375 -63.5 5.71868037723767 4 
0009 0012 1666422918586510 78.0625 -68.5 3.2888548092268146 4 
0009 0015 1666422918588345 56.125 -67.0 2.2089323345553233 4 
0009 0007 1666422918589201 65.0625 -68.0 4.859651136021712 4 
0009 0004 1666422918590382 48.0 -59.0 1.748738098189631 4 
0009 0004 1666422918697195 48.0 -59.0 1.7978254834019713 4 
0009 0014 1666422918699340 0.0 -56.0 1.8837284075235674 4 
0009 0015 1666422918700749 8.9375 -67.5 2.3009711818284617 4 
0009 0005 1666422918701786 0.0 -63.0 5.822991070813893 4 
0009 0011 1666422918703609 -113.0625 -69.5 4.988505522204105 4 
0009 0013 1666422918706084 26.0 -67.0 4.663301595172349 4 
0009 0007 1666422918706955 -65.0625 -68.0 5.013049214810275 4 
0009 0012 1666422918707939 56.125 -68.5 3.3379421944391554 4 
0009 0005 1666422918807260 -26.0 -63.5 5.829126993965437 4 
0009 0004 1666422918808298 4.0625 -59.0 1.8837284075235674 4 
0009 0011 1666422918809256 48.0 -68.5 4.663301595172349 4 
0009 0013 1666422918810395 -61.0 -67.0 4.632621979414636 4 
0009 0014 1666422918811307 -26.0 -56.0 1.902136176978195 4 
0009 0007 1666422918812236 143.1875 -68.0 4.700117134081604 4 
0009 0012 1666422918814683 -34.9375 -69.0 3.448388811166921 4 
0009 0015 1666422918815598 108.1875 -67.0 2.325514874434632 4 
0009 0005 1666422918913952 0.0 -64.0 5.822991070813893 4 
0009 0012 1666422918915368 -82.1875 -68.5 3.522019888985432 4 
0009 0014 1666422918917371 -8.9375 -56.0 1.9144080232812801 4 
0009 0004 1666422918918258 13.0 -59.5 1.8530487917658545 4 
0009 0011 1666422918921737 -264.4375 -69.0 5.117359908386499 4 
0009 0007 1666422918923019 -165.1875 -68.0 5.019185137961818 4 
0009 0013 1666422918923975 -277.4375 -67.5 4.755340442445488 4 
0009 0015 1666422918924931 -34.9375 -67.5 2.405281875404685 4 
0009 0014 1666422919023506 -34.9375 -56.0 1.9205439464328227 4 
0009 0011 1666422919024748 204.25 -70.0 4.706253057233147 4 
0009 0007 1666422919026182 -4.0625 -68.0 4.822835597112456 4 
0009 0015 1666422919027099 -113.0625 -67.5 2.448233337465483 4 
0009 0004 1666422919027996 -56.125 -59.0 1.8960002538266525 4 
0009 0005 1666422919030125 -56.125 -64.0 5.890486225480862 4 
0009 0013 1666422919031348 -74.0 -67.0 4.601942363656923 4 
0009 0012 1666422919033379 26.0 -69.0 3.442252888015379 4 
0009 0007 1666422919134017 -30.0625 -68.5 4.859651136021712 4 
0009 0005 1666422919134913 -30.0625 -64.0 5.816855147662351 4 
0009 0004 1666422919136307 -52.0625 -59.0 1.9696313316451632 4 
0009 0011 1666422919137477 -230.25 -70.5 5.0253210611133605 4 
0009 0012 1666422919138346 -100.0625 -68.5 3.442252888015379 4 
0009 0014 1666422919139411 -13.0 -56.0 1.8837284075235674 4 
0009 0013 1666422919140595 -251.4375 -68.0 4.773748211900116 4 
0009 0015 1666422919142125 0.0 -67.5 2.3746022596469727 4 
0009 0012 1666422919242590 -43.125 -69.0 3.472932503773092 4 
0009 0013 1666422919243698 -8.9375 -67.0 4.460816131171445 4 
0009 0015 1666422919244584 21.9375 -67.5 2.3316507975861747 4 
0009 0014 1666422919245524 -4.0625 -56.0 1.8837284075235674 4 
0009 0004 1666422919246694 61.0 -59.0 1.7303303287350031 4 
0009 0005 1666422919247819 -26.0 -63.5 5.93343768754166 4 
0009 0011 1666422919249697 -195.25 -69.0 5.0682725231741586 4 
0009 0007 1666422919250851 61.0 -67.5 4.6878452877785195 4 
0009 0004 1666422919350274 -8.9375 -59.0 1.8346410223112268 4 
0009 0013 1666422919353018 147.25 -67.5 4.2092432819582 4 
0009 0012 1666422919354784 13.0 -69.5 3.436116964863836 4 
0009 0011 1666422919356026 -43.125 -70.0 4.988505522204105 4 
0009 0005 1666422919356940 -195.25 -63.0 6.0991076126333095 4 
0009 0014 1666422919357837 34.9375 -56.0 1.8346410223112268 4 
0009 0007 1666422919362425 -95.1875 -67.0 4.933282213840222 4 
0009 0015 1666422919363339 48.0 -67.5 2.356194490192345 4 
0009 0014 1666422919462123 34.9375 -56.0 1.846912868614312 4 
0009 0007 1666422919463036 -48.0 -67.0 4.822835597112456 4 
0009 0004 1666422919464190 26.0 -59.0 1.7303303287350031 4 
0009 0015 1666422919465105 143.1875 -67.0 2.1046216409791 4 
0009 0013 1666422919466029 108.1875 -67.5 4.442408361716817 4 
0009 0012 1666422919468646 282.375 -67.0 3.055689729468197 4 
0009 0005 1666422919469556 39.0 -63.0 5.8045833013592665 4 
0009 0011 1666422919471363 -43.125 -69.5 4.890330751779424 4 
0009 0013 1666422919569559 -69.125 -68.0 4.583534594202296 4 
0009 0014 1666422919570498 8.9375 -56.0 1.8653206380689396 4 
0009 0005 1666422919571413 -126.125 -64.0 5.9088939949354895 4 
0009 0007 1666422919575962 -39.0 -67.0 4.865787059173254 4 
0009 0004 1666422919576874 -39.0 -59.5 1.8346410223112268 4 
0009 0015 1666422919577999 74.0 -67.0 2.2580197197676637 4 
0009 0011 1666422919578911 -74.0 -70.0 4.921010367537137 4 
0009 0012 1666422919579857 52.0625 -69.5 3.2827188860752723 4 
