0009 0013 1666423408756105 0.0 -63.5 4.049709280018092 5 
0009 0008 1666423408757290 -13.0 -59.5 3.1661363461959633 5 
0009 0014 1666423408758415 4.0625 -61.5 3.0127382674073995 5 
0009 0015 1666423408760066 61.0 -66.0 2.6016314162540475 5 
0009 0005 1666423408761959 -65.0625 -59.5 1.6873788666742053 5 
0009 0009 1666423408764913 43.125 -60.5 4.344233591292136 5 
0009 0010 1666423408767132 52.0625 -62.5 2.0923497946760143 5 
0009 0000 1666423408769011 82.1875 -64.0 1.0676506283684062 5 
0009 0011 1666423408769908 -43.125 -63.5 1.9512235621905356 5 
0009 0007 1666423408821388 6.5 -75.0 1.6935147898257479 5 
0009 0005 1666423408876628 52.0625 -59.5 1.5707963267948966 5 
0009 0015 1666423408877769 -104.125 -65.0 2.791845033951867 5 
0009 0014 1666423408879760 -13.0 -61.5 3.031146036862027 5 
0009 0008 1666423408882068 -61.0 -60.0 3.215223731408304 5 
0009 0010 1666423408882980 78.0625 -63.0 1.9941750242513334 5 
0009 0009 1666423408884105 -65.0625 -61.0 4.424000592262189 5 
0009 0013 1666423408885270 -48.0 -64.5 4.0987966652304335 5 
0009 0011 1666423408886183 39.0 -63.5 1.846912868614312 5 
0009 0000 1666423408887211 30.0625 -63.5 1.1228739367322893 5 
0009 0007 1666423408908538 -14.625 -75.5 1.9082721001297376 5 
0009 0005 1666423408990122 74.0 -60.0 1.576932249946439 5 
0009 0010 1666423408991033 -26.0 -63.0 2.2089323345553233 5 
0009 0009 1666423408991946 4.0625 -61.5 4.387185053352934 5 
0009 0013 1666423408994114 -95.1875 -64.0 4.135612204139688 5 
0009 0011 1666423408996005 34.9375 -63.0 1.859184714917397 5 
0009 0000 1666423408996950 -65.0625 -63.5 1.239456476611598 5 
0009 0008 1666423408998569 -52.0625 -59.5 3.215223731408304 5 
0009 0015 1666423409002603 39.0 -65.0 2.6200391857086753 5 
0009 0014 1666423409006137 -26.0 -61.5 3.0127382674073995 5 
0009 0007 1666423409029733 1.625 -75.0 1.7241944055834606 5 
0009 0009 1666423409107200 -13.0 -61.0 4.430136515413731 5 
0009 0008 1666423409108694 -43.125 -59.5 3.1968159619536762 5 
0009 0011 1666423409110342 -30.0625 -63.0 1.9880391010997909 5 
0009 0010 1666423409111436 -147.25 -63.5 2.399145952253143 5 
0009 0015 1666423409112362 -21.9375 -65.5 2.6875343403756435 5 
0009 0000 1666423409114491 17.0625 -63.5 1.1106020904292042 5 
0009 0014 1666423409115901 -34.9375 -61.5 3.018874190558942 5 
0009 0005 1666423409116798 48.0 -59.5 1.6014759425526093 5 
0009 0013 1666423409118787 17.0625 -64.0 4.074252972624263 5 
0009 0007 1666423409173970 1.9375 -74.5 4.896466674930966 5 
0009 0011 1666423409235367 -39.0 -63.5 1.932815792735908 5 
0009 0014 1666423409236676 -13.0 -61.5 3.0127382674073995 5 
0009 0010 1666423409238668 -139.125 -63.5 2.3439226438892597 5 
0009 0008 1666423409239877 -82.1875 -59.5 3.2643111166206444 5 
0009 0000 1666423409240776 95.1875 -63.5 1.1167380135807468 5 
0009 0013 1666423409241659 -26.0 -64.0 3.834951969714103 5 
0009 0009 1666423409242811 -8.9375 -61.0 4.424000592262189 5 
0009 0015 1666423409244068 30.0625 -65.5 2.6323110320117604 5 
0009 0005 1666423409245192 -21.9375 -59.5 1.7241944055834606 5 
0009 0007 1666423409283649 4.875 -75.0 4.994641445355648 5 
0009 0005 1666423409354060 4.0625 -59.5 1.6566992509164924 5 
0009 0008 1666423409356023 4.0625 -59.5 3.08636934522591 5 
0009 0013 1666423409357844 -30.0625 -64.5 3.847223816017188 5 
0009 0014 1666423409358786 -104.125 -61.5 3.098641191528995 5 
0009 0000 1666423409359713 26.0 -63.5 1.184233168247715 5 
0009 0010 1666423409362181 130.1875 -63.5 1.9819031779482483 5 
0009 0009 1666423409363066 26.0 -61.0 4.344233591292136 5 
0009 0015 1666423409364956 -78.0625 -65.0 2.7857091108003242 5 
0009 0011 1666423409366718 -178.1875 -63.5 2.1659808724945253 5 
0009 0007 1666423409421810 -0.75 -75.0 4.957825906446392 5 
0009 0015 1666423409479057 8.9375 -65.0 2.705942109830271 5 
0009 0011 1666423409480579 -82.1875 -63.5 2.0064468705544187 5 
0009 0008 1666423409481490 -48.0 -59.5 3.147728576741336 5 
0009 0005 1666423409482401 21.9375 -59.0 1.6321555583103222 5 
0009 0009 1666423409483539 -21.9375 -60.5 4.454680208019902 5 
0009 0014 1666423409484838 -26.0 -61.5 3.0802334220743677 5 
0009 0010 1666423409485720 -39.0 -63.0 2.1966604882522383 5 
0009 0013 1666423409487324 -43.125 -64.0 3.8288160465625602 5 
0009 0000 1666423409488179 8.9375 -63.5 1.2210487071569704 5 
0009 0007 1666423409534578 4.0625 -75.5 4.963961829597935 5 
0009 0000 1666423409598044 69.125 -64.0 1.1780972450961724 5 
0009 0005 1666423409599834 -48.0 -59.5 1.761009944492716 5 
0009 0013 1666423409602037 -87.0625 -64.5 3.9576704327449543 5 
0009 0011 1666423409602906 -56.125 -63.0 2.0493983326152168 5 
0009 0010 1666423409603816 56.125 -62.5 2.055534255766759 5 
0009 0008 1666423409605222 -52.0625 -59.5 3.0925052683774528 5 
0009 0009 1666423409606264 -21.9375 -60.5 4.374913207049849 5 
0009 0014 1666423409608015 -4.0625 -62.0 2.9820586516496865 5 
0009 0015 1666423409608944 -13.0 -64.5 2.724349879284899 5 
0009 0007 1666423409652513 -9.25 -74.5 4.921010367537137 5 
0009 0014 1666423409714584 4.0625 -62.0 3.0066023442558567 5 
0009 0015 1666423409716551 -156.1875 -64.5 2.8286605728611223 5 
0009 0005 1666423409717687 -8.9375 -59.0 1.6382914814618648 5 
0009 0009 1666423409718828 4.0625 -60.0 4.368777283898306 5 
0009 0011 1666423409720220 30.0625 -63.5 1.8714565612204823 5 
0009 0000 1666423409721390 -65.0625 -64.0 1.2578642460662257 5 
0009 0008 1666423409722342 -30.0625 -59.5 3.074097498922825 5 
0009 0010 1666423409724645 87.0625 -63.0 2.000310947402876 5 
0009 0013 1666423409727118 -52.0625 -64.0 3.8717675086233583 5 
0009 0007 1666423409777128 12.1875 -74.5 4.896466674930966 5 
0009 0014 1666423409836059 8.9375 -61.5 3.0066023442558567 5 
0009 0008 1666423409837082 0.0 -59.5 3.0802334220743677 5 
0009 0011 1666423409838170 195.25 -64.0 1.761009944492716 5 
0009 0005 1666423409839050 -17.0625 -59.5 1.6566992509164924 5 
0009 0015 1666423409840206 39.0 -65.0 2.6261751088602177 5 
0009 0009 1666423409842801 -4.0625 -60.5 4.325825821837508 5 
0009 0010 1666423409843956 -21.9375 -62.5 2.2027964114037806 5 
0009 0013 1666423409846683 -21.9375 -63.5 3.792000507653305 5 
0009 0000 1666423409847952 13.0 -64.0 1.2087768608538851 5 
0009 0007 1666423409866362 -26.0625 -75.0 1.8653206380689396 5 
0009 0015 1666423409948893 21.9375 -65.0 2.6261751088602177 5 
0009 0005 1666423409950373 4.0625 -59.5 1.607611865704152 5 
0009 0008 1666423409951273 -56.125 -60.0 3.043417883165112 5 
0009 0000 1666423409954252 56.125 -64.0 1.2087768608538851 5 
0009 0013 1666423409955134 13.0 -63.0 3.706097583531709 5 
0009 0014 1666423409956769 65.0625 -62.0 2.9820586516496865 5 
0009 0011 1666423409959225 -212.375 -63.5 2.141437179888355 5 
0009 0010 1666423409960825 -17.0625 -62.5 2.055534255766759 5 
0009 0009 1666423409963131 -30.0625 -61.0 4.3503695144436785 5 
0009 0007 1666423409977534 26.8125 -75.0 4.841243366567084 5 
0009 0005 1666423410077125 4.0625 -59.5 1.5830681730979816 5 
0009 0015 1666423410078652 -52.0625 -65.0 2.7120780329818137 5 
0009 0010 1666423410079575 -4.0625 -62.0 2.061670178918302 5 
0009 0008 1666423410080502 4.0625 -59.5 3.0127382674073995 5 
0009 0009 1666423410082591 -34.9375 -60.5 4.368777283898306 5 
0009 0014 1666423410084452 -39.0 -61.5 3.067961575771282 5 
0009 0013 1666423410085364 -39.0 -64.0 3.816544200259475 5 
0009 0011 1666423410087594 4.0625 -63.5 1.8285050991596843 5 
0009 0000 1666423410088524 26.0 -63.5 1.2026409377023426 5 
0009 0007 1666423410117087 -2.4375 -75.0 1.7426021750380885 5 
0009 0005 1666423410191410 0.0 -59.5 1.6014759425526093 5 
0009 0011 1666423410192584 -108.1875 -63.5 1.9880391010997909 5 
0009 0013 1666423410194458 -91.125 -64.0 3.822680123411018 5 
0009 0009 1666423410195796 -26.0 -60.5 4.331961744989051 5 
0009 0015 1666423410196667 30.0625 -64.5 2.6261751088602177 5 
0009 0008 1666423410198287 48.0 -59.5 2.9391071895888885 5 
0009 0014 1666423410199214 13.0 -61.5 3.043417883165112 5 
0009 0010 1666423410200624 39.0 -62.0 2.030990563160589 5 
0009 0000 1666423410202529 39.0 -64.0 1.239456476611598 5 
0009 0007 1666423410227242 18.75 -75.0 1.6505633277649499 5 
0009 0008 1666423410307064 21.9375 -60.0 2.9820586516496865 5 
0009 0014 1666423410308192 69.125 -62.0 2.9513790358919736 5 
0009 0010 1666423410309074 39.0 -62.5 2.0371264863121317 5 
0009 0011 1666423410311135 61.0 -63.0 1.9144080232812801 5 
0009 0009 1666423410312779 0.0 -60.5 4.3074180523828804 5 
0009 0005 1666423410315781 65.0625 -59.5 1.5585244804918115 5 
0009 0015 1666423410319294 34.9375 -65.5 2.6998061866787286 5 
0009 0000 1666423410321139 48.0 -63.0 1.2087768608538851 5 
0009 0013 1666423410322662 26.0 -63.0 3.706097583531709 5 
0009 0007 1666423410349198 -0.75 -74.5 1.7916895602504288 5 
0009 0005 1666423410426266 -30.0625 -59.5 1.6689710972195777 5 
0009 0014 1666423410427194 26.0 -61.5 3.0250101137104846 5 
0009 0015 1666423410428817 87.0625 -64.5 2.5341362615870793 5 
0009 0000 1666423410431773 -30.0625 -63.5 1.3437671701878218 5 
0009 0010 1666423410432940 91.125 -62.0 2.012582793705961 5 
0009 0009 1666423410434675 -8.9375 -61.0 4.362641360746763 5 
0009 0013 1666423410435814 -21.9375 -64.0 3.80427235395639 5 
0009 0011 1666423410436939 61.0 -63.5 1.8346410223112268 5 
0009 0008 1666423410437834 13.0 -59.5 2.988194574801229 5 
0009 0007 1666423410465898 -4.0625 -74.5 1.859184714917397 5 
0009 0004 1666423410536322 2.5 -74.5 4.3074180523828804 5 
0009 0000 1666423410552860 -82.1875 -63.5 1.3867186322486196 5 
0009 0013 1666423410553772 48.0 -64.0 3.767456815047135 5 
0009 0014 1666423410555692 108.1875 -61.5 2.945243112740431 5 
0009 0008 1666423410559256 -30.0625 -59.5 3.031146036862027 5 
0009 0011 1666423410560396 91.125 -63.5 1.8346410223112268 5 
0009 0005 1666423410561322 -4.0625 -59.5 1.6751070203711202 5 
0009 0010 1666423410562235 56.125 -62.5 1.9696313316451632 5 
0009 0015 1666423410563193 -65.0625 -64.0 2.7550294950426117 5 
0009 0009 1666423410564076 13.0 -60.0 4.301282129231338 5 
0009 0007 1666423410586811 9.0 -74.5 1.6566992509164924 5 
0009 0004 1666423410685315 -1.5 -75.0 4.381049130201391 5 
0009 0000 1666423410706037 -30.0625 -64.0 1.3560390164909069 5 
0009 0013 1666423410709286 21.9375 -64.0 3.8288160465625602 5 
0009 0009 1666423410710343 -39.0 -61.0 4.411728745959104 5 
0009 0005 1666423410712710 21.9375 -59.5 1.6321555583103222 5 
0009 0010 1666423410713851 56.125 -62.5 2.055534255766759 5 
0009 0014 1666423410715869 87.0625 -62.0 2.9513790358919736 5 
0009 0008 1666423410716693 13.0 -59.5 2.9268353432858034 5 
0009 0011 1666423410718649 13.0 -63.5 1.9819031779482483 5 
0009 0015 1666423410719535 65.0625 -65.0 2.6139032625571326 5 
0009 0007 1666423410747974 -12.9375 -74.0 5.0682725231741586 5 
0009 0004 1666423410801448 -1.5 -75.5 4.448544284868359 5 
0009 0008 1666423410828627 -17.0625 -59.5 3.0372819600135696 5 
0009 0014 1666423410831168 91.125 -62.0 2.9513790358919736 5 
0009 0013 1666423410832874 -48.0 -64.0 3.8840393549264434 5 
0009 0000 1666423410834268 -8.9375 -64.0 1.3192234775816514 5 
0009 0005 1666423410836551 0.0 -59.5 1.6566992509164924 5 
0009 0009 1666423410838450 -30.0625 -60.5 4.424000592262189 5 
0009 0015 1666423410841419 117.125 -65.0 2.5832236467994196 5 
0009 0011 1666423410842441 -13.0 -63.5 1.9941750242513334 5 
0009 0010 1666423410843338 21.9375 -62.5 2.141437179888355 5 
0009 0007 1666423410870500 4.0625 -74.5 4.871922982324796 5 
0009 0004 1666423410930336 0.0 -75.0 4.466952054322987 5 
0009 0010 1666423410953030 -21.9375 -62.5 2.1046216409791 5 
0009 0011 1666423410953984 -8.9375 -63.5 1.945087639038993 5 
0009 0000 1666423410955411 52.0625 -64.0 1.282407938672396 5 
0009 0015 1666423410959717 91.125 -65.0 2.5464081078901644 5 
0009 0005 1666423410960854 8.9375 -59.0 1.6689710972195777 5 
0009 0008 1666423410961795 48.0 -59.5 2.9820586516496865 5 
0009 0014 1666423410962709 -113.0625 -61.5 3.1354567304382504 5 
0009 0009 1666423410964644 0.0 -61.0 4.344233591292136 5 
0009 0013 1666423410966935 -34.9375 -64.0 3.933126740138784 5 
0009 0007 1666423410991895 5.625 -74.5 1.9205439464328227 5 
0009 0004 1666423411063576 -2.3125 -75.0 1.5155730184310134 5 
0009 0000 1666423411082813 61.0 -64.0 1.282407938672396 5 
0009 0005 1666423411086571 -17.0625 -59.5 1.6996507129772904 5 
0009 0008 1666423411087810 13.0 -60.0 3.043417883165112 5 
0009 0010 1666423411088695 121.25 -63.0 1.9573594853420782 5 
0009 0009 1666423411090071 -8.9375 -60.5 4.430136515413731 5 
0009 0013 1666423411090943 26.0 -63.5 4.049709280018092 5 
0009 0014 1666423411091856 -52.0625 -61.5 3.0925052683774528 5 
0009 0011 1666423411093605 26.0 -64.0 1.9696313316451632 5 
0009 0015 1666423411094534 30.0625 -65.0 2.7120780329818137 5 
0009 0007 1666423411119638 -6.5 -74.5 1.9512235621905356 5 
0009 0004 1666423411348339 9.25 -75.0 1.214912784005428 5 
0009 0000 1666423411362770 34.9375 -64.0 1.3560390164909069 5 
0009 0009 1666423411365005 -4.0625 -60.5 4.399456899656019 5 
0009 0013 1666423411365920 -65.0625 -63.5 4.1417481272912315 5 
0009 0015 1666423411367286 117.125 -65.0 2.650718801466388 5 
0009 0011 1666423411368226 -78.0625 -64.0 2.024854640009046 5 
0009 0008 1666423411369149 -4.0625 -60.0 3.031146036862027 5 
0009 0010 1666423411370829 78.0625 -63.0 1.9634954084936207 5 
0009 0014 1666423411371979 48.0 -61.5 3.0066023442558567 5 
0009 0005 1666423411372919 -43.125 -59.5 1.7241944055834606 5 
0009 0007 1666423411397742 -9.0 -75.0 1.7241944055834606 5 
0009 0004 1666423411485660 -3.1875 -75.0 1.3928545554001621 5 
0009 0005 1666423411514160 -4.0625 -59.0 1.705786636128833 5 
0009 0010 1666423411515428 -8.9375 -63.0 2.172116795646068 5 
0009 0015 1666423411516557 74.0 -64.5 2.748893571891069 5 
0009 0014 1666423411520327 -34.9375 -61.5 3.067961575771282 5 
0009 0000 1666423411521228 -65.0625 -63.5 1.4358060174609601 5 
0009 0009 1666423411522324 -39.0 -60.5 4.509903516383785 5 
0009 0008 1666423411523220 -17.0625 -59.5 3.043417883165112 5 
0009 0011 1666423411524490 -34.9375 -64.0 2.030990563160589 5 
0009 0013 1666423411525867 -8.9375 -63.5 4.086524818927348 5 
0009 0007 1666423411552083 -14.625 -75.0 1.7241944055834606 5 
0009 0004 1666423411593445 -0.8125 -75.0 1.5462526341887264 5 
0009 0005 1666423411632387 -43.125 -59.5 1.7426021750380885 5 
0009 0014 1666423411633579 -17.0625 -61.5 3.074097498922825 5 
0009 0009 1666423411635799 -43.125 -61.0 4.4362724385652745 5 
0009 0015 1666423411636658 156.1875 -65.5 2.6323110320117604 5 
0009 0011 1666423411638737 0.0 -64.0 2.018718716857504 5 
0009 0000 1666423411640407 -65.0625 -63.5 1.4664856332186729 5 
0009 0008 1666423411641514 69.125 -59.5 3.0495538063166547 5 
0009 0010 1666423411642652 61.0 -62.5 2.067806102069844 5 
0009 0013 1666423411643833 -117.125 -63.5 4.276738436625168 5 
0009 0007 1666423411670980 12.1875 -75.0 4.95168998329485 5 
0009 0004 1666423411710310 -5.9375 -75.5 1.6137477888556946 5 
0009 0014 1666423411772131 -34.9375 -61.5 3.06182565261974 5 
0009 0008 1666423411774161 13.0 -59.5 3.06182565261974 5 
0009 0005 1666423411775060 17.0625 -59.0 1.7119225592803755 5 
0009 0010 1666423411778508 56.125 -63.0 2.086213871524472 5 
0009 0011 1666423411779418 4.0625 -63.5 1.9573594853420782 5 
0009 0000 1666423411780318 8.9375 -64.0 1.380582709097077 5 
0009 0009 1666423411781249 -26.0 -60.5 4.466952054322987 5 
0009 0015 1666423411782205 52.0625 -64.5 2.6384469551633027 5 
0009 0013 1666423411783086 -13.0 -64.0 4.166291819897402 5 
0009 0007 1666423411799847 -4.875 -75.0 4.97623367590102 5 
0009 0004 1666423411869864 2.125 -75.0 1.4480778637640452 5 
0009 0014 1666423411891840 -30.0625 -61.5 3.06182565261974 5 
0009 0008 1666423411893090 -13.0 -60.0 3.074097498922825 5 
0009 0005 1666423411894018 -30.0625 -59.0 1.718058482431918 5 
0009 0015 1666423411895203 -43.125 -65.0 2.7979809571034093 5 
0009 0009 1666423411896103 -69.125 -61.0 4.491495746929157 5 
0009 0013 1666423411897222 0.0 -64.0 4.111068511533518 5 
0009 0010 1666423411898365 30.0625 -62.5 2.116893487282185 5 
0009 0000 1666423411899293 -39.0 -64.0 1.4603497100671303 5 
0009 0011 1666423411900930 139.125 -64.0 1.8223691760081417 5 
0009 0007 1666423411939770 -0.4375 -75.0 4.884194828627882 5 
0009 0004 1666423411992857 5.3125 -75.5 4.552854978444583 5 
0009 0006 1666423412055081 -3.5625 -74.5 4.767612288748572 5 
0009 0015 1666423412062259 30.0625 -65.5 2.736621725587984 5 
0009 0013 1666423412064036 30.0625 -64.0 4.0128937411088375 5 
0009 0014 1666423412065599 13.0 -62.0 2.9759227284981438 5 
0009 0008 1666423412067008 34.9375 -60.5 3.043417883165112 5 
0009 0011 1666423412067921 -87.0625 -64.0 1.9941750242513334 5 
0009 0010 1666423412069046 121.25 -63.0 1.9573594853420782 5 
0009 0009 1666423412069930 -26.0 -61.0 4.387185053352934 5 
0009 0005 1666423412070885 -48.0 -59.5 1.7426021750380885 5 
0009 0000 1666423412073198 13.0 -64.5 1.3560390164909069 5 
0009 0007 1666423412121069 9.75 -75.5 4.853515212870168 5 
0009 0006 1666423412173167 -1.9375 -74.5 4.700117134081604 5 
0009 0004 1666423412181163 6.375 -75.5 4.424000592262189 5 
0009 0011 1666423412194342 95.1875 -64.0 1.8346410223112268 5 
0009 0008 1666423412196062 13.0 -60.0 3.067961575771282 5 
0009 0005 1666423412197244 26.0 -59.0 1.6873788666742053 5 
0009 0009 1666423412198393 0.0 -60.5 4.344233591292136 5 
0009 0015 1666423412199875 -17.0625 -64.5 2.724349879284899 5 
0009 0014 1666423412201483 56.125 -62.0 2.9513790358919736 5 
0009 0010 1666423412202366 39.0 -62.5 2.073942025221387 5 
0009 0000 1666423412203519 -4.0625 -64.5 1.337631247036279 5 
0009 0013 1666423412204403 -61.0 -63.5 4.135612204139688 5 
0009 0007 1666423412240828 0.4375 -75.0 1.7916895602504288 5 
0009 0006 1666423412284528 8.0 -74.0 4.528311285838413 5 
0009 0014 1666423412414933 30.0625 -61.5 3.0250101137104846 5 
0009 0015 1666423412416386 61.0 -65.0 2.7120780329818137 5 
0009 0011 1666423412417328 13.0 -64.5 1.9512235621905356 5 
0009 0013 1666423412419022 -30.0625 -64.0 4.172427743048944 5 
0009 0009 1666423412420631 -30.0625 -60.5 4.387185053352934 5 
0009 0010 1666423412421781 -4.0625 -63.0 2.1905245651006955 5 
0009 0008 1666423412422979 78.0625 -60.5 3.0066023442558567 5 
0009 0000 1666423412424290 48.0 -64.0 1.3928545554001621 5 
0009 0005 1666423412425785 34.9375 -59.0 1.6689710972195777 5 
0009 0007 1666423412503135 -3.625 -75.0 4.933282213840222 5 
0009 0006 1666423412535274 -0.1875 -74.5 4.76147636559703 5 
0009 0011 1666423412558170 21.9375 -64.0 1.88986433067511 5 
0009 0000 1666423412559820 52.0625 -64.0 1.3621749396424494 5 
0009 0015 1666423412560719 -56.125 -65.5 2.8409324191642074 5 
0009 0013 1666423412562136 0.0 -64.0 4.104932588381976 5 
0009 0014 1666423412563989 -34.9375 -61.5 3.0802334220743677 5 
0009 0010 1666423412567882 -61.0 -62.5 2.141437179888355 5 
0009 0005 1666423412568821 4.0625 -59.5 1.718058482431918 5 
0009 0009 1666423412570485 -13.0 -61.0 4.381049130201391 5 
0009 0008 1666423412571424 8.9375 -60.0 3.067961575771282 5 
0009 0007 1666423412613300 5.3125 -75.0 4.853515212870168 5 
0009 0004 1666423412669703 3.1875 -75.5 1.4542137869155878 5 
0009 0006 1666423412675776 4.875 -74.5 4.651029748869264 5 
0009 0008 1666423412692097 -61.0 -60.0 3.098641191528995 5 
0009 0011 1666423412693762 56.125 -64.0 1.8714565612204823 5 
0009 0005 1666423412694758 13.0 -59.0 1.662835174068035 5 
0009 0013 1666423412697057 -48.0 -63.5 4.074252972624263 5 
0009 0009 1666423412698495 -30.0625 -61.0 4.362641360746763 5 
0009 0010 1666423412699816 39.0 -62.5 2.0371264863121317 5 
0009 0014 1666423412700729 34.9375 -61.5 2.9697868053466014 5 
0009 0000 1666423412703865 -95.1875 -64.0 1.4542137869155878 5 
0009 0015 1666423412705169 108.1875 -65.0 2.6261751088602177 5 
0009 0007 1666423412754904 -20.75 -75.5 5.037592907416445 5 
0009 0004 1666423412779545 -5.4375 -75.5 4.706253057233147 5 
0009 0009 1666423412899527 -26.0 -61.0 4.381049130201391 5 
0009 0005 1666423412900425 43.125 -59.5 1.6505633277649499 5 
0009 0014 1666423412902582 21.9375 -61.5 3.0372819600135696 5 
0009 0013 1666423412903963 -104.125 -64.0 4.129476280988146 5 
0009 0008 1666423412906445 8.9375 -59.5 3.0250101137104846 5 
0009 0000 1666423412907618 17.0625 -64.5 1.3499030933393643 5 
0009 0015 1666423412909585 -65.0625 -65.0 2.84706834231575 5 
0009 0011 1666423412910777 -17.0625 -64.5 1.902136176978195 5 
0009 0010 1666423412912691 17.0625 -63.0 2.043262409463674 5 
0009 0007 1666423412932646 11.4375 -75.0 4.859651136021712 5 
0009 0004 1666423413003919 -5.0625 -75.0 4.565126824747668 5 
0009 0011 1666423413034805 65.0625 -64.0 1.8775924843720249 5 
0009 0014 1666423413036580 -34.9375 -61.0 3.0802334220743677 5 
0009 0009 1666423413037988 -21.9375 -61.5 4.3503695144436785 5 
0009 0013 1666423413039197 -21.9375 -63.5 4.031301510563465 5 
0009 0005 1666423413040352 39.0 -59.5 1.5953400194010667 5 
0009 0000 1666423413041395 108.1875 -64.5 1.2578642460662257 5 
0009 0008 1666423413042350 39.0 -60.5 3.0066023442558567 5 
0009 0010 1666423413043305 -52.0625 -63.0 2.1475731030398975 5 
0009 0015 1666423413044616 52.0625 -65.0 2.6691265709210157 5 
0009 0007 1666423413075773 -17.0625 -75.0 1.8837284075235674 5 
0009 0004 1666423413158602 -1.1875 -75.5 4.411728745959104 5 
0009 0015 1666423413209591 95.1875 -65.0 2.736621725587984 5 
0009 0005 1666423413211178 -4.0625 -58.5 1.6751070203711202 5 
0009 0009 1666423413212364 -52.0625 -61.0 4.442408361716817 5 
0009 0008 1666423413214059 0.0 -60.0 2.9820586516496865 5 
0009 0011 1666423413215303 -108.1875 -64.5 1.9512235621905356 5 
0009 0000 1666423413216473 30.0625 -64.5 1.337631247036279 5 
0009 0014 1666423413218072 0.0 -61.5 3.0495538063166547 5 
0009 0010 1666423413219697 -30.0625 -63.0 2.141437179888355 5 
0009 0013 1666423413221330 -8.9375 -63.5 3.9944859716542096 5 
0009 0007 1666423413251681 24.375 -74.5 4.865787059173254 5 
0009 0004 1666423413280730 16.3125 -75.0 4.190835512503572 5 
0009 0015 1666423413333958 -95.1875 -65.0 2.791845033951867 5 
0009 0008 1666423413336655 4.0625 -59.0 2.9820586516496865 5 
0009 0009 1666423413337684 -30.0625 -60.5 4.381049130201391 5 
0009 0005 1666423413338597 -48.0 -59.5 1.7303303287350031 5 
0009 0010 1666423413339567 230.25 -62.5 1.761009944492716 5 
0009 0013 1666423413340761 -61.0 -64.0 4.086524818927348 5 
0009 0014 1666423413341941 8.9375 -61.5 3.0127382674073995 5 
0009 0011 1666423413342855 43.125 -64.0 1.932815792735908 5 
0009 0000 1666423413344404 4.0625 -65.0 1.337631247036279 5 
0009 0007 1666423413368212 9.0 -75.0 1.6996507129772904 5 
0009 0004 1666423413371707 -14.625 -74.5 1.1351457830353744 5 
0009 0015 1666423413450989 -65.0625 -65.0 2.7120780329818137 5 
0009 0014 1666423413452142 -43.125 -62.5 3.055689729468197 5 
0009 0011 1666423413454644 34.9375 -63.5 1.8346410223112268 5 
0009 0008 1666423413457021 -13.0 -60.0 2.945243112740431 5 
0009 0005 1666423413458277 -26.0 -59.0 1.6812429435226628 5 
0009 0013 1666423413459726 -78.0625 -65.0 4.0558452031696355 5 
0009 0009 1666423413460752 -17.0625 -61.0 4.381049130201391 5 
0009 0000 1666423413461682 82.1875 -65.0 1.227184630308513 5 
0009 0010 1666423413462722 17.0625 -63.0 2.0371264863121317 5 
0009 0004 1666423413487538 11.4375 -75.0 4.221515128261284 5 
0009 0007 1666423413493623 -22.6875 -75.0 1.8407769454627694 5 
0009 0008 1666423413573475 34.9375 -59.5 2.84706834231575 5 
0009 0011 1666423413575519 48.0 -64.0 1.9144080232812801 5 
0009 0005 1666423413576457 -13.0 -59.0 1.6689710972195777 5 
0009 0000 1666423413577611 -95.1875 -66.0 1.4603497100671303 5 
0009 0013 1666423413578749 13.0 -64.0 3.9576704327449543 5 
0009 0014 1666423413580498 17.0625 -62.0 3.018874190558942 5 
0009 0009 1666423413581707 -21.9375 -61.0 4.381049130201391 5 
0009 0015 1666423413582696 186.3125 -65.5 2.448233337465483 5 
0009 0010 1666423413583620 -87.0625 -62.5 2.0493983326152168 5 
0009 0004 1666423413609244 30.9375 -74.0 0.8835729338221293 5 
0009 0007 1666423413611383 5.625 -75.0 1.6935147898257479 5 
