0009 0000 1666424005037420 -95.1875 -67.0 5.841398840268521 6 
0009 0000 1666424005136717 -156.1875 -68.5 5.957981380147831 6 
0009 0010 1666424005138237 -30.0625 -58.0 2.767301341345697 6 
0009 0013 1666424005140226 -17.0625 -59.5 4.632621979414636 6 
0009 0015 1666424005141780 -13.0 -61.0 2.718213956133356 6 
0009 0005 1666424005142935 -61.0 -65.0 5.970253226450915 6 
0009 0009 1666424005145307 -30.0625 -67.5 1.748738098189631 6 
0009 0006 1666424005156429 -96.4375 -74.5 4.985437560628334 6 
0009 0002 1666424005238300 -3.5625 -74.0 4.7307967498393175 6 
0009 0015 1666424005347646 34.9375 -61.5 2.6875343403756435 6 
0009 0009 1666424005349654 69.125 -67.5 1.5033011721279284 6 
0009 0000 1666424005350637 -21.9375 -69.0 5.792311455056181 6 
0009 0010 1666424005352896 39.0 -58.0 2.675262494072558 6 
0009 0005 1666424005354660 -21.9375 -66.5 5.921165841238575 6 
0009 0013 1666424005355574 -78.0625 -60.0 4.706253057233147 6 
0009 0006 1666424005394979 39.0625 -75.0 4.890330751779424 6 
0009 0002 1666424005457473 -1.125 -74.5 4.822835597112456 6 
0009 0015 1666424005490614 -4.0625 -61.5 2.6998061866787286 6 
0009 0010 1666424005491783 -39.0 -58.5 2.7857091108003242 6 
0009 0009 1666424005493532 -8.9375 -68.0 1.564660403643354 6 
0009 0005 1666424005496696 -17.0625 -66.0 5.939573610693203 6 
0009 0013 1666424005497921 17.0625 -59.0 4.577398671050753 6 
0009 0000 1666424005499941 13.0 -68.5 5.8045833013592665 6 
0009 0006 1666424005504309 91.125 -76.0 4.73693267299086 6 
0009 0002 1666424005571140 -8.4375 -74.5 4.8351074434155406 6 
0009 0013 1666424005607529 -13.0 -59.5 4.651029748869264 6 
0009 0010 1666424005609038 48.0 -58.0 2.6568547246179306 6 
0009 0015 1666424005610761 -56.125 -61.5 2.773437264497239 6 
0009 0000 1666424005612186 -182.25 -68.5 5.9518454569962875 6 
0009 0009 1666424005613565 -30.0625 -67.5 1.6873788666742053 6 
0009 0005 1666424005614493 -130.1875 -65.5 5.988660995905543 6 
0009 0006 1666424005644294 4.875 -76.0 1.6137477888556946 6 
0009 0002 1666424005708145 1.25 -75.0 4.583534594202296 6 
0009 0013 1666424005727558 0.0 -60.0 4.583534594202296 6 
0009 0010 1666424005729325 -39.0 -58.0 2.7550294950426117 6 
0009 0000 1666424005731090 8.9375 -68.5 5.565282298449106 6 
0009 0005 1666424005731993 -217.25 -65.5 6.086835766330224 6 
0009 0015 1666424005733638 -4.0625 -61.5 2.705942109830271 6 
0009 0009 1666424005736055 26.0 -67.5 1.5953400194010667 6 
0009 0006 1666424005767523 0.75 -76.5 1.6382914814618648 6 
0009 0002 1666424005822546 -10.4375 -75.0 4.8351074434155406 6 
0009 0004 1666424005839201 2.6875 -75.5 4.608078286808466 6 
0009 0005 1666424005853831 65.0625 -66.0 5.8045833013592665 6 
0009 0015 1666424005854958 -34.9375 -61.5 2.7979809571034093 6 
0009 0013 1666424005859147 -8.9375 -59.0 4.583534594202296 6 
0009 0010 1666424005860044 -82.1875 -58.0 2.8102528034064944 6 
0009 0009 1666424005861157 -91.125 -68.5 1.8100973297050567 6 
0009 0000 1666424005862317 -117.125 -68.5 5.798447378207723 6 
0009 0006 1666424005887900 -4.0625 -76.5 1.6566992509164924 6 
0009 0002 1666424005958529 3.1875 -75.0 4.534447208989955 6 
0009 0004 1666424005985707 2.125 -75.5 4.675573441475434 6 
0009 0004 1666424006007476 1.5 -75.5 4.773748211900116 6 
0009 0013 1666424006015622 -48.0 -59.5 4.657165672020807 6 
0009 0010 1666424006017608 0.0 -58.5 2.6813984172241008 6 
0009 0015 1666424006019037 -21.9375 -61.0 2.730485802436441 6 
0009 0005 1666424006020513 -156.1875 -65.5 6.074563920027139 6 
0009 0000 1666424006021806 0.0 -68.5 5.706408530934585 6 
0009 0009 1666424006023025 -165.1875 -68.5 1.7671458676442586 6 
0009 0006 1666424006055550 9.0 -76.0 1.5707963267948966 6 
0009 0004 1666424006133505 0.0 -75.0 4.755340442445488 6 
0009 0002 1666424006139663 0.8125 -74.5 1.4910293258248433 6 
0009 0015 1666424006147926 100.0625 -61.5 2.5832236467994196 6 
0009 0013 1666424006148808 -26.0 -59.5 4.663301595172349 6 
0009 0005 1666424006150814 26.0 -65.5 5.8045833013592665 6 
0009 0010 1666424006151990 4.0625 -58.0 2.6998061866787286 6 
0009 0000 1666424006153174 195.25 -68.5 5.565282298449106 6 
0009 0009 1666424006154369 -8.9375 -67.5 1.6689710972195777 6 
0009 0006 1666424006183311 0.0 -76.5 1.6689710972195777 6 
0009 0004 1666424006253233 -6.375 -75.0 4.902602598082509 6 
0009 0002 1666424006263681 -1.875 -75.0 4.755340442445488 6 
0009 0000 1666424006279024 56.125 -69.0 5.608233760509904 6 
0009 0005 1666424006279994 87.0625 -66.0 5.675728915176872 6 
0009 0010 1666424006282282 21.9375 -58.5 2.675262494072558 6 
0009 0013 1666424006283194 -48.0 -59.5 4.675573441475434 6 
0009 0009 1666424006284588 30.0625 -67.5 1.6260196351587797 6 
0009 0015 1666424006285712 8.9375 -61.5 2.724349879284899 6 
0009 0006 1666424006293729 8.9375 -73.0 4.779884135051658 6 
0009 0004 1666424006381087 -4.875 -76.0 4.890330751779424 6 
0009 0002 1666424006443143 2.125 -74.5 1.4910293258248433 6 
0009 0005 1666424006452366 147.25 -65.5 5.553010452146021 6 
0009 0015 1666424006453718 -13.0 -61.0 2.6813984172241008 6 
0009 0010 1666424006457058 4.0625 -58.0 2.6998061866787286 6 
0009 0000 1666424006458201 -100.0625 -69.0 5.743224069843841 6 
0009 0013 1666424006460146 -43.125 -59.5 4.681709364626977 6 
0009 0009 1666424006462078 -87.0625 -67.5 1.705786636128833 6 
0009 0006 1666424006495904 109.4375 -75.0 1.4634176716429017 6 
0009 0004 1666424006561500 -4.0 -75.5 4.828971520263998 6 
0009 0009 1666424006609401 52.0625 -68.0 1.6689710972195777 6 
0009 0013 1666424006610810 -39.0 -59.5 4.675573441475434 6 
0009 0006 1666424006611782 -104.125 -74.0 4.8351074434155406 6 
0009 0005 1666424006612975 26.0 -65.5 5.6941366846315 6 
0009 0015 1666424006613902 -34.9375 -61.5 2.718213956133356 6 
0009 0000 1666424006615298 -126.125 -67.0 5.859806609723149 6 
0009 0010 1666424006616645 -13.0 -58.0 2.730485802436441 6 
0009 0004 1666424006711859 -4.25 -75.5 4.92714629068868 6 
0009 0009 1666424006731014 117.125 -67.5 1.5155730184310134 6 
0009 0010 1666424006731935 -4.0625 -58.0 2.705942109830271 6 
0009 0000 1666424006733048 21.9375 -68.0 5.688000761479957 6 
0009 0005 1666424006735615 43.125 -66.0 5.798447378207723 6 
0009 0015 1666424006736755 -34.9375 -61.0 2.718213956133356 6 
0009 0013 1666424006738418 -43.125 -60.0 4.724660826687775 6 
0009 0006 1666424006756959 119.1875 -75.0 1.2977477465512524 6 
0009 0004 1666424006809846 8.875 -75.5 1.5830681730979816 6 
0009 0002 1666424006885944 -6.375 -75.0 4.681709364626977 6 
0009 0002 1666424006912312 5.3125 -75.0 4.454680208019902 6 
0009 0002 1666424006920986 7.0625 -75.0 4.473087977474529 6 
0009 0002 1666424006929713 3.3125 -75.0 4.540583132141498 6 
0009 0002 1666424006943635 4.875 -74.0 4.424000592262189 6 
0009 0013 1666424006950604 -17.0625 -59.5 4.681709364626977 6 
0009 0009 1666424006952459 108.1875 -66.5 1.2026409377023426 6 
0009 0010 1666424006953638 -13.0 -58.0 2.6813984172241008 6 
0009 0015 1666424006954764 -17.0625 -61.0 2.6568547246179306 6 
0009 0000 1666424006958029 126.125 -68.0 5.534602682691394 6 
0009 0005 1666424006959565 -30.0625 -66.0 5.749359992995383 6 
0009 0006 1666424006962037 -455.6875 -74.0 5.141903600992669 6 
0009 0004 1666424007005587 -8.5 -75.0 4.81056375080937 6 
0009 0002 1666424007021122 0.0 -75.0 4.540583132141498 6 
0009 0011 1666424007066169 7.0625 -76.0 5.872078456026235 6 
0009 0009 1666424007083185 69.125 -66.5 1.2762720155208536 6 
0009 0000 1666424007085672 -234.3125 -68.0 5.939573610693203 6 
0009 0005 1666424007086880 78.0625 -66.0 5.6941366846315 6 
0009 0010 1666424007088015 4.0625 -58.0 2.6200391857086753 6 
0009 0015 1666424007089412 34.9375 -61.0 2.5893595699509624 6 
0009 0013 1666424007091781 -4.0625 -59.5 4.651029748869264 6 
0009 0006 1666424007096827 -104.125 -74.0 4.773748211900116 6 
0009 0002 1666424007119935 13.875 -74.0 4.387185053352934 6 
0009 0004 1666424007150578 4.375 -75.5 4.816699673960914 6 
0009 0011 1666424007256624 -18.25 -76.0 6.22182607566416 6 
0009 0015 1666424007305221 0.0 -61.0 2.5893595699509624 6 
0009 0010 1666424007306618 30.0625 -57.0 2.5709518004963345 6 
0009 0000 1666424007309105 -13.0 -65.0 5.872078456026235 6 
0009 0013 1666424007311586 -21.9375 -59.0 4.865787059173254 6 
0009 0009 1666424007312515 17.0625 -66.5 1.5585244804918115 6 
0009 0005 1666424007313459 -195.25 -68.0 6.019340611663256 6 
0009 0004 1666424007315362 4.0625 -72.5 2.1966604882522383 6 
0009 0006 1666424007319283 -490.6875 -72.5 5.264622064023521 6 
0009 0011 1666424007333795 5.625 -74.0 0.2761165418194154 6 
0009 0002 1666424007337177 -12.1875 -74.0 4.693981210930062 6 
0009 0008 1666424007419052 0.4375 -70.5 1.8407769454627694 6 
0009 0000 1666424007434099 -56.125 -62.5 0.22089323345553233 6 
0009 0010 1666424007435843 8.9375 -56.5 2.779573187648782 6 
0009 0015 1666424007436742 -17.0625 -60.5 2.509592568980909 6 
0009 0008 1666424007438020 -21.9375 -66.0 5.111223985234957 6 
0009 0004 1666424007438922 -208.3125 -66.0 4.172427743048944 6 
0009 0013 1666424007439888 -39.0 -59.5 5.497787143782138 6 
0009 0006 1666424007443451 -13.0 -70.5 5.810719224510809 6 
0009 0011 1666424007452870 100.0625 -71.5 1.1658253987930873 6 
0009 0002 1666424007474278 -11.4375 -74.5 5.64504929941916 6 
0009 0005 1666424007546118 0.0 -70.0 3.810408277107933 6 
0009 0010 1666424007562774 -4.0625 -55.5 3.4913402732277192 6 
0009 0005 1666424007565704 21.9375 -67.0 0.7424467013366504 6 
0009 0007 1666424007566748 117.125 -66.0 0.36815538909255385 6 
0009 0004 1666424007567688 -61.0 -63.0 5.405748296509 6 
0009 0015 1666424007568587 61.0 -61.0 2.466641106920111 6 
0009 0013 1666424007570291 -52.0625 -64.0 0.07363107781851078 6 
0009 0008 1666424007571187 39.0 -61.0 0.3313398501832985 6 
0009 0006 1666424007572184 -69.125 -66.0 1.8039614065535141 6 
0009 0014 1666424007574613 -61.0 -69.5 5.473243451175968 6 
0009 0000 1666424007584080 58.5625 -70.0 5.295301679781233 6 
0009 0011 1666424007656843 -2.5 -75.5 1.509437095279471 6 
0009 0003 1666424007673055 -0.875 -75.5 4.178563666200486 6 
0009 0002 1666424007681456 0.4375 -77.5 1.2087768608538851 6 
0009 0006 1666424007692969 43.125 -67.0 4.184699589352029 6 
0009 0007 1666424007694152 -26.0 -60.0 2.4911847995262812 6 
0009 0000 1666424007695093 21.9375 -70.0 5.074408446325701 6 
0009 0010 1666424007695976 17.0625 -56.5 4.589670517353839 6 
0009 0004 1666424007697160 -117.125 -66.0 1.2946797849754812 6 
0009 0015 1666424007698554 30.0625 -61.5 2.399145952253143 6 
0009 0013 1666424007699494 91.125 -65.5 0.9019807032767571 6 
0009 0014 1666424007702150 -78.0625 -70.5 5.540738605842936 6 
0009 0008 1666424007703063 230.25 -67.5 4.221515128261284 6 
0009 0011 1666424007720973 55.3125 -73.0 0.5921165841238575 6 
0009 0003 1666424007761713 -15.8125 -78.5 0.11658253987930872 6 
0009 0002 1666424007773234 -6.0625 -77.0 0.02454369260617026 6 
0009 0008 1666424007823295 -48.0 -60.5 4.841243366567084 6 
0009 0006 1666424007825586 -139.125 -67.5 0.28225246497095796 6 
0009 0011 1666424007827107 17.0625 -64.5 3.442252888015379 6 
0009 0007 1666424007828065 91.125 -64.5 4.227651051412827 6 
0009 0013 1666424007828948 -26.0 -69.0 1.5892040962495242 6 
0009 0015 1666424007830114 -8.9375 -63.5 2.466641106920111 6 
0009 0004 1666424007833028 48.0 -64.5 3.2643111166206444 6 
0009 0014 1666424007834551 104.125 -71.0 5.209398755659637 6 
0009 0010 1666424007844966 31.3125 -65.0 2.696738225102957 6 
0009 0012 1666424007919970 4.625 -74.0 4.847379289718626 6 
0009 0004 1666424007941074 52.0625 -62.0 3.6140587362585705 6 
0009 0010 1666424007942436 -17.0625 -63.0 0.8467573949128739 6 
0009 0012 1666424007943623 -178.1875 -69.5 5.5100589900852235 6 
0009 0015 1666424007944850 -108.1875 -64.5 2.386874105950058 6 
0009 0011 1666424007945761 26.0 -57.5 5.295301679781233 6 
0009 0006 1666424007950735 56.125 -66.0 1.7241944055834606 6 
0009 0005 1666424007953365 -13.0 -71.5 2.816388726558037 6 
0009 0008 1666424007954276 -17.0625 -67.0 3.3870295796514958 6 
0009 0014 1666424007955220 -43.125 -72.5 5.338253141842031 6 
0009 0013 1666424007972662 3.1875 -73.0 5.810719224510809 6 
0009 0014 1666424007981412 -14.625 -73.5 5.289165756629691 6 
0009 0006 1666424008059166 126.125 -66.0 2.509592568980909 6 
0009 0004 1666424008061406 0.0 -60.5 3.5465635815916023 6 
0009 0010 1666424008062324 -78.0625 -66.5 2.061670178918302 6 
0009 0015 1666424008064802 143.1875 -65.0 2.098485717827557 6 
0009 0011 1666424008066110 -4.0625 -57.0 5.841398840268521 6 
0009 0005 1666424008068224 -48.0 -69.5 2.6875343403756435 6 
0009 0013 1666424008071469 -8.9375 -72.0 3.822680123411018 6 
0009 0008 1666424008072796 -178.1875 -69.0 3.399301425954581 6 
0009 0015 1666424008171057 -87.0625 -67.0 2.5770877236478773 6 
0009 0011 1666424008173089 -13.0 -57.5 6.178874613603362 6 
0009 0008 1666424008174060 -65.0625 -70.5 3.1661363461959633 6 
0009 0006 1666424008174960 -34.9375 -65.0 2.730485802436441 6 
0009 0007 1666424008176598 -316.5 -72.5 0.6013204688511713 6 
0009 0004 1666424008177526 -121.25 -61.5 3.356349963893783 6 
0009 0005 1666424008179410 17.0625 -68.5 2.423689644859313 6 
0009 0013 1666424008182872 17.0625 -71.0 4.608078286808466 6 
0009 0007 1666424008192800 35.75 -72.5 0.1564660403643354 6 
0009 0004 1666424008282654 48.0 -62.0 2.9943304979527716 6 
0009 0005 1666424008285822 -91.125 -70.0 2.141437179888355 6 
0009 0013 1666424008286746 17.0625 -70.5 4.865787059173254 6 
0009 0015 1666424008287629 0.0 -68.0 2.705942109830271 6 
0009 0011 1666424008288531 -13.0 -57.5 0.14726215563702155 6 
0009 0006 1666424008289419 113.0625 -66.0 2.478912953223196 6 
0009 0007 1666424008292764 -182.25 -71.5 0.1349903093339364 6 
0009 0014 1666424008352349 -1.0625 -74.0 1.7671458676442586 6 
0009 0004 1666424008399018 65.0625 -61.5 2.9636508821950587 6 
0009 0006 1666424008399928 8.9375 -66.0 2.6139032625571326 6 
0009 0007 1666424008401625 -468.6875 -71.0 0.09203884727313846 6 
0009 0015 1666424008403555 87.0625 -68.0 2.6568547246179306 6 
0009 0005 1666424008405021 -178.1875 -70.5 1.8162332528565992 6 
0009 0011 1666424008405917 -21.9375 -58.0 0.09203884727313846 6 
0009 0013 1666424008407229 -26.0 -70.5 4.95168998329485 6 
0009 0008 1666424008408156 -113.0625 -70.5 3.2029518851052186 6 
0009 0014 1666424008476477 -8.6875 -74.0 1.902136176978195 6 
0009 0007 1666424008514668 -69.125 -71.0 5.816855147662351 6 
0009 0011 1666424008515948 4.0625 -58.5 6.240233845118788 6 
0009 0015 1666424008516863 -48.0 -68.0 2.816388726558037 6 
0009 0005 1666424008517788 -21.9375 -70.5 1.2517283229146832 6 
0009 0004 1666424008519690 17.0625 -61.5 3.06182565261974 6 
0009 0006 1666424008522982 143.1875 -66.5 2.6139032625571326 6 
0009 0008 1666424008527106 130.1875 -72.5 3.031146036862027 6 
0009 0013 1666424008528003 -87.0625 -71.0 5.111223985234957 6 
0009 0010 1666424008580189 -7.625 -72.5 3.356349963893783 6 
0009 0011 1666424008708380 17.0625 -58.0 6.037748381117884 6 
0009 0004 1666424008709832 95.1875 -61.5 2.8409324191642074 6 
0009 0008 1666424008712585 -247.375 -70.5 3.1231848841351653 6 
0009 0015 1666424008713598 61.0 -67.5 2.705942109830271 6 
0009 0005 1666424008714778 -147.25 -69.0 1.2087768608538851 6 
0009 0006 1666424008716739 -52.0625 -67.0 2.435961491162398 6 
0009 0013 1666424008720339 -130.1875 -70.0 4.700117134081604 6 
0009 0007 1666424008721239 -295.375 -70.5 5.939573610693203 6 
0009 0005 1666424008818643 52.0625 -69.5 0.9756117810952678 6 
0009 0007 1666424008820653 -295.375 -70.5 5.896622148632405 6 
0009 0015 1666424008822206 34.9375 -66.5 2.705942109830271 6 
0009 0013 1666424008823090 -65.0625 -71.0 4.626486056263094 6 
0009 0008 1666424008823945 -230.25 -69.5 2.9943304979527716 6 
0009 0011 1666424008824882 -17.0625 -58.0 6.080699843178682 6 
0009 0004 1666424008826715 -82.1875 -62.0 2.736621725587984 6 
0009 0006 1666424008836302 -104.125 -66.0 2.5586799541932495 6 
0009 0005 1666424008932291 69.125 -67.5 0.9756117810952678 6 
0009 0004 1666424008933530 -48.0 -62.0 2.478912953223196 6 
0009 0008 1666424008935839 -126.125 -70.0 2.2580197197676637 6 
0009 0006 1666424008936765 -65.0625 -66.5 2.411417798556228 6 
0009 0011 1666424008937931 -17.0625 -58.0 6.043884304269426 6 
0009 0015 1666424008939087 -87.0625 -67.0 2.9268353432858034 6 
0009 0007 1666424008940598 69.125 -70.0 5.559146375297564 6 
0009 0013 1666424008941554 347.4375 -70.5 4.061981126321178 6 
0009 0008 1666424009040168 143.1875 -70.0 1.8837284075235674 6 
0009 0007 1666424009041222 13.0 -70.0 5.626641529964532 6 
0009 0006 1666424009042603 74.0 -65.5 2.098485717827557 6 
0009 0004 1666424009044608 87.0625 -62.5 2.1046216409791 6 
0009 0011 1666424009046042 -13.0 -58.0 6.000932842208628 6 
0009 0005 1666424009047593 61.0 -67.5 0.8651651643675016 6 
0009 0015 1666424009049507 0.0 -66.5 2.6875343403756435 6 
0009 0013 1666424009050809 100.0625 -70.5 4.147884050442774 6 
0009 0004 1666424009150430 95.1875 -62.0 2.024854640009046 6 
0009 0006 1666424009152166 113.0625 -65.5 1.8714565612204823 6 
0009 0011 1666424009153943 -21.9375 -58.0 5.921165841238575 6 
0009 0008 1666424009155534 48.0 -70.5 1.846912868614312 6 
0009 0015 1666424009156492 -52.0625 -67.0 2.791845033951867 6 
0009 0005 1666424009157432 -48.0 -68.0 0.8467573949128739 6 
0009 0007 1666424009159603 -30.0625 -69.5 5.442563835418255 6 
0009 0013 1666424009160471 -82.1875 -69.5 4.123340357836604 6 
0009 0008 1666424009257191 -21.9375 -70.0 1.88986433067511 6 
0009 0011 1666424009259488 48.0 -57.5 5.780039608753096 6 
0009 0013 1666424009262289 121.25 -69.5 3.9208548938356986 6 
0009 0015 1666424009263189 -43.125 -66.5 2.7857091108003242 6 
0009 0005 1666424009264132 61.0 -67.5 0.6504078540635119 6 
0009 0007 1666424009265454 -91.125 -69.0 5.516194913236766 6 
0009 0004 1666424009267220 34.9375 -62.0 1.9082721001297376 6 
0009 0006 1666424009268077 56.125 -66.5 1.88986433067511 6 
0009 0013 1666424009364553 182.25 -69.0 3.865631585471816 6 
0009 0008 1666424009365805 -95.1875 -69.5 1.7916895602504288 6 
0009 0011 1666424009366957 21.9375 -58.0 5.737088146692298 6 
0009 0007 1666424009368765 -30.0625 -70.0 5.295301679781233 6 
0009 0004 1666424009370387 52.0625 -62.0 1.8223691760081417 6 
0009 0006 1666424009372648 -130.1875 -66.0 1.9941750242513334 6 
0009 0005 1666424009374610 -43.125 -67.5 0.6688156235181395 6 
0009 0015 1666424009375510 34.9375 -66.0 2.736621725587984 6 
0009 0007 1666424009472648 -82.1875 -69.5 5.350524988145116 6 
0009 0015 1666424009473803 69.125 -66.0 2.6813984172241008 6 
0009 0008 1666424009475224 -152.125 -69.5 1.8837284075235674 6 
0009 0006 1666424009477896 52.0625 -65.5 1.8223691760081417 6 
0009 0011 1666424009480380 -43.125 -58.0 5.743224069843841 6 
0009 0013 1666424009481889 17.0625 -69.0 3.8717675086233583 6 
0009 0004 1666424009482817 30.0625 -62.0 1.7916895602504288 6 
0009 0005 1666424009483827 -8.9375 -67.5 0.5767767762450011 6 
0009 0002 1666424009661640 -2.1875 -78.0 5.062136600022616 6 
0009 0005 1666424009700088 -52.0625 -67.5 0.6994952392758523 6 
0009 0007 1666424009701712 -87.0625 -69.5 5.307573526084319 6 
0009 0006 1666424009702896 -208.3125 -66.5 1.945087639038993 6 
0009 0004 1666424009705395 78.0625 -62.5 1.6014759425526093 6 
0009 0011 1666424009707640 48.0 -58.0 5.638913376267617 6 
0009 0015 1666424009708902 52.0625 -66.0 2.509592568980909 6 
0009 0013 1666424009709784 -48.0 -69.5 3.7551849687440497 6 
0009 0008 1666424009711571 -56.125 -70.5 1.748738098189631 6 
0009 0002 1666424009736980 0.75 -78.5 4.767612288748572 6 
0009 0008 1666424009811875 178.1875 -69.0 1.4726215563702154 6 
0009 0011 1666424009812913 -48.0 -58.0 5.706408530934585 6 
0009 0006 1666424009815494 21.9375 -67.0 1.6198837120072371 6 
0009 0004 1666424009816778 -39.0 -62.0 1.576932249946439 6 
0009 0015 1666424009817679 74.0 -65.5 2.5832236467994196 6 
0009 0005 1666424009820346 43.125 -68.0 0.6381360077604268 6 
0009 0013 1666424009821243 -91.125 -69.5 3.736777199289422 6 
0009 0007 1666424009822330 -104.125 -70.0 5.21553467881118 6 
0009 0002 1666424009839588 53.25 -78.5 4.6448938257177215 6 
0009 0005 1666424009959207 -30.0625 -66.5 0.6565437772150544 6 
0009 0013 1666424009960519 -199.375 -68.0 3.8963112012295285 6 
0009 0011 1666424009961417 -48.0 -58.0 5.675728915176872 6 
0009 0006 1666424009962301 39.0 -66.5 1.41126232485479 6 
0009 0015 1666424009963456 113.0625 -66.0 2.6568547246179306 6 
0009 0008 1666424009964397 290.5 -69.0 1.3621749396424494 6 
0009 0007 1666424009965566 191.1875 -69.5 4.908738521234052 6 
0009 0004 1666424009967457 -74.0 -62.5 1.6873788666742053 6 
0009 0002 1666424009990310 -22.6875 -78.5 4.933282213840222 6 
