0009 0005 1666425625504450 -130.1875 -65.0 4.608078286808466 8 
0009 0015 1666425625507702 43.125 -70.0 6.007068765360171 8 
0009 0014 1666425625510089 -8.9375 -65.0 2.399145952253143 8 
0009 0010 1666425625511017 -30.0625 -65.0 0.02454369260617026 8 
0009 0007 1666425625513779 87.0625 -69.0 5.50392306693368 8 
0009 0008 1666425625517325 39.0 -69.5 2.5157284921324514 8 
0009 0011 1666425625537123 0.0 -72.5 5.1633793320230685 8 
0009 0003 1666425625538341 15.0 -74.5 5.52539879796408 8 
0009 0006 1666425625573106 -4.0625 -73.0 5.043728830567988 8 
0009 0002 1666425625631225 -1.5 -76.5 5.442563835418255 8 
0009 0008 1666425625638308 -204.25 -70.0 4.4976316700806995 8 
0009 0015 1666425625640300 -74.0 -70.5 3.859495662320273 8 
0009 0006 1666425625641215 -182.25 -73.0 4.988505522204105 8 
0009 0014 1666425625642114 -126.125 -67.0 2.4175537217077703 8 
0009 0005 1666425625644016 8.9375 -65.5 3.988350048502667 8 
0009 0010 1666425625645653 -52.0625 -65.5 1.7119225592803755 8 
0009 0012 1666425625647075 -8.9375 -68.5 2.2764274892222915 8 
0009 0011 1666425625648417 -208.3125 -67.5 3.2765829629237295 8 
0009 0002 1666425625657716 55.3125 -74.0 6.0469522658451975 8 
0009 0004 1666425625773129 12.125 -77.5 1.000155473701438 8 
0009 0007 1666425625779160 -3.125 -74.5 5.442563835418255 8 
0009 0011 1666425625786005 61.0 -68.5 3.9208548938356986 8 
0009 0012 1666425625788014 -152.125 -72.0 4.276738436625168 8 
0009 0014 1666425625788897 -4.0625 -67.0 2.730485802436441 8 
0009 0002 1666425625790532 -17.0625 -69.5 4.76147636559703 8 
0009 0005 1666425625791460 -43.125 -67.0 3.4054373491061236 8 
0009 0010 1666425625794548 -43.125 -68.5 3.8963112012295285 8 
0009 0008 1666425625796822 -173.3125 -70.0 0.01227184630308513 8 
0009 0007 1666425625807218 -31.3125 -72.5 2.132233295161041 8 
0009 0013 1666425625817503 87.875 -74.5 0.4141748127291231 8 
0009 0009 1666425625831285 7.3125 -74.0 0.8283496254582462 8 
0009 0015 1666425625833467 -1.625 -66.5 3.865631585471816 8 
0009 0015 1666425625909895 -8.9375 -62.0 6.086835766330224 8 
0009 0014 1666425625911265 104.125 -68.0 2.5832236467994196 8 
0009 0008 1666425625913547 100.0625 -69.0 1.4358060174609601 8 
0009 0012 1666425625914505 -52.0625 -71.0 5.497787143782138 8 
0009 0005 1666425625916191 -87.0625 -68.5 3.3072625786814425 8 
0009 0007 1666425625917235 -212.375 -71.0 4.970097752749477 8 
0009 0013 1666425625918374 -212.375 -67.0 2.6016314162540475 8 
0009 0011 1666425625919255 -56.125 -67.0 0.11658253987930872 8 
0009 0010 1666425625969970 9.25 -74.5 0.006135923151542565 8 
0009 0012 1666425626022116 8.9375 -71.0 0.6749515466696822 8 
0009 0011 1666425626023359 139.125 -68.5 1.043106935762236 8 
0009 0014 1666425626024185 -56.125 -68.5 3.043417883165112 8 
0009 0010 1666425626025338 -65.0625 -68.0 0.9694758579437253 8 
0009 0005 1666425626028335 -108.1875 -69.0 4.184699589352029 8 
0009 0008 1666425626029275 -108.1875 -69.0 3.890175278077986 8 
0009 0015 1666425626090692 -0.75 -71.5 5.313709449235861 8 
0009 0004 1666425626123822 -4.0 -79.0 4.8351074434155406 8 
0009 0014 1666425626155522 26.0 -69.5 4.2031073588066565 8 
0009 0002 1666425626156733 82.1875 -70.5 1.0799224746714913 8 
0009 0015 1666425626157875 -69.125 -67.5 6.166602767300278 8 
0009 0012 1666425626158736 -217.25 -69.0 2.3316507975861747 8 
0009 0008 1666425626160293 17.0625 -69.5 0.36815538909255385 8 
0009 0010 1666425626161191 -4.0625 -70.5 2.9759227284981438 8 
0009 0005 1666425626224104 4.875 -72.0 0.8344855486097889 8 
0009 0015 1666425626263991 -4.0625 -68.0 5.964117303299373 8 
0009 0005 1666425626266241 30.0625 -65.0 4.571262747899211 8 
0009 0002 1666425626268978 134.25 -69.0 2.3009711818284617 8 
0009 0008 1666425626270130 56.125 -71.0 2.9636508821950587 8 
0009 0010 1666425626308258 0.875 -74.0 6.154330920997192 8 
0009 0005 1666425626370392 39.0 -63.5 6.209554229361076 8 
0009 0010 1666425626373117 355.5625 -71.0 0.8651651643675016 8 
0009 0015 1666425626375720 -30.0625 -65.0 5.71868037723767 8 
0009 0008 1666425626378724 -130.1875 -71.0 5.049864753719531 8 
0009 0009 1666425626396915 17.8125 -74.5 5.460971604872882 8 
0009 0011 1666425626403497 12.1875 -74.0 0.4970097752749477 8 
0009 0004 1666425626425741 -8.5 -79.0 1.3499030933393643 8 
0009 0005 1666425626485171 -4.0625 -65.0 3.988350048502667 8 
0009 0015 1666425626486384 8.9375 -67.5 5.957981380147831 8 
0009 0010 1666425626488427 69.125 -67.5 3.6692820446224537 8 
0009 0004 1666425626489609 -34.9375 -70.5 5.43029198911517 8 
0009 0008 1666425626492405 95.1875 -70.5 0.7117670855789375 8 
0009 0014 1666425626493699 65.0625 -71.5 0.23930100291016002 8 
0009 0014 1666425626588054 61.0 -68.0 1.1167380135807468 8 
0009 0015 1666425626590878 -165.1875 -67.5 5.491651220630596 8 
0009 0005 1666425626593139 -65.0625 -62.5 0.7853981633974483 8 
0009 0010 1666425626594703 -21.9375 -63.0 5.098952138931871 8 
0009 0007 1666425626596201 65.0625 -67.0 5.724816300389213 8 
0009 0004 1666425626597340 21.9375 -66.0 0.4724660826687775 8 
0009 0002 1666425626616199 10.5 -74.5 5.356660911296659 8 
0009 0006 1666425626627689 4.875 -72.0 4.295146206079795 8 
0009 0008 1666425626690555 1.5 -75.0 0.6258641614573416 8 
0009 0003 1666425626699047 -1.125 -78.5 2.325514874434632 8 
0009 0010 1666425626716448 21.9375 -60.5 0.5092816215780329 8 
0009 0015 1666425626718246 -65.0625 -66.5 6.252505691421874 8 
0009 0005 1666425626719368 0.0 -63.5 5.792311455056181 8 
0009 0002 1666425626720272 -48.0 -70.0 2.6813984172241008 8 
0009 0004 1666425626721892 -8.9375 -62.5 2.055534255766759 8 
0009 0014 1666425626723050 -48.0 -64.5 3.9760782021995817 8 
0009 0007 1666425626727947 -26.0 -67.5 0.2699806186678728 8 
0009 0008 1666425626748431 5.625 -74.0 4.884194828627882 8 
0009 0015 1666425626830692 -8.9375 -69.0 0.20248546400090464 8 
0009 0007 1666425626832744 -61.0 -67.0 4.7307967498393175 8 
0009 0004 1666425626834374 21.9375 -66.0 1.9205439464328227 8 
0009 0014 1666425626836021 -30.0625 -61.5 4.1601558967458585 8 
0009 0005 1666425626837415 48.0 -63.0 2.270291566070749 8 
0009 0010 1666425626839571 78.0625 -59.0 1.7855536370988863 8 
0009 0002 1666425626844493 -65.0625 -71.0 3.6386024288647407 8 
0009 0009 1666425626866593 6.5 -74.0 5.6143696836614465 8 
0009 0014 1666425626944795 13.0 -60.0 2.5832236467994196 8 
0009 0004 1666425626946828 43.125 -65.5 2.742757648739526 8 
0009 0010 1666425626948132 -21.9375 -60.5 3.2029518851052186 8 
0009 0005 1666425626949515 100.0625 -65.5 4.945554060143307 8 
0009 0007 1666425626952174 -108.1875 -68.5 2.061670178918302 8 
0009 0015 1666425626954349 -113.0625 -68.5 0.30066023442558565 8 
0009 0007 1666425627050824 212.375 -69.0 4.871922982324796 8 
0009 0014 1666425627052460 -34.9375 -62.5 3.1231848841351653 8 
0009 0004 1666425627053615 -43.125 -64.0 4.086524818927348 8 
0009 0015 1666425627055254 26.0 -67.0 0.3620194659410113 8 
0009 0005 1666425627056222 0.0 -64.5 0.7853981633974483 8 
0009 0010 1666425627057349 -8.9375 -60.5 5.0682725231741586 8 
0009 0008 1666425627109853 -0.875 -75.0 4.9394181369917645 8 
0009 0003 1666425627159637 5.3125 -75.5 1.7241944055834606 8 
0009 0007 1666425627167136 147.25 -68.0 0.19634954084936207 8 
0009 0008 1666425627169140 -204.25 -69.0 3.1968159619536762 8 
0009 0014 1666425627171622 -21.9375 -65.0 2.9268353432858034 8 
0009 0010 1666425627176244 95.1875 -62.0 1.030835089459151 8 
0009 0005 1666425627177725 -74.0 -70.5 4.135612204139688 8 
0009 0003 1666425627179035 195.25 -71.5 2.067806102069844 8 
0009 0015 1666425627225734 5.625 -70.0 4.9823695990525625 8 
0009 0002 1666425627270408 -0.1875 -77.5 2.6016314162540475 8 
0009 0007 1666425627288260 34.9375 -68.0 0.6504078540635119 8 
0009 0005 1666425627289174 52.0625 -64.5 0.7301748550335652 8 
0009 0014 1666425627290614 260.375 -68.0 2.4175537217077703 8 
0009 0008 1666425627291749 -17.0625 -68.0 5.252350217720435 8 
0009 0010 1666425627294063 17.0625 -67.0 3.313398501832985 8 
0009 0003 1666425627295204 -173.3125 -68.5 4.2031073588066565 8 
0009 0015 1666425627297679 212.375 -69.0 2.411417798556228 8 
0009 0002 1666425627326508 17.0625 -76.0 3.693825737228624 8 
0009 0011 1666425627393608 -3.375 -72.0 2.1905245651006955 8 
0009 0012 1666425627401722 5.4375 -73.5 4.4362724385652745 8 
0009 0004 1666425627418797 48.0 -68.0 1.239456476611598 8 
0009 0007 1666425627419924 178.1875 -65.5 0.6810874698212247 8 
0009 0005 1666425627422170 74.0 -63.0 1.5278448647340985 8 
0009 0011 1666425627423098 61.0 -67.0 5.755495916146925 8 
0009 0015 1666425627424240 130.1875 -69.0 1.0369710126106935 8 
0009 0003 1666425627425194 -78.0625 -73.0 5.086680292628786 8 
0009 0008 1666425627426316 -74.0 -68.5 1.184233168247715 8 
0009 0012 1666425627427303 100.0625 -69.5 2.055534255766759 8 
0009 0014 1666425627428728 -286.4375 -67.0 2.84706834231575 8 
0009 0002 1666425627430831 -182.25 -73.5 2.693670263527186 8 
0009 0006 1666425627513271 8.4375 -74.0 5.178719139901925 8 
0009 0005 1666425627532376 104.125 -65.0 1.4664856332186729 8 
0009 0011 1666425627534181 13.0 -64.5 0.2945243112740431 8 
0009 0008 1666425627535946 -52.0625 -67.0 2.6998061866787286 8 
0009 0007 1666425627537327 -160.3125 -70.5 5.878214379177777 8 
0009 0015 1666425627538482 -91.125 -65.0 3.902447124381071 8 
0009 0012 1666425627539652 -126.125 -71.0 3.988350048502667 8 
0009 0006 1666425627542927 139.125 -69.0 6.117515382087937 8 
0009 0014 1666425627545472 195.25 -69.5 1.748738098189631 8 
0009 0013 1666425627559361 5.25 -75.0 5.273825948750835 8 
0009 0002 1666425627585764 16.125 -77.5 0.12885438618239387 8 
0009 0002 1666425627648894 264.4375 -71.0 1.2762720155208536 8 
0009 0008 1666425627651395 -225.375 -66.5 4.399456899656019 8 
0009 0011 1666425627652515 -8.9375 -66.0 0.6320000846088841 8 
0009 0007 1666425627654285 217.25 -69.0 3.0127382674073995 8 
0009 0006 1666425627655731 -100.0625 -70.5 6.074563920027139 8 
0009 0014 1666425627657111 43.125 -72.0 2.325514874434632 8 
0009 0005 1666425627658037 39.0 -68.0 1.2885438618239387 8 
0009 0013 1666425627669822 5.25 -75.0 5.436427912266712 8 
0009 0015 1666425627758104 -0.4375 -71.0 1.748738098189631 8 
0009 0011 1666425627764997 -34.9375 -63.5 1.8162332528565992 8 
0009 0002 1666425627766747 -139.125 -67.5 3.6017868899554855 8 
0009 0007 1666425627768342 -160.3125 -67.5 2.3623304133438876 8 
0009 0013 1666425627769266 -21.9375 -63.0 3.454524734318464 8 
0009 0008 1666425627770954 21.9375 -66.0 5.086680292628786 8 
0009 0015 1666425627771868 -17.0625 -67.0 5.5714182216006485 8 
0009 0006 1666425627773023 -173.3125 -65.5 5.375068680751287 8 
0009 0013 1666425627872191 -13.0 -64.5 4.460816131171445 8 
0009 0002 1666425627874425 195.25 -68.0 4.994641445355648 8 
0009 0007 1666425627876193 -52.0625 -71.5 2.098485717827557 8 
0009 0015 1666425627877148 4.0625 -64.5 2.1598449493429825 8 
0009 0011 1666425627878571 100.0625 -63.0 3.368621810196868 8 
0009 0006 1666425627880191 -52.0625 -66.0 2.6384469551633027 8 
0009 0008 1666425627881115 -17.0625 -66.5 0.06135923151542565 8 
0009 0010 1666425627904426 -17.0625 -73.0 5.178719139901925 8 
0009 0013 1666425627985113 48.0 -63.5 0.01227184630308513 8 
0009 0002 1666425627986292 -17.0625 -71.0 1.4787574795217582 8 
0009 0011 1666425627987237 -52.0625 -63.0 4.847379289718626 8 
0009 0015 1666425627988420 108.1875 -64.5 2.442097414313941 8 
0009 0008 1666425627989329 82.1875 -65.0 1.7426021750380885 8 
0009 0006 1666425627991464 13.0 -70.0 0.4111068511533518 8 
0009 0005 1666425628041080 -1.9375 -74.0 0.36815538909255385 8 
0009 0008 1666425628091211 30.0625 -65.5 3.5588354278946874 8 
0009 0013 1666425628092746 17.0625 -63.0 0.4908738521234052 8 
0009 0011 1666425628093871 -13.0 -63.0 0.46019423636569234 8 
0009 0006 1666425628095225 -290.5 -68.5 3.031146036862027 8 
0009 0002 1666425628096870 -8.9375 -69.0 3.8963112012295285 8 
0009 0015 1666425628097829 -48.0 -66.5 3.141592653589793 8 
0009 0005 1666425628099479 -147.25 -66.5 4.338097668140593 8 
0009 0012 1666425628196452 230.25 -70.0 2.454369260617026 8 
0009 0015 1666425628198912 -65.0625 -64.0 2.6813984172241008 8 
0009 0005 1666425628199837 -48.0 -63.0 5.301437602932776 8 
0009 0002 1666425628200987 91.125 -68.0 5.424156065963627 8 
0009 0013 1666425628201912 43.125 -62.5 1.859184714917397 8 
0009 0011 1666425628203091 -48.0 -61.0 2.6875343403756435 8 
0009 0008 1666425628204244 -65.0625 -65.5 5.632777453116074 8 
0009 0006 1666425628206477 -108.1875 -68.5 3.877903431774901 8 
0009 0007 1666425628251419 8.0625 -73.5 5.8659425328746915 8 
0009 0009 1666425628269859 -4.375 -75.0 4.491495746929157 8 
0009 0004 1666425628289339 -5.3125 -79.5 0.20248546400090464 8 
0009 0015 1666425628339056 -78.0625 -62.5 3.0495538063166547 8 
0009 0011 1666425628340819 -17.0625 -58.0 4.528311285838413 8 
0009 0009 1666425628342484 13.0 -73.5 1.5155730184310134 8 
0009 0006 1666425628344548 -108.1875 -68.5 3.650874275167826 8 
0009 0007 1666425628345490 -87.0625 -66.0 3.54042765844006 8 
0009 0002 1666425628346909 43.125 -68.0 0.8713010875190442 8 
0009 0013 1666425628348658 17.0625 -64.0 3.5833791205008576 8 
0009 0008 1666425628349541 -117.125 -65.0 1.8162332528565992 8 
0009 0004 1666425628364411 100.875 -74.5 3.5128160042581182 8 
0009 0005 1666425628370248 11.4375 -73.5 4.006757817957295 8 
0009 0005 1666425628451800 -4.0625 -63.5 5.853670686571607 8 
0009 0006 1666425628454021 69.125 -65.0 1.5033011721279284 8 
0009 0013 1666425628455176 -48.0 -65.0 5.062136600022616 8 
0009 0002 1666425628457387 -80.5625 -68.0 2.067806102069844 8 
0009 0010 1666425628458255 -91.125 -67.5 0.14112623248547898 8 
0009 0004 1666425628460382 87.0625 -63.5 1.6873788666742053 8 
0009 0011 1666425628461308 8.9375 -57.5 5.411884219660542 8 
0009 0015 1666425628462568 -65.0625 -65.0 3.129320807286708 8 
0009 0008 1666425628464541 48.0 -64.0 2.8532042654672924 8 
0009 0007 1666425628485284 11.4375 -73.0 2.018718716857504 8 
0009 0015 1666425628564924 139.125 -65.0 2.705942109830271 8 
0009 0002 1666425628566115 8.9375 -65.5 2.7857091108003242 8 
0009 0010 1666425628567040 -21.9375 -62.0 0.8406214717613314 8 
0009 0006 1666425628568164 -8.9375 -60.0 0.09817477042468103 8 
0009 0004 1666425628570336 -13.0 -60.5 2.448233337465483 8 
0009 0007 1666425628571237 -65.0625 -64.0 4.368777283898306 8 
0009 0011 1666425628572103 8.9375 -58.5 0.4479223900626072 8 
0009 0008 1666425628573143 -26.0 -64.5 4.04357335686655 8 
0009 0005 1666425628574297 -48.0 -63.5 1.6935147898257479 8 
0009 0013 1666425628575693 100.0625 -68.5 0.8344855486097889 8 
0009 0008 1666425628672600 -230.25 -64.5 5.338253141842031 8 
0009 0005 1666425628673780 -21.9375 -61.5 4.914874444385594 8 
0009 0011 1666425628675758 -48.0 -58.0 1.9880391010997909 8 
0009 0004 1666425628677784 0.0 -58.5 3.77972866135022 8 
0009 0015 1666425628679852 -48.0 -65.0 3.055689729468197 8 
0009 0010 1666425628681426 39.0 -61.5 1.5278448647340985 8 
0009 0002 1666425628682607 -26.0 -66.0 3.2213596545598464 8 
0009 0006 1666425628683988 -48.0 -60.0 4.522175362686871 8 
0009 0007 1666425628684915 -17.0625 -68.0 2.325514874434632 8 
0009 0014 1666425628685929 -74.0 -68.0 5.405748296509 8 
0009 0005 1666425628790055 -21.9375 -58.0 1.2026409377023426 8 
0009 0011 1666425628791549 -13.0 -60.0 3.792000507653305 8 
0009 0010 1666425628792957 -13.0 -58.0 2.1353012567368124 8 
0009 0004 1666425628794338 -43.125 -61.0 3.6692820446224537 8 
0009 0007 1666425628795238 -21.9375 -67.0 5.994796919057086 8 
0009 0015 1666425628796138 -91.125 -66.5 3.9760782021995817 8 
0009 0008 1666425628799116 34.9375 -65.0 0.4663301595172349 8 
0009 0014 1666425628800039 0.0 -63.0 3.663146121470911 8 
0009 0006 1666425628800984 8.9375 -64.0 3.104777114680538 8 
0009 0002 1666425628801855 34.9375 -68.0 3.834951969714103 8 
0009 0012 1666425628859199 19.0625 -80.0 5.712544454086128 8 
0009 0011 1666425628908985 39.0 -62.5 4.693981210930062 8 
0009 0014 1666425628911274 13.0 -54.0 2.018718716857504 8 
0009 0005 1666425628912187 -17.0625 -58.0 4.025165587411922 8 
0009 0006 1666425628914771 34.9375 -67.0 2.2518837966161214 8 
0009 0007 1666425628915642 -17.0625 -67.0 4.724660826687775 8 
0009 0002 1666425628916569 -199.375 -70.0 5.013049214810275 8 
0009 0010 1666425628917522 -61.0 -59.5 3.497476196379262 8 
0009 0008 1666425628919583 -52.0625 -65.0 2.043262409463674 8 
0009 0015 1666425628920513 -186.3125 -67.0 3.8533597391687304 8 
0009 0004 1666425628921483 -34.9375 -65.5 3.736777199289422 8 
0009 0003 1666425628937030 -16.25 -74.5 5.9610493417236015 8 
0009 0009 1666425628949166 -9.0 -74.5 0.4049709280018093 8 
0009 0000 1666425628965901 -10.5 -78.5 6.209554229361076 8 
0009 0014 1666425629039776 -52.0625 -54.0 3.2949907323783574 8 
0009 0011 1666425629040700 -13.0 -62.5 5.399612373357457 8 
0009 0002 1666425629042106 122.875 -71.5 5.706408530934585 8 
0009 0004 1666425629043289 52.0625 -66.0 4.23378697456437 8 
0009 0007 1666425629044768 -121.25 -65.5 2.3439226438892597 8 
0009 0015 1666425629045693 -4.0625 -67.5 3.8533597391687304 8 
0009 0005 1666425629047344 -26.0 -59.0 5.730952223540755 8 
0009 0009 1666425629048995 -61.0 -70.0 1.6812429435226628 8 
0009 0010 1666425629050389 -61.0 -60.5 5.252350217720435 8 
0009 0003 1666425629053302 30.0625 -70.5 3.749049045592507 8 
0009 0006 1666425629055536 65.0625 -70.0 2.411417798556228 8 
0009 0008 1666425629057510 -4.0625 -66.0 3.9208548938356986 8 
0009 0000 1666425629081027 17.0625 -77.0 4.331961744989051 8 
0009 0010 1666425629157372 30.0625 -61.0 0.5767767762450011 8 
0009 0014 1666425629158255 -8.9375 -57.5 3.8410878928656453 8 
0009 0007 1666425629161243 -48.0 -63.5 4.319689898685965 8 
0009 0006 1666425629162794 -78.0625 -69.0 3.7551849687440497 8 
0009 0005 1666425629164388 43.125 -59.5 1.8530487917658545 8 
0009 0003 1666425629165300 199.375 -73.5 5.620505606812989 8 
0009 0011 1666425629166436 -56.125 -62.5 0.6749515466696822 8 
0009 0009 1666425629167888 256.3125 -71.0 3.3318062712876126 8 
0009 0004 1666425629169026 52.0625 -65.5 5.264622064023521 8 
0009 0008 1666425629171510 165.1875 -66.5 5.964117303299373 8 
0009 0002 1666425629177458 -178.1875 -70.5 1.4664856332186729 8 
0009 0000 1666425629204088 4.0625 -76.5 0.0 8 
0009 0007 1666425629282045 -4.0625 -64.5 4.706253057233147 8 
0009 0010 1666425629283299 -30.0625 -58.0 2.497320722677824 8 
0009 0009 1666425629284427 -169.25 -69.5 5.559146375297564 8 
0009 0011 1666425629285324 43.125 -64.5 2.1598449493429825 8 
0009 0003 1666425629286262 8.9375 -68.0 2.945243112740431 8 
0009 0008 1666425629287528 139.125 -67.5 1.8100973297050567 8 
0009 0014 1666425629289431 -17.0625 -61.0 3.736777199289422 8 
0009 0006 1666425629290541 4.0625 -67.0 5.442563835418255 8 
0009 0005 1666425629291469 -34.9375 -59.5 4.074252972624263 8 
0009 0004 1666425629294392 91.125 -66.0 1.0062913968529805 8 
0009 0000 1666425629336334 -21.1875 -76.5 2.1598449493429825 8 
0009 0002 1666425629343562 12.1875 -75.0 0.7424467013366504 8 
0009 0014 1666425629417977 8.9375 -61.0 3.5956509668039427 8 
0009 0003 1666425629418890 -8.9375 -67.5 4.227651051412827 8 
0009 0010 1666425629421603 -8.9375 -58.5 4.902602598082509 8 
0009 0002 1666425629423637 -26.0 -71.5 5.896622148632405 8 
0009 0005 1666425629424534 -61.0 -56.5 5.632777453116074 8 
0009 0011 1666425629425432 -82.1875 -66.5 5.681864838328415 8 
0009 0015 1666425629426360 65.0625 -65.5 1.3437671701878218 8 
0009 0006 1666425629427726 -48.0 -66.0 3.442252888015379 8 
0009 0004 1666425629429047 21.9375 -62.0 3.77972866135022 8 
0009 0007 1666425629430202 13.0 -62.0 4.362641360746763 8 
0009 0008 1666425629431257 -48.0 -67.0 4.657165672020807 8 
0009 0009 1666425629438404 -100.0625 -74.0 1.0185632431560658 8 
0009 0000 1666425629485710 0.4375 -78.5 1.1903690913992575 8 
0009 0008 1666425629542609 126.125 -67.0 5.957981380147831 8 
0009 0007 1666425629543478 -17.0625 -63.0 3.3870295796514958 8 
0009 0006 1666425629545713 117.125 -64.5 1.227184630308513 8 
0009 0002 1666425629546639 -126.125 -68.5 2.325514874434632 8 
0009 0014 1666425629548356 -8.9375 -62.0 3.8533597391687304 8 
0009 0005 1666425629549256 -43.125 -57.0 5.491651220630596 8 
0009 0011 1666425629550388 0.0 -58.5 1.9819031779482483 8 
0009 0010 1666425629552519 -4.0625 -58.5 6.019340611663256 8 
0009 0015 1666425629553551 65.0625 -61.0 4.3933209765044765 8 
0009 0003 1666425629567269 -516.75 -73.0 4.798291904506286 8 
0009 0000 1666425629568803 -156.1875 -76.0 5.301437602932776 8 
0009 0004 1666425629594498 -9.0 -77.5 1.8653206380689396 8 
0009 0011 1666425629670468 -17.0625 -61.0 2.3193789512830896 8 
0009 0010 1666425629672204 -39.0 -58.0 1.5892040962495242 8 
0009 0006 1666425629673399 13.0 -62.0 0.705631162427395 8 
0009 0005 1666425629674270 -78.0625 -61.0 4.6878452877785195 8 
0009 0002 1666425629675704 -117.125 -67.0 5.111223985234957 8 
0009 0007 1666425629677874 21.9375 -64.0 6.240233845118788 8 
0009 0008 1666425629678797 -8.9375 -65.5 1.282407938672396 8 
0009 0014 1666425629679640 -13.0 -63.5 3.9269908169872414 8 
0009 0012 1666425629680572 -134.25 -67.5 4.289010282928253 8 
0009 0004 1666425629683017 -173.3125 -74.0 1.509437095279471 8 
0009 0000 1666425629742548 -5.625 -78.5 0.5338253141842031 8 
0009 0013 1666425629751450 4.25 -77.0 4.700117134081604 8 
0009 0015 1666425629755170 3.1875 -69.0 0.6320000846088841 8 
0009 0011 1666425629805002 -13.0 -58.5 3.454524734318464 8 
0009 0013 1666425629806240 -4.0625 -65.5 3.5833791205008576 8 
0009 0008 1666425629807649 -30.0625 -66.5 2.650718801466388 8 
0009 0005 1666425629808801 8.9375 -66.0 2.5280003384355365 8 
0009 0014 1666425629809942 -13.0 -69.0 3.3870295796514958 8 
0009 0006 1666425629812168 8.9375 -59.0 3.411573272257666 8 
0009 0002 1666425629813097 -121.25 -68.0 1.4971652489763858 8 
0009 0007 1666425629815103 -43.125 -64.0 4.540583132141498 8 
0009 0010 1666425629817099 91.125 -62.5 2.5280003384355365 8 
0009 0015 1666425629818043 -113.0625 -66.0 2.411417798556228 8 
0009 0012 1666425629819143 -134.25 -66.0 4.792155981354743 8 
0009 0009 1666425629820228 -113.0625 -67.5 0.5890486225480862 8 
0009 0000 1666425629840752 26.0625 -77.0 4.693981210930062 8 
0009 0004 1666425629851573 28.5 -78.5 4.264466590322082 8 
0009 0006 1666425629925389 8.9375 -60.5 0.859029241215959 8 
0009 0012 1666425629926336 -251.4375 -70.0 5.436427912266712 8 
0009 0014 1666425629927475 56.125 -69.0 3.423845118560751 8 
0009 0005 1666425629929366 -13.0 -66.0 2.2089323345553233 8 
0009 0015 1666425629933071 -26.0 -65.5 1.4971652489763858 8 
0009 0011 1666425629933981 4.0625 -60.0 5.074408446325701 8 
0009 0010 1666425629935103 -4.0625 -61.0 3.442252888015379 8 
0009 0002 1666425629935988 -95.1875 -65.5 4.184699589352029 8 
0009 0008 1666425629936969 -100.0625 -64.0 3.77972866135022 8 
0009 0007 1666425629937855 -74.0 -68.5 4.061981126321178 8 
0009 0013 1666425629966159 3.1875 -73.5 0.17794177139473438 8 
0009 0000 1666425629997782 0.75 -78.0 3.847223816017188 8 
0009 0004 1666425630007837 4.875 -77.0 4.221515128261284 8 
0009 0008 1666425630080816 8.9375 -64.0 5.939573610693203 8 
0009 0005 1666425630082299 -82.1875 -63.5 5.184855063053467 8 
0009 0010 1666425630083649 -17.0625 -62.0 5.93343768754166 8 
0009 0013 1666425630085313 -78.0625 -70.0 1.239456476611598 8 
0009 0006 1666425630086435 17.0625 -61.5 4.577398671050753 8 
0009 0015 1666425630087365 65.0625 -62.5 1.0799224746714913 8 
0009 0011 1666425630089041 -17.0625 -61.5 1.5830681730979816 8 
0009 0014 1666425630089957 -204.25 -70.5 3.1906800388021335 8 
0009 0002 1666425630091772 4.0625 -63.5 0.6442719309119693 8 
0009 0007 1666425630092818 -108.1875 -70.5 4.706253057233147 8 
0009 0004 1666425630119890 30.9375 -78.0 5.6941366846315 8 
0009 0002 1666425630192755 -95.1875 -61.5 2.3009711818284617 8 
0009 0005 1666425630194234 74.0 -62.0 1.1658253987930873 8 
0009 0009 1666425630195150 425.5625 -71.5 1.325359400733194 8 
0009 0015 1666425630196514 -26.0 -60.0 1.2885438618239387 8 
0009 0011 1666425630197369 -17.0625 -58.0 4.147884050442774 8 
0009 0006 1666425630199437 0.0 -60.5 4.8351074434155406 8 
0009 0010 1666425630200382 87.0625 -64.0 1.4910293258248433 8 
0009 0008 1666425630202795 -4.0625 -63.5 2.423689644859313 8 
0009 0004 1666425630224073 4.875 -77.0 1.1965050145508 8 
0009 0012 1666425630285506 -5.9375 -72.5 5.368932757599744 8 
0009 0015 1666425630308865 56.125 -59.0 1.184233168247715 8 
0009 0002 1666425630310356 13.0 -62.0 4.006757817957295 8 
0009 0011 1666425630312026 13.0 -55.0 0.07363107781851078 8 
0009 0005 1666425630312953 -61.0 -65.5 4.8351074434155406 8 
0009 0008 1666425630314100 4.0625 -61.5 4.743068596142402 8 
0009 0006 1666425630315948 -17.0625 -60.5 4.049709280018092 8 
0009 0009 1666425630317702 -13.0 -67.0 2.736621725587984 8 
0009 0010 1666425630319053 -87.0625 -70.5 3.847223816017188 8 
0009 0004 1666425630320687 204.25 -70.5 2.2764274892222915 8 
0009 0000 1666425630345014 -2.4375 -76.5 4.853515212870168 8 
0009 0005 1666425630426592 -8.9375 -58.5 2.82252464970958 8 
0009 0004 1666425630427663 95.1875 -62.5 3.6876898140770815 8 
0009 0006 1666425630428532 26.0 -56.0 2.988194574801229 8 
0009 0002 1666425630429456 -21.9375 -61.0 5.45483568172134 8 
0009 0009 1666425630430341 -8.9375 -71.0 3.6017868899554855 8 
0009 0011 1666425630431766 26.0 -54.0 1.2087768608538851 8 
0009 0010 1666425630433019 -13.0 -65.5 0.20248546400090464 8 
0009 0007 1666425630433935 -143.1875 -67.5 2.705942109830271 8 
0009 0015 1666425630434919 39.0 -60.0 1.2087768608538851 8 
0009 0008 1666425630435810 0.0 -61.5 0.07976700097005335 8 
0009 0003 1666425630462595 21.9375 -77.5 5.141903600992669 8 
0009 0000 1666425630479811 -4.875 -77.5 3.9208548938356986 8 
