0009 0006 1666425994892464 277.4375 -72.5 6.074563920027139 8 
0009 0004 1666425994918403 4.875 -74.0 1.4419419406125027 8 
0009 0005 1666425994996807 -113.0625 -69.5 0.5031456984264903 8 
0009 0011 1666425994998799 -78.0625 -64.5 1.9880391010997909 8 
0009 0015 1666425995000005 -8.9375 -69.5 0.48473792897186263 8 
0009 0008 1666425995027091 18.75 -74.0 6.234097921967246 8 
0009 0007 1666425995032614 29.25 -74.0 4.528311285838413 8 
0009 0009 1666425995103494 -2.9375 -75.0 5.264622064023521 8 
0009 0014 1666425995109618 2.125 -73.0 0.22089323345553233 8 
0009 0015 1666425995120278 43.125 -69.0 0.705631162427395 8 
0009 0014 1666425995121448 -169.25 -70.5 3.6386024288647407 8 
0009 0008 1666425995124797 -48.0 -71.5 1.4358060174609601 8 
0009 0011 1666425995198503 5.625 -73.5 2.2641556429192065 8 
0009 0007 1666425995202302 -6.8125 -76.0 5.829126993965437 8 
0009 0003 1666425995247539 13.5 -76.0 1.9696313316451632 8 
0009 0005 1666425995262199 -1.875 -75.0 1.7916895602504288 8 
0009 0014 1666425995269213 143.1875 -70.5 2.767301341345697 8 
0009 0011 1666425995271173 126.125 -68.0 0.05522330836388308 8 
0009 0008 1666425995278377 -191.1875 -69.0 4.01902966426038 8 
0009 0007 1666425995282668 -78.0625 -73.0 4.264466590322082 8 
0009 0005 1666425995283816 -212.375 -71.0 5.491651220630596 8 
0009 0002 1666425995311194 -27.5625 -77.5 0.2270291566070749 8 
0009 0004 1666425995363540 -4.25 -74.5 4.0558452031696355 8 
0009 0012 1666425995390436 2.3125 -74.0 1.859184714917397 8 
0009 0008 1666425995397030 21.9375 -67.5 5.583690067903734 8 
0009 0011 1666425995399222 34.9375 -68.0 1.8346410223112268 8 
0009 0004 1666425995401229 117.125 -69.5 1.3867186322486196 8 
0009 0007 1666425995402159 -130.1875 -70.5 4.878058905476339 8 
0009 0005 1666425995404023 -126.125 -69.0 0.0674951546669682 8 
0009 0014 1666425995405626 34.9375 -70.5 2.4605051837685683 8 
0009 0002 1666425995406521 -17.0625 -74.0 1.4664856332186729 8 
0009 0012 1666425995431006 15.375 -72.0 5.178719139901925 8 
0009 0005 1666425995507570 108.1875 -67.0 0.7669903939428205 8 
0009 0002 1666425995508464 26.0 -71.5 2.3316507975861747 8 
0009 0008 1666425995512787 56.125 -68.5 0.7363107781851077 8 
0009 0014 1666425995515361 17.0625 -70.5 2.466641106920111 8 
0009 0012 1666425995516278 -78.0625 -68.0 5.798447378207723 8 
0009 0004 1666425995517373 21.9375 -67.0 2.9697868053466014 8 
0009 0011 1666425995518371 65.0625 -68.5 5.141903600992669 8 
0009 0015 1666425995610784 -0.875 -72.0 1.1167380135807468 8 
0009 0012 1666425995623941 8.9375 -66.5 1.030835089459151 8 
0009 0014 1666425995625367 13.0 -70.0 2.2212041808584084 8 
0009 0004 1666425995627059 -8.9375 -68.0 5.295301679781233 8 
0009 0011 1666425995629384 -13.0 -64.0 1.1658253987930873 8 
0009 0002 1666425995630296 104.125 -69.5 3.6815538909255388 8 
0009 0005 1666425995631206 8.9375 -65.0 1.3499030933393643 8 
0009 0015 1666425995632079 43.125 -68.0 1.3130875544301088 8 
0009 0008 1666425995634965 199.375 -68.5 1.6444274046134073 8 
0009 0005 1666425995731308 -4.0625 -64.5 1.2455923997631406 8 
0009 0008 1666425995733527 -30.0625 -70.5 2.8777479580734626 8 
0009 0014 1666425995734754 160.3125 -70.5 1.509437095279471 8 
0009 0002 1666425995735891 178.1875 -70.5 4.626486056263094 8 
0009 0012 1666425995739446 0.0 -67.0 2.0800779483729293 8 
0009 0011 1666425995740461 -13.0 -63.5 2.086213871524472 8 
0009 0006 1666425995754989 31.3125 -75.5 4.862719097597482 8 
0009 0004 1666425995794576 10.9375 -74.5 6.215690152512618 8 
0009 0010 1666425995803638 12.3125 -75.5 0.2761165418194154 8 
0009 0015 1666425995807997 -0.75 -73.0 5.810719224510809 8 
0009 0007 1666425995812358 -2.4375 -74.5 4.338097668140593 8 
0009 0004 1666425995861566 204.25 -68.5 4.289010282928253 8 
0009 0011 1666425995863793 13.0 -65.0 2.1537090261914402 8 
0009 0007 1666425995864989 -13.0 -72.0 3.9699422790480394 8 
0009 0015 1666425995865944 0.0 -64.0 4.166291819897402 8 
0009 0005 1666425995868089 39.0 -64.5 1.1965050145508 8 
0009 0010 1666425995870262 -39.0 -66.5 3.810408277107933 8 
0009 0012 1666425995872880 30.0625 -69.5 2.675262494072558 8 
0009 0014 1666425995874965 87.0625 -71.0 2.8409324191642074 8 
0009 0008 1666425995897953 15.375 -74.0 5.786175531904639 8 
0009 0015 1666425995976415 48.0 -61.5 5.356660911296659 8 
0009 0014 1666425995977442 34.9375 -67.0 2.6200391857086753 8 
0009 0005 1666425995980538 -8.9375 -65.0 1.3008157081270237 8 
0009 0013 1666425995981945 61.0 -71.0 1.2946797849754812 8 
0009 0004 1666425995988166 4.0625 -66.0 0.6504078540635119 8 
0009 0011 1666425995989079 21.9375 -65.5 3.411573272257666 8 
0009 0008 1666425995990216 -13.0 -71.5 0.6810874698212247 8 
0009 0011 1666425996089143 -4.0625 -68.5 4.669437518323892 8 
0009 0004 1666425996090088 39.0 -71.0 2.2764274892222915 8 
0009 0002 1666425996091240 -39.0 -67.5 1.1535535524900022 8 
0009 0015 1666425996092083 -26.0 -61.0 0.8283496254582462 8 
0009 0005 1666425996093989 34.9375 -63.5 1.736466251886546 8 
0009 0008 1666425996095455 95.1875 -67.0 1.7671458676442586 8 
0009 0014 1666425996098061 52.0625 -68.0 2.4175537217077703 8 
0009 0008 1666425996194889 -21.9375 -66.0 3.3747577333484107 8 
0009 0011 1666425996196653 -30.0625 -69.0 0.7915340865489908 8 
0009 0014 1666425996200873 -48.0 -67.0 2.9391071895888885 8 
0009 0005 1666425996203936 39.0 -64.5 2.3439226438892597 8 
0009 0015 1666425996205754 -30.0625 -66.0 1.5585244804918115 8 
0009 0002 1666425996206681 -121.25 -68.5 2.60776733940559 8 
0009 0004 1666425996217125 43.5 -73.5 5.405748296509 8 
0009 0012 1666425996244247 6.0625 -75.5 0.6688156235181395 8 
0009 0010 1666425996311832 0.625 -74.0 6.117515382087937 8 
0009 0004 1666425996318322 56.125 -68.5 0.5399612373357456 8 
0009 0014 1666425996319489 -17.0625 -65.0 4.479223900626073 8 
0009 0012 1666425996321172 -56.125 -71.5 1.7732817907958012 8 
0009 0008 1666425996322267 65.0625 -68.0 5.5100589900852235 8 
0009 0011 1666425996327079 143.1875 -69.5 2.8716120349219203 8 
0009 0010 1666425996331046 13.0 -70.5 3.4913402732277192 8 
0009 0015 1666425996332907 -173.3125 -70.0 2.000310947402876 8 
0009 0010 1666425996344012 17.4375 -72.0 0.4172427743048944 8 
0009 0002 1666425996433808 0.4375 -74.5 5.964117303299373 8 
0009 0005 1666425996439929 -3.8125 -74.0 1.3621749396424494 8 
0009 0008 1666425996448712 87.0625 -68.5 1.576932249946439 8 
0009 0010 1666425996452537 -130.1875 -67.5 4.994641445355648 8 
0009 0002 1666425996453476 -52.0625 -70.5 2.9145634969827183 8 
0009 0014 1666425996454404 -39.0 -65.0 5.516194913236766 8 
0009 0011 1666425996457184 -290.5 -69.0 5.5714182216006485 8 
0009 0005 1666425996473748 -12.9375 -73.0 5.424156065963627 8 
0009 0015 1666425996530266 5.625 -73.5 5.399612373357457 8 
0009 0011 1666425996585774 -243.3125 -70.0 1.2578642460662257 8 
0009 0008 1666425996587075 -17.0625 -66.5 3.7122335066832517 8 
0009 0005 1666425996587977 121.25 -67.5 4.71238898038469 8 
0009 0002 1666425996588874 130.1875 -66.5 4.086524818927348 8 
0009 0010 1666425996592061 -139.125 -67.0 6.17273869045182 8 
0009 0014 1666425996593000 -4.0625 -67.0 6.178874613603362 8 
0009 0015 1666425996616554 12.1875 -72.5 5.608233760509904 8 
0009 0004 1666425996694160 -251.4375 -72.0 0.5338253141842031 8 
0009 0011 1666425996695911 -39.0 -71.0 2.3316507975861747 8 
0009 0005 1666425996697795 4.0625 -63.5 5.93343768754166 8 
0009 0009 1666425996698758 -364.5625 -72.0 5.773903685601553 8 
0009 0014 1666425996699953 87.0625 -71.0 0.11658253987930872 8 
0009 0008 1666425996701076 82.1875 -66.5 4.9823695990525625 8 
0009 0002 1666425996703618 -117.125 -66.0 4.97623367590102 8 
0009 0010 1666425996704530 147.25 -69.5 0.8774370106705868 8 
0009 0009 1666425996708585 11.75 -73.5 2.5617479157690206 8 
0009 0004 1666425996715945 24.0 -73.5 0.4908738521234052 8 
0009 0015 1666425996734974 -1.625 -73.5 6.062292073724054 8 
0009 0007 1666425996807359 -2.875 -75.5 4.424000592262189 8 
0009 0010 1666425996825461 204.25 -70.0 3.54042765844006 8 
0009 0008 1666425996830469 26.0 -69.0 0.006135923151542565 8 
0009 0005 1666425996832554 -48.0 -64.5 2.018718716857504 8 
0009 0002 1666425996837642 -178.1875 -68.0 5.810719224510809 8 
0009 0007 1666425996916423 6.125 -75.0 3.6017868899554855 8 
0009 0011 1666425996931181 -3.1875 -73.5 1.2701360923693108 8 
0009 0008 1666425996952841 130.1875 -70.5 1.0799224746714913 8 
0009 0002 1666425996954290 -195.25 -71.5 0.1043106935762236 8 
0009 0007 1666425996955203 -17.0625 -68.5 5.21553467881118 8 
0009 0006 1666425996958900 4.0625 -67.0 2.116893487282185 8 
0009 0004 1666425996959816 65.0625 -68.5 2.705942109830271 8 
0009 0010 1666425996960740 8.9375 -65.0 5.595961914206819 8 
0009 0014 1666425996961684 -21.9375 -65.5 1.0737865515199487 8 
0009 0005 1666425996964288 156.1875 -67.5 1.3560390164909069 8 
0009 0008 1666425997060398 -74.0 -70.0 2.9329712664373457 8 
0009 0010 1666425997062390 30.0625 -62.0 0.2761165418194154 8 
0009 0013 1666425997063261 199.375 -70.5 1.3928545554001621 8 
0009 0005 1666425997064854 208.3125 -67.5 4.387185053352934 8 
0009 0007 1666425997067934 -52.0625 -69.0 5.405748296509 8 
0009 0014 1666425997070195 -17.0625 -67.0 2.454369260617026 8 
0009 0004 1666425997071124 -152.125 -67.5 1.6751070203711202 8 
0009 0014 1666425997170169 17.0625 -61.0 3.1231848841351653 8 
0009 0007 1666425997171058 -143.1875 -66.5 3.423845118560751 8 
0009 0008 1666425997171982 48.0 -72.5 4.9823695990525625 8 
0009 0005 1666425997173601 8.9375 -64.5 1.4787574795217582 8 
0009 0010 1666425997175420 -17.0625 -61.0 1.6444274046134073 8 
0009 0004 1666425997176702 -208.3125 -70.5 0.2086213871524472 8 
0009 0004 1666425997302850 78.0625 -69.0 1.0369710126106935 8 
0009 0014 1666425997303947 74.0 -65.0 2.3009711818284617 8 
0009 0007 1666425997305316 69.125 -66.0 1.5953400194010667 8 
0009 0008 1666425997308042 -48.0 -71.0 1.423534171157875 8 
0009 0010 1666425997311560 61.0 -63.0 3.368621810196868 8 
0009 0009 1666425997377308 -3.625 -75.5 4.620350133111551 8 
0009 0014 1666425997428470 -13.0 -65.0 3.890175278077986 8 
0009 0010 1666425997430501 -43.125 -62.0 6.031612457966341 8 
0009 0007 1666425997431955 -126.125 -67.5 4.338097668140593 8 
0009 0004 1666425997440089 56.125 -69.5 3.650874275167826 8 
0009 0008 1666425997443196 126.125 -73.0 3.933126740138784 8 
0009 0010 1666425997554309 48.0 -60.0 2.086213871524472 8 
0009 0007 1666425997555975 52.0625 -68.0 5.227806525114265 8 
0009 0005 1666425997557143 -147.25 -70.5 1.4051264017032472 8 
0009 0014 1666425997558989 21.9375 -64.0 3.9453985864418692 8 
0009 0006 1666425997560641 -173.3125 -72.5 3.56497135104623 8 
0009 0004 1666425997563270 17.0625 -71.5 0.28838838812250056 8 
0009 0014 1666425997660341 26.0 -65.0 3.8410878928656453 8 
0009 0005 1666425997664147 -13.0 -69.0 2.5709518004963345 8 
0009 0010 1666425997665059 21.9375 -59.0 3.552699504743145 8 
0009 0007 1666425997667884 182.25 -68.0 5.117359908386499 8 
0009 0004 1666425997670817 264.4375 -69.0 3.2949907323783574 8 
0009 0015 1666425997680098 30.5 -72.5 5.089748254204557 8 
0009 0012 1666425997681334 -21.5625 -72.0 5.344389064993574 8 
0009 0011 1666425997722160 5.3125 -74.0 5.737088146692298 8 
0009 0010 1666425997775983 0.0 -60.5 4.9823695990525625 8 
0009 0012 1666425997776889 -52.0625 -66.5 0.21475731030398976 8 
0009 0007 1666425997778269 30.0625 -65.5 4.295146206079795 8 
0009 0005 1666425997779139 -13.0 -64.5 3.466796580621549 8 
0009 0014 1666425997781301 -26.0 -68.0 3.454524734318464 8 
0009 0011 1666425997783548 -139.125 -71.0 3.184544115650591 8 
0009 0004 1666425997785596 21.9375 -70.0 5.534602682691394 8 
0009 0014 1666425997882847 8.9375 -67.0 3.3195344249845276 8 
0009 0005 1666425997885999 48.0 -63.5 3.1661363461959633 8 
0009 0010 1666425997887477 -43.125 -65.0 6.240233845118788 8 
0009 0012 1666425997888628 0.0 -62.5 1.9082721001297376 8 
0009 0011 1666425997889503 -56.125 -69.0 4.06811704947272 8 
0009 0007 1666425997891873 -52.0625 -67.0 2.521864415283994 8 
0009 0002 1666425997898733 -30.0625 -72.5 3.485204350076177 8 
0009 0006 1666425997913384 9.75 -77.0 1.5892040962495242 8 
0009 0008 1666425997917842 -13.875 -73.5 0.5031456984264903 8 
0009 0004 1666425997995306 -1.25 -75.5 1.6014759425526093 8 
0009 0012 1666425998010313 0.0 -66.0 3.356349963893783 8 
0009 0014 1666425998011249 217.25 -69.0 2.497320722677824 8 
0009 0005 1666425998014798 -26.0 -64.5 2.748893571891069 8 
0009 0010 1666425998016006 43.125 -67.5 1.846912868614312 8 
0009 0011 1666425998017190 -126.125 -68.5 5.0253210611133605 8 
0009 0002 1666425998018624 -56.125 -69.5 4.804427827657828 8 
0009 0008 1666425998027813 212.375 -72.0 1.2885438618239387 8 
0009 0015 1666425998072118 4.0625 -69.5 1.2885438618239387 8 
0009 0005 1666425998129853 34.9375 -66.5 2.356194490192345 8 
0009 0012 1666425998132655 -39.0 -69.5 3.2581751934691017 8 
0009 0010 1666425998133695 65.0625 -71.5 3.098641191528995 8 
0009 0011 1666425998135488 104.125 -66.0 5.252350217720435 8 
0009 0013 1666425998140002 39.0 -71.0 0.4908738521234052 8 
0009 0015 1666425998141584 -117.125 -67.0 0.3190680038802134 8 
0009 0014 1666425998145312 208.3125 -72.0 3.865631585471816 8 
0009 0008 1666425998194430 10.1875 -75.0 0.5399612373357456 8 
0009 0002 1666425998224614 -2.6875 -75.0 6.135923151542564 8 
0009 0015 1666425998254353 0.0 -58.5 0.7301748550335652 8 
0009 0014 1666425998255513 -21.9375 -69.5 3.5465635815916023 8 
0009 0005 1666425998256629 290.5 -66.5 2.448233337465483 8 
0009 0013 1666425998260789 -21.9375 -67.5 1.6444274046134073 8 
0009 0011 1666425998263715 -182.25 -65.0 1.2026409377023426 8 
0009 0010 1666425998264641 -78.0625 -65.0 4.368777283898306 8 
0009 0008 1666425998271566 -17.0625 -71.0 4.534447208989955 8 
0009 0006 1666425998272507 -30.0625 -73.5 0.15339807878856412 8 
0009 0004 1666425998273451 104.125 -71.5 6.025476534814799 8 
0009 0002 1666425998283514 9.75 -70.5 4.534447208989955 8 
0009 0004 1666425998372401 -139.125 -70.0 1.8960002538266525 8 
0009 0014 1666425998374404 39.0 -69.0 3.0925052683774528 8 
0009 0015 1666425998375563 4.0625 -61.5 1.576932249946439 8 
0009 0008 1666425998376957 -34.9375 -68.0 6.215690152512618 8 
0009 0005 1666425998377855 -91.125 -66.0 4.04357335686655 8 
0009 0013 1666425998378823 95.1875 -70.5 2.693670263527186 8 
0009 0011 1666425998381193 87.0625 -65.0 2.8961557275280905 8 
0009 0010 1666425998382233 -39.0 -65.0 5.64504929941916 8 
0009 0002 1666425998383982 -87.0625 -65.0 0.09817477042468103 8 
0009 0006 1666425998477389 -1.125 -78.0 4.847379289718626 8 
0009 0002 1666425998492239 -30.0625 -66.0 1.6014759425526093 8 
0009 0011 1666425998493154 43.125 -64.0 5.301437602932776 8 
0009 0010 1666425998494094 -56.125 -69.0 1.0246991663076084 8 
0009 0015 1666425998495515 -8.9375 -65.0 2.1537090261914402 8 
0009 0008 1666425998497392 152.125 -68.0 1.8039614065535141 8 
0009 0004 1666425998498546 130.1875 -65.5 4.0128937411088375 8 
0009 0014 1666425998500921 78.0625 -68.5 3.9699422790480394 8 
0009 0013 1666425998502103 -321.4375 -73.0 6.025476534814799 8 
0009 0006 1666425998525700 34.9375 -77.5 5.006913291658733 8 
0009 0005 1666425998598554 2.5 -73.0 0.803805932852076 8 
0009 0008 1666425998611691 -17.0625 -69.0 4.147884050442774 8 
0009 0011 1666425998612803 -56.125 -61.5 1.7241944055834606 8 
0009 0013 1666425998613942 -130.1875 -72.0 1.0676506283684062 8 
0009 0005 1666425998617189 0.0 -68.5 4.252194744018997 8 
0009 0014 1666425998619644 -217.25 -71.5 5.835262917116979 8 
0009 0004 1666425998621178 -34.9375 -66.0 6.086835766330224 8 
0009 0015 1666425998622147 21.9375 -66.0 2.2580197197676637 8 
0009 0002 1666425998623245 65.0625 -68.5 3.902447124381071 8 
0009 0006 1666425998652841 -4.875 -79.5 0.35588354278946877 8 
0009 0002 1666425998735196 95.1875 -66.0 6.062292073724054 8 
0009 0015 1666425998736449 -4.0625 -64.5 2.466641106920111 8 
0009 0004 1666425998738683 -48.0 -66.5 1.1044661672776617 8 
0009 0011 1666425998739594 4.0625 -60.0 3.847223816017188 8 
0009 0005 1666425998740507 -21.9375 -64.5 5.6941366846315 8 
0009 0008 1666425998741433 78.0625 -69.0 6.2463697682703305 8 
0009 0013 1666425998742583 87.0625 -68.0 2.5464081078901644 8 
0009 0014 1666425998745796 165.1875 -70.5 0.5706408530934585 8 
0009 0006 1666425998837473 -8.4375 -78.5 1.6260196351587797 8 
0009 0007 1666425998847833 7.3125 -74.5 3.865631585471816 8 
0009 0015 1666425998854812 -26.0 -63.5 2.705942109830271 8 
0009 0002 1666425998855695 -52.0625 -64.0 1.2578642460662257 8 
0009 0004 1666425998857657 74.0 -65.5 2.4605051837685683 8 
0009 0007 1666425998858869 152.125 -72.0 4.25833066717054 8 
0009 0011 1666425998862249 -56.125 -57.0 5.227806525114265 8 
0009 0014 1666425998863120 165.1875 -70.0 0.9019807032767571 8 
0009 0013 1666425998864003 -134.25 -67.5 4.669437518323892 8 
0009 0008 1666425998864899 212.375 -67.0 1.5585244804918115 8 
0009 0005 1666425998866576 39.0 -70.5 0.8222137023067037 8 
0009 0006 1666425998892814 -30.0 -76.0 4.8351074434155406 8 
0009 0008 1666425998969719 4.0625 -66.0 2.5832236467994196 8 
0009 0007 1666425998971373 147.25 -70.0 6.0991076126333095 8 
0009 0004 1666425998972326 -91.125 -66.0 2.6016314162540475 8 
0009 0013 1666425998973707 -48.0 -66.5 5.270757987175063 8 
0009 0005 1666425998974916 -234.3125 -72.0 5.841398840268521 8 
0009 0011 1666425998975799 -78.0625 -58.0 5.890486225480862 8 
0009 0002 1666425998977475 -56.125 -63.5 1.7855536370988863 8 
0009 0015 1666425998979637 -39.0 -65.0 2.705942109830271 8 
0009 0006 1666425999035936 -5.3125 -76.5 5.178719139901925 8 
0009 0011 1666425999084852 -21.9375 -58.0 0.4356505437595221 8 
0009 0002 1666425999085793 69.125 -63.0 2.067806102069844 8 
0009 0013 1666425999088307 178.1875 -69.5 6.000932842208628 8 
0009 0007 1666425999090073 -108.1875 -65.0 5.448699758569798 8 
0009 0005 1666425999091013 13.0 -66.0 1.055378782065321 8 
0009 0008 1666425999092178 13.0 -65.0 3.6079228131070282 8 
0009 0004 1666425999093078 48.0 -67.5 2.890019804376548 8 
0009 0015 1666425999095698 -130.1875 -63.5 2.6875343403756435 8 
0009 0006 1666425999097644 -186.3125 -70.0 4.037437433715008 8 
0009 0003 1666425999114372 42.25 -78.0 1.6689710972195777 8 
0009 0010 1666425999148131 7.125 -71.5 4.908738521234052 8 
0009 0008 1666425999202472 26.0 -65.0 4.620350133111551 8 
0009 0015 1666425999203955 108.1875 -70.0 2.9022916506796332 8 
0009 0011 1666425999205104 21.9375 -60.0 2.116893487282185 8 
0009 0004 1666425999206779 30.0625 -65.0 3.472932503773092 8 
0009 0010 1666425999207931 -39.0 -65.5 5.872078456026235 8 
0009 0014 1666425999210700 4.0625 -61.5 2.1659808724945253 8 
0009 0007 1666425999212536 126.125 -65.5 5.043728830567988 8 
0009 0002 1666425999213715 39.0 -64.0 2.552544031041707 8 
0009 0005 1666425999226481 -35.75 -72.0 6.007068765360171 8 
0009 0003 1666425999234476 26.8125 -76.5 6.080699843178682 8 
0009 0011 1666425999318892 26.0 -61.0 3.4054373491061236 8 
0009 0008 1666425999320522 -4.0625 -64.0 6.074563920027139 8 
0009 0014 1666425999321620 13.0 -55.5 1.1474176293384597 8 
0009 0004 1666425999323243 -61.0 -70.0 2.748893571891069 8 
0009 0009 1666425999324128 30.0625 -69.0 4.448544284868359 8 
0009 0002 1666425999328429 126.125 -65.5 3.1906800388021335 8 
0009 0007 1666425999330871 30.0625 -68.0 4.6448938257177215 8 
0009 0010 1666425999333108 34.9375 -65.5 1.239456476611598 8 
0009 0005 1666425999334022 -52.0625 -68.0 1.7855536370988863 8 
0009 0013 1666425999395486 0.0 -75.0 4.675573441475434 8 
0009 0009 1666425999439904 -100.0625 -71.0 0.34974761963792617 8 
0009 0011 1666425999440816 -13.0 -59.5 3.9208548938356986 8 
0009 0005 1666425999441744 -100.0625 -68.5 4.1601558967458585 8 
0009 0007 1666425999442901 -65.0625 -67.0 2.4605051837685683 8 
0009 0014 1666425999444545 -8.9375 -56.5 3.8963112012295285 8 
0009 0008 1666425999446179 -13.0 -63.5 1.6260196351587797 8 
0009 0010 1666425999447704 26.0 -67.0 2.6445828783148455 8 
0009 0002 1666425999452631 -288.875 -72.5 4.884194828627882 8 
0009 0006 1666425999456192 -82.1875 -72.5 4.196971435655114 8 
0009 0004 1666425999471583 -40.6875 -74.5 5.64504929941916 8 
0009 0004 1666425999557915 -321.4375 -72.0 3.436116964863836 8 
0009 0011 1666425999559974 -39.0 -59.0 4.963961829597935 8 
0009 0008 1666425999561466 -13.0 -64.5 3.448388811166921 8 
0009 0014 1666425999562351 -61.0 -58.5 4.595806440505381 8 
0009 0005 1666425999563264 4.0625 -69.0 5.884350302329319 8 
0009 0009 1666425999564393 91.125 -71.5 2.380738182798515 8 
0009 0010 1666425999565740 82.1875 -68.0 4.669437518323892 8 
0009 0007 1666425999567205 -91.125 -65.0 5.135767677841127 8 
0009 0006 1666425999572052 -52.0625 -73.0 5.092816215780329 8 
0009 0003 1666425999606048 29.25 -74.5 0.5460971604872883 8 
0009 0002 1666425999654513 12.9375 -78.0 4.565126824747668 8 
0009 0005 1666425999702873 -56.125 -68.5 2.2886993355253766 8 
0009 0011 1666425999703752 0.0 -61.0 1.2333205534600555 8 
0009 0014 1666425999704835 0.0 -60.5 5.013049214810275 8 
0009 0007 1666425999705810 -21.9375 -64.5 0.1349903093339364 8 
0009 0004 1666425999706938 78.0625 -71.5 5.0682725231741586 8 
0009 0008 1666425999710100 -74.0 -64.5 6.037748381117884 8 
0009 0010 1666425999714416 21.9375 -65.0 1.227184630308513 8 
0009 0009 1666425999744560 -3.1875 -73.5 5.66959299202533 8 
0009 0006 1666425999747296 2.4375 -75.0 5.031456984264903 8 
0009 0002 1666425999770869 -7.75 -78.5 0.14726215563702155 8 
0009 0003 1666425999828586 -6.8125 -75.5 1.945087639038993 8 
0009 0005 1666425999845066 -17.0625 -65.0 3.785864584501762 8 
0009 0008 1666425999849343 17.0625 -65.5 1.5278448647340985 8 
0009 0010 1666425999850213 -82.1875 -68.5 3.11091303783208 8 
0009 0011 1666425999851436 82.1875 -61.5 3.160000423044421 8 
0009 0007 1666425999852306 13.0 -64.5 0.23316507975861744 8 
0009 0014 1666425999853862 -87.0625 -65.5 5.148039524144211 8 
0009 0004 1666425999856257 303.5 -72.0 1.6505633277649499 8 
0009 0003 1666425999857810 360.5 -72.0 2.227340104009951 8 
0009 0009 1666425999859683 -87.0625 -71.5 0.9387962421860124 8 
0009 0006 1666425999864333 -143.1875 -72.0 4.25833066717054 8 
0009 0002 1666425999886887 -8.0625 -76.5 2.012582793705961 8 
0009 0000 1666425999890942 4.0625 -78.0 5.252350217720435 8 
