0009 0011 1666427056955585 -26.0 -60.5 4.04357335686655 10 
0009 0008 1666427056956466 -21.9375 -67.5 5.3198453723874035 10 
0009 0007 1666427056958474 82.1875 -69.5 0.14726215563702155 10 
0009 0015 1666427056959570 -13.0 -70.0 5.767767762450011 10 
0009 0014 1666427056961311 -30.0625 -67.5 3.1968159619536762 10 
0009 0002 1666427056968505 -104.125 -71.0 1.3437671701878218 10 
0009 0006 1666427056997172 4.0625 -71.0 6.000932842208628 10 
0009 0014 1666427057072150 -65.0625 -68.0 3.368621810196868 10 
0009 0008 1666427057073884 -30.0625 -70.0 0.44178646691106466 10 
0009 0002 1666427057075632 147.25 -69.5 1.7426021750380885 10 
0009 0012 1666427057076816 -100.0625 -64.0 6.117515382087937 10 
0009 0011 1666427057077939 65.0625 -61.5 6.080699843178682 10 
0009 0006 1666427057078894 -43.125 -69.0 3.485204350076177 10 
0009 0011 1666427057177771 69.125 -62.5 0.8406214717613314 10 
0009 0006 1666427057179648 -195.25 -68.0 4.454680208019902 10 
0009 0005 1666427057180573 34.9375 -69.0 1.4848934026733007 10 
0009 0012 1666427057182764 91.125 -64.0 0.6994952392758523 10 
0009 0014 1666427057185362 -82.1875 -68.0 3.4177091954092087 10 
0009 0008 1666427057189720 8.9375 -70.5 1.7548740213411735 10 
0009 0002 1666427057216382 -9.75 -76.0 5.780039608753096 10 
0009 0014 1666427057290893 -225.375 -67.0 3.356349963893783 10 
0009 0006 1666427057293617 4.0625 -68.5 5.111223985234957 10 
0009 0005 1666427057294530 -56.125 -65.5 1.9144080232812801 10 
0009 0007 1666427057295473 74.0 -70.5 0.7976700097005334 10 
0009 0012 1666427057297594 -264.4375 -70.0 2.0493983326152168 10 
0009 0011 1666427057298731 52.0625 -65.0 2.043262409463674 10 
0009 0008 1666427057304357 21.9375 -70.5 2.8532042654672924 10 
0009 0015 1666427057348864 0.4375 -70.0 4.718524903536232 10 
0009 0005 1666427057405776 -52.0625 -66.0 2.2396119503130363 10 
0009 0011 1666427057408315 4.0625 -66.0 2.5893595699509624 10 
0009 0014 1666427057409613 -199.375 -66.0 3.767456815047135 10 
0009 0006 1666427057411351 43.125 -66.0 0.28225246497095796 10 
0009 0015 1666427057412776 56.125 -69.0 4.528311285838413 10 
0009 0007 1666427057414939 204.25 -67.5 0.8406214717613314 10 
0009 0008 1666427057416259 -61.0 -72.5 4.381049130201391 10 
0009 0008 1666427057513577 165.1875 -71.0 5.21553467881118 10 
0009 0005 1666427057516272 -87.0625 -65.5 2.724349879284899 10 
0009 0006 1666427057520369 17.0625 -63.5 1.6505633277649499 10 
0009 0015 1666427057521498 39.0 -64.0 2.0923497946760143 10 
0009 0011 1666427057522452 34.9375 -66.0 3.018874190558942 10 
0009 0007 1666427057523351 61.0 -70.0 0.8406214717613314 10 
0009 0010 1666427057524870 56.125 -71.5 4.4976316700806995 10 
0009 0013 1666427057526292 -21.9375 -70.0 1.325359400733194 10 
0009 0002 1666427057573147 -1.9375 -75.5 1.4480778637640452 10 
0009 0010 1666427057629917 82.1875 -68.0 5.031456984264903 10 
0009 0011 1666427057631467 21.9375 -65.5 3.865631585471816 10 
0009 0005 1666427057632581 -173.3125 -66.5 3.6447383520162835 10 
0009 0006 1666427057634640 34.9375 -63.0 2.9575149590435164 10 
0009 0007 1666427057638088 100.0625 -70.5 0.9940195505498954 10 
0009 0008 1666427057639810 39.0 -67.5 0.6504078540635119 10 
0009 0002 1666427057641560 78.0625 -70.5 4.921010367537137 10 
0009 0015 1666427057642504 -30.0625 -62.0 1.4664856332186729 10 
0009 0013 1666427057665502 -21.1875 -73.5 4.798291904506286 10 
0009 0007 1666427057744481 -65.0625 -71.0 1.4542137869155878 10 
0009 0006 1666427057745662 -56.125 -64.0 4.675573441475434 10 
0009 0008 1666427057746827 21.9375 -67.5 1.88986433067511 10 
0009 0010 1666427057747967 65.0625 -67.5 5.896622148632405 10 
0009 0015 1666427057748910 -30.0625 -59.0 1.8714565612204823 10 
0009 0011 1666427057750304 -17.0625 -64.0 5.418020142812084 10 
0009 0002 1666427057751967 26.0 -67.5 5.816855147662351 10 
0009 0005 1666427057754314 17.0625 -66.5 4.822835597112456 10 
0009 0004 1666427057760056 -48.0 -73.0 0.8651651643675016 10 
0009 0013 1666427057787376 6.5 -72.5 5.663457068873787 10 
0009 0014 1666427057859861 2.125 -74.0 0.1902136176978195 10 
0009 0015 1666427057875107 30.0625 -60.0 2.2334760271614935 10 
0009 0011 1666427057880909 43.125 -63.0 1.043106935762236 10 
0009 0008 1666427057881821 -126.125 -68.0 4.000621894805752 10 
0009 0006 1666427057885062 34.9375 -66.5 0.5031456984264903 10 
0009 0005 1666427057886950 152.125 -68.5 0.8835729338221293 10 
0009 0002 1666427057887846 -191.1875 -69.0 0.7792622402459057 10 
0009 0014 1666427057894935 55.3125 -71.5 0.11965050145508001 10 
0009 0012 1666427057925613 -0.4375 -74.0 4.988505522204105 10 
0009 0010 1666427057969519 0.625 -73.5 1.2517283229146832 10 
0009 0008 1666427057996577 -17.0625 -71.0 5.859806609723149 10 
0009 0015 1666427057998011 -43.125 -60.0 2.2948352586769194 10 
0009 0005 1666427057999676 -8.9375 -67.5 3.08636934522591 10 
0009 0011 1666427058001900 -78.0625 -68.0 3.466796580621549 10 
0009 0014 1666427058003878 69.125 -67.5 3.730641276137879 10 
0009 0012 1666427058004822 108.1875 -69.0 2.282563412373834 10 
0009 0006 1666427058005732 4.0625 -64.5 2.3316507975861747 10 
0009 0010 1666427058007739 -82.1875 -69.5 5.221670601962723 10 
0009 0004 1666427058076620 1.0625 -76.5 5.970253226450915 10 
0009 0010 1666427058112048 143.1875 -68.0 6.135923151542564 10 
0009 0015 1666427058112962 -48.0 -60.0 2.3623304133438876 10 
0009 0006 1666427058116475 -30.0625 -66.0 4.031301510563465 10 
0009 0008 1666427058117500 -82.1875 -70.5 2.3316507975861747 10 
0009 0007 1666427058119492 -30.0625 -68.0 4.816699673960914 10 
0009 0005 1666427058120660 -69.125 -68.0 5.945709533844745 10 
0009 0011 1666427058121642 13.0 -71.5 6.22182607566416 10 
0009 0004 1666427058151044 20.25 -74.5 3.847223816017188 10 
0009 0014 1666427058226871 -5.4375 -72.5 1.6198837120072371 10 
0009 0010 1666427058234796 61.0 -68.5 0.5706408530934585 10 
0009 0004 1666427058235695 -8.9375 -73.5 1.4787574795217582 10 
0009 0015 1666427058237061 8.9375 -61.0 2.448233337465483 10 
0009 0008 1666427058238269 -147.25 -68.0 3.810408277107933 10 
0009 0006 1666427058239439 -65.0625 -66.5 6.037748381117884 10 
0009 0005 1666427058240564 117.125 -65.0 1.6260196351587797 10 
0009 0011 1666427058242239 -4.0625 -68.0 2.024854640009046 10 
0009 0002 1666427058244867 95.1875 -70.0 1.1106020904292042 10 
0009 0007 1666427058245810 -126.125 -67.5 6.258641614573416 10 
0009 0014 1666427058246766 91.125 -68.5 4.773748211900116 10 
0009 0010 1666427058344440 56.125 -65.0 1.1965050145508 10 
0009 0004 1666427058346125 -91.125 -70.5 2.172116795646068 10 
0009 0014 1666427058348984 -69.125 -70.5 2.767301341345697 10 
0009 0005 1666427058350349 82.1875 -64.0 2.5034566458293663 10 
0009 0011 1666427058351248 34.9375 -66.0 3.2827188860752723 10 
0009 0006 1666427058353138 -39.0 -64.5 1.2578642460662257 10 
0009 0015 1666427058354250 -43.125 -62.0 2.6813984172241008 10 
0009 0008 1666427058355531 -87.0625 -66.5 4.767612288748572 10 
0009 0002 1666427058356485 -39.0 -67.5 1.9757672547967058 10 
0009 0007 1666427058357542 -121.25 -71.5 1.1780972450961724 10 
0009 0014 1666427058454266 -78.0625 -68.0 3.485204350076177 10 
0009 0005 1666427058455901 43.125 -67.0 3.3379421944391554 10 
0009 0006 1666427058457095 -21.9375 -62.5 2.1475731030398975 10 
0009 0015 1666427058460098 -52.0625 -63.0 3.0127382674073995 10 
0009 0008 1666427058461415 -82.1875 -66.0 5.724816300389213 10 
0009 0004 1666427058463209 -65.0625 -72.0 3.2397674240144743 10 
0009 0011 1666427058465333 17.0625 -65.0 4.196971435655114 10 
0009 0010 1666427058466827 -26.0 -64.5 1.705786636128833 10 
0009 0002 1666427058467991 21.9375 -67.0 2.6261751088602177 10 
0009 0014 1666427058567052 65.0625 -63.0 1.4971652489763858 10 
0009 0015 1666427058567953 165.1875 -64.5 2.0800779483729293 10 
0009 0002 1666427058569089 -61.0 -68.5 3.2581751934691017 10 
0009 0010 1666427058569987 -26.0 -66.0 2.497320722677824 10 
0009 0006 1666427058571125 17.0625 -61.5 2.9943304979527716 10 
0009 0011 1666427058572761 61.0 -65.0 4.6448938257177215 10 
0009 0008 1666427058574110 -21.9375 -68.5 0.5399612373357456 10 
0009 0004 1666427058578570 325.5 -71.5 4.178563666200486 10 
0009 0014 1666427058675499 43.125 -64.0 2.018718716857504 10 
0009 0004 1666427058677163 113.0625 -73.0 5.448699758569798 10 
0009 0015 1666427058678900 173.3125 -65.0 2.018718716857504 10 
0009 0011 1666427058680281 52.0625 -65.5 5.289165756629691 10 
0009 0010 1666427058681191 -61.0 -65.5 3.9944859716542096 10 
0009 0006 1666427058684815 -26.0 -60.5 3.988350048502667 10 
0009 0008 1666427058686010 -130.1875 -70.0 2.116893487282185 10 
0009 0002 1666427058688337 -230.25 -69.5 5.00077736850719 10 
0009 0007 1666427058689235 -56.125 -72.5 5.013049214810275 10 
0009 0015 1666427058786372 78.0625 -64.5 2.0493983326152168 10 
0009 0010 1666427058787311 -4.0625 -65.0 5.608233760509904 10 
0009 0014 1666427058790048 -8.9375 -67.0 2.5034566458293663 10 
0009 0006 1666427058795219 -39.0 -61.0 5.246214294568893 10 
0009 0005 1666427058798467 -65.0625 -71.0 3.4177091954092087 10 
0009 0011 1666427058800256 -143.1875 -67.5 0.9142525495798421 10 
0009 0008 1666427058801576 -178.1875 -72.5 4.000621894805752 10 
0009 0007 1666427058830846 5.625 -74.5 0.6320000846088841 10 
0009 0002 1666427058870932 6.5 -77.5 1.1719613219446299 10 
0009 0010 1666427058925147 -8.9375 -64.0 1.533980787885641 10 
0009 0015 1666427058926290 121.25 -70.0 2.8654761117703775 10 
0009 0011 1666427058927174 -82.1875 -68.5 3.2090878082567613 10 
0009 0005 1666427058928037 0.0 -62.0 5.049864753719531 10 
0009 0014 1666427058931571 139.125 -70.5 2.650718801466388 10 
0009 0006 1666427058932480 17.0625 -64.0 1.184233168247715 10 
0009 0007 1666427058933750 -34.9375 -70.0 3.0127382674073995 10 
0009 0008 1666427059056625 -12.625 -76.0 4.957825906446392 10 
0009 0006 1666427059065417 -52.0625 -64.5 3.147728576741336 10 
0009 0005 1666427059066271 34.9375 -64.0 0.5460971604872883 10 
0009 0010 1666427059069836 -43.125 -63.5 3.5833791205008576 10 
0009 0014 1666427059070990 34.9375 -69.5 2.8102528034064944 10 
0009 0007 1666427059072417 108.1875 -68.0 5.074408446325701 10 
0009 0012 1666427059073330 -69.125 -63.0 0.1349903093339364 10 
0009 0011 1666427059074201 -74.0 -67.0 5.982525072754001 10 
0009 0004 1666427059075498 -69.125 -72.5 5.632777453116074 10 
0009 0008 1666427059122458 4.6875 -75.5 5.227806525114265 10 
0009 0010 1666427059178597 -121.25 -65.5 5.246214294568893 10 
0009 0012 1666427059180570 26.0 -60.0 0.9940195505498954 10 
0009 0006 1666427059181665 -39.0 -63.0 4.252194744018997 10 
0009 0011 1666427059183061 156.1875 -68.0 1.1535535524900022 10 
0009 0005 1666427059183931 -74.0 -64.0 1.7916895602504288 10 
0009 0014 1666427059185313 182.25 -71.5 3.1784081924990484 10 
0009 0007 1666427059187547 113.0625 -70.5 5.976389149602458 10 
0009 0004 1666427059188503 -238.4375 -70.5 0.662679700366597 10 
0009 0008 1666427059189669 -173.3125 -73.0 2.9636508821950587 10 
0009 0002 1666427059278015 2.1875 -76.0 3.8410878928656453 10 
0009 0012 1666427059297321 -91.125 -63.0 2.2089323345553233 10 
0009 0002 1666427059298232 126.125 -73.0 0.8467573949128739 10 
0009 0004 1666427059299694 78.0625 -69.5 1.0676506283684062 10 
0009 0006 1666427059301061 -43.125 -63.0 5.111223985234957 10 
0009 0008 1666427059302002 87.0625 -71.0 3.773592738198677 10 
0009 0015 1666427059303640 -21.9375 -67.0 0.6013204688511713 10 
0009 0005 1666427059304541 -65.0625 -62.5 2.5954954931025047 10 
0009 0010 1666427059306713 -48.0 -67.5 0.1595340019401067 10 
0009 0007 1666427059308507 87.0625 -70.5 0.5031456984264903 10 
0009 0011 1666427059310098 -30.0625 -71.0 2.5341362615870793 10 
0009 0014 1666427059311011 91.125 -69.5 2.7550294950426117 10 
0009 0004 1666427059408777 147.25 -68.5 1.8775924843720249 10 
0009 0010 1666427059411314 108.1875 -66.0 0.1595340019401067 10 
0009 0006 1666427059412211 -74.0 -62.0 5.835262917116979 10 
0009 0005 1666427059413874 -8.9375 -61.5 3.3502140407422405 10 
0009 0002 1666427059416440 56.125 -70.0 1.932815792735908 10 
0009 0015 1666427059417370 -39.0 -64.0 5.71868037723767 10 
0009 0012 1666427059418256 34.9375 -67.0 2.098485717827557 10 
0009 0007 1666427059419137 0.0 -69.0 1.7303303287350031 10 
0009 0008 1666427059420281 69.125 -69.0 4.448544284868359 10 
0009 0011 1666427059421209 143.1875 -71.0 3.0066023442558567 10 
0009 0013 1666427059422220 -204.25 -71.5 4.565126824747668 10 
0009 0004 1666427059521849 403.625 -68.0 2.497320722677824 10 
0009 0015 1666427059522957 -4.0625 -67.0 3.313398501832985 10 
0009 0013 1666427059523799 -100.0625 -67.0 6.215690152512618 10 
0009 0006 1666427059524983 87.0625 -62.0 0.380427235395639 10 
0009 0002 1666427059526152 264.4375 -67.5 2.386874105950058 10 
0009 0008 1666427059530120 -17.0625 -69.0 5.062136600022616 10 
0009 0010 1666427059531272 48.0 -64.0 1.3928545554001621 10 
0009 0012 1666427059533493 -30.0625 -66.5 2.012582793705961 10 
0009 0005 1666427059534959 21.9375 -62.0 3.9699422790480394 10 
0009 0007 1666427059537847 195.25 -71.5 1.8285050991596843 10 
0009 0011 1666427059540084 65.0625 -69.5 3.380893656499953 10 
0009 0003 1666427059643360 8.1875 -78.0 5.098952138931871 10 
0009 0006 1666427059651684 -4.0625 -62.5 2.024854640009046 10 
0009 0011 1666427059653337 -100.0625 -70.0 4.387185053352934 10 
0009 0007 1666427059655360 121.25 -73.0 2.5402721847386216 10 
0009 0005 1666427059656552 8.9375 -62.0 4.914874444385594 10 
0009 0010 1666427059657705 134.25 -68.5 3.1354567304382504 10 
0009 0013 1666427059658812 -13.0 -69.0 0.07363107781851078 10 
0009 0015 1666427059661438 17.0625 -60.0 0.6994952392758523 10 
0009 0002 1666427059662691 34.9375 -69.0 3.718369429834794 10 
0009 0008 1666427059664226 61.0 -71.5 5.9088939949354895 10 
0009 0012 1666427059665156 -113.0625 -68.0 2.9145634969827183 10 
0009 0004 1666427059666322 -100.0625 -68.5 4.190835512503572 10 
0009 0003 1666427059689916 5.625 -78.0 5.399612373357457 10 
0009 0015 1666427059767518 -30.0625 -61.0 0.25157284921324513 10 
0009 0006 1666427059770031 8.9375 -62.0 3.6999616603801666 10 
0009 0005 1666427059771201 -4.0625 -64.5 6.111379458936394 10 
0009 0004 1666427059772596 -113.0625 -70.0 5.1725832167503825 10 
0009 0007 1666427059773737 -56.125 -68.0 4.295146206079795 10 
0009 0010 1666427059775374 -91.125 -66.0 4.945554060143307 10 
0009 0002 1666427059779289 -507.75 -73.5 5.822991070813893 10 
0009 0011 1666427059782195 -87.0625 -69.5 6.2034183062095325 10 
0009 0012 1666427059802107 4.0625 -73.5 4.454680208019902 10 
0009 0007 1666427059882478 -87.0625 -71.5 5.982525072754001 10 
0009 0011 1666427059885644 186.3125 -68.0 1.7119225592803755 10 
0009 0010 1666427059886838 39.0 -66.5 0.32520392703175593 10 
0009 0015 1666427059887752 -39.0 -60.5 0.47860200582032003 10 
0009 0005 1666427059889871 173.3125 -69.0 2.2150682577068657 10 
0009 0006 1666427059891246 -87.0625 -62.5 5.448699758569798 10 
0009 0012 1666427059918349 -16.3125 -74.0 5.835262917116979 10 
0009 0002 1666427059951705 6.5 -77.0 6.111379458936394 10 
0009 0004 1666427060005573 -0.1875 -77.0 5.829126993965437 10 
0009 0006 1666427060013956 -39.0 -63.5 1.012427320004523 10 
0009 0015 1666427060015734 -13.0 -61.0 0.22089323345553233 10 
0009 0005 1666427060017116 -113.0625 -63.5 5.473243451175968 10 
0009 0011 1666427060018270 -117.125 -68.5 4.92714629068868 10 
0009 0010 1666427060019870 -4.0625 -67.5 2.521864415283994 10 
0009 0012 1666427060021670 130.1875 -69.0 1.0983302441261191 10 
0009 0002 1666427060022565 -52.0625 -72.5 4.049709280018092 10 
0009 0007 1666427060023964 -178.1875 -71.5 3.6692820446224537 10 
0009 0004 1666427060043190 12.9375 -76.0 3.3072625786814425 10 
0009 0010 1666427060123604 4.0625 -68.5 3.2704470397721868 10 
0009 0007 1666427060124758 43.125 -67.0 5.737088146692298 10 
0009 0002 1666427060127578 -87.0625 -71.0 4.779884135051658 10 
0009 0015 1666427060129199 -13.0 -60.5 0.4049709280018093 10 
0009 0005 1666427060130594 -26.0 -61.0 0.619728238305799 10 
0009 0006 1666427060131515 0.0 -65.0 2.84706834231575 10 
0009 0004 1666427060140764 8.5 -73.5 1.1013982057018903 10 
0009 0011 1666427060150480 8.0625 -73.5 4.81056375080937 10 
0009 0014 1666427060159269 10.5 -73.0 1.6014759425526093 10 
0009 0015 1666427060236843 52.0625 -61.5 0.2761165418194154 10 
0009 0007 1666427060238834 -34.9375 -64.0 0.9265243958829272 10 
0009 0014 1666427060239734 -34.9375 -65.0 2.3930100291016 10 
0009 0010 1666427060241340 -52.0625 -62.0 4.338097668140593 10 
0009 0006 1666427060244626 -100.0625 -63.5 4.313553975534423 10 
0009 0005 1666427060246515 -65.0625 -62.0 2.086213871524472 10 
0009 0002 1666427060248343 270.125 -72.0 5.3198453723874035 10 
0009 0004 1666427060266698 14.625 -76.0 4.417864669110647 10 
0009 0011 1666427060275430 15.375 -73.5 0.1902136176978195 10 
0009 0005 1666427060352586 34.9375 -65.0 3.5342917352885173 10 
0009 0007 1666427060354210 -65.0625 -64.0 2.098485717827557 10 
0009 0011 1666427060356696 21.9375 -70.0 4.381049130201391 10 
0009 0006 1666427060357626 -290.5 -65.0 5.553010452146021 10 
0009 0010 1666427060359382 0.0 -60.0 5.013049214810275 10 
0009 0015 1666427060360513 -8.9375 -61.5 0.30679615757712825 10 
0009 0014 1666427060412617 4.0625 -73.0 5.743224069843841 10 
0009 0007 1666427060465319 65.0625 -66.5 2.9820586516496865 10 
0009 0014 1666427060466982 -4.0625 -69.5 5.798447378207723 10 
0009 0006 1666427060467877 0.0 -65.5 0.030679615757712823 10 
0009 0005 1666427060468824 48.0 -65.0 5.258486140871978 10 
0009 0011 1666427060472580 312.4375 -70.0 4.718524903536232 10 
0009 0010 1666427060474340 -26.0 -61.0 5.638913376267617 10 
0009 0015 1666427060475852 -34.9375 -63.0 1.1044661672776617 10 
0009 0011 1666427060573005 17.0625 -69.5 6.043884304269426 10 
0009 0010 1666427060574606 0.0 -60.0 0.030679615757712823 10 
0009 0007 1666427060575991 -4.0625 -67.0 4.473087977474529 10 
0009 0005 1666427060582554 69.125 -64.0 0.5031456984264903 10 
0009 0014 1666427060583496 -17.0625 -57.0 4.700117134081604 10 
0009 0006 1666427060585887 8.9375 -66.5 0.7240389318820226 10 
0009 0015 1666427060586787 -56.125 -65.0 0.8344855486097889 10 
0009 0008 1666427060588784 -4.0625 -71.0 3.018874190558942 10 
0009 0012 1666427060589816 17.0625 -73.5 4.552854978444583 10 
0009 0003 1666427060677860 -13.9375 -78.0 2.2150682577068657 10 
0009 0002 1666427060687750 1.75 -77.5 6.068427996875596 10 
0009 0007 1666427060698703 30.0625 -66.5 5.706408530934585 10 
0009 0014 1666427060699617 -52.0625 -58.0 5.565282298449106 10 
0009 0012 1666427060701495 117.125 -71.0 6.068427996875596 10 
0009 0005 1666427060702336 -74.0 -62.5 1.3989904785517047 10 
0009 0006 1666427060703518 78.0625 -65.0 1.5585244804918115 10 
0009 0008 1666427060707679 78.0625 -71.0 4.166291819897402 10 
0009 0010 1666427060709172 21.9375 -59.0 1.4173982480063325 10 
0009 0015 1666427060710684 30.0625 -65.5 0.5829126993965437 10 
0009 0003 1666427060731295 2.4375 -77.0 2.3316507975861747 10 
0009 0011 1666427060739944 -12.1875 -72.0 0.8099418560036186 10 
0009 0002 1666427060759666 -12.5 -76.0 0.6933593161243098 10 
0009 0015 1666427060836265 4.0625 -65.5 0.6994952392758523 10 
0009 0006 1666427060837405 -34.9375 -70.0 4.3503695144436785 10 
0009 0008 1666427060838798 117.125 -69.0 5.626641529964532 10 
0009 0007 1666427060840878 0.0 -66.0 0.8835729338221293 10 
0009 0005 1666427060841797 95.1875 -64.5 2.423689644859313 10 
0009 0002 1666427060844071 160.3125 -72.5 1.3192234775816514 10 
0009 0010 1666427060845817 17.0625 -60.0 3.2520392703175593 10 
0009 0014 1666427060846759 13.0 -61.5 6.1850105367549055 10 
0009 0011 1666427060848057 -95.1875 -68.5 2.552544031041707 10 
0009 0012 1666427060848989 -238.4375 -71.5 1.4296700943094176 10 
0009 0003 1666427060864735 -6.5 -77.5 6.234097921967246 10 
0009 0007 1666427060951257 -156.1875 -68.5 2.9206994201342606 10 
0009 0006 1666427060952252 -21.9375 -68.5 0.380427235395639 10 
0009 0010 1666427060954790 -74.0 -62.5 4.7860200582032 10 
0009 0002 1666427060956809 139.125 -73.5 2.5586799541932495 10 
0009 0011 1666427060957975 17.0625 -63.5 4.417864669110647 10 
0009 0005 1666427060958921 -169.25 -73.0 5.21553467881118 10 
0009 0014 1666427060960331 -26.0 -64.5 5.976389149602458 10 
0009 0008 1666427060961369 82.1875 -67.5 0.7301748550335652 10 
0009 0012 1666427060962753 113.0625 -68.5 1.9757672547967058 10 
0009 0011 1666427061059928 -56.125 -63.0 0.0 10 
0009 0007 1666427061062446 26.0 -65.0 4.3933209765044765 10 
0009 0006 1666427061063360 65.0625 -65.5 1.88986433067511 10 
0009 0005 1666427061064998 152.125 -67.0 0.662679700366597 10 
0009 0014 1666427061066392 -30.0625 -65.0 5.559146375297564 10 
0009 0012 1666427061067303 0.0 -68.0 3.7981364308048478 10 
0009 0010 1666427061068685 -21.9375 -67.5 0.03681553890925539 10 
0009 0008 1666427061069953 104.125 -67.0 2.000310947402876 10 
0009 0002 1666427061147764 -3.6875 -77.0 5.982525072754001 10 
0009 0011 1666427061175625 108.1875 -63.0 1.368310862793992 10 
0009 0007 1666427061178366 -8.9375 -63.0 5.019185137961818 10 
0009 0006 1666427061179351 -82.1875 -66.0 3.6324665057131984 10 
0009 0005 1666427061180801 17.0625 -63.5 1.4787574795217582 10 
0009 0014 1666427061181956 -95.1875 -64.0 5.780039608753096 10 
0009 0008 1666427061182883 -52.0625 -67.5 3.2029518851052186 10 
0009 0012 1666427061183810 -8.9375 -67.0 5.485515297479052 10 
0009 0015 1666427061184855 -108.1875 -72.0 5.608233760509904 10 
0009 0002 1666427061211405 21.9375 -76.0 3.8840393549264434 10 
0009 0003 1666427061276038 -12.375 -78.0 2.4727770300716534 10 
0009 0002 1666427061299461 74.0 -71.0 1.5707963267948966 10 
0009 0008 1666427061300940 26.0 -68.0 4.4362724385652745 10 
0009 0011 1666427061302361 78.0625 -63.0 2.448233337465483 10 
0009 0012 1666427061303745 178.1875 -68.0 1.0983302441261191 10 
0009 0006 1666427061304638 0.0 -68.0 5.098952138931871 10 
0009 0005 1666427061305838 -26.0 -63.0 1.9082721001297376 10 
0009 0007 1666427061310337 -34.9375 -62.5 5.491651220630596 10 
0009 0014 1666427061311251 95.1875 -66.5 5.522330836388308 10 
0009 0003 1666427061331226 15.375 -77.5 5.602097837358362 10 
0009 0015 1666427061359661 0.75 -69.0 5.111223985234957 10 
0009 0013 1666427061408853 1.75 -78.0 1.1167380135807468 10 
0009 0015 1666427061424079 65.0625 -63.5 1.9819031779482483 10 
0009 0008 1666427061425245 39.0 -68.0 5.66959299202533 10 
0009 0006 1666427061426129 -113.0625 -68.0 0.5951845456996288 10 
0009 0011 1666427061427308 30.0625 -62.0 3.067961575771282 10 
0009 0013 1666427061429695 -104.125 -71.0 1.7241944055834606 10 
0009 0007 1666427061430608 52.0625 -62.0 6.092971689481767 10 
0009 0005 1666427061431520 100.0625 -65.0 2.5464081078901644 10 
0009 0014 1666427061433439 -186.3125 -69.5 6.22182607566416 10 
0009 0002 1666427061436021 -74.0 -70.5 3.2459033471660166 10 
0009 0003 1666427061472611 -4.875 -77.0 0.1595340019401067 10 
0009 0007 1666427061552291 8.9375 -63.5 0.6013204688511713 10 
0009 0013 1666427061553729 74.0 -62.5 4.528311285838413 10 
0009 0008 1666427061555747 -56.125 -67.5 1.227184630308513 10 
0009 0011 1666427061557710 -30.0625 -59.5 4.086524818927348 10 
0009 0015 1666427061558895 74.0 -64.0 2.380738182798515 10 
0009 0014 1666427061560049 13.0 -70.5 5.822991070813893 10 
0009 0006 1666427061561262 56.125 -66.5 1.6137477888556946 10 
0009 0002 1666427061562812 56.125 -68.5 4.8351074434155406 10 
0009 0005 1666427061563741 -78.0625 -67.5 3.847223816017188 10 
0009 0008 1666427061673887 -56.125 -66.0 2.791845033951867 10 
0009 0006 1666427061675891 -65.0625 -65.0 3.3011266555298997 10 
0009 0011 1666427061676830 48.0 -58.5 5.307573526084319 10 
0009 0015 1666427061677700 4.0625 -63.0 3.865631585471816 10 
0009 0007 1666427061681318 17.0625 -66.5 1.8100973297050567 10 
0009 0002 1666427061682229 -182.25 -66.5 0.0 10 
0009 0013 1666427061683849 91.125 -67.5 5.8475347634200645 10 
0009 0014 1666427061684847 26.0 -69.5 5.681864838328415 10 
0009 0005 1666427061708097 0.0 -74.0 4.031301510563465 10 
0009 0007 1666427061786282 160.3125 -69.5 4.921010367537137 10 
0009 0011 1666427061787165 30.0625 -57.5 1.1290098598838318 10 
0009 0015 1666427061788066 39.0 -62.5 4.2031073588066565 10 
0009 0006 1666427061789179 -160.3125 -64.0 5.411884219660542 10 
0009 0014 1666427061795178 87.0625 -67.0 5.411884219660542 10 
0009 0008 1666427061796090 43.125 -66.0 4.411728745959104 10 
0009 0005 1666427061797148 -82.1875 -66.0 2.7857091108003242 10 
0009 0002 1666427061798496 -30.0625 -69.0 1.1719613219446299 10 
0009 0013 1666427061799648 91.125 -67.0 1.5462526341887264 10 
0009 0004 1666427061829710 15.0625 -76.5 0.30066023442558565 10 
0009 0011 1666427061904228 21.9375 -57.0 3.5833791205008576 10 
0009 0013 1666427061905515 17.0625 -65.5 2.5341362615870793 10 
0009 0007 1666427061906927 -39.0 -63.5 1.607611865704152 10 
0009 0004 1666427061907815 295.375 -71.0 4.129476280988146 10 
0009 0015 1666427061909686 13.0 -62.5 3.834951969714103 10 
0009 0008 1666427061910586 -52.0625 -67.5 0.07976700097005335 10 
0009 0002 1666427061911511 191.1875 -69.0 3.000466421104314 10 
0009 0006 1666427061913921 13.0 -60.5 1.3130875544301088 10 
0009 0005 1666427061914847 -8.9375 -62.5 4.503767593232243 10 
0009 0014 1666427061916642 17.0625 -68.5 5.64504929941916 10 
