0009 0006 1666421097174827 -134.25 -70.0 4.828971520263998 1 
0009 0004 1666421097176865 0.0 -58.5 3.9392626632903265 1 
0009 0014 1666421097180925 34.9375 -62.0 5.307573526084319 1 
0009 0011 1666421097181838 65.0625 -61.5 0.9572040116406401 1 
0009 0015 1666421097182748 0.0 -64.5 4.503767593232243 1 
0009 0005 1666421097183620 -8.9375 -66.5 1.9512235621905356 1 
0009 0008 1666421097184691 -147.25 -69.5 4.227651051412827 1 
0009 0002 1666421097203530 -1.625 -76.5 1.0921943209745766 1 
0009 0010 1666421097287749 -3.0 -73.5 0.1043106935762236 1 
0009 0012 1666421097326967 2.125 -75.5 6.277049384028044 1 
0009 0004 1666421097343914 -65.0625 -58.0 4.04357335686655 1 
0009 0011 1666421097345095 8.9375 -61.5 1.0615147052168636 1 
0009 0008 1666421097346491 139.125 -69.5 4.1172044346850605 1 
0009 0007 1666421097347360 95.1875 -67.5 1.1290098598838318 1 
0009 0006 1666421097348261 -238.4375 -71.0 5.098952138931871 1 
0009 0014 1666421097349933 -4.0625 -61.5 5.301437602932776 1 
0009 0015 1666421097351348 -82.1875 -65.0 4.614214209960009 1 
0009 0005 1666421097355545 -34.9375 -65.5 2.067806102069844 1 
0009 0013 1666421097356711 34.9375 -67.0 0.9694758579437253 1 
0009 0002 1666421097382902 -10.5 -76.5 1.1780972450961724 1 
0009 0010 1666421097420176 8.5 -73.0 0.01227184630308513 1 
0009 0009 1666421097552904 -1.625 -74.5 5.890486225480862 1 
0009 0007 1666421097658032 74.0 -68.0 1.2210487071569704 1 
0009 0015 1666421097660629 -165.1875 -65.5 4.798291904506286 1 
0009 0013 1666421097662605 -74.0 -66.5 1.1290098598838318 1 
0009 0008 1666421097664041 100.0625 -70.5 4.166291819897402 1 
0009 0004 1666421097666291 -43.125 -57.5 4.166291819897402 1 
0009 0011 1666421097667246 30.0625 -62.0 1.1535535524900022 1 
0009 0006 1666421097668707 -256.3125 -70.5 5.098952138931871 1 
0009 0014 1666421097671699 74.0 -61.5 5.2339424482658075 1 
0009 0005 1666421097673181 -30.0625 -66.5 2.3746022596469727 1 
0009 0002 1666421097702993 0.0 -76.5 1.3192234775816514 1 
0009 0010 1666421097712744 13.875 -72.0 0.0859029241215959 1 
0009 0009 1666421097829772 3.375 -75.0 5.8475347634200645 1 
0009 0007 1666421097868125 74.0 -67.5 1.325359400733194 1 
0009 0004 1666421097869811 -8.9375 -57.0 4.184699589352029 1 
0009 0011 1666421097871797 0.0 -61.5 1.1780972450961724 1 
0009 0006 1666421097872915 -134.25 -71.0 5.240078371417351 1 
0009 0005 1666421097874112 -91.125 -66.5 2.5893595699509624 1 
0009 0014 1666421097875517 8.9375 -61.5 5.264622064023521 1 
0009 0015 1666421097879812 -74.0 -65.0 4.675573441475434 1 
0009 0008 1666421097881263 -169.25 -69.0 4.595806440505381 1 
0009 0013 1666421097882485 -4.0625 -67.5 1.0492428589137786 1 
0009 0010 1666421097903798 -11.4375 -72.0 0.11044661672776616 1 
0009 0002 1666421097908423 -7.3125 -76.0 4.595806440505381 1 
0009 0009 1666421097995263 2.875 -74.5 5.810719224510809 1 
0009 0015 1666421098011775 -143.1875 -65.5 4.663301595172349 1 
0009 0004 1666421098012659 -34.9375 -57.5 4.270602513473625 1 
0009 0007 1666421098014070 -165.1875 -68.0 1.4296700943094176 1 
0009 0013 1666421098015435 -13.0 -67.5 0.9878836273983529 1 
0009 0011 1666421098016363 39.0 -60.5 1.1965050145508 1 
0009 0008 1666421098018301 -126.125 -70.5 4.430136515413731 1 
0009 0014 1666421098019522 -13.0 -61.5 5.270757987175063 1 
0009 0005 1666421098020581 -169.25 -67.0 2.675262494072558 1 
0009 0006 1666421098025126 -30.0625 -71.5 5.246214294568893 1 
0009 0002 1666421098045148 -24.375 -75.0 4.755340442445488 1 
0009 0010 1666421098056023 -19.5 -72.0 0.14112623248547898 1 
0009 0009 1666421098108652 -7.1875 -75.0 6.2463697682703305 1 
0009 0005 1666421098151913 -4.0625 -67.0 2.564815877344792 1 
0009 0013 1666421098153652 225.375 -66.5 0.7853981633974483 1 
0009 0004 1666421098154577 -43.125 -57.5 4.356505437595221 1 
0009 0014 1666421098156717 8.9375 -61.5 5.264622064023521 1 
0009 0007 1666421098157677 -100.0625 -68.0 1.3989904785517047 1 
0009 0011 1666421098158844 8.9375 -60.5 1.2210487071569704 1 
0009 0006 1666421098159803 -139.125 -71.0 5.1725832167503825 1 
0009 0015 1666421098161438 13.0 -65.0 4.546719055293041 1 
0009 0008 1666421098163175 -91.125 -69.0 4.583534594202296 1 
0009 0010 1666421098185076 -1.625 -72.0 0.11658253987930872 1 
0009 0002 1666421098195360 0.75 -75.5 4.724660826687775 1 
0009 0009 1666421098244433 -5.3125 -75.0 6.14819499784565 1 
0009 0008 1666421098292500 82.1875 -69.0 4.411728745959104 1 
0009 0015 1666421098294309 -108.1875 -65.5 4.638757902566179 1 
0009 0005 1666421098295177 13.0 -67.0 2.5770877236478773 1 
0009 0014 1666421098296076 13.0 -61.5 5.258486140871978 1 
0009 0011 1666421098298710 30.0625 -61.0 1.3130875544301088 1 
0009 0004 1666421098299622 -17.0625 -57.0 4.356505437595221 1 
0009 0013 1666421098301615 -65.0625 -69.0 1.2762720155208536 1 
0009 0007 1666421098303828 -17.0625 -68.5 1.4971652489763858 1 
0009 0006 1666421098307201 48.0 -71.5 5.246214294568893 1 
0009 0002 1666421098334690 -7.3125 -75.5 1.6137477888556946 1 
0009 0010 1666421098339778 -14.625 -71.5 0.2638446955163303 1 
0009 0009 1666421098374007 1.625 -74.5 6.234097921967246 1 
0009 0015 1666421098421026 21.9375 -65.0 4.454680208019902 1 
0009 0006 1666421098421983 -121.25 -71.0 5.50392306693368 1 
0009 0007 1666421098423859 69.125 -68.5 1.5033011721279284 1 
0009 0014 1666421098425308 -74.0 -62.0 5.344389064993574 1 
0009 0011 1666421098428613 -13.0 -61.5 1.423534171157875 1 
0009 0013 1666421098430661 113.0625 -68.5 1.1228739367322893 1 
0009 0005 1666421098431674 -117.125 -66.5 2.730485802436441 1 
0009 0004 1666421098432612 4.0625 -57.0 4.338097668140593 1 
0009 0008 1666421098433496 30.0625 -70.5 4.534447208989955 1 
0009 0009 1666421098462473 -12.9375 -73.5 6.2463697682703305 1 
0009 0002 1666421098467062 -8.0625 -75.5 4.6878452877785195 1 
0009 0010 1666421098471074 5.625 -72.0 0.2454369260617026 1 
0009 0012 1666421098612131 -4.625 -75.5 3.485204350076177 1 
0009 0013 1666421098619938 -30.0625 -68.0 1.3192234775816514 1 
0009 0004 1666421098621441 0.0 -57.5 4.28287435977671 1 
0009 0011 1666421098623018 8.9375 -61.5 1.5155730184310134 1 
0009 0007 1666421098623956 0.0 -68.0 1.6444274046134073 1 
0009 0005 1666421098625144 -43.125 -66.0 2.724349879284899 1 
0009 0015 1666421098626297 -4.0625 -66.0 4.552854978444583 1 
0009 0014 1666421098627480 -21.9375 -62.0 5.2768939103266055 1 
0009 0008 1666421098628519 -13.0 -70.0 4.460816131171445 1 
0009 0006 1666421098629719 -217.25 -70.5 5.289165756629691 1 
0009 0009 1666421098661230 -5.625 -73.5 0.006135923151542565 1 
0009 0002 1666421098665977 12.9375 -76.0 4.4976316700806995 1 
0009 0010 1666421098792315 -3.0 -73.0 0.30679615757712825 1 
0009 0012 1666421098833776 1.875 -75.0 3.368621810196868 1 
0009 0004 1666421098848038 -30.0625 -57.5 4.239922897715912 1 
0009 0008 1666421098849600 -95.1875 -69.5 4.601942363656923 1 
0009 0015 1666421098852141 17.0625 -66.0 4.534447208989955 1 
0009 0014 1666421098853070 30.0625 -61.5 5.160311370447297 1 
0009 0006 1666421098854263 -100.0625 -71.0 4.970097752749477 1 
0009 0005 1666421098855204 -26.0 -65.0 2.761165418194154 1 
0009 0011 1666421098856073 -74.0 -61.5 1.607611865704152 1 
0009 0007 1666421098859114 -65.0625 -68.5 1.7241944055834606 1 
0009 0013 1666421098861977 -26.0 -67.5 1.2701360923693108 1 
0009 0009 1666421098884092 23.625 -73.0 6.086835766330224 1 
0009 0002 1666421098886206 -12.1875 -75.5 4.577398671050753 1 
0009 0010 1666421098896579 -4.875 -72.0 0.39269908169872414 1 
0009 0012 1666421098921704 -3.625 -75.0 0.3129320807286708 1 
0009 0004 1666421098972269 -26.0 -57.5 4.23378697456437 1 
0009 0005 1666421098973892 26.0 -65.5 2.6691265709210157 1 
0009 0007 1666421098975455 -126.125 -67.0 1.8162332528565992 1 
0009 0009 1666421098977774 -113.0625 -72.5 3.368621810196868 1 
0009 0011 1666421098979348 61.0 -61.5 1.4664856332186729 1 
0009 0015 1666421098980575 69.125 -65.0 4.454680208019902 1 
0009 0014 1666421098981501 -13.0 -62.0 5.301437602932776 1 
0009 0008 1666421098989509 -69.125 -71.5 4.620350133111551 1 
0009 0013 1666421098990847 -56.125 -69.5 1.3069516312785663 1 
0009 0006 1666421098994039 -34.9375 -69.5 4.828971520263998 1 
0009 0002 1666421098999981 69.125 -74.5 1.3437671701878218 1 
0009 0012 1666421099016963 -8.0625 -75.0 0.23316507975861744 1 
0009 0010 1666421099083540 -3.125 -73.0 0.44178646691106466 1 
0009 0013 1666421099111262 -30.0625 -68.0 1.2701360923693108 1 
0009 0011 1666421099113280 -26.0 -61.5 1.4971652489763858 1 
0009 0008 1666421099114176 69.125 -69.0 4.571262747899211 1 
0009 0005 1666421099115556 61.0 -65.5 2.5341362615870793 1 
0009 0006 1666421099117486 -21.9375 -70.5 4.743068596142402 1 
0009 0007 1666421099118659 225.375 -67.5 1.2885438618239387 1 
0009 0014 1666421099119541 -30.0625 -61.5 5.2768939103266055 1 
0009 0004 1666421099121547 -43.125 -57.5 4.246058820867455 1 
0009 0015 1666421099123097 -21.9375 -65.5 4.485359823777615 1 
0009 0009 1666421099126895 -182.25 -71.0 3.2029518851052186 1 
0009 0002 1666421099147581 89.0625 -75.0 1.380582709097077 1 
0009 0012 1666421099155383 -11.4375 -74.0 0.30679615757712825 1 
0009 0010 1666421099159949 -4.0625 -72.0 0.35588354278946877 1 
0009 0004 1666421099235058 -26.0 -57.0 4.190835512503572 1 
0009 0014 1666421099236948 -4.0625 -62.0 5.184855063053467 1 
0009 0009 1666421099237850 48.0 -71.0 2.8102528034064944 1 
0009 0011 1666421099240658 17.0625 -61.0 1.2578642460662257 1 
0009 0013 1666421099241541 48.0 -68.0 1.1167380135807468 1 
0009 0010 1666421099243979 13.0 -70.5 0.5092816215780329 1 
0009 0007 1666421099245973 61.0 -68.0 1.3130875544301088 1 
0009 0015 1666421099247370 43.125 -66.0 4.331961744989051 1 
0009 0005 1666421099251046 52.0625 -66.5 2.466641106920111 1 
0009 0008 1666421099251928 130.1875 -68.0 4.4362724385652745 1 
0009 0002 1666421099263270 -173.3125 -73.5 1.3928545554001621 1 
0009 0006 1666421099284414 12.1875 -74.0 1.6014759425526093 1 
0009 0012 1666421099352322 5.4375 -75.5 6.264777537724958 1 
0009 0009 1666421099368919 -108.1875 -70.0 2.742757648739526 1 
0009 0011 1666421099370426 -13.0 -61.0 0.8897088569736719 1 
0009 0005 1666421099371354 -69.125 -67.0 2.6261751088602177 1 
0009 0008 1666421099373325 -69.125 -65.5 4.8351074434155406 1 
0009 0004 1666421099374209 -39.0 -58.0 4.129476280988146 1 
0009 0014 1666421099376298 -74.0 -62.0 5.197126909356553 1 
0009 0015 1666421099380158 -65.0625 -66.0 4.215379205109742 1 
0009 0013 1666421099381125 13.0 -65.0 1.0799224746714913 1 
0009 0007 1666421099382808 -13.0 -69.5 1.1903690913992575 1 
0009 0002 1666421099389778 78.0625 -72.5 1.6873788666742053 1 
0009 0012 1666421099412831 -7.3125 -73.0 0.3190680038802134 1 
0009 0015 1666421099490874 -56.125 -67.5 3.9269908169872414 1 
0009 0009 1666421099492115 13.0 -67.5 1.7426021750380885 1 
0009 0002 1666421099493014 230.25 -73.0 2.380738182798515 1 
0009 0008 1666421099493922 -43.125 -62.0 5.074408446325701 1 
0009 0013 1666421099495032 30.0625 -64.5 1.227184630308513 1 
0009 0004 1666421099495901 -43.125 -59.5 3.9944859716542096 1 
0009 0014 1666421099496858 -39.0 -64.0 5.080544369477243 1 
0009 0012 1666421099498398 87.0625 -68.5 0.9510680884890975 1 
0009 0011 1666421099499565 -39.0 -61.0 5.890486225480862 1 
0009 0005 1666421099501255 130.1875 -70.5 2.3439226438892597 1 
0009 0015 1666421099593976 -173.3125 -68.5 3.792000507653305 1 
0009 0009 1666421099595329 -69.125 -67.5 0.8406214717613314 1 
0009 0012 1666421099597832 69.125 -64.0 1.5462526341887264 1 
0009 0004 1666421099599328 61.0 -62.5 2.6998061866787286 1 
0009 0013 1666421099600707 21.9375 -67.5 1.3008157081270237 1 
0009 0011 1666421099602160 -139.125 -65.5 4.620350133111551 1 
0009 0005 1666421099603086 -39.0 -67.5 1.8653206380689396 1 
0009 0010 1666421099604068 21.9375 -63.0 0.6320000846088841 1 
0009 0008 1666421099604980 -43.125 -63.0 5.129631754689584 1 
0009 0002 1666421099605921 -61.0 -73.5 2.859340188618835 1 
0009 0014 1666421099606793 -48.0 -66.5 4.6448938257177215 1 
0009 0006 1666421099685086 0.875 -74.0 4.454680208019902 1 
0009 0004 1666421099706706 0.0 -58.0 1.2210487071569704 1 
0009 0002 1666421099708121 373.5 -74.0 2.0371264863121317 1 
0009 0015 1666421099709769 100.0625 -69.5 3.2090878082567613 1 
0009 0005 1666421099710710 56.125 -63.0 1.4971652489763858 1 
0009 0012 1666421099711896 -100.0625 -63.0 2.110757564130642 1 
0009 0009 1666421099713279 13.0 -71.0 5.190990986205009 1 
0009 0008 1666421099719278 26.0 -70.0 2.380738182798515 1 
0009 0014 1666421099720221 -130.1875 -71.0 4.111068511533518 1 
0009 0006 1666421099721717 290.5 -71.5 4.473087977474529 1 
0009 0005 1666421099812999 56.125 -67.5 1.0492428589137786 1 
0009 0008 1666421099813910 56.125 -62.5 1.3437671701878218 1 
0009 0002 1666421099817313 56.125 -71.5 1.1474176293384597 1 
0009 0004 1666421099818836 -4.0625 -61.5 0.35588354278946877 1 
0009 0009 1666421099820233 -121.25 -65.0 1.5462526341887264 1 
0009 0015 1666421099821544 -130.1875 -70.0 2.9636508821950587 1 
0009 0000 1666421099907465 -0.4375 -77.0 4.000621894805752 1 
0009 0006 1666421099921591 0.1875 -74.5 5.184855063053467 1 
0009 0004 1666421099933747 -61.0 -61.5 3.2090878082567613 1 
0009 0009 1666421099936115 8.9375 -59.5 0.3190680038802134 1 
0009 0006 1666421099937865 -78.0625 -71.0 5.227806525114265 1 
0009 0015 1666421099964007 22.6875 -75.5 4.890330751779424 1 
0009 0008 1666421099985602 -0.875 -68.0 4.558990901596125 1 
0009 0008 1666421100040299 26.0 -63.0 3.933126740138784 1 
0009 0004 1666421100042344 -4.0625 -57.5 2.60776733940559 1 
0009 0009 1666421100043922 39.0 -62.0 4.1417481272912315 1 
0009 0005 1666421100121987 -7.0625 -74.5 5.71868037723767 1 
0009 0006 1666421100144091 0.1875 -70.0 4.841243366567084 1 
0009 0008 1666421100152218 -61.0 -66.0 3.3747577333484107 1 
0009 0009 1666421100155116 -212.375 -71.5 2.7979809571034093 1 
0009 0006 1666421100156936 -13.0 -68.0 5.049864753719531 1 
0009 0004 1666421100158332 -30.0625 -64.5 2.086213871524472 1 
0009 0005 1666421100208815 -4.375 -73.5 6.264777537724958 1 
0009 0004 1666421100260218 8.9375 -69.0 0.05522330836388308 1 
0009 0006 1666421100261571 -39.0 -65.5 5.534602682691394 1 
0009 0015 1666421100313491 9.0 -76.5 5.368932757599744 1 
0009 0008 1666421100360383 1.5 -74.0 0.36815538909255385 1 
0009 0014 1666421100374241 3.125 -74.0 5.816855147662351 1 
0009 0006 1666421100383859 -113.0625 -67.5 5.534602682691394 1 
0009 0004 1666421100385653 113.0625 -67.0 4.792155981354743 1 
0009 0015 1666421100408418 -4.0625 -75.5 5.620505606812989 1 
0009 0014 1666421100419974 22.6875 -73.0 5.7616318392984684 1 
0009 0008 1666421100422142 4.875 -72.5 0.07976700097005335 1 
0009 0006 1666421100492264 65.0625 -69.0 5.344389064993574 1 
0009 0004 1666421100494212 -61.0 -66.5 4.724660826687775 1 
0009 0008 1666421100498725 121.25 -72.0 6.117515382087937 1 
0009 0014 1666421100526344 17.8125 -72.0 5.921165841238575 1 
0009 0015 1666421100530919 -9.75 -75.5 5.798447378207723 1 
0009 0008 1666421100605130 -126.125 -70.5 5.982525072754001 1 
0009 0004 1666421100607306 -39.0 -67.0 4.387185053352934 1 
0009 0014 1666421100608648 100.0625 -71.0 2.6998061866787286 1 
0009 0006 1666421100610046 -61.0 -69.5 5.3627968344482015 1 
0009 0015 1666421100628067 12.1875 -75.5 5.737088146692298 1 
0009 0014 1666421100706430 -69.125 -70.0 3.098641191528995 1 
0009 0004 1666421100708765 -121.25 -66.5 4.448544284868359 1 
0009 0006 1666421100710201 165.1875 -70.0 5.062136600022616 1 
0009 0008 1666421100712729 -17.0625 -69.5 5.522330836388308 1 
0009 0015 1666421100713661 -269.3125 -72.0 3.0372819600135696 1 
0009 0006 1666421100806483 247.375 -70.5 4.896466674930966 1 
0009 0014 1666421100807765 -48.0 -71.0 3.1906800388021335 1 
0009 0008 1666421100808689 -13.0 -70.0 5.565282298449106 1 
0009 0004 1666421100810810 139.125 -66.5 4.080388895775806 1 
0009 0015 1666421100814774 -199.375 -73.0 2.9943304979527716 1 
0009 0014 1666421100907323 152.125 -69.5 3.043417883165112 1 
0009 0008 1666421100908518 104.125 -70.0 5.2768939103266055 1 
0009 0004 1666421100910791 -4.0625 -67.5 4.3074180523828804 1 
0009 0006 1666421100912532 -230.25 -70.0 5.418020142812084 1 
0009 0015 1666421100915555 -256.3125 -72.0 3.06182565261974 1 
0009 0005 1666421101002140 -4.625 -73.5 1.1658253987930873 1 
0009 0009 1666421101016227 -2.3125 -78.5 2.1966604882522383 1 
0009 0008 1666421101028555 -17.0625 -68.5 5.872078456026235 1 
0009 0004 1666421101029527 -61.0 -66.0 4.227651051412827 1 
0009 0014 1666421101033133 -39.0 -68.5 3.2520392703175593 1 
0009 0006 1666421101034887 -299.4375 -69.5 5.638913376267617 1 
0009 0015 1666421101036097 178.1875 -71.0 2.1537090261914402 1 
0009 0005 1666421101037989 195.25 -72.5 0.7853981633974483 1 
0009 0009 1666421101068759 -38.25 -78.5 5.344389064993574 1 
0009 0014 1666421101137498 69.125 -69.5 3.117048960983623 1 
0009 0004 1666421101140057 13.0 -66.5 4.2031073588066565 1 
0009 0006 1666421101142930 -61.0 -70.0 5.411884219660542 1 
0009 0015 1666421101143846 442.6875 -72.0 1.7794177139473437 1 
0009 0008 1666421101144698 -48.0 -68.5 5.872078456026235 1 
0009 0005 1666421101146320 -117.125 -73.0 1.214912784005428 1 
0009 0009 1666421101172170 4.875 -78.5 5.5284667595398505 1 
0009 0008 1666421101245778 -178.1875 -68.0 5.964117303299373 1 
0009 0015 1666421101249032 295.375 -71.5 1.9941750242513334 1 
0009 0006 1666421101250071 -65.0625 -70.5 5.289165756629691 1 
0009 0014 1666421101250970 -121.25 -69.0 3.4606606574700063 1 
0009 0004 1666421101252605 -78.0625 -67.0 4.325825821837508 1 
0009 0005 1666421101254350 -26.0 -73.0 0.9387962421860124 1 
0009 0009 1666421101277184 27.5625 -78.0 5.190990986205009 1 
0009 0004 1666421101350795 -139.125 -67.5 4.442408361716817 1 
0009 0005 1666421101352186 -30.0625 -71.5 0.7792622402459057 1 
0009 0006 1666421101353280 -8.9375 -70.5 5.258486140871978 1 
0009 0014 1666421101356097 -61.0 -68.0 3.4177091954092087 1 
0009 0008 1666421101356993 -95.1875 -69.0 5.927301764390117 1 
0009 0015 1666421101358898 104.125 -72.5 1.9389517158874505 1 
0009 0009 1666421101385757 21.9375 -78.5 5.190990986205009 1 
0009 0006 1666421101455594 -260.375 -70.5 5.491651220630596 1 
0009 0014 1666421101456534 34.9375 -69.5 3.368621810196868 1 
0009 0008 1666421101459020 87.0625 -68.0 5.730952223540755 1 
0009 0004 1666421101462142 74.0 -67.0 4.129476280988146 1 
0009 0005 1666421101463280 52.0625 -72.0 0.944932165337555 1 
0009 0015 1666421101464648 373.5 -71.5 2.172116795646068 1 
0009 0009 1666421101480080 19.5 -79.0 5.393476450205914 1 
0009 0008 1666421101559319 -21.9375 -69.5 5.859806609723149 1 
0009 0004 1666421101561299 -173.3125 -67.5 4.479223900626073 1 
0009 0005 1666421101562422 100.0625 -72.5 0.9142525495798421 1 
0009 0014 1666421101563351 -26.0 -70.0 3.3870295796514958 1 
0009 0006 1666421101566546 -147.25 -71.5 5.258486140871978 1 
0009 0015 1666421101568553 -165.1875 -72.5 2.5034566458293663 1 
0009 0009 1666421101587225 45.5625 -78.0 5.092816215780329 1 
0009 0015 1666421101668242 8.9375 -72.5 2.12916533358527 1 
0009 0014 1666421101669790 0.0 -69.0 3.3502140407422405 1 
0009 0006 1666421101670988 -74.0 -71.5 5.47937937432751 1 
0009 0004 1666421101671944 -104.125 -67.0 4.3503695144436785 1 
0009 0005 1666421101672969 -91.125 -73.0 1.0369710126106935 1 
0009 0008 1666421101674747 -52.0625 -68.5 5.93343768754166 1 
0009 0009 1666421101700498 -35.8125 -78.5 5.3198453723874035 1 
0009 0008 1666421101774741 -173.3125 -69.5 5.896622148632405 1 
0009 0014 1666421101776720 -95.1875 -69.0 3.5281558121369745 1 
0009 0006 1666421101778682 -95.1875 -70.5 5.313709449235861 1 
0009 0004 1666421101779880 52.0625 -66.5 4.215379205109742 1 
0009 0005 1666421101783073 52.0625 -71.5 0.9081166264282996 1 
0009 0015 1666421101784000 -52.0625 -72.0 2.2334760271614935 1 
0009 0009 1666421101803009 12.9375 -78.0 5.197126909356553 1 
0009 0004 1666421101882805 117.125 -67.0 4.147884050442774 1 
0009 0005 1666421101885809 -143.1875 -71.0 0.9817477042468103 1 
0009 0008 1666421101886733 100.0625 -68.5 5.583690067903734 1 
0009 0006 1666421101888381 39.0 -72.5 5.135767677841127 1 
0009 0014 1666421101890229 117.125 -70.0 3.368621810196868 1 
0009 0015 1666421101891142 -130.1875 -71.0 2.411417798556228 1 
0009 0009 1666421101913113 -17.0625 -78.5 2.1905245651006955 1 
0009 0008 1666421101986860 -95.1875 -70.0 5.884350302329319 1 
0009 0015 1666421101988774 -95.1875 -70.5 2.282563412373834 1 
0009 0014 1666421101990767 -52.0625 -70.0 3.3870295796514958 1 
0009 0004 1666421101996498 34.9375 -67.5 4.166291819897402 1 
0009 0005 1666421101997455 -212.375 -71.5 1.0737865515199487 1 
0009 0006 1666421101999554 95.1875 -71.0 5.043728830567988 1 
0009 0009 1666421102018310 15.375 -78.0 5.240078371417351 1 
0009 0015 1666421102096686 -56.125 -71.5 2.3193789512830896 1 
0009 0006 1666421102097629 -412.5625 -71.0 5.546874528994478 1 
0009 0008 1666421102099260 -30.0625 -69.5 5.6941366846315 1 
0009 0004 1666421102101394 -100.0625 -66.5 4.325825821837508 1 
0009 0014 1666421102102325 169.25 -69.0 3.172272269347506 1 
0009 0005 1666421102105178 26.0 -71.5 0.803805932852076 1 
0009 0009 1666421102160096 16.625 -79.0 2.043262409463674 1 
