0009 0013 1666429157578827 -17.0625 -64.0 0.46019423636569234 13 
0009 0015 1666429157676286 -17.0625 -60.5 4.442408361716817 13 
0009 0011 1666429157678221 -26.0 -58.0 1.6014759425526093 13 
0009 0014 1666429157680211 39.0 -59.0 4.9823695990525625 13 
0009 0006 1666429157681374 0.0 -60.0 3.11091303783208 13 
0009 0002 1666429157682333 -126.125 -68.0 5.6143696836614465 13 
0009 0004 1666429157683739 56.125 -69.5 2.3930100291016 13 
0009 0005 1666429157685290 21.9375 -62.5 4.914874444385594 13 
0009 0013 1666429157686800 39.0 -63.5 0.4172427743048944 13 
0009 0007 1666429157688159 0.0 -65.0 2.816388726558037 13 
0009 0008 1666429157689983 -13.0 -67.5 3.749049045592507 13 
0009 0013 1666429157787143 17.0625 -64.0 0.4172427743048944 13 
0009 0008 1666429157788543 78.0625 -66.5 3.552699504743145 13 
0009 0014 1666429157789399 34.9375 -59.5 5.00077736850719 13 
0009 0004 1666429157792612 -152.125 -70.0 2.429825568010856 13 
0009 0007 1666429157794178 -21.9375 -65.5 2.9022916506796332 13 
0009 0005 1666429157795615 -87.0625 -63.0 5.062136600022616 13 
0009 0011 1666429157796569 -61.0 -57.5 1.662835174068035 13 
0009 0006 1666429157797495 -13.0 -60.0 3.074097498922825 13 
0009 0015 1666429157798396 17.0625 -60.0 4.430136515413731 13 
0009 0002 1666429157799904 48.0 -68.0 5.442563835418255 13 
0009 0004 1666429157898259 204.25 -70.5 2.0493983326152168 13 
0009 0011 1666429157899142 61.0 -57.5 1.564660403643354 13 
0009 0014 1666429157901416 -17.0625 -59.0 5.086680292628786 13 
0009 0006 1666429157902554 8.9375 -60.0 3.0495538063166547 13 
0009 0013 1666429157903468 -74.0 -64.0 0.521553467881118 13 
0009 0008 1666429157904649 -143.1875 -66.5 3.810408277107933 13 
0009 0005 1666429157906028 -61.0 -62.5 5.0253210611133605 13 
0009 0015 1666429157907650 -48.0 -60.0 4.509903516383785 13 
0009 0007 1666429157908550 -56.125 -66.0 3.000466421104314 13 
0009 0002 1666429157909858 -56.9375 -68.0 5.4671075280244255 13 
0009 0015 1666429158008800 21.9375 -60.5 4.399456899656019 13 
0009 0008 1666429158011046 -95.1875 -68.0 3.859495662320273 13 
0009 0002 1666429158011969 -17.0625 -68.0 5.485515297479052 13 
0009 0011 1666429158012869 -56.125 -57.5 1.718058482431918 13 
0009 0005 1666429158014516 -91.125 -62.0 5.166447293598839 13 
0009 0014 1666429158016166 -17.0625 -59.5 5.080544369477243 13 
0009 0004 1666429158017334 43.125 -69.5 2.411417798556228 13 
0009 0006 1666429158018503 -52.0625 -60.0 3.067961575771282 13 
0009 0013 1666429158020308 8.9375 -64.0 0.4970097752749477 13 
0009 0007 1666429158022107 -195.25 -65.5 3.1784081924990484 13 
0009 0011 1666429158119667 -13.0 -57.5 1.7119225592803755 13 
0009 0007 1666429158121079 -26.0 -65.5 3.055689729468197 13 
0009 0015 1666429158122246 4.0625 -60.5 4.411728745959104 13 
0009 0002 1666429158124740 -160.3125 -68.0 5.491651220630596 13 
0009 0006 1666429158125893 34.9375 -59.5 3.0372819600135696 13 
0009 0005 1666429158127073 13.0 -62.5 5.043728830567988 13 
0009 0008 1666429158129189 -39.0 -67.0 3.8410878928656453 13 
0009 0013 1666429158130653 61.0 -64.0 0.380427235395639 13 
0009 0014 1666429158131551 -87.0625 -59.5 5.178719139901925 13 
0009 0004 1666429158133501 -21.9375 -70.0 2.36846633649543 13 
0009 0013 1666429158232538 4.0625 -65.0 0.42337869745643697 13 
0009 0011 1666429158233466 -17.0625 -57.5 1.7671458676442586 13 
0009 0014 1666429158235986 -78.0625 -60.0 5.197126909356553 13 
0009 0004 1666429158236856 147.25 -70.5 2.1905245651006955 13 
0009 0007 1666429158237798 -34.9375 -66.0 3.06182565261974 13 
0009 0002 1666429158238681 -204.25 -68.0 5.632777453116074 13 
0009 0005 1666429158240879 -134.25 -62.0 5.264622064023521 13 
0009 0008 1666429158242738 -95.1875 -67.5 3.859495662320273 13 
0009 0015 1666429158243777 4.0625 -60.0 4.417864669110647 13 
0009 0006 1666429158245996 -17.0625 -59.5 3.11091303783208 13 
0009 0005 1666429158343850 39.0 -62.5 5.0253210611133605 13 
0009 0004 1666429158345018 39.0 -71.0 2.2641556429192065 13 
0009 0013 1666429158346611 -26.0 -64.0 0.5154175447295755 13 
0009 0007 1666429158348655 -95.1875 -66.0 3.172272269347506 13 
0009 0014 1666429158350063 -4.0625 -59.5 5.086680292628786 13 
0009 0002 1666429158351231 -117.125 -68.5 5.651185222570702 13 
0009 0011 1666429158352171 -21.9375 -57.5 1.7732817907958012 13 
0009 0006 1666429158353025 17.0625 -59.5 3.074097498922825 13 
0009 0015 1666429158354364 -61.0 -60.5 4.485359823777615 13 
0009 0008 1666429158355730 26.0 -67.0 3.785864584501762 13 
0009 0014 1666429158457360 -43.125 -59.5 5.160311370447297 13 
0009 0008 1666429158458524 56.125 -66.5 3.730641276137879 13 
0009 0007 1666429158459722 30.0625 -66.5 3.153864499892878 13 
0009 0013 1666429158460635 -52.0625 -64.5 0.48473792897186263 13 
0009 0011 1666429158461999 69.125 -57.5 1.6812429435226628 13 
0009 0005 1666429158463096 -30.0625 -62.5 5.141903600992669 13 
0009 0006 1666429158464446 -21.9375 -60.0 3.147728576741336 13 
0009 0015 1666429158465361 -43.125 -60.0 4.460816131171445 13 
0009 0002 1666429158467109 61.0 -68.5 5.418020142812084 13 
0009 0004 1666429158468407 -156.1875 -72.0 2.693670263527186 13 
0009 0008 1666429158566266 8.9375 -67.5 3.761320891895592 13 
0009 0005 1666429158567180 -13.0 -62.5 5.166447293598839 13 
0009 0013 1666429158569043 17.0625 -63.5 0.3865631585471816 13 
0009 0002 1666429158572010 61.0 -68.5 5.405748296509 13 
0009 0011 1666429158573016 0.0 -57.5 1.7548740213411735 13 
0009 0007 1666429158573980 -52.0625 -66.5 3.117048960983623 13 
0009 0004 1666429158575105 191.1875 -70.5 2.086213871524472 13 
0009 0006 1666429158576732 0.0 -60.0 3.098641191528995 13 
0009 0014 1666429158578666 4.0625 -59.5 5.080544369477243 13 
0009 0015 1666429158579564 -4.0625 -60.0 4.387185053352934 13 
0009 0006 1666429158678099 -17.0625 -60.0 3.129320807286708 13 
0009 0008 1666429158679749 -21.9375 -67.0 3.8963112012295285 13 
0009 0005 1666429158680664 -82.1875 -62.5 5.338253141842031 13 
0009 0015 1666429158681607 -52.0625 -60.0 4.454680208019902 13 
0009 0013 1666429158682996 21.9375 -64.5 0.3865631585471816 13 
0009 0007 1666429158684889 95.1875 -66.0 3.0372819600135696 13 
0009 0014 1666429158687293 -8.9375 -59.5 5.098952138931871 13 
0009 0004 1666429158688179 91.125 -71.0 2.067806102069844 13 
0009 0011 1666429158689106 -39.0 -57.5 1.7794177139473437 13 
0009 0002 1666429158690058 4.0625 -69.0 5.497787143782138 13 
0009 0007 1666429158787526 -30.0625 -66.0 3.2520392703175593 13 
0009 0006 1666429158788636 -26.0 -59.5 3.153864499892878 13 
0009 0013 1666429158790243 -52.0625 -64.5 0.46019423636569234 13 
0009 0004 1666429158791186 208.3125 -72.0 1.932815792735908 13 
0009 0005 1666429158792339 -74.0 -62.0 5.2768939103266055 13 
0009 0008 1666429158793748 -121.25 -68.0 3.9147189706841563 13 
0009 0014 1666429158795138 0.0 -59.5 5.098952138931871 13 
0009 0015 1666429158797685 -21.9375 -60.5 4.4362724385652745 13 
0009 0011 1666429158799337 -52.0625 -57.5 1.8346410223112268 13 
0009 0002 1666429158801577 -4.0625 -69.5 5.534602682691394 13 
0009 0006 1666429158902369 -52.0625 -59.5 3.172272269347506 13 
0009 0007 1666429158903879 43.125 -65.5 3.1784081924990484 13 
0009 0013 1666429158905061 -82.1875 -64.0 0.4111068511533518 13 
0009 0015 1666429158906723 17.0625 -60.5 4.399456899656019 13 
0009 0002 1666429158908100 21.9375 -69.0 5.497787143782138 13 
0009 0005 1666429158909028 -30.0625 -62.5 5.240078371417351 13 
0009 0004 1666429158909942 156.1875 -71.0 2.282563412373834 13 
0009 0011 1666429158912441 13.0 -57.5 1.761009944492716 13 
0009 0014 1666429158914192 -43.125 -59.5 5.197126909356553 13 
0009 0008 1666429158915102 -43.125 -67.5 3.933126740138784 13 
0009 0011 1666429159012640 -30.0625 -57.5 1.8100973297050567 13 
0009 0013 1666429159015624 30.0625 -65.0 0.28225246497095796 13 
0009 0007 1666429159017148 39.0 -66.5 3.141592653589793 13 
0009 0006 1666429159018046 69.125 -59.5 3.055689729468197 13 
0009 0005 1666429159019159 -78.0625 -62.5 5.2768939103266055 13 
0009 0002 1666429159020122 -4.0625 -68.5 5.595961914206819 13 
0009 0008 1666429159022323 -204.25 -67.0 4.000621894805752 13 
0009 0004 1666429159024567 -100.0625 -72.0 2.3009711818284617 13 
0009 0015 1666429159025930 -56.125 -60.5 4.491495746929157 13 
0009 0014 1666429159027126 -4.0625 -60.0 5.074408446325701 13 
0009 0011 1666429159125358 17.0625 -58.0 1.718058482431918 13 
0009 0006 1666429159127914 -8.9375 -60.0 3.147728576741336 13 
0009 0014 1666429159129171 -52.0625 -60.0 5.141903600992669 13 
0009 0013 1666429159130605 -43.125 -64.5 0.3374757733348411 13 
0009 0005 1666429159131547 13.0 -62.5 5.117359908386499 13 
0009 0004 1666429159132418 -30.0625 -71.5 2.2457478734645786 13 
0009 0015 1666429159133345 8.9375 -60.0 4.387185053352934 13 
0009 0007 1666429159134246 48.0 -66.5 3.1231848841351653 13 
0009 0008 1666429159135329 -78.0625 -67.5 3.9147189706841563 13 
0009 0002 1666429159136734 -43.125 -69.0 5.6573211457222445 13 
0009 0014 1666429159234217 -34.9375 -60.0 5.154175447295755 13 
0009 0008 1666429159235338 -8.9375 -68.0 3.902447124381071 13 
0009 0006 1666429159237315 4.0625 -60.0 3.141592653589793 13 
0009 0013 1666429159238198 -13.0 -64.0 0.3374757733348411 13 
0009 0015 1666429159239113 -52.0625 -60.5 4.491495746929157 13 
0009 0005 1666429159240237 143.1875 -62.0 4.92714629068868 13 
0009 0002 1666429159242367 -134.25 -68.5 5.595961914206819 13 
0009 0007 1666429159243250 -8.9375 -66.5 3.1354567304382504 13 
0009 0011 1666429159244192 -48.0 -57.5 1.7978254834019713 13 
0009 0004 1666429159247947 191.1875 -71.0 2.067806102069844 13 
0009 0008 1666429159345312 -26.0 -68.0 3.9638063558964967 13 
0009 0006 1666429159346451 39.0 -60.0 3.0250101137104846 13 
0009 0011 1666429159349405 74.0 -58.0 1.576932249946439 13 
0009 0015 1666429159350477 34.9375 -60.5 4.399456899656019 13 
0009 0005 1666429159351645 -52.0625 -62.5 5.227806525114265 13 
0009 0007 1666429159352485 -21.9375 -67.0 3.11091303783208 13 
0009 0004 1666429159353414 -134.25 -70.5 2.442097414313941 13 
0009 0014 1666429159354807 13.0 -60.0 5.086680292628786 13 
0009 0013 1666429159356090 -43.125 -63.5 0.3988350048502667 13 
0009 0002 1666429159357599 -152.125 -69.0 5.737088146692298 13 
0009 0006 1666429159454396 8.9375 -59.5 3.031146036862027 13 
0009 0015 1666429159456048 -56.125 -60.0 4.491495746929157 13 
0009 0011 1666429159457227 -4.0625 -58.0 1.6444274046134073 13 
0009 0013 1666429159459462 -26.0 -63.5 0.3436116964863836 13 
0009 0004 1666429159460363 195.25 -70.0 2.018718716857504 13 
0009 0002 1666429159461495 -8.9375 -68.0 5.5100589900852235 13 
0009 0005 1666429159462398 -39.0 -62.5 5.160311370447297 13 
0009 0014 1666429159463596 104.125 -60.0 4.92714629068868 13 
0009 0007 1666429159466211 91.125 -66.0 2.8532042654672924 13 
0009 0008 1666429159476702 21.9375 -67.0 3.77972866135022 13 
0009 0013 1666429159574642 -13.0 -64.5 0.11658253987930872 13 
0009 0006 1666429159575539 -8.9375 -59.5 2.9636508821950587 13 
0009 0007 1666429159576653 26.0 -65.5 2.82252464970958 13 
0009 0004 1666429159577567 -39.0 -71.0 1.9634954084936207 13 
0009 0005 1666429159580181 -82.1875 -62.5 5.166447293598839 13 
0009 0002 1666429159581598 65.0625 -68.0 5.5100589900852235 13 
0009 0014 1666429159584084 8.9375 -59.5 5.043728830567988 13 
0009 0011 1666429159586100 0.0 -58.0 1.509437095279471 13 
0009 0008 1666429159587413 -156.1875 -67.5 3.9453985864418692 13 
0009 0015 1666429159589053 13.0 -60.0 4.411728745959104 13 
0009 0011 1666429159688335 69.125 -58.0 1.2455923997631406 13 
0009 0015 1666429159690099 17.0625 -60.0 4.454680208019902 13 
0009 0007 1666429159691254 -100.0625 -65.0 2.7120780329818137 13 
0009 0006 1666429159693771 -39.0 -59.0 2.834796496012665 13 
0009 0013 1666429159694684 -78.0625 -63.5 0.1043106935762236 13 
0009 0014 1666429159696311 0.0 -60.0 5.013049214810275 13 
0009 0008 1666429159697621 -52.0625 -67.0 3.877903431774901 13 
0009 0005 1666429159698533 -91.125 -63.5 5.105088062083414 13 
0009 0002 1666429159699627 95.1875 -69.0 5.5100589900852235 13 
0009 0004 1666429159700926 78.0625 -71.0 2.073942025221387 13 
0009 0006 1666429159798457 -13.0 -59.5 2.5464081078901644 13 
0009 0007 1666429159799342 -4.0625 -65.0 2.184388641949153 13 
0009 0011 1666429159801205 -39.0 -59.5 0.8958447801252144 13 
0009 0008 1666429159803493 -21.9375 -65.5 3.6201946594101133 13 
0009 0014 1666429159804449 -61.0 -60.0 5.154175447295755 13 
0009 0002 1666429159805374 -113.0625 -69.0 5.964117303299373 13 
0009 0005 1666429159806270 -34.9375 -64.0 4.970097752749477 13 
0009 0015 1666429159807154 -13.0 -60.0 4.442408361716817 13 
0009 0004 1666429159808323 30.0625 -71.0 1.9266798695843652 13 
0009 0013 1666429159810197 -4.0625 -63.5 6.1420590746941075 13 
0009 0013 1666429159910702 -34.9375 -60.5 5.939573610693203 13 
0009 0014 1666429159912424 -26.0 -60.0 5.209398755659637 13 
0009 0006 1666429159913563 -30.0625 -60.0 1.9389517158874505 13 
0009 0005 1666429159914746 56.125 -66.0 4.718524903536232 13 
0009 0008 1666429159915897 13.0 -65.0 3.5588354278946874 13 
0009 0011 1666429159917488 8.9375 -61.0 6.252505691421874 13 
0009 0015 1666429159918870 -4.0625 -60.0 4.338097668140593 13 
0009 0002 1666429159919739 48.0 -70.5 0.07976700097005335 13 
0009 0007 1666429159920654 117.125 -66.5 1.6382914814618648 13 
0009 0012 1666429159921940 -165.1875 -68.5 4.1417481272912315 13 
0009 0010 1666429159998445 -0.1875 -70.5 5.71868037723767 13 
0009 0012 1666429160028034 -34.9375 -65.5 3.9638063558964967 13 
0009 0008 1666429160029454 -204.25 -66.0 3.6079228131070282 13 
0009 0015 1666429160031272 -43.125 -60.5 4.344233591292136 13 
0009 0011 1666429160032521 -39.0 -66.5 4.9823695990525625 13 
0009 0010 1666429160033669 0.0 -64.5 5.675728915176872 13 
0009 0014 1666429160035350 -26.0 -61.0 5.2339424482658075 13 
0009 0013 1666429160036446 -48.0 -60.5 5.835262917116979 13 
0009 0006 1666429160037333 -65.0625 -63.0 0.1349903093339364 13 
0009 0007 1666429160039085 152.125 -70.0 0.2638446955163303 13 
0009 0002 1666429160040251 100.0625 -70.5 0.5829126993965437 13 
0009 0000 1666429160093320 -28.5 -78.5 0.28838838812250056 13 
0009 0010 1666429160147076 -34.9375 -56.5 5.190990986205009 13 
0009 0015 1666429160149308 -43.125 -60.0 4.374913207049849 13 
0009 0004 1666429160150222 -78.0625 -65.5 2.761165418194154 13 
0009 0006 1666429160153988 -17.0625 -61.0 3.6386024288647407 13 
0009 0014 1666429160160293 -43.125 -62.0 5.3627968344482015 13 
0009 0013 1666429160161504 -26.0 -62.5 5.730952223540755 13 
0009 0000 1666429160216321 22.75 -74.5 6.12365130523948 13 
0009 0007 1666429160221850 24.375 -68.5 1.564660403643354 13 
0009 0002 1666429160227934 5.625 -76.5 2.6016314162540475 13 
0009 0011 1666429160260341 -1.9375 -74.0 5.074408446325701 13 
0009 0008 1666429160264118 0.0 -72.5 6.050020227420969 13 
0009 0004 1666429160318040 13.0 -64.5 1.5033011721279284 13 
0009 0007 1666429160319335 8.9375 -64.0 0.3190680038802134 13 
0009 0015 1666429160320251 -26.0 -60.5 4.0987966652304335 13 
0009 0002 1666429160321646 -238.4375 -73.0 4.853515212870168 13 
0009 0008 1666429160323009 -52.0625 -65.5 5.442563835418255 13 
0009 0011 1666429160323921 43.125 -67.0 1.2210487071569704 13 
0009 0014 1666429160325540 -4.0625 -64.5 5.411884219660542 13 
0009 0006 1666429160327505 -30.0625 -60.5 1.282407938672396 13 
0009 0010 1666429160329280 17.0625 -59.5 2.055534255766759 13 
0009 0015 1666429160426354 -21.9375 -60.0 4.147884050442774 13 
0009 0010 1666429160427494 30.0625 -69.0 0.9019807032767571 13 
0009 0014 1666429160428621 -69.125 -65.5 5.5284667595398505 13 
0009 0004 1666429160430497 48.0 -64.5 0.380427235395639 13 
0009 0008 1666429160431889 17.0625 -61.5 4.71238898038469 13 
0009 0011 1666429160432760 -100.0625 -64.0 0.18407769454627693 13 
0009 0007 1666429160435135 -82.1875 -63.0 5.927301764390117 13 
0009 0006 1666429160439213 -56.125 -61.0 0.36815538909255385 13 
0009 0002 1666429160442476 -230.25 -70.0 3.4054373491061236 13 
0009 0006 1666429160539431 52.0625 -62.0 6.080699843178682 13 
0009 0011 1666429160541619 39.0 -63.5 5.957981380147831 13 
0009 0002 1666429160543057 -151.3125 -67.5 2.4911847995262812 13 
0009 0007 1666429160544396 -147.25 -62.5 5.675728915176872 13 
0009 0015 1666429160546287 -39.0 -59.5 4.270602513473625 13 
0009 0004 1666429160547199 65.0625 -63.5 5.884350302329319 13 
0009 0008 1666429160548591 26.0 -60.5 4.000621894805752 13 
0009 0014 1666429160552240 95.1875 -67.0 5.056000676871073 13 
0009 0015 1666429160654765 -21.9375 -59.0 4.289010282928253 13 
0009 0014 1666429160655652 -34.9375 -67.0 5.197126909356553 13 
0009 0007 1666429160657545 -78.0625 -61.5 5.3627968344482015 13 
0009 0011 1666429160659746 -65.0625 -63.0 0.42337869745643697 13 
0009 0006 1666429160660615 -34.9375 -61.0 6.2034183062095325 13 
0009 0008 1666429160663628 43.125 -63.5 3.2397674240144743 13 
0009 0002 1666429160664941 117.125 -67.5 1.3928545554001621 13 
0009 0004 1666429160666121 -91.125 -62.5 5.6143696836614465 13 
0009 0010 1666429160666991 -147.25 -66.5 1.0492428589137786 13 
0009 0005 1666429160722887 2.875 -74.0 5.9088939949354895 13 
0009 0009 1666429160729281 0.0 -74.0 5.957981380147831 13 
0009 0005 1666429160777765 -87.0625 -68.5 2.6691265709210157 13 
0009 0011 1666429160779356 -30.0625 -64.5 0.8222137023067037 13 
0009 0002 1666429160780781 273.375 -70.0 5.964117303299373 13 
0009 0008 1666429160782131 152.125 -66.0 2.2641556429192065 13 
0009 0014 1666429160783070 13.0 -68.0 4.921010367537137 13 
0009 0009 1666429160785021 -74.0 -69.5 5.884350302329319 13 
0009 0004 1666429160787098 -104.125 -63.0 5.135767677841127 13 
0009 0006 1666429160788520 -26.0 -60.5 5.945709533844745 13 
0009 0010 1666429160789461 52.0625 -62.5 1.086058397823034 13 
0009 0015 1666429160793581 -34.9375 -59.5 4.289010282928253 13 
0009 0007 1666429160794880 -91.125 -62.0 5.117359908386499 13 
0009 0007 1666429160893770 -39.0 -62.0 4.853515212870168 13 
0009 0015 1666429160894712 26.0 -60.0 4.227651051412827 13 
0009 0009 1666429160895640 78.0625 -67.5 5.043728830567988 13 
0009 0005 1666429160896536 17.0625 -67.5 1.8223691760081417 13 
0009 0010 1666429160897404 8.9375 -62.5 1.1044661672776617 13 
0009 0008 1666429160900490 169.25 -70.0 0.9387962421860124 13 
0009 0014 1666429160901361 -52.0625 -68.5 4.902602598082509 13 
0009 0002 1666429160902709 34.9375 -70.5 4.06811704947272 13 
0009 0011 1666429160904586 26.0 -64.5 0.6872233929727672 13 
0009 0004 1666429160905470 -21.9375 -64.0 4.442408361716817 13 
0009 0006 1666429160906609 -48.0 -60.5 5.737088146692298 13 
0009 0015 1666429161008291 -34.9375 -60.0 4.3503695144436785 13 
0009 0005 1666429161009218 95.1875 -67.0 1.0185632431560658 13 
0009 0007 1666429161010374 -78.0625 -63.0 4.626486056263094 13 
0009 0006 1666429161011762 0.0 -60.5 5.356660911296659 13 
0009 0002 1666429161013417 238.4375 -68.0 2.1353012567368124 13 
0009 0010 1666429161015944 95.1875 -61.5 1.012427320004523 13 
0009 0014 1666429161017606 8.9375 -68.0 4.890330751779424 13 
0009 0004 1666429161020308 69.125 -64.5 3.5895150436524004 13 
0009 0011 1666429161022045 -34.9375 -65.5 0.44178646691106466 13 
0009 0009 1666429161025593 17.0625 -66.0 4.755340442445488 13 
0009 0008 1666429161105715 6.125 -73.5 5.21553467881118 13 
0009 0005 1666429161144690 -69.125 -68.5 0.11658253987930872 13 
0009 0006 1666429161146354 -74.0 -59.5 4.9823695990525625 13 
0009 0014 1666429161147726 78.0625 -68.5 4.669437518323892 13 
0009 0009 1666429161149973 -48.0 -63.5 4.485359823777615 13 
0009 0004 1666429161152307 0.0 -64.0 2.8102528034064944 13 
0009 0015 1666429161153196 13.0 -60.0 4.3503695144436785 13 
0009 0011 1666429161154573 0.0 -66.5 0.25157284921324513 13 
0009 0002 1666429161155516 -8.9375 -66.5 1.086058397823034 13 
0009 0010 1666429161156953 21.9375 -61.5 1.239456476611598 13 
0009 0007 1666429161157926 43.125 -64.0 3.9208548938356986 13 
0009 0008 1666429161181074 -5.625 -73.0 4.589670517353839 13 
0009 0008 1666429161260518 34.9375 -70.0 4.25833066717054 13 
0009 0011 1666429161262380 -43.125 -67.5 0.11658253987930872 13 
0009 0004 1666429161263835 52.0625 -64.5 2.12916533358527 13 
0009 0009 1666429161264707 -91.125 -64.0 4.196971435655114 13 
0009 0007 1666429161266135 -130.1875 -64.0 3.7122335066832517 13 
0009 0015 1666429161267754 -30.0625 -59.5 4.368777283898306 13 
0009 0010 1666429161268891 -13.0 -62.0 1.1351457830353744 13 
0009 0006 1666429161269817 -34.9375 -60.5 4.706253057233147 13 
0009 0014 1666429161271824 -152.125 -68.5 5.00077736850719 13 
0009 0002 1666429161273768 61.0 -67.0 0.5338253141842031 13 
0009 0005 1666429161274651 -95.1875 -70.0 5.375068680751287 13 
0009 0010 1666429161382920 -17.0625 -62.0 0.7853981633974483 13 
0009 0006 1666429161383864 52.0625 -60.5 3.9699422790480394 13 
0009 0014 1666429161385004 56.125 -68.0 4.724660826687775 13 
0009 0002 1666429161385940 -17.0625 -67.5 0.09817477042468103 13 
0009 0004 1666429161387094 -39.0 -64.5 2.2089323345553233 13 
0009 0015 1666429161388232 -4.0625 -59.5 4.3503695144436785 13 
0009 0008 1666429161389174 -30.0625 -69.5 4.546719055293041 13 
0009 0009 1666429161390088 -30.0625 -63.5 4.246058820867455 13 
0009 0011 1666429161390987 56.125 -67.5 0.36815538909255385 13 
0009 0007 1666429161391887 -82.1875 -65.0 2.8961557275280905 13 
0009 0005 1666429161393056 113.0625 -70.0 5.056000676871073 13 
0009 0006 1666429161491391 -21.9375 -60.5 4.061981126321178 13 
0009 0008 1666429161492303 -143.1875 -69.0 4.221515128261284 13 
0009 0011 1666429161493456 -100.0625 -67.5 0.5276893910326605 13 
0009 0015 1666429161495066 -78.0625 -59.5 4.430136515413731 13 
0009 0009 1666429161497411 -48.0 -64.0 4.178563666200486 13 
0009 0010 1666429161498351 39.0 -61.5 0.9019807032767571 13 
0009 0005 1666429161499778 251.4375 -70.0 4.804427827657828 13 
0009 0004 1666429161502959 -74.0 -64.5 2.141437179888355 13 
0009 0007 1666429161503858 -61.0 -65.5 2.5954954931025047 13 
0009 0014 1666429161504786 -152.125 -67.5 4.97623367590102 13 
0009 0002 1666429161508249 65.0625 -68.5 6.111379458936394 13 
0009 0007 1666429161607649 -30.0625 -65.0 2.5586799541932495 13 
0009 0004 1666429161609909 -4.0625 -64.0 2.12916533358527 13 
0009 0006 1666429161611985 -61.0 -60.5 4.129476280988146 13 
0009 0011 1666429161612839 21.9375 -66.5 0.37429131224409645 13 
0009 0005 1666429161613992 78.0625 -69.0 4.706253057233147 13 
0009 0010 1666429161614875 -52.0625 -61.5 0.9878836273983529 13 
0009 0015 1666429161616129 -39.0 -59.0 4.3503695144436785 13 
0009 0009 1666429161617595 -39.0 -64.5 4.104932588381976 13 
0009 0008 1666429161620780 82.1875 -71.0 4.01902966426038 13 
0009 0002 1666429161622397 -230.25 -68.5 0.11044661672776616 13 
0009 0014 1666429161623506 -26.0 -68.0 4.92714629068868 13 
0009 0003 1666429161787212 2.6875 -77.0 5.853670686571607 13 
0009 0002 1666429161809687 -82.1875 -69.0 6.270913460876501 13 
0009 0010 1666429161810852 -30.0625 -62.0 0.8467573949128739 13 
0009 0007 1666429161811965 56.125 -66.0 2.350058567040802 13 
0009 0005 1666429161812878 74.0 -70.0 4.3933209765044765 13 
0009 0014 1666429161814339 -74.0 -69.0 4.7860200582032 13 
0009 0011 1666429161815223 -34.9375 -67.0 0.34974761963792617 13 
0009 0004 1666429161817692 104.125 -64.5 2.116893487282185 13 
0009 0006 1666429161818589 -74.0 -60.5 4.1172044346850605 13 
0009 0008 1666429161819742 -247.375 -68.0 4.399456899656019 13 
0009 0009 1666429161820655 -30.0625 -63.5 4.1172044346850605 13 
0009 0015 1666429161821582 13.0 -59.0 4.344233591292136 13 
0009 0003 1666429161871037 -0.4375 -78.0 5.859806609723149 13 
0009 0004 1666429161930281 87.0625 -63.5 2.141437179888355 13 
0009 0011 1666429161932003 -21.9375 -67.0 0.2638446955163303 13 
0009 0009 1666429161934150 -104.125 -65.0 4.190835512503572 13 
0009 0005 1666429161935529 -4.0625 -69.0 4.454680208019902 13 
0009 0006 1666429161937267 -26.0 -60.5 4.025165587411922 13 
0009 0002 1666429161938166 208.3125 -69.5 5.9518454569962875 13 
0009 0007 1666429161939760 -78.0625 -64.5 2.478912953223196 13 
0009 0015 1666429161940666 0.0 -59.5 4.362641360746763 13 
0009 0010 1666429161941625 26.0 -62.5 0.7117670855789375 13 
0009 0008 1666429161944644 52.0625 -68.5 4.25833066717054 13 
0009 0014 1666429161945569 -8.9375 -69.0 4.6878452877785195 13 
0009 0003 1666429161974242 28.5 -77.0 6.043884304269426 13 
0009 0004 1666429162052066 69.125 -64.0 2.184388641949153 13 
0009 0008 1666429162053430 -134.25 -69.0 4.448544284868359 13 
0009 0009 1666429162054541 -56.125 -64.0 4.1601558967458585 13 
0009 0007 1666429162057908 -30.0625 -65.0 2.2580197197676637 13 
0009 0010 1666429162058846 21.9375 -63.0 0.6810874698212247 13 
0009 0015 1666429162060012 -4.0625 -59.5 4.3503695144436785 13 
0009 0006 1666429162061408 -43.125 -60.5 3.9944859716542096 13 
0009 0011 1666429162062321 117.125 -67.0 0.12885438618239387 13 
0009 0002 1666429162063584 78.0625 -69.5 0.0859029241215959 13 
0009 0014 1666429162064512 -156.1875 -68.5 4.92714629068868 13 
0009 0005 1666429162065394 160.3125 -69.5 4.442408361716817 13 
0009 0003 1666429162085334 -8.0625 -77.0 6.252505691421874 13 
0009 0009 1666429162168015 -21.9375 -64.5 4.190835512503572 13 
0009 0002 1666429162170298 -95.1875 -68.5 0.36815538909255385 13 
0009 0015 1666429162171593 -8.9375 -59.5 4.442408361716817 13 
0009 0010 1666429162172760 17.0625 -62.0 0.6872233929727672 13 
0009 0006 1666429162173900 -56.125 -61.0 3.9760782021995817 13 
0009 0014 1666429162174812 8.9375 -69.0 4.700117134081604 13 
0009 0004 1666429162175728 -186.3125 -64.0 2.521864415283994 13 
0009 0007 1666429162176728 117.125 -65.5 2.1966604882522383 13 
0009 0008 1666429162177682 -238.4375 -69.5 4.693981210930062 13 
0009 0011 1666429162178579 39.0 -67.5 0.1902136176978195 13 
0009 0005 1666429162179496 -260.375 -70.5 5.013049214810275 13 
0009 0003 1666429162195753 5.625 -77.5 6.2463697682703305 13 
0009 0015 1666429162281450 -17.0625 -59.5 4.417864669110647 13 
0009 0011 1666429162283044 -74.0 -66.0 0.39269908169872414 13 
0009 0014 1666429162283958 -156.1875 -69.5 4.9823695990525625 13 
0009 0006 1666429162284926 -39.0 -61.0 3.9822141253511245 13 
0009 0004 1666429162287825 61.0 -64.5 2.386874105950058 13 
0009 0005 1666429162288964 -82.1875 -69.5 5.019185137961818 13 
0009 0007 1666429162290872 -139.125 -65.5 2.564815877344792 13 
0009 0008 1666429162291795 -43.125 -69.5 4.485359823777615 13 
0009 0010 1666429162292720 13.0 -62.5 0.5706408530934585 13 
0009 0009 1666429162293635 -17.0625 -64.5 4.1601558967458585 13 
0009 0002 1666429162297282 -238.4375 -69.5 0.662679700366597 13 
0009 0003 1666429162313348 -0.75 -77.5 0.01227184630308513 13 
0009 0015 1666429162399000 -21.9375 -59.5 4.442408361716817 13 
0009 0014 1666429162400671 100.0625 -68.0 4.614214209960009 13 
0009 0007 1666429162402948 -160.3125 -65.5 2.6445828783148455 13 
0009 0011 1666429162403843 -13.0 -67.0 0.28225246497095796 13 
0009 0009 1666429162405015 -78.0625 -65.0 4.23378697456437 13 
0009 0005 1666429162405897 -69.125 -70.5 5.013049214810275 13 
0009 0004 1666429162406840 -130.1875 -64.5 2.5770877236478773 13 
0009 0008 1666429162408033 -173.3125 -69.5 4.878058905476339 13 
0009 0002 1666429162408959 -147.25 -70.5 0.662679700366597 13 
0009 0010 1666429162412348 8.9375 -62.0 0.5829126993965437 13 
0009 0006 1666429162413503 -43.125 -61.0 4.01902966426038 13 
0009 0003 1666429162453186 8.0625 -78.5 0.006135923151542565 13 
0009 0007 1666429162518642 -4.0625 -65.0 2.36846633649543 13 
0009 0008 1666429162520393 108.1875 -68.0 4.540583132141498 13 
0009 0014 1666429162522028 48.0 -69.0 4.779884135051658 13 
0009 0010 1666429162522910 48.0 -62.5 0.521553467881118 13 
0009 0015 1666429162524047 4.0625 -59.0 4.3933209765044765 13 
0009 0004 1666429162524905 56.125 -65.0 2.3930100291016 13 
0009 0009 1666429162525833 -61.0 -65.5 4.227651051412827 13 
0009 0006 1666429162527751 -48.0 -61.0 4.01902966426038 13 
0009 0011 1666429162529290 52.0625 -66.0 0.2086213871524472 13 
0009 0002 1666429162531603 65.0625 -71.0 0.46019423636569234 13 
0009 0005 1666429162533580 17.0625 -71.0 4.878058905476339 13 
