0009 0005 1666429199675498 74.0 -62.0 5.197126909356553 13 
0009 0007 1666429199677089 -126.125 -64.0 3.0495538063166547 13 
0009 0014 1666429199678255 -43.125 -59.0 5.166447293598839 13 
0009 0002 1666429199679646 52.0625 -69.0 5.418020142812084 13 
0009 0006 1666429199682159 21.9375 -59.5 2.730485802436441 13 
0009 0011 1666429199683763 17.0625 -57.5 1.6751070203711202 13 
0009 0015 1666429199684871 0.0 -60.0 4.565126824747668 13 
0009 0008 1666429199685774 -191.1875 -66.5 4.06811704947272 13 
0009 0004 1666429199687525 -429.625 -71.0 2.8838838812250054 13 
0009 0008 1666429199784403 -30.0625 -67.0 3.9208548938356986 13 
0009 0011 1666429199786364 -21.9375 -57.0 1.7119225592803755 13 
0009 0006 1666429199787774 -30.0625 -59.5 2.8654761117703775 13 
0009 0002 1666429199788667 8.9375 -69.5 5.436427912266712 13 
0009 0005 1666429199789838 -74.0 -62.5 5.356660911296659 13 
0009 0014 1666429199790751 -43.125 -59.5 5.197126909356553 13 
0009 0015 1666429199792173 -43.125 -60.5 4.614214209960009 13 
0009 0013 1666429199793098 8.9375 -64.0 0.4049709280018093 13 
0009 0007 1666429199794495 -69.125 -65.5 3.055689729468197 13 
0009 0013 1666429199896769 17.0625 -63.5 0.4295146206079795 13 
0009 0006 1666429199897962 0.0 -60.0 2.816388726558037 13 
0009 0002 1666429199899355 -26.0 -70.0 5.4671075280244255 13 
0009 0007 1666429199900762 -56.125 -65.0 3.129320807286708 13 
0009 0014 1666429199902155 13.0 -59.5 5.135767677841127 13 
0009 0005 1666429199903338 69.125 -62.5 5.295301679781233 13 
0009 0015 1666429199904664 -69.125 -60.5 4.638757902566179 13 
0009 0008 1666429199906464 -65.0625 -67.5 4.000621894805752 13 
0009 0011 1666429199907376 -13.0 -57.0 1.736466251886546 13 
0009 0004 1666429199911089 104.125 -72.0 2.4175537217077703 13 
0009 0013 1666429200007992 13.0 -64.0 0.4049709280018093 13 
0009 0004 1666429200008949 169.25 -71.0 2.1230294104337273 13 
0009 0014 1666429200010102 -26.0 -59.5 5.129631754689584 13 
0009 0002 1666429200010955 43.125 -69.0 5.491651220630596 13 
0009 0011 1666429200013823 34.9375 -57.5 1.6689710972195777 13 
0009 0008 1666429200014706 -100.0625 -67.5 4.086524818927348 13 
0009 0015 1666429200016056 -4.0625 -61.0 4.589670517353839 13 
0009 0005 1666429200017479 4.0625 -63.0 5.258486140871978 13 
0009 0006 1666429200019102 -26.0 -59.5 2.9145634969827183 13 
0009 0007 1666429200023989 -4.0625 -64.0 3.0066023442558567 13 
0009 0015 1666429200123239 -30.0625 -61.0 4.614214209960009 13 
0009 0007 1666429200124124 61.0 -65.5 2.9268353432858034 13 
0009 0011 1666429200126891 0.0 -57.5 1.7303303287350031 13 
0009 0013 1666429200127950 61.0 -64.0 0.3374757733348411 13 
0009 0014 1666429200129727 -69.125 -60.0 5.21553467881118 13 
0009 0005 1666429200130611 -100.0625 -63.0 5.393476450205914 13 
0009 0006 1666429200131779 -65.0625 -60.0 2.9943304979527716 13 
0009 0008 1666429200133043 -95.1875 -67.0 4.01902966426038 13 
0009 0002 1666429200135588 -121.25 -69.0 5.608233760509904 13 
0009 0004 1666429200136503 26.0 -72.0 2.399145952253143 13 
0009 0007 1666429200233809 -121.25 -65.0 3.215223731408304 13 
0009 0006 1666429200235317 21.9375 -60.0 2.8838838812250054 13 
0009 0011 1666429200236513 -17.0625 -57.5 1.7671458676442586 13 
0009 0004 1666429200237443 186.3125 -70.5 2.2886993355253766 13 
0009 0013 1666429200238794 -48.0 -63.5 0.5092816215780329 13 
0009 0014 1666429200240703 -39.0 -59.0 5.197126909356553 13 
0009 0002 1666429200241855 -87.0625 -69.5 5.602097837358362 13 
0009 0005 1666429200242766 61.0 -63.0 5.240078371417351 13 
0009 0015 1666429200244743 -8.9375 -61.0 4.583534594202296 13 
0009 0008 1666429200245726 -39.0 -66.0 4.061981126321178 13 
0009 0015 1666429200345225 30.0625 -60.5 4.558990901596125 13 
0009 0013 1666429200346252 39.0 -64.0 0.4663301595172349 13 
0009 0011 1666429200347405 21.9375 -58.0 1.7303303287350031 13 
0009 0006 1666429200348801 -30.0625 -60.0 2.9513790358919736 13 
0009 0007 1666429200349969 -39.0 -66.0 2.9697868053466014 13 
0009 0008 1666429200351035 -100.0625 -67.0 4.154019973594316 13 
0009 0014 1666429200351989 -21.9375 -59.0 5.141903600992669 13 
0009 0004 1666429200353115 -74.0 -71.0 2.454369260617026 13 
0009 0005 1666429200354227 91.125 -63.5 5.209398755659637 13 
0009 0002 1666429200356575 -156.1875 -69.0 5.7616318392984684 13 
0009 0015 1666429200455484 -21.9375 -60.5 4.528311285838413 13 
0009 0011 1666429200456397 -8.9375 -58.0 1.7916895602504288 13 
0009 0014 1666429200457551 -4.0625 -60.0 5.141903600992669 13 
0009 0013 1666429200458466 52.0625 -63.5 0.3988350048502667 13 
0009 0002 1666429200460057 169.25 -69.0 5.436427912266712 13 
0009 0008 1666429200462995 -48.0 -66.5 4.037437433715008 13 
0009 0006 1666429200464731 56.125 -60.0 2.9084275738311756 13 
0009 0004 1666429200465903 178.1875 -71.5 2.2334760271614935 13 
0009 0007 1666429200466816 -56.125 -65.5 2.9820586516496865 13 
0009 0005 1666429200469290 -30.0625 -63.0 5.405748296509 13 
0009 0006 1666429200567435 -13.0 -60.0 2.9820586516496865 13 
0009 0014 1666429200568347 8.9375 -60.0 5.141903600992669 13 
0009 0011 1666429200570197 -30.0625 -57.5 1.8346410223112268 13 
0009 0013 1666429200573251 -39.0 -64.0 0.5276893910326605 13 
0009 0007 1666429200574833 -13.0 -65.5 2.9759227284981438 13 
0009 0005 1666429200575718 -34.9375 -63.0 5.307573526084319 13 
0009 0015 1666429200577080 0.0 -60.5 4.540583132141498 13 
0009 0008 1666429200578577 78.0625 -66.0 3.9515345095934116 13 
0009 0004 1666429200580114 -130.1875 -71.5 2.411417798556228 13 
0009 0002 1666429200581096 26.0 -68.5 5.620505606812989 13 
0009 0004 1666429200678378 -273.375 -72.0 2.6323110320117604 13 
0009 0005 1666429200679770 39.0 -63.5 5.332117218690489 13 
0009 0014 1666429200681279 8.9375 -59.5 5.148039524144211 13 
0009 0008 1666429200682432 -65.0625 -68.5 4.0558452031696355 13 
0009 0015 1666429200683584 -4.0625 -61.0 4.571262747899211 13 
0009 0013 1666429200684708 -4.0625 -64.5 0.4663301595172349 13 
0009 0011 1666429200685861 17.0625 -58.0 1.7426021750380885 13 
0009 0002 1666429200686745 -117.125 -69.5 5.780039608753096 13 
0009 0007 1666429200688621 -21.9375 -65.0 3.000466421104314 13 
0009 0006 1666429200689549 39.0 -60.0 2.9206994201342606 13 
0009 0005 1666429200789123 -48.0 -63.0 5.387340527054372 13 
0009 0006 1666429200790261 26.0 -60.0 2.9022916506796332 13 
0009 0015 1666429200791737 -43.125 -60.5 4.601942363656923 13 
0009 0011 1666429200792635 30.0625 -58.0 1.7732817907958012 13 
0009 0014 1666429200793789 39.0 -60.0 5.117359908386499 13 
0009 0007 1666429200797993 -117.125 -65.5 3.117048960983623 13 
0009 0008 1666429200798944 39.0 -67.0 4.061981126321178 13 
0009 0013 1666429200800323 13.0 -63.5 0.42337869745643697 13 
0009 0002 1666429200803688 21.9375 -69.0 5.565282298449106 13 
0009 0004 1666429200804844 -117.125 -70.0 2.6875343403756435 13 
0009 0013 1666429200902899 -48.0 -64.5 0.521553467881118 13 
0009 0007 1666429200904069 26.0 -66.0 2.9268353432858034 13 
0009 0011 1666429200905520 -48.0 -57.5 1.8530487917658545 13 
0009 0006 1666429200906858 -30.0625 -59.5 2.8532042654672924 13 
0009 0005 1666429200908495 61.0 -63.0 5.3198453723874035 13 
0009 0014 1666429200909665 -34.9375 -60.0 5.190990986205009 13 
0009 0008 1666429200914200 -169.25 -68.0 4.1417481272912315 13 
0009 0015 1666429200915128 -26.0 -61.0 4.614214209960009 13 
0009 0002 1666429200916732 -48.0 -69.0 5.700272607783043 13 
0009 0004 1666429200917791 -74.0 -71.5 2.5280003384355365 13 
0009 0002 1666429201017044 -69.125 -68.0 5.749359992995383 13 
0009 0006 1666429201017999 -87.0625 -59.5 2.9268353432858034 13 
0009 0015 1666429201019765 -39.0 -60.5 4.589670517353839 13 
0009 0014 1666429201020962 52.0625 -60.0 5.080544369477243 13 
0009 0007 1666429201023693 -30.0625 -65.0 3.055689729468197 13 
0009 0011 1666429201024577 30.0625 -57.5 1.7855536370988863 13 
0009 0013 1666429201025517 26.0 -64.0 0.4724660826687775 13 
0009 0005 1666429201026686 -78.0625 -63.5 5.47937937432751 13 
0009 0008 1666429201027994 -82.1875 -68.0 4.086524818927348 13 
0009 0004 1666429201029420 -139.125 -71.0 2.4605051837685683 13 
0009 0004 1666429201127519 230.25 -71.0 2.3439226438892597 13 
0009 0014 1666429201128401 -69.125 -59.5 5.221670601962723 13 
0009 0015 1666429201129314 -34.9375 -60.5 4.577398671050753 13 
0009 0007 1666429201130498 34.9375 -66.0 2.9391071895888885 13 
0009 0013 1666429201132357 -17.0625 -64.5 0.4663301595172349 13 
0009 0005 1666429201133254 8.9375 -63.0 5.227806525114265 13 
0009 0011 1666429201134920 -30.0625 -57.5 1.8346410223112268 13 
0009 0006 1666429201135803 13.0 -60.0 2.8961557275280905 13 
0009 0002 1666429201138897 43.125 -68.5 5.47937937432751 13 
0009 0008 1666429201144168 -74.0 -67.5 4.1172044346850605 13 
0009 0007 1666429201241952 -69.125 -65.5 2.9820586516496865 13 
0009 0011 1666429201243119 -30.0625 -57.5 1.8285050991596843 13 
0009 0002 1666429201246073 126.125 -68.0 5.448699758569798 13 
0009 0013 1666429201247125 17.0625 -64.5 0.4970097752749477 13 
0009 0014 1666429201248450 -52.0625 -60.0 5.209398755659637 13 
0009 0006 1666429201249417 4.0625 -60.0 2.9084275738311756 13 
0009 0008 1666429201250301 -165.1875 -67.0 4.1172044346850605 13 
0009 0015 1666429201251508 13.0 -60.5 4.540583132141498 13 
0009 0005 1666429201253031 -30.0625 -63.0 5.344389064993574 13 
0009 0004 1666429201255045 459.75 -72.5 1.6198837120072371 13 
0009 0004 1666429201352207 -74.0 -70.5 2.650718801466388 13 
0009 0006 1666429201353329 8.9375 -60.0 2.890019804376548 13 
0009 0014 1666429201356017 -56.125 -60.5 5.178719139901925 13 
0009 0005 1666429201357239 -26.0 -62.5 5.313709449235861 13 
0009 0015 1666429201359273 -13.0 -60.5 4.601942363656923 13 
0009 0008 1666429201360418 121.25 -66.5 3.7981364308048478 13 
0009 0013 1666429201361330 104.125 -64.5 0.32520392703175593 13 
0009 0011 1666429201362497 39.0 -57.5 1.8039614065535141 13 
0009 0007 1666429201364234 -195.25 -65.5 3.3011266555298997 13 
0009 0002 1666429201365115 -56.125 -69.0 5.66959299202533 13 
0009 0005 1666429201464406 -61.0 -63.0 5.448699758569798 13 
0009 0011 1666429201465291 -61.0 -57.5 1.8960002538266525 13 
0009 0002 1666429201466260 -217.25 -68.5 5.6941366846315 13 
0009 0007 1666429201467456 43.125 -66.0 3.0066023442558567 13 
0009 0006 1666429201468357 48.0 -59.5 2.82252464970958 13 
0009 0004 1666429201469441 -69.125 -72.0 2.5157284921324514 13 
0009 0015 1666429201470568 -126.125 -60.5 4.743068596142402 13 
0009 0008 1666429201471465 34.9375 -68.0 3.8717675086233583 13 
0009 0014 1666429201472305 -13.0 -60.0 5.184855063053467 13 
0009 0013 1666429201473231 48.0 -64.5 0.5522330836388308 13 
0009 0011 1666429201583505 -21.9375 -57.0 1.8223691760081417 13 
0009 0013 1666429201584926 -17.0625 -64.0 0.5767767762450011 13 
0009 0014 1666429201585854 13.0 -60.0 5.092816215780329 13 
0009 0015 1666429201588541 -130.1875 -61.0 4.706253057233147 13 
0009 0006 1666429201589438 30.0625 -60.0 2.8838838812250054 13 
0009 0007 1666429201590807 74.0 -64.5 2.9206994201342606 13 
0009 0005 1666429201591930 8.9375 -62.5 5.307573526084319 13 
0009 0002 1666429201592871 -282.375 -67.0 5.921165841238575 13 
0009 0008 1666429201593881 -147.25 -67.5 4.09266074207889 13 
0009 0004 1666429201595911 -247.375 -70.5 2.6200391857086753 13 
0009 0014 1666429201694573 -17.0625 -60.0 5.086680292628786 13 
0009 0002 1666429201696847 95.1875 -67.5 5.418020142812084 13 
0009 0006 1666429201697956 30.0625 -60.0 2.8777479580734626 13 
0009 0015 1666429201698856 -56.125 -61.0 4.577398671050753 13 
0009 0013 1666429201699781 -21.9375 -63.5 0.5767767762450011 13 
0009 0007 1666429201700953 -139.125 -65.0 3.11091303783208 13 
0009 0011 1666429201703385 56.125 -57.0 1.6689710972195777 13 
0009 0005 1666429201704270 -34.9375 -63.0 5.338253141842031 13 
0009 0008 1666429201706614 95.1875 -66.5 3.810408277107933 13 
0009 0004 1666429201707557 26.0 -71.5 2.1966604882522383 13 
0009 0014 1666429201806182 -121.25 -60.5 5.258486140871978 13 
0009 0015 1666429201808374 52.0625 -61.0 4.485359823777615 13 
0009 0006 1666429201809627 -21.9375 -59.5 2.8838838812250054 13 
0009 0011 1666429201810542 43.125 -57.5 1.705786636128833 13 
0009 0007 1666429201811516 169.25 -65.5 2.8102528034064944 13 
0009 0005 1666429201812471 -52.0625 -63.5 5.368932757599744 13 
0009 0002 1666429201813635 95.1875 -68.5 5.368932757599744 13 
0009 0013 1666429201815734 30.0625 -63.5 0.5522330836388308 13 
0009 0008 1666429201816685 -4.0625 -67.0 3.865631585471816 13 
0009 0004 1666429201817816 82.1875 -71.5 2.2334760271614935 13 
0009 0013 1666429201915001 -4.0625 -63.5 0.47860200582032003 13 
0009 0004 1666429201916145 212.375 -72.5 2.1537090261914402 13 
0009 0005 1666429201917976 8.9375 -62.5 5.270757987175063 13 
0009 0015 1666429201920255 -39.0 -61.0 4.534447208989955 13 
0009 0014 1666429201921962 -13.0 -60.0 5.117359908386499 13 
0009 0011 1666429201923147 -26.0 -57.0 1.7426021750380885 13 
0009 0006 1666429201924114 -8.9375 -60.0 2.8286605728611223 13 
0009 0008 1666429201926352 -108.1875 -67.0 4.061981126321178 13 
0009 0007 1666429201927236 61.0 -65.5 2.9329712664373457 13 
0009 0002 1666429201928514 4.0625 -68.5 5.375068680751287 13 
0009 0013 1666429202026047 -17.0625 -63.5 0.380427235395639 13 
0009 0014 1666429202027145 -26.0 -60.0 5.148039524144211 13 
0009 0004 1666429202028045 30.0625 -71.0 2.1782527187976104 13 
0009 0008 1666429202029437 -87.0625 -67.0 3.9699422790480394 13 
0009 0015 1666429202031075 48.0 -61.0 4.546719055293041 13 
0009 0011 1666429202033570 43.125 -58.0 1.5707963267948966 13 
0009 0005 1666429202034752 -34.9375 -63.0 5.264622064023521 13 
0009 0006 1666429202038075 4.0625 -60.0 2.6875343403756435 13 
0009 0007 1666429202039218 56.125 -66.0 2.791845033951867 13 
0009 0002 1666429202040528 -108.1875 -69.0 5.64504929941916 13 
0009 0014 1666429202137932 -13.0 -59.5 5.166447293598839 13 
0009 0008 1666429202140121 -17.0625 -65.5 3.761320891895592 13 
0009 0015 1666429202141066 -48.0 -60.5 4.601942363656923 13 
0009 0007 1666429202142901 -30.0625 -65.0 2.6016314162540475 13 
0009 0011 1666429202144039 43.125 -58.5 1.3560390164909069 13 
0009 0002 1666429202144978 26.0 -69.0 5.841398840268521 13 
0009 0005 1666429202145861 -30.0625 -64.0 5.190990986205009 13 
0009 0006 1666429202146786 -17.0625 -59.5 2.509592568980909 13 
0009 0013 1666429202148521 8.9375 -63.5 0.07363107781851078 13 
0009 0004 1666429202149450 -108.1875 -71.5 2.3623304133438876 13 
0009 0013 1666429202249629 -8.9375 -62.0 6.056156150572511 13 
0009 0007 1666429202251948 199.375 -65.5 2.000310947402876 13 
0009 0011 1666429202254565 0.0 -60.0 0.6994952392758523 13 
0009 0005 1666429202255967 -169.25 -66.5 5.264622064023521 13 
0009 0015 1666429202256880 -87.0625 -60.5 4.552854978444583 13 
0009 0002 1666429202258086 21.9375 -69.0 0.006135923151542565 13 
0009 0006 1666429202259437 30.0625 -60.5 1.8346410223112268 13 
0009 0014 1666429202260306 -56.125 -60.0 5.264622064023521 13 
0009 0008 1666429202262064 0.0 -64.5 3.5711072741977725 13 
0009 0012 1666429202274846 16.25 -71.5 0.6780195082454534 13 
0009 0010 1666429202363637 -0.625 -71.0 5.71868037723767 13 
0009 0006 1666429202370849 4.0625 -62.5 0.37429131224409645 13 
0009 0014 1666429202372628 -21.9375 -60.5 5.307573526084319 13 
0009 0015 1666429202373555 -21.9375 -60.5 4.424000592262189 13 
0009 0013 1666429202374651 -74.0 -59.5 5.810719224510809 13 
0009 0002 1666429202375562 117.125 -70.0 0.1349903093339364 13 
0009 0011 1666429202376446 -238.4375 -63.5 5.595961914206819 13 
0009 0007 1666429202377615 -78.0625 -68.5 1.1719613219446299 13 
0009 0010 1666429202379730 26.0 -66.5 5.700272607783043 13 
0009 0008 1666429202381248 48.0 -64.0 3.3870295796514958 13 
0009 0012 1666429202382163 -8.9375 -65.0 4.000621894805752 13 
0009 0006 1666429202481658 -34.9375 -63.0 4.362641360746763 13 
0009 0012 1666429202482801 -52.0625 -66.5 3.9944859716542096 13 
0009 0015 1666429202484151 -34.9375 -60.0 4.356505437595221 13 
0009 0014 1666429202485548 -130.1875 -61.0 5.491651220630596 13 
0009 0013 1666429202486685 -87.0625 -61.5 0.0 13 
0009 0008 1666429202487838 -199.375 -69.0 3.227495577711389 13 
0009 0010 1666429202489242 -13.0 -57.5 5.368932757599744 13 
0009 0004 1666429202491432 -48.0 -70.5 2.6568547246179306 13 
0009 0011 1666429202494044 -130.1875 -74.0 3.663146121470911 13 
0009 0002 1666429202509262 -312.4375 -72.5 0.04295146206079795 13 
0009 0007 1666429202530185 9.75 -72.0 5.957981380147831 13 
0009 0004 1666429202609864 165.1875 -65.0 1.6321555583103222 13 
0009 0014 1666429202611628 48.0 -62.5 5.424156065963627 13 
0009 0015 1666429202613379 -21.9375 -60.0 4.289010282928253 13 
0009 0007 1666429202614278 -13.0 -65.0 1.564660403643354 13 
0009 0010 1666429202615719 13.0 -54.5 4.252194744018997 13 
0009 0006 1666429202616647 43.125 -61.0 1.6689710972195777 13 
0009 0002 1666429202633387 50.8125 -74.0 4.9302142522644505 13 
0009 0011 1666429202640696 2.4375 -74.0 5.780039608753096 13 
0009 0008 1666429202675961 6.375 -70.5 5.706408530934585 13 
0009 0014 1666429202734052 -39.0 -63.5 5.4671075280244255 13 
0009 0011 1666429202736044 -26.0 -66.5 1.5707963267948966 13 
0009 0010 1666429202737165 -4.0625 -61.0 1.7426021750380885 13 
0009 0004 1666429202738065 26.0 -65.5 0.6565437772150544 13 
0009 0008 1666429202739036 78.0625 -66.5 5.0682725231741586 13 
0009 0006 1666429202740443 4.0625 -61.5 0.619728238305799 13 
0009 0002 1666429202741823 -4.875 -71.0 3.8533597391687304 13 
0009 0007 1666429202742995 34.9375 -62.0 0.4049709280018093 13 
0009 0015 1666429202744379 -34.9375 -60.0 4.184699589352029 13 
0009 0002 1666429202846591 34.9375 -68.5 2.791845033951867 13 
0009 0015 1666429202848728 48.0 -60.0 4.221515128261284 13 
0009 0007 1666429202849923 -21.9375 -61.5 6.062292073724054 13 
0009 0004 1666429202850822 13.0 -65.0 5.976389149602458 13 
0009 0011 1666429202851823 43.125 -65.0 0.521553467881118 13 
0009 0006 1666429202853801 -87.0625 -61.5 6.252505691421874 13 
0009 0008 1666429202855630 26.0 -62.5 4.227651051412827 13 
0009 0014 1666429202856687 -43.125 -65.5 5.338253141842031 13 
0009 0010 1666429202876603 -32.5 -75.0 0.09510680884890975 13 
0009 0014 1666429202963732 -26.0 -66.0 5.154175447295755 13 
0009 0011 1666429202965383 -52.0625 -64.0 0.5460971604872883 13 
0009 0008 1666429202966307 26.0 -63.5 3.436116964863836 13 
0009 0015 1666429202967447 -30.0625 -60.0 4.295146206079795 13 
0009 0007 1666429202970698 -21.9375 -61.5 5.460971604872882 13 
0009 0002 1666429202972925 4.0625 -67.5 1.6444274046134073 13 
0009 0006 1666429202973869 -48.0 -61.0 6.074563920027139 13 
0009 0010 1666429202975009 -165.1875 -69.0 0.28225246497095796 13 
0009 0004 1666429202976132 39.0 -63.0 5.516194913236766 13 
0009 0005 1666429202998740 14.625 -74.0 5.927301764390117 13 
0009 0015 1666429203078328 -30.0625 -59.5 4.331961744989051 13 
0009 0010 1666429203080544 82.1875 -62.5 0.8222137023067037 13 
0009 0002 1666429203081442 277.4375 -68.5 0.14726215563702155 13 
0009 0008 1666429203082351 -134.25 -67.5 2.9391071895888885 13 
0009 0006 1666429203083277 -26.0 -60.5 5.994796919057086 13 
0009 0014 1666429203084174 -56.125 -66.5 4.994641445355648 13 
0009 0011 1666429203085028 -21.9375 -65.0 1.0185632431560658 13 
0009 0004 1666429203085884 -108.1875 -62.5 5.375068680751287 13 
0009 0007 1666429203086940 -34.9375 -62.5 5.111223985234957 13 
0009 0005 1666429203088720 -82.1875 -69.0 2.3623304133438876 13 
0009 0014 1666429203185784 -152.125 -67.0 5.062136600022616 13 
0009 0008 1666429203186724 -273.375 -69.5 2.3193789512830896 13 
0009 0009 1666429203188615 100.0625 -69.0 5.184855063053467 13 
0009 0005 1666429203191181 -34.9375 -67.0 1.7916895602504288 13 
0009 0007 1666429203192834 -52.0625 -63.5 4.718524903536232 13 
0009 0006 1666429203194013 -13.0 -60.0 5.780039608753096 13 
0009 0004 1666429203195633 8.9375 -63.5 4.755340442445488 13 
0009 0010 1666429203196532 17.0625 -62.5 0.7976700097005334 13 
0009 0015 1666429203197702 -87.0625 -60.0 4.405592822807561 13 
0009 0011 1666429203200700 -13.0 -65.0 0.9203884727313847 13 
0009 0002 1666429203202720 -126.125 -69.0 5.344389064993574 13 
0009 0007 1666429203301946 26.0 -63.5 4.331961744989051 13 
0009 0008 1666429203303155 13.0 -70.5 1.0676506283684062 13 
0009 0004 1666429203306394 8.9375 -65.0 4.276738436625168 13 
0009 0010 1666429203308144 -21.9375 -61.0 0.8344855486097889 13 
0009 0006 1666429203309421 0.0 -60.0 5.418020142812084 13 
0009 0015 1666429203311445 4.0625 -60.0 4.454680208019902 13 
0009 0002 1666429203315752 65.0625 -69.5 4.025165587411922 13 
0009 0011 1666429203317277 65.0625 -65.5 0.760854470791278 13 
0009 0009 1666429203320043 -65.0625 -67.0 5.037592907416445 13 
0009 0014 1666429203320970 -134.25 -68.0 4.945554060143307 13 
0009 0005 1666429203321796 -21.9375 -68.0 1.0246991663076084 13 
0009 0002 1666429203419420 -212.375 -70.0 2.9820586516496865 13 
0009 0006 1666429203420827 -65.0625 -59.5 5.2768939103266055 13 
0009 0004 1666429203423103 39.0 -66.0 3.5036121195308043 13 
0009 0015 1666429203424880 -21.9375 -60.0 4.558990901596125 13 
0009 0005 1666429203428712 43.125 -67.5 0.47860200582032003 13 
0009 0009 1666429203430064 -117.125 -65.5 4.828971520263998 13 
0009 0010 1666429203431498 -74.0 -60.5 1.2210487071569704 13 
0009 0007 1666429203432398 -82.1875 -64.0 4.23378697456437 13 
0009 0014 1666429203433809 208.3125 -67.5 4.479223900626073 13 
0009 0011 1666429203435157 -4.0625 -66.0 0.7424467013366504 13 
0009 0006 1666429203544880 -30.0625 -59.5 5.111223985234957 13 
0009 0005 1666429203546048 17.0625 -67.5 0.1902136176978195 13 
0009 0009 1666429203548296 -43.125 -65.0 4.76147636559703 13 
0009 0011 1666429203549461 21.9375 -67.0 0.5890486225480862 13 
0009 0004 1666429203551071 147.25 -66.5 3.11091303783208 13 
0009 0007 1666429203552252 4.0625 -64.5 4.031301510563465 13 
0009 0010 1666429203553420 17.0625 -60.0 1.3314953238847365 13 
0009 0015 1666429203554828 -61.0 -60.0 4.663301595172349 13 
0009 0002 1666429203557216 48.0 -70.0 1.6137477888556946 13 
0009 0014 1666429203558371 -130.1875 -69.0 4.908738521234052 13 
0009 0014 1666429203655936 -39.0 -68.0 4.890330751779424 13 
0009 0015 1666429203657572 -26.0 -60.5 4.558990901596125 13 
0009 0010 1666429203659320 17.0625 -60.0 1.5155730184310134 13 
0009 0004 1666429203660277 -30.0625 -66.0 3.098641191528995 13 
0009 0006 1666429203662167 -61.0 -59.5 5.098952138931871 13 
0009 0007 1666429203663079 -8.9375 -64.5 3.810408277107933 13 
0009 0011 1666429203666036 26.0 -67.5 0.5338253141842031 13 
0009 0005 1666429203667813 -43.125 -68.0 6.080699843178682 13 
0009 0002 1666429203668708 8.9375 -69.5 1.0185632431560658 13 
0009 0009 1666429203669624 43.125 -65.0 4.509903516383785 13 
0009 0010 1666429203766824 -13.0 -60.0 1.5155730184310134 13 
0009 0009 1666429203768012 -52.0625 -65.0 4.626486056263094 13 
0009 0002 1666429203769189 -21.9375 -72.0 0.7792622402459057 13 
0009 0004 1666429203771054 82.1875 -66.0 2.4727770300716534 13 
0009 0015 1666429203773499 -39.0 -60.5 4.595806440505381 13 
0009 0006 1666429203775774 39.0 -59.5 4.816699673960914 13 
0009 0014 1666429203776703 -143.1875 -68.0 5.043728830567988 13 
0009 0011 1666429203777588 -61.0 -67.5 0.6135923151542565 13 
0009 0005 1666429203778560 108.1875 -69.0 5.608233760509904 13 
0009 0007 1666429203779726 -4.0625 -65.0 3.56497135104623 13 
0009 0005 1666429203877784 182.25 -69.5 5.418020142812084 13 
0009 0009 1666429203879208 -61.0 -65.0 4.460816131171445 13 
0009 0014 1666429203880107 -34.9375 -68.0 4.97623367590102 13 
0009 0007 1666429203883787 21.9375 -65.5 3.429981041712294 13 
0009 0010 1666429203884800 26.0 -61.0 1.4173982480063325 13 
0009 0015 1666429203885952 -13.0 -60.5 4.620350133111551 13 
0009 0006 1666429203887121 43.125 -60.0 4.7307967498393175 13 
0009 0004 1666429203888303 52.0625 -65.5 2.4911847995262812 13 
0009 0011 1666429203889570 21.9375 -67.5 0.5338253141842031 13 
0009 0002 1666429203890679 -56.125 -71.0 0.5276893910326605 13 
0009 0005 1666429203989371 -43.125 -68.0 5.608233760509904 13 
0009 0007 1666429203990331 -91.125 -65.0 3.4054373491061236 13 
0009 0014 1666429203991512 -4.0625 -67.5 4.902602598082509 13 
0009 0010 1666429203992426 -26.0 -60.5 1.423534171157875 13 
0009 0009 1666429203993355 -65.0625 -64.5 4.424000592262189 13 
0009 0011 1666429203995018 165.1875 -68.0 0.37429131224409645 13 
0009 0002 1666429203996637 -34.9375 -71.0 0.44178646691106466 13 
0009 0006 1666429203997577 -61.0 -60.0 4.779884135051658 13 
0009 0015 1666429203998489 -17.0625 -60.5 4.608078286808466 13 
0009 0004 1666429204000577 -82.1875 -65.0 2.5280003384355365 13 
0009 0015 1666429204099027 8.9375 -60.0 4.534447208989955 13 
0009 0002 1666429204100749 -117.125 -70.0 0.6810874698212247 13 
0009 0009 1666429204101649 48.0 -65.0 4.246058820867455 13 
0009 0004 1666429204103094 121.25 -64.5 2.2948352586769194 13 
0009 0010 1666429204104018 -4.0625 -61.0 1.3989904785517047 13 
0009 0007 1666429204104946 -4.0625 -65.5 3.147728576741336 13 
0009 0011 1666429204106087 -61.0 -68.0 0.46019423636569234 13 
0009 0006 1666429204107269 -43.125 -60.0 4.700117134081604 13 
0009 0014 1666429204108366 147.25 -67.5 4.71238898038469 13 
0009 0005 1666429204110598 -17.0625 -69.0 5.546874528994478 13 
0009 0004 1666429204207792 104.125 -65.5 2.3316507975861747 13 
0009 0007 1666429204210749 -108.1875 -66.0 3.1784081924990484 13 
0009 0009 1666429204212354 34.9375 -65.0 4.3074180523828804 13 
0009 0006 1666429204213465 -104.125 -60.0 4.76147636559703 13 
0009 0010 1666429204214418 -34.9375 -60.5 1.380582709097077 13 
0009 0015 1666429204215542 13.0 -60.0 4.534447208989955 13 
0009 0011 1666429204216484 34.9375 -69.5 0.3865631585471816 13 
0009 0014 1666429204218432 -117.125 -68.5 5.105088062083414 13 
0009 0005 1666429204219373 126.125 -68.5 5.381204603902829 13 
0009 0002 1666429204221461 -173.3125 -70.5 0.705631162427395 13 
0009 0014 1666429204318088 95.1875 -67.5 4.7307967498393175 13 
0009 0007 1666429204319713 39.0 -66.0 2.9636508821950587 13 
0009 0015 1666429204321730 -26.0 -60.5 4.577398671050753 13 
0009 0010 1666429204324229 13.0 -61.0 1.325359400733194 13 
0009 0006 1666429204325214 -34.9375 -60.5 4.663301595172349 13 
0009 0004 1666429204326652 160.3125 -65.5 2.3930100291016 13 
0009 0005 1666429204327651 52.0625 -68.5 5.497787143782138 13 
0009 0011 1666429204330595 48.0 -69.0 0.4172427743048944 13 
0009 0009 1666429204331524 108.1875 -65.0 4.301282129231338 13 
0009 0002 1666429204332450 -191.1875 -70.0 0.7301748550335652 13 
0009 0006 1666429204429934 -17.0625 -60.0 4.6448938257177215 13 
0009 0010 1666429204432135 4.0625 -60.5 1.3130875544301088 13 
0009 0015 1666429204433064 -95.1875 -60.0 4.681709364626977 13 
0009 0011 1666429204434430 104.125 -69.0 0.4356505437595221 13 
0009 0009 1666429204435856 -139.125 -66.0 4.546719055293041 13 
0009 0004 1666429204437772 13.0 -65.0 2.5586799541932495 13 
0009 0007 1666429204438673 26.0 -65.5 3.129320807286708 13 
0009 0005 1666429204440979 -52.0625 -68.0 5.595961914206819 13 
0009 0014 1666429204441990 65.0625 -67.5 4.804427827657828 13 
0009 0002 1666429204443382 -121.25 -71.5 0.7853981633974483 13 
0009 0004 1666429204540894 134.25 -65.0 2.5157284921324514 13 
0009 0007 1666429204541862 -8.9375 -65.5 3.1354567304382504 13 
0009 0011 1666429204543014 13.0 -67.5 0.44178646691106466 13 
0009 0009 1666429204544127 43.125 -66.5 4.4362724385652745 13 
0009 0015 1666429204545505 -8.9375 -60.0 4.595806440505381 13 
0009 0005 1666429204547384 -17.0625 -69.0 5.6143696836614465 13 
0009 0006 1666429204550024 -4.0625 -60.5 4.626486056263094 13 
0009 0010 1666429204550965 43.125 -60.5 1.227184630308513 13 
0009 0014 1666429204552191 34.9375 -67.5 4.92714629068868 13 
0009 0002 1666429204555942 217.25 -70.5 0.5399612373357456 13 
0009 0005 1666429204655825 -65.0625 -69.5 5.816855147662351 13 
0009 0011 1666429204657233 -108.1875 -68.0 0.5460971604872883 13 
0009 0009 1666429204658997 -95.1875 -66.5 4.657165672020807 13 
0009 0014 1666429204660777 -139.125 -67.5 4.9823695990525625 13 
0009 0010 1666429204661980 34.9375 -60.5 1.2210487071569704 13 
0009 0006 1666429204663599 17.0625 -60.0 4.608078286808466 13 
0009 0015 1666429204664471 -39.0 -60.0 4.638757902566179 13 
0009 0004 1666429204666375 -8.9375 -65.0 2.7120780329818137 13 
0009 0007 1666429204667277 82.1875 -66.0 3.098641191528995 13 
0009 0002 1666429204670559 368.625 -70.5 0.3374757733348411 13 
