0009 0012 1666421117441669 -2.4375 -73.5 6.215690152512618 1 
0009 0011 1666421117516701 48.0 -64.0 0.9633399347921826 1 
0009 0008 1666421117518081 -121.25 -70.5 4.552854978444583 1 
0009 0013 1666421117520392 126.125 -67.5 1.2885438618239387 1 
0009 0014 1666421117521375 17.0625 -62.5 5.252350217720435 1 
0009 0007 1666421117523070 -56.125 -66.0 1.6812429435226628 1 
0009 0006 1666421117524987 -204.25 -70.5 5.927301764390117 1 
0009 0005 1666421117526169 56.125 -65.0 2.0800779483729293 1 
0009 0015 1666421117527281 -91.125 -66.0 4.773748211900116 1 
0009 0010 1666421117528150 34.9375 -67.5 0.2086213871524472 1 
0009 0004 1666421117530507 -48.0 -57.0 4.25833066717054 1 
0009 0012 1666421117556343 -12.9375 -73.5 6.154330920997192 1 
0009 0002 1666421117559092 -12.1875 -75.5 4.4362724385652745 1 
0009 0011 1666421117646997 -43.125 -64.0 1.055378782065321 1 
0009 0004 1666421117648150 -21.9375 -57.0 4.215379205109742 1 
0009 0007 1666421117650043 26.0 -66.0 1.5707963267948966 1 
0009 0015 1666421117651227 -104.125 -65.5 4.693981210930062 1 
0009 0010 1666421117654260 61.0 -68.5 0.14112623248547898 1 
0009 0008 1666421117655172 -173.3125 -71.0 4.411728745959104 1 
0009 0006 1666421117656847 4.0625 -69.5 5.64504929941916 1 
0009 0005 1666421117658531 147.25 -65.5 2.024854640009046 1 
0009 0013 1666421117659938 39.0 -68.5 1.3008157081270237 1 
0009 0014 1666421117663319 4.0625 -62.5 5.283029833478148 1 
0009 0012 1666421117685835 -19.5 -74.0 6.227961998815704 1 
0009 0002 1666421117691045 -2.4375 -76.0 1.2455923997631406 1 
0009 0004 1666421117768998 -4.0625 -57.0 4.2092432819582 1 
0009 0015 1666421117769915 -61.0 -66.5 4.663301595172349 1 
0009 0010 1666421117771381 61.0 -69.0 0.18407769454627693 1 
0009 0011 1666421117772252 26.0 -63.5 0.9510680884890975 1 
0009 0005 1666421117775049 17.0625 -65.0 2.2150682577068657 1 
0009 0014 1666421117776643 17.0625 -62.5 5.295301679781233 1 
0009 0007 1666421117777544 -100.0625 -66.0 1.761009944492716 1 
0009 0006 1666421117779335 65.0625 -71.0 5.6143696836614465 1 
0009 0013 1666421117780376 134.25 -67.5 1.282407938672396 1 
0009 0008 1666421117781257 26.0 -69.0 4.1601558967458585 1 
0009 0002 1666421117812406 -19.5 -75.5 1.2916118233997098 1 
0009 0012 1666421117824010 -7.3125 -73.5 6.227961998815704 1 
0009 0015 1666421117899979 -39.0 -65.5 4.608078286808466 1 
0009 0011 1666421117900961 4.0625 -64.0 0.9387962421860124 1 
0009 0006 1666421117901848 48.0 -70.0 5.559146375297564 1 
0009 0014 1666421117903029 4.0625 -62.5 5.240078371417351 1 
0009 0005 1666421117905148 65.0625 -64.5 2.086213871524472 1 
0009 0013 1666421117906089 52.0625 -67.0 1.3867186322486196 1 
0009 0008 1666421117907225 -48.0 -70.5 4.589670517353839 1 
0009 0010 1666421117908139 126.125 -69.5 0.09817477042468103 1 
0009 0004 1666421117911641 -61.0 -57.0 4.25833066717054 1 
0009 0007 1666421117913066 34.9375 -66.0 1.4787574795217582 1 
0009 0012 1666421117937881 -18.75 -74.0 6.240233845118788 1 
0009 0002 1666421117943064 -24.375 -75.5 1.4971652489763858 1 
0009 0015 1666421118017176 -74.0 -65.5 4.565126824747668 1 
0009 0004 1666421118018075 -30.0625 -57.0 4.2092432819582 1 
0009 0006 1666421118018961 -260.375 -70.5 5.780039608753096 1 
0009 0013 1666421118019872 -91.125 -68.0 1.509437095279471 1 
0009 0005 1666421118021281 26.0 -65.0 2.1659808724945253 1 
0009 0011 1666421118024229 -43.125 -64.0 1.0062913968529805 1 
0009 0010 1666421118027829 -104.125 -68.5 0.28225246497095796 1 
0009 0014 1666421118028712 95.1875 -62.5 5.166447293598839 1 
0009 0007 1666421118029597 39.0 -66.5 1.5033011721279284 1 
0009 0008 1666421118031959 165.1875 -69.0 4.025165587411922 1 
0009 0012 1666421118065292 5.625 -74.0 6.086835766330224 1 
0009 0002 1666421118068808 -3.1875 -75.5 1.3437671701878218 1 
0009 0011 1666421118146710 26.0 -63.5 0.9817477042468103 1 
0009 0005 1666421118147581 26.0 -65.0 2.1966604882522383 1 
0009 0014 1666421118151761 -13.0 -62.0 5.295301679781233 1 
0009 0004 1666421118153058 -34.9375 -57.5 4.227651051412827 1 
0009 0013 1666421118154206 -61.0 -67.5 1.5462526341887264 1 
0009 0010 1666421118155361 230.25 -68.5 0.030679615757712823 1 
0009 0007 1666421118158114 139.125 -66.0 1.380582709097077 1 
0009 0008 1666421118159024 173.3125 -70.0 4.215379205109742 1 
0009 0015 1666421118159978 4.0625 -66.0 4.534447208989955 1 
0009 0002 1666421118182829 -13.875 -75.5 4.4362724385652745 1 
0009 0012 1666421118184980 9.0 -74.0 6.0991076126333095 1 
0009 0005 1666421118265015 87.0625 -64.5 2.0923497946760143 1 
0009 0013 1666421118266125 91.125 -67.0 1.4358060174609601 1 
0009 0014 1666421118267608 39.0 -63.0 5.1725832167503825 1 
0009 0008 1666421118268535 178.1875 -70.5 4.178563666200486 1 
0009 0015 1666421118269646 126.125 -65.5 4.473087977474529 1 
0009 0011 1666421118270529 -34.9375 -63.5 1.0615147052168636 1 
0009 0004 1666421118272120 -87.0625 -57.5 4.276738436625168 1 
0009 0010 1666421118274532 -43.125 -70.0 0.3620194659410113 1 
0009 0006 1666421118275600 21.9375 -70.0 5.620505606812989 1 
0009 0007 1666421118277931 -4.0625 -67.0 1.5707963267948966 1 
0009 0002 1666421118284965 70.375 -74.5 1.175029283520401 1 
0009 0012 1666421118303644 12.1875 -74.0 6.135923151542564 1 
0009 0009 1666421118540369 -2.9375 -75.0 5.982525072754001 1 
0009 0008 1666421118548807 -61.0 -70.5 4.540583132141498 1 
0009 0014 1666421118549721 21.9375 -62.5 5.2339424482658075 1 
0009 0007 1666421118550892 -26.0 -66.5 1.5707963267948966 1 
0009 0011 1666421118552088 -82.1875 -64.0 1.1290098598838318 1 
0009 0005 1666421118553482 -91.125 -64.5 2.313243028131547 1 
0009 0004 1666421118554393 26.0 -57.5 4.178563666200486 1 
0009 0013 1666421118555520 204.25 -68.5 1.3314953238847365 1 
0009 0006 1666421118556474 -26.0 -70.5 5.45483568172134 1 
0009 0015 1666421118557828 -39.0 -67.0 4.626486056263094 1 
0009 0010 1666421118561157 104.125 -69.0 0.03681553890925539 1 
0009 0002 1666421118562081 -8.9375 -74.0 0.7547185476397354 1 
0009 0012 1666421118586993 0.0 -74.0 6.14819499784565 1 
0009 0009 1666421118657232 3.9375 -75.0 6.031612457966341 1 
0009 0006 1666421118665488 21.9375 -70.5 5.5284667595398505 1 
0009 0007 1666421118666615 87.0625 -66.0 1.4848934026733007 1 
0009 0010 1666421118667541 95.1875 -69.5 0.0859029241215959 1 
0009 0004 1666421118670281 -78.0625 -57.0 4.264466590322082 1 
0009 0011 1666421118671220 30.0625 -63.5 1.0185632431560658 1 
0009 0005 1666421118672120 -139.125 -65.0 2.3439226438892597 1 
0009 0014 1666421118673785 -34.9375 -62.5 5.313709449235861 1 
0009 0013 1666421118674918 0.0 -67.5 1.4603497100671303 1 
0009 0015 1666421118676291 39.0 -65.5 4.565126824747668 1 
0009 0008 1666421118678281 -121.25 -69.5 4.522175362686871 1 
0009 0002 1666421118682021 82.1875 -72.0 1.1596894756415448 1 
0009 0012 1666421118704518 15.375 -74.0 6.050020227420969 1 
0009 0009 1666421118768541 -0.5625 -75.0 6.129787228391022 1 
0009 0005 1666421118786715 -52.0625 -64.0 2.282563412373834 1 
0009 0004 1666421118789652 -8.9375 -57.5 4.184699589352029 1 
0009 0014 1666421118790566 -69.125 -62.0 5.295301679781233 1 
0009 0008 1666421118791446 8.9375 -71.0 4.184699589352029 1 
0009 0011 1666421118792856 56.125 -63.0 0.9817477042468103 1 
0009 0013 1666421118793805 0.0 -68.0 1.5033011721279284 1 
0009 0007 1666421118795147 -17.0625 -65.5 1.521708941582556 1 
0009 0015 1666421118796061 -69.125 -65.0 4.626486056263094 1 
0009 0006 1666421118798377 -8.9375 -69.5 5.589825991055276 1 
0009 0002 1666421118800299 -243.3125 -72.0 1.5155730184310134 1 
0009 0010 1666421118803853 -69.125 -69.0 0.2699806186678728 1 
0009 0012 1666421118828745 -7.3125 -73.5 6.178874613603362 1 
0009 0009 1666421118896090 7.0625 -74.5 2.742757648739526 1 
0009 0006 1666421118911367 -169.25 -71.0 5.706408530934585 1 
0009 0004 1666421118913755 -21.9375 -57.5 4.178563666200486 1 
0009 0014 1666421118914683 -65.0625 -62.5 5.2768939103266055 1 
0009 0008 1666421118915822 -212.375 -69.5 4.601942363656923 1 
0009 0011 1666421118916745 -56.125 -63.5 1.0921943209745766 1 
0009 0015 1666421118917643 -8.9375 -66.0 4.583534594202296 1 
0009 0013 1666421118919691 34.9375 -68.0 1.5033011721279284 1 
0009 0005 1666421118920606 -48.0 -65.5 2.2641556429192065 1 
0009 0010 1666421118921649 312.4375 -69.5 5.945709533844745 1 
0009 0007 1666421118922590 -26.0 -66.5 1.5462526341887264 1 
0009 0002 1666421118927105 117.125 -73.5 1.2517283229146832 1 
0009 0012 1666421118974685 -4.875 -74.5 6.1420590746941075 1 
0009 0009 1666421119004143 -2.625 -74.5 6.000932842208628 1 
0009 0014 1666421119034521 -52.0625 -62.5 5.2768939103266055 1 
0009 0005 1666421119035632 -134.25 -64.5 2.3930100291016 1 
0009 0010 1666421119038567 95.1875 -69.5 0.09203884727313846 1 
0009 0015 1666421119041134 4.0625 -66.0 4.614214209960009 1 
0009 0013 1666421119044127 147.25 -67.5 1.3928545554001621 1 
0009 0004 1666421119045407 -74.0 -57.5 4.264466590322082 1 
0009 0011 1666421119046349 -56.125 -63.5 1.0921943209745766 1 
0009 0008 1666421119048476 -121.25 -69.5 4.571262747899211 1 
0009 0002 1666421119049756 325.5 -73.5 0.9142525495798421 1 
0009 0007 1666421119050697 34.9375 -66.5 1.4419419406125027 1 
0009 0006 1666421119052237 130.1875 -70.5 5.47937937432751 1 
0009 0012 1666421119074571 -12.9375 -74.0 6.252505691421874 1 
0009 0009 1666421119125872 -2.3125 -74.5 6.056156150572511 1 
0009 0013 1666421119153813 143.1875 -68.5 1.2885438618239387 1 
0009 0008 1666421119155172 8.9375 -70.0 4.430136515413731 1 
0009 0010 1666421119157392 61.0 -68.5 0.15339807878856412 1 
0009 0004 1666421119158317 -56.125 -57.5 4.270602513473625 1 
0009 0011 1666421119159200 -74.0 -63.0 1.0983302441261191 1 
0009 0014 1666421119160353 -8.9375 -62.0 5.209398755659637 1 
0009 0005 1666421119162001 8.9375 -64.0 2.098485717827557 1 
0009 0007 1666421119163667 126.125 -65.5 1.3437671701878218 1 
0009 0006 1666421119164593 -108.1875 -71.5 5.66959299202533 1 
0009 0015 1666421119169074 30.0625 -66.0 4.460816131171445 1 
0009 0002 1666421119176028 -225.375 -73.5 1.4542137869155878 1 
0009 0012 1666421119196005 -13.875 -73.0 6.22182607566416 1 
0009 0009 1666421119234818 3.625 -75.0 6.0991076126333095 1 
0009 0005 1666421119287340 -121.25 -64.5 2.313243028131547 1 
0009 0011 1666421119289088 -8.9375 -63.5 1.0983302441261191 1 
0009 0004 1666421119290002 -61.0 -57.5 4.270602513473625 1 
0009 0010 1666421119290944 104.125 -69.5 0.1043106935762236 1 
0009 0014 1666421119292093 0.0 -62.5 5.2768939103266055 1 
0009 0006 1666421119293027 -191.1875 -70.5 5.6941366846315 1 
0009 0007 1666421119293953 21.9375 -66.0 1.6198837120072371 1 
0009 0013 1666421119296609 -100.0625 -67.0 1.5155730184310134 1 
0009 0015 1666421119297569 -165.1875 -66.0 4.632621979414636 1 
0009 0008 1666421119298863 -173.3125 -68.5 4.601942363656923 1 
0009 0012 1666421119301474 -91.125 -71.5 0.018407769454627694 1 
0009 0002 1666421119320234 56.125 -72.0 1.2762720155208536 1 
0009 0009 1666421119393734 -2.875 -75.0 6.111379458936394 1 
0009 0007 1666421119440951 -13.0 -67.0 1.5830681730979816 1 
0009 0006 1666421119441896 234.3125 -70.0 5.399612373357457 1 
0009 0012 1666421119442794 -82.1875 -71.5 6.234097921967246 1 
0009 0005 1666421119444713 65.0625 -64.5 2.0800779483729293 1 
0009 0004 1666421119446317 13.0 -57.5 4.221515128261284 1 
0009 0010 1666421119447711 30.0625 -68.5 0.30679615757712825 1 
0009 0008 1666421119448851 156.1875 -70.0 4.221515128261284 1 
0009 0011 1666421119451119 74.0 -63.0 1.0246991663076084 1 
0009 0015 1666421119452202 43.125 -65.0 4.528311285838413 1 
0009 0014 1666421119453159 26.0 -62.5 5.240078371417351 1 
0009 0013 1666421119455276 69.125 -68.0 1.3928545554001621 1 
0009 0002 1666421119472285 136.6875 -74.0 4.200039397230886 1 
0009 0009 1666421119486631 -21.1875 -73.5 6.0991076126333095 1 
0009 0014 1666421119564122 -100.0625 -62.0 5.2768939103266055 1 
0009 0005 1666421119565422 -134.25 -65.0 2.350058567040802 1 
0009 0011 1666421119566318 -30.0625 -62.5 1.0983302441261191 1 
0009 0008 1666421119567496 -87.0625 -70.0 4.663301595172349 1 
0009 0004 1666421119568648 -30.0625 -57.5 4.25833066717054 1 
0009 0007 1666421119569577 -82.1875 -66.5 1.6444274046134073 1 
0009 0015 1666421119571198 -82.1875 -66.0 4.632621979414636 1 
0009 0013 1666421119572436 234.3125 -68.5 1.184233168247715 1 
0009 0006 1666421119575030 173.3125 -72.0 5.3198453723874035 1 
0009 0010 1666421119576166 -61.0 -68.0 0.35588354278946877 1 
0009 0002 1666421119578948 603.0 -73.5 0.6381360077604268 1 
0009 0012 1666421119600170 -10.5 -73.5 6.234097921967246 1 
0009 0009 1666421119608072 13.875 -74.0 5.957981380147831 1 
0009 0004 1666421119679281 0.0 -57.0 4.227651051412827 1 
0009 0008 1666421119680226 -65.0625 -69.5 4.558990901596125 1 
0009 0015 1666421119681346 0.0 -66.5 4.362641360746763 1 
0009 0010 1666421119682786 -17.0625 -69.0 0.28838838812250056 1 
0009 0007 1666421119684450 -21.9375 -67.0 1.533980787885641 1 
0009 0011 1666421119685632 -26.0 -62.0 0.8774370106705868 1 
0009 0012 1666421119686594 273.375 -70.0 6.068427996875596 1 
0009 0005 1666421119689202 8.9375 -65.5 2.3746022596469727 1 
0009 0009 1666421119690870 82.1875 -73.0 2.6691265709210157 1 
0009 0013 1666421119692745 -61.0 -66.0 1.5892040962495242 1 
0009 0006 1666421119695106 -95.1875 -71.5 5.4671075280244255 1 
0009 0002 1666421119696898 -100.0625 -73.5 1.5033011721279284 1 
0009 0014 1666421119698294 -91.125 -63.5 5.240078371417351 1 
0009 0009 1666421119704572 128.9375 -72.0 5.789243493480409 1 
0009 0011 1666421119793630 -4.0625 -60.5 0.3436116964863836 1 
0009 0007 1666421119794544 -13.0 -68.5 1.1351457830353744 1 
0009 0004 1666421119795938 -21.9375 -58.5 4.111068511533518 1 
0009 0009 1666421119796854 -104.125 -67.5 2.313243028131547 1 
0009 0008 1666421119798470 -8.9375 -63.5 5.013049214810275 1 
0009 0005 1666421119800321 95.1875 -66.0 2.110757564130642 1 
0009 0014 1666421119801730 -8.9375 -66.5 4.7860200582032 1 
0009 0012 1666421119803367 -4.0625 -65.5 1.0615147052168636 1 
0009 0013 1666421119804552 165.1875 -66.5 2.172116795646068 1 
0009 0015 1666421119810614 -355.5625 -68.5 4.0128937411088375 1 
0009 0010 1666421119862886 -1.625 -73.0 5.712544454086128 1 
0009 0002 1666421119911606 -74.0 -73.0 1.9941750242513334 1 
0009 0005 1666421119913089 108.1875 -64.0 1.5278448647340985 1 
0009 0013 1666421119914014 -108.1875 -69.0 2.5709518004963345 1 
0009 0007 1666421119915125 -91.125 -71.0 6.013204688511713 1 
0009 0011 1666421119916094 -95.1875 -63.5 5.663457068873787 1 
0009 0012 1666421119916950 -34.9375 -63.5 1.6873788666742053 1 
0009 0010 1666421119918486 -4.0625 -63.0 1.1903690913992575 1 
0009 0004 1666421119919922 -26.0 -62.5 2.773437264497239 1 
0009 0008 1666421119921668 -121.25 -65.0 4.92714629068868 1 
0009 0009 1666421119923089 -39.0 -67.5 1.086058397823034 1 
0009 0015 1666421119929605 -238.4375 -70.5 3.497476196379262 1 
0009 0014 1666421119930545 21.9375 -71.0 3.7551849687440497 1 
0009 0006 1666421119980043 9.0 -74.5 1.8223691760081417 1 
0009 0010 1666421120027775 -52.0625 -70.0 5.031456984264903 1 
0009 0008 1666421120029153 74.0 -71.5 2.043262409463674 1 
0009 0015 1666421120033185 277.4375 -72.0 2.84706834231575 1 
0009 0012 1666421120034734 52.0625 -69.5 1.2701360923693108 1 
0009 0006 1666421120036270 -69.125 -70.0 5.387340527054372 1 
0009 0005 1666421120038799 30.0625 -62.0 1.1106020904292042 1 
0009 0004 1666421120039840 -34.9375 -58.0 1.086058397823034 1 
0009 0002 1666421120041632 34.9375 -73.0 1.368310862793992 1 
0009 0009 1666421120131490 2.625 -70.0 1.4787574795217582 1 
0009 0008 1666421120150217 -17.0625 -64.5 1.0369710126106935 1 
0009 0004 1666421120152705 61.0 -65.0 5.853670686571607 1 
0009 0002 1666421120153857 295.375 -72.0 0.0674951546669682 1 
0009 0005 1666421120155889 -13.0 -68.0 0.23316507975861744 1 
0009 0009 1666421120157032 -26.0 -65.5 1.239456476611598 1 
0009 0015 1666421120226852 -8.4375 -76.5 5.092816215780329 1 
0009 0006 1666421120254819 4.375 -74.0 5.227806525114265 1 
0009 0007 1666421120261006 1.625 -75.5 4.896466674930966 1 
0009 0009 1666421120267816 -34.9375 -60.5 0.1902136176978195 1 
0009 0004 1666421120272038 52.0625 -60.0 2.662990647769473 1 
0009 0002 1666421120276899 -121.25 -75.5 5.497787143782138 1 
0009 0007 1666421120293993 -16.3125 -74.5 1.7548740213411735 1 
0009 0015 1666421120301043 -3.1875 -76.0 1.576932249946439 1 
0009 0008 1666421120324730 2.125 -69.0 0.6135923151542565 1 
0009 0004 1666421120378367 39.0 -59.0 2.1966604882522383 1 
0009 0009 1666421120380331 -39.0 -66.5 3.4177091954092087 1 
0009 0008 1666421120382832 34.9375 -65.0 3.2704470397721868 1 
0009 0015 1666421120406109 10.5 -75.5 1.6996507129772904 1 
0009 0008 1666421120490717 61.0 -67.5 2.5893595699509624 1 
0009 0004 1666421120491629 21.9375 -64.0 1.7916895602504288 1 
0009 0005 1666421120494398 -48.0 -71.0 5.780039608753096 1 
0009 0006 1666421120496008 208.3125 -69.5 4.448544284868359 1 
0009 0009 1666421120497631 243.3125 -70.5 2.1598449493429825 1 
0009 0015 1666421120518815 10.5 -75.5 2.1046216409791 1 
0009 0006 1666421120600741 -165.1875 -66.5 5.141903600992669 1 
0009 0004 1666421120607229 -104.125 -70.5 0.6565437772150544 1 
0009 0009 1666421120612900 -256.3125 -75.5 1.5585244804918115 1 
0009 0015 1666421120629930 -12.1875 -75.5 2.36846633649543 1 
0009 0008 1666421120679776 -3.9375 -74.5 3.5036121195308043 1 
0009 0006 1666421120722249 -91.125 -68.0 5.270757987175063 1 
0009 0004 1666421120725350 48.0 -68.5 5.184855063053467 1 
0009 0008 1666421120741574 -10.5 -73.5 6.000932842208628 1 
0009 0015 1666421120772907 -2.875 -76.5 5.859806609723149 1 
0009 0006 1666421120830639 65.0625 -67.5 4.9394181369917645 1 
0009 0014 1666421120833726 165.1875 -71.0 2.086213871524472 1 
0009 0004 1666421120835259 -139.125 -67.5 4.76147636559703 1 
0009 0008 1666421120836678 -121.25 -70.5 5.786175531904639 1 
0009 0015 1666421120863833 18.75 -75.5 5.902758071783947 1 
0009 0014 1666421120934548 -21.9375 -71.0 2.2089323345553233 1 
0009 0008 1666421120937290 -87.0625 -71.0 5.43029198911517 1 
0009 0006 1666421120939055 -74.0 -70.0 5.221670601962723 1 
0009 0004 1666421120941076 -199.375 -67.0 4.601942363656923 1 
0009 0015 1666421120945521 -143.1875 -73.0 2.834796496012665 1 
0009 0004 1666421121040906 156.1875 -66.5 4.135612204139688 1 
0009 0014 1666421121043833 134.25 -69.5 2.3930100291016 1 
0009 0008 1666421121044888 152.125 -70.5 5.086680292628786 1 
0009 0006 1666421121046254 -74.0 -68.5 5.203262832508095 1 
0009 0015 1666421121048346 243.3125 -74.5 2.36846633649543 1 
0009 0015 1666421121069819 -9.0 -75.0 5.853670686571607 1 
0009 0006 1666421121147266 -130.1875 -68.5 5.209398755659637 1 
0009 0004 1666421121148431 4.0625 -67.0 4.190835512503572 1 
0009 0014 1666421121149375 -69.125 -69.0 2.564815877344792 1 
0009 0008 1666421121153063 221.3125 -69.5 4.9394181369917645 1 
0009 0015 1666421121169684 4.875 -74.5 5.810719224510809 1 
0009 0004 1666421121261321 -134.25 -67.0 4.104932588381976 1 
0009 0008 1666421121263125 -65.0625 -69.0 5.688000761479957 1 
0009 0014 1666421121264550 65.0625 -70.0 2.9697868053466014 1 
0009 0006 1666421121266528 -69.125 -68.5 5.50392306693368 1 
0009 0015 1666421121269292 -43.125 -71.0 2.325514874434632 1 
0009 0005 1666421121273377 39.0 -73.0 0.6504078540635119 1 
0009 0005 1666421121294741 -5.625 -74.0 0.8160777791551611 1 
0009 0009 1666421121403838 -21.1875 -79.5 5.368932757599744 1 
0009 0014 1666421121451216 4.0625 -69.5 2.9697868053466014 1 
0009 0004 1666421121453093 43.125 -66.0 3.9944859716542096 1 
0009 0006 1666421121456257 8.9375 -68.0 5.448699758569798 1 
0009 0008 1666421121459503 -48.0 -69.0 5.638913376267617 1 
0009 0015 1666421121460404 152.125 -72.5 1.9757672547967058 1 
0009 0005 1666421121484009 -2.4375 -74.0 3.9638063558964967 1 
0009 0009 1666421121505633 26.8125 -79.5 4.988505522204105 1 
0009 0014 1666421121561789 95.1875 -69.5 2.7979809571034093 1 
0009 0006 1666421121563822 -26.0 -69.0 5.436427912266712 1 
0009 0008 1666421121566124 -61.0 -69.0 5.681864838328415 1 
0009 0004 1666421121567024 -113.0625 -66.5 4.147884050442774 1 
0009 0015 1666421121568160 -78.0625 -72.0 2.2580197197676637 1 
0009 0005 1666421121586867 10.5 -74.0 0.7792622402459057 1 
0009 0009 1666421121625282 -6.0625 -79.5 5.264622064023521 1 
0009 0014 1666421121680964 30.0625 -70.0 2.9268353432858034 1 
0009 0006 1666421121682715 -74.0 -69.5 5.559146375297564 1 
0009 0015 1666421121683644 -260.375 -72.0 2.337786720737717 1 
0009 0008 1666421121684582 -143.1875 -70.5 5.8475347634200645 1 
0009 0004 1666421121685705 -8.9375 -67.5 4.1172044346850605 1 
0009 0005 1666421121716852 -3.1875 -74.5 4.000621894805752 1 
0009 0009 1666421121732859 12.625 -80.0 5.031456984264903 1 
0009 0004 1666421121795048 -113.0625 -67.5 4.2031073588066565 1 
0009 0015 1666421121796317 52.0625 -72.0 2.1966604882522383 1 
0009 0006 1666421121799722 -130.1875 -69.0 5.313709449235861 1 
0009 0014 1666421121800992 -21.9375 -70.5 3.141592653589793 1 
0009 0008 1666421121802372 -61.0 -70.0 5.786175531904639 1 
0009 0005 1666421121829779 8.0625 -74.0 0.8713010875190442 1 
0009 0009 1666421121854436 30.0 -80.0 1.9389517158874505 1 
0009 0014 1666421121906694 -269.3125 -70.0 3.3072625786814425 1 
0009 0004 1666421121909310 -69.125 -67.0 4.135612204139688 1 
0009 0008 1666421121911406 -134.25 -70.5 5.878214379177777 1 
0009 0015 1666421121912756 -34.9375 -72.0 2.325514874434632 1 
0009 0006 1666421121913910 -52.0625 -69.0 5.47937937432751 1 
0009 0005 1666421121932630 1.625 -74.0 3.9269908169872414 1 
0009 0009 1666421121971461 8.5 -79.0 5.1725832167503825 1 
0009 0006 1666421122025048 -13.0 -68.5 5.442563835418255 1 
0009 0008 1666421122026302 -260.375 -70.5 5.872078456026235 1 
0009 0004 1666421122035296 -4.0625 -67.0 4.080388895775806 1 
0009 0014 1666421122038164 65.0625 -71.0 3.147728576741336 1 
0009 0015 1666421122040683 290.5 -72.5 1.7794177139473437 1 
0009 0005 1666421122056492 6.5 -74.0 3.9576704327449543 1 
0009 0009 1666421122093432 -19.9375 -79.5 5.368932757599744 1 
0009 0004 1666421122150909 -8.9375 -67.0 4.09266074207889 1 
0009 0014 1666421122153821 87.0625 -70.0 3.018874190558942 1 
0009 0008 1666421122156279 13.0 -71.5 5.565282298449106 1 
0009 0015 1666421122158225 -56.125 -70.5 2.4727770300716534 1 
0009 0006 1666421122159167 -65.0625 -68.5 5.344389064993574 1 
0009 0005 1666421122185388 0.75 -74.0 3.9760782021995817 1 
0009 0009 1666421122206908 8.5 -79.0 5.092816215780329 1 
0009 0006 1666421122263524 -139.125 -68.5 5.540738605842936 1 
0009 0008 1666421122267180 -221.3125 -69.5 5.988660995905543 1 
0009 0004 1666421122268245 -4.0625 -67.0 4.129476280988146 1 
0009 0015 1666421122269161 143.1875 -71.5 1.9144080232812801 1 
0009 0014 1666421122270810 48.0 -69.5 3.067961575771282 1 
0009 0005 1666421122295205 4.0625 -74.0 0.8774370106705868 1 
0009 0009 1666421122317839 -15.0625 -79.5 2.399145952253143 1 
0009 0006 1666421122380349 52.0625 -68.5 5.227806525114265 1 
0009 0015 1666421122381290 117.125 -71.0 2.098485717827557 1 
0009 0008 1666421122382652 -91.125 -71.0 5.755495916146925 1 
0009 0014 1666421122385390 -52.0625 -70.0 3.2213596545598464 1 
0009 0004 1666421122386344 -17.0625 -66.5 4.06811704947272 1 
0009 0005 1666421122412299 0.75 -73.5 0.9081166264282996 1 
0009 0009 1666421122441917 0.75 -80.0 2.2027964114037806 1 
