0009 0014 1666421168955734 56.125 -61.5 5.5100589900852235 1 
0009 0015 1666421168957259 82.1875 -65.5 4.466952054322987 1 
0009 0006 1666421168958228 56.125 -69.0 5.730952223540755 1 
0009 0008 1666421168960698 -21.9375 -70.5 4.28287435977671 1 
0009 0004 1666421168962509 -21.9375 -56.5 4.1172044346850605 1 
0009 0012 1666421168963624 -160.3125 -70.0 5.583690067903734 1 
0009 0002 1666421169059207 -546.8125 -71.5 2.0371264863121317 1 
0009 0012 1666421169060120 -121.25 -70.0 5.6143696836614465 1 
0009 0011 1666421169061513 -26.0 -62.5 1.1535535524900022 1 
0009 0013 1666421169062620 8.9375 -68.0 1.1290098598838318 1 
0009 0006 1666421169063773 8.9375 -70.0 5.780039608753096 1 
0009 0007 1666421169065141 -8.9375 -67.0 1.761009944492716 1 
0009 0015 1666421169068019 -195.25 -66.0 4.81056375080937 1 
0009 0004 1666421169071625 -26.0 -57.5 4.1172044346850605 1 
0009 0008 1666421169072803 -4.0625 -69.5 4.111068511533518 1 
0009 0014 1666421169074668 -52.0625 -61.0 5.602097837358362 1 
0009 0005 1666421169076853 -8.9375 -65.0 2.000310947402876 1 
0009 0010 1666421169099875 1.625 -71.0 5.651185222570702 1 
0009 0015 1666421169178486 139.125 -66.0 4.411728745959104 1 
0009 0004 1666421169179979 -8.9375 -57.0 4.074252972624263 1 
0009 0013 1666421169180907 43.125 -68.0 0.944932165337555 1 
0009 0007 1666421169182588 139.125 -66.0 1.6137477888556946 1 
0009 0006 1666421169184913 -147.25 -69.5 5.9088939949354895 1 
0009 0011 1666421169185824 43.125 -62.0 1.0921943209745766 1 
0009 0002 1666421169186720 -26.0 -72.0 1.4051264017032472 1 
0009 0008 1666421169187675 -182.25 -70.5 4.246058820867455 1 
0009 0005 1666421169190219 39.0 -65.5 2.043262409463674 1 
0009 0014 1666421169191814 -56.125 -61.0 5.675728915176872 1 
0009 0012 1666421169192760 -52.0625 -71.0 5.473243451175968 1 
0009 0010 1666421169207968 -3.1875 -71.0 5.681864838328415 1 
0009 0012 1666421169291504 -104.125 -69.5 5.583690067903734 1 
0009 0008 1666421169292429 52.0625 -71.0 3.9699422790480394 1 
0009 0014 1666421169293370 -56.125 -61.0 5.559146375297564 1 
0009 0007 1666421169295022 52.0625 -66.0 1.6566992509164924 1 
0009 0004 1666421169296172 8.9375 -57.5 4.086524818927348 1 
0009 0013 1666421169298745 -152.125 -69.0 1.2762720155208536 1 
0009 0005 1666421169301835 65.0625 -65.0 1.9634954084936207 1 
0009 0011 1666421169302776 61.0 -63.0 1.1044661672776617 1 
0009 0015 1666421169303958 -13.0 -66.0 4.522175362686871 1 
0009 0002 1666421169305069 52.0625 -71.5 1.3867186322486196 1 
0009 0006 1666421169306719 -156.1875 -69.5 5.780039608753096 1 
0009 0010 1666421169333406 -19.5 -71.0 2.552544031041707 1 
0009 0005 1666421169410250 0.0 -65.0 2.098485717827557 1 
0009 0014 1666421169411198 -65.0625 -61.5 5.6143696836614465 1 
0009 0004 1666421169412363 8.9375 -57.5 4.09266074207889 1 
0009 0008 1666421169413532 -13.0 -70.5 4.0558452031696355 1 
0009 0011 1666421169414653 0.0 -62.5 1.1719613219446299 1 
0009 0013 1666421169416053 113.0625 -68.0 1.1474176293384597 1 
0009 0007 1666421169417706 61.0 -66.5 1.736466251886546 1 
0009 0006 1666421169419129 -117.125 -70.5 5.859806609723149 1 
0009 0015 1666421169422478 -34.9375 -65.5 4.454680208019902 1 
0009 0002 1666421169425066 -243.3125 -71.0 1.6505633277649499 1 
0009 0012 1666421169426178 104.125 -70.5 5.411884219660542 1 
0009 0010 1666421169443750 -0.75 -71.0 5.71868037723767 1 
0009 0005 1666421169527289 -108.1875 -65.5 2.2457478734645786 1 
0009 0007 1666421169528415 61.0 -66.0 1.7119225592803755 1 
0009 0015 1666421169530660 34.9375 -66.0 4.473087977474529 1 
0009 0006 1666421169532716 -69.125 -71.0 5.927301764390117 1 
0009 0004 1666421169533867 4.0625 -57.0 4.09266074207889 1 
0009 0014 1666421169535024 52.0625 -61.5 5.45483568172134 1 
0009 0011 1666421169536430 -74.0 -62.5 1.227184630308513 1 
0009 0013 1666421169540900 -8.9375 -68.5 1.0983302441261191 1 
0009 0008 1666421169542277 -30.0625 -71.0 4.0558452031696355 1 
0009 0012 1666421169543688 -165.1875 -70.5 5.6143696836614465 1 
0009 0002 1666421169544743 277.4375 -71.0 1.0615147052168636 1 
0009 0010 1666421169568621 -9.0 -71.0 5.700272607783043 1 
0009 0013 1666421169643204 69.125 -67.5 1.086058397823034 1 
0009 0008 1666421169644103 325.5 -69.5 3.8410878928656453 1 
0009 0006 1666421169645752 -160.3125 -69.5 5.964117303299373 1 
0009 0015 1666421169646964 100.0625 -66.5 4.405592822807561 1 
0009 0011 1666421169648613 34.9375 -62.5 1.0921943209745766 1 
0009 0005 1666421169649470 139.125 -65.0 1.8714565612204823 1 
0009 0004 1666421169651101 4.0625 -57.0 4.080388895775806 1 
0009 0007 1666421169652032 26.0 -66.0 1.7732817907958012 1 
0009 0014 1666421169653442 -34.9375 -61.5 5.546874528994478 1 
0009 0012 1666421169656932 -52.0625 -70.0 5.559146375297564 1 
0009 0002 1666421169660926 286.4375 -72.5 1.2026409377023426 1 
0009 0010 1666421169679280 -2.4375 -71.0 5.64504929941916 1 
0009 0015 1666421169758219 13.0 -66.0 4.540583132141498 1 
0009 0012 1666421169759605 -312.4375 -70.5 5.853670686571607 1 
0009 0014 1666421169761369 -52.0625 -61.5 5.565282298449106 1 
0009 0005 1666421169762537 121.25 -64.5 1.8837284075235674 1 
0009 0006 1666421169763435 87.0625 -70.5 5.583690067903734 1 
0009 0007 1666421169764847 -26.0 -66.5 1.8100973297050567 1 
0009 0008 1666421169767269 -82.1875 -71.0 4.104932588381976 1 
0009 0011 1666421169768183 -52.0625 -62.5 1.1780972450961724 1 
0009 0004 1666421169769109 8.9375 -57.5 4.049709280018092 1 
0009 0013 1666421169772477 8.9375 -67.5 1.0615147052168636 1 
0009 0002 1666421169773419 -65.0625 -72.5 1.4910293258248433 1 
0009 0010 1666421169799873 12.1875 -71.0 5.577554144752192 1 
0009 0014 1666421169873879 -17.0625 -61.5 5.583690067903734 1 
0009 0012 1666421169874751 13.0 -70.5 5.387340527054372 1 
0009 0007 1666421169876375 134.25 -66.5 1.5278448647340985 1 
0009 0015 1666421169877303 -121.25 -66.5 4.700117134081604 1 
0009 0006 1666421169878428 17.0625 -70.0 5.651185222570702 1 
0009 0002 1666421169879370 286.4375 -71.0 1.1167380135807468 1 
0009 0013 1666421169881231 -121.25 -67.5 1.0369710126106935 1 
0009 0005 1666421169882129 34.9375 -64.5 1.9573594853420782 1 
0009 0004 1666421169884230 -13.0 -57.0 4.0558452031696355 1 
0009 0011 1666421169886094 30.0625 -62.5 1.1044661672776617 1 
0009 0008 1666421169887249 -299.4375 -70.5 4.2092432819582 1 
0009 0010 1666421169919702 -0.75 -71.0 5.595961914206819 1 
0009 0008 1666421169992280 43.125 -70.0 3.9638063558964967 1 
0009 0004 1666421169993206 21.9375 -57.5 4.037437433715008 1 
0009 0006 1666421169994320 217.25 -69.0 5.393476450205914 1 
0009 0013 1666421169995215 74.0 -67.5 0.9142525495798421 1 
0009 0015 1666421169996879 69.125 -66.0 4.417864669110647 1 
0009 0007 1666421169997778 -56.125 -66.0 1.88986433067511 1 
0009 0002 1666421169998660 -21.9375 -72.0 1.3192234775816514 1 
0009 0012 1666421169999805 303.5 -69.5 4.896466674930966 1 
0009 0011 1666421170001964 43.125 -62.0 1.0983302441261191 1 
0009 0014 1666421170003657 -34.9375 -61.5 5.583690067903734 1 
0009 0005 1666421170006056 26.0 -65.0 1.932815792735908 1 
0009 0010 1666421170028561 13.875 -71.0 5.577554144752192 1 
0009 0007 1666421170110088 4.0625 -65.5 1.7732817907958012 1 
0009 0015 1666421170111173 -13.0 -66.0 4.540583132141498 1 
0009 0011 1666421170112312 -17.0625 -62.5 1.1474176293384597 1 
0009 0013 1666421170113197 82.1875 -68.0 0.9019807032767571 1 
0009 0006 1666421170114110 -82.1875 -70.5 5.8045833013592665 1 
0009 0008 1666421170115507 442.6875 -71.5 3.6201946594101133 1 
0009 0002 1666421170116627 -43.125 -70.5 1.5462526341887264 1 
0009 0014 1666421170117539 -17.0625 -61.5 5.559146375297564 1 
0009 0004 1666421170118422 -17.0625 -57.5 4.025165587411922 1 
0009 0005 1666421170120894 -65.0625 -64.5 2.0493983326152168 1 
0009 0012 1666421170122138 139.125 -70.5 5.148039524144211 1 
0009 0010 1666421170147063 4.0625 -71.5 5.534602682691394 1 
0009 0008 1666421170222502 -26.0 -71.5 4.080388895775806 1 
0009 0015 1666421170223643 26.0 -66.5 4.565126824747668 1 
0009 0005 1666421170224795 4.0625 -64.5 1.9082721001297376 1 
0009 0014 1666421170226433 -87.0625 -61.5 5.626641529964532 1 
0009 0002 1666421170227389 269.3125 -71.5 1.1044661672776617 1 
0009 0004 1666421170228568 -17.0625 -57.5 4.0558452031696355 1 
0009 0007 1666421170229753 -82.1875 -66.0 1.7671458676442586 1 
0009 0006 1666421170230993 -182.25 -70.5 5.749359992995383 1 
0009 0011 1666421170233698 -8.9375 -63.0 1.086058397823034 1 
0009 0013 1666421170237428 -43.125 -68.0 1.0737865515199487 1 
0009 0012 1666421170238345 277.4375 -70.0 4.902602598082509 1 
0009 0010 1666421170260299 -7.3125 -71.5 5.5714182216006485 1 
0009 0006 1666421170337969 -113.0625 -71.0 5.688000761479957 1 
0009 0012 1666421170338885 108.1875 -70.0 5.166447293598839 1 
0009 0011 1666421170340036 21.9375 -62.5 1.0799224746714913 1 
0009 0007 1666421170341177 -69.125 -66.0 1.6751070203711202 1 
0009 0005 1666421170342076 95.1875 -64.5 1.8285050991596843 1 
0009 0014 1666421170343245 -61.0 -61.0 5.583690067903734 1 
0009 0015 1666421170344444 -74.0 -65.5 4.595806440505381 1 
0009 0004 1666421170346583 -17.0625 -58.0 4.031301510563465 1 
0009 0013 1666421170350314 -8.9375 -68.5 0.9940195505498954 1 
0009 0002 1666421170351313 -178.1875 -71.5 1.533980787885641 1 
0009 0008 1666421170352745 -4.0625 -71.0 4.006757817957295 1 
0009 0010 1666421170375606 9.75 -71.5 5.491651220630596 1 
0009 0012 1666421170450394 4.0625 -69.5 5.344389064993574 1 
0009 0014 1666421170451308 -21.9375 -62.0 5.534602682691394 1 
0009 0005 1666421170452237 -52.0625 -64.5 1.9880391010997909 1 
0009 0008 1666421170453118 48.0 -72.5 4.049709280018092 1 
0009 0007 1666421170453975 -30.0625 -66.5 1.6382914814618648 1 
0009 0004 1666421170455877 -4.0625 -57.5 4.000621894805752 1 
0009 0015 1666421170457103 -152.125 -66.0 4.663301595172349 1 
0009 0011 1666421170458765 -82.1875 -62.5 1.2026409377023426 1 
0009 0013 1666421170459875 30.0625 -67.5 0.9940195505498954 1 
0009 0002 1666421170463252 -30.0625 -71.5 1.2946797849754812 1 
0009 0006 1666421170465886 221.3125 -69.5 5.332117218690489 1 
0009 0010 1666421170512764 4.25 -72.0 5.534602682691394 1 
0009 0004 1666421170571925 -8.9375 -57.5 3.9944859716542096 1 
0009 0007 1666421170573140 91.125 -67.0 1.718058482431918 1 
0009 0002 1666421170575424 0.0 -71.0 1.214912784005428 1 
0009 0015 1666421170576970 -113.0625 -66.0 4.571262747899211 1 
0009 0011 1666421170577939 13.0 -62.5 1.1474176293384597 1 
0009 0013 1666421170579106 65.0625 -67.5 0.8958447801252144 1 
0009 0014 1666421170580032 -8.9375 -61.5 5.436427912266712 1 
0009 0005 1666421170581202 17.0625 -65.0 1.8960002538266525 1 
0009 0012 1666421170582234 -108.1875 -70.5 5.436427912266712 1 
0009 0006 1666421170586598 269.3125 -71.0 5.289165756629691 1 
0009 0008 1666421170588117 17.0625 -69.5 4.1172044346850605 1 
0009 0010 1666421170621050 0.875 -72.0 5.522330836388308 1 
0009 0013 1666421170687990 -43.125 -68.0 1.0185632431560658 1 
0009 0015 1666421170688891 48.0 -66.5 4.374913207049849 1 
0009 0014 1666421170690527 -52.0625 -61.5 5.565282298449106 1 
0009 0006 1666421170693947 -247.375 -70.5 5.6573211457222445 1 
0009 0007 1666421170694843 8.9375 -66.5 1.5830681730979816 1 
0009 0008 1666421170695944 156.1875 -71.0 3.9576704327449543 1 
0009 0012 1666421170698078 -52.0625 -70.5 5.381204603902829 1 
0009 0011 1666421170698990 65.0625 -62.5 1.1044661672776617 1 
0009 0005 1666421170700427 -91.125 -65.0 1.9880391010997909 1 
0009 0004 1666421170701353 -13.0 -57.5 4.000621894805752 1 
0009 0002 1666421170702219 -8.9375 -72.0 1.3069516312785663 1 
0009 0010 1666421170762584 0.875 -72.0 5.491651220630596 1 
0009 0006 1666421170809061 26.0 -70.0 5.485515297479052 1 
0009 0007 1666421170810456 -100.0625 -66.5 1.7671458676442586 1 
0009 0012 1666421170813797 91.125 -70.5 5.197126909356553 1 
0009 0015 1666421170814696 -17.0625 -66.0 4.552854978444583 1 
0009 0004 1666421170815822 -26.0 -57.5 4.01902966426038 1 
0009 0014 1666421170817003 -56.125 -61.5 5.589825991055276 1 
0009 0011 1666421170817915 -26.0 -63.0 1.1228739367322893 1 
0009 0005 1666421170819238 -17.0625 -64.5 1.9634954084936207 1 
0009 0013 1666421170820164 13.0 -67.5 0.9756117810952678 1 
0009 0008 1666421170821091 95.1875 -70.5 3.9699422790480394 1 
0009 0002 1666421170824263 -8.9375 -70.5 1.2885438618239387 1 
0009 0010 1666421170857055 7.3125 -71.5 5.473243451175968 1 
0009 0005 1666421170931032 -21.9375 -64.5 1.9389517158874505 1 
0009 0015 1666421170932372 -69.125 -65.5 4.552854978444583 1 
0009 0007 1666421170933328 91.125 -66.5 1.5462526341887264 1 
0009 0011 1666421170935530 -34.9375 -63.0 1.1596894756415448 1 
0009 0014 1666421170937149 -61.0 -61.5 5.565282298449106 1 
0009 0012 1666421170938093 26.0 -70.0 5.602097837358362 1 
0009 0004 1666421170939997 -39.0 -58.0 4.0128937411088375 1 
0009 0013 1666421170941164 -82.1875 -68.5 1.1719613219446299 1 
0009 0008 1666421170944414 -143.1875 -70.5 4.264466590322082 1 
0009 0006 1666421170947567 -290.5 -69.5 5.835262917116979 1 
0009 0002 1666421170948789 -30.0625 -71.5 1.325359400733194 1 
0009 0010 1666421171000816 0.875 -72.0 5.405748296509 1 
0009 0014 1666421171053573 -26.0 -61.5 5.5100589900852235 1 
0009 0005 1666421171055621 -34.9375 -64.0 2.030990563160589 1 
0009 0013 1666421171056532 -43.125 -67.0 1.055378782065321 1 
0009 0004 1666421171057910 17.0625 -57.5 3.9638063558964967 1 
0009 0008 1666421171059543 91.125 -70.5 4.037437433715008 1 
0009 0006 1666421171060925 195.25 -70.5 5.3627968344482015 1 
0009 0015 1666421171062135 56.125 -66.0 4.405592822807561 1 
0009 0011 1666421171066439 -17.0625 -62.5 1.1780972450961724 1 
0009 0012 1666421171068514 26.0 -71.0 5.638913376267617 1 
0009 0007 1666421171069414 -48.0 -67.0 1.8714565612204823 1 
0009 0002 1666421171070382 -78.0625 -72.5 1.2946797849754812 1 
0009 0010 1666421171173782 1.25 -72.0 5.3198453723874035 1 
0009 0006 1666421171218485 152.125 -69.0 5.264622064023521 1 
0009 0004 1666421171219381 -21.9375 -57.5 3.9822141253511245 1 
0009 0011 1666421171220548 87.0625 -62.5 1.055378782065321 1 
0009 0002 1666421171223245 13.0 -72.0 1.2455923997631406 1 
0009 0007 1666421171224330 -139.125 -67.0 1.8223691760081417 1 
0009 0015 1666421171226790 -52.0625 -66.0 4.411728745959104 1 
0009 0008 1666421171228270 -108.1875 -69.5 4.06811704947272 1 
0009 0012 1666421171229143 -126.125 -70.0 5.7616318392984684 1 
0009 0014 1666421171230041 13.0 -61.5 5.516194913236766 1 
0009 0013 1666421171231280 -13.0 -67.5 1.2026409377023426 1 
0009 0005 1666421171232209 30.0625 -65.0 2.000310947402876 1 
0009 0010 1666421171320038 6.0 -72.5 5.338253141842031 1 
0009 0004 1666421171334113 17.0625 -58.0 3.9147189706841563 1 
0009 0012 1666421171335524 -173.3125 -70.0 5.737088146692298 1 
0009 0007 1666421171337275 56.125 -67.0 1.6873788666742053 1 
0009 0005 1666421171338743 -82.1875 -65.0 2.1475731030398975 1 
0009 0006 1666421171339656 -113.0625 -69.0 5.442563835418255 1 
0009 0014 1666421171340782 -48.0 -61.0 5.559146375297564 1 
0009 0011 1666421171342912 -48.0 -62.5 1.239456476611598 1 
0009 0002 1666421171344686 61.0 -71.0 1.1903690913992575 1 
0009 0013 1666421171346408 -178.1875 -68.5 1.3008157081270237 1 
0009 0015 1666421171347562 48.0 -66.0 4.424000592262189 1 
0009 0008 1666421171349546 -26.0 -71.0 3.902447124381071 1 
0009 0007 1666421171444539 -91.125 -66.5 1.6996507129772904 1 
0009 0011 1666421171446557 -34.9375 -62.0 1.2578642460662257 1 
0009 0015 1666421171447443 100.0625 -66.0 4.430136515413731 1 
0009 0008 1666421171448580 121.25 -70.0 3.785864584501762 1 
0009 0012 1666421171449723 100.0625 -68.5 5.516194913236766 1 
0009 0004 1666421171451611 -17.0625 -57.5 3.8840393549264434 1 
0009 0005 1666421171452539 -126.125 -65.5 2.350058567040802 1 
0009 0013 1666421171453421 34.9375 -67.0 0.9756117810952678 1 
0009 0006 1666421171455775 0.0 -70.0 5.074408446325701 1 
0009 0014 1666421171456920 56.125 -61.5 5.45483568172134 1 
0009 0002 1666421171458431 -468.6875 -72.0 1.4664856332186729 1 
0009 0015 1666421171565547 -100.0625 -66.0 4.614214209960009 1 
0009 0007 1666421171566759 -26.0 -67.5 1.8530487917658545 1 
0009 0012 1666421171568156 -130.1875 -68.0 5.773903685601553 1 
0009 0004 1666421171569278 21.9375 -58.0 3.810408277107933 1 
0009 0005 1666421171570489 191.1875 -66.0 2.000310947402876 1 
0009 0011 1666421171571354 4.0625 -62.5 1.2333205534600555 1 
0009 0014 1666421171572807 -100.0625 -61.5 5.595961914206819 1 
0009 0013 1666421171574074 -173.3125 -66.5 1.1290098598838318 1 
0009 0006 1666421171575212 21.9375 -69.5 4.914874444385594 1 
0009 0008 1666421171580595 199.375 -69.0 3.816544200259475 1 
0009 0002 1666421171592666 55.3125 -73.5 0.9940195505498954 1 
0009 0015 1666421171680817 -82.1875 -65.5 4.583534594202296 1 
0009 0005 1666421171681772 78.0625 -66.0 2.1659808724945253 1 
0009 0011 1666421171682938 -4.0625 -62.5 1.214912784005428 1 
0009 0013 1666421171684107 48.0 -66.5 0.8713010875190442 1 
0009 0007 1666421171685050 -139.125 -67.0 1.9266798695843652 1 
0009 0014 1666421171686199 8.9375 -61.5 5.473243451175968 1 
0009 0004 1666421171687350 8.9375 -58.0 3.792000507653305 1 
0009 0012 1666421171688721 -104.125 -69.0 5.5714182216006485 1 
0009 0006 1666421171691378 152.125 -71.0 4.743068596142402 1 
0009 0002 1666421171694871 4.0625 -72.5 0.9817477042468103 1 
0009 0008 1666421171695770 -56.125 -69.5 4.04357335686655 1 
0009 0009 1666421171870504 4.875 -75.0 2.380738182798515 1 
0009 0005 1666421171878685 -82.1875 -66.5 2.337786720737717 1 
0009 0008 1666421171879642 -178.1875 -70.0 4.466952054322987 1 
0009 0011 1666421171881019 -43.125 -61.5 1.0921943209745766 1 
0009 0014 1666421171882200 -34.9375 -62.5 5.460971604872882 1 
0009 0007 1666421171883386 -52.0625 -67.0 1.5892040962495242 1 
0009 0004 1666421171885803 -4.0625 -57.5 3.8410878928656453 1 
0009 0002 1666421171887372 -87.0625 -71.5 1.3008157081270237 1 
0009 0012 1666421171888260 -234.3125 -68.5 5.786175531904639 1 
0009 0015 1666421171890376 143.1875 -66.5 4.301282129231338 1 
0009 0013 1666421171891288 13.0 -66.0 0.9756117810952678 1 
0009 0006 1666421171892815 321.4375 -70.5 4.779884135051658 1 
0009 0009 1666421171935625 0.75 -74.0 5.442563835418255 1 
0009 0008 1666421171997250 -4.0625 -65.5 4.6878452877785195 1 
0009 0015 1666421171998168 108.1875 -68.5 3.749049045592507 1 
0009 0012 1666421172000466 -30.0625 -65.5 0.3620194659410113 1 
0009 0005 1666421172002961 34.9375 -66.5 2.2641556429192065 1 
0009 0014 1666421172004130 -39.0 -65.5 5.227806525114265 1 
0009 0011 1666421172005523 -26.0 -61.5 0.44178646691106466 1 
0009 0004 1666421172006714 -4.0625 -58.0 3.785864584501762 1 
0009 0007 1666421172008027 -52.0625 -68.5 1.2946797849754812 1 
0009 0002 1666421172008910 299.4375 -71.5 1.4971652489763858 1 
0009 0013 1666421172013180 108.1875 -64.5 1.6689710972195777 1 
0009 0009 1666421172016247 -121.25 -68.5 2.12916533358527 1 
0009 0010 1666421172114835 -5.3125 -72.5 5.141903600992669 1 
0009 0007 1666421172121695 21.9375 -71.5 0.36815538909255385 1 
0009 0010 1666421172123929 -108.1875 -69.0 1.7978254834019713 1 
0009 0014 1666421172124840 -34.9375 -67.5 4.239922897715912 1 
0009 0009 1666421172125741 -95.1875 -67.0 1.1351457830353744 1 
0009 0004 1666421172126696 -48.0 -62.0 3.0066023442558567 1 
0009 0011 1666421172127877 -43.125 -62.0 5.608233760509904 1 
0009 0015 1666421172128762 -13.0 -69.5 3.3072625786814425 1 
0009 0005 1666421172130640 -17.0625 -64.0 1.6873788666742053 1 
0009 0008 1666421172131579 -48.0 -64.0 4.921010367537137 1 
0009 0013 1666421172132506 34.9375 -65.5 1.7732817907958012 1 
0009 0012 1666421172133408 -100.0625 -63.0 1.2640001692177683 1 
0009 0002 1666421172136378 130.1875 -72.0 1.6873788666742053 1 
0009 0013 1666421172230858 -87.0625 -67.0 1.6014759425526093 1 
0009 0006 1666421172232690 -13.0 -70.5 4.558990901596125 1 
0009 0012 1666421172234189 -17.0625 -67.5 0.7731263170943632 1 
0009 0009 1666421172235046 13.0 -69.0 5.448699758569798 1 
0009 0005 1666421172236441 21.9375 -62.5 1.325359400733194 1 
0009 0010 1666421172238091 -156.1875 -68.0 5.332117218690489 1 
0009 0004 1666421172239725 -30.0625 -58.5 1.1167380135807468 1 
0009 0015 1666421172241490 -4.0625 -71.5 2.9943304979527716 1 
0009 0008 1666421172242658 100.0625 -70.0 2.435961491162398 1 
0009 0014 1666421172243854 -17.0625 -71.0 3.5465635815916023 1 
0009 0002 1666421172264453 9.75 -75.5 4.276738436625168 1 
0009 0005 1666421172347640 -95.1875 -68.5 0.7792622402459057 1 
0009 0009 1666421172348824 13.0 -66.0 1.6873788666742053 1 
0009 0004 1666421172350576 -134.25 -63.0 0.2945243112740431 1 
0009 0008 1666421172351712 43.125 -61.5 1.4419419406125027 1 
0009 0002 1666421172374440 43.5 -74.5 0.2239611950313036 1 
0009 0015 1666421172387610 -12.9375 -75.5 5.387340527054372 1 
0009 0006 1666421172455377 7.5 -73.5 4.865787059173254 1 
0009 0004 1666421172471627 4.0625 -61.0 2.9022916506796332 1 
0009 0006 1666421172474430 -121.25 -71.0 5.283029833478148 1 
0009 0009 1666421172475912 34.9375 -60.0 0.5890486225480862 1 
0009 0007 1666421172503042 -9.75 -74.5 1.5278448647340985 1 
0009 0002 1666421172505847 -21.1875 -78.0 5.368932757599744 1 
0009 0008 1666421172528220 -0.4375 -69.5 1.3008157081270237 1 
0009 0004 1666421172589702 17.0625 -57.0 2.6016314162540475 1 
0009 0008 1666421172592090 4.0625 -63.5 3.822680123411018 1 
0009 0009 1666421172593515 -13.0 -61.5 4.565126824747668 1 
0009 0006 1666421172683753 3.125 -73.5 4.246058820867455 1 
0009 0004 1666421172698751 -39.0 -62.0 2.5402721847386216 1 
0009 0005 1666421172700755 -34.9375 -70.5 5.822991070813893 1 
0009 0006 1666421172701654 -100.0625 -69.5 4.724660826687775 1 
0009 0008 1666421172703672 21.9375 -65.0 3.399301425954581 1 
0009 0009 1666421172705696 104.125 -71.0 2.7550294950426117 1 
0009 0015 1666421172767106 4.0625 -77.5 4.516039439535327 1 
0009 0006 1666421172816866 -95.1875 -65.5 5.71868037723767 1 
0009 0004 1666421172820526 26.0 -69.0 1.141281706186917 1 
0009 0005 1666421172822370 87.0625 -71.5 0.3436116964863836 1 
0009 0008 1666421172824835 13.0 -69.5 2.386874105950058 1 
0009 0015 1666421172845208 -10.5 -76.5 4.718524903536232 1 
0009 0009 1666421172856401 10.5 -77.5 0.9142525495798421 1 
0009 0006 1666421172932239 -26.0 -67.0 5.651185222570702 1 
0009 0004 1666421172935631 -8.9375 -67.5 5.841398840268521 1 
0009 0008 1666421172955992 14.625 -74.0 1.1658253987930873 1 
0009 0009 1666421172973833 30.0 -78.0 6.178874613603362 1 
0009 0015 1666421172985293 -4.875 -77.0 4.828971520263998 1 
0009 0006 1666421173050724 -65.0625 -66.5 5.608233760509904 1 
0009 0004 1666421173055944 169.25 -68.0 5.424156065963627 1 
0009 0008 1666421173085177 3.1875 -74.0 1.1044661672776617 1 
0009 0009 1666421173111454 0.0 -78.5 0.4540583132141498 1 
0009 0015 1666421173133480 -1.1875 -78.0 1.5830681730979816 1 
0009 0006 1666421173188228 -117.125 -67.0 5.712544454086128 1 
0009 0004 1666421173193648 43.125 -67.0 5.436427912266712 1 
0009 0015 1666421173223447 -16.3125 -76.5 4.773748211900116 1 
0009 0009 1666421173239171 32.5 -77.5 0.25770877236478773 1 
0009 0008 1666421173261679 -2.5625 -75.0 1.1228739367322893 1 
0009 0006 1666421173320248 13.0 -66.5 5.460971604872882 1 
0009 0004 1666421173321685 -91.125 -67.5 5.6143696836614465 1 
0009 0015 1666421173351188 -6.5 -76.5 4.822835597112456 1 
0009 0009 1666421173355980 -24.375 -77.5 0.5522330836388308 1 
0009 0008 1666421173358779 -0.75 -74.5 1.000155473701438 1 
0009 0006 1666421173438027 -121.25 -66.5 5.6143696836614465 1 
0009 0004 1666421173439205 -39.0 -68.0 5.4671075280244255 1 
0009 0015 1666421173474298 -19.5 -76.0 1.9819031779482483 1 
0009 0008 1666421173478556 -3.1875 -74.5 1.0492428589137786 1 
0009 0009 1666421173497251 15.0625 -78.0 3.2888548092268146 1 
0009 0006 1666421173558635 82.1875 -67.5 5.246214294568893 1 
0009 0004 1666421173560060 -108.1875 -66.5 5.424156065963627 1 
0009 0015 1666421173596215 -9.0 -76.0 1.8285050991596843 1 
0009 0008 1666421173615864 0.875 -75.0 4.049709280018092 1 
0009 0009 1666421173622339 3.1875 -78.5 0.30066023442558565 1 
0009 0004 1666421173678244 -126.125 -67.0 5.295301679781233 1 
0009 0006 1666421173685736 182.25 -67.0 5.2768939103266055 1 
0009 0008 1666421173706506 -12.1875 -74.5 0.8958447801252144 1 
0009 0015 1666421173710089 -5.625 -75.5 1.6996507129772904 1 
0009 0009 1666421173734935 15.0625 -79.5 6.2463697682703305 1 
0009 0014 1666421173838706 -4.375 -74.5 2.36846633649543 1 
0009 0006 1666421173889091 -208.3125 -68.0 5.595961914206819 1 
0009 0004 1666421173891871 -87.0625 -68.0 5.203262832508095 1 
0009 0015 1666421173898336 -178.1875 -72.5 1.8775924843720249 1 
0009 0008 1666421173923059 -3.1875 -74.0 0.7363107781851077 1 
0009 0009 1666421173959229 1.9375 -79.0 0.14112623248547898 1 
0009 0014 1666421173976412 1.9375 -74.5 5.553010452146021 1 
