0009 0013 1666421179685441 100.0625 -67.0 0.6749515466696822 1 
0009 0002 1666421179692400 269.3125 -70.5 1.1474176293384597 1 
0009 0010 1666421179694171 -69.125 -69.5 0.6135923151542565 1 
0009 0012 1666421179695087 -160.3125 -69.5 6.080699843178682 1 
0009 0014 1666421179789485 -108.1875 -61.5 5.375068680751287 1 
0009 0005 1666421179791112 -61.0 -65.0 2.0923497946760143 1 
0009 0004 1666421179792218 -17.0625 -57.5 4.037437433715008 1 
0009 0011 1666421179793823 4.0625 -62.5 0.9572040116406401 1 
0009 0015 1666421179797007 -134.25 -65.5 4.779884135051658 1 
0009 0006 1666421179798316 -56.125 -71.0 5.45483568172134 1 
0009 0010 1666421179799823 100.0625 -68.5 0.37429131224409645 1 
0009 0007 1666421179801682 -56.125 -67.5 1.7548740213411735 1 
0009 0013 1666421179804274 -26.0 -67.0 0.803805932852076 1 
0009 0012 1666421179806284 108.1875 -69.5 5.798447378207723 1 
0009 0008 1666421179810658 13.0 -70.0 4.178563666200486 1 
0009 0002 1666421179813210 -61.0 -72.0 1.2762720155208536 1 
0009 0014 1666421179909504 26.0 -61.5 5.246214294568893 1 
0009 0002 1666421179910657 56.125 -70.5 1.2885438618239387 1 
0009 0011 1666421179912023 43.125 -63.0 0.9510680884890975 1 
0009 0010 1666421179912935 165.1875 -68.0 0.37429131224409645 1 
0009 0007 1666421179913862 -61.0 -67.5 1.748738098189631 1 
0009 0008 1666421179915015 26.0 -70.5 4.2031073588066565 1 
0009 0015 1666421179916268 -74.0 -66.0 4.632621979414636 1 
0009 0004 1666421179917407 -65.0625 -58.0 4.1172044346850605 1 
0009 0013 1666421179919731 34.9375 -67.5 0.8160777791551611 1 
0009 0012 1666421179920987 -52.0625 -69.5 5.957981380147831 1 
0009 0006 1666421179921901 -121.25 -70.0 5.50392306693368 1 
0009 0005 1666421179922800 113.0625 -66.0 1.9819031779482483 1 
0009 0012 1666421180018226 -52.0625 -70.0 5.9088939949354895 1 
0009 0008 1666421180019664 -477.6875 -70.5 4.6448938257177215 1 
0009 0015 1666421180020591 -191.1875 -66.0 4.693981210930062 1 
0009 0011 1666421180022678 39.0 -62.5 1.0369710126106935 1 
0009 0006 1666421180024101 -82.1875 -71.0 5.540738605842936 1 
0009 0013 1666421180024984 134.25 -68.0 0.7240389318820226 1 
0009 0005 1666421180026905 4.0625 -65.0 2.043262409463674 1 
0009 0014 1666421180029024 -21.9375 -62.0 5.270757987175063 1 
0009 0010 1666421180029922 100.0625 -69.0 0.5092816215780329 1 
0009 0004 1666421180030804 -43.125 -57.5 4.080388895775806 1 
0009 0007 1666421180031734 130.1875 -68.0 1.6014759425526093 1 
0009 0002 1666421180034579 8.9375 -71.0 1.3130875544301088 1 
0009 0012 1666421180288879 -34.9375 -69.5 5.982525072754001 1 
0009 0014 1666421180290286 -4.0625 -62.0 5.246214294568893 1 
0009 0005 1666421180292135 -121.25 -65.5 2.2212041808584084 1 
0009 0008 1666421180293513 -78.0625 -71.0 4.190835512503572 1 
0009 0004 1666421180294692 -8.9375 -57.5 4.061981126321178 1 
0009 0015 1666421180295622 39.0 -66.5 4.509903516383785 1 
0009 0006 1666421180297901 169.25 -69.0 5.270757987175063 1 
0009 0002 1666421180299281 208.3125 -70.0 1.1351457830353744 1 
0009 0011 1666421180300488 13.0 -63.0 1.0185632431560658 1 
0009 0010 1666421180301598 21.9375 -69.5 0.5031456984264903 1 
0009 0013 1666421180302881 -21.9375 -67.5 0.9203884727313847 1 
0009 0007 1666421180303753 130.1875 -67.5 1.509437095279471 1 
0009 0004 1666421180400279 -56.125 -57.5 4.135612204139688 1 
0009 0005 1666421180401763 -39.0 -65.5 2.1966604882522383 1 
0009 0008 1666421180402689 56.125 -69.5 4.1417481272912315 1 
0009 0006 1666421180403599 8.9375 -71.0 5.448699758569798 1 
0009 0013 1666421180404514 -52.0625 -68.0 0.9694758579437253 1 
0009 0012 1666421180405654 74.0 -70.5 5.994796919057086 1 
0009 0002 1666421180406567 -308.375 -71.5 1.6198837120072371 1 
0009 0011 1666421180408172 -61.0 -62.5 1.1596894756415448 1 
0009 0015 1666421180409102 -113.0625 -66.0 4.6448938257177215 1 
0009 0007 1666421180410014 -87.0625 -67.5 1.6935147898257479 1 
0009 0014 1666421180410955 26.0 -61.5 5.221670601962723 1 
0009 0010 1666421180411881 91.125 -69.0 0.4540583132141498 1 
0009 0004 1666421180528677 -43.125 -57.0 4.147884050442774 1 
0009 0013 1666421180530682 277.4375 -68.0 0.7424467013366504 1 
0009 0014 1666421180531820 -17.0625 -61.5 5.295301679781233 1 
0009 0015 1666421180533563 39.0 -65.5 4.479223900626073 1 
0009 0010 1666421180534462 -30.0625 -69.0 0.5338253141842031 1 
0009 0007 1666421180535391 -30.0625 -67.5 1.6751070203711202 1 
0009 0006 1666421180536317 39.0 -71.0 5.485515297479052 1 
0009 0012 1666421180537204 117.125 -70.5 5.896622148632405 1 
0009 0005 1666421180538116 -43.125 -65.0 2.2334760271614935 1 
0009 0011 1666421180538999 56.125 -63.0 1.0492428589137786 1 
0009 0002 1666421180541489 208.3125 -72.0 1.2026409377023426 1 
0009 0008 1666421180543550 -199.375 -70.0 4.534447208989955 1 
0009 0014 1666421180640236 0.0 -61.5 5.252350217720435 1 
0009 0005 1666421180641256 -56.125 -65.5 2.2396119503130363 1 
0009 0007 1666421180642353 30.0625 -67.5 1.7119225592803755 1 
0009 0011 1666421180644224 -8.9375 -62.5 1.1290098598838318 1 
0009 0006 1666421180645444 39.0 -70.0 5.5284667595398505 1 
0009 0008 1666421180646341 100.0625 -71.0 4.178563666200486 1 
0009 0004 1666421180647493 -17.0625 -57.0 4.172427743048944 1 
0009 0012 1666421180648394 48.0 -69.0 6.0991076126333095 1 
0009 0015 1666421180649266 195.25 -66.5 4.3074180523828804 1 
0009 0013 1666421180650789 195.25 -67.5 0.6994952392758523 1 
0009 0010 1666421180652577 -34.9375 -70.0 0.619728238305799 1 
0009 0002 1666421180654075 -282.375 -73.0 1.6812429435226628 1 
0009 0008 1666421180765546 -87.0625 -70.0 4.2092432819582 1 
0009 0015 1666421180767065 -100.0625 -66.0 4.528311285838413 1 
0009 0005 1666421180768488 -21.9375 -65.5 2.2580197197676637 1 
0009 0011 1666421180769669 -52.0625 -62.5 1.1719613219446299 1 
0009 0004 1666421180771286 -4.0625 -57.0 4.135612204139688 1 
0009 0014 1666421180772199 -4.0625 -62.0 5.252350217720435 1 
0009 0013 1666421180773862 17.0625 -68.0 1.012427320004523 1 
0009 0006 1666421180774930 8.9375 -70.5 5.737088146692298 1 
0009 0007 1666421180775831 -21.9375 -67.5 1.6996507129772904 1 
0009 0010 1666421180777253 13.0 -69.5 0.5399612373357456 1 
0009 0012 1666421180778140 34.9375 -70.5 6.0991076126333095 1 
0009 0002 1666421180781232 -87.0625 -70.5 1.3744467859455345 1 
0009 0005 1666421180876579 26.0 -66.0 2.2027964114037806 1 
0009 0015 1666421180879214 -17.0625 -65.5 4.620350133111551 1 
0009 0007 1666421180880129 30.0625 -67.5 1.7303303287350031 1 
0009 0014 1666421180881000 -48.0 -62.0 5.252350217720435 1 
0009 0011 1666421180882490 17.0625 -62.5 1.1290098598838318 1 
0009 0004 1666421180884096 -8.9375 -57.0 4.166291819897402 1 
0009 0012 1666421180885466 -113.0625 -69.5 6.105243535784852 1 
0009 0010 1666421180886476 39.0 -69.5 0.5276893910326605 1 
0009 0008 1666421180887908 -17.0625 -70.0 4.23378697456437 1 
0009 0006 1666421180889021 394.625 -70.5 5.141903600992669 1 
0009 0013 1666421180890157 74.0 -68.5 0.8160777791551611 1 
0009 0002 1666421180891665 -87.0625 -72.5 1.4358060174609601 1 
0009 0005 1666421181097229 -156.1875 -66.5 2.509592568980909 1 
0009 0013 1666421181099234 -147.25 -68.0 1.1351457830353744 1 
0009 0006 1666421181101315 -117.125 -70.5 5.872078456026235 1 
0009 0008 1666421181103081 217.25 -71.0 4.074252972624263 1 
0009 0004 1666421181103934 -30.0625 -57.0 4.2092432819582 1 
0009 0012 1666421181104835 -82.1875 -70.0 6.068427996875596 1 
0009 0011 1666421181105761 21.9375 -62.0 1.1474176293384597 1 
0009 0015 1666421181106661 13.0 -65.5 4.6878452877785195 1 
0009 0007 1666421181107589 -39.0 -67.5 1.8223691760081417 1 
0009 0014 1666421181108517 30.0625 -62.0 5.154175447295755 1 
0009 0010 1666421181110296 126.125 -69.5 0.3988350048502667 1 
0009 0004 1666421181206136 -34.9375 -56.5 4.239922897715912 1 
0009 0014 1666421181207335 -52.0625 -62.0 5.295301679781233 1 
0009 0012 1666421181208504 -30.0625 -69.5 6.062292073724054 1 
0009 0011 1666421181209432 26.0 -62.5 1.1290098598838318 1 
0009 0005 1666421181210288 -61.0 -66.0 2.350058567040802 1 
0009 0010 1666421181214730 43.125 -68.5 0.5522330836388308 1 
0009 0007 1666421181216709 -34.9375 -68.0 1.662835174068035 1 
0009 0006 1666421181217624 -277.4375 -70.5 5.872078456026235 1 
0009 0013 1666421181218507 264.4375 -68.0 0.6872233929727672 1 
0009 0015 1666421181219915 -78.0625 -66.0 4.657165672020807 1 
0009 0008 1666421181221216 8.9375 -70.0 4.3074180523828804 1 
0009 0002 1666421181223672 -204.25 -71.5 1.5953400194010667 1 
0009 0013 1666421181347340 -21.9375 -68.0 0.9510680884890975 1 
0009 0014 1666421181349415 78.0625 -61.5 5.123495831538041 1 
0009 0004 1666421181350710 -13.0 -57.0 4.221515128261284 1 
0009 0007 1666421181351596 34.9375 -67.0 1.8714565612204823 1 
0009 0011 1666421181352989 78.0625 -62.0 1.1474176293384597 1 
0009 0008 1666421181353915 -39.0 -70.5 4.362641360746763 1 
0009 0006 1666421181355266 -113.0625 -70.5 5.4671075280244255 1 
0009 0005 1666421181356193 91.125 -66.5 2.1966604882522383 1 
0009 0012 1666421181357378 195.25 -69.0 5.9088939949354895 1 
0009 0010 1666421181358871 126.125 -69.5 0.5460971604872883 1 
0009 0002 1666421181360189 165.1875 -71.5 1.030835089459151 1 
0009 0015 1666421181361088 -34.9375 -65.5 4.657165672020807 1 
0009 0015 1666421181456905 -48.0 -65.5 4.651029748869264 1 
0009 0011 1666421181457817 -56.125 -63.0 1.2455923997631406 1 
0009 0007 1666421181459869 134.25 -67.5 1.5462526341887264 1 
0009 0006 1666421181461019 -199.375 -71.0 5.589825991055276 1 
0009 0005 1666421181462241 -61.0 -66.5 2.429825568010856 1 
0009 0014 1666421181463410 -39.0 -62.0 5.258486140871978 1 
0009 0004 1666421181465835 4.0625 -57.0 4.23378697456437 1 
0009 0012 1666421181466722 -4.0625 -69.5 6.092971689481767 1 
0009 0008 1666421181468473 -212.375 -69.5 4.626486056263094 1 
0009 0013 1666421181469525 78.0625 -67.5 0.7915340865489908 1 
0009 0010 1666421181470901 -43.125 -69.5 0.7301748550335652 1 
0009 0002 1666421181472608 -134.25 -72.5 1.4603497100671303 1 
0009 0009 1666421181563460 -1.0625 -75.0 5.792311455056181 1 
0009 0011 1666421181575660 95.1875 -61.5 0.9817477042468103 1 
0009 0004 1666421181576575 -52.0625 -57.0 4.221515128261284 1 
0009 0015 1666421181584666 39.0 -67.0 4.381049130201391 1 
0009 0006 1666421181586300 -21.9375 -71.0 5.418020142812084 1 
0009 0013 1666421181587243 160.3125 -66.0 0.8835729338221293 1 
0009 0014 1666421181589102 -91.125 -63.0 5.166447293598839 1 
0009 0012 1666421181592259 -108.1875 -68.5 0.19634954084936207 1 
0009 0007 1666421181593556 65.0625 -68.0 1.564660403643354 1 
0009 0005 1666421181594442 -56.125 -67.5 2.405281875404685 1 
0009 0008 1666421181595821 -143.1875 -68.5 4.638757902566179 1 
0009 0002 1666421181596774 -82.1875 -73.0 1.6689710972195777 1 
0009 0010 1666421181598579 52.0625 -68.5 0.6810874698212247 1 
0009 0009 1666421181624269 -5.625 -74.0 5.577554144752192 1 
0009 0008 1666421181699837 -30.0625 -67.5 4.577398671050753 1 
0009 0005 1666421181700763 87.0625 -68.0 2.2641556429192065 1 
0009 0002 1666421181701979 -117.125 -72.0 2.0064468705544187 1 
0009 0013 1666421181703173 43.125 -66.5 0.9203884727313847 1 
0009 0009 1666421181705292 -82.1875 -71.0 2.3009711818284617 1 
0009 0007 1666421181706449 212.375 -69.0 1.3192234775816514 1 
0009 0004 1666421181709059 -52.0625 -57.5 4.215379205109742 1 
0009 0012 1666421181710171 -61.0 -68.5 0.2086213871524472 1 
0009 0014 1666421181711816 -69.125 -63.0 5.049864753719531 1 
0009 0011 1666421181712742 -39.0 -62.0 0.7547185476397354 1 
0009 0015 1666421181715602 34.9375 -66.0 4.25833066717054 1 
0009 0010 1666421181716768 108.1875 -70.0 0.47860200582032003 1 
0009 0005 1666421181815071 -30.0625 -68.5 2.4605051837685683 1 
0009 0009 1666421181816793 39.0 -70.5 2.270291566070749 1 
0009 0014 1666421181818174 -78.0625 -62.5 5.006913291658733 1 
0009 0011 1666421181819593 8.9375 -62.0 0.4908738521234052 1 
0009 0015 1666421181820765 -43.125 -67.0 4.3074180523828804 1 
0009 0008 1666421181821691 69.125 -65.5 4.693981210930062 1 
0009 0007 1666421181822818 -61.0 -69.0 1.4542137869155878 1 
0009 0012 1666421181823704 17.0625 -68.5 5.976389149602458 1 
0009 0013 1666421181824900 -100.0625 -65.5 0.705631162427395 1 
0009 0004 1666421181825840 -26.0 -57.5 4.1601558967458585 1 
0009 0002 1666421181828494 -139.125 -71.5 2.110757564130642 1 
0009 0010 1666421181829987 -52.0625 -69.0 0.25157284921324513 1 
0009 0013 1666421181924658 -52.0625 -65.5 0.44178646691106466 1 
0009 0010 1666421181926138 130.1875 -69.0 6.258641614573416 1 
0009 0008 1666421181928149 -61.0 -63.0 5.092816215780329 1 
0009 0004 1666421181929076 34.9375 -58.0 4.06811704947272 1 
0009 0011 1666421181930695 4.0625 -61.5 0.21475731030398976 1 
0009 0005 1666421181932797 26.0 -69.0 2.466641106920111 1 
0009 0014 1666421181933696 -30.0625 -63.5 4.81056375080937 1 
0009 0012 1666421181934769 -130.1875 -69.5 6.129787228391022 1 
0009 0007 1666421181938359 195.25 -70.5 1.1780972450961724 1 
0009 0015 1666421181939528 -17.0625 -67.0 4.2092432819582 1 
0009 0002 1666421181940498 139.125 -70.5 1.9573594853420782 1 
0009 0009 1666421181941397 56.125 -68.0 2.1598449493429825 1 
0009 0002 1666421182036285 -134.25 -71.0 2.478912953223196 1 
0009 0010 1666421182038131 -104.125 -70.5 5.485515297479052 1 
0009 0012 1666421182039243 -61.0 -66.5 0.5583690067903734 1 
0009 0015 1666421182040158 -143.1875 -68.5 4.129476280988146 1 
0009 0004 1666421182041083 -43.125 -59.0 4.031301510563465 1 
0009 0008 1666421182042461 -17.0625 -61.0 5.3627968344482015 1 
0009 0011 1666421182043842 8.9375 -61.5 5.902758071783947 1 
0009 0014 1666421182047138 -39.0 -65.5 4.552854978444583 1 
0009 0009 1666421182048065 -8.9375 -65.5 1.8223691760081417 1 
0009 0005 1666421182049490 -61.0 -70.5 2.227340104009951 1 
0009 0013 1666421182053764 17.0625 -64.5 0.7731263170943632 1 
0009 0007 1666421182151231 4.375 -75.5 5.6573211457222445 1 
0009 0012 1666421182167211 43.125 -66.0 0.47860200582032003 1 
0009 0005 1666421182168137 39.0 -64.5 1.5892040962495242 1 
0009 0011 1666421182169247 -108.1875 -66.0 4.669437518323892 1 
0009 0010 1666421182170131 108.1875 -63.5 0.6688156235181395 1 
0009 0008 1666421182173008 -65.0625 -64.5 5.221670601962723 1 
0009 0004 1666421182175394 39.0 -60.5 1.9082721001297376 1 
0009 0009 1666421182177016 8.9375 -66.5 0.14726215563702155 1 
0009 0014 1666421182178187 139.125 -69.0 3.4913402732277192 1 
0009 0013 1666421182179849 -26.0 -65.0 1.227184630308513 1 
0009 0015 1666421182180763 -30.0625 -70.0 3.4054373491061236 1 
0009 0002 1666421182185465 351.5 -72.5 2.3746022596469727 1 
0009 0006 1666421182223499 -4.375 -72.0 5.148039524144211 1 
0009 0009 1666421182286575 -130.1875 -71.0 2.730485802436441 1 
0009 0008 1666421182287725 43.125 -61.5 1.6444274046134073 1 
0009 0011 1666421182291211 -113.0625 -67.0 3.9147189706841563 1 
0009 0004 1666421182292064 -13.0 -59.0 0.8099418560036186 1 
0009 0005 1666421182293191 113.0625 -66.5 1.1351457830353744 1 
0009 0015 1666421182294887 56.125 -72.5 2.6691265709210157 1 
0009 0002 1666421182308912 42.3125 -73.5 1.0615147052168636 1 
0009 0009 1666421182396857 43.125 -59.5 0.7117670855789375 1 
0009 0004 1666421182399328 -8.9375 -64.5 4.037437433715008 1 
0009 0002 1666421182400891 399.5625 -72.5 6.2034183062095325 1 
0009 0008 1666421182401786 78.0625 -67.0 1.0185632431560658 1 
0009 0015 1666421182423473 -4.0625 -75.5 1.8960002538266525 1 
0009 0011 1666421182435932 -1.9375 -80.0 5.283029833478148 1 
0009 0007 1666421182459548 -2.875 -75.0 4.902602598082509 1 
0009 0009 1666421182509008 -43.125 -58.5 5.534602682691394 1 
0009 0008 1666421182512547 43.125 -62.0 4.025165587411922 1 
0009 0004 1666421182514710 43.125 -58.0 2.82252464970958 1 
0009 0009 1666421182621018 43.125 -66.5 3.2029518851052186 1 
0009 0004 1666421182624073 21.9375 -61.5 2.4850488763747385 1 
0009 0006 1666421182625000 56.125 -71.5 5.105088062083414 1 
0009 0008 1666421182625925 30.0625 -62.5 3.485204350076177 1 
0009 0005 1666421182675382 7.3125 -74.0 0.01227184630308513 1 
0009 0008 1666421182732955 -143.1875 -67.0 2.859340188618835 1 
0009 0009 1666421182733841 -178.1875 -71.0 2.6261751088602177 1 
0009 0006 1666421182734781 -74.0 -66.5 5.730952223540755 1 
0009 0004 1666421182735739 156.1875 -68.0 1.5155730184310134 1 
0009 0006 1666421182835155 -139.125 -67.0 5.994796919057086 1 
0009 0009 1666421182836980 39.0 -70.5 1.736466251886546 1 
0009 0004 1666421182838292 152.125 -69.5 0.11658253987930872 1 
0009 0008 1666421182884029 -5.4375 -73.5 1.3008157081270237 1 
0009 0000 1666421182907166 -2.5 -77.5 5.399612373357457 1 
0009 0004 1666421182949370 -48.0 -69.0 5.71868037723767 1 
0009 0006 1666421182950327 -95.1875 -67.5 5.829126993965437 1 
0009 0009 1666421182952813 -78.0625 -73.5 1.521708941582556 1 
0009 0008 1666421182980855 8.0625 -73.0 3.933126740138784 1 
0009 0000 1666421183029319 0.4375 -78.0 5.3198453723874035 1 
0009 0015 1666421183047250 -1.5 -76.5 5.442563835418255 1 
0009 0006 1666421183067778 -91.125 -68.0 5.890486225480862 1 
0009 0004 1666421183069354 -30.0625 -69.0 5.368932757599744 1 
0009 0009 1666421183098779 -10.5 -77.0 1.214912784005428 1 
0009 0015 1666421183106733 7.3125 -75.5 5.47937937432751 1 
0009 0008 1666421183110235 0.0 -73.0 0.4970097752749477 1 
0009 0006 1666421183233915 117.125 -69.5 5.724816300389213 1 
0009 0004 1666421183235919 -39.0 -68.0 5.2768939103266055 1 
0009 0015 1666421183247348 316.5 -73.0 1.9512235621905356 1 
0009 0009 1666421183267043 -22.6875 -77.5 1.2885438618239387 1 
0009 0008 1666421183272861 9.0 -72.5 0.18407769454627693 1 
0009 0004 1666421183348834 -65.0625 -67.0 5.006913291658733 1 
0009 0008 1666421183350467 -100.0625 -71.0 0.2945243112740431 1 
0009 0006 1666421183354644 17.0625 -69.0 5.743224069843841 1 
0009 0015 1666421183355588 -113.0625 -73.5 2.6200391857086753 1 
0009 0009 1666421183382370 9.0 -77.5 1.0983302441261191 1 
0009 0006 1666421183458334 17.0625 -69.5 5.651185222570702 1 
0009 0004 1666421183460698 -87.0625 -67.5 5.135767677841127 1 
0009 0015 1666421183467394 13.0 -72.5 2.779573187648782 1 
0009 0008 1666421183485449 4.4375 -71.0 0.5951845456996288 1 
0009 0009 1666421183500322 -1.625 -76.0 0.5276893910326605 1 
0009 0004 1666421183579569 -8.9375 -67.5 4.9394181369917645 1 
0009 0008 1666421183580694 30.0625 -71.0 0.5031456984264903 1 
0009 0006 1666421183582685 -91.125 -69.0 5.982525072754001 1 
0009 0015 1666421183583556 -182.25 -72.5 2.061670178918302 1 
0009 0009 1666421183588296 152.125 -74.0 0.5338253141842031 1 
0009 0006 1666421183685512 -156.1875 -69.0 5.841398840268521 1 
0009 0004 1666421183686666 -82.1875 -69.0 5.190990986205009 1 
0009 0008 1666421183690715 -34.9375 -68.5 0.5829126993965437 1 
0009 0015 1666421183692000 -295.375 -70.5 2.0493983326152168 1 
0009 0009 1666421183716124 3.25 -75.0 0.5675728915176872 1 
0009 0004 1666421183803177 -87.0625 -69.0 5.21553467881118 1 
0009 0008 1666421183804358 65.0625 -70.5 0.6933593161243098 1 
0009 0015 1666421183807927 338.5 -72.0 1.6198837120072371 1 
0009 0006 1666421183808966 -108.1875 -70.0 5.706408530934585 1 
0009 0009 1666421183810971 121.25 -74.0 0.5829126993965437 1 
0009 0006 1666421183907023 69.125 -69.0 5.6143696836614465 1 
0009 0008 1666421183909852 -43.125 -69.5 0.7117670855789375 1 
0009 0004 1666421183911006 48.0 -69.0 5.0253210611133605 1 
0009 0015 1666421183915615 52.0625 -72.5 2.1046216409791 1 
0009 0009 1666421183917435 -113.0625 -74.0 0.7547185476397354 1 
0009 0015 1666421184014430 238.4375 -73.0 1.8775924843720249 1 
0009 0006 1666421184016448 -186.3125 -69.5 5.688000761479957 1 
0009 0004 1666421184019767 -34.9375 -69.5 5.080544369477243 1 
0009 0008 1666421184021897 -182.25 -70.5 0.705631162427395 1 
0009 0008 1666421184118692 -108.1875 -70.5 0.5092816215780329 1 
0009 0015 1666421184120925 74.0 -72.0 1.9941750242513334 1 
0009 0006 1666421184124092 78.0625 -70.0 5.368932757599744 1 
0009 0004 1666421184125019 -134.25 -68.5 5.123495831538041 1 
0009 0009 1666421184141088 15.375 -76.0 0.23316507975861744 1 
0009 0004 1666421184227034 -82.1875 -69.5 5.080544369477243 1 
0009 0006 1666421184228304 113.0625 -70.5 5.368932757599744 1 
0009 0008 1666421184229481 43.125 -70.0 0.3129320807286708 1 
0009 0015 1666421184230888 39.0 -72.5 1.9266798695843652 1 
0009 0009 1666421184288686 17.8125 -77.0 0.16566992509164924 1 
0009 0006 1666421184366242 -182.25 -70.5 5.583690067903734 1 
0009 0004 1666421184367394 -87.0625 -67.5 5.037592907416445 1 
0009 0008 1666421184369906 104.125 -71.0 0.1043106935762236 1 
0009 0015 1666421184372064 117.125 -72.0 2.000310947402876 1 
0009 0009 1666421184409963 30.9375 -77.5 6.215690152512618 1 
0009 0015 1666421184484543 -104.125 -73.5 2.497320722677824 1 
0009 0006 1666421184487014 13.0 -70.5 5.497787143782138 1 
0009 0004 1666421184488495 39.0 -68.0 4.847379289718626 1 
0009 0008 1666421184489377 -61.0 -71.5 0.23930100291016002 1 
0009 0009 1666421184517271 1.625 -76.5 6.22182607566416 1 
0009 0015 1666421184593411 498.8125 -72.5 1.9389517158874505 1 
0009 0006 1666421184594604 -17.0625 -70.0 5.405748296509 1 
0009 0004 1666421184598556 -134.25 -68.5 5.21553467881118 1 
0009 0008 1666421184599494 26.0 -71.5 0.0 1 
0009 0009 1666421184631984 27.5625 -78.0 6.086835766330224 1 
