0009 0007 1666431222964517 -95.1875 -66.5 1.2762720155208536 16 
0009 0015 1666431222968085 -34.9375 -55.5 4.04357335686655 16 
0009 0004 1666431222970331 -48.0 -61.5 5.448699758569798 16 
0009 0008 1666431222972368 82.1875 -61.5 0.8467573949128739 16 
0009 0014 1666431222973252 -48.0 -58.0 4.25833066717054 16 
0009 0005 1666431222974405 -152.125 -71.5 1.086058397823034 16 
0009 0008 1666431223071559 30.0625 -61.0 0.9142525495798421 16 
0009 0015 1666431223072940 -39.0 -55.5 4.037437433715008 16 
0009 0014 1666431223076363 -65.0625 -58.0 4.301282129231338 16 
0009 0007 1666431223077446 78.0625 -66.0 0.9940195505498954 16 
0009 0005 1666431223078601 -147.25 -71.0 1.2087768608538851 16 
0009 0004 1666431223079525 -61.0 -61.0 5.436427912266712 16 
0009 0006 1666431223105037 0.75 -73.0 1.4910293258248433 16 
0009 0002 1666431223107237 -7.3125 -75.0 4.921010367537137 16 
0009 0014 1666431223187807 -17.0625 -58.0 4.246058820867455 16 
0009 0015 1666431223190561 -43.125 -55.5 4.049709280018092 16 
0009 0007 1666431223192341 -30.0625 -65.5 1.1658253987930873 16 
0009 0004 1666431223193595 -17.0625 -61.5 5.338253141842031 16 
0009 0008 1666431223195663 17.0625 -61.5 0.9265243958829272 16 
0009 0005 1666431223196606 -95.1875 -71.0 1.1596894756415448 16 
0009 0002 1666431223218329 14.625 -75.0 1.521708941582556 16 
0009 0006 1666431223231835 -11.4375 -73.5 1.5155730184310134 16 
0009 0005 1666431223306394 0.0 -70.0 0.9694758579437253 16 
0009 0014 1666431223307908 -74.0 -57.5 4.313553975534423 16 
0009 0004 1666431223309556 17.0625 -61.5 5.301437602932776 16 
0009 0007 1666431223310485 69.125 -66.0 1.030835089459151 16 
0009 0008 1666431223311666 34.9375 -61.5 0.9142525495798421 16 
0009 0015 1666431223314488 -30.0625 -55.5 4.049709280018092 16 
0009 0002 1666431223344332 8.0625 -75.5 1.6321555583103222 16 
0009 0006 1666431223347213 14.625 -73.5 1.5033011721279284 16 
0009 0005 1666431223424292 182.25 -70.5 0.7792622402459057 16 
0009 0014 1666431223428575 -48.0 -58.0 4.264466590322082 16 
0009 0007 1666431223430392 26.0 -65.0 1.1903690913992575 16 
0009 0015 1666431223431289 -13.0 -55.5 4.031301510563465 16 
0009 0008 1666431223432399 26.0 -62.0 0.9019807032767571 16 
0009 0004 1666431223433382 -39.0 -61.5 5.356660911296659 16 
0009 0006 1666431223451904 3.1875 -73.5 1.4296700943094176 16 
0009 0002 1666431223458004 26.8125 -75.0 1.6444274046134073 16 
0009 0004 1666431223539556 26.0 -61.5 5.2768939103266055 16 
0009 0014 1666431223540827 52.0625 -58.0 4.184699589352029 16 
0009 0008 1666431223542934 -8.9375 -61.5 0.9633399347921826 16 
0009 0015 1666431223544347 -26.0 -55.5 4.049709280018092 16 
0009 0007 1666431223549354 -34.9375 -66.0 1.2333205534600555 16 
0009 0005 1666431223551324 238.4375 -71.0 0.8774370106705868 16 
0009 0006 1666431223570484 12.9375 -73.5 1.4480778637640452 16 
0009 0002 1666431223575267 0.0 -75.5 1.7119225592803755 16 
0009 0004 1666431223655855 34.9375 -61.5 5.283029833478148 16 
0009 0007 1666431223657025 -104.125 -65.5 1.3069516312785663 16 
0009 0008 1666431223662992 8.9375 -62.0 1.000155473701438 16 
0009 0014 1666431223664262 -21.9375 -58.0 4.227651051412827 16 
0009 0015 1666431223665233 -30.0625 -55.5 4.037437433715008 16 
0009 0005 1666431223666982 182.25 -71.5 0.803805932852076 16 
0009 0006 1666431223686182 6.5 -74.0 4.485359823777615 16 
0009 0002 1666431223690248 26.0625 -75.0 4.76147636559703 16 
0009 0014 1666431223775385 -48.0 -58.5 4.270602513473625 16 
0009 0005 1666431223776313 82.1875 -70.0 0.9633399347921826 16 
0009 0015 1666431223777241 -48.0 -55.5 4.037437433715008 16 
0009 0004 1666431223778196 17.0625 -62.0 5.270757987175063 16 
0009 0008 1666431223781114 -8.9375 -61.5 0.9940195505498954 16 
0009 0007 1666431223782176 -52.0625 -65.5 1.2640001692177683 16 
0009 0006 1666431223803691 17.0625 -73.5 1.4419419406125027 16 
0009 0002 1666431223811853 11.4375 -74.5 1.6873788666742053 16 
0009 0005 1666431223888629 -286.4375 -71.0 1.6260196351587797 16 
0009 0008 1666431223889509 -39.0 -61.0 1.0676506283684062 16 
0009 0007 1666431223893341 74.0 -65.0 1.1228739367322893 16 
0009 0014 1666431223894750 -39.0 -58.0 4.319689898685965 16 
0009 0015 1666431223895635 -21.9375 -55.5 4.0128937411088375 16 
0009 0004 1666431223897990 -69.125 -62.0 5.448699758569798 16 
0009 0002 1666431223923322 -16.3125 -74.5 4.95168998329485 16 
0009 0006 1666431223930319 1.625 -74.0 1.3867186322486196 16 
0009 0004 1666431224005526 -78.0625 -62.0 5.381204603902829 16 
0009 0008 1666431224007062 95.1875 -61.0 0.8897088569736719 16 
0009 0005 1666431224008003 -4.0625 -70.0 1.1474176293384597 16 
0009 0014 1666431224009130 -43.125 -58.0 4.289010282928253 16 
0009 0015 1666431224012069 -4.0625 -55.0 4.006757817957295 16 
0009 0007 1666431224016604 30.0625 -66.0 1.0921943209745766 16 
0009 0002 1666431224037529 12.1875 -75.0 1.6751070203711202 16 
0009 0006 1666431224044988 33.375 -74.0 4.4362724385652745 16 
0009 0014 1666431224122724 30.0625 -58.0 4.221515128261284 16 
0009 0008 1666431224124117 52.0625 -62.0 0.9326603190344698 16 
0009 0005 1666431224125044 143.1875 -70.5 0.8467573949128739 16 
0009 0015 1666431224127526 0.0 -55.5 3.9760782021995817 16 
0009 0007 1666431224130618 74.0 -66.0 1.214912784005428 16 
0009 0004 1666431224131516 -61.0 -62.0 5.405748296509 16 
0009 0006 1666431224164116 0.0 -74.0 1.4726215563702154 16 
0009 0002 1666431224166248 21.1875 -75.0 4.7307967498393175 16 
0009 0008 1666431224244333 43.125 -61.5 0.9142525495798421 16 
0009 0015 1666431224245670 -21.9375 -55.5 4.0128937411088375 16 
0009 0014 1666431224247632 -8.9375 -58.0 4.246058820867455 16 
0009 0004 1666431224249924 -69.125 -62.0 5.418020142812084 16 
0009 0005 1666431224250808 204.25 -71.0 0.8774370106705868 16 
0009 0007 1666431224252540 -69.125 -66.5 1.3008157081270237 16 
0009 0006 1666431224282576 3.1875 -74.0 1.3314953238847365 16 
0009 0002 1666431224286085 14.625 -75.0 4.871922982324796 16 
0009 0015 1666431224364148 -30.0625 -55.5 4.006757817957295 16 
0009 0007 1666431224365992 61.0 -65.5 1.1596894756415448 16 
0009 0014 1666431224368348 -34.9375 -58.0 4.289010282928253 16 
0009 0004 1666431224369784 -78.0625 -62.0 5.448699758569798 16 
0009 0008 1666431224370677 -8.9375 -61.5 1.012427320004523 16 
0009 0005 1666431224371662 -34.9375 -71.5 1.239456476611598 16 
0009 0006 1666431224394838 -2.4375 -73.5 4.608078286808466 16 
0009 0002 1666431224403794 22.6875 -75.0 1.5953400194010667 16 
0009 0014 1666431224482503 -17.0625 -58.5 4.252194744018997 16 
0009 0004 1666431224483658 61.0 -61.5 5.338253141842031 16 
0009 0008 1666431224484839 52.0625 -61.0 0.9387962421860124 16 
0009 0015 1666431224485951 -30.0625 -55.5 4.031301510563465 16 
0009 0005 1666431224488729 -82.1875 -70.5 1.1965050145508 16 
0009 0007 1666431224489614 100.0625 -66.0 1.1290098598838318 16 
0009 0006 1666431224511427 10.5 -73.5 1.3989904785517047 16 
0009 0002 1666431224516265 3.1875 -74.5 4.8351074434155406 16 
0009 0015 1666431224610913 -21.9375 -55.0 4.006757817957295 16 
0009 0004 1666431224612181 -4.0625 -61.5 5.332117218690489 16 
0009 0008 1666431224613333 -8.9375 -61.0 0.9510680884890975 16 
0009 0014 1666431224614771 -26.0 -57.5 4.28287435977671 16 
0009 0007 1666431224617748 8.9375 -66.5 1.1474176293384597 16 
0009 0005 1666431224618692 -52.0625 -70.5 1.227184630308513 16 
0009 0002 1666431224621566 -61.0 -72.5 4.908738521234052 16 
0009 0006 1666431224644797 13.875 -73.5 1.3621749396424494 16 
0009 0015 1666431224725998 -48.0 -55.0 4.049709280018092 16 
0009 0014 1666431224728731 0.0 -58.0 4.252194744018997 16 
0009 0002 1666431224729691 -217.25 -71.5 4.945554060143307 16 
0009 0004 1666431224732135 -17.0625 -61.5 5.338253141842031 16 
0009 0008 1666431224733911 56.125 -61.5 0.859029241215959 16 
0009 0005 1666431224734824 -195.25 -72.0 1.2640001692177683 16 
0009 0007 1666431224735750 -95.1875 -66.0 1.2517283229146832 16 
0009 0006 1666431224755117 8.0625 -73.5 1.3192234775816514 16 
0009 0008 1666431224838100 39.0 -61.0 0.9081166264282996 16 
0009 0015 1666431224839551 -21.9375 -55.0 4.0128937411088375 16 
0009 0007 1666431224840900 0.0 -66.5 1.1780972450961724 16 
0009 0004 1666431224843194 -61.0 -61.5 5.356660911296659 16 
0009 0014 1666431224844118 -4.0625 -58.0 4.239922897715912 16 
0009 0005 1666431224847100 -82.1875 -70.0 1.1965050145508 16 
0009 0002 1666431224850232 26.0 -72.0 4.743068596142402 16 
0009 0006 1666431224871441 3.1875 -73.5 1.3867186322486196 16 
0009 0014 1666431224951971 -30.0625 -58.0 4.270602513473625 16 
0009 0005 1666431224953496 299.4375 -69.0 0.7117670855789375 16 
0009 0008 1666431224954899 -17.0625 -61.0 0.9081166264282996 16 
0009 0004 1666431224955798 -61.0 -62.0 5.387340527054372 16 
0009 0015 1666431224960818 -26.0 -55.0 4.0128937411088375 16 
0009 0007 1666431224963430 48.0 -65.5 1.0983302441261191 16 
0009 0002 1666431224965535 -251.4375 -72.0 4.804427827657828 16 
0009 0006 1666431224989992 0.75 -73.5 1.380582709097077 16 
0009 0015 1666431225068622 -30.0625 -55.0 4.006757817957295 16 
0009 0007 1666431225071406 13.0 -65.5 1.1228739367322893 16 
0009 0008 1666431225072417 -34.9375 -61.5 0.9694758579437253 16 
0009 0004 1666431225073372 87.0625 -62.0 5.209398755659637 16 
0009 0005 1666431225074766 -100.0625 -71.5 1.0921943209745766 16 
0009 0014 1666431225075723 -65.0625 -58.0 4.3074180523828804 16 
0009 0002 1666431225082603 139.125 -71.0 4.571262747899211 16 
0009 0006 1666431225108287 8.0625 -73.5 4.424000592262189 16 
0009 0015 1666431225183988 -26.0 -55.5 4.025165587411922 16 
0009 0007 1666431225186250 156.1875 -65.5 1.0492428589137786 16 
0009 0004 1666431225189129 78.0625 -61.0 5.184855063053467 16 
0009 0005 1666431225190311 204.25 -71.0 0.7731263170943632 16 
0009 0008 1666431225191672 -8.9375 -61.5 0.8774370106705868 16 
0009 0002 1666431225192598 23.5625 -72.5 4.601942363656923 16 
0009 0014 1666431225193496 -17.0625 -57.5 4.276738436625168 16 
0009 0006 1666431225218720 0.0 -73.0 1.380582709097077 16 
0009 0008 1666431225297459 4.0625 -61.5 0.9081166264282996 16 
0009 0007 1666431225298985 21.9375 -65.0 1.1290098598838318 16 
0009 0006 1666431225301256 -121.25 -72.0 4.779884135051658 16 
0009 0015 1666431225302283 -43.125 -55.5 4.037437433715008 16 
0009 0004 1666431225303704 -48.0 -62.5 5.344389064993574 16 
0009 0014 1666431225304716 -61.0 -57.5 4.289010282928253 16 
0009 0005 1666431225307563 82.1875 -70.0 0.8222137023067037 16 
0009 0002 1666431225310466 -264.4375 -73.0 4.92714629068868 16 
0009 0006 1666431225333623 -9.75 -73.0 1.4787574795217582 16 
0009 0004 1666431225411411 -65.0625 -61.5 5.375068680751287 16 
0009 0008 1666431225412618 56.125 -61.0 0.9142525495798421 16 
0009 0006 1666431225413988 -360.5 -72.0 4.743068596142402 16 
0009 0015 1666431225415126 -56.125 -55.0 4.049709280018092 16 
0009 0007 1666431225417515 -78.0625 -65.5 1.282407938672396 16 
0009 0005 1666431225419419 -30.0625 -72.0 1.000155473701438 16 
0009 0014 1666431225422133 34.9375 -57.5 4.246058820867455 16 
0009 0002 1666431225428640 82.1875 -72.0 4.675573441475434 16 
0009 0002 1666431225526316 95.1875 -72.0 4.565126824747668 16 
0009 0008 1666431225528348 13.0 -60.5 0.9265243958829272 16 
0009 0014 1666431225529889 -52.0625 -57.5 4.338097668140593 16 
0009 0005 1666431225530798 -21.9375 -70.5 0.9572040116406401 16 
0009 0015 1666431225532702 -30.0625 -55.5 4.01902966426038 16 
0009 0006 1666431225533601 87.0625 -71.0 4.4976316700806995 16 
0009 0004 1666431225534570 17.0625 -61.5 5.270757987175063 16 
0009 0007 1666431225535797 48.0 -64.5 1.1351457830353744 16 
0009 0004 1666431225634788 -91.125 -61.5 5.368932757599744 16 
0009 0008 1666431225635967 -13.0 -61.5 0.944932165337555 16 
0009 0015 1666431225638486 -52.0625 -55.0 4.025165587411922 16 
0009 0014 1666431225639383 -17.0625 -57.5 4.264466590322082 16 
0009 0007 1666431225643423 17.0625 -64.5 1.1719613219446299 16 
0009 0006 1666431225644758 -204.25 -72.0 4.749204519293945 16 
0009 0002 1666431225654617 -308.375 -73.5 5.043728830567988 16 
0009 0005 1666431225655472 108.1875 -71.5 1.012427320004523 16 
0009 0007 1666431225753606 48.0 -65.5 1.1106020904292042 16 
0009 0004 1666431225756430 0.0 -62.0 5.227806525114265 16 
0009 0014 1666431225757319 8.9375 -58.0 4.25833066717054 16 
0009 0015 1666431225758432 -26.0 -55.0 4.037437433715008 16 
0009 0008 1666431225759625 -4.0625 -60.5 0.9203884727313847 16 
0009 0005 1666431225761838 43.125 -71.0 0.8774370106705868 16 
0009 0006 1666431225763696 82.1875 -71.5 4.620350133111551 16 
0009 0002 1666431225767266 -238.4375 -73.0 5.031456984264903 16 
0009 0014 1666431225866888 4.0625 -57.5 4.264466590322082 16 
0009 0004 1666431225868299 30.0625 -61.5 5.160311370447297 16 
0009 0008 1666431225869253 26.0 -61.0 0.9265243958829272 16 
0009 0015 1666431225870407 -39.0 -55.5 4.0128937411088375 16 
0009 0002 1666431225871989 299.4375 -72.0 4.503767593232243 16 
0009 0006 1666431225872901 -295.375 -72.0 4.9394181369917645 16 
0009 0007 1666431225873814 74.0 -66.0 1.0983302441261191 16 
0009 0005 1666431225875951 78.0625 -72.0 0.859029241215959 16 
0009 0007 1666431225974533 -52.0625 -65.5 1.3008157081270237 16 
0009 0008 1666431225975480 0.0 -61.5 0.8835729338221293 16 
0009 0002 1666431225977445 121.25 -72.0 4.534447208989955 16 
0009 0014 1666431225978591 0.0 -57.5 4.264466590322082 16 
0009 0004 1666431225979508 -43.125 -61.5 5.289165756629691 16 
0009 0015 1666431225982661 -30.0625 -55.0 3.9944859716542096 16 
0009 0005 1666431225985443 312.4375 -71.0 0.6565437772150544 16 
0009 0006 1666431225986752 152.125 -70.0 4.540583132141498 16 
0009 0014 1666431226085002 -61.0 -57.5 4.331961744989051 16 
0009 0008 1666431226087879 39.0 -61.0 0.9019807032767571 16 
0009 0004 1666431226088832 -56.125 -61.5 5.313709449235861 16 
0009 0005 1666431226089983 13.0 -72.0 1.0369710126106935 16 
0009 0006 1666431226090896 43.125 -71.0 4.675573441475434 16 
0009 0015 1666431226092573 -34.9375 -55.0 4.000621894805752 16 
0009 0007 1666431226093715 147.25 -65.5 1.0369710126106935 16 
0009 0004 1666431226194061 13.0 -61.5 5.264622064023521 16 
0009 0014 1666431226195726 -13.0 -57.5 4.270602513473625 16 
0009 0008 1666431226197759 39.0 -61.0 0.8528933180644165 16 
0009 0015 1666431226198883 -8.9375 -55.0 3.9944859716542096 16 
0009 0007 1666431226202093 -48.0 -65.5 1.227184630308513 16 
0009 0002 1666431226202994 286.4375 -72.0 4.344233591292136 16 
0009 0006 1666431226205505 95.1875 -71.5 4.381049130201391 16 
0009 0005 1666431226206431 -4.0625 -70.5 0.9694758579437253 16 
0009 0005 1666431226306420 113.0625 -71.5 1.012427320004523 16 
0009 0004 1666431226307432 61.0 -61.5 5.160311370447297 16 
0009 0014 1666431226308584 4.0625 -58.0 4.227651051412827 16 
0009 0015 1666431226309543 -17.0625 -55.0 4.006757817957295 16 
0009 0007 1666431226312552 -39.0 -65.5 1.2333205534600555 16 
0009 0006 1666431226313477 -17.0625 -71.5 4.767612288748572 16 
0009 0008 1666431226314417 21.9375 -61.0 0.8528933180644165 16 
0009 0002 1666431226315915 373.5 -72.0 4.614214209960009 16 
0009 0004 1666431226412985 43.125 -62.0 5.227806525114265 16 
0009 0006 1666431226413884 -377.5625 -72.5 4.865787059173254 16 
0009 0008 1666431226415005 -43.125 -60.5 1.0062913968529805 16 
0009 0002 1666431226415903 -212.375 -72.5 5.111223985234957 16 
0009 0014 1666431226419818 -21.9375 -57.5 4.264466590322082 16 
0009 0015 1666431226422036 -21.9375 -55.0 4.0128937411088375 16 
0009 0005 1666431226423078 152.125 -70.5 0.9572040116406401 16 
0009 0007 1666431226424005 65.0625 -65.0 1.1044661672776617 16 
0009 0006 1666431226446160 17.8125 -73.0 4.4976316700806995 16 
0009 0004 1666431226534987 -30.0625 -61.5 5.3198453723874035 16 
0009 0014 1666431226536454 -48.0 -57.5 4.246058820867455 16 
0009 0006 1666431226537380 -34.9375 -73.0 4.552854978444583 16 
0009 0015 1666431226538787 -4.0625 -55.0 3.988350048502667 16 
0009 0008 1666431226540842 0.0 -61.0 0.944932165337555 16 
0009 0007 1666431226541790 -34.9375 -65.5 1.2210487071569704 16 
0009 0002 1666431226543767 -416.625 -72.0 5.031456984264903 16 
0009 0005 1666431226545145 -74.0 -70.5 1.1474176293384597 16 
0009 0007 1666431226645234 147.25 -65.5 1.1290098598838318 16 
0009 0005 1666431226647039 -21.9375 -73.5 1.0492428589137786 16 
0009 0002 1666431226648220 126.125 -72.0 4.669437518323892 16 
0009 0008 1666431226649085 8.9375 -61.0 0.9694758579437253 16 
0009 0004 1666431226651175 -74.0 -61.0 5.295301679781233 16 
0009 0006 1666431226652045 -212.375 -71.5 4.798291904506286 16 
0009 0015 1666431226653198 -30.0625 -55.0 3.9944859716542096 16 
0009 0014 1666431226654111 -34.9375 -57.5 4.23378697456437 16 
0009 0014 1666431226753444 -56.125 -57.5 4.252194744018997 16 
0009 0008 1666431226755121 34.9375 -61.0 0.9142525495798421 16 
0009 0002 1666431226756046 52.0625 -72.0 4.638757902566179 16 
0009 0004 1666431226760717 -143.1875 -61.5 5.387340527054372 16 
0009 0015 1666431226762483 -56.125 -55.0 4.025165587411922 16 
0009 0007 1666431226764045 26.0 -65.0 1.2026409377023426 16 
0009 0005 1666431226764887 -91.125 -71.0 1.1719613219446299 16 
0009 0006 1666431226765955 -13.0 -71.5 4.601942363656923 16 
0009 0008 1666431226863185 -13.0 -61.0 0.9878836273983529 16 
0009 0004 1666431226865699 -61.0 -61.5 5.301437602932776 16 
0009 0005 1666431226867505 56.125 -70.0 0.9940195505498954 16 
0009 0015 1666431226868647 -43.125 -55.5 4.031301510563465 16 
0009 0007 1666431226869516 8.9375 -65.0 1.1780972450961724 16 
0009 0014 1666431226870387 -56.125 -57.5 4.289010282928253 16 
0009 0006 1666431226872137 43.125 -72.5 4.552854978444583 16 
0009 0002 1666431226873950 -100.0625 -71.0 4.755340442445488 16 
0009 0015 1666431226971547 0.0 -55.5 3.988350048502667 16 
0009 0005 1666431226974168 78.0625 -69.0 0.9572040116406401 16 
0009 0004 1666431226975519 17.0625 -61.5 5.270757987175063 16 
0009 0014 1666431226977180 -48.0 -57.5 4.252194744018997 16 
0009 0002 1666431226978192 -117.125 -73.5 4.865787059173254 16 
0009 0008 1666431226979072 21.9375 -61.5 0.9572040116406401 16 
0009 0007 1666431226980002 26.0 -65.0 1.1535535524900022 16 
0009 0006 1666431226981541 -117.125 -71.5 4.608078286808466 16 
0009 0015 1666431227080441 -34.9375 -55.0 4.031301510563465 16 
0009 0014 1666431227081867 -17.0625 -58.0 4.252194744018997 16 
0009 0007 1666431227083249 56.125 -65.5 1.2026409377023426 16 
0009 0008 1666431227085135 26.0 -61.0 0.9817477042468103 16 
0009 0006 1666431227085990 -26.0 -72.5 4.589670517353839 16 
0009 0004 1666431227090243 30.0625 -61.5 5.252350217720435 16 
0009 0005 1666431227092023 13.0 -70.5 1.1351457830353744 16 
0009 0002 1666431227093586 -251.4375 -73.0 5.105088062083414 16 
0009 0006 1666431227192070 -56.125 -69.5 4.460816131171445 16 
0009 0004 1666431227193196 -104.125 -61.5 5.375068680751287 16 
0009 0014 1666431227195113 -17.0625 -58.0 4.246058820867455 16 
0009 0015 1666431227196524 -26.0 -55.5 3.988350048502667 16 
0009 0002 1666431227198750 -4.875 -72.5 4.718524903536232 16 
0009 0007 1666431227200135 61.0 -65.0 1.0799224746714913 16 
0009 0005 1666431227201077 78.0625 -72.0 0.944932165337555 16 
0009 0008 1666431227201973 17.0625 -61.0 0.9387962421860124 16 
0009 0007 1666431227302780 69.125 -65.5 1.1535535524900022 16 
0009 0014 1666431227303677 -17.0625 -57.5 4.221515128261284 16 
0009 0008 1666431227305037 0.0 -61.0 0.9756117810952678 16 
0009 0015 1666431227306692 -52.0625 -55.5 4.04357335686655 16 
0009 0005 1666431227309715 234.3125 -72.0 0.8774370106705868 16 
0009 0004 1666431227310636 0.0 -61.5 5.258486140871978 16 
0009 0006 1666431227312689 152.125 -70.5 4.626486056263094 16 
0009 0002 1666431227313586 -182.25 -72.5 4.743068596142402 16 
0009 0014 1666431227411479 -48.0 -58.0 4.276738436625168 16 
0009 0015 1666431227412364 -30.0625 -55.5 4.0128937411088375 16 
0009 0004 1666431227413943 -17.0625 -61.5 5.3198453723874035 16 
0009 0008 1666431227415614 0.0 -61.5 0.9756117810952678 16 
0009 0007 1666431227417902 -8.9375 -65.0 1.2701360923693108 16 
0009 0005 1666431227426844 -30.0625 -69.5 1.055378782065321 16 
0009 0006 1666431227428676 126.125 -72.0 4.595806440505381 16 
0009 0002 1666431227431322 -160.3125 -73.5 4.994641445355648 16 
0009 0006 1666431227530217 -104.125 -71.5 4.571262747899211 16 
0009 0007 1666431227531997 -30.0625 -65.5 1.1535535524900022 16 
0009 0014 1666431227533123 -87.0625 -57.5 4.276738436625168 16 
0009 0015 1666431227534519 -34.9375 -55.0 4.0128937411088375 16 
0009 0008 1666431227535502 -52.0625 -61.5 1.030835089459151 16 
0009 0004 1666431227536797 -17.0625 -62.0 5.313709449235861 16 
0009 0005 1666431227544078 -56.125 -72.0 1.086058397823034 16 
0009 0002 1666431227545553 -78.0625 -72.0 4.749204519293945 16 
0009 0008 1666431227643025 34.9375 -61.0 0.9756117810952678 16 
0009 0006 1666431227644206 17.0625 -70.5 4.675573441475434 16 
0009 0014 1666431227646183 -21.9375 -57.5 4.215379205109742 16 
0009 0004 1666431227647110 -74.0 -61.5 5.350524988145116 16 
0009 0007 1666431227648047 0.0 -65.0 1.2087768608538851 16 
0009 0002 1666431227653276 -520.8125 -73.0 5.3198453723874035 16 
0009 0015 1666431227654556 -56.125 -55.0 4.0558452031696355 16 
0009 0005 1666431227656321 381.625 -72.0 0.4172427743048944 16 
0009 0004 1666431227755421 -17.0625 -61.0 5.289165756629691 16 
0009 0014 1666431227756588 8.9375 -57.5 4.2031073588066565 16 
0009 0015 1666431227757545 -17.0625 -55.5 4.006757817957295 16 
0009 0007 1666431227760317 26.0 -65.0 1.1290098598838318 16 
0009 0002 1666431227761455 186.3125 -73.0 4.81056375080937 16 
0009 0008 1666431227762605 65.0625 -61.0 0.9387962421860124 16 
0009 0005 1666431227763518 182.25 -72.0 0.8467573949128739 16 
0009 0006 1666431227765650 56.125 -71.5 4.6448938257177215 16 
0009 0015 1666431227862765 -34.9375 -55.5 4.01902966426038 16 
0009 0014 1666431227863917 -4.0625 -58.0 4.221515128261284 16 
0009 0002 1666431227864762 -295.375 -72.0 5.0253210611133605 16 
0009 0004 1666431227866209 -4.0625 -61.5 5.221670601962723 16 
0009 0008 1666431227870499 -26.0 -61.0 0.9817477042468103 16 
0009 0006 1666431227871397 -43.125 -72.0 4.651029748869264 16 
0009 0005 1666431227874764 -48.0 -71.0 1.1780972450961724 16 
0009 0007 1666431227875705 8.9375 -65.5 1.1965050145508 16 
