0009 0005 1666431267584445 -34.9375 -69.5 5.209398755659637 16 
0009 0014 1666431267587187 34.9375 -60.5 4.270602513473625 16 
0009 0015 1666431267589940 -13.0 -56.5 3.724505352986337 16 
0009 0008 1666431267592425 -87.0625 -68.0 4.970097752749477 16 
0009 0000 1666431267593339 61.0 -65.5 1.2762720155208536 16 
0009 0007 1666431267594952 152.125 -69.5 0.030679615757712823 16 
0009 0004 1666431267595892 -34.9375 -70.5 0.11658253987930872 16 
0009 0014 1666431267692464 -74.0 -60.5 4.356505437595221 16 
0009 0004 1666431267693636 208.3125 -71.5 6.037748381117884 16 
0009 0015 1666431267695535 0.0 -56.5 3.7429131224409646 16 
0009 0005 1666431267699575 130.1875 -69.0 4.95168998329485 16 
0009 0008 1666431267700572 -191.1875 -68.5 5.105088062083414 16 
0009 0007 1666431267702422 17.0625 -70.0 0.09203884727313846 16 
0009 0000 1666431267703350 30.0625 -65.5 1.3744467859455345 16 
0009 0002 1666431267767119 -6.0 -76.0 1.0185632431560658 16 
0009 0015 1666431267807279 21.9375 -56.0 3.724505352986337 16 
0009 0000 1666431267808507 143.1875 -65.0 1.2333205534600555 16 
0009 0007 1666431267809374 -4.0625 -69.5 0.01227184630308513 16 
0009 0008 1666431267810771 -43.125 -68.0 4.859651136021712 16 
0009 0005 1666431267813995 -91.125 -70.0 5.141903600992669 16 
0009 0004 1666431267815758 4.0625 -71.0 0.11658253987930872 16 
0009 0014 1666431267816659 -17.0625 -61.0 4.289010282928253 16 
0009 0002 1666431267879230 1.75 -76.0 1.055378782065321 16 
0009 0000 1666431267920585 91.125 -65.5 1.2517283229146832 16 
0009 0008 1666431267923099 -87.0625 -68.0 4.933282213840222 16 
0009 0004 1666431267923998 69.125 -72.5 6.215690152512618 16 
0009 0005 1666431267924953 100.0625 -69.5 4.92714629068868 16 
0009 0015 1666431267927097 -4.0625 -56.5 3.749049045592507 16 
0009 0014 1666431267930479 -30.0625 -60.5 4.313553975534423 16 
0009 0007 1666431267931364 -91.125 -69.5 0.17794177139473438 16 
0009 0002 1666431268004139 5.75 -76.0 0.9633399347921826 16 
0009 0004 1666431268036123 182.25 -71.0 6.037748381117884 16 
0009 0000 1666431268037349 43.125 -66.0 1.239456476611598 16 
0009 0007 1666431268038957 43.125 -70.0 6.264777537724958 16 
0009 0015 1666431268040112 26.0 -56.0 3.6999616603801666 16 
0009 0008 1666431268042884 -134.25 -68.0 5.00077736850719 16 
0009 0005 1666431268043839 -104.125 -68.5 5.129631754689584 16 
0009 0014 1666431268044962 13.0 -60.0 4.3074180523828804 16 
0009 0002 1666431268132831 -1.125 -76.5 1.086058397823034 16 
0009 0008 1666431268150944 48.0 -68.0 4.773748211900116 16 
0009 0015 1666431268153284 0.0 -56.0 3.7429131224409646 16 
0009 0014 1666431268154175 -30.0625 -60.5 4.276738436625168 16 
0009 0007 1666431268155104 -56.125 -69.0 0.07976700097005335 16 
0009 0005 1666431268157365 65.0625 -69.0 4.933282213840222 16 
0009 0000 1666431268158280 -69.125 -66.0 1.4173982480063325 16 
0009 0004 1666431268159413 0.0 -70.5 0.11658253987930872 16 
0009 0002 1666431268251720 -0.4375 -76.0 1.043106935762236 16 
0009 0007 1666431268266417 52.0625 -69.5 6.14819499784565 16 
0009 0000 1666431268267811 65.0625 -65.0 1.2946797849754812 16 
0009 0004 1666431268270345 65.0625 -70.5 6.178874613603362 16 
0009 0005 1666431268271288 -130.1875 -70.0 5.203262832508095 16 
0009 0014 1666431268272428 -30.0625 -60.5 4.374913207049849 16 
0009 0015 1666431268274275 -4.0625 -56.0 3.736777199289422 16 
0009 0008 1666431268275415 139.125 -68.5 4.706253057233147 16 
0009 0002 1666431268364938 -4.0 -76.0 1.012427320004523 16 
0009 0007 1666431268383706 -13.0 -70.0 6.1850105367549055 16 
0009 0008 1666431268385527 104.125 -68.0 4.700117134081604 16 
0009 0014 1666431268386708 -21.9375 -60.5 4.28287435977671 16 
0009 0015 1666431268389505 0.0 -56.5 3.736777199289422 16 
0009 0000 1666431268390426 43.125 -66.5 1.2885438618239387 16 
0009 0004 1666431268392706 238.4375 -70.5 6.007068765360171 16 
0009 0005 1666431268394272 91.125 -69.5 4.871922982324796 16 
0009 0002 1666431268483877 -1.125 -76.0 0.8774370106705868 16 
0009 0015 1666431268501689 -34.9375 -56.5 3.7981364308048478 16 
0009 0007 1666431268502748 160.3125 -68.5 6.160466844148735 16 
0009 0000 1666431268503898 -8.9375 -66.0 1.368310862793992 16 
0009 0014 1666431268505067 -30.0625 -60.5 4.362641360746763 16 
0009 0005 1666431268505967 43.125 -69.0 4.902602598082509 16 
0009 0008 1666431268508589 -48.0 -68.5 4.902602598082509 16 
0009 0004 1666431268512376 143.1875 -71.5 5.970253226450915 16 
0009 0002 1666431268613203 -0.8125 -76.0 4.215379205109742 16 
0009 0000 1666431268627684 48.0 -65.5 1.2210487071569704 16 
0009 0008 1666431268628597 26.0 -68.5 4.847379289718626 16 
0009 0005 1666431268629497 173.3125 -68.5 4.871922982324796 16 
0009 0004 1666431268630367 34.9375 -72.0 6.19728238305799 16 
0009 0014 1666431268631250 -17.0625 -61.0 4.319689898685965 16 
0009 0015 1666431268633608 -4.0625 -56.5 3.7551849687440497 16 
0009 0007 1666431268638649 -39.0 -69.5 6.258641614573416 16 
0009 0008 1666431268886098 0.0 -67.5 4.853515212870168 16 
0009 0015 1666431268886958 -21.9375 -56.0 3.792000507653305 16 
0009 0014 1666431268888821 -8.9375 -60.5 4.3074180523828804 16 
0009 0000 1666431268891013 -56.125 -66.0 1.3989904785517047 16 
0009 0007 1666431268892168 -74.0 -69.0 0.0859029241215959 16 
0009 0005 1666431268893109 -191.1875 -69.0 5.356660911296659 16 
0009 0004 1666431268896108 113.0625 -71.5 6.1420590746941075 16 
0009 0015 1666431268995143 -61.0 -56.5 3.816544200259475 16 
0009 0014 1666431268996539 -61.0 -60.5 4.3503695144436785 16 
0009 0007 1666431268997409 17.0625 -68.5 0.11658253987930872 16 
0009 0008 1666431268998804 34.9375 -68.5 4.890330751779424 16 
0009 0004 1666431269001547 -74.0 -71.5 0.09817477042468103 16 
0009 0000 1666431269004455 48.0 -66.0 1.3008157081270237 16 
0009 0005 1666431269005411 87.0625 -68.5 4.908738521234052 16 
0009 0005 1666431269103596 -26.0 -69.5 5.221670601962723 16 
0009 0014 1666431269104751 -26.0 -60.5 4.338097668140593 16 
0009 0008 1666431269106129 -13.0 -67.0 4.908738521234052 16 
0009 0004 1666431269108023 -126.125 -71.0 0.1227184630308513 16 
0009 0000 1666431269109135 74.0 -66.0 1.2701360923693108 16 
0009 0007 1666431269111565 8.9375 -69.5 6.2463697682703305 16 
0009 0015 1666431269112479 -21.9375 -56.0 3.767456815047135 16 
0009 0007 1666431269222875 -13.0 -69.5 6.2463697682703305 16 
0009 0015 1666431269225364 4.0625 -56.0 3.724505352986337 16 
0009 0014 1666431269226450 -13.0 -60.5 4.301282129231338 16 
0009 0000 1666431269227350 61.0 -66.0 1.3130875544301088 16 
0009 0008 1666431269228741 -4.0625 -67.5 4.896466674930966 16 
0009 0005 1666431269229884 -134.25 -69.5 5.1725832167503825 16 
0009 0004 1666431269232381 -82.1875 -71.0 6.2463697682703305 16 
0009 0002 1666431269314200 -3.9375 -76.0 1.3744467859455345 16 
0009 0015 1666431269339650 0.0 -56.5 3.7429131224409646 16 
0009 0007 1666431269342640 -13.0 -70.5 6.062292073724054 16 
0009 0014 1666431269343938 30.0625 -60.0 4.270602513473625 16 
0009 0005 1666431269344836 56.125 -69.5 5.031456984264903 16 
0009 0000 1666431269345765 74.0 -66.5 1.2026409377023426 16 
0009 0004 1666431269347132 -74.0 -71.5 6.19728238305799 16 
0009 0008 1666431269348382 -4.0625 -66.5 4.828971520263998 16 
0009 0002 1666431269468205 -8.1875 -75.5 1.564660403643354 16 
0009 0002 1666431269481788 2.9375 -76.5 1.2946797849754812 16 
0009 0015 1666431269491739 17.0625 -56.5 3.724505352986337 16 
0009 0014 1666431269492864 17.0625 -60.5 4.319689898685965 16 
0009 0008 1666431269494314 -30.0625 -67.0 4.908738521234052 16 
0009 0000 1666431269496432 -21.9375 -66.0 1.3437671701878218 16 
0009 0007 1666431269497320 -74.0 -69.5 0.04295146206079795 16 
0009 0005 1666431269498457 -17.0625 -69.0 5.092816215780329 16 
0009 0004 1666431269501669 21.9375 -70.0 6.062292073724054 16 
0009 0002 1666431269579649 -7.0 -75.5 1.4173982480063325 16 
0009 0005 1666431269606423 21.9375 -67.5 5.086680292628786 16 
0009 0008 1666431269607336 -65.0625 -67.0 4.933282213840222 16 
0009 0007 1666431269608982 -117.125 -68.5 0.1718058482431918 16 
0009 0015 1666431269610134 -13.0 -56.0 3.7551849687440497 16 
0009 0000 1666431269611855 -30.0625 -65.5 1.3621749396424494 16 
0009 0014 1666431269613023 -26.0 -60.5 4.3503695144436785 16 
0009 0004 1666431269614803 -251.4375 -70.5 0.006135923151542565 16 
0009 0002 1666431269702155 -7.0625 -75.5 1.576932249946439 16 
0009 0007 1666431269722479 87.0625 -70.0 6.227961998815704 16 
0009 0014 1666431269724100 -17.0625 -60.5 4.374913207049849 16 
0009 0015 1666431269726077 -21.9375 -56.0 3.761320891895592 16 
0009 0004 1666431269727231 100.0625 -71.0 6.019340611663256 16 
0009 0005 1666431269728159 -78.0625 -70.0 5.190990986205009 16 
0009 0008 1666431269729311 95.1875 -67.0 4.663301595172349 16 
0009 0000 1666431269730225 126.125 -65.5 1.1535535524900022 16 
0009 0002 1666431269812640 -0.4375 -75.5 1.2455923997631406 16 
0009 0014 1666431269841736 -82.1875 -60.5 4.442408361716817 16 
0009 0005 1666431269842608 108.1875 -68.5 5.062136600022616 16 
0009 0008 1666431269844496 4.0625 -66.5 4.755340442445488 16 
0009 0007 1666431269846091 30.0625 -69.0 6.160466844148735 16 
0009 0004 1666431269848607 -260.375 -70.5 0.11658253987930872 16 
0009 0000 1666431269849775 -43.125 -66.5 1.2640001692177683 16 
0009 0015 1666431269853715 21.9375 -56.0 3.736777199289422 16 
0009 0002 1666431269915648 2.875 -76.5 1.282407938672396 16 
0009 0005 1666431269965132 -82.1875 -68.5 5.221670601962723 16 
0009 0000 1666431269966033 169.25 -66.5 1.214912784005428 16 
0009 0014 1666431269967831 0.0 -61.0 4.295146206079795 16 
0009 0008 1666431269969558 -143.1875 -67.0 5.080544369477243 16 
0009 0004 1666431269970909 -247.375 -69.5 0.07363107781851078 16 
0009 0015 1666431269972258 -8.9375 -56.0 3.7551849687440497 16 
0009 0007 1666431269973190 134.25 -69.0 6.17273869045182 16 
0009 0002 1666431270026899 1.625 -75.5 4.276738436625168 16 
0009 0004 1666431270082470 -69.125 -70.0 6.215690152512618 16 
0009 0008 1666431270084687 -147.25 -67.5 5.080544369477243 16 
0009 0000 1666431270086364 21.9375 -66.5 1.282407938672396 16 
0009 0007 1666431270087505 -8.9375 -69.5 0.12885438618239387 16 
0009 0014 1666431270088448 -34.9375 -60.0 4.356505437595221 16 
0009 0005 1666431270090028 342.5625 -69.5 4.693981210930062 16 
0009 0015 1666431270091746 -30.0625 -56.0 3.785864584501762 16 
0009 0002 1666431270129472 -2.125 -75.5 1.184233168247715 16 
0009 0007 1666431270202332 -74.0 -68.5 0.1227184630308513 16 
0009 0015 1666431270203245 -4.0625 -56.5 3.767456815047135 16 
0009 0000 1666431270204431 39.0 -66.5 1.325359400733194 16 
0009 0008 1666431270205344 26.0 -66.5 4.914874444385594 16 
0009 0014 1666431270206527 39.0 -60.5 4.264466590322082 16 
0009 0005 1666431270207454 30.0625 -69.0 5.203262832508095 16 
0009 0004 1666431270210720 121.25 -71.0 6.080699843178682 16 
0009 0002 1666431270254875 8.0625 -76.0 1.214912784005428 16 
0009 0015 1666431270319756 -48.0 -56.5 3.834951969714103 16 
0009 0005 1666431270321976 -186.3125 -69.5 5.283029833478148 16 
0009 0014 1666431270322959 26.0 -59.5 4.319689898685965 16 
0009 0004 1666431270325691 -87.0625 -71.0 6.080699843178682 16 
0009 0008 1666431270326589 -78.0625 -66.0 5.0253210611133605 16 
0009 0000 1666431270328521 39.0 -66.0 1.3437671701878218 16 
0009 0007 1666431270330328 -56.125 -68.5 0.030679615757712823 16 
0009 0002 1666431270352139 -0.75 -75.5 1.2333205534600555 16 
0009 0005 1666431270432626 -182.25 -69.5 5.289165756629691 16 
0009 0008 1666431270434029 74.0 -66.5 4.8351074434155406 16 
0009 0004 1666431270434930 290.5 -71.5 5.675728915176872 16 
0009 0014 1666431270436791 -26.0 -60.5 4.374913207049849 16 
0009 0007 1666431270438925 -182.25 -69.0 0.2270291566070749 16 
0009 0000 1666431270440094 21.9375 -66.0 1.3069516312785663 16 
0009 0015 1666431270440994 -13.0 -56.5 3.792000507653305 16 
0009 0002 1666431270472835 -8.0625 -75.0 1.282407938672396 16 
0009 0000 1666431270549956 13.0 -65.5 1.3069516312785663 16 
0009 0015 1666431270550870 -13.0 -56.5 3.77972866135022 16 
0009 0005 1666431270552279 -113.0625 -69.5 5.1725832167503825 16 
0009 0008 1666431270553175 -17.0625 -66.5 4.828971520263998 16 
0009 0014 1666431270554330 -39.0 -60.0 4.411728745959104 16 
0009 0007 1666431270555683 78.0625 -69.0 6.191146459906448 16 
0009 0004 1666431270556624 -43.125 -71.0 5.970253226450915 16 
0009 0002 1666431270579348 -6.5 -75.0 4.454680208019902 16 
0009 0007 1666431270660599 39.0 -69.5 0.03681553890925539 16 
0009 0000 1666431270662208 78.0625 -65.5 1.2946797849754812 16 
0009 0005 1666431270663346 26.0 -70.0 4.988505522204105 16 
0009 0014 1666431270666869 -43.125 -60.5 4.381049130201391 16 
0009 0008 1666431270668279 26.0 -66.5 4.8351074434155406 16 
0009 0015 1666431270669897 0.0 -56.0 3.767456815047135 16 
0009 0004 1666431270670887 152.125 -72.5 5.792311455056181 16 
0009 0002 1666431270694458 -7.3125 -75.0 4.503767593232243 16 
0009 0000 1666431270774358 -82.1875 -65.0 1.423534171157875 16 
0009 0015 1666431270776104 0.0 -56.0 3.7551849687440497 16 
0009 0008 1666431270777486 -52.0625 -66.5 4.828971520263998 16 
0009 0014 1666431270778895 -108.1875 -61.0 4.442408361716817 16 
0009 0004 1666431270780486 30.0625 -70.5 5.8475347634200645 16 
0009 0005 1666431270781625 -286.4375 -69.5 5.221670601962723 16 
0009 0007 1666431270783888 -65.0625 -69.0 0.006135923151542565 16 
0009 0002 1666431270808170 -12.1875 -75.5 1.3130875544301088 16 
0009 0004 1666431270887617 -121.25 -72.0 5.835262917116979 16 
0009 0008 1666431270890158 -8.9375 -67.0 4.865787059173254 16 
0009 0015 1666431270891101 26.0 -56.5 3.736777199289422 16 
0009 0000 1666431270892467 -43.125 -65.5 1.337631247036279 16 
0009 0014 1666431270893635 -100.0625 -60.5 4.4362724385652745 16 
0009 0005 1666431270894544 -8.9375 -70.0 4.871922982324796 16 
0009 0007 1666431270898398 21.9375 -69.5 0.02454369260617026 16 
0009 0002 1666431270924858 -5.625 -75.0 1.1596894756415448 16 
0009 0014 1666431271002142 -69.125 -60.0 4.3933209765044765 16 
0009 0005 1666431271003340 -108.1875 -71.0 5.043728830567988 16 
0009 0008 1666431271004492 -173.3125 -66.5 4.914874444385594 16 
0009 0007 1666431271006144 117.125 -69.0 6.191146459906448 16 
0009 0015 1666431271007581 -17.0625 -56.5 3.773592738198677 16 
0009 0004 1666431271011629 100.0625 -71.5 5.9518454569962875 16 
0009 0000 1666431271013678 147.25 -65.0 1.2640001692177683 16 
0009 0002 1666431271036025 -5.625 -75.5 1.3867186322486196 16 
0009 0007 1666431271126194 74.0 -70.0 6.019340611663256 16 
0009 0015 1666431271127573 -8.9375 -56.5 3.77972866135022 16 
0009 0005 1666431271128730 -65.0625 -69.5 5.135767677841127 16 
0009 0014 1666431271130322 -48.0 -60.5 4.417864669110647 16 
0009 0004 1666431271131731 -139.125 -71.5 6.019340611663256 16 
0009 0008 1666431271135573 -34.9375 -67.0 4.651029748869264 16 
0009 0000 1666431271138203 -195.25 -65.5 1.9266798695843652 16 
0009 0002 1666431271163469 0.0 -75.5 1.1903690913992575 16 
0009 0005 1666431271240773 139.125 -69.0 4.841243366567084 16 
0009 0014 1666431271243218 -48.0 -60.0 4.381049130201391 16 
0009 0015 1666431271244954 13.0 -56.0 3.7551849687440497 16 
0009 0000 1666431271246757 17.0625 -66.0 1.6260196351587797 16 
0009 0008 1666431271247897 100.0625 -66.5 4.509903516383785 16 
0009 0007 1666431271249818 -65.0625 -70.0 6.14819499784565 16 
0009 0004 1666431271254120 325.5 -71.5 5.632777453116074 16 
0009 0002 1666431271282482 20.25 -75.0 1.2701360923693108 16 
0009 0007 1666431271356547 -61.0 -69.5 6.234097921967246 16 
0009 0005 1666431271358561 95.1875 -69.0 4.890330751779424 16 
0009 0014 1666431271360181 8.9375 -60.5 4.3503695144436785 16 
0009 0004 1666431271361336 126.125 -70.5 5.8045833013592665 16 
0009 0015 1666431271363164 0.0 -56.5 3.767456815047135 16 
0009 0000 1666431271365417 95.1875 -65.0 1.533980787885641 16 
0009 0008 1666431271368061 21.9375 -66.0 4.657165672020807 16 
0009 0002 1666431271392301 4.0625 -75.0 1.214912784005428 16 
0009 0008 1666431271469750 -34.9375 -67.0 4.693981210930062 16 
0009 0014 1666431271471969 -26.0 -60.0 4.3503695144436785 16 
0009 0015 1666431271472839 21.9375 -56.5 3.724505352986337 16 
0009 0000 1666431271473799 104.125 -66.0 1.576932249946439 16 
0009 0005 1666431271474966 -199.375 -69.0 5.325981295538946 16 
0009 0007 1666431271479874 61.0 -69.0 6.191146459906448 16 
0009 0004 1666431271480800 13.0 -71.5 5.792311455056181 16 
0009 0002 1666431271501877 -21.1875 -76.0 1.337631247036279 16 
0009 0000 1666431271583547 -56.125 -66.0 1.718058482431918 16 
0009 0007 1666431271585340 121.25 -69.5 6.215690152512618 16 
0009 0015 1666431271586719 -8.9375 -56.5 3.785864584501762 16 
0009 0014 1666431271588071 17.0625 -60.5 4.3503695144436785 16 
0009 0004 1666431271589410 134.25 -71.0 5.957981380147831 16 
0009 0005 1666431271590847 78.0625 -69.5 4.896466674930966 16 
0009 0008 1666431271593902 -56.125 -68.0 4.743068596142402 16 
0009 0002 1666431271613814 -9.0 -75.0 1.2701360923693108 16 
0009 0007 1666431271698492 -117.125 -69.0 0.12885438618239387 16 
0009 0015 1666431271701126 -30.0625 -56.0 3.767456815047135 16 
0009 0014 1666431271703213 -69.125 -60.5 4.442408361716817 16 
0009 0005 1666431271704126 -69.125 -69.0 5.135767677841127 16 
0009 0004 1666431271705040 26.0 -69.5 5.915029918087033 16 
0009 0000 1666431271706054 48.0 -66.0 1.6321555583103222 16 
0009 0008 1666431271706954 -65.0625 -67.0 4.693981210930062 16 
0009 0002 1666431271736084 14.625 -75.5 1.0921943209745766 16 
0009 0014 1666431271812686 -17.0625 -60.5 4.362641360746763 16 
0009 0000 1666431271813602 -134.25 -67.0 1.945087639038993 16 
0009 0005 1666431271815905 117.125 -70.0 4.994641445355648 16 
0009 0004 1666431271818519 4.0625 -70.5 5.976389149602458 16 
0009 0015 1666431271819716 21.9375 -56.5 3.730641276137879 16 
0009 0007 1666431271820987 34.9375 -69.5 6.191146459906448 16 
0009 0008 1666431271821913 -65.0625 -67.0 4.828971520263998 16 
0009 0002 1666431271842347 4.875 -75.0 1.2578642460662257 16 
0009 0015 1666431271926284 17.0625 -56.0 3.730641276137879 16 
0009 0007 1666431271927710 -48.0 -70.0 6.209554229361076 16 
0009 0005 1666431271928638 -61.0 -70.0 5.049864753719531 16 
0009 0000 1666431271930062 56.125 -66.0 1.5953400194010667 16 
0009 0014 1666431271931458 -74.0 -60.5 4.460816131171445 16 
0009 0008 1666431271932853 61.0 -67.5 4.608078286808466 16 
0009 0004 1666431271936343 61.0 -70.0 5.884350302329319 16 
0009 0002 1666431271964639 22.6875 -75.0 1.1596894756415448 16 
0009 0014 1666431272038643 -56.125 -60.0 4.4362724385652745 16 
0009 0005 1666431272040639 121.25 -69.0 4.970097752749477 16 
0009 0000 1666431272043410 -39.0 -66.0 1.7671458676442586 16 
0009 0008 1666431272044464 26.0 -67.0 4.620350133111551 16 
0009 0007 1666431272045646 -8.9375 -70.0 0.09817477042468103 16 
0009 0015 1666431272046532 -21.9375 -56.0 3.767456815047135 16 
0009 0004 1666431272047802 -173.3125 -71.5 6.264777537724958 16 
0009 0002 1666431272063536 3.1875 -75.5 1.1903690913992575 16 
0009 0015 1666431272150117 -26.0 -56.0 3.785864584501762 16 
0009 0000 1666431272151304 -134.25 -66.0 1.9266798695843652 16 
0009 0008 1666431272153039 -52.0625 -67.0 4.755340442445488 16 
0009 0004 1666431272153966 65.0625 -70.0 5.872078456026235 16 
0009 0014 1666431272157803 -26.0 -60.5 4.387185053352934 16 
0009 0007 1666431272158746 -104.125 -70.5 0.12885438618239387 16 
0009 0005 1666431272160393 74.0 -70.5 5.019185137961818 16 
0009 0002 1666431272182072 -8.0625 -75.5 1.325359400733194 16 
0009 0007 1666431272262445 -65.0625 -69.5 0.02454369260617026 16 
0009 0008 1666431272264009 -43.125 -66.5 4.743068596142402 16 
0009 0000 1666431272264983 -87.0625 -66.5 1.7732817907958012 16 
0009 0014 1666431272266420 -17.0625 -60.0 4.399456899656019 16 
0009 0015 1666431272267560 -48.0 -56.0 3.816544200259475 16 
0009 0005 1666431272268940 30.0625 -69.5 5.013049214810275 16 
0009 0004 1666431272272290 108.1875 -71.0 5.964117303299373 16 
0009 0002 1666431272294508 12.9375 -75.0 4.374913207049849 16 
0009 0000 1666431272378630 30.0625 -66.0 1.6689710972195777 16 
0009 0014 1666431272382368 0.0 -60.5 4.362641360746763 16 
0009 0008 1666431272384316 -48.0 -68.0 4.651029748869264 16 
0009 0005 1666431272385198 -82.1875 -69.5 4.97623367590102 16 
0009 0015 1666431272387384 -48.0 -56.5 3.810408277107933 16 
0009 0007 1666431272388697 -52.0625 -70.0 0.018407769454627694 16 
0009 0004 1666431272389582 152.125 -70.0 5.8659425328746915 16 
0009 0002 1666431272405598 -8.0625 -75.5 1.2701360923693108 16 
0009 0004 1666431272493275 -260.375 -71.0 6.209554229361076 16 
0009 0015 1666431272494195 0.0 -56.0 3.761320891895592 16 
0009 0000 1666431272495143 39.0 -65.5 1.5830681730979816 16 
0009 0007 1666431272496314 195.25 -70.5 5.964117303299373 16 
0009 0014 1666431272497197 -21.9375 -60.5 4.424000592262189 16 
0009 0005 1666431272498494 100.0625 -69.0 4.847379289718626 16 
0009 0008 1666431272499405 -87.0625 -67.0 4.822835597112456 16 
0009 0002 1666431272520656 -1.625 -75.0 1.325359400733194 16 
