0009 0003 1666432148947183 -21.9375 -66.5 0.8651651643675016 17 
0009 0005 1666432148948297 39.0 -68.5 1.7855536370988863 17 
0009 0000 1666432148949209 21.9375 -67.0 1.3069516312785663 17 
0009 0014 1666432148950180 21.9375 -57.0 3.6999616603801666 17 
0009 0004 1666432148951065 -17.0625 -64.0 4.0987966652304335 17 
0009 0015 1666432148951922 117.125 -64.0 1.9266798695843652 17 
0009 0002 1666432148981892 16.3125 -73.5 1.055378782065321 17 
0009 0000 1666432149058839 61.0 -68.0 1.2578642460662257 17 
0009 0005 1666432149059807 21.9375 -68.0 1.7855536370988863 17 
0009 0004 1666432149063007 -34.9375 -64.0 4.129476280988146 17 
0009 0003 1666432149064984 95.1875 -67.5 0.7363107781851077 17 
0009 0015 1666432149067396 -30.0625 -64.0 2.055534255766759 17 
0009 0014 1666432149068307 -4.0625 -57.0 3.693825737228624 17 
0009 0002 1666432149090504 6.5 -74.5 1.1474176293384597 17 
0009 0004 1666432149170054 -43.125 -64.0 4.123340357836604 17 
0009 0015 1666432149174397 -173.3125 -64.0 2.110757564130642 17 
0009 0014 1666432149175705 30.0625 -57.0 3.6570101983193686 17 
0009 0003 1666432149177456 -126.125 -69.0 1.0062913968529805 17 
0009 0005 1666432149180121 -143.1875 -69.0 2.0064468705544187 17 
0009 0000 1666432149181006 78.0625 -68.5 1.1903690913992575 17 
0009 0002 1666432149198862 9.0 -74.5 4.3503695144436785 17 
0009 0005 1666432149283806 -17.0625 -67.5 1.8407769454627694 17 
0009 0004 1666432149286799 -4.0625 -64.0 4.04357335686655 17 
0009 0014 1666432149288054 17.0625 -57.0 3.6815538909255388 17 
0009 0003 1666432149289551 34.9375 -68.5 0.7853981633974483 17 
0009 0015 1666432149290464 -100.0625 -64.5 2.086213871524472 17 
0009 0000 1666432149291588 -4.0625 -68.0 1.337631247036279 17 
0009 0002 1666432149318498 9.75 -74.0 4.3074180523828804 17 
0009 0004 1666432149395138 43.125 -64.5 3.9699422790480394 17 
0009 0014 1666432149398927 8.9375 -57.0 3.6815538909255388 17 
0009 0002 1666432149401875 134.25 -73.0 4.104932588381976 17 
0009 0015 1666432149403640 -52.0625 -64.0 2.184388641949153 17 
0009 0000 1666432149404553 48.0 -68.0 1.337631247036279 17 
0009 0005 1666432149405568 108.1875 -68.0 1.7671458676442586 17 
0009 0003 1666432149406823 113.0625 -68.5 0.6442719309119693 17 
0009 0002 1666432149436006 -9.0 -74.5 1.141281706186917 17 
0009 0014 1666432149510016 26.0 -57.0 3.6570101983193686 17 
0009 0002 1666432149511170 -95.1875 -71.5 4.221515128261284 17 
0009 0004 1666432149515899 -43.125 -64.0 4.061981126321178 17 
0009 0005 1666432149517082 -65.0625 -68.0 1.945087639038993 17 
0009 0000 1666432149518366 56.125 -67.5 1.2701360923693108 17 
0009 0015 1666432149519251 -69.125 -64.5 2.0800779483729293 17 
0009 0003 1666432149520280 -139.125 -67.0 1.0492428589137786 17 
0009 0003 1666432149617019 100.0625 -68.5 0.7424467013366504 17 
0009 0005 1666432149620407 43.125 -69.5 1.8223691760081417 17 
0009 0014 1666432149622270 -8.9375 -57.0 3.693825737228624 17 
0009 0004 1666432149623906 -39.0 -64.5 4.0558452031696355 17 
0009 0000 1666432149624821 -65.0625 -68.5 1.3928545554001621 17 
0009 0015 1666432149626174 82.1875 -64.0 1.9389517158874505 17 
0009 0002 1666432149627114 82.1875 -72.0 3.9760782021995817 17 
0009 0000 1666432149724869 21.9375 -68.0 1.3499030933393643 17 
0009 0014 1666432149727430 -34.9375 -57.0 3.730641276137879 17 
0009 0003 1666432149729165 -17.0625 -67.5 0.944932165337555 17 
0009 0015 1666432149730092 4.0625 -64.5 2.1046216409791 17 
0009 0004 1666432149731007 -87.0625 -64.0 4.1172044346850605 17 
0009 0005 1666432149731864 -130.1875 -67.5 2.024854640009046 17 
0009 0002 1666432149760530 9.75 -74.0 1.0369710126106935 17 
0009 0003 1666432149834874 -21.9375 -69.5 0.9019807032767571 17 
0009 0005 1666432149836143 -8.9375 -67.5 1.7855536370988863 17 
0009 0004 1666432149837268 -74.0 -64.0 4.135612204139688 17 
0009 0000 1666432149838196 69.125 -69.0 1.2762720155208536 17 
0009 0014 1666432149839859 8.9375 -57.0 3.6570101983193686 17 
0009 0015 1666432149843527 -65.0625 -65.0 2.1475731030398975 17 
0009 0002 1666432149845631 65.0625 -72.5 4.080388895775806 17 
0009 0002 1666432149867588 -2.4375 -74.5 1.000155473701438 17 
0009 0014 1666432149947327 8.9375 -57.0 3.6692820446224537 17 
0009 0004 1666432149949587 21.9375 -63.5 4.01902966426038 17 
0009 0000 1666432149951158 39.0 -68.5 1.3192234775816514 17 
0009 0015 1666432149952895 -13.0 -65.0 2.0493983326152168 17 
0009 0005 1666432149955391 -139.125 -69.0 2.043262409463674 17 
0009 0003 1666432149956430 21.9375 -68.5 0.8651651643675016 17 
0009 0002 1666432149980304 -1.625 -74.0 4.129476280988146 17 
0009 0000 1666432150059221 -26.0 -68.0 1.5155730184310134 17 
0009 0004 1666432150061546 -13.0 -63.5 4.0558452031696355 17 
0009 0003 1666432150062429 8.9375 -68.0 0.8528933180644165 17 
0009 0014 1666432150063386 13.0 -57.0 3.650874275167826 17 
0009 0005 1666432150065504 39.0 -68.0 1.7671458676442586 17 
0009 0015 1666432150066630 52.0625 -65.0 2.0493983326152168 17 
0009 0002 1666432150085888 -17.0625 -74.0 1.141281706186917 17 
0009 0004 1666432150174333 -39.0 -63.5 4.1172044346850605 17 
0009 0000 1666432150175333 -143.1875 -69.5 1.3560390164909069 17 
0009 0015 1666432150176260 -74.0 -64.5 2.116893487282185 17 
0009 0003 1666432150177442 56.125 -68.5 0.760854470791278 17 
0009 0005 1666432150178570 260.375 -68.5 1.5707963267948966 17 
0009 0014 1666432150179495 21.9375 -57.0 3.6447383520162835 17 
0009 0002 1666432150198800 -1.625 -74.5 1.0921943209745766 17 
0009 0000 1666432150282907 -78.0625 -70.0 1.509437095279471 17 
0009 0014 1666432150285884 21.9375 -57.0 3.6570101983193686 17 
0009 0004 1666432150287918 21.9375 -63.5 4.080388895775806 17 
0009 0015 1666432150288946 -74.0 -64.5 2.055534255766759 17 
0009 0003 1666432150291942 -152.125 -68.5 1.0062913968529805 17 
0009 0005 1666432150293138 -316.5 -68.5 2.2027964114037806 17 
0009 0002 1666432150317732 -1.625 -74.0 4.246058820867455 17 
0009 0014 1666432150398114 -8.9375 -57.0 3.6692820446224537 17 
0009 0015 1666432150400325 -43.125 -65.0 2.1046216409791 17 
0009 0004 1666432150402827 13.0 -63.5 4.037437433715008 17 
0009 0005 1666432150403714 -78.0625 -68.5 1.9389517158874505 17 
0009 0003 1666432150404626 -61.0 -68.5 0.8651651643675016 17 
0009 0000 1666432150406009 -230.25 -70.0 1.5892040962495242 17 
0009 0002 1666432150426702 -1.625 -74.5 1.043106935762236 17 
0009 0000 1666432150509277 -61.0 -70.0 1.4603497100671303 17 
0009 0003 1666432150512534 134.25 -69.0 0.8467573949128739 17 
0009 0015 1666432150514271 39.0 -64.0 1.9941750242513334 17 
0009 0004 1666432150515157 30.0625 -64.0 4.031301510563465 17 
0009 0005 1666432150516071 -39.0 -67.5 1.9389517158874505 17 
0009 0014 1666432150517012 39.0 -57.0 3.6140587362585705 17 
0009 0002 1666432150544451 9.75 -74.0 1.0369710126106935 17 
0009 0000 1666432150625196 152.125 -69.5 1.239456476611598 17 
0009 0004 1666432150627384 78.0625 -63.5 4.04357335686655 17 
0009 0003 1666432150628297 143.1875 -69.5 0.7240389318820226 17 
0009 0015 1666432150629238 34.9375 -65.0 2.086213871524472 17 
0009 0014 1666432150630391 4.0625 -57.0 3.663146121470911 17 
0009 0005 1666432150633626 104.125 -68.5 1.761009944492716 17 
0009 0002 1666432150656414 -2.4375 -74.0 1.0737865515199487 17 
0009 0000 1666432150736642 121.25 -68.5 1.2087768608538851 17 
0009 0004 1666432150745373 8.9375 -63.5 4.049709280018092 17 
0009 0005 1666432150746715 -100.0625 -68.0 2.0064468705544187 17 
0009 0014 1666432150749278 4.0625 -57.0 3.6140587362585705 17 
0009 0002 1666432150750535 -322.25 -71.5 4.534447208989955 17 
0009 0003 1666432150751457 -4.0625 -69.0 0.8713010875190442 17 
0009 0015 1666432150753294 30.0625 -64.5 2.067806102069844 17 
0009 0000 1666432150852640 -100.0625 -67.5 1.4419419406125027 17 
0009 0015 1666432150855241 13.0 -64.5 2.0371264863121317 17 
0009 0014 1666432150856454 -30.0625 -57.0 3.6754179677739964 17 
0009 0005 1666432150857396 139.125 -67.5 1.7732817907958012 17 
0009 0004 1666432150858788 -39.0 -64.0 4.104932588381976 17 
0009 0003 1666432150859842 -39.0 -68.5 1.012427320004523 17 
0009 0002 1666432150877038 85.8125 -73.0 0.859029241215959 17 
0009 0014 1666432150966666 4.0625 -57.0 3.6263305825616556 17 
0009 0015 1666432150968433 -13.0 -64.5 2.0371264863121317 17 
0009 0003 1666432150972198 39.0 -69.5 0.859029241215959 17 
0009 0004 1666432150973193 0.0 -63.5 4.031301510563465 17 
0009 0002 1666432150976016 -74.0 -73.0 4.086524818927348 17 
0009 0005 1666432150977336 74.0 -68.5 1.748738098189631 17 
0009 0000 1666432150978477 39.0 -68.5 1.4051264017032472 17 
0009 0000 1666432151076532 117.125 -68.5 1.282407938672396 17 
0009 0005 1666432151078734 -61.0 -68.0 1.9205439464328227 17 
0009 0015 1666432151080004 -126.125 -64.0 2.1782527187976104 17 
0009 0004 1666432151081186 121.25 -63.5 3.865631585471816 17 
0009 0014 1666432151082097 4.0625 -56.5 3.6570101983193686 17 
0009 0003 1666432151084147 65.0625 -68.5 0.7301748550335652 17 
0009 0002 1666432151085058 61.0 -73.0 4.061981126321178 17 
0009 0005 1666432151184311 -199.375 -67.5 2.1475731030398975 17 
0009 0004 1666432151186273 78.0625 -62.0 4.086524818927348 17 
0009 0003 1666432151189451 -147.25 -70.5 0.944932165337555 17 
0009 0002 1666432151190434 -65.0625 -72.5 4.086524818927348 17 
0009 0014 1666432151191330 8.9375 -56.5 3.5895150436524004 17 
0009 0015 1666432151192400 4.0625 -65.0 1.9757672547967058 17 
0009 0000 1666432151212361 -15.375 -72.0 5.307573526084319 17 
0009 0009 1666432151279298 6.375 -75.0 0.46019423636569234 17 
0009 0004 1666432151302148 -34.9375 -60.5 4.491495746929157 17 
0009 0000 1666432151303149 -182.25 -70.5 4.104932588381976 17 
0009 0014 1666432151304091 52.0625 -56.5 3.436116964863836 17 
0009 0005 1666432151305966 -87.0625 -67.5 2.3746022596469727 17 
0009 0009 1666432151307135 -286.4375 -71.0 3.988350048502667 17 
0009 0015 1666432151308061 82.1875 -67.0 2.0371264863121317 17 
0009 0002 1666432151310322 52.0625 -70.5 4.1417481272912315 17 
0009 0000 1666432151410554 -95.1875 -62.5 4.632621979414636 17 
0009 0004 1666432151411480 -91.125 -63.0 5.313709449235861 17 
0009 0009 1666432151412847 -26.0 -64.5 3.9453985864418692 17 
0009 0015 1666432151416468 61.0 -66.5 2.2396119503130363 17 
0009 0014 1666432151417409 43.125 -56.5 3.4054373491061236 17 
0009 0008 1666432151432221 0.0 -69.0 5.66959299202533 17 
0009 0002 1666432151457434 -11.4375 -75.0 2.313243028131547 17 
0009 0013 1666432151465185 3.1875 -78.5 5.786175531904639 17 
0009 0015 1666432151535670 -8.9375 -65.5 2.2150682577068657 17 
0009 0004 1666432151536881 -13.0 -64.0 1.1903690913992575 17 
0009 0008 1666432151539069 -26.0 -58.0 2.3623304133438876 17 
0009 0000 1666432151540570 0.0 -69.5 4.522175362686871 17 
0009 0009 1666432151541912 21.9375 -58.5 3.785864584501762 17 
0009 0014 1666432151543346 0.0 -56.5 3.5036121195308043 17 
0009 0002 1666432151544916 -78.0625 -71.5 5.460971604872882 17 
0009 0003 1666432151566769 9.75 -72.5 1.3499030933393643 17 
0009 0013 1666432151576119 -35.8125 -77.5 2.6813984172241008 17 
0009 0014 1666432151653744 21.9375 -57.0 3.3747577333484107 17 
0009 0011 1666432151654899 -34.9375 -69.0 0.1718058482431918 17 
0009 0015 1666432151656322 87.0625 -64.0 2.313243028131547 17 
0009 0007 1666432151657675 48.0 -70.5 2.552544031041707 17 
0009 0009 1666432151658616 -13.0 -60.0 3.3870295796514958 17 
0009 0003 1666432151660006 -4.0625 -70.0 2.2457478734645786 17 
0009 0010 1666432151661461 -256.3125 -70.0 3.4177091954092087 17 
0009 0004 1666432151662854 -26.0 -61.0 0.9510680884890975 17 
0009 0008 1666432151664515 26.0 -60.5 1.0062913968529805 17 
0009 0002 1666432151665895 -156.1875 -71.5 3.098641191528995 17 
0009 0005 1666432151699353 -10.5 -74.0 4.454680208019902 17 
0009 0006 1666432151705415 4.875 -74.5 1.6566992509164924 17 
0009 0013 1666432151708335 25.125 -77.0 5.3627968344482015 17 
0009 0004 1666432151784943 -82.1875 -59.5 0.030679615757712823 17 
0009 0007 1666432151786171 -56.125 -69.0 2.073942025221387 17 
0009 0009 1666432151787112 -13.0 -65.0 3.4177091954092087 17 
0009 0011 1666432151788026 91.125 -71.0 5.418020142812084 17 
0009 0015 1666432151788896 -26.0 -65.0 2.1905245651006955 17 
0009 0003 1666432151790292 -186.3125 -71.5 0.39269908169872414 17 
0009 0010 1666432151792194 -87.0625 -65.0 3.902447124381071 17 
0009 0008 1666432151793813 8.9375 -65.0 5.810719224510809 17 
0009 0002 1666432151795192 -4.0625 -69.5 0.09817477042468103 17 
0009 0005 1666432151796844 -30.0625 -69.0 6.043884304269426 17 
0009 0014 1666432151798492 17.0625 -57.0 3.356349963893783 17 
0009 0006 1666432151802033 -173.3125 -71.0 4.595806440505381 17 
0009 0013 1666432151826334 -10.5 -77.5 2.098485717827557 17 
0009 0002 1666432151903221 -43.125 -68.5 4.994641445355648 17 
0009 0004 1666432151904657 13.0 -60.0 5.313709449235861 17 
0009 0006 1666432151906037 -208.3125 -71.0 4.608078286808466 17 
0009 0005 1666432151909934 61.0 -66.0 4.81056375080937 17 
0009 0009 1666432151911232 -21.9375 -65.5 3.6263305825616556 17 
0009 0010 1666432151912143 17.0625 -63.5 3.890175278077986 17 
0009 0014 1666432151913312 26.0 -56.5 3.3072625786814425 17 
0009 0007 1666432151914451 -8.9375 -68.0 1.5401167110371838 17 
0009 0015 1666432151915366 -56.125 -65.0 2.3439226438892597 17 
0009 0008 1666432151917526 39.0 -67.0 5.037592907416445 17 
0009 0013 1666432151933578 -16.3125 -78.0 5.338253141842031 17 
0009 0011 1666432151966393 -5.625 -75.5 5.786175531904639 17 
0009 0004 1666432152023488 -8.9375 -60.0 4.638757902566179 17 
0009 0014 1666432152024387 13.0 -57.0 3.2765829629237295 17 
0009 0005 1666432152026876 -48.0 -63.0 4.264466590322082 17 
0009 0010 1666432152028452 43.125 -62.5 4.086524818927348 17 
0009 0015 1666432152029335 -17.0625 -64.0 2.227340104009951 17 
0009 0007 1666432152030264 78.0625 -67.0 1.0246991663076084 17 
0009 0009 1666432152031418 -17.0625 -66.0 3.1906800388021335 17 
0009 0006 1666432152033792 -87.0625 -71.5 4.172427743048944 17 
0009 0008 1666432152036833 147.25 -70.5 4.28287435977671 17 
0009 0013 1666432152062323 -2.4375 -77.0 2.1905245651006955 17 
0009 0011 1666432152139232 -0.875 -75.0 0.7424467013366504 17 
0009 0002 1666432152148133 1.5 -76.0 2.0371264863121317 17 
0009 0009 1666432152156884 -26.0 -66.5 2.988194574801229 17 
0009 0004 1666432152158189 0.0 -61.0 4.2092432819582 17 
0009 0007 1666432152159137 -39.0 -66.5 0.7853981633974483 17 
0009 0010 1666432152160105 -74.0 -61.5 4.675573441475434 17 
0009 0006 1666432152162474 78.0625 -70.5 3.6263305825616556 17 
0009 0005 1666432152163608 0.0 -62.0 3.454524734318464 17 
0009 0015 1666432152164512 30.0625 -64.0 2.1598449493429825 17 
0009 0014 1666432152165694 17.0625 -57.0 3.2888548092268146 17 
0009 0013 1666432152208633 -11.4375 -77.5 2.172116795646068 17 
0009 0011 1666432152213435 21.9375 -74.0 3.9576704327449543 17 
0009 0008 1666432152289531 3.6875 -75.0 0.7976700097005334 17 
0009 0009 1666432152319397 4.0625 -66.5 2.6200391857086753 17 
0009 0010 1666432152321417 -8.9375 -60.5 4.792155981354743 17 
0009 0013 1666432152323040 -1041.625 -75.0 3.0066023442558567 17 
0009 0005 1666432152323962 8.9375 -61.0 2.9943304979527716 17 
0009 0004 1666432152325101 21.9375 -61.5 3.6447383520162835 17 
0009 0006 1666432152326286 -65.0625 -71.5 3.7551849687440497 17 
0009 0007 1666432152327695 -234.3125 -66.0 0.6933593161243098 17 
0009 0014 1666432152329090 -4.0625 -57.5 3.2704470397721868 17 
0009 0015 1666432152329978 -52.0625 -63.5 2.2212041808584084 17 
0009 0011 1666432152332984 0.0 -71.5 0.9265243958829272 17 
0009 0009 1666432152430202 126.125 -66.5 2.2518837966161214 17 
0009 0015 1666432152431101 -43.125 -63.5 2.2764274892222915 17 
0009 0006 1666432152433902 78.0625 -70.0 3.429981041712294 17 
0009 0007 1666432152434930 -69.125 -66.5 0.28838838812250056 17 
0009 0014 1666432152436295 13.0 -57.0 3.2888548092268146 17 
0009 0005 1666432152438917 61.0 -61.5 2.773437264497239 17 
0009 0010 1666432152440831 0.0 -59.5 4.8351074434155406 17 
0009 0004 1666432152441734 61.0 -62.0 3.1784081924990484 17 
0009 0011 1666432152442831 26.0 -72.0 0.9572040116406401 17 
0009 0013 1666432152464337 -16.3125 -78.0 2.0923497946760143 17 
0009 0007 1666432152543309 39.0 -68.0 0.1595340019401067 17 
0009 0004 1666432152544543 0.0 -62.5 3.08636934522591 17 
0009 0006 1666432152546540 -65.0625 -69.5 3.2888548092268146 17 
0009 0010 1666432152548303 -43.125 -59.5 5.013049214810275 17 
0009 0009 1666432152549205 -56.125 -67.0 2.36846633649543 17 
0009 0015 1666432152550699 34.9375 -64.0 2.1966604882522383 17 
0009 0014 1666432152552033 -21.9375 -57.0 3.32567034813607 17 
0009 0005 1666432152552917 39.0 -61.5 2.6998061866787286 17 
0009 0011 1666432152554637 -82.1875 -71.5 1.0799224746714913 17 
0009 0013 1666432152569457 57.8125 -78.0 1.7916895602504288 17 
0009 0014 1666432152667540 0.0 -57.0 3.313398501832985 17 
0009 0007 1666432152668802 100.0625 -66.0 0.30679615757712825 17 
0009 0009 1666432152670793 69.125 -67.5 2.2089323345553233 17 
0009 0010 1666432152671690 17.0625 -59.5 5.307573526084319 17 
0009 0015 1666432152673120 52.0625 -64.0 2.2396119503130363 17 
0009 0011 1666432152676341 82.1875 -71.0 1.2210487071569704 17 
0009 0005 1666432152678615 -91.125 -61.5 2.9943304979527716 17 
0009 0006 1666432152680898 8.9375 -69.0 3.6447383520162835 17 
0009 0004 1666432152682054 30.0625 -62.0 3.074097498922825 17 
0009 0013 1666432152707406 -4.875 -77.5 2.1598449493429825 17 
0009 0008 1666432152769481 -0.875 -75.0 6.129787228391022 17 
0009 0005 1666432152802475 -91.125 -61.5 3.031146036862027 17 
0009 0011 1666432152803828 113.0625 -71.0 1.3621749396424494 17 
0009 0014 1666432152804751 -13.0 -57.0 3.3011266555298997 17 
0009 0006 1666432152805695 -225.375 -72.0 3.890175278077986 17 
0009 0004 1666432152806800 -56.125 -61.5 3.1784081924990484 17 
0009 0010 1666432152807967 -61.0 -59.5 5.411884219660542 17 
0009 0007 1666432152808867 -39.0 -67.0 0.5092816215780329 17 
0009 0015 1666432152809752 82.1875 -64.5 2.1230294104337273 17 
0009 0009 1666432152812312 -61.0 -68.0 2.466641106920111 17 
0009 0013 1666432152830222 -9.0 -78.0 2.0800779483729293 17 
0009 0008 1666432152890653 -10.9375 -75.5 6.252505691421874 17 
0009 0007 1666432152941394 -82.1875 -66.5 0.5399612373357456 17 
0009 0004 1666432152942659 -4.0625 -62.0 2.9943304979527716 17 
0009 0014 1666432152943816 -61.0 -57.5 3.3870295796514958 17 
0009 0005 1666432152944956 -65.0625 -61.5 3.08636934522591 17 
0009 0010 1666432152946631 -52.0625 -60.0 5.436427912266712 17 
0009 0011 1666432152948235 13.0 -71.0 1.3744467859455345 17 
0009 0015 1666432152949659 13.0 -64.0 2.2150682577068657 17 
0009 0006 1666432152950942 69.125 -70.0 3.3747577333484107 17 
0009 0009 1666432152952990 -56.125 -68.0 2.3316507975861747 17 
0009 0013 1666432152977517 -3.1875 -78.0 2.2457478734645786 17 
0009 0008 1666432152997309 3.0 -75.5 6.154330920997192 17 
0009 0007 1666432153066344 48.0 -66.5 0.48473792897186263 17 
0009 0005 1666432153068320 21.9375 -62.0 3.0802334220743677 17 
0009 0010 1666432153069261 -82.1875 -60.5 5.424156065963627 17 
0009 0006 1666432153072038 130.1875 -68.5 3.2029518851052186 17 
0009 0009 1666432153072910 48.0 -69.0 2.3439226438892597 17 
0009 0015 1666432153074276 91.125 -64.0 2.1353012567368124 17 
0009 0004 1666432153076332 21.9375 -61.5 2.9759227284981438 17 
0009 0014 1666432153077213 0.0 -57.0 3.32567034813607 17 
0009 0011 1666432153078900 -69.125 -72.5 1.227184630308513 17 
0009 0008 1666432153105611 -0.75 -75.0 6.270913460876501 17 
0009 0013 1666432153115171 33.375 -77.5 1.8960002538266525 17 
0009 0014 1666432153190807 17.0625 -57.0 3.3011266555298997 17 
0009 0009 1666432153191964 82.1875 -67.0 2.1905245651006955 17 
0009 0005 1666432153192862 13.0 -62.0 3.098641191528995 17 
0009 0007 1666432153194544 34.9375 -67.0 0.48473792897186263 17 
0009 0010 1666432153195695 13.0 -60.5 5.2768939103266055 17 
0009 0015 1666432153196565 4.0625 -63.5 2.2641556429192065 17 
0009 0004 1666432153198002 -74.0 -61.5 3.1784081924990484 17 
0009 0006 1666432153199623 169.25 -69.5 3.1784081924990484 17 
0009 0011 1666432153201220 69.125 -71.5 1.2885438618239387 17 
0009 0013 1666432153231575 9.75 -78.0 2.1230294104337273 17 
0009 0008 1666432153237695 13.875 -74.5 6.166602767300278 17 
0009 0009 1666432153318469 -43.125 -67.0 2.4175537217077703 17 
0009 0015 1666432153319410 -30.0625 -64.0 2.380738182798515 17 
0009 0006 1666432153322112 -182.25 -69.5 3.6017868899554855 17 
0009 0014 1666432153323247 8.9375 -57.5 3.32567034813607 17 
0009 0004 1666432153324177 -30.0625 -61.5 3.2090878082567613 17 
0009 0005 1666432153325104 -78.0625 -62.5 3.2090878082567613 17 
0009 0010 1666432153326000 26.0 -60.0 5.21553467881118 17 
0009 0007 1666432153327890 -8.9375 -66.5 0.44178646691106466 17 
0009 0011 1666432153330177 -21.9375 -73.0 1.214912784005428 17 
0009 0013 1666432153358696 39.8125 -77.5 5.006913291658733 17 
0009 0008 1666432153360807 7.3125 -73.5 0.04295146206079795 17 
0009 0014 1666432153437327 -17.0625 -57.0 3.356349963893783 17 
0009 0005 1666432153438311 4.0625 -62.5 3.172272269347506 17 
0009 0009 1666432153439513 -30.0625 -67.0 2.3623304133438876 17 
0009 0006 1666432153441391 165.1875 -69.0 3.141592653589793 17 
0009 0015 1666432153442601 117.125 -64.0 2.2212041808584084 17 
0009 0007 1666432153443514 43.125 -66.0 0.5338253141842031 17 
0009 0010 1666432153445176 13.0 -60.5 5.227806525114265 17 
0009 0004 1666432153446033 -34.9375 -61.0 3.2827188860752723 17 
0009 0011 1666432153450356 -52.0625 -71.0 1.2087768608538851 17 
0009 0008 1666432153458850 117.125 -72.0 3.000466421104314 17 
0009 0013 1666432153480121 26.8125 -78.0 4.963961829597935 17 
0009 0006 1666432153558677 -87.0625 -68.5 3.442252888015379 17 
0009 0007 1666432153559580 134.25 -66.5 0.4540583132141498 17 
0009 0015 1666432153560762 30.0625 -63.5 2.2396119503130363 17 
0009 0005 1666432153563518 -39.0 -62.0 3.2704470397721868 17 
0009 0008 1666432153564809 13.0 -71.0 3.1968159619536762 17 
0009 0014 1666432153565738 -26.0 -57.5 3.3440781175906977 17 
0009 0010 1666432153566861 -13.0 -60.5 5.209398755659637 17 
0009 0004 1666432153568253 -13.0 -60.5 3.2888548092268146 17 
0009 0011 1666432153569540 217.25 -71.5 1.184233168247715 17 
0009 0009 1666432153570705 -100.0625 -66.0 2.521864415283994 17 
0009 0013 1666432153592418 -2.4375 -78.0 2.1659808724945253 17 
0009 0004 1666432153670601 -13.0 -61.0 3.2827188860752723 17 
0009 0014 1666432153671954 26.0 -57.0 3.313398501832985 17 
0009 0005 1666432153673149 -91.125 -62.0 3.313398501832985 17 
0009 0015 1666432153674302 -21.9375 -64.0 2.337786720737717 17 
0009 0010 1666432153676952 39.0 -60.5 5.148039524144211 17 
0009 0007 1666432153677866 39.0 -66.5 0.5583690067903734 17 
0009 0009 1666432153679020 -56.125 -66.0 2.5832236467994196 17 
0009 0011 1666432153682257 113.0625 -73.0 1.2210487071569704 17 
0009 0006 1666432153686625 -30.0625 -69.5 3.2336315008629315 17 
0009 0008 1666432153687539 -117.125 -71.0 3.5158839658338894 17 
0009 0013 1666432153704734 4.0625 -77.5 5.037592907416445 17 
0009 0015 1666432153785990 82.1875 -64.0 2.110757564130642 17 
0009 0010 1666432153786918 52.0625 -60.5 5.123495831538041 17 
0009 0009 1666432153789200 -21.9375 -66.0 2.5402721847386216 17 
0009 0011 1666432153790129 143.1875 -71.5 1.2087768608538851 17 
0009 0005 1666432153791494 26.0 -62.0 3.2029518851052186 17 
0009 0004 1666432153793847 26.0 -61.0 3.2827188860752723 17 
0009 0014 1666432153795031 -39.0 -57.0 3.399301425954581 17 
0009 0008 1666432153796096 82.1875 -73.5 3.0925052683774528 17 
0009 0006 1666432153797420 -56.125 -69.5 3.3624858870453256 17 
0009 0007 1666432153799427 -39.0 -66.5 0.6565437772150544 17 
0009 0013 1666432153817079 -2.4375 -78.5 5.111223985234957 17 
