0009 0001 1666433476446091 -8.9375 -72.0 6.17273869045182 20 
0009 0010 1666433476447331 48.0 -69.0 2.7550294950426117 20 
0009 0004 1666433476448730 78.0625 -67.0 0.9081166264282996 20 
0009 0012 1666433476472518 39.8125 -77.0 5.1725832167503825 20 
0009 0014 1666433476483158 -24.375 -76.5 4.994641445355648 20 
0009 0007 1666433476485396 -9.0 -75.5 0.9142525495798421 20 
0009 0010 1666433476564026 -260.375 -69.5 3.0372819600135696 20 
0009 0004 1666433476565975 69.125 -67.0 0.9694758579437253 20 
0009 0001 1666433476573570 386.5 -74.0 5.71868037723767 20 
0009 0012 1666433476610821 -29.25 -78.0 5.534602682691394 20 
0009 0007 1666433476615000 -12.1875 -75.5 1.0246991663076084 20 
0009 0014 1666433476619069 21.1875 -77.0 1.7119225592803755 20 
0009 0010 1666433476698840 95.1875 -69.0 2.6875343403756435 20 
0009 0004 1666433476700379 -17.0625 -68.0 1.0062913968529805 20 
0009 0001 1666433476701928 -4.0625 -73.5 5.71868037723767 20 
0009 0007 1666433476732095 21.1875 -75.0 0.8344855486097889 20 
0009 0014 1666433476736861 -10.5 -77.0 5.043728830567988 20 
0009 0012 1666433476745117 -22.6875 -78.0 2.380738182798515 20 
0009 0004 1666433476819187 108.1875 -67.5 0.9756117810952678 20 
0009 0001 1666433476824873 -113.0625 -71.5 6.111379458936394 20 
0009 0010 1666433476827886 -139.125 -69.0 2.7857091108003242 20 
0009 0007 1666433476858476 -21.9375 -75.5 1.012427320004523 20 
0009 0014 1666433476862694 -17.8125 -77.0 5.0682725231741586 20 
0009 0012 1666433476893054 -10.5 -78.5 5.43029198911517 20 
0009 0001 1666433476952937 39.0 -72.5 5.939573610693203 20 
0009 0004 1666433476955170 -39.0 -67.0 0.9694758579437253 20 
0009 0010 1666433476957611 -4.0625 -69.0 2.767301341345697 20 
0009 0007 1666433476990995 11.4375 -75.0 1.000155473701438 20 
0009 0014 1666433476995197 -17.0625 -77.5 5.135767677841127 20 
0009 0012 1666433476997381 -26.8125 -78.0 5.424156065963627 20 
0009 0004 1666433477081303 108.1875 -67.5 0.9694758579437253 20 
0009 0001 1666433477084414 -559.875 -73.0 0.3374757733348411 20 
0009 0010 1666433477087361 208.3125 -69.5 2.423689644859313 20 
0009 0012 1666433477117917 -33.375 -78.0 5.50392306693368 20 
0009 0007 1666433477121975 9.75 -75.5 1.0062913968529805 20 
0009 0014 1666433477131478 -6.5 -77.0 5.056000676871073 20 
0009 0010 1666433477207036 -186.3125 -69.0 3.0495538063166547 20 
0009 0004 1666433477208844 61.0 -68.0 0.9572040116406401 20 
0009 0001 1666433477211446 -26.0 -71.0 6.019340611663256 20 
0009 0001 1666433477240438 29.25 -74.0 5.872078456026235 20 
0009 0012 1666433477252102 33.375 -78.0 5.252350217720435 20 
0009 0014 1666433477257022 -12.9375 -77.5 5.178719139901925 20 
0009 0007 1666433477282434 -0.75 -75.5 0.9265243958829272 20 
0009 0004 1666433477338724 104.125 -67.0 0.9265243958829272 20 
0009 0001 1666433477340503 -34.9375 -71.5 5.994796919057086 20 
0009 0010 1666433477341400 43.125 -68.5 2.7857091108003242 20 
0009 0014 1666433477377891 10.5 -77.5 4.970097752749477 20 
0009 0012 1666433477390467 -4.875 -79.0 5.356660911296659 20 
0009 0007 1666433477406480 -5.3125 -75.0 4.215379205109742 20 
0009 0010 1666433477466379 78.0625 -68.5 2.411417798556228 20 
0009 0004 1666433477468922 -8.9375 -68.0 1.055378782065321 20 
0009 0001 1666433477471113 -134.25 -72.0 6.086835766330224 20 
0009 0014 1666433477504542 -34.125 -77.5 5.111223985234957 20 
0009 0007 1666433477527845 1.625 -75.5 0.9142525495798421 20 
0009 0012 1666433477546596 0.0 -79.0 2.2580197197676637 20 
0009 0010 1666433477601619 -4.0625 -70.0 2.6445828783148455 20 
0009 0004 1666433477605042 -74.0 -67.0 1.214912784005428 20 
0009 0001 1666433477611234 -48.0 -71.0 6.111379458936394 20 
0009 0001 1666433477646179 4.0625 -74.0 5.902758071783947 20 
0009 0014 1666433477656488 -47.125 -77.5 1.8775924843720249 20 
0009 0007 1666433477683709 -0.4375 -75.0 4.246058820867455 20 
0009 0012 1666433477695223 4.375 -79.0 5.338253141842031 20 
0009 0001 1666433477746820 26.0 -72.0 6.129787228391022 20 
0009 0004 1666433477748343 117.125 -67.0 0.8774370106705868 20 
0009 0010 1666433477750639 212.375 -70.0 2.423689644859313 20 
0009 0014 1666433477785401 10.5 -77.0 5.006913291658733 20 
0009 0012 1666433477797293 -11.4375 -79.0 5.473243451175968 20 
0009 0007 1666433477816633 2.875 -75.0 0.9878836273983529 20 
0009 0001 1666433477867082 34.9375 -72.0 5.8045833013592665 20 
0009 0010 1666433477867951 95.1875 -70.0 2.6691265709210157 20 
0009 0004 1666433477874481 113.0625 -67.0 0.8160777791551611 20 
0009 0001 1666433477893955 -0.75 -74.0 5.890486225480862 20 
0009 0014 1666433477914511 -31.6875 -77.0 5.092816215780329 20 
0009 0012 1666433477921547 -4.375 -79.0 5.3627968344482015 20 
0009 0007 1666433477925326 -5.3125 -75.0 0.9878836273983529 20 
0009 0004 1666433477999780 78.0625 -68.0 0.9142525495798421 20 
0009 0010 1666433478002902 -69.125 -69.5 2.816388726558037 20 
0009 0001 1666433478004363 34.9375 -72.5 6.166602767300278 20 
0009 0014 1666433478033566 -11.4375 -77.0 5.013049214810275 20 
0009 0012 1666433478058538 -4.375 -79.0 5.418020142812084 20 
0009 0007 1666433478072155 8.0625 -75.5 0.9633399347921826 20 
0009 0010 1666433478131692 0.0 -69.5 2.6875343403756435 20 
0009 0001 1666433478132667 -74.0 -72.0 6.037748381117884 20 
0009 0004 1666433478134670 21.9375 -67.0 1.012427320004523 20 
0009 0014 1666433478169986 -22.6875 -77.5 4.945554060143307 20 
0009 0007 1666433478189767 -8.5 -75.0 4.135612204139688 20 
0009 0012 1666433478203625 -6.8125 -79.5 5.460971604872882 20 
0009 0001 1666433478269745 -56.125 -71.0 5.976389149602458 20 
0009 0010 1666433478270757 104.125 -69.0 2.662990647769473 20 
0009 0004 1666433478273707 -4.0625 -67.5 0.9387962421860124 20 
0009 0007 1666433478303528 16.3125 -75.0 0.8835729338221293 20 
0009 0012 1666433478311612 -53.6875 -78.5 5.411884219660542 20 
0009 0014 1666433478315806 4.875 -77.5 4.884194828627882 20 
0009 0010 1666433478396921 -69.125 -69.5 2.6323110320117604 20 
0009 0004 1666433478398487 121.25 -67.5 0.8651651643675016 20 
0009 0001 1666433478400203 -165.1875 -73.0 6.129787228391022 20 
0009 0014 1666433478429343 12.9375 -77.5 4.963961829597935 20 
0009 0007 1666433478432889 16.3125 -75.0 0.8467573949128739 20 
0009 0012 1666433478435002 41.5 -78.0 2.012582793705961 20 
0009 0004 1666433478514178 -56.125 -67.5 0.9387962421860124 20 
0009 0010 1666433478519781 69.125 -68.5 2.6568547246179306 20 
0009 0001 1666433478523576 -39.0 -73.5 5.792311455056181 20 
0009 0007 1666433478554411 18.75 -75.0 0.9756117810952678 20 
0009 0014 1666433478563102 -12.1875 -77.5 4.908738521234052 20 
0009 0004 1666433478647786 104.125 -67.5 0.8160777791551611 20 
0009 0010 1666433478649038 30.0625 -69.0 2.5341362615870793 20 
0009 0007 1666433478696671 4.875 -75.5 4.215379205109742 20 
0009 0010 1666433478769586 -429.625 -71.0 3.055689729468197 20 
0009 0004 1666433478770624 17.0625 -69.5 0.4663301595172349 20 
0009 0011 1666433478796016 8.0625 -73.0 5.313709449235861 20 
0009 0010 1666433478874834 -178.1875 -72.0 3.1661363461959633 20 
0009 0011 1666433478875986 30.0625 -68.5 2.3316507975861747 20 
0009 0004 1666433478878818 -290.5 -70.5 0.25157284921324513 20 
0009 0010 1666433478978672 74.0 -70.5 3.2888548092268146 20 
0009 0011 1666433478982331 4.0625 -66.5 2.5954954931025047 20 
0009 0005 1666433478997660 -6.5 -74.5 1.6996507129772904 20 
0009 0011 1666433479085121 -61.0 -66.0 2.988194574801229 20 
0009 0010 1666433479090919 65.0625 -71.0 3.6999616603801666 20 
0009 0011 1666433479187870 -34.9375 -66.5 3.380893656499953 20 
0009 0008 1666433479192172 147.25 -66.0 1.6996507129772904 20 
0009 0010 1666433479193055 -61.0 -69.0 4.417864669110647 20 
0009 0009 1666433479210098 12.9375 -74.0 4.049709280018092 20 
0009 0009 1666433479299253 21.9375 -68.5 4.454680208019902 20 
0009 0008 1666433479300762 -74.0 -61.5 3.2704470397721868 20 
0009 0011 1666433479301674 -87.0625 -68.0 3.9085830475326135 20 
0009 0010 1666433479303181 13.0 -68.5 4.994641445355648 20 
0009 0011 1666433479402797 121.25 -70.0 4.172427743048944 20 
0009 0008 1666433479403735 34.9375 -61.0 4.3074180523828804 20 
0009 0004 1666433479405357 -39.0 -65.5 1.859184714917397 20 
0009 0009 1666433479406853 4.0625 -68.0 5.019185137961818 20 
0009 0010 1666433479407950 -48.0 -69.0 5.792311455056181 20 
0009 0007 1666433479438928 1.625 -75.5 2.3071071049800045 20 
0009 0002 1666433479464123 1.625 -78.5 5.829126993965437 20 
0009 0006 1666433479478472 -5.625 -74.5 6.0991076126333095 20 
0009 0008 1666433479531100 -74.0 -63.5 0.02454369260617026 20 
0009 0007 1666433479532001 108.1875 -71.0 5.577554144752192 20 
0009 0004 1666433479533396 -48.0 -63.0 2.730485802436441 20 
0009 0009 1666433479534339 17.0625 -69.5 5.749359992995383 20 
0009 0002 1666433479559458 26.8125 -77.5 0.6994952392758523 20 
0009 0006 1666433479616351 6.8125 -74.0 0.25157284921324513 20 
0009 0007 1666433479665173 -143.1875 -70.5 0.01227184630308513 20 
0009 0008 1666433479666309 -4.0625 -62.0 2.1782527187976104 20 
0009 0004 1666433479671010 21.9375 -62.0 3.706097583531709 20 
0009 0009 1666433479673949 -13.0 -72.0 0.8283496254582462 20 
0009 0006 1666433479699436 -1.625 -72.5 0.5522330836388308 20 
0009 0008 1666433479776540 52.0625 -60.0 3.4177091954092087 20 
0009 0004 1666433479777539 -65.0625 -60.5 4.577398671050753 20 
0009 0006 1666433479778465 -26.0 -69.5 3.9085830475326135 20 
0009 0007 1666433479780911 -30.0625 -71.5 0.5890486225480862 20 
0009 0009 1666433479783189 -173.3125 -73.0 1.932815792735908 20 
0009 0004 1666433479881825 -65.0625 -61.0 5.227806525114265 20 
0009 0008 1666433479884935 -26.0 -58.0 4.558990901596125 20 
0009 0007 1666433479885836 -82.1875 -71.0 1.533980787885641 20 
0009 0006 1666433479887007 -195.25 -71.0 4.276738436625168 20 
0009 0004 1666433479985669 -26.0 -63.5 5.896622148632405 20 
0009 0008 1666433479987699 -8.9375 -57.0 5.264622064023521 20 
0009 0006 1666433479989535 43.125 -71.0 3.810408277107933 20 
0009 0007 1666433479990421 134.25 -72.0 2.270291566070749 20 
0009 0008 1666433480089377 17.0625 -57.0 5.8659425328746915 20 
0009 0006 1666433480091836 -13.0 -71.0 3.8533597391687304 20 
0009 0004 1666433480093387 -8.9375 -66.0 0.5951845456996288 20 
0009 0007 1666433480096032 -13.0 -70.0 2.6568547246179306 20 
0009 0002 1666433480126780 -17.5 -79.5 0.2945243112740431 20 
0009 0007 1666433480218035 -39.0 -70.0 2.466641106920111 20 
0009 0006 1666433480219248 -82.1875 -69.5 3.9515345095934116 20 
0009 0004 1666433480220416 74.0 -67.5 1.859184714917397 20 
0009 0008 1666433480221326 21.9375 -57.5 0.3374757733348411 20 
0009 0002 1666433480264537 -23.625 -78.0 4.111068511533518 20 
0009 0007 1666433480339744 30.0625 -71.0 2.405281875404685 20 
0009 0008 1666433480340909 13.0 -57.5 0.7731263170943632 20 
0009 0006 1666433480342306 121.25 -70.0 3.877903431774901 20 
0009 0004 1666433480344382 95.1875 -67.0 2.724349879284899 20 
0009 0014 1666433480363723 -28.5 -78.5 4.871922982324796 20 
0009 0002 1666433480393716 6.8125 -79.5 1.3314953238847365 20 
0009 0000 1666433480442887 2.125 -75.0 4.405592822807561 20 
0009 0008 1666433480460609 -21.9375 -57.5 1.0799224746714913 20 
0009 0006 1666433480462899 -17.0625 -70.0 3.8963112012295285 20 
0009 0004 1666433480465335 -95.1875 -67.0 3.749049045592507 20 
0009 0007 1666433480467676 -8.9375 -70.5 2.3623304133438876 20 
0009 0014 1666433480490022 -17.0625 -77.5 4.81056375080937 20 
0009 0006 1666433480569650 -182.25 -68.5 3.988350048502667 20 
0009 0004 1666433480570576 82.1875 -66.0 3.8717675086233583 20 
0009 0007 1666433480574008 195.25 -70.5 2.3193789512830896 20 
0009 0008 1666433480574969 0.0 -58.0 1.1965050145508 20 
0009 0014 1666433480596809 3.1875 -77.5 4.816699673960914 20 
0009 0008 1666433480678941 8.9375 -58.0 1.1780972450961724 20 
0009 0004 1666433480680749 -69.125 -65.5 4.123340357836604 20 
0009 0007 1666433480681664 -82.1875 -71.5 2.435961491162398 20 
0009 0006 1666433480684182 -39.0 -70.5 3.810408277107933 20 
0009 0014 1666433480709626 -18.75 -78.0 1.6321555583103222 20 
0009 0002 1666433480776046 13.875 -79.0 4.620350133111551 20 
0009 0004 1666433480826024 -74.0 -65.5 3.9269908169872414 20 
0009 0008 1666433480830091 -17.0625 -58.5 1.0676506283684062 20 
0009 0006 1666433480832435 -30.0625 -69.5 3.810408277107933 20 
0009 0007 1666433480833375 -4.0625 -70.5 2.36846633649543 20 
0009 0002 1666433480873302 23.75 -79.0 1.2885438618239387 20 
0009 0014 1666433480887096 -23.1875 -79.0 1.7916895602504288 20 
0009 0008 1666433480943767 -13.0 -57.5 0.9081166264282996 20 
0009 0004 1666433480946694 191.1875 -66.5 3.2765829629237295 20 
0009 0006 1666433480948486 -117.125 -71.0 3.816544200259475 20 
0009 0007 1666433480949415 234.3125 -71.0 2.1537090261914402 20 
0009 0002 1666433480969901 32.5 -78.5 1.184233168247715 20 
0009 0014 1666433480977547 -47.125 -78.0 4.957825906446392 20 
0009 0006 1666433481053983 -243.3125 -70.5 3.877903431774901 20 
0009 0004 1666433481057654 -43.125 -67.0 3.215223731408304 20 
0009 0007 1666433481058568 -17.0625 -70.5 2.3009711818284617 20 
0009 0008 1666433481059961 -43.125 -58.0 0.8344855486097889 20 
0009 0014 1666433481081548 -4.0625 -78.0 5.006913291658733 20 
0009 0002 1666433481101486 37.375 -78.5 0.9387962421860124 20 
0009 0004 1666433481177825 74.0 -66.5 2.9575149590435164 20 
0009 0006 1666433481180526 74.0 -70.0 3.442252888015379 20 
0009 0008 1666433481181465 61.0 -58.0 0.662679700366597 20 
0009 0007 1666433481182750 -117.125 -70.0 2.4911847995262812 20 
0009 0002 1666433481196071 2.4375 -78.0 4.264466590322082 20 
0009 0004 1666433481288830 -39.0 -67.5 3.0066023442558567 20 
0009 0007 1666433481289745 121.25 -70.0 2.2150682577068657 20 
0009 0008 1666433481294186 17.0625 -58.0 0.5829126993965437 20 
0009 0006 1666433481295129 -303.5 -70.5 3.77972866135022 20 
0009 0002 1666433481336640 -32.5 -79.0 1.2517283229146832 20 
