0009 0012 1666433684576096 65.875 -77.5 5.252350217720435 20 
0009 0010 1666433684656017 -43.125 -65.5 2.8961557275280905 20 
0009 0004 1666433684657033 69.125 -70.0 0.5276893910326605 20 
0009 0013 1666433684658425 56.125 -69.5 5.295301679781233 20 
0009 0007 1666433684676631 -4.875 -75.0 0.23316507975861744 20 
0009 0012 1666433684688610 -39.8125 -77.0 5.810719224510809 20 
0009 0004 1666433684770525 407.6875 -70.5 0.18407769454627693 20 
0009 0010 1666433684774412 -52.0625 -66.0 2.9084275738311756 20 
0009 0013 1666433684777150 165.1875 -68.5 5.227806525114265 20 
0009 0007 1666433684794635 4.0625 -75.0 0.14726215563702155 20 
0009 0012 1666433684807455 3.1875 -77.0 5.5714182216006485 20 
0009 0013 1666433684882287 -143.1875 -69.5 5.47937937432751 20 
0009 0004 1666433684884334 8.9375 -69.0 0.5276893910326605 20 
0009 0010 1666433684886608 -104.125 -66.0 2.9697868053466014 20 
0009 0007 1666433684910098 24.375 -75.5 0.12885438618239387 20 
0009 0012 1666433684914950 37.375 -77.5 5.301437602932776 20 
0009 0013 1666433684991717 108.1875 -70.0 5.295301679781233 20 
0009 0010 1666433684994699 -56.125 -65.5 2.8777479580734626 20 
0009 0004 1666433684997463 56.125 -70.0 0.521553467881118 20 
0009 0012 1666433684999699 39.0 -75.0 2.478912953223196 20 
0009 0007 1666433685029243 -12.1875 -75.5 0.0674951546669682 20 
0009 0004 1666433685105793 121.25 -70.5 0.5092816215780329 20 
0009 0013 1666433685109192 -199.375 -68.5 5.608233760509904 20 
0009 0010 1666433685111134 48.0 -66.0 2.6813984172241008 20 
0009 0012 1666433685132958 54.4375 -77.5 5.50392306693368 20 
0009 0007 1666433685140471 -10.5 -75.0 0.12885438618239387 20 
0009 0010 1666433685214710 39.0 -67.0 2.7857091108003242 20 
0009 0004 1666433685217186 -43.125 -70.0 0.5951845456996288 20 
0009 0013 1666433685220096 -182.25 -70.0 5.5100589900852235 20 
0009 0012 1666433685247944 -13.875 -77.5 5.632777453116074 20 
0009 0007 1666433685250824 -12.9375 -75.0 0.19634954084936207 20 
0009 0004 1666433685329287 17.0625 -73.5 0.6135923151542565 20 
0009 0013 1666433685330441 -82.1875 -69.5 5.344389064993574 20 
0009 0010 1666433685332216 -191.1875 -66.5 3.000466421104314 20 
0009 0012 1666433685334947 520.8125 -75.5 2.1966604882522383 20 
0009 0007 1666433685361309 9.75 -75.0 0.1595340019401067 20 
0009 0013 1666433685436988 -195.25 -70.0 5.577554144752192 20 
0009 0010 1666433685439488 78.0625 -66.0 2.675262494072558 20 
0009 0004 1666433685440968 43.125 -70.5 0.5767767762450011 20 
0009 0007 1666433685477966 7.3125 -74.5 0.1595340019401067 20 
0009 0012 1666433685485724 15.375 -77.5 5.66959299202533 20 
0009 0010 1666433685562278 134.25 -66.0 2.6384469551633027 20 
0009 0004 1666433685563191 -130.1875 -70.5 0.6381360077604268 20 
0009 0013 1666433685568445 95.1875 -69.5 5.141903600992669 20 
0009 0007 1666433685604710 -6.5 -74.5 0.1595340019401067 20 
0009 0012 1666433685608219 34.125 -77.5 2.380738182798515 20 
0009 0010 1666433685682581 -39.0 -66.0 2.8409324191642074 20 
0009 0004 1666433685685270 52.0625 -71.0 0.37429131224409645 20 
0009 0013 1666433685689825 -48.0 -69.5 5.393476450205914 20 
0009 0007 1666433685730079 17.0625 -75.0 0.0859029241215959 20 
0009 0012 1666433685732206 -47.125 -77.5 2.5709518004963345 20 
0009 0010 1666433685807183 26.0 -67.0 2.724349879284899 20 
0009 0013 1666433685811060 13.0 -70.5 5.399612373357457 20 
0009 0004 1666433685814184 82.1875 -70.5 0.5522330836388308 20 
0009 0007 1666433685844234 -9.75 -75.0 0.20248546400090464 20 
0009 0012 1666433685851172 23.625 -77.5 5.632777453116074 20 
0009 0004 1666433685923486 -13.0 -70.5 0.5338253141842031 20 
0009 0013 1666433685925138 -230.25 -70.5 5.632777453116074 20 
0009 0010 1666433685926643 -91.125 -66.0 2.859340188618835 20 
0009 0012 1666433685950366 44.6875 -77.5 2.1537090261914402 20 
0009 0007 1666433685960369 -0.75 -75.0 0.17794177139473438 20 
0009 0013 1666433686040690 56.125 -70.0 5.117359908386499 20 
0009 0010 1666433686041702 -113.0625 -67.0 2.9022916506796332 20 
0009 0004 1666433686042899 -173.3125 -69.5 0.7731263170943632 20 
0009 0007 1666433686073749 0.0 -74.5 0.1043106935762236 20 
0009 0012 1666433686077942 39.8125 -77.5 5.283029833478148 20 
0009 0013 1666433686153991 -134.25 -70.0 5.5284667595398505 20 
0009 0004 1666433686154862 87.0625 -70.0 0.5951845456996288 20 
0009 0010 1666433686156043 100.0625 -66.5 2.662990647769473 20 
0009 0007 1666433686184598 -15.375 -75.0 0.14726215563702155 20 
0009 0012 1666433686186896 -34.125 -77.5 5.5100589900852235 20 
0009 0010 1666433686266939 -48.0 -67.0 2.8532042654672924 20 
0009 0004 1666433686267955 204.25 -70.5 0.3313398501832985 20 
0009 0013 1666433686268867 -65.0625 -69.0 5.436427912266712 20 
0009 0007 1666433686298701 19.5 -75.5 0.06135923151542565 20 
0009 0012 1666433686303666 39.8125 -77.5 2.2764274892222915 20 
0009 0013 1666433686381064 52.0625 -69.5 5.197126909356553 20 
0009 0004 1666433686385511 126.125 -70.0 0.5092816215780329 20 
0009 0010 1666433686386451 74.0 -66.5 2.730485802436441 20 
0009 0007 1666433686412659 -4.875 -75.0 0.19634954084936207 20 
0009 0012 1666433686414827 25.125 -78.0 5.620505606812989 20 
0009 0004 1666433686503227 8.9375 -69.0 0.5951845456996288 20 
0009 0013 1666433686504128 147.25 -69.5 5.209398755659637 20 
0009 0007 1666433686505341 230.25 -74.0 6.2034183062095325 20 
0009 0010 1666433686507228 -169.25 -66.5 2.9513790358919736 20 
0009 0012 1666433686533347 33.375 -77.5 5.442563835418255 20 
0009 0013 1666433686628069 -30.0625 -69.0 5.301437602932776 20 
0009 0010 1666433686629856 0.0 -66.5 2.779573187648782 20 
0009 0004 1666433686630804 -165.1875 -71.0 0.6933593161243098 20 
0009 0007 1666433686634398 -230.25 -72.5 0.4908738521234052 20 
0009 0012 1666433686657406 26.0625 -78.0 5.546874528994478 20 
0009 0007 1666433686672361 -5.625 -75.0 0.2270291566070749 20 
0009 0007 1666433686750136 -199.375 -72.0 0.2638446955163303 20 
0009 0004 1666433686752395 117.125 -70.5 0.4724660826687775 20 
0009 0013 1666433686753704 139.125 -70.0 5.098952138931871 20 
0009 0010 1666433686754630 56.125 -66.0 2.748893571891069 20 
0009 0012 1666433686784835 12.9375 -77.5 2.350058567040802 20 
0009 0014 1666433686844925 -2.4375 -76.5 5.626641529964532 20 
0009 0004 1666433686985631 139.125 -70.0 0.3988350048502667 20 
0009 0010 1666433686986542 65.0625 -66.5 2.730485802436441 20 
0009 0007 1666433686988208 -69.125 -73.5 0.380427235395639 20 
0009 0013 1666433686990583 -26.0 -70.5 5.350524988145116 20 
0009 0012 1666433687008430 4.0625 -78.0 5.283029833478148 20 
0009 0010 1666433687091228 152.125 -68.0 2.6323110320117604 20 
0009 0004 1666433687095058 -286.4375 -70.0 0.7669903939428205 20 
0009 0007 1666433687163527 -3.5625 -75.5 3.074097498922825 20 
0009 0004 1666433687212685 -69.125 -69.5 0.2086213871524472 20 
0009 0010 1666433687213668 30.0625 -69.5 2.9575149590435164 20 
0009 0010 1666433687309502 312.4375 -69.5 2.779573187648782 20 
0009 0011 1666433687312900 312.4375 -70.0 2.816388726558037 20 
0009 0004 1666433687313785 230.25 -69.5 6.074563920027139 20 
0009 0005 1666433687370452 1.1875 -75.5 4.724660826687775 20 
0009 0004 1666433687427689 -4.0625 -70.5 0.2761165418194154 20 
0009 0011 1666433687430323 -204.25 -67.5 2.84706834231575 20 
0009 0010 1666433687432737 108.1875 -69.0 3.6815538909255388 20 
0009 0005 1666433687455271 -12.1875 -75.0 4.963961829597935 20 
0009 0011 1666433687543282 108.1875 -67.5 2.4727770300716534 20 
0009 0010 1666433687544791 -182.25 -67.5 4.049709280018092 20 
0009 0004 1666433687591281 7.75 -73.5 0.5092816215780329 20 
0009 0008 1666433687603360 4.25 -70.5 1.748738098189631 20 
0009 0009 1666433687642745 -2.3125 -75.0 0.7731263170943632 20 
0009 0008 1666433687669132 48.0 -64.0 2.6016314162540475 20 
0009 0010 1666433687670696 26.0 -66.5 4.264466590322082 20 
0009 0011 1666433687671608 -69.125 -67.0 3.172272269347506 20 
0009 0009 1666433687675863 373.5 -73.5 3.6692820446224537 20 
0009 0004 1666433687702289 -20.25 -73.0 4.338097668140593 20 
0009 0008 1666433687780410 -39.0 -61.5 4.239922897715912 20 
0009 0010 1666433687781831 -21.9375 -67.0 4.779884135051658 20 
0009 0009 1666433687783017 -82.1875 -69.5 4.749204519293945 20 
0009 0011 1666433687783902 -65.0625 -68.5 3.8717675086233583 20 
0009 0004 1666433687785509 56.125 -70.5 1.705786636128833 20 
0009 0007 1666433687852325 1.9375 -75.0 5.43029198911517 20 
0009 0009 1666433687896346 -8.9375 -68.0 5.460971604872882 20 
0009 0004 1666433687897245 65.0625 -66.5 2.429825568010856 20 
0009 0008 1666433687898383 17.0625 -63.0 6.062292073724054 20 
0009 0011 1666433687899880 52.0625 -70.0 4.442408361716817 20 
0009 0007 1666433687925436 -7.3125 -75.0 5.859806609723149 20 
0009 0014 1666433687991653 0.1875 -77.5 0.39269908169872414 20 
0009 0009 1666433688009174 -39.0 -69.0 0.06135923151542565 20 
0009 0004 1666433688010625 -95.1875 -63.0 3.3440781175906977 20 
0009 0008 1666433688011521 43.125 -62.0 1.4726215563702154 20 
0009 0007 1666433688026801 151.75 -73.0 5.9088939949354895 20 
0009 0014 1666433688099150 3.8125 -77.0 3.5036121195308043 20 
0009 0004 1666433688143215 -78.0625 -62.0 4.196971435655114 20 
0009 0009 1666433688144384 82.1875 -72.5 0.7424467013366504 20 
0009 0008 1666433688146386 -8.9375 -61.0 3.153864499892878 20 
0009 0007 1666433688147287 43.125 -71.5 0.619728238305799 20 
0009 0008 1666433688245976 -69.125 -59.0 4.190835512503572 20 
0009 0009 1666433688247613 -26.0 -71.5 1.4664856332186729 20 
0009 0004 1666433688250127 -8.9375 -61.0 4.6878452877785195 20 
0009 0007 1666433688251911 -165.1875 -71.0 1.337631247036279 20 
0009 0004 1666433688359376 -152.125 -60.5 5.387340527054372 20 
0009 0008 1666433688361846 -48.0 -58.5 5.190990986205009 20 
0009 0007 1666433688362844 13.0 -70.5 1.4848934026733007 20 
0009 0008 1666433688464925 -13.0 -58.0 5.743224069843841 20 
0009 0007 1666433688467956 -43.125 -70.0 1.7916895602504288 20 
0009 0004 1666433688468967 -17.0625 -62.0 5.743224069843841 20 
0009 0008 1666433688569345 -21.9375 -59.0 6.111379458936394 20 
0009 0004 1666433688571344 0.0 -63.0 0.1043106935762236 20 
0009 0007 1666433688573517 -212.375 -69.5 1.7241944055834606 20 
0009 0007 1666433688670712 -8.9375 -69.0 1.736466251886546 20 
0009 0004 1666433688674877 17.0625 -64.0 0.48473792897186263 20 
0009 0008 1666433688675760 -8.9375 -59.5 0.05522330836388308 20 
0009 0014 1666433688774419 9.125 -77.0 5.626641529964532 20 
0009 0004 1666433688783804 -39.0 -65.0 0.8897088569736719 20 
0009 0008 1666433688785622 -43.125 -59.0 0.30066023442558565 20 
0009 0007 1666433688787405 165.1875 -69.5 1.4971652489763858 20 
0009 0014 1666433688842911 -8.5 -77.5 5.7616318392984684 20 
0009 0008 1666433688901642 17.0625 -59.0 0.39269908169872414 20 
0009 0004 1666433688902668 -13.0 -65.0 1.043106935762236 20 
0009 0007 1666433688903811 -260.375 -69.0 2.000310947402876 20 
0009 0014 1666433689139360 -3.5625 -76.5 5.798447378207723 20 
0009 0004 1666433689177627 173.3125 -66.5 0.8713010875190442 20 
0009 0008 1666433689178806 78.0625 -59.0 0.2945243112740431 20 
0009 0007 1666433689180004 -30.0625 -69.0 1.8346410223112268 20 
0009 0007 1666433689364908 -61.0 -69.0 1.748738098189631 20 
0009 0008 1666433689367196 43.125 -59.0 0.21475731030398976 20 
0009 0004 1666433689369315 17.0625 -64.5 1.0246991663076084 20 
0009 0008 1666433689468541 56.125 -59.0 0.19634954084936207 20 
0009 0007 1666433689470549 82.1875 -69.5 1.5155730184310134 20 
0009 0004 1666433689472129 65.0625 -66.5 0.9940195505498954 20 
