0000 0008 1655900310920332 -15.0 -69.0 5.221670601962723 6 
0000 0001 1655900310922638 -15.0 -69.0 5.442563835418255 6 
0000 0000 1655900311007326 334.4375 -65.0 3.9760782021995817 6 
0000 0008 1655900311013832 -134.6875 -69.0 5.390408488630143 6 
0000 0001 1655900311021376 -10.9375 -68.5 2.083145909948701 6 
0000 0000 1655900311109409 -130.1875 -65.0 4.528311285838413 6 
0000 0008 1655900311119882 -130.1875 -69.5 2.0371264863121317 6 
0000 0001 1655900311121577 -59.8125 -69.0 5.3198453723874035 6 
0000 0000 1655900311208646 -95.1875 -65.0 4.3074180523828804 6 
0000 0008 1655900311219284 -67.125 -70.5 1.9512235621905356 6 
0000 0001 1655900311224979 -52.0625 -69.5 2.073942025221387 6 
0000 0000 1655900311310375 143.1875 -65.5 4.123340357836604 6 
0000 0008 1655900311320283 -8.5 -70.0 1.6659031356438063 6 
0000 0001 1655900311322347 21.5625 -69.0 5.255418179296207 6 
0000 0000 1655900311407883 8.9375 -65.5 4.129476280988146 6 
0000 0001 1655900311425236 -17.4375 -70.0 5.059068638446845 6 
0000 0008 1655900311426465 -47.5625 -70.0 5.037592907416445 6 
0000 0000 1655900311515612 0.0 -65.0 4.080388895775806 6 
0000 0001 1655900311527419 -82.5625 -70.5 5.289165756629691 6 
0000 0008 1655900311529848 -30.5 -71.0 5.0958841773561 6 
0000 0000 1655900311620545 48.0 -65.5 4.276738436625168 6 
0000 0001 1655900311635793 45.5625 -70.0 5.126563793113813 6 
0000 0008 1655900311638010 22.75 -70.5 4.893398713355196 6 
0000 0000 1655900311727832 8.9375 -64.5 4.123340357836604 6 
0000 0008 1655900311737151 -20.75 -68.5 4.988505522204105 6 
0000 0001 1655900311741037 -63.875 -69.0 5.209398755659637 6 
0000 0000 1655900311830048 -82.1875 -66.0 4.270602513473625 6 
0000 0008 1655900311834970 -98.875 -70.0 2.064738140494073 6 
0000 0001 1655900311838690 15.0 -70.0 5.071340484749929 6 
0000 0000 1655900311931298 -91.125 -64.5 3.9699422790480394 6 
0000 0001 1655900311942376 17.4375 -70.0 4.979301637476791 6 
0000 0008 1655900311945911 -33.75 -70.0 5.059068638446845 6 
0000 0000 1655900312033783 368.625 -65.0 3.693825737228624 6 
0000 0001 1655900312044606 41.0625 -70.0 5.074408446325701 6 
0000 0008 1655900312045874 -73.625 -70.5 5.0682725231741586 6 
0000 0000 1655900312137701 8.9375 -65.5 4.049709280018092 6 
0000 0001 1655900312160446 -137.9375 -69.5 5.065204561598387 6 
0000 0008 1655900312165097 -81.375 -69.5 1.846912868614312 6 
0000 0000 1655900312247695 -39.0 -64.5 3.9822141253511245 6 
0000 0001 1655900312259941 156.1875 -67.0 1.6812429435226628 6 
0000 0008 1655900312267271 -56.125 -68.0 1.576932249946439 6 
0000 0000 1655900312364948 8.9375 -66.0 4.037437433715008 6 
0000 0008 1655900312366275 286.4375 -68.0 1.227184630308513 6 
0000 0001 1655900312367202 -303.5 -69.0 1.9696313316451632 6 
0000 0008 1655900312460620 -61.0 -67.5 1.3192234775816514 6 
0000 0000 1655900312462370 -113.0625 -66.5 3.9147189706841563 6 
0000 0001 1655900312470704 123.6875 -69.5 1.6505633277649499 6 
0000 0001 1655900312559109 160.3125 -67.5 1.7916895602504288 6 
0000 0008 1655900312561057 26.0 -67.5 1.7241944055834606 6 
0000 0000 1655900312562001 217.25 -65.0 3.773592738198677 6 
0000 0008 1655900312660532 373.5 -67.0 0.7424467013366504 6 
0000 0000 1655900312662296 273.375 -64.0 3.650874275167826 6 
0000 0001 1655900312665689 87.0625 -66.5 1.5585244804918115 6 
0000 0000 1655900312762120 -39.0 -65.5 3.9699422790480394 6 
0000 0001 1655900312765017 204.25 -67.5 1.8285050991596843 6 
0000 0008 1655900312768135 56.125 -68.5 1.1780972450961724 6 
0000 0001 1655900312870418 139.125 -67.0 1.7426021750380885 6 
0000 0000 1655900312871301 -290.5 -64.5 3.9392626632903265 6 
0000 0008 1655900312875701 -360.5 -66.5 1.0062913968529805 6 
0000 0000 1655900312970611 69.125 -66.0 3.7429131224409646 6 
0000 0008 1655900312974917 368.625 -65.5 0.6442719309119693 6 
0000 0001 1655900312975815 -251.4375 -66.0 1.9634954084936207 6 
0000 0001 1655900313066502 -30.0625 -66.0 1.7916895602504288 6 
0000 0000 1655900313070532 100.0625 -66.0 3.6754179677739964 6 
0000 0008 1655900313071685 451.625 -66.5 0.5645049299419159 6 
0000 0000 1655900313167319 195.25 -67.0 3.9638063558964967 6 
0000 0001 1655900313168839 -48.0 -64.5 2.030990563160589 6 
0000 0008 1655900313175340 -45.5625 -67.5 4.261398628746311 6 
0000 0001 1655900313265605 -61.0 -62.5 2.067806102069844 6 
0000 0008 1655900313268094 286.4375 -65.0 0.6320000846088841 6 
0000 0000 1655900313368950 10.4375 -71.5 6.240233845118788 6 
0000 0004 1655900313378618 -156.1875 -65.0 4.914874444385594 6 
0000 0001 1655900313380368 269.3125 -62.0 1.8960002538266525 6 
0000 0008 1655900313381263 -17.0625 -60.5 0.7731263170943632 6 
0000 0000 1655900313392533 -28.0625 -68.0 3.9269908169872414 6 
0000 0005 1655900313403306 -31.6875 -71.5 1.012427320004523 6 
0000 0006 1655900313475890 11.5 -73.0 1.3437671701878218 6 
0000 0000 1655900313492613 -87.0625 -56.0 1.718058482431918 6 
0000 0004 1655900313494646 -43.125 -58.0 4.871922982324796 6 
0000 0008 1655900313496423 4.0625 -56.0 0.8222137023067037 6 
0000 0001 1655900313497308 -26.0 -65.0 3.902447124381071 6 
0000 0006 1655900313510410 14.1875 -70.5 4.7400006345666315 6 
0000 0005 1655900313524846 48.8125 -73.5 3.9208548938356986 6 
0000 0004 1655900313599155 -69.125 -60.5 5.227806525114265 6 
0000 0009 1655900313601147 -108.1875 -60.5 5.577554144752192 6 
0000 0008 1655900313602341 -43.125 -59.0 2.36846633649543 6 
0000 0000 1655900313603209 -56.125 -56.5 1.8162332528565992 6 
0000 0001 1655900313604630 143.1875 -65.0 2.509592568980909 6 
0000 0005 1655900313619807 -4.0625 -63.5 0.018407769454627694 6 
0000 0013 1655900313632496 -91.125 -66.0 2.116893487282185 6 
0000 0012 1655900313641619 -10.9375 -69.5 1.3499030933393643 6 
0000 0014 1655900313645135 60.625 -69.5 0.04908738521234052 6 
0000 0011 1655900313655387 -22.6875 -72.0 5.270757987175063 6 
0000 0010 1655900313665675 -6.5 -74.0 1.8407769454627694 6 
0000 0014 1655900313668348 18.5625 -68.5 0.3865631585471816 6 
0000 0008 1655900313742181 26.0 -58.0 5.2768939103266055 6 
0000 0009 1655900313744184 -48.0 -56.5 0.8283496254582462 6 
0000 0011 1655900313746000 82.1875 -64.0 0.3865631585471816 6 
0000 0005 1655900313748706 -30.0625 -60.5 1.3499030933393643 6 
0000 0013 1655900313750137 322.25 -67.5 3.497476196379262 6 
0000 0014 1655900313755988 -307.5625 -65.0 1.4480778637640452 6 
0000 0004 1655900313756884 -139.125 -66.0 0.5031456984264903 6 
0000 0001 1655900313778042 -19.5 -69.0 1.1259418983080607 6 
0000 0010 1655900313783517 60.625 -69.0 5.927301764390117 6 
0000 0012 1655900313805003 -9.0 -73.0 5.246214294568893 6 
0000 0010 1655900313877119 -4.0625 -65.0 4.23378697456437 6 
0000 0011 1655900313878288 100.0625 -59.5 3.2827188860752723 6 
0000 0008 1655900313880528 -13.0 -56.0 5.994796919057086 6 
0000 0014 1655900313881436 47.1875 -64.5 1.380582709097077 6 
0000 0005 1655900313882347 -34.9375 -60.0 1.88986433067511 6 
0000 0015 1655900313883525 17.0625 -65.0 5.190990986205009 6 
0000 0009 1655900313885159 21.9375 -58.5 2.5402721847386216 6 
0000 0013 1655900313912636 59.8125 -68.5 6.22182607566416 6 
0000 0012 1655900313913991 -42.3125 -69.5 5.54994249057025 6 
0000 0001 1655900313952329 16.625 -75.5 5.006913291658733 6 
0000 0006 1655900313960839 -4.875 -73.5 5.957981380147831 6 
0000 0014 1655900314008939 109.0 -62.5 1.718058482431918 6 
0000 0015 1655900314010969 -70.75 -64.5 0.6688156235181395 6 
0000 0011 1655900314012721 -69.125 -59.5 4.595806440505381 6 
0000 0008 1655900314014308 -61.0 -59.0 0.20248546400090464 6 
0000 0005 1655900314015206 56.125 -61.0 1.184233168247715 6 
0000 0013 1655900314017496 -80.5625 -63.0 0.6933593161243098 6 
0000 0009 1655900314019456 195.25 -63.5 3.9515345095934116 6 
0000 0012 1655900314020348 -161.125 -64.0 3.6079228131070282 6 
0000 0001 1655900314041236 3.25 -71.0 0.5399612373357456 6 
0000 0010 1655900314045457 9.75 -68.0 2.8532042654672924 6 
0000 0006 1655900314058656 2.4375 -71.0 0.11658253987930872 6 
0000 0005 1655900314132128 -65.0625 -60.5 0.32520392703175593 6 
0000 0013 1655900314133075 56.9375 -61.0 0.6994952392758523 6 
0000 0009 1655900314134016 186.3125 -61.5 4.411728745959104 6 
0000 0014 1655900314136594 70.75 -63.0 3.000466421104314 6 
0000 0008 1655900314139279 113.0625 -59.5 0.6381360077604268 6 
0000 0012 1655900314141994 14.625 -61.0 4.338097668140593 6 
0000 0011 1655900314143442 -30.0625 -60.0 4.792155981354743 6 
0000 0015 1655900314147994 18.6875 -65.0 0.46019423636569234 6 
0000 0010 1655900314148890 8.9375 -66.0 0.7669903939428205 6 
0000 0006 1655900314169613 -26.0 -68.5 0.4479223900626072 6 
0000 0001 1655900314187198 -1.625 -72.5 0.0 6 
0000 0012 1655900314257736 -18.6875 -62.0 4.601942363656923 6 
0000 0009 1655900314258661 65.0625 -62.0 4.773748211900116 6 
0000 0014 1655900314260334 -42.3125 -64.5 3.3502140407422405 6 
0000 0013 1655900314261267 14.625 -61.0 0.6565437772150544 6 
0000 0015 1655900314263381 -47.1875 -62.0 0.607456392002714 6 
0000 0010 1655900314265513 152.125 -66.5 1.423534171157875 6 
0000 0005 1655900314268044 -78.0625 -60.0 5.565282298449106 6 
0000 0008 1655900314269437 -39.0 -61.5 1.043106935762236 6 
0000 0011 1655900314270333 4.0625 -61.0 4.675573441475434 6 
0000 0006 1655900314286204 15.0 -69.0 0.521553467881118 6 
0000 0001 1655900314329625 -5.0 -76.0 0.07363107781851078 6 
0000 0009 1655900314382956 -65.0625 -62.0 5.203262832508095 6 
0000 0008 1655900314383980 17.0625 -61.5 1.2946797849754812 6 
0000 0011 1655900314385107 -100.0625 -60.5 4.779884135051658 6 
0000 0014 1655900314386994 -69.125 -63.5 3.3072625786814425 6 
0000 0005 1655900314388187 -13.0 -60.0 5.356660911296659 6 
0000 0012 1655900314389854 -4.875 -61.5 4.76147636559703 6 
0000 0010 1655900314391913 -56.125 -67.0 2.110757564130642 6 
0000 0015 1655900314393172 4.875 -61.0 0.5706408530934585 6 
0000 0013 1655900314394037 14.625 -61.5 0.6504078540635119 6 
0000 0006 1655900314395790 -563.9375 -66.0 4.227651051412827 6 
0000 0014 1655900314486074 4.875 -62.5 3.3011266555298997 6 
0000 0012 1655900314487011 -142.375 -62.0 4.9394181369917645 6 
0000 0006 1655900314489747 234.3125 -68.0 3.877903431774901 6 
0000 0010 1655900314491721 17.0625 -65.0 2.2027964114037806 6 
0000 0011 1655900314492635 78.0625 -62.0 4.663301595172349 6 
0000 0005 1655900314494000 104.125 -61.0 5.2339424482658075 6 
0000 0015 1655900314494920 30.0625 -61.5 0.42337869745643697 6 
0000 0008 1655900314496539 -160.3125 -62.5 1.748738098189631 6 
0000 0013 1655900314498093 4.875 -62.0 0.6810874698212247 6 
0000 0009 1655900314499019 -13.0 -63.5 5.3627968344482015 6 
0000 0007 1655900314529950 -52.9375 -75.5 5.442563835418255 6 
0000 0012 1655900314599849 -80.5625 -62.0 4.865787059173254 6 
0000 0015 1655900314601208 -18.6875 -61.0 0.47860200582032003 6 
0000 0006 1655900314602323 -221.3125 -66.0 4.896466674930966 6 
0000 0011 1655900314604215 61.0 -62.5 4.841243366567084 6 
0000 0008 1655900314605398 -121.25 -62.5 1.7426021750380885 6 
0000 0005 1655900314606804 -87.0625 -61.0 5.424156065963627 6 
0000 0013 1655900314607697 47.1875 -61.5 0.6933593161243098 6 
0000 0009 1655900314609316 -39.0 -62.0 5.602097837358362 6 
0000 0014 1655900314610435 94.375 -62.0 3.067961575771282 6 
0000 0010 1655900314611785 -39.0 -67.5 2.448233337465483 6 
0000 0005 1655900314715000 4.0625 -61.5 5.516194913236766 6 
0000 0013 1655900314717364 109.0 -61.5 0.6442719309119693 6 
0000 0014 1655900314719080 109.0 -64.0 3.067961575771282 6 
0000 0011 1655900314721434 178.1875 -62.0 5.086680292628786 6 
0000 0012 1655900314722355 42.3125 -62.5 4.76147636559703 6 
0000 0015 1655900314723404 -80.5625 -61.5 0.4663301595172349 6 
0000 0008 1655900314724372 -69.125 -61.5 1.4787574795217582 6 
0000 0006 1655900314725312 82.1875 -66.0 4.424000592262189 6 
0000 0009 1655900314727883 26.0 -64.0 5.675728915176872 6 
0000 0010 1655900314730127 -56.125 -66.0 2.4850488763747385 6 
0000 0005 1655900314822767 182.25 -62.0 5.3198453723874035 6 
0000 0015 1655900314823659 156.1875 -61.0 0.2945243112740431 6 
0000 0009 1655900314826924 100.0625 -61.5 5.595961914206819 6 
0000 0014 1655900314828227 -4.0625 -63.0 3.0802334220743677 6 
0000 0008 1655900314829411 82.1875 -62.5 1.368310862793992 6 
0000 0013 1655900314830530 -127.75 -61.5 0.8958447801252144 6 
0000 0011 1655900314831655 -121.25 -61.5 5.5100589900852235 6 
0000 0012 1655900314832996 -28.4375 -63.0 4.792155981354743 6 
0000 0006 1655900314834165 -26.0 -66.5 4.706253057233147 6 
0000 0010 1655900314835063 186.3125 -66.5 2.1905245651006955 6 
0000 0012 1655900314928929 23.5625 -64.0 4.657165672020807 6 
0000 0009 1655900314929815 -104.125 -63.5 5.859806609723149 6 
0000 0015 1655900314930963 142.375 -62.5 0.42337869745643697 6 
0000 0010 1655900314932628 173.3125 -65.5 1.9634954084936207 6 
0000 0013 1655900314933547 -18.6875 -60.5 0.7792622402459057 6 
0000 0008 1655900314934672 -26.0 -62.0 1.5585244804918115 6 
0000 0014 1655900314935577 4.875 -62.5 2.9022916506796332 6 
0000 0006 1655900314937650 48.0 -65.0 5.086680292628786 6 
0000 0005 1655900314938802 21.9375 -61.0 5.7616318392984684 6 
0000 0011 1655900314940433 52.0625 -61.0 5.356660911296659 6 
0000 0013 1655900315034480 -14.625 -61.0 0.8467573949128739 6 
0000 0012 1655900315037432 -118.75 -63.0 4.6448938257177215 6 
0000 0009 1655900315039635 -91.125 -63.5 5.841398840268521 6 
0000 0015 1655900315041064 -18.6875 -61.0 0.521553467881118 6 
0000 0010 1655900315042091 -169.25 -65.5 2.3623304133438876 6 
0000 0014 1655900315043865 28.4375 -63.0 2.8654761117703775 6 
0000 0008 1655900315044759 -8.9375 -61.0 1.5462526341887264 6 
0000 0011 1655900315047422 0.0 -62.0 5.516194913236766 6 
0000 0006 1655900315049794 82.1875 -65.5 5.0253210611133605 6 
0000 0005 1655900315050706 -30.0625 -62.0 5.982525072754001 6 
0000 0014 1655900315144506 -4.875 -63.0 2.779573187648782 6 
0000 0006 1655900315146517 -212.375 -65.5 5.246214294568893 6 
0000 0009 1655900315147682 -104.125 -63.0 5.835262917116979 6 
0000 0012 1655900315148574 -127.75 -63.5 4.663301595172349 6 
0000 0008 1655900315150021 -21.9375 -61.0 1.576932249946439 6 
0000 0005 1655900315150976 -17.0625 -62.5 6.031612457966341 6 
0000 0015 1655900315152109 4.0625 -62.0 0.5031456984264903 6 
0000 0013 1655900315154396 -108.1875 -60.0 0.9019807032767571 6 
0000 0011 1655900315156418 212.375 -60.5 5.338253141842031 6 
0000 0010 1655900315157716 -351.5 -67.5 2.454369260617026 6 
0000 0013 1655900315251616 109.0 -60.0 0.6442719309119693 6 
0000 0014 1655900315254789 117.125 -62.5 2.5464081078901644 6 
0000 0005 1655900315256252 -74.0 -61.5 6.080699843178682 6 
0000 0011 1655900315257677 52.0625 -60.5 5.45483568172134 6 
0000 0006 1655900315258558 -4.0625 -65.5 5.062136600022616 6 
0000 0008 1655900315260145 48.0 -60.5 1.4051264017032472 6 
0000 0010 1655900315261027 -69.125 -67.0 2.350058567040802 6 
0000 0012 1655900315262061 90.3125 -63.0 4.460816131171445 6 
0000 0015 1655900315262954 80.5625 -61.5 0.5338253141842031 6 
0000 0009 1655900315265995 108.1875 -63.5 5.6573211457222445 6 
0000 0008 1655900315359646 0.0 -60.5 1.5830681730979816 6 
0000 0013 1655900315361080 -9.75 -60.5 0.7853981633974483 6 
0000 0014 1655900315363335 -9.75 -62.5 2.675262494072558 6 
0000 0009 1655900315364251 -139.125 -63.0 5.921165841238575 6 
0000 0010 1655900315366323 -21.9375 -66.0 2.172116795646068 6 
0000 0012 1655900315367187 38.1875 -63.5 4.479223900626073 6 
0000 0011 1655900315368869 -48.0 -61.0 5.442563835418255 6 
0000 0015 1655900315369791 -122.875 -61.0 0.6381360077604268 6 
0000 0006 1655900315370818 -243.3125 -66.0 5.4671075280244255 6 
0000 0005 1655900315371953 26.0 -61.5 5.878214379177777 6 
0000 0013 1655900315465679 0.0 -60.5 0.7485826244881929 6 
0000 0006 1655900315466553 91.125 -66.0 5.123495831538041 6 
0000 0005 1655900315467748 26.0 -61.5 5.8475347634200645 6 
0000 0011 1655900315468912 4.0625 -62.0 5.387340527054372 6 
0000 0015 1655900315469822 -160.3125 -62.0 0.6320000846088841 6 
0000 0008 1655900315471214 -48.0 -60.5 1.607611865704152 6 
0000 0009 1655900315472849 -91.125 -63.5 5.902758071783947 6 
0000 0010 1655900315474117 39.0 -65.5 2.030990563160589 6 
0000 0012 1655900315475010 -198.5625 -64.0 4.706253057233147 6 
0000 0014 1655900315476667 85.4375 -63.0 2.6813984172241008 6 
0000 0008 1655900315571754 -264.4375 -60.5 1.8346410223112268 6 
0000 0013 1655900315575555 -39.0 -60.0 0.7853981633974483 6 
0000 0011 1655900315576482 65.0625 -61.0 5.184855063053467 6 
0000 0015 1655900315578079 -42.3125 -61.5 0.5706408530934585 6 
0000 0014 1655900315579425 218.0625 -61.5 2.6139032625571326 6 
0000 0009 1655900315580406 43.125 -63.0 5.66959299202533 6 
0000 0010 1655900315582011 -230.25 -66.0 2.5157284921324514 6 
0000 0006 1655900315582923 -61.0 -65.0 5.295301679781233 6 
0000 0012 1655900315584070 66.6875 -64.5 4.485359823777615 6 
0000 0005 1655900315585253 -26.0 -61.5 5.6941366846315 6 
0000 0012 1655900315679594 -66.6875 -65.0 4.522175362686871 6 
0000 0008 1655900315680759 17.0625 -61.0 1.4603497100671303 6 
0000 0015 1655900315681909 108.1875 -62.0 0.4356505437595221 6 
0000 0013 1655900315683834 -66.6875 -60.5 0.7853981633974483 6 
0000 0010 1655900315687028 100.0625 -65.5 2.1353012567368124 6 
0000 0005 1655900315687938 -39.0 -60.5 5.6573211457222445 6 
0000 0006 1655900315690228 -126.125 -65.0 5.436427912266712 6 
0000 0009 1655900315691152 69.125 -62.0 5.540738605842936 6 
0000 0014 1655900315693108 -9.75 -62.5 2.791845033951867 6 
0000 0011 1655900315694504 17.0625 -61.0 5.135767677841127 6 
0000 0014 1655900315789436 -38.1875 -62.5 2.773437264497239 6 
0000 0006 1655900315790447 -74.0 -66.5 5.393476450205914 6 
0000 0012 1655900315791821 -38.1875 -63.5 4.626486056263094 6 
0000 0008 1655900315792716 -21.9375 -60.5 1.4848934026733007 6 
0000 0013 1655900315794148 56.9375 -61.0 0.6320000846088841 6 
0000 0005 1655900315795059 -130.1875 -62.0 5.737088146692298 6 
0000 0010 1655900315796256 173.3125 -66.0 1.8714565612204823 6 
0000 0015 1655900315797388 127.75 -62.0 0.4908738521234052 6 
0000 0011 1655900315798500 43.125 -61.5 5.074408446325701 6 
0000 0009 1655900315800275 -52.0625 -63.0 5.583690067903734 6 
0000 0004 1655900315860728 18.25 -72.5 5.822991070813893 6 
