0000 0011 1655901077618127 -78.0625 -67.0 5.651185222570702 7 
0000 0012 1655901077709741 -70.75 -65.5 0.018407769454627694 7 
0000 0005 1655901077711773 43.125 -60.0 1.2517283229146832 7 
0000 0013 1655901077712665 80.5625 -63.5 1.748738098189631 7 
0000 0009 1655901077713804 43.125 -62.0 0.1595340019401067 7 
0000 0011 1655901077714944 52.0625 -69.0 5.448699758569798 7 
0000 0014 1655901077716091 -14.625 -61.5 0.23930100291016002 7 
0000 0004 1655901077717229 21.9375 -68.5 0.8099418560036186 7 
0000 0010 1655901077719224 -234.3125 -71.5 0.30066023442558565 7 
0000 0003 1655901077750236 10.5 -76.5 4.896466674930966 7 
0000 0008 1655901077774598 -1.625 -74.5 4.890330751779424 7 
0000 0015 1655901077832922 3.125 -66.5 0.3988350048502667 7 
0000 0005 1655901077846619 95.1875 -60.5 1.1965050145508 7 
0000 0009 1655901077849726 91.125 -61.0 6.258641614573416 7 
0000 0015 1655901077851554 -56.9375 -64.5 0.5890486225480862 7 
0000 0014 1655901077853645 -38.1875 -61.5 0.8160777791551611 7 
0000 0004 1655901077854545 -126.125 -67.0 1.2701360923693108 7 
0000 0011 1655901077855441 34.9375 -68.5 5.497787143782138 7 
0000 0013 1655901077857101 108.1875 -65.5 2.0371264863121317 7 
0000 0008 1655901077859286 -21.9375 -71.5 5.184855063053467 7 
0000 0003 1655901077915956 13.875 -75.0 5.190990986205009 7 
0000 0008 1655901077987094 13.0 -68.0 4.95168998329485 7 
0000 0003 1655901077988861 -347.4375 -72.5 5.982525072754001 7 
0000 0014 1655901077990951 -80.5625 -65.0 5.338253141842031 7 
0000 0009 1655901077992261 -91.125 -61.0 5.982525072754001 7 
0000 0013 1655901077995134 173.3125 -68.0 1.3008157081270237 7 
0000 0011 1655901078022513 4.875 -77.0 4.252194744018997 7 
0000 0001 1655901078075028 -6.625 -77.0 5.031456984264903 7 
0000 0015 1655901078080981 1.3125 -65.5 0.1718058482431918 7 
0000 0013 1655901078130266 -227.0 -68.5 1.012427320004523 7 
0000 0014 1655901078131448 0.0 -58.0 3.0802334220743677 7 
0000 0008 1655901078132351 -82.1875 -67.5 0.1718058482431918 7 
0000 0015 1655901078134690 42.3125 -62.5 0.30679615757712825 7 
0000 0003 1655901078149314 -282.375 -73.0 0.4908738521234052 7 
0000 0009 1655901078211354 2.875 -73.5 6.215690152512618 7 
0000 0014 1655901078249796 28.4375 -58.5 4.356505437595221 7 
0000 0009 1655901078251782 26.0 -68.0 0.6688156235181395 7 
0000 0015 1655901078252945 -61.8125 -61.5 0.18407769454627693 7 
0000 0008 1655901078256527 -61.0 -67.5 0.7363107781851077 7 
0000 0005 1655901078280777 -53.25 -72.5 0.6258641614573416 7 
0000 0011 1655901078300545 12.1875 -75.0 5.66959299202533 7 
0000 0003 1655901078303919 30.9375 -75.5 0.7853981633974483 7 
0000 0008 1655901078374570 -269.3125 -68.5 1.6935147898257479 7 
0000 0005 1655901078375747 78.0625 -72.0 4.1601558967458585 7 
0000 0009 1655901078377512 -52.0625 -62.0 2.8961557275280905 7 
0000 0014 1655901078378630 85.4375 -64.0 5.2768939103266055 7 
0000 0015 1655901078381127 -28.4375 -64.5 0.16566992509164924 7 
0000 0003 1655901078386213 686.0 -73.0 0.5031456984264903 7 
0000 0011 1655901078412048 -0.75 -75.5 1.576932249946439 7 
0000 0010 1655901078465315 -1.75 -77.5 4.632621979414636 7 
0000 0014 1655901078489200 14.625 -59.0 5.47937937432751 7 
0000 0011 1655901078491775 -91.125 -70.0 4.104932588381976 7 
0000 0009 1655901078493257 48.0 -63.5 5.043728830567988 7 
0000 0003 1655901078494143 30.0625 -69.0 2.466641106920111 7 
0000 0015 1655901078496311 -166.0 -65.5 2.1353012567368124 7 
0000 0008 1655901078526113 -18.75 -72.0 4.362641360746763 7 
0000 0004 1655901078538669 7.75 -72.0 0.9019807032767571 7 
0000 0005 1655901078553914 -6.375 -73.5 0.16566992509164924 7 
0000 0010 1655901078557621 -1.625 -78.5 5.6143696836614465 7 
0000 0015 1655901078607555 130.1875 -65.0 4.792155981354743 7 
0000 0014 1655901078608448 66.6875 -71.5 4.430136515413731 7 
0000 0003 1655901078610329 139.125 -71.0 4.025165587411922 7 
0000 0009 1655901078611971 -21.9375 -59.5 0.9265243958829272 7 
0000 0011 1655901078613155 -52.0625 -66.0 5.810719224510809 7 
0000 0005 1655901078614305 -8.9375 -68.0 2.5034566458293663 7 
0000 0010 1655901078618743 -121.25 -69.0 3.3870295796514958 7 
0000 0009 1655901078727392 -4.0625 -56.5 2.675262494072558 7 
0000 0015 1655901078728244 70.75 -63.5 4.123340357836604 7 
0000 0010 1655901078732135 186.3125 -70.5 4.583534594202296 7 
0000 0006 1655901078733869 -39.0 -70.0 4.442408361716817 7 
0000 0014 1655901078826147 0.0 -67.0 1.141281706186917 7 
0000 0009 1655901078834428 26.0 -63.0 2.9022916506796332 7 
0000 0014 1655901078835336 85.4375 -65.0 4.28287435977671 7 
0000 0015 1655901078837803 14.625 -64.5 4.8351074434155406 7 
0000 0004 1655901078888866 16.3125 -71.0 0.4908738521234052 7 
0000 0012 1655901078905829 3.8125 -71.5 0.32520392703175593 7 
0000 0010 1655901078917007 8.5 -78.0 0.23316507975861744 7 
0000 0008 1655901078968944 -208.3125 -67.5 0.7301748550335652 7 
0000 0004 1655901078970464 43.125 -71.0 4.01902966426038 7 
0000 0014 1655901078971368 4.875 -61.0 5.111223985234957 7 
0000 0015 1655901078972788 33.3125 -62.5 3.3624858870453256 7 
0000 0009 1655901078974297 -34.9375 -64.5 3.9392626632903265 7 
0000 0009 1655901079064654 -8.9375 -69.5 0.5399612373357456 7 
0000 0014 1655901079066498 -33.3125 -61.0 5.135767677841127 7 
0000 0015 1655901079068710 33.3125 -58.5 3.2029518851052186 7 
0000 0008 1655901079071128 -56.125 -68.0 0.9817477042468103 7 
0000 0015 1655901079163491 23.5625 -61.5 6.2463697682703305 7 
0000 0010 1655901079166713 373.5 -71.5 4.442408361716817 7 
0000 0014 1655901079167718 -52.0625 -62.0 5.2768939103266055 7 
0000 0009 1655901079169138 -152.125 -60.5 2.8532042654672924 7 
0000 0005 1655901079199566 21.1875 -76.0 1.9266798695843652 7 
0000 0011 1655901079205517 -38.25 -76.5 1.4296700943094176 7 
0000 0003 1655901079213709 6.5 -79.0 1.227184630308513 7 
0000 0002 1655901079224134 12.9375 -77.5 4.773748211900116 7 
0000 0009 1655901079281341 152.125 -60.0 5.0253210611133605 7 
0000 0011 1655901079283374 -169.25 -70.0 3.6017868899554855 7 
0000 0010 1655901079285151 -21.9375 -68.5 1.6198837120072371 7 
0000 0014 1655901079286289 218.0625 -68.5 0.662679700366597 7 
0000 0003 1655901079289395 -117.125 -72.0 3.0925052683774528 7 
0000 0015 1655901079297800 119.1875 -74.0 5.884350302329319 7 
0000 0005 1655901079313701 12.9375 -76.0 6.166602767300278 7 
0000 0008 1655901079383579 39.0 -66.5 2.6200391857086753 7 
0000 0014 1655901079385624 -28.4375 -66.0 5.264622064023521 7 
0000 0009 1655901079388465 -69.125 -59.5 0.8099418560036186 7 
0000 0011 1655901079412165 -29.25 -74.0 1.7333982903107745 7 
0000 0015 1655901079418633 -2.6875 -70.5 1.7426021750380885 7 
0000 0011 1655901079501905 0.0 -68.5 0.6810874698212247 7 
0000 0014 1655901079502817 13.0 -69.5 1.509437095279471 7 
0000 0009 1655901079503658 -34.9375 -64.5 2.2641556429192065 7 
0000 0008 1655901079504558 121.25 -66.0 4.884194828627882 7 
0000 0015 1655901079505492 -56.9375 -69.5 2.4911847995262812 7 
0000 0013 1655901079606666 -66.6875 -65.0 5.111223985234957 7 
0000 0015 1655901079607597 0.0 -67.0 3.749049045592507 7 
0000 0008 1655901079609236 -108.1875 -63.5 0.30066023442558565 7 
0000 0011 1655901079613981 121.25 -70.0 1.6137477888556946 7 
0000 0005 1655901079644432 17.0625 -77.0 1.325359400733194 7 
0000 0014 1655901079650240 1.8125 -74.0 4.896466674930966 7 
0000 0009 1655901079653010 -5.625 -73.0 4.399456899656019 7 
0000 0015 1655901079726178 137.5 -65.0 5.595961914206819 7 
0000 0013 1655901079727681 -104.125 -65.5 0.8406214717613314 7 
0000 0014 1655901079729411 -42.3125 -69.0 1.2762720155208536 7 
0000 0008 1655901079730592 -74.0 -65.5 2.736621725587984 7 
0000 0009 1655901079731517 -34.9375 -65.0 0.030679615757712823 7 
0000 0011 1655901079736065 -30.0625 -68.5 4.025165587411922 7 
0000 0005 1655901079759021 10.5 -75.5 4.589670517353839 7 
0000 0009 1655901079829429 117.125 -61.5 1.9757672547967058 7 
0000 0013 1655901079831429 174.9375 -70.5 1.9389517158874505 7 
0000 0005 1655901079832382 34.9375 -62.5 1.9205439464328227 7 
0000 0014 1655901079833797 47.1875 -64.5 3.2459033471660166 7 
0000 0008 1655901079834933 26.0 -62.0 5.283029833478148 7 
0000 0015 1655901079837065 0.0 -62.5 0.7792622402459057 7 
0000 0003 1655901079844217 78.0625 -72.5 1.7119225592803755 7 
0000 0011 1655901079848571 355.5625 -73.5 0.3129320807286708 7 
0000 0010 1655901079882617 28.5 -76.5 0.4111068511533518 7 
0000 0006 1655901079907541 4.875 -75.5 5.0253210611133605 7 
0000 0009 1655901079955311 13.0 -60.0 5.546874528994478 7 
0000 0008 1655901079957019 -30.0625 -63.0 1.5278448647340985 7 
0000 0015 1655901079959501 -28.4375 -59.0 3.2704470397721868 7 
0000 0003 1655901079960402 334.4375 -70.5 3.816544200259475 7 
0000 0005 1655901079961561 -8.9375 -63.5 5.66959299202533 7 
0000 0014 1655901079963321 47.1875 -70.5 3.184544115650591 7 
0000 0006 1655901079969339 -39.0625 -73.0 5.206330794083867 7 
0000 0010 1655901079997392 -9.75 -75.5 3.442252888015379 7 
0000 0004 1655901080060014 -1.25 -72.5 4.8351074434155406 7 
0000 0015 1655901080076248 9.75 -57.5 2.018718716857504 7 
0000 0004 1655901080078540 -26.0 -69.0 5.178719139901925 7 
0000 0010 1655901080079552 -503.6875 -73.0 5.240078371417351 7 
0000 0009 1655901080080475 -8.9375 -64.0 2.3009711818284617 7 
0000 0008 1655901080081403 -26.0 -62.0 4.1417481272912315 7 
0000 0005 1655901080083052 -26.0 -66.0 2.350058567040802 7 
0000 0006 1655901080105431 17.8125 -73.5 1.0062913968529805 7 
0000 0014 1655901080126068 -3.0 -68.0 5.5100589900852235 7 
0000 0015 1655901080185863 38.1875 -63.5 3.448388811166921 7 
0000 0008 1655901080186772 -4.0625 -59.0 5.325981295538946 7 
0000 0014 1655901080187951 179.8125 -65.0 3.5281558121369745 7 
0000 0005 1655901080189967 -121.25 -68.5 2.82252464970958 7 
0000 0008 1655901080284816 30.0625 -60.0 0.6381360077604268 7 
0000 0014 1655901080285738 -28.4375 -59.5 5.368932757599744 7 
0000 0015 1655901080287083 38.1875 -63.5 1.2026409377023426 7 
0000 0012 1655901080290303 113.875 -67.0 6.086835766330224 7 
0000 0005 1655901080342301 4.6875 -73.0 0.7792622402459057 7 
0000 0001 1655901080370489 2.625 -77.5 0.9694758579437253 7 
0000 0005 1655901080394961 -48.0 -67.5 1.227184630308513 7 
0000 0014 1655901080397917 75.625 -62.5 4.362641360746763 7 
0000 0015 1655901080399719 33.3125 -59.0 2.8716120349219203 7 
0000 0008 1655901080400601 17.0625 -62.0 2.9513790358919736 7 
0000 0009 1655901080401514 156.1875 -67.0 4.147884050442774 7 
0000 0006 1655901080429857 -9.0 -73.5 5.939573610693203 7 
0000 0002 1655901080437593 10.5 -76.0 0.4540583132141498 7 
0000 0004 1655901080454292 0.0 -73.5 1.9205439464328227 7 
0000 0014 1655901080514059 -56.125 -68.0 4.822835597112456 7 
0000 0008 1655901080515553 -173.3125 -60.5 5.767767762450011 7 
0000 0004 1655901080517573 87.0625 -67.0 4.933282213840222 7 
0000 0015 1655901080519624 -66.6875 -69.5 5.252350217720435 7 
0000 0009 1655901080568095 0.4375 -70.5 0.1902136176978195 7 
0000 0006 1655901080573465 -0.4375 -71.0 3.9147189706841563 7 
0000 0010 1655901080579771 4.6875 -74.5 5.681864838328415 7 
0000 0003 1655901080584450 -21.5 -79.0 4.595806440505381 7 
0000 0009 1655901080634382 52.0625 -65.0 2.423689644859313 7 
0000 0014 1655901080635602 156.1875 -66.0 1.9880391010997909 7 
0000 0008 1655901080636782 56.125 -59.5 1.8653206380689396 7 
0000 0015 1655901080637931 -231.875 -69.5 2.086213871524472 7 
0000 0003 1655901080696655 -41.5 -77.5 6.178874613603362 7 
0000 0013 1655901080719679 2.125 -65.5 4.773748211900116 7 
0000 0015 1655901080772097 80.5625 -67.5 1.2210487071569704 7 
0000 0013 1655901080773019 -33.3125 -61.5 2.8716120349219203 7 
0000 0008 1655901080775105 -4.0625 -59.5 4.804427827657828 7 
0000 0009 1655901080778130 -52.0625 -59.5 4.6448938257177215 7 
0000 0014 1655901080780270 18.6875 -65.0 0.4908738521234052 7 
0000 0011 1655901080794787 303.5 -69.5 3.509748042682347 7 
0000 0000 1655901080818664 52.9375 -76.0 5.00077736850719 7 
0000 0005 1655901080827235 -15.375 -76.0 5.270757987175063 7 
0000 0006 1655901080867724 5.3125 -76.0 0.6320000846088841 7 
0000 0014 1655901080903445 -14.625 -65.5 3.411573272257666 7 
0000 0008 1655901080904299 4.0625 -62.0 0.7976700097005334 7 
0000 0013 1655901080906129 47.1875 -60.0 4.399456899656019 7 
0000 0015 1655901080908382 75.625 -63.5 2.8532042654672924 7 
0000 0009 1655901080909932 -39.0 -64.0 0.4479223900626072 7 
0000 0011 1655901080934272 -8.0625 -75.0 5.436427912266712 7 
0000 0007 1655901080940212 2.4375 -77.0 2.0493983326152168 7 
0000 0009 1655901081006334 8.9375 -59.5 1.7119225592803755 7 
0000 0013 1655901081007753 14.625 -61.5 5.258486140871978 7 
0000 0014 1655901081010263 -66.6875 -62.5 4.516039439535327 7 
0000 0015 1655901081012076 -4.875 -58.0 4.558990901596125 7 
0000 0008 1655901081013588 78.0625 -63.5 2.650718801466388 7 
0000 0011 1655901081017605 -143.1875 -70.0 0.3988350048502667 7 
0000 0010 1655901081052320 -12.9375 -77.0 4.2031073588066565 7 
0000 0007 1655901081056561 -3.1875 -76.5 5.2339424482658075 7 
0000 0004 1655901081073716 1.625 -70.0 6.135923151542564 7 
0000 0008 1655901081129430 30.0625 -61.0 4.620350133111551 7 
0000 0015 1655901081131188 -47.1875 -60.0 5.160311370447297 7 
0000 0009 1655901081132098 56.125 -57.5 3.706097583531709 7 
0000 0013 1655901081133454 0.0 -64.0 0.17794177139473438 7 
0000 0014 1655901081134592 -94.375 -67.5 5.154175447295755 7 
0000 0004 1655901081158658 24.375 -69.5 1.030835089459151 7 
0000 0005 1655901081168367 -2.4375 -76.5 5.945709533844745 7 
0000 0010 1655901081171212 33.375 -76.0 1.0615147052168636 7 
0000 0011 1655901081185624 -1.9375 -74.0 5.982525072754001 7 
0000 0006 1655901081233068 4.875 -72.5 1.2640001692177683 7 
0000 0008 1655901081251360 -126.125 -68.5 0.07363107781851078 7 
0000 0011 1655901081252658 -113.0625 -67.5 0.07976700097005335 7 
0000 0015 1655901081253803 4.875 -60.5 1.1290098598838318 7 
0000 0014 1655901081254739 -47.1875 -59.0 6.043884304269426 7 
0000 0009 1655901081256141 -8.9375 -57.5 0.5951845456996288 7 
0000 0013 1655901081258056 75.625 -65.0 1.2885438618239387 7 
0000 0003 1655901081261156 -74.0 -69.5 5.411884219660542 7 
0000 0010 1655901081280562 11.4375 -76.5 6.258641614573416 7 
0000 0002 1655901081307113 11.6875 -78.0 2.779573187648782 7 
0000 0000 1655901081315426 6.8125 -77.5 4.252194744018997 7 
0000 0006 1655901081361826 6.8125 -74.5 1.607611865704152 7 
0000 0015 1655901081373548 38.1875 -62.5 2.9759227284981438 7 
0000 0008 1655901081374477 -134.25 -67.5 3.129320807286708 7 
0000 0009 1655901081375401 -26.0 -55.0 2.2150682577068657 7 
0000 0006 1655901081382203 143.1875 -71.5 2.325514874434632 7 
0000 0010 1655901081402626 -2.4375 -73.5 4.417864669110647 7 
0000 0002 1655901081416978 42.25 -77.5 5.258486140871978 7 
0000 0003 1655901081422508 22.6875 -78.5 1.6689710972195777 7 
0000 0014 1655901081478510 2.625 -68.0 6.166602767300278 7 
0000 0004 1655901081496285 -182.25 -69.0 2.141437179888355 7 
0000 0008 1655901081498275 -82.1875 -64.0 4.6448938257177215 7 
0000 0014 1655901081499779 18.6875 -66.0 0.2086213871524472 7 
0000 0009 1655901081501156 -8.9375 -56.0 4.614214209960009 7 
0000 0015 1655901081502291 70.75 -60.5 4.908738521234052 7 
0000 0010 1655901081504921 117.125 -68.0 0.36815538909255385 7 
0000 0002 1655901081524751 17.0625 -75.5 4.381049130201391 7 
0000 0006 1655901081576300 -5.75 -76.0 1.2701360923693108 7 
0000 0014 1655901081606624 -104.125 -66.5 1.902136176978195 7 
0000 0008 1655901081608184 4.0625 -61.5 5.872078456026235 7 
0000 0015 1655901081609077 -4.875 -59.5 5.442563835418255 7 
0000 0004 1655901081610726 -165.1875 -70.5 5.424156065963627 7 
0000 0009 1655901081611636 -48.0 -63.0 5.559146375297564 7 
0000 0012 1655901081614194 -463.8125 -73.5 1.9144080232812801 7 
0000 0010 1655901081627609 -69.5625 -74.5 5.50085510535791 7 
0000 0002 1655901081715941 5.6875 -78.0 4.460816131171445 7 
0000 0009 1655901081725887 -34.9375 -59.0 1.4910293258248433 7 
0000 0008 1655901081727251 69.125 -64.5 1.3314953238847365 7 
0000 0004 1655901081729420 147.25 -68.5 0.02454369260617026 7 
0000 0015 1655901081730508 -23.5625 -57.0 4.129476280988146 7 
0000 0014 1655901081732888 -9.75 -59.5 2.564815877344792 7 
0000 0010 1655901081736280 269.3125 -71.0 3.5465635815916023 7 
0000 0002 1655901081753608 -21.1875 -77.5 5.178719139901925 7 
0000 0006 1655901081761880 -13.875 -73.5 1.2026409377023426 7 
0000 0005 1655901081790208 0.0 -78.5 6.234097921967246 7 
0000 0003 1655901081802577 18.75 -79.5 5.148039524144211 7 
0000 0012 1655901081835727 2.1875 -66.5 5.970253226450915 7 
0000 0011 1655901081854354 -4.25 -77.0 5.9088939949354895 7 
0000 0012 1655901081860961 -42.3125 -65.0 3.1784081924990484 7 
0000 0008 1655901081862314 134.25 -66.5 4.828971520263998 7 
0000 0013 1655901081864312 13.0 -68.5 2.1782527187976104 7 
0000 0009 1655901081866373 -26.0 -55.5 3.442252888015379 7 
0000 0006 1655901081867556 -243.3125 -67.5 1.718058482431918 7 
0000 0014 1655901081868445 90.3125 -60.5 1.902136176978195 7 
0000 0015 1655901081869394 23.5625 -60.0 3.2397674240144743 7 
0000 0010 1655901081870563 48.0 -70.0 5.491651220630596 7 
0000 0011 1655901081876921 104.125 -69.5 1.086058397823034 7 
0000 0003 1655901081915074 1.625 -75.0 4.81056375080937 7 
0000 0002 1655901081919018 -14.625 -74.5 0.1043106935762236 7 
0000 0005 1655901081951916 13.875 -79.5 1.1903690913992575 7 
0000 0009 1655901082000452 13.0 -55.0 5.902758071783947 7 
0000 0014 1655901082002721 18.6875 -65.5 2.5832236467994196 7 
0000 0008 1655901082005216 30.0625 -61.0 1.3008157081270237 7 
0000 0010 1655901082007075 -82.1875 -62.5 2.3316507975861747 7 
0000 0015 1655901082008406 -74.0 -67.0 3.472932503773092 7 
0000 0011 1655901082028410 72.8125 -73.5 0.5092816215780329 7 
0000 0003 1655901082053914 8.0625 -75.0 3.9699422790480394 7 
0000 0013 1655901082075742 0.0 -66.0 5.651185222570702 7 
0000 0012 1655901082124371 21.9375 -62.5 0.7853981633974483 7 
0000 0003 1655901082140160 13.0 -71.5 2.4175537217077703 7 
0000 0008 1655901082141910 -26.0 -57.0 3.380893656499953 7 
0000 0009 1655901082144405 4.0625 -59.5 0.48473792897186263 7 
0000 0013 1655901082147168 127.75 -63.5 2.8961557275280905 7 
0000 0014 1655901082148729 122.875 -65.5 1.030835089459151 7 
0000 0012 1655901082149678 99.25 -62.5 5.939573610693203 7 
0000 0011 1655901082150620 147.25 -68.0 4.620350133111551 7 
0000 0015 1655901082153932 113.875 -72.0 3.3318062712876126 7 
0000 0013 1655901082271754 -42.3125 -62.0 4.6448938257177215 7 
0000 0008 1655901082274933 -52.0625 -57.5 4.558990901596125 7 
0000 0015 1655901082276812 9.75 -68.0 2.736621725587984 7 
0000 0009 1655901082278353 -65.0625 -65.0 3.4054373491061236 7 
0000 0014 1655901082280192 52.0625 -67.0 0.39269908169872414 7 
0000 0011 1655901082281075 39.0 -68.0 5.71868037723767 7 
0000 0003 1655901082297533 -27.5625 -78.0 4.884194828627882 7 
0000 0000 1655901082326448 -3.0 -77.5 2.1598449493429825 7 
0000 0005 1655901082337545 -2.125 -78.0 5.289165756629691 7 
0000 0011 1655901082389061 -4.0625 -66.5 0.6320000846088841 7 
0000 0014 1655901082390864 -66.6875 -66.5 3.5711072741977725 7 
0000 0015 1655901082392425 34.9375 -61.5 4.3074180523828804 7 
0000 0009 1655901082393238 -121.25 -62.0 4.6448938257177215 7 
0000 0008 1655901082394331 -4.0625 -59.5 5.988660995905543 7 
0000 0013 1655901082396133 -75.625 -64.5 5.663457068873787 7 
0000 0005 1655901082417519 -4.0625 -74.5 2.724349879284899 7 
0000 0000 1655901082436805 21.1875 -77.5 6.074563920027139 7 
0000 0003 1655901082452756 1.625 -76.5 0.7240389318820226 7 
0000 0009 1655901082503646 -13.0 -59.0 5.399612373357457 7 
0000 0008 1655901082504784 4.0625 -59.0 1.8100973297050567 7 
0000 0010 1655901082506573 -113.0625 -72.0 2.012582793705961 7 
0000 0015 1655901082507507 -38.1875 -60.5 5.227806525114265 7 
0000 0011 1655901082509086 169.25 -69.0 2.564815877344792 7 
0000 0013 1655901082509979 118.75 -67.5 6.2034183062095325 7 
0000 0005 1655901082511115 212.375 -71.5 2.1905245651006955 7 
0000 0003 1655901082517875 -21.9375 -71.0 1.1719613219446299 7 
0000 0014 1655901082563443 6.375 -68.0 6.080699843178682 7 
