0000 0014 1655628784561576 28.4375 -60.5 1.6873788666742053 0 
0000 0013 1655628784562951 56.9375 -66.5 0.2638446955163303 0 
0000 0012 1655628784565568 -18.6875 -62.0 6.086835766330224 0 
0000 0005 1655628784566494 -4.0625 -61.5 5.681864838328415 0 
0000 0015 1655628784567601 56.9375 -57.5 0.5767767762450011 0 
0000 0008 1655628784569081 30.0625 -57.0 1.0062913968529805 0 
0000 0011 1655628784570024 26.0 -57.5 4.6448938257177215 0 
0000 0010 1655628784571628 -48.0 -60.5 1.1351457830353744 0 
0000 0009 1655628784572526 -48.0 -57.0 3.650874275167826 0 
0000 0004 1655628784573935 56.125 -70.0 5.565282298449106 0 
0000 0006 1655628784574864 104.125 -69.0 1.5830681730979816 0 
0000 0003 1655628784578499 -61.0 -69.5 4.503767593232243 0 
0000 0002 1655628784584422 -360.5 -71.5 2.4850488763747385 0 
0000 0000 1655628784608132 -9.75 -77.0 0.5338253141842031 0 
0000 0013 1655628784682440 80.5625 -66.5 0.42337869745643697 0 
0000 0005 1655628784683619 -8.9375 -61.0 5.8475347634200645 0 
0000 0004 1655628784685880 -17.0625 -69.0 5.730952223540755 0 
0000 0003 1655628784687022 -130.1875 -68.5 4.693981210930062 0 
0000 0008 1655628784687916 8.9375 -57.5 1.0062913968529805 0 
0000 0014 1655628784689039 61.8125 -60.5 1.6751070203711202 0 
0000 0012 1655628784690911 47.1875 -60.5 6.000932842208628 0 
0000 0002 1655628784692082 -156.1875 -73.5 2.024854640009046 0 
0000 0006 1655628784692993 -186.3125 -70.0 1.9819031779482483 0 
0000 0015 1655628784695112 28.4375 -58.0 0.619728238305799 0 
0000 0010 1655628784696387 0.0 -60.5 1.012427320004523 0 
0000 0009 1655628784697287 -13.0 -57.0 3.5711072741977725 0 
0000 0011 1655628784698115 -48.0 -57.0 4.718524903536232 0 
0000 0000 1655628784733577 6.5 -76.5 0.37429131224409645 0 
0000 0010 1655628784806344 34.9375 -61.0 0.9572040116406401 0 
0000 0012 1655628784807394 56.9375 -62.5 5.927301764390117 0 
0000 0004 1655628784808817 69.125 -69.5 5.608233760509904 0 
0000 0008 1655628784809958 4.0625 -57.5 0.9817477042468103 0 
0000 0009 1655628784810828 -26.0 -57.0 3.5588354278946874 0 
0000 0015 1655628784811706 23.5625 -58.0 0.6749515466696822 0 
0000 0005 1655628784812589 -30.0625 -60.5 5.902758071783947 0 
0000 0011 1655628784814312 -17.0625 -57.5 4.6878452877785195 0 
0000 0014 1655628784815463 104.125 -60.5 1.576932249946439 0 
0000 0003 1655628784816391 -117.125 -69.0 4.663301595172349 0 
0000 0006 1655628784818185 -286.4375 -69.5 1.859184714917397 0 
0000 0013 1655628784819713 -70.75 -67.0 0.619728238305799 0 
0000 0002 1655628784821041 -139.125 -71.5 1.9757672547967058 0 
0000 0000 1655628784842348 -4.0625 -77.5 0.4172427743048944 0 
0000 0010 1655628784918804 117.125 -61.0 0.8344855486097889 0 
0000 0011 1655628784919716 -34.9375 -57.5 4.706253057233147 0 
0000 0015 1655628784921957 33.3125 -58.5 0.6933593161243098 0 
0000 0014 1655628784922892 -14.625 -61.0 1.7303303287350031 0 
0000 0013 1655628784923787 113.875 -66.5 0.4479223900626072 0 
0000 0006 1655628784924671 108.1875 -70.0 1.3499030933393643 0 
0000 0005 1655628784925625 30.0625 -61.0 5.872078456026235 0 
0000 0009 1655628784926493 -43.125 -57.0 3.5833791205008576 0 
0000 0008 1655628784927862 30.0625 -57.5 0.9756117810952678 0 
0000 0004 1655628784928789 -95.1875 -71.0 5.792311455056181 0 
0000 0003 1655628784930214 -30.0625 -69.5 4.681709364626977 0 
0000 0002 1655628784932021 -186.3125 -72.5 2.12916533358527 0 
0000 0012 1655628784933180 18.6875 -62.0 5.976389149602458 0 
0000 0000 1655628784955148 -6.5 -77.5 0.4049709280018093 0 
0000 0013 1655628785031870 33.3125 -67.5 0.5890486225480862 0 
0000 0006 1655628785032769 156.1875 -72.0 1.3560390164909069 0 
0000 0009 1655628785033693 -13.0 -57.0 3.5342917352885173 0 
0000 0012 1655628785034869 90.3125 -62.0 5.93343768754166 0 
0000 0008 1655628785035768 52.0625 -57.5 0.9510680884890975 0 
0000 0004 1655628785038860 -108.1875 -71.0 5.780039608753096 0 
0000 0010 1655628785039770 39.0 -61.0 0.944932165337555 0 
0000 0011 1655628785040923 -74.0 -57.5 4.693981210930062 0 
0000 0015 1655628785042821 -23.5625 -58.0 0.7976700097005334 0 
0000 0005 1655628785043718 -17.0625 -60.5 5.93343768754166 0 
0000 0014 1655628785045379 104.125 -61.5 1.5830681730979816 0 
0000 0003 1655628785047655 -65.0625 -69.0 4.669437518323892 0 
0000 0002 1655628785053393 -459.75 -70.5 2.405281875404685 0 
0000 0000 1655628785075833 22.6875 -77.5 0.36815538909255385 0 
0000 0010 1655628785150675 8.9375 -61.0 1.012427320004523 0 
0000 0009 1655628785151884 -4.0625 -57.0 3.5833791205008576 0 
0000 0003 1655628785153509 -126.125 -68.0 4.7307967498393175 0 
0000 0014 1655628785155733 80.5625 -61.0 1.607611865704152 0 
0000 0013 1655628785156926 127.75 -66.5 0.3988350048502667 0 
0000 0004 1655628785158091 39.0 -70.5 5.755495916146925 0 
0000 0011 1655628785159684 -39.0 -57.5 4.6878452877785195 0 
0000 0005 1655628785160873 4.0625 -60.5 5.884350302329319 0 
0000 0006 1655628785164252 -74.0 -69.5 1.6321555583103222 0 
0000 0008 1655628785165178 -21.9375 -57.0 1.055378782065321 0 
0000 0015 1655628785166393 9.75 -58.0 0.7363107781851077 0 
0000 0012 1655628785167415 14.625 -62.5 6.000932842208628 0 
0000 0002 1655628785170289 -191.1875 -72.5 2.356194490192345 0 
0000 0000 1655628785190249 -3.1875 -77.0 0.4172427743048944 0 
0000 0010 1655628785267945 -91.125 -61.0 1.1351457830353744 0 
0000 0003 1655628785269116 43.125 -69.0 4.577398671050753 0 
0000 0015 1655628785270010 52.0625 -58.5 0.6872233929727672 0 
0000 0012 1655628785270916 -33.3125 -62.5 6.080699843178682 0 
0000 0009 1655628785272051 -4.0625 -57.0 3.6140587362585705 0 
0000 0013 1655628785273726 104.125 -67.0 0.4540583132141498 0 
0000 0014 1655628785275084 -18.6875 -61.0 1.705786636128833 0 
0000 0005 1655628785278181 -26.0 -60.5 5.9518454569962875 0 
0000 0008 1655628785280619 -21.9375 -57.0 1.0983302441261191 0 
0000 0011 1655628785281743 -52.0625 -57.5 4.755340442445488 0 
0000 0004 1655628785285276 -165.1875 -70.5 5.841398840268521 0 
0000 0002 1655628785287633 -195.25 -73.0 2.270291566070749 0 
0000 0006 1655628785288952 100.0625 -69.0 1.6873788666742053 0 
0000 0000 1655628785303448 24.375 -76.5 0.3374757733348411 0 
0000 0012 1655628785385231 66.6875 -62.0 6.056156150572511 0 
0000 0015 1655628785386761 -9.75 -58.5 0.7731263170943632 0 
0000 0005 1655628785387660 13.0 -60.5 5.93343768754166 0 
0000 0014 1655628785388584 -39.0 -60.5 1.748738098189631 0 
0000 0008 1655628785389454 -65.0625 -57.0 1.1965050145508 0 
0000 0004 1655628785390622 173.3125 -71.0 5.638913376267617 0 
0000 0010 1655628785391545 8.9375 -60.5 1.1290098598838318 0 
0000 0002 1655628785393697 -329.5625 -70.5 2.4850488763747385 0 
0000 0009 1655628785394604 -8.9375 -57.0 3.6754179677739964 0 
0000 0013 1655628785395780 -23.5625 -67.5 0.5276893910326605 0 
0000 0006 1655628785397903 -325.5 -70.0 2.043262409463674 0 
0000 0011 1655628785399057 39.0 -58.0 4.71238898038469 0 
0000 0003 1655628785400328 -173.3125 -69.0 4.841243366567084 0 
0000 0000 1655628785419303 4.0625 -78.0 0.4049709280018093 0 
0000 0009 1655628785498302 -13.0 -57.0 3.724505352986337 0 
0000 0014 1655628785500836 23.5625 -61.5 1.6566992509164924 0 
0000 0010 1655628785501718 -4.0625 -60.5 1.2026409377023426 0 
0000 0013 1655628785503405 56.9375 -66.5 0.47860200582032003 0 
0000 0012 1655628785504553 -56.9375 -61.5 6.234097921967246 0 
0000 0005 1655628785505537 26.0 -60.5 5.927301764390117 0 
0000 0011 1655628785506705 -48.0 -58.0 4.865787059173254 0 
0000 0004 1655628785507602 39.0 -72.0 5.638913376267617 0 
0000 0008 1655628785511123 52.0625 -57.0 1.1167380135807468 0 
0000 0015 1655628785512256 52.0625 -58.5 0.6749515466696822 0 
0000 0003 1655628785514543 -121.25 -68.5 4.76147636559703 0 
0000 0002 1655628785519183 48.0 -72.0 1.9082721001297376 0 
0000 0006 1655628785522249 -173.3125 -70.0 2.073942025221387 0 
0000 0000 1655628785537302 44.6875 -77.0 0.32520392703175593 0 
0000 0009 1655628785620943 -17.0625 -56.5 3.7429131224409646 0 
0000 0011 1655628785622213 -56.125 -57.5 4.896466674930966 0 
0000 0010 1655628785623365 30.0625 -60.5 1.2333205534600555 0 
0000 0005 1655628785624547 -17.0625 -60.5 6.019340611663256 0 
0000 0015 1655628785625694 9.75 -58.0 0.7179030087304801 0 
0000 0013 1655628785626591 -134.25 -65.5 0.705631162427395 0 
0000 0014 1655628785627710 26.0 -61.0 1.6996507129772904 0 
0000 0008 1655628785629865 8.9375 -57.0 1.1474176293384597 0 
0000 0003 1655628785631718 -100.0625 -69.0 4.7307967498393175 0 
0000 0006 1655628785633901 82.1875 -71.5 1.7978254834019713 0 
0000 0012 1655628785635896 -70.75 -62.0 6.258641614573416 0 
0000 0004 1655628785636826 113.0625 -70.0 5.706408530934585 0 
0000 0002 1655628785641602 -30.0625 -73.0 2.2641556429192065 0 
0000 0000 1655628785660104 -6.5 -77.0 0.35588354278946877 0 
0000 0008 1655628785740035 34.9375 -57.0 1.0921943209745766 0 
0000 0009 1655628785740989 -26.0 -57.0 3.767456815047135 0 
0000 0014 1655628785741847 0.0 -61.5 1.7303303287350031 0 
0000 0011 1655628785742807 -26.0 -57.5 4.92714629068868 0 
0000 0003 1655628785744454 -8.9375 -68.0 4.681709364626977 0 
0000 0015 1655628785745788 -38.1875 -58.0 0.803805932852076 0 
0000 0013 1655628785746737 70.75 -66.5 0.5767767762450011 0 
0000 0005 1655628785747927 0.0 -60.5 6.037748381117884 0 
0000 0010 1655628785749409 8.9375 -60.5 1.2517283229146832 0 
0000 0004 1655628785750550 -78.0625 -70.5 5.890486225480862 0 
0000 0012 1655628785751470 47.1875 -61.5 6.14819499784565 0 
0000 0002 1655628785762342 4.0625 -71.5 2.086213871524472 0 
0000 0000 1655628785788766 -12.1875 -77.0 0.3374757733348411 0 
0000 0006 1655628785791579 -4.0625 -74.5 1.7732817907958012 0 
0000 0008 1655628785862753 48.0 -57.0 1.1535535524900022 0 
0000 0004 1655628785864373 82.1875 -71.5 5.964117303299373 0 
0000 0014 1655628785865490 -14.625 -61.0 1.705786636128833 0 
0000 0010 1655628785866672 -26.0 -61.0 1.3008157081270237 0 
0000 0011 1655628785869383 -95.1875 -57.5 5.013049214810275 0 
0000 0005 1655628785870533 0.0 -60.5 6.12365130523948 0 
0000 0015 1655628785871444 -14.625 -58.0 0.7915340865489908 0 
0000 0013 1655628785872577 -4.875 -67.0 0.7853981633974483 0 
0000 0003 1655628785874032 -48.0 -68.5 4.706253057233147 0 
0000 0012 1655628785875686 0.0 -62.0 6.166602767300278 0 
0000 0009 1655628785877098 -17.0625 -57.0 3.7981364308048478 0 
0000 0002 1655628785883772 69.125 -71.0 2.098485717827557 0 
0000 0006 1655628785905806 -9.75 -74.5 1.8714565612204823 0 
0000 0000 1655628785910572 -14.625 -77.5 0.4479223900626072 0 
0000 0009 1655628785984343 -65.0625 -57.0 3.890175278077986 0 
0000 0015 1655628785985264 28.4375 -58.0 0.7240389318820226 0 
0000 0014 1655628785986664 -9.75 -60.5 1.7548740213411735 0 
0000 0011 1655628785988105 -43.125 -57.5 5.0253210611133605 0 
0000 0008 1655628785990540 21.9375 -57.0 1.1780972450961724 0 
0000 0012 1655628785991632 52.0625 -62.0 6.2034183062095325 0 
0000 0005 1655628785992769 -13.0 -60.5 6.092971689481767 0 
0000 0013 1655628785995413 0.0 -67.0 0.7792622402459057 0 
0000 0003 1655628785996813 -13.0 -68.5 4.73693267299086 0 
0000 0010 1655628785997782 13.0 -61.0 1.3314953238847365 0 
0000 0004 1655628786003523 13.0 -69.5 5.970253226450915 0 
0000 0002 1655628786006396 169.25 -72.0 1.8039614065535141 0 
0000 0006 1655628786029043 0.75 -74.0 5.264622064023521 0 
0000 0000 1655628786033683 7.3125 -77.0 0.4172427743048944 0 
0000 0004 1655628786106243 152.125 -68.5 5.829126993965437 0 
0000 0011 1655628786108814 -21.9375 -57.5 5.0253210611133605 0 
0000 0008 1655628786110264 30.0625 -57.0 1.1903690913992575 0 
0000 0003 1655628786111429 -43.125 -69.0 4.828971520263998 0 
0000 0009 1655628786112295 -8.9375 -57.0 3.822680123411018 0 
0000 0005 1655628786114129 -4.0625 -60.5 6.092971689481767 0 
0000 0013 1655628786115236 174.9375 -66.5 0.5706408530934585 0 
0000 0014 1655628786116142 -9.75 -61.0 1.7241944055834606 0 
0000 0002 1655628786118611 61.0 -71.5 2.012582793705961 0 
0000 0010 1655628786119819 65.0625 -60.5 1.2885438618239387 0 
0000 0015 1655628786120853 -14.625 -58.5 0.7731263170943632 0 
0000 0012 1655628786121730 -18.6875 -62.5 6.2463697682703305 0 
0000 0000 1655628786139610 6.5 -77.5 0.36815538909255385 0 
0000 0006 1655628786150947 -3.1875 -74.0 5.21553467881118 0 
0000 0011 1655628786223793 -26.0 -57.0 5.0253210611133605 0 
0000 0008 1655628786227421 26.0 -57.0 1.2026409377023426 0 
0000 0015 1655628786228339 -9.75 -58.5 0.7547185476397354 0 
0000 0009 1655628786230810 0.0 -57.0 3.847223816017188 0 
0000 0010 1655628786231954 74.0 -60.5 1.2946797849754812 0 
0000 0014 1655628786233117 80.5625 -61.0 1.6444274046134073 0 
0000 0004 1655628786236820 0.0 -69.0 5.921165841238575 0 
0000 0003 1655628786237738 -56.125 -69.0 4.632621979414636 0 
0000 0013 1655628786239833 -122.875 -66.5 0.8528933180644165 0 
0000 0012 1655628786240739 -52.0625 -62.5 0.018407769454627694 0 
0000 0005 1655628786242382 4.0625 -60.0 6.037748381117884 0 
0000 0002 1655628786246993 243.3125 -70.5 1.8530487917658545 0 
0000 0006 1655628786248004 -21.9375 -71.5 2.172116795646068 0 
0000 0000 1655628786276289 -26.0625 -78.0 0.4479223900626072 0 
0000 0015 1655628786350590 -23.5625 -58.0 0.7853981633974483 0 
0000 0014 1655628786352573 4.875 -61.0 1.6812429435226628 0 
0000 0003 1655628786354355 -65.0625 -68.5 4.614214209960009 0 
0000 0008 1655628786355465 52.0625 -57.0 1.1351457830353744 0 
0000 0010 1655628786356361 30.0625 -61.0 1.368310862793992 0 
0000 0006 1655628786364833 -8.9375 -70.0 2.3316507975861747 0 
0000 0009 1655628786366408 -8.9375 -57.0 3.8288160465625602 0 
0000 0011 1655628786367606 17.0625 -57.5 4.9394181369917645 0 
0000 0004 1655628786368477 52.0625 -70.5 5.706408530934585 0 
0000 0005 1655628786369710 -13.0 -61.0 6.166602767300278 0 
0000 0013 1655628786371032 -208.3125 -67.0 0.9387962421860124 0 
0000 0012 1655628786372217 38.1875 -62.0 6.2034183062095325 0 
0000 0002 1655628786375855 13.0 -72.0 1.9512235621905356 0 
0000 0000 1655628786392622 23.625 -77.0 0.20248546400090464 0 
0000 0012 1655628786473778 4.875 -62.0 6.240233845118788 0 
0000 0005 1655628786475414 21.9375 -61.0 6.105243535784852 0 
0000 0013 1655628786477230 80.5625 -67.0 0.5399612373357456 0 
0000 0011 1655628786478693 -26.0 -57.5 4.9394181369917645 0 
0000 0006 1655628786479605 -69.125 -70.0 2.497320722677824 0 
0000 0010 1655628786481519 26.0 -60.5 1.325359400733194 0 
0000 0008 1655628786482627 4.0625 -56.5 1.1780972450961724 0 
0000 0014 1655628786483818 -4.875 -61.0 1.6689710972195777 0 
0000 0003 1655628786484733 56.125 -68.5 4.558990901596125 0 
0000 0015 1655628786486290 26.0 -58.0 0.7424467013366504 0 
0000 0004 1655628786489313 -56.125 -68.5 5.957981380147831 0 
0000 0009 1655628786490196 -43.125 -57.0 3.8410878928656453 0 
0000 0002 1655628786491241 -208.3125 -71.5 2.337786720737717 0 
0000 0000 1655628786517966 -12.1875 -77.0 0.4356505437595221 0 
0000 0011 1655628786591294 -34.9375 -57.5 4.9394181369917645 0 
0000 0015 1655628786594883 -9.75 -58.0 0.7363107781851077 0 
0000 0008 1655628786596407 -26.0 -57.0 1.184233168247715 0 
0000 0009 1655628786597276 -30.0625 -57.0 3.890175278077986 0 
0000 0005 1655628786598215 -48.0 -61.0 6.086835766330224 0 
0000 0014 1655628786599558 -38.1875 -61.0 1.6444274046134073 0 
0000 0010 1655628786600665 8.9375 -60.5 1.3928545554001621 0 
0000 0002 1655628786601624 -87.0625 -70.5 2.3071071049800045 0 
0000 0012 1655628786602528 9.75 -61.5 6.264777537724958 0 
0000 0013 1655628786603704 -9.75 -66.5 0.6872233929727672 0 
0000 0006 1655628786605524 152.125 -69.5 2.1475731030398975 0 
0000 0003 1655628786606425 -251.4375 -69.0 4.816699673960914 0 
0000 0004 1655628786608170 74.0 -68.5 5.835262917116979 0 
0000 0000 1655628786629258 18.75 -77.0 0.18407769454627693 0 
0000 0014 1655628786706752 85.4375 -61.0 1.5707963267948966 0 
0000 0009 1655628786708157 -21.9375 -57.0 3.8717675086233583 0 
0000 0011 1655628786709342 -48.0 -57.5 4.908738521234052 0 
0000 0013 1655628786710958 85.4375 -66.0 0.4908738521234052 0 
0000 0006 1655628786712609 152.125 -68.0 2.1905245651006955 0 
0000 0004 1655628786713534 95.1875 -68.5 5.712544454086128 0 
0000 0005 1655628786714420 -78.0625 -61.0 6.013204688511713 0 
0000 0010 1655628786715316 30.0625 -60.0 1.337631247036279 0 
0000 0015 1655628786717415 -34.9375 -58.0 0.7976700097005334 0 
0000 0008 1655628786718850 13.0 -57.0 1.214912784005428 0 
0000 0012 1655628786720947 14.625 -62.0 6.277049384028044 0 
0000 0002 1655628786723985 39.0 -73.5 2.1966604882522383 0 
0000 0003 1655628786726647 182.25 -69.0 4.227651051412827 0 
0000 0000 1655628786752650 4.875 -77.5 0.4049709280018093 0 
0000 0014 1655628786827730 13.0 -61.5 1.6198837120072371 0 
0000 0013 1655628786829091 -66.6875 -67.0 0.5583690067903734 0 
0000 0005 1655628786830496 -17.0625 -62.0 5.859806609723149 0 
0000 0010 1655628786831679 113.0625 -60.5 1.3008157081270237 0 
0000 0011 1655628786834099 -21.9375 -57.5 4.865787059173254 0 
0000 0012 1655628786836825 -28.4375 -61.5 0.1043106935762236 0 
0000 0003 1655628786838982 -91.125 -69.5 4.430136515413731 0 
0000 0008 1655628786840023 34.9375 -57.0 1.1474176293384597 0 
0000 0015 1655628786840945 42.3125 -58.5 0.6810874698212247 0 
0000 0004 1655628786841859 -95.1875 -68.5 5.945709533844745 0 
0000 0009 1655628786842783 43.125 -57.0 3.80427235395639 0 
0000 0006 1655628786845659 -95.1875 -68.0 2.3439226438892597 0 
0000 0002 1655628786848891 -91.125 -72.0 2.521864415283994 0 
0000 0000 1655628786870452 -7.3125 -78.0 0.35588354278946877 0 
0000 0013 1655628786946548 14.625 -67.0 0.3374757733348411 0 
0000 0005 1655628786947432 -17.0625 -62.5 5.773903685601553 0 
0000 0003 1655628786949084 165.1875 -69.0 4.086524818927348 0 
0000 0015 1655628786949974 18.6875 -58.0 0.6872233929727672 0 
0000 0008 1655628786951166 0.0 -57.0 1.227184630308513 0 
0000 0009 1655628786953298 -48.0 -57.0 3.9147189706841563 0 
0000 0011 1655628786957573 -13.0 -57.5 4.884194828627882 0 
0000 0012 1655628786959628 14.625 -62.0 0.01227184630308513 0 
0000 0014 1655628786961872 18.6875 -60.5 1.6505633277649499 0 
0000 0010 1655628786963038 -17.0625 -60.5 1.4726215563702154 0 
0000 0004 1655628786964618 -43.125 -69.0 5.829126993965437 0 
0000 0002 1655628786966692 -121.25 -72.0 2.6875343403756435 0 
0000 0006 1655628786968254 -160.3125 -70.0 2.36846633649543 0 
0000 0000 1655628786988835 17.0625 -77.0 0.17794177139473438 0 
0000 0009 1655628787065266 -8.9375 -57.0 3.8963112012295285 0 
0000 0013 1655628787066317 -99.25 -67.5 0.4479223900626072 0 
0000 0002 1655628787067291 78.0625 -73.0 2.552544031041707 0 
0000 0008 1655628787068244 -17.0625 -57.0 1.2087768608538851 0 
0000 0015 1655628787069165 -18.6875 -57.5 0.7179030087304801 0 
0000 0003 1655628787070093 -8.9375 -70.0 4.264466590322082 0 
0000 0005 1655628787071035 -26.0 -63.5 5.6941366846315 0 
0000 0011 1655628787071961 17.0625 -57.0 4.798291904506286 0 
0000 0004 1655628787073597 -48.0 -69.5 5.8475347634200645 0 
0000 0010 1655628787074493 -13.0 -60.0 1.4848934026733007 0 
0000 0014 1655628787075428 94.375 -60.5 1.5953400194010667 0 
0000 0012 1655628787077449 14.625 -61.5 0.03681553890925539 0 
0000 0006 1655628787080197 -100.0625 -70.5 2.2580197197676637 0 
0000 0000 1655628787102068 -13.875 -78.0 0.20248546400090464 0 
0000 0013 1655628787177329 80.5625 -66.5 0.3374757733348411 0 
0000 0011 1655628787178919 8.9375 -57.5 4.8351074434155406 0 
0000 0015 1655628787180863 18.6875 -57.5 0.6933593161243098 0 
0000 0005 1655628787182211 -56.125 -63.0 5.706408530934585 0 
0000 0014 1655628787183330 38.1875 -60.5 1.6198837120072371 0 
0000 0003 1655628787184456 -34.9375 -70.0 4.196971435655114 0 
0000 0010 1655628787185337 -26.0 -60.0 1.4726215563702154 0 
0000 0006 1655628787187595 48.0 -71.0 1.9819031779482483 0 
0000 0008 1655628787188861 69.125 -57.0 1.0799224746714913 0 
0000 0009 1655628787190692 8.9375 -57.0 3.8963112012295285 0 
0000 0012 1655628787191601 42.3125 -61.5 0.0 0 
0000 0004 1655628787194254 -48.0 -68.5 5.902758071783947 0 
0000 0002 1655628787196178 364.5625 -71.5 1.8837284075235674 0 
0000 0000 1655628787220965 30.0 -77.5 0.0674951546669682 0 
0000 0015 1655628787295283 13.0 -57.5 0.7117670855789375 0 
0000 0003 1655628787296398 -308.375 -69.0 4.448544284868359 0 
0000 0011 1655628787298399 -56.125 -57.5 4.945554060143307 0 
0000 0013 1655628787299828 -18.6875 -68.5 0.4479223900626072 0 
0000 0014 1655628787300691 47.1875 -60.5 1.6321555583103222 0 
0000 0009 1655628787301840 -17.0625 -56.5 3.890175278077986 0 
0000 0008 1655628787303263 56.125 -57.0 1.0983302441261191 0 
0000 0012 1655628787304197 -23.5625 -61.0 0.0859029241215959 0 
0000 0010 1655628787306778 -34.9375 -61.0 1.5585244804918115 0 
0000 0004 1655628787307659 -8.9375 -68.0 5.681864838328415 0 
0000 0005 1655628787308944 -52.0625 -63.5 5.651185222570702 0 
0000 0002 1655628787310805 74.0 -71.5 2.3071071049800045 0 
0000 0006 1655628787312979 56.125 -72.5 1.8653206380689396 0 
0000 0000 1655628787336097 -24.375 -77.5 0.25157284921324513 0 
0000 0008 1655628787409635 30.0625 -57.0 1.1228739367322893 0 
0000 0009 1655628787411167 -8.9375 -56.5 3.9208548938356986 0 
0000 0006 1655628787412324 273.375 -71.5 1.902136176978195 0 
0000 0015 1655628787413228 -38.1875 -57.5 0.7731263170943632 0 
0000 0014 1655628787415009 75.625 -60.0 1.5707963267948966 0 
0000 0011 1655628787415952 -39.0 -57.5 4.878058905476339 0 
0000 0012 1655628787417070 -14.625 -61.5 0.0674951546669682 0 
0000 0002 1655628787417944 82.1875 -72.0 2.3009711818284617 0 
0000 0010 1655628787420243 -13.0 -60.0 1.5278448647340985 0 
0000 0005 1655628787421398 -82.1875 -63.5 5.638913376267617 0 
0000 0003 1655628787422325 -43.125 -69.5 4.080388895775806 0 
0000 0004 1655628787423194 -17.0625 -68.0 5.8659425328746915 0 
0000 0013 1655628787424117 -30.0625 -67.0 0.4049709280018093 0 
0000 0000 1655628787453434 -7.3125 -77.5 0.09203884727313846 0 
0000 0011 1655628787525903 -21.9375 -58.0 4.828971520263998 0 
0000 0012 1655628787528141 0.0 -61.0 0.0674951546669682 0 
0000 0015 1655628787528990 0.0 -57.5 0.6872233929727672 0 
0000 0014 1655628787529901 85.4375 -60.0 1.552388557340269 0 
0000 0008 1655628787530769 -34.9375 -57.0 1.1719613219446299 0 
0000 0010 1655628787532657 17.0625 -60.0 1.521708941582556 0 
0000 0009 1655628787534832 -17.0625 -56.5 3.9208548938356986 0 
0000 0003 1655628787535762 -204.25 -70.5 4.23378697456437 0 
0000 0005 1655628787537057 -21.9375 -63.5 5.516194913236766 0 
0000 0004 1655628787537986 225.375 -67.5 5.663457068873787 0 
0000 0013 1655628787539345 118.75 -67.0 0.25157284921324513 0 
0000 0006 1655628787540512 -52.0625 -70.5 2.2948352586769194 0 
0000 0002 1655628787543814 -117.125 -71.0 2.5586799541932495 0 
0000 0000 1655628787561598 -17.8125 -77.0 0.21475731030398976 0 
0000 0006 1655628787639172 -108.1875 -70.5 2.36846633649543 0 
0000 0009 1655628787640095 17.0625 -56.5 3.890175278077986 0 
0000 0005 1655628787641477 -134.25 -64.0 5.546874528994478 0 
0000 0008 1655628787643139 48.0 -57.0 1.086058397823034 0 
0000 0015 1655628787644768 18.6875 -58.0 0.6504078540635119 0 
0000 0010 1655628787646956 17.0625 -60.0 1.5278448647340985 0 
0000 0014 1655628787647835 75.625 -60.5 1.509437095279471 0 
0000 0012 1655628787649234 4.875 -61.0 0.07363107781851078 0 
0000 0011 1655628787650135 95.1875 -58.0 4.608078286808466 0 
0000 0004 1655628787652265 -91.125 -68.5 5.8475347634200645 0 
0000 0002 1655628787653378 21.9375 -72.0 2.356194490192345 0 
0000 0003 1655628787654321 -39.0 -70.5 4.123340357836604 0 
0000 0013 1655628787656677 70.75 -66.5 0.28838838812250056 0 
0000 0000 1655628787695124 -2.4375 -78.5 0.2086213871524472 0 
0000 0006 1655628787762780 -143.1875 -70.5 2.5832236467994196 0 
0000 0005 1655628787763961 -74.0 -64.0 5.442563835418255 0 
0000 0012 1655628787765051 -56.9375 -61.5 0.15339807878856412 0 
0000 0009 1655628787766214 -13.0 -57.0 3.9453985864418692 0 
0000 0015 1655628787767065 38.1875 -57.5 0.6504078540635119 0 
0000 0003 1655628787768249 -34.9375 -71.0 3.9453985864418692 0 
0000 0014 1655628787769674 0.0 -60.5 1.6198837120072371 0 
0000 0008 1655628787775812 0.0 -57.0 1.1658253987930873 0 
0000 0002 1655628787777298 -4.0625 -72.0 2.4911847995262812 0 
0000 0010 1655628787778269 -61.0 -60.5 1.6260196351587797 0 
0000 0011 1655628787779208 -4.0625 -58.0 4.73693267299086 0 
0000 0013 1655628787780118 109.0 -67.0 0.2761165418194154 0 
0000 0004 1655628787783040 -121.25 -68.5 5.872078456026235 0 
0000 0000 1655628787823488 0.4375 -78.0 0.19634954084936207 0 
0000 0012 1655628787886563 23.5625 -61.0 0.09203884727313846 0 
0000 0011 1655628787888851 -21.9375 -58.0 4.7860200582032 0 
0000 0005 1655628787889720 -43.125 -64.0 5.381204603902829 0 
0000 0015 1655628787890655 18.6875 -57.0 0.6565437772150544 0 
0000 0010 1655628787891608 13.0 -60.0 1.521708941582556 0 
0000 0009 1655628787893040 -8.9375 -57.0 3.8963112012295285 0 
0000 0008 1655628787894464 17.0625 -58.0 1.1290098598838318 0 
0000 0014 1655628787895825 132.625 -60.5 1.533980787885641 0 
0000 0006 1655628787897858 130.1875 -70.0 2.5034566458293663 0 
0000 0002 1655628787898743 26.0 -71.0 2.435961491162398 0 
0000 0013 1655628787900151 122.875 -66.5 0.25157284921324513 0 
0000 0003 1655628787901109 126.125 -72.0 3.718369429834794 0 
0000 0004 1655628787901991 91.125 -67.0 5.737088146692298 0 
0000 0000 1655628787948413 8.8125 -78.0 0.1595340019401067 0 
0000 0010 1655628788007434 52.0625 -60.0 1.3928545554001621 0 
0000 0009 1655628788008358 -61.0 -57.0 3.9269908169872414 0 
0000 0015 1655628788009759 -4.875 -57.5 0.6749515466696822 0 
0000 0011 1655628788010690 -52.0625 -58.0 4.853515212870168 0 
0000 0005 1655628788011813 -91.125 -64.5 5.473243451175968 0 
0000 0008 1655628788012798 52.0625 -57.5 1.1228739367322893 0 
0000 0002 1655628788013730 247.375 -72.5 2.1475731030398975 0 
0000 0003 1655628788015856 -87.0625 -71.5 4.184699589352029 0 
0000 0012 1655628788017609 28.4375 -61.5 0.06135923151542565 0 
0000 0006 1655628788018519 -13.0 -70.5 2.804116880254952 0 
0000 0014 1655628788019439 -14.625 -60.5 1.6260196351587797 0 
0000 0013 1655628788020629 9.75 -67.0 0.30066023442558565 0 
0000 0004 1655628788023525 0.0 -68.0 5.816855147662351 0 
0000 0000 1655628788049590 26.8125 -77.5 0.11658253987930872 0 
0000 0013 1655628788122217 -38.1875 -67.5 0.3436116964863836 0 
0000 0014 1655628788123362 4.875 -60.5 1.6505633277649499 0 
0000 0010 1655628788125863 -34.9375 -60.5 1.521708941582556 0 
0000 0008 1655628788127414 52.0625 -57.5 1.1044661672776617 0 
0000 0011 1655628788128698 -52.0625 -57.5 4.847379289718626 0 
0000 0005 1655628788129890 -95.1875 -64.5 5.4671075280244255 0 
0000 0009 1655628788130786 -21.9375 -57.0 3.8533597391687304 0 
0000 0015 1655628788132302 -18.6875 -57.5 0.6933593161243098 0 
0000 0003 1655628788133571 48.0 -71.0 3.847223816017188 0 
0000 0006 1655628788134732 -143.1875 -70.0 2.2027964114037806 0 
0000 0012 1655628788135637 -28.4375 -61.0 0.09817477042468103 0 
0000 0002 1655628788136978 74.0 -72.5 2.270291566070749 0 
0000 0004 1655628788138281 -126.125 -68.5 5.896622148632405 0 
0000 0000 1655628788176276 16.125 -77.5 0.0859029241215959 0 
0000 0005 1655628788241355 -34.9375 -64.0 5.393476450205914 0 
0000 0004 1655628788242465 69.125 -68.5 5.859806609723149 0 
0000 0008 1655628788244084 -13.0 -57.5 1.1596894756415448 0 
0000 0011 1655628788245265 4.0625 -58.0 4.755340442445488 0 
0000 0015 1655628788246201 14.625 -57.5 0.662679700366597 0 
0000 0014 1655628788248314 -56.9375 -60.0 1.7426021750380885 0 
0000 0009 1655628788251474 -30.0625 -57.0 3.865631585471816 0 
0000 0010 1655628788253094 -26.0 -60.5 1.4419419406125027 0 
0000 0012 1655628788265382 -23.5625 -61.5 0.01227184630308513 0 
0000 0003 1655628788266626 -204.25 -71.0 4.252194744018997 0 
0000 0002 1655628788267782 -394.625 -72.5 3.06182565261974 0 
0000 0013 1655628788268730 90.3125 -67.0 0.17794177139473438 0 
0000 0000 1655628788316818 22.875 -77.5 0.06135923151542565 0 
0000 0006 1655628788454749 -4.0 -76.0 2.1475731030398975 0 
0000 0010 1655628788464427 -21.9375 -60.5 1.1474176293384597 0 
0000 0004 1655628788465723 108.1875 -68.0 5.945709533844745 0 
0000 0015 1655628788466629 52.0625 -57.5 0.6320000846088841 0 
0000 0011 1655628788468512 -69.125 -57.5 4.853515212870168 0 
0000 0008 1655628788469467 -26.0 -58.0 1.2026409377023426 0 
0000 0009 1655628788470619 -30.0625 -57.0 3.890175278077986 0 
0000 0012 1655628788472325 14.625 -61.5 0.01227184630308513 0 
0000 0003 1655628788473948 -152.125 -70.5 4.1417481272912315 0 
0000 0014 1655628788475733 66.6875 -60.0 1.5892040962495242 0 
0000 0005 1655628788477242 -95.1875 -64.0 5.381204603902829 0 
0000 0013 1655628788478122 -66.6875 -66.5 0.3988350048502667 0 
0000 0000 1655628788499059 -8.0625 -77.5 0.32520392703175593 0 
0000 0006 1655628788547165 2.875 -75.5 2.1782527187976104 0 
0000 0013 1655628788583986 85.4375 -67.5 0.3129320807286708 0 
0000 0009 1655628788585095 -48.0 -57.5 3.902447124381071 0 
0000 0002 1655628788586267 -178.1875 -71.0 2.816388726558037 0 
0000 0012 1655628788587455 -4.875 -61.5 0.04295146206079795 0 
0000 0015 1655628788589157 -14.625 -57.5 0.6872233929727672 0 
0000 0011 1655628788590780 -48.0 -57.5 4.859651136021712 0 
0000 0010 1655628788593349 -17.0625 -61.0 1.1351457830353744 0 
0000 0005 1655628788594746 126.125 -63.5 5.105088062083414 0 
0000 0014 1655628788595694 28.4375 -60.5 1.5892040962495242 0 
0000 0008 1655628788597357 26.0 -57.5 1.1596894756415448 0 
0000 0003 1655628788599123 -243.3125 -71.5 4.28287435977671 0 
0000 0004 1655628788600417 17.0625 -70.0 5.9518454569962875 0 
0000 0000 1655628788628294 17.0625 -77.5 0.2761165418194154 0 
0000 0006 1655628788701453 -4.375 -75.5 2.184388641949153 0 
0000 0011 1655628788719082 -8.9375 -57.5 4.816699673960914 0 
0000 0010 1655628788720869 17.0625 -60.0 1.1780972450961724 0 
0000 0005 1655628788721784 -195.25 -63.5 5.5100589900852235 0 
0000 0004 1655628788722938 -121.25 -69.0 6.135923151542564 0 
0000 0008 1655628788724356 13.0 -57.0 1.2333205534600555 0 
0000 0014 1655628788726820 9.75 -60.5 1.6751070203711202 0 
0000 0009 1655628788728117 -34.9375 -57.5 3.9147189706841563 0 
0000 0013 1655628788729304 -23.5625 -67.0 0.5154175447295755 0 
0000 0003 1655628788730205 -169.25 -71.0 4.270602513473625 0 
0000 0002 1655628788731391 117.125 -71.0 2.478912953223196 0 
0000 0015 1655628788732296 -61.8125 -57.5 0.7424467013366504 0 
0000 0012 1655628788733868 47.1875 -62.0 6.258641614573416 0 
0000 0000 1655628788756195 12.1875 -78.0 0.17794177139473438 0 
0000 0006 1655628788776927 10.1875 -76.0 2.141437179888355 0 
0000 0013 1655628788840056 146.4375 -67.0 0.25157284921324513 0 
0000 0010 1655628788842068 0.0 -60.5 1.141281706186917 0 
0000 0005 1655628788843254 -26.0 -63.5 5.325981295538946 0 
0000 0011 1655628788845140 21.9375 -58.0 4.792155981354743 0 
0000 0008 1655628788846066 26.0 -57.5 1.2026409377023426 0 
0000 0012 1655628788846957 38.1875 -61.5 0.006135923151542565 0 
0000 0009 1655628788848589 -17.0625 -57.0 3.9085830475326135 0 
0000 0015 1655628788850390 -33.3125 -57.0 0.7240389318820226 0 
0000 0014 1655628788851550 4.875 -60.0 1.6566992509164924 0 
0000 0003 1655628788852721 -212.375 -70.0 4.381049130201391 0 
0000 0004 1655628788855158 113.0625 -67.5 5.816855147662351 0 
0000 0002 1655628788856950 -8.9375 -71.0 2.2886993355253766 0 
0000 0006 1655628788870704 16.3125 -74.5 2.350058567040802 0 
0000 0000 1655628788876073 28.5 -78.0 0.2270291566070749 0 
0000 0011 1655628788958229 -8.9375 -57.5 4.828971520263998 0 
0000 0006 1655628788960495 -225.375 -69.5 2.742757648739526 0 
0000 0009 1655628788961384 0.0 -57.0 3.902447124381071 0 
0000 0008 1655628788962557 21.9375 -57.5 1.214912784005428 0 
0000 0003 1655628788963487 -134.25 -71.0 4.3503695144436785 0 
0000 0014 1655628788964379 21.9375 -59.5 1.6382914814618648 0 
0000 0012 1655628788965766 14.625 -61.5 0.05522330836388308 0 
0000 0015 1655628788966958 -28.4375 -57.0 0.7179030087304801 0 
0000 0004 1655628788969204 -26.0 -68.0 5.878214379177777 0 
0000 0010 1655628788970128 -13.0 -59.5 1.1535535524900022 0 
0000 0002 1655628788971242 -82.1875 -71.0 2.5341362615870793 0 
0000 0005 1655628788972622 39.0 -63.0 5.227806525114265 0 
0000 0013 1655628788973670 -4.875 -66.5 0.4295146206079795 0 
0000 0000 1655628788991076 -4.0625 -78.0 0.25770877236478773 0 
0000 0006 1655628789072430 -117.125 -69.5 2.6445828783148455 0 
0000 0005 1655628789073323 -4.0625 -63.5 5.221670601962723 0 
0000 0012 1655628789074246 -18.6875 -61.5 0.0859029241215959 0 
0000 0010 1655628789075852 21.9375 -59.5 1.2210487071569704 0 
0000 0009 1655628789077260 -56.125 -57.0 3.9760782021995817 0 
0000 0011 1655628789078351 0.0 -57.5 4.816699673960914 0 
0000 0014 1655628789080237 28.4375 -60.0 1.6812429435226628 0 
0000 0015 1655628789082599 0.0 -57.5 0.6749515466696822 0 
0000 0004 1655628789083744 -39.0 -68.0 5.927301764390117 0 
0000 0008 1655628789085080 30.0625 -57.5 1.2333205534600555 0 
0000 0013 1655628789086255 9.75 -67.5 0.5092816215780329 0 
0000 0003 1655628789089355 -43.125 -70.5 4.178563666200486 0 
0000 0002 1655628789091983 295.375 -72.0 2.2212041808584084 0 
0000 0000 1655628789114006 13.875 -78.0 0.2945243112740431 0 
0000 0003 1655628789190223 147.25 -70.5 4.037437433715008 0 
0000 0015 1655628789191852 42.3125 -57.5 0.619728238305799 0 
0000 0008 1655628789192990 87.0625 -57.5 1.1106020904292042 0 
0000 0010 1655628789194879 26.0 -59.0 1.3314953238847365 0 
0000 0005 1655628789196017 -82.1875 -63.5 5.3198453723874035 0 
0000 0011 1655628789197650 4.0625 -57.5 4.76147636559703 0 
0000 0006 1655628789199558 238.4375 -69.5 2.5893595699509624 0 
0000 0004 1655628789200484 52.0625 -66.5 5.890486225480862 0 
0000 0014 1655628789201616 14.625 -60.0 1.6260196351587797 0 
0000 0009 1655628789202527 -17.0625 -57.0 3.9085830475326135 0 
0000 0013 1655628789203720 -30.0625 -67.5 0.521553467881118 0 
0000 0002 1655628789204637 -234.3125 -70.0 2.8102528034064944 0 
0000 0012 1655628789207430 -33.3125 -61.0 0.09203884727313846 0 
0000 0000 1655628789235471 -1.625 -78.5 0.3865631585471816 0 
0000 0008 1655628789310042 43.125 -58.0 1.184233168247715 0 
0000 0005 1655628789314665 -134.25 -63.5 5.350524988145116 0 
0000 0010 1655628789316509 61.0 -59.5 1.325359400733194 0 
0000 0009 1655628789318256 -13.0 -57.0 3.9208548938356986 0 
0000 0014 1655628789319577 9.75 -60.5 1.6444274046134073 0 
0000 0012 1655628789320470 -33.3125 -61.5 0.0674951546669682 0 
0000 0011 1655628789321624 -65.0625 -58.0 4.865787059173254 0 
0000 0015 1655628789322799 -56.9375 -57.5 0.7547185476397354 0 
0000 0004 1655628789324322 173.3125 -68.5 5.884350302329319 0 
0000 0006 1655628789325233 26.0 -71.5 2.4911847995262812 0 
0000 0002 1655628789326166 195.25 -70.5 2.2948352586769194 0 
0000 0013 1655628789328246 109.0 -67.0 0.37429131224409645 0 
0000 0003 1655628789330211 -121.25 -69.5 4.154019973594316 0 
0000 0000 1655628789344823 19.5 -77.0 0.3129320807286708 0 
0000 0006 1655628789427172 13.0 -70.0 2.380738182798515 0 
0000 0002 1655628789428584 65.0625 -71.5 2.552544031041707 0 
0000 0013 1655628789429745 -42.3125 -66.5 0.4479223900626072 0 
0000 0009 1655628789430936 48.0 -57.0 3.834951969714103 0 
0000 0014 1655628789432067 42.3125 -60.0 1.5953400194010667 0 
0000 0011 1655628789433491 -61.0 -58.0 4.841243366567084 0 
0000 0010 1655628789435338 74.0 -59.5 1.2885438618239387 0 
0000 0005 1655628789437499 -34.9375 -63.5 5.325981295538946 0 
0000 0008 1655628789438665 -30.0625 -57.5 1.2885438618239387 0 
0000 0012 1655628789442319 -14.625 -61.5 0.07976700097005335 0 
0000 0015 1655628789443224 9.75 -57.0 0.6872233929727672 0 
0000 0004 1655628789445074 26.0 -68.5 6.092971689481767 0 
0000 0003 1655628789447248 -65.0625 -70.5 4.086524818927348 0 
