0000 0003 1656322070914611 -21.9375 -60.5 2.000310947402876 18 
0000 0015 1656322070919002 -94.375 -70.0 6.000932842208628 18 
0000 0008 1656322070920566 56.125 -61.5 1.7978254834019713 18 
0000 0002 1656322070927109 -269.3125 -70.0 5.399612373357457 18 
0000 0014 1656322070930897 -161.125 -71.5 6.086835766330224 18 
0000 0009 1656322070955136 -4.0625 -71.5 0.8528933180644165 18 
0000 0002 1656322071034708 34.9375 -70.0 5.013049214810275 18 
0000 0003 1656322071035649 39.0 -60.0 1.9634954084936207 18 
0000 0015 1656322071036981 142.375 -68.0 6.019340611663256 18 
0000 0008 1656322071037836 26.0 -62.0 1.945087639038993 18 
0000 0014 1656322071043435 -9.75 -70.5 5.626641529964532 18 
0000 0009 1656322071061857 4.875 -70.5 4.025165587411922 18 
0000 0014 1656322071144834 265.25 -71.0 5.418020142812084 18 
0000 0008 1656322071145803 -39.0 -62.5 2.000310947402876 18 
0000 0015 1656322071146690 0.0 -67.5 6.117515382087937 18 
0000 0002 1656322071149238 13.0 -70.5 5.056000676871073 18 
0000 0003 1656322071152207 34.9375 -60.0 1.9819031779482483 18 
0000 0009 1656322071181025 17.0625 -71.0 4.0987966652304335 18 
0000 0003 1656322071258507 26.0 -60.5 1.9819031779482483 18 
0000 0002 1656322071261061 13.0 -70.0 5.197126909356553 18 
0000 0008 1656322071262596 -21.9375 -62.5 1.932815792735908 18 
0000 0015 1656322071263461 18.6875 -68.0 5.8659425328746915 18 
0000 0014 1656322071267184 -265.25 -70.0 0.018407769454627694 18 
0000 0009 1656322071286181 12.9375 -71.5 0.8222137023067037 18 
0000 0003 1656322071372738 8.9375 -60.5 1.9819031779482483 18 
0000 0008 1656322071374799 78.0625 -63.0 1.9696313316451632 18 
0000 0002 1656322071375870 -121.25 -71.5 5.0682725231741586 18 
0000 0014 1656322071379090 -109.0 -73.5 5.982525072754001 18 
0000 0015 1656322071380660 4.875 -69.0 5.915029918087033 18 
0000 0009 1656322071399559 19.5 -71.5 0.8958447801252144 18 
0000 0014 1656322071484436 14.625 -72.0 5.773903685601553 18 
0000 0003 1656322071485462 4.0625 -60.0 2.000310947402876 18 
0000 0008 1656322071486376 43.125 -62.5 1.9389517158874505 18 
0000 0002 1656322071487307 191.1875 -71.0 4.822835597112456 18 
0000 0015 1656322071489907 -118.75 -68.5 6.080699843178682 18 
0000 0009 1656322071506928 17.0625 -71.5 0.8897088569736719 18 
0000 0014 1656322071592864 -48.0 -71.0 5.884350302329319 18 
0000 0003 1656322071593749 -34.9375 -60.5 2.061670178918302 18 
0000 0008 1656322071596058 39.0 -62.0 2.030990563160589 18 
0000 0015 1656322071597815 80.5625 -69.5 5.878214379177777 18 
0000 0002 1656322071599704 208.3125 -70.5 4.945554060143307 18 
0000 0009 1656322071617824 9.0 -71.5 0.9633399347921826 18 
0000 0002 1656322071705813 130.1875 -70.5 4.9823695990525625 18 
0000 0015 1656322071706733 113.875 -68.5 5.706408530934585 18 
0000 0003 1656322071708739 -52.0625 -61.0 2.12916533358527 18 
0000 0008 1656322071710752 -87.0625 -62.5 2.1537090261914402 18 
0000 0014 1656322071713298 23.5625 -71.5 6.037748381117884 18 
0000 0009 1656322071735884 -0.75 -71.5 4.147884050442774 18 
0000 0002 1656322071814372 -225.375 -70.5 5.368932757599744 18 
0000 0008 1656322071816987 104.125 -62.0 1.9573594853420782 18 
0000 0003 1656322071819073 -13.0 -60.5 2.0493983326152168 18 
0000 0014 1656322071820220 -23.5625 -72.0 5.8659425328746915 18 
0000 0015 1656322071822344 -47.1875 -68.5 5.957981380147831 18 
0000 0009 1656322071844670 2.4375 -71.0 4.147884050442774 18 
0000 0015 1656322071927391 -174.9375 -68.0 6.117515382087937 18 
0000 0008 1656322071928302 91.125 -62.0 1.8653206380689396 18 
0000 0003 1656322071929159 -52.0625 -60.5 2.0923497946760143 18 
0000 0002 1656322071930851 -48.0 -70.5 5.074408446325701 18 
0000 0014 1656322071942646 -302.6875 -73.0 0.01227184630308513 18 
0000 0009 1656322071966551 -6.5 -71.5 1.012427320004523 18 
0000 0002 1656322072046382 -100.0625 -70.5 5.270757987175063 18 
0000 0015 1656322072047682 94.375 -68.5 5.915029918087033 18 
0000 0003 1656322072052007 -74.0 -60.5 2.0800779483729293 18 
0000 0008 1656322072053274 -34.9375 -62.5 1.9819031779482483 18 
0000 0014 1656322072054155 -255.5 -73.5 0.0859029241215959 18 
0000 0009 1656322072077472 -2.4375 -71.0 1.055378782065321 18 
0000 0002 1656322072158234 -165.1875 -70.0 5.325981295538946 18 
0000 0003 1656322072159754 0.0 -60.5 2.000310947402876 18 
0000 0008 1656322072161308 -61.0 -62.0 2.0064468705544187 18 
0000 0015 1656322072162752 -255.5 -68.5 6.1420590746941075 18 
0000 0014 1656322072178090 -56.5 -73.0 6.050020227420969 18 
0000 0009 1656322072185874 0.75 -71.5 1.0492428589137786 18 
0000 0008 1656322072274530 -43.125 -62.0 1.9144080232812801 18 
0000 0003 1656322072275952 13.0 -60.5 2.000310947402876 18 
0000 0015 1656322072279209 -322.25 -68.5 6.2034183062095325 18 
0000 0014 1656322072291427 14.625 -69.5 5.890486225480862 18 
0000 0009 1656322072311124 -21.9375 -71.5 1.1474176293384597 18 
0000 0008 1656322072392926 -91.125 -63.0 1.9819031779482483 18 
0000 0002 1656322072395219 238.4375 -69.5 4.878058905476339 18 
0000 0015 1656322072396538 142.375 -70.0 5.8659425328746915 18 
0000 0003 1656322072398330 -26.0 -60.5 2.067806102069844 18 
0000 0014 1656322072414515 16.25 -73.5 5.973321188026687 18 
0000 0009 1656322072428366 2.4375 -71.5 0.9510680884890975 18 
0000 0002 1656322072508170 -100.0625 -70.5 5.098952138931871 18 
0000 0003 1656322072510638 43.125 -60.5 1.9512235621905356 18 
0000 0008 1656322072511806 143.1875 -62.5 1.736466251886546 18 
0000 0015 1656322072513150 -104.125 -69.0 6.086835766330224 18 
0000 0014 1656322072518797 -146.4375 -72.5 6.043884304269426 18 
0000 0009 1656322072543652 9.75 -71.0 0.9387962421860124 18 
0000 0014 1656322072619331 -307.5625 -72.5 6.234097921967246 18 
0000 0003 1656322072620300 -13.0 -60.0 2.000310947402876 18 
0000 0015 1656322072621449 307.5625 -68.0 5.651185222570702 18 
0000 0002 1656322072623945 -178.1875 -70.5 5.227806525114265 18 
0000 0008 1656322072626858 -169.25 -63.0 2.012582793705961 18 
0000 0009 1656322072644155 0.0 -71.0 0.859029241215959 18 
0000 0015 1656322072732021 -231.875 -68.0 6.17273869045182 18 
0000 0002 1656322072732891 130.1875 -70.0 4.847379289718626 18 
0000 0003 1656322072734018 52.0625 -59.5 1.9634954084936207 18 
0000 0008 1656322072734930 -78.0625 -62.5 1.88986433067511 18 
0000 0014 1656322072742991 -142.375 -71.0 6.252505691421874 18 
0000 0009 1656322072759009 -15.375 -71.0 1.030835089459151 18 
0000 0003 1656322072859730 -30.0625 -60.0 2.055534255766759 18 
0000 0002 1656322072861522 56.125 -69.5 4.970097752749477 18 
0000 0015 1656322072864142 250.625 -68.5 5.688000761479957 18 
0000 0008 1656322072865078 -8.9375 -62.5 1.8407769454627694 18 
0000 0009 1656322072869173 -30.0625 -69.0 0.9203884727313847 18 
0000 0014 1656322072875031 487.4375 -72.0 5.632777453116074 18 
0000 0009 1656322072973702 -303.5 -71.0 1.1351457830353744 18 
0000 0008 1656322072977123 0.0 -62.0 1.8837284075235674 18 
0000 0015 1656322072977990 4.875 -69.5 5.988660995905543 18 
0000 0003 1656322072978920 -43.125 -60.0 2.012582793705961 18 
0000 0002 1656322072980869 -43.125 -69.0 5.062136600022616 18 
0000 0014 1656322072991732 -56.5 -73.0 6.277049384028044 18 
0000 0009 1656322073007902 -0.75 -71.0 0.9756117810952678 18 
0000 0003 1656322073092889 8.9375 -60.0 1.9266798695843652 18 
0000 0002 1656322073094073 4.0625 -70.5 4.97623367590102 18 
0000 0008 1656322073094974 82.1875 -62.0 1.7119225592803755 18 
0000 0015 1656322073096334 -69.125 -68.0 6.135923151542564 18 
0000 0014 1656322073116596 -39.0625 -73.5 6.2463697682703305 18 
0000 0009 1656322073127652 -13.875 -71.5 1.000155473701438 18 
0000 0015 1656322073208298 -70.75 -68.0 6.062292073724054 18 
0000 0002 1656322073209583 182.25 -71.5 4.841243366567084 18 
0000 0003 1656322073211587 -8.9375 -60.0 2.030990563160589 18 
0000 0008 1656322073212755 17.0625 -62.5 1.8837284075235674 18 
0000 0014 1656322073228530 53.25 -73.5 6.031612457966341 18 
0000 0009 1656322073233197 8.0625 -71.5 0.9081166264282996 18 
0000 0003 1656322073319958 13.0 -60.5 1.9512235621905356 18 
0000 0015 1656322073321390 -94.375 -67.5 6.0991076126333095 18 
0000 0002 1656322073325474 -308.375 -70.0 5.473243451175968 18 
0000 0008 1656322073326880 39.0 -62.0 1.761009944492716 18 
0000 0014 1656322073343761 -15.0 -73.5 3.107845076256309 18 
0000 0009 1656322073353486 13.875 -71.0 0.8651651643675016 18 
0000 0015 1656322073436528 217.25 -69.5 5.902758071783947 18 
0000 0003 1656322073437469 -21.9375 -60.5 1.9880391010997909 18 
0000 0002 1656322073438401 -152.125 -69.5 5.197126909356553 18 
0000 0008 1656322073443820 0.0 -62.5 1.9082721001297376 18 
0000 0014 1656322073449820 -37.8125 -73.5 6.273981422452272 18 
0000 0009 1656322073470753 10.5 -71.5 3.9453985864418692 18 
0000 0002 1656322073550455 108.1875 -70.0 4.914874444385594 18 
0000 0008 1656322073551720 56.125 -62.0 1.8100973297050567 18 
0000 0015 1656322073552686 142.375 -67.5 5.896622148632405 18 
0000 0003 1656322073553613 -13.0 -60.5 1.9512235621905356 18 
0000 0014 1656322073562385 -11.75 -73.5 6.157398882572964 18 
0000 0009 1656322073579718 -9.0 -71.5 1.0369710126106935 18 
0000 0003 1656322073662914 26.0 -60.5 2.012582793705961 18 
0000 0008 1656322073664744 113.0625 -62.5 1.8346410223112268 18 
0000 0015 1656322073667378 -56.9375 -69.5 6.007068765360171 18 
0000 0009 1656322073668334 -65.0625 -70.5 0.9694758579437253 18 
0000 0002 1656322073670753 -21.9375 -70.0 5.080544369477243 18 
0000 0014 1656322073681319 82.5625 -73.0 5.832194955541207 18 
0000 0009 1656322073696364 4.0625 -71.0 0.8528933180644165 18 
0000 0014 1656322073773694 -9.75 -70.0 5.927301764390117 18 
0000 0009 1656322073775345 69.125 -69.5 0.6810874698212247 18 
0000 0002 1656322073776514 82.1875 -70.5 5.080544369477243 18 
0000 0003 1656322073777852 -95.1875 -61.0 2.2764274892222915 18 
0000 0008 1656322073780615 -121.25 -62.0 2.2518837966161214 18 
0000 0015 1656322073782840 -80.5625 -69.0 6.068427996875596 18 
0000 0002 1656322073881309 165.1875 -69.0 5.129631754689584 18 
0000 0008 1656322073883095 -69.125 -62.0 2.386874105950058 18 
0000 0009 1656322073884513 -61.0 -69.5 0.6381360077604268 18 
0000 0003 1656322073886194 -48.0 -62.5 3.2520392703175593 18 
0000 0014 1656322073888943 17.0625 -69.0 5.884350302329319 18 
0000 0015 1656322073890249 -56.9375 -69.0 5.773903685601553 18 
0000 0015 1656322073988159 -174.9375 -69.0 5.737088146692298 18 
0000 0003 1656322073989926 52.0625 -63.5 4.73693267299086 18 
0000 0009 1656322073991065 -26.0 -67.0 0.5154175447295755 18 
0000 0008 1656322073991964 -65.0625 -61.0 3.0066023442558567 18 
0000 0002 1656322073993586 69.125 -71.0 5.816855147662351 18 
0000 0014 1656322073996236 85.4375 -66.5 5.620505606812989 18 
0000 0006 1656322074018534 9.75 -74.5 4.718524903536232 18 
0000 0008 1656322074102140 13.0 -60.0 3.54042765844006 18 
0000 0003 1656322074103938 -52.0625 -64.0 1.0615147052168636 18 
0000 0014 1656322074106451 109.0 -66.5 6.031612457966341 18 
0000 0009 1656322074107628 -26.0 -70.0 0.4049709280018093 18 
0000 0006 1656322074108912 -134.25 -68.5 5.221670601962723 18 
0000 0015 1656322074111784 -454.875 -72.5 5.927301764390117 18 
0000 0006 1656322074207932 -134.25 -67.5 5.737088146692298 18 
0000 0003 1656322074210391 -91.125 -67.5 3.2704470397721868 18 
0000 0015 1656322074211836 -42.3125 -70.0 4.81056375080937 18 
0000 0014 1656322074213597 -151.3125 -67.5 5.767767762450011 18 
0000 0008 1656322074214804 -34.9375 -61.0 4.356505437595221 18 
0000 0008 1656322074314965 -126.125 -64.0 5.767767762450011 18 
0000 0006 1656322074318035 -17.0625 -68.0 0.1595340019401067 18 
0000 0014 1656322074318927 56.125 -65.5 5.792311455056181 18 
0000 0015 1656322074320343 33.3125 -69.0 5.178719139901925 18 
0000 0005 1656322074402079 -10.1875 -75.5 0.05522330836388308 18 
0000 0003 1656322074427424 0.4375 -75.5 0.06135923151542565 18 
0000 0015 1656322074446539 166.0 -68.0 4.933282213840222 18 
0000 0006 1656322074448017 -21.9375 -70.0 0.5031456984264903 18 
0000 0014 1656322074449574 4.875 -62.5 5.497787143782138 18 
0000 0008 1656322074450502 30.0625 -61.5 1.3499030933393643 18 
0000 0005 1656322074457569 113.0625 -70.0 3.8288160465625602 18 
0000 0003 1656322074465812 43.125 -71.5 4.147884050442774 18 
0000 0009 1656322074475668 -13.0 -73.5 3.6539422367435974 18 
0000 0000 1656322074489280 29.25 -77.5 1.5278448647340985 18 
0000 0002 1656322074516358 10.5 -73.5 2.386874105950058 18 
0000 0005 1656322074574112 -108.1875 -64.5 5.295301679781233 18 
0000 0014 1656322074575002 -52.0625 -61.0 5.240078371417351 18 
0000 0002 1656322074575888 -156.1875 -66.0 5.841398840268521 18 
0000 0000 1656322074578610 -121.25 -70.5 2.350058567040802 18 
0000 0015 1656322074580084 151.3125 -63.0 4.92714629068868 18 
0000 0008 1656322074580966 17.0625 -59.5 3.56497135104623 18 
0000 0003 1656322074582110 -126.125 -67.5 5.945709533844745 18 
0000 0009 1656322074582975 -21.9375 -65.5 6.117515382087937 18 
0000 0006 1656322074592046 0.0 -74.0 0.10737865515199488 18 
0000 0004 1656322074631895 -2.5625 -73.5 5.1725832167503825 18 
0000 0008 1656322074691627 4.0625 -64.0 2.9575149590435164 18 
0000 0009 1656322074692569 48.0 -60.0 2.3316507975861747 18 
0000 0005 1656322074693523 52.0625 -59.0 2.1537090261914402 18 
0000 0015 1656322074694386 33.3125 -59.5 5.160311370447297 18 
0000 0014 1656322074696027 23.5625 -60.5 4.853515212870168 18 
0000 0003 1656322074697285 225.375 -70.5 0.5706408530934585 18 
0000 0010 1656322074698207 17.0625 -69.0 0.4970097752749477 18 
0000 0004 1656322074723969 -46.75 -69.5 5.660389107298016 18 
0000 0000 1656322074803904 5.3125 -72.5 4.381049130201391 18 
0000 0006 1656322074814291 7.0625 -74.5 1.521708941582556 18 
0000 0002 1656322074820430 -2.5 -74.5 0.9387962421860124 18 
0000 0004 1656322074833732 -39.0 -63.0 3.454524734318464 18 
0000 0015 1656322074836535 18.6875 -59.5 5.5714182216006485 18 
0000 0008 1656322074839718 -43.125 -54.5 5.117359908386499 18 
0000 0014 1656322074842518 42.3125 -59.5 4.528311285838413 18 
0000 0005 1656322074843814 -126.125 -70.5 3.8963112012295285 18 
0000 0009 1656322074844739 82.1875 -62.5 1.043106935762236 18 
0000 0003 1656322074845948 -8.9375 -62.5 1.380582709097077 18 
0000 0000 1656322074846858 -4.0625 -71.5 1.3499030933393643 18 
0000 0010 1656322074848012 87.0625 -69.5 0.0859029241215959 18 
0000 0011 1656322074849533 -56.125 -63.5 3.650874275167826 18 
0000 0002 1656322074856756 -212.375 -69.5 4.166291819897402 18 
0000 0006 1656322074857682 264.4375 -72.0 1.5155730184310134 18 
0000 0013 1656322074901400 5.4375 -65.5 0.8222137023067037 18 
0000 0011 1656322074959134 -34.9375 -58.0 5.816855147662351 18 
0000 0013 1656322074960294 9.75 -61.5 4.411728745959104 18 
0000 0010 1656322074961181 204.25 -65.5 1.1106020904292042 18 
0000 0009 1656322074962046 -4.0625 -54.5 4.049709280018092 18 
0000 0014 1656322074964935 23.5625 -59.5 4.595806440505381 18 
0000 0008 1656322074966586 -65.0625 -61.0 1.6014759425526093 18 
0000 0003 1656322074967967 82.1875 -66.0 1.8100973297050567 18 
0000 0004 1656322074969617 -121.25 -67.0 0.12885438618239387 18 
0000 0015 1656322074971258 -17.0625 -58.0 5.325981295538946 18 
0000 0002 1656322074977376 -4.0625 -70.0 4.000621894805752 18 
0000 0000 1656322074987525 -24.8125 -73.0 2.1751847572218392 18 
0000 0005 1656322075009300 1.625 -75.5 6.0991076126333095 18 
0000 0010 1656322075093288 -43.125 -64.5 2.9759227284981438 18 
0000 0008 1656322075095321 -17.0625 -63.0 3.0127382674073995 18 
0000 0014 1656322075096211 9.75 -63.5 4.000621894805752 18 
0000 0004 1656322075097082 -21.9375 -65.5 0.8467573949128739 18 
0000 0009 1656322075098007 -43.125 -54.5 5.47937937432751 18 
0000 0012 1656322075098929 156.1875 -64.5 2.405281875404685 18 
0000 0013 1656322075099908 -104.125 -59.5 4.221515128261284 18 
0000 0011 1656322075100848 26.0 -58.5 0.4970097752749477 18 
0000 0015 1656322075101856 -52.0625 -60.5 4.92714629068868 18 
0000 0003 1656322075103283 0.0 -68.5 2.730485802436441 18 
0000 0002 1656322075104612 -4.0625 -72.0 4.430136515413731 18 
0000 0000 1656322075128900 22.6875 -77.0 2.098485717827557 18 
0000 0005 1656322075132532 -2.4375 -75.5 0.8958447801252144 18 
0000 0007 1656322075156876 -17.8125 -77.5 4.957825906446392 18 
0000 0012 1656322075217193 -113.875 -63.0 2.9759227284981438 18 
0000 0011 1656322075218897 -17.0625 -61.0 0.7240389318820226 18 
0000 0004 1656322075220066 -26.0 -64.5 1.000155473701438 18 
0000 0010 1656322075221713 -195.25 -66.5 3.153864499892878 18 
0000 0009 1656322075223343 -13.0 -55.0 6.12365130523948 18 
0000 0008 1656322075225022 17.0625 -62.0 3.6815538909255388 18 
0000 0014 1656322075227809 -48.0 -61.5 4.025165587411922 18 
0000 0003 1656322075229290 -21.9375 -70.0 2.9084275738311756 18 
0000 0013 1656322075230423 17.0625 -60.0 4.049709280018092 18 
0000 0015 1656322075231276 -52.0625 -59.0 4.663301595172349 18 
0000 0002 1656322075234177 52.0625 -70.0 4.442408361716817 18 
0000 0005 1656322075243694 2.0 -72.5 4.331961744989051 18 
0000 0007 1656322075260864 18.75 -76.0 5.049864753719531 18 
0000 0009 1656322075341255 -4.0625 -54.5 0.2086213871524472 18 
0000 0004 1656322075342309 -13.0 -63.5 1.000155473701438 18 
0000 0010 1656322075343492 26.0 -64.5 3.6570101983193686 18 
0000 0012 1656322075344609 -23.5625 -63.5 3.718369429834794 18 
0000 0003 1656322075346997 143.1875 -67.5 2.7550294950426117 18 
0000 0015 1656322075348400 -90.3125 -64.5 4.387185053352934 18 
0000 0002 1656322075349687 134.25 -71.0 4.681709364626977 18 
0000 0013 1656322075350545 0.0 -59.5 4.325825821837508 18 
0000 0007 1656322075352211 108.1875 -69.5 4.92714629068868 18 
0000 0014 1656322075353343 -122.875 -60.5 4.3503695144436785 18 
0000 0011 1656322075354356 113.0625 -60.5 0.9265243958829272 18 
0000 0008 1656322075355509 52.0625 -63.0 4.2031073588066565 18 
0000 0005 1656322075356462 169.25 -66.5 1.3008157081270237 18 
0000 0013 1656322075455527 -52.0625 -60.0 4.460816131171445 18 
0000 0009 1656322075457797 -4.0625 -54.5 0.32520392703175593 18 
0000 0010 1656322075458841 -247.375 -65.0 4.221515128261284 18 
0000 0012 1656322075459746 -47.1875 -65.0 3.834951969714103 18 
0000 0015 1656322075461883 -33.3125 -64.0 4.123340357836604 18 
0000 0003 1656322075462924 -17.0625 -66.0 3.147728576741336 18 
0000 0002 1656322075464138 -87.0625 -69.5 5.092816215780329 18 
0000 0014 1656322075465721 -42.3125 -59.5 4.424000592262189 18 
0000 0004 1656322075466897 -8.9375 -62.0 0.9142525495798421 18 
0000 0011 1656322075468890 -69.125 -61.0 0.9326603190344698 18 
0000 0007 1656322075469817 -39.0 -68.0 5.688000761479957 18 
0000 0008 1656322075470760 104.125 -62.5 4.3074180523828804 18 
0000 0005 1656322075471712 26.0 -65.0 1.4358060174609601 18 
0000 0015 1656322075569927 -42.3125 -64.5 4.3074180523828804 18 
0000 0012 1656322075572793 118.75 -64.5 3.5465635815916023 18 
0000 0011 1656322075573731 -13.0 -60.0 1.0185632431560658 18 
0000 0007 1656322075574688 117.125 -67.0 5.589825991055276 18 
0000 0009 1656322075575611 4.0625 -54.5 0.34974761963792617 18 
0000 0005 1656322075576495 61.0 -66.0 1.0676506283684062 18 
0000 0014 1656322075577426 0.0 -60.0 4.3503695144436785 18 
0000 0013 1656322075578817 18.6875 -59.5 4.417864669110647 18 
0000 0004 1656322075579760 39.0 -61.5 0.8835729338221293 18 
0000 0002 1656322075581129 -108.1875 -69.5 5.3198453723874035 18 
0000 0010 1656322075582464 -30.0625 -65.5 3.9147189706841563 18 
0000 0003 1656322075583830 -13.0 -64.0 3.2520392703175593 18 
0000 0008 1656322075584699 21.9375 -63.5 4.577398671050753 18 
0000 0008 1656322075686674 -182.25 -64.0 4.724660826687775 18 
0000 0014 1656322075687566 -52.0625 -60.5 4.381049130201391 18 
0000 0009 1656322075688517 -8.9375 -54.0 0.37429131224409645 18 
0000 0013 1656322075689695 75.625 -59.0 4.3503695144436785 18 
0000 0011 1656322075691300 21.9375 -60.5 1.000155473701438 18 
0000 0004 1656322075692710 -56.125 -62.0 1.1167380135807468 18 
0000 0015 1656322075693815 28.4375 -63.5 4.338097668140593 18 
0000 0012 1656322075696960 -33.3125 -65.5 3.773592738198677 18 
0000 0010 1656322075697843 -39.0 -66.0 4.037437433715008 18 
0000 0003 1656322075698888 130.1875 -65.0 3.0925052683774528 18 
0000 0007 1656322075700237 -173.3125 -70.5 5.798447378207723 18 
0000 0005 1656322075701346 139.125 -66.0 1.012427320004523 18 
0000 0002 1656322075702888 104.125 -68.5 5.3198453723874035 18 
0000 0003 1656322075799300 -69.125 -64.0 3.2336315008629315 18 
0000 0011 1656322075800227 43.125 -60.0 1.0983302441261191 18 
0000 0012 1656322075801176 33.3125 -65.5 3.865631585471816 18 
0000 0014 1656322075802871 56.9375 -59.5 4.3503695144436785 18 
0000 0013 1656322075803790 -47.1875 -59.5 4.454680208019902 18 
0000 0002 1656322075806152 -126.125 -69.0 5.540738605842936 18 
0000 0004 1656322075807810 21.9375 -61.5 1.1903690913992575 18 
0000 0009 1656322075809444 -21.9375 -54.0 0.4908738521234052 18 
0000 0010 1656322075811351 -156.1875 -64.0 4.638757902566179 18 
0000 0005 1656322075815182 -8.9375 -66.0 1.1351457830353744 18 
0000 0015 1656322075816461 -80.5625 -62.5 4.583534594202296 18 
0000 0008 1656322075817572 -117.125 -64.0 4.798291904506286 18 
0000 0007 1656322075843015 -23.625 -74.5 5.43029198911517 18 
